2.15976 -0.516865 -1.86466 -1.1924 1.23308 -0.0905968
2.15891 -0.515588 -1.8651 -1.19404 1.23272 -0.0893922
2.15806 -0.51431 -1.86553 -1.19567 1.23236 -0.0881876
2.15721 -0.513033 -1.86597 -1.1973 1.23199 -0.086983
2.15636 -0.511755 -1.8664 -1.19894 1.23163 -0.0857784
2.15552 -0.510478 -1.86684 -1.20057 1.23127 -0.0845738
2.15467 -0.5092 -1.86728 -1.2022 1.23091 -0.0833692
2.15382 -0.507923 -1.86771 -1.20383 1.23054 -0.0821646
2.15297 -0.506645 -1.86815 -1.20547 1.23018 -0.08096
2.15213 -0.505368 -1.86858 -1.2071 1.22982 -0.0797554
2.15128 -0.50409 -1.86902 -1.20873 1.22946 -0.0785508
2.15043 -0.502813 -1.86946 -1.21036 1.22909 -0.0773462
2.14958 -0.501535 -1.86989 -1.212 1.22873 -0.0761416
2.14873 -0.500258 -1.87033 -1.21363 1.22837 -0.074937
2.14789 -0.49898 -1.87077 -1.21526 1.22801 -0.0737324
2.14704 -0.497703 -1.8712 -1.2169 1.22764 -0.0725278
2.14619 -0.496425 -1.87164 -1.21853 1.22728 -0.0713232
2.14534 -0.495148 -1.87207 -1.22016 1.22692 -0.0701186
2.1445 -0.49387 -1.87251 -1.22179 1.22656 -0.068914
2.14365 -0.492593 -1.87295 -1.22343 1.22619 -0.0677094
2.1428 -0.491315 -1.87338 -1.22506 1.22583 -0.0665048
2.14195 -0.490038 -1.87382 -1.22669 1.22547 -0.0653002
2.14111 -0.48876 -1.87425 -1.22832 1.22511 -0.0640956
2.14026 -0.487483 -1.87469 -1.22996 1.22475 -0.062891
2.13941 -0.486205 -1.87513 -1.23159 1.22438 -0.0616864
2.13856 -0.484928 -1.87556 -1.23322 1.22402 -0.0604818
2.13771 -0.48365 -1.876 -1.23485 1.22366 -0.0592772
2.13687 -0.482373 -1.87643 -1.23649 1.2233 -0.0580726
2.13602 -0.481095 -1.87687 -1.23812 1.22293 -0.056868
2.13517 -0.479817 -1.87731 -1.23975 1.22257 -0.0556634
2.13432 -0.47854 -1.87774 -1.24139 1.22221 -0.0544588
2.13348 -0.477262 -1.87818 -1.24302 1.22185 -0.0532541
2.13263 -0.475985 -1.87862 -1.24465 1.22148 -0.0520495
2.13178 -0.474707 -1.87905 -1.24628 1.22112 -0.0508449
2.13093 -0.47343 -1.87949 -1.24792 1.22076 -0.0496403
2.13008 -0.472152 -1.87992 -1.24955 1.2204 -0.0484357
2.12924 -0.470875 -1.88036 -1.25118 1.22003 -0.0472311
2.12839 -0.469597 -1.8808 -1.25281 1.21967 -0.0460265
2.12754 -0.46832 -1.88123 -1.25445 1.21931 -0.0448219
2.12669 -0.467042 -1.88167 -1.25608 1.21895 -0.0436173
2.12585 -0.465765 -1.8821 -1.25771 1.21859 -0.0424127
2.125 -0.464487 -1.88254 -1.25935 1.21822 -0.0412081
2.12415 -0.46321 -1.88298 -1.26098 1.21786 -0.0400035
2.1233 -0.461932 -1.88341 -1.26261 1.2175 -0.0387989
2.12245 -0.460655 -1.88385 -1.26424 1.21714 -0.0375943
2.12161 -0.459377 -1.88428 -1.26588 1.21677 -0.0363897
2.12076 -0.4581 -1.88472 -1.26751 1.21641 -0.0351851
2.11991 -0.456822 -1.88516 -1.26914 1.21605 -0.0339805
2.11906 -0.455545 -1.88559 -1.27077 1.21569 -0.0327759
2.11822 -0.454267 -1.88603 -1.27241 1.21532 -0.0315713
2.11737 -0.45299 -1.88647 -1.27404 1.21496 -0.0303667
2.11652 -0.451712 -1.8869 -1.27567 1.2146 -0.0291621
2.11567 -0.450435 -1.88734 -1.2773 1.21424 -0.0279575
2.11482 -0.449157 -1.88777 -1.27894 1.21387 -0.0267529
2.11398 -0.44788 -1.88821 -1.28057 1.21351 -0.0255483
2.11313 -0.446602 -1.88865 -1.2822 1.21315 -0.0243437
2.11228 -0.445325 -1.88908 -1.28384 1.21279 -0.0231391
2.11143 -0.444047 -1.88952 -1.28547 1.21242 -0.0219345
2.11059 -0.44277 -1.88995 -1.2871 1.21206 -0.0207299
2.10974 -0.441492 -1.89039 -1.28873 1.2117 -0.0195253
2.10889 -0.440215 -1.89083 -1.29037 1.21134 -0.0183207
2.10804 -0.438937 -1.89126 -1.292 1.21098 -0.0171161
2.10719 -0.43766 -1.8917 -1.29363 1.21061 -0.0159115
2.10635 -0.436382 -1.89213 -1.29526 1.21025 -0.0147069
2.1055 -0.435105 -1.89257 -1.2969 1.20989 -0.0135023
2.10465 -0.433827 -1.89301 -1.29853 1.20953 -0.0122977
2.1038 -0.432549 -1.89344 -1.30016 1.20916 -0.0110931
2.10296 -0.431272 -1.89388 -1.3018 1.2088 -0.00988846
2.10211 -0.429994 -1.89432 -1.30343 1.20844 -0.00868386
2.10126 -0.428717 -1.89475 -1.30506 1.20808 -0.00747925
2.10041 -0.427439 -1.89519 -1.30669 1.20771 -0.00627465
2.09956 -0.426162 -1.89562 -1.30833 1.20735 -0.00507005
2.09872 -0.424884 -1.89606 -1.30996 1.20699 -0.00386545
2.09787 -0.423607 -1.8965 -1.31159 1.20663 -0.00266084
2.09702 -0.422329 -1.89693 -1.31322 1.20626 -0.00145624
2.09617 -0.421052 -1.89737 -1.31486 1.2059 -0.000251638
2.09533 -0.419774 -1.8978 -1.31649 1.20554 0.000952965
2.09448 -0.418497 -1.89824 -1.31812 1.20518 0.00215757
2.09363 -0.417219 -1.89868 -1.31975 1.20482 0.00336217
2.09278 -0.415942 -1.89911 -1.32139 1.20445 0.00456677
2.09193 -0.414664 -1.89955 -1.32302 1.20409 0.00577138
2.09109 -0.413387 -1.89999 -1.32465 1.20373 0.00697598
2.09024 -0.412109 -1.90042 -1.32629 1.20337 0.00818058
2.08939 -0.410832 -1.90086 -1.32792 1.203 0.00938518
2.08854 -0.409554 -1.90129 -1.32955 1.20264 0.0105898
2.0877 -0.408277 -1.90173 -1.33118 1.20228 0.0117944
2.08685 -0.406999 -1.90217 -1.33282 1.20192 0.012999
2.086 -0.405722 -1.9026 -1.33445 1.20155 0.0142036
2.08515 -0.404444 -1.90304 -1.33608 1.20119 0.0154082
2.0843 -0.403167 -1.90347 -1.33771 1.20083 0.0166128
2.08346 -0.401889 -1.90391 -1.33935 1.20047 0.0178174
2.08261 -0.400612 -1.90435 -1.34098 1.2001 0.019022
2.08176 -0.399334 -1.90478 -1.34261 1.19974 0.0202266
2.08091 -0.398057 -1.90522 -1.34425 1.19938 0.0214312
2.08007 -0.396779 -1.90565 -1.34588 1.19902 0.0226358
2.07922 -0.395502 -1.90609 -1.34751 1.19865 0.0238404
2.07837 -0.394224 -1.90653 -1.34914 1.19829 0.025045
2.07752 -0.392947 -1.90696 -1.35078 1.19793 0.0262496
2.07668 -0.391669 -1.9074 -1.35241 1.19757 0.0274542
2.07583 -0.390392 -1.90784 -1.35404 1.19721 0.0286588
2.07498 -0.389114 -1.90827 -1.35567 1.19684 0.0298634
2.07413 -0.387837 -1.90871 -1.35731 1.19648 0.031068
2.07328 -0.386559 -1.90914 -1.35894 1.19612 0.0322726
2.07244 -0.385282 -1.90958 -1.36057 1.19576 0.0334772
2.07159 -0.384004 -1.91002 -1.3622 1.19539 0.0346818
2.07074 -0.382726 -1.91045 -1.36384 1.19503 0.0358864
2.06989 -0.381449 -1.91089 -1.36547 1.19467 0.037091
2.06905 -0.380171 -1.91132 -1.3671 1.19431 0.0382956
2.0682 -0.378894 -1.91176 -1.36874 1.19394 0.0395002
2.06735 -0.377616 -1.9122 -1.37037 1.19358 0.0407048
2.0665 -0.376339 -1.91263 -1.372 1.19322 0.0419095
2.06565 -0.375061 -1.91307 -1.37363 1.19286 0.0431141
2.06481 -0.373784 -1.9135 -1.37527 1.19249 0.0443187
2.06396 -0.372506 -1.91394 -1.3769 1.19213 0.0455233
2.06311 -0.371229 -1.91438 -1.37853 1.19177 0.0467279
2.06226 -0.369951 -1.91481 -1.38016 1.19141 0.0479325
2.06142 -0.368674 -1.91525 -1.3818 1.19105 0.0491371
2.06057 -0.367396 -1.91569 -1.38343 1.19068 0.0503417
2.05972 -0.366119 -1.91612 -1.38506 1.19032 0.0515463
2.05887 -0.364841 -1.91656 -1.3867 1.18996 0.0527509
2.05802 -0.363564 -1.91699 -1.38833 1.1896 0.0539555
2.05718 -0.362286 -1.91743 -1.38996 1.18923 0.0551601
2.05633 -0.361009 -1.91787 -1.39159 1.18887 0.0563647
2.05548 -0.359731 -1.9183 -1.39323 1.18851 0.0575693
2.05463 -0.358454 -1.91874 -1.39486 1.18815 0.0587739
2.05379 -0.357176 -1.91917 -1.39649 1.18778 0.0599785
2.05294 -0.355899 -1.91961 -1.39812 1.18742 0.0611831
2.05209 -0.354621 -1.92005 -1.39976 1.18706 0.0623877
2.05124 -0.353344 -1.92048 -1.40139 1.1867 0.0635923
2.05039 -0.352066 -1.92092 -1.40302 1.18633 0.0647969
2.04955 -0.350789 -1.92135 -1.40466 1.18597 0.0660015
2.0487 -0.349511 -1.92179 -1.40629 1.18561 0.0672061
2.04785 -0.348234 -1.92223 -1.40792 1.18525 0.0684107
2.047 -0.346956 -1.92266 -1.40955 1.18488 0.0696153
2.04616 -0.345679 -1.9231 -1.41119 1.18452 0.0708199
2.04531 -0.344401 -1.92354 -1.41282 1.18416 0.0720245
2.04446 -0.343124 -1.92397 -1.41445 1.1838 0.0732291
2.04361 -0.341846 -1.92441 -1.41608 1.18344 0.0744337
2.04276 -0.340569 -1.92484 -1.41772 1.18307 0.0756383
2.04192 -0.339291 -1.92528 -1.41935 1.18271 0.0768429
2.04107 -0.338014 -1.92572 -1.42098 1.18235 0.0780475
2.04022 -0.336736 -1.92615 -1.42261 1.18199 0.0792521
2.03937 -0.335458 -1.92659 -1.42425 1.18162 0.0804567
2.03853 -0.334181 -1.92702 -1.42588 1.18126 0.0816613
2.03768 -0.332903 -1.92746 -1.42751 1.1809 0.0828659
2.03683 -0.331626 -1.9279 -1.42915 1.18054 0.0840705
2.03598 -0.330348 -1.92833 -1.43078 1.18017 0.0852751
2.03513 -0.329071 -1.92877 -1.43241 1.17981 0.0864797
2.03429 -0.327793 -1.92921 -1.43404 1.17945 0.0876843
2.03344 -0.326516 -1.92964 -1.43568 1.17909 0.0888889
2.03259 -0.325238 -1.93008 -1.43731 1.17872 0.0900936
2.03174 -0.323961 -1.93051 -1.43894 1.17836 0.0912982
2.0309 -0.322683 -1.93095 -1.44057 1.178 0.0925028
2.03005 -0.321406 -1.93139 -1.44221 1.17764 0.0937074
2.0292 -0.320128 -1.93182 -1.44384 1.17728 0.094912
2.02835 -0.318851 -1.93226 -1.44547 1.17691 0.0961166
2.0275 -0.317573 -1.93269 -1.44711 1.17655 0.0973212
2.02666 -0.316296 -1.93313 -1.44874 1.17619 0.0985258
2.02581 -0.315018 -1.93357 -1.45037 1.17583 0.0997304
2.02496 -0.313741 -1.934 -1.452 1.17546 0.100935
2.02411 -0.312463 -1.93444 -1.45364 1.1751 0.10214
2.02327 -0.311186 -1.93487 -1.45527 1.17474 0.103344
2.02242 -0.309908 -1.93531 -1.4569 1.17438 0.104549
2.02157 -0.308631 -1.93575 -1.45853 1.17401 0.105753
2.02072 -0.307353 -1.93618 -1.46017 1.17365 0.106958
2.01988 -0.306076 -1.93662 -1.4618 1.17329 0.108163
2.01903 -0.304798 -1.93706 -1.46343 1.17293 0.109367
2.01818 -0.303521 -1.93749 -1.46506 1.17256 0.110572
2.01733 -0.302243 -1.93793 -1.4667 1.1722 0.111776
2.01648 -0.300966 -1.93836 -1.46833 1.17184 0.112981
2.01564 -0.299688 -1.9388 -1.46996 1.17148 0.114186
2.01479 -0.298411 -1.93924 -1.4716 1.17111 0.11539
2.01394 -0.297133 -1.93967 -1.47323 1.17075 0.116595
2.01309 -0.295856 -1.94011 -1.47486 1.17039 0.117799
2.01225 -0.294578 -1.94054 -1.47649 1.17003 0.119004
2.0114 -0.293301 -1.94098 -1.47813 1.16967 0.120209
2.01055 -0.292023 -1.94142 -1.47976 1.1693 0.121413
2.0097 -0.290746 -1.94185 -1.48139 1.16894 0.122618
2.00885 -0.289468 -1.94229 -1.48302 1.16858 0.123822
2.00801 -0.288191 -1.94272 -1.48466 1.16822 0.125027
2.00716 -0.286913 -1.94316 -1.48629 1.16785 0.126232
2.00631 -0.285635 -1.9436 -1.48792 1.16749 0.127436
2.00546 -0.284358 -1.94403 -1.48956 1.16713 0.128641
2.00462 -0.28308 -1.94447 -1.49119 1.16677 0.129845
2.00377 -0.281803 -1.94491 -1.49282 1.1664 0.13105
2.00292 -0.280525 -1.94534 -1.49445 1.16604 0.132255
2.00207 -0.279248 -1.94578 -1.49609 1.16568 0.133459
2.00122 -0.27797 -1.94621 -1.49772 1.16532 0.134664
2.00038 -0.276693 -1.94665 -1.49935 1.16495 0.135868
1.99953 -0.275415 -1.94709 -1.50098 1.16459 0.137073
1.99868 -0.274138 -1.94752 -1.50262 1.16423 0.138278
1.99783 -0.27286 -1.94796 -1.50425 1.16387 0.139482
1.99699 -0.271583 -1.94839 -1.50588 1.1635 0.140687
1.99614 -0.270305 -1.94883 -1.50751 1.16314 0.141891
1.99529 -0.269028 -1.94927 -1.50915 1.16278 0.143096
1.99444 -0.26775 -1.9497 -1.51078 1.16242 0.144301
1.99359 -0.266473 -1.95014 -1.51241 1.16206 0.145505
1.99275 -0.265195 -1.95057 -1.51405 1.16169 0.14671
1.9919 -0.263918 -1.95101 -1.51568 1.16133 0.147914
1.99105 -0.26264 -1.95145 -1.51731 1.16097 0.149119
1.9902 -0.261363 -1.95188 -1.51894 1.16061 0.150324
1.98936 -0.260085 -1.95232 -1.52058 1.16024 0.151528
1.98851 -0.258808 -1.95276 -1.52221 1.15988 0.152733
1.98766 -0.25753 -1.95319 -1.52384 1.15952 0.153937
1.98681 -0.256253 -1.95363 -1.52547 1.15916 0.155142
1.98596 -0.254975 -1.95406 -1.52711 1.15879 0.156347
1.98512 -0.253698 -1.9545 -1.52874 1.15843 0.157551
1.98427 -0.25242 -1.95494 -1.53037 1.15807 0.158756
1.98342 -0.251143 -1.95537 -1.53201 1.15771 0.15996
1.98257 -0.249865 -1.95581 -1.53364 1.15734 0.161165
1.98173 -0.248588 -1.95624 -1.53527 1.15698 0.16237
1.98088 -0.24731 -1.95668 -1.5369 1.15662 0.163574
1.98003 -0.246033 -1.95712 -1.53854 1.15626 0.164779
1.97918 -0.244755 -1.95755 -1.54017 1.1559 0.165984
1.97833 -0.243478 -1.95799 -1.5418 1.15553 0.167188
1.97749 -0.2422 -1.95843 -1.54343 1.15517 0.168393
1.97664 -0.240923 -1.95886 -1.54507 1.15481 0.169597
1.97579 -0.239645 -1.9593 -1.5467 1.15445 0.170802
1.97494 -0.238367 -1.95973 -1.54833 1.15408 0.172007
1.9741 -0.23709 -1.96017 -1.54996 1.15372 0.173211
1.97325 -0.235812 -1.96061 -1.5516 1.15336 0.174416
1.9724 -0.234535 -1.96104 -1.55323 1.153 0.17562
1.97155 -0.233257 -1.96148 -1.55486 1.15263 0.176825
1.9707 -0.23198 -1.96191 -1.5565 1.15227 0.17803
1.96986 -0.230702 -1.96235 -1.55813 1.15191 0.179234
1.96901 -0.229425 -1.96279 -1.55976 1.15155 0.180439
1.96816 -0.228147 -1.96322 -1.56139 1.15118 0.181643
1.96731 -0.22687 -1.96366 -1.56303 1.15082 0.182848
1.96647 -0.225592 -1.96409 -1.56466 1.15046 0.184053
1.96562 -0.224315 -1.96453 -1.56629 1.1501 0.185257
1.96477 -0.223037 -1.96497 -1.56792 1.14973 0.186462
1.96392 -0.22176 -1.9654 -1.56956 1.14937 0.187666
1.96308 -0.220482 -1.96584 -1.57119 1.14901 0.188871
1.96223 -0.219205 -1.96628 -1.57282 1.14865 0.190076
1.96138 -0.217927 -1.96671 -1.57446 1.14829 0.19128
1.96053 -0.21665 -1.96715 -1.57609 1.14792 0.192485
1.95968 -0.215372 -1.96758 -1.57772 1.14756 0.193689
1.95884 -0.214095 -1.96802 -1.57935 1.1472 0.194894
1.95799 -0.212817 -1.96846 -1.58099 1.14684 0.196099
1.95714 -0.21154 -1.96889 -1.58262 1.14647 0.197303
1.95629 -0.210262 -1.96933 -1.58425 1.14611 0.198508
1.95545 -0.208985 -1.96976 -1.58588 1.14575 0.199712
1.9546 -0.207707 -1.9702 -1.58752 1.14539 0.200917
1.95375 -0.20643 -1.97064 -1.58915 1.14502 0.202122
1.9529 -0.205152 -1.97107 -1.59078 1.14466 0.203326
1.95205 -0.203875 -1.97151 -1.59241 1.1443 0.204531
1.95121 -0.202597 -1.97194 -1.59405 1.14394 0.205735
1.95036 -0.20132 -1.97238 -1.59568 1.14357 0.20694
1.94951 -0.200042 -1.97282 -1.59731 1.14321 0.208145
1.94866 -0.198765 -1.97325 -1.59895 1.14285 0.209349
1.94782 -0.197487 -1.97369 -1.60058 1.14249 0.210554
1.94697 -0.19621 -1.97413 -1.60221 1.14213 0.211758
1.94612 -0.194932 -1.97456 -1.60384 1.14176 0.212963
1.94527 -0.193655 -1.975 -1.60548 1.1414 0.214168
1.94442 -0.192377 -1.97543 -1.60711 1.14104 0.215372
1.94358 -0.1911 -1.97587 -1.60874 1.14068 0.216577
1.94273 -0.189822 -1.97631 -1.61037 1.14031 0.217781
1.94188 -0.188544 -1.97674 -1.61201 1.13995 0.218986
1.94103 -0.187267 -1.97718 -1.61364 1.13959 0.220191
1.94019 -0.185989 -1.97761 -1.61527 1.13923 0.221395
1.93934 -0.184712 -1.97805 -1.61691 1.13886 0.2226
1.93849 -0.183434 -1.97849 -1.61854 1.1385 0.223804
1.93764 -0.182157 -1.97892 -1.62017 1.13814 0.225009
1.93679 -0.180879 -1.97936 -1.6218 1.13778 0.226214
1.93595 -0.179602 -1.97979 -1.62344 1.13741 0.227418
1.9351 -0.178324 -1.98023 -1.62507 1.13705 0.228623
1.93425 -0.177047 -1.98067 -1.6267 1.13669 0.229827
1.9334 -0.175769 -1.9811 -1.62833 1.13633 0.231032
1.93256 -0.174492 -1.98154 -1.62997 1.13596 0.232237
1.93171 -0.173214 -1.98198 -1.6316 1.1356 0.233441
1.93086 -0.171937 -1.98241 -1.63323 1.13524 0.234646
1.93001 -0.170659 -1.98285 -1.63487 1.13488 0.23585
1.92916 -0.169382 -1.98328 -1.6365 1.13452 0.237055
1.92832 -0.168104 -1.98372 -1.63813 1.13415 0.23826
1.92747 -0.166827 -1.98416 -1.63976 1.13379 0.239464
1.92662 -0.165549 -1.98459 -1.6414 1.13343 0.240669
1.92577 -0.164272 -1.98503 -1.64303 1.13307 0.241873
1.92493 -0.162994 -1.98546 -1.64466 1.1327 0.243078
1.92408 -0.161717 -1.9859 -1.64629 1.13234 0.244283
1.92323 -0.160439 -1.98634 -1.64793 1.13198 0.245487
1.92238 -0.159162 -1.98677 -1.64956 1.13162 0.246692
1.92153 -0.157884 -1.98721 -1.65119 1.13125 0.247896
1.92069 -0.156607 -1.98765 -1.65282 1.13089 0.249101
1.91984 -0.155329 -1.98808 -1.65446 1.13053 0.250306
1.91899 -0.154052 -1.98852 -1.65609 1.13017 0.25151
1.91814 -0.152774 -1.98895 -1.65772 1.1298 0.252715
1.9173 -0.151497 -1.98939 -1.65936 1.12944 0.253919
1.91645 -0.150219 -1.98983 -1.66099 1.12908 0.255124
1.9156 -0.148942 -1.99026 -1.66262 1.12872 0.256329
1.91475 -0.147664 -1.9907 -1.66425 1.12836 0.257533
1.9139 -0.146387 -1.99113 -1.66589 1.12799 0.258738
1.91306 -0.145109 -1.99157 -1.66752 1.12763 0.259943
1.91221 -0.143832 -1.99201 -1.66915 1.12727 0.261147
1.91136 -0.142554 -1.99244 -1.67078 1.12691 0.262352
1.91051 -0.141276 -1.99288 -1.67242 1.12654 0.263556
1.90967 -0.139999 -1.99331 -1.67405 1.12618 0.264761
1.90882 -0.138721 -1.99375 -1.67568 1.12582 0.265966
1.90797 -0.137444 -1.99419 -1.67732 1.12546 0.26717
1.90712 -0.136166 -1.99462 -1.67895 1.12509 0.268375
1.90628 -0.134889 -1.99506 -1.68058 1.12473 0.269579
1.90543 -0.133611 -1.9955 -1.68221 1.12437 0.270784
1.90458 -0.132334 -1.99593 -1.68385 1.12401 0.271989
1.90373 -0.131056 -1.99637 -1.68548 1.12364 0.273193
1.90288 -0.129779 -1.9968 -1.68711 1.12328 0.274398
1.90204 -0.128501 -1.99724 -1.68874 1.12292 0.275602
1.90119 -0.127224 -1.99768 -1.69038 1.12256 0.276807
1.90034 -0.125946 -1.99811 -1.69201 1.12219 0.278012
1.89949 -0.124669 -1.99855 -1.69364 1.12183 0.279216
1.89865 -0.123391 -1.99898 -1.69527 1.12147 0.280421
1.8978 -0.122114 -1.99942 -1.69691 1.12111 0.281625
1.89695 -0.120836 -1.99986 -1.69854 1.12075 0.28283
1.8961 -0.119559 -2.00029 -1.70017 1.12038 0.284035
1.89525 -0.118281 -2.00073 -1.70181 1.12002 0.285239
1.89441 -0.117004 -2.00116 -1.70344 1.11966 0.286444
1.89356 -0.115726 -2.0016 -1.70507 1.1193 0.287648
1.89271 -0.114449 -2.00204 -1.7067 1.11893 0.288853
1.89186 -0.113171 -2.00247 -1.70834 1.11857 0.290058
1.89102 -0.111894 -2.00291 -1.70997 1.11821 0.291262
1.89017 -0.110616 -2.00335 -1.7116 1.11785 0.292467
1.88932 -0.109339 -2.00378 -1.71323 1.11748 0.293671
1.88847 -0.108061 -2.00422 -1.71487 1.11712 0.294876
1.88762 -0.106784 -2.00465 -1.7165 1.11676 0.296081
1.88678 -0.105506 -2.00509 -1.71813 1.1164 0.297285
1.88593 -0.104229 -2.00553 -1.71977 1.11603 0.29849
1.88508 -0.102951 -2.00596 -1.7214 1.11567 0.299694
1.88423 -0.101674 -2.0064 -1.72303 1.11531 0.300899
1.88339 -0.100396 -2.00683 -1.72466 1.11495 0.302104
1.88254 -0.0991186 -2.00727 -1.7263 1.11459 0.303308
1.88169 -0.0978411 -2.00771 -1.72793 1.11422 0.304513
1.88084 -0.0965635 -2.00814 -1.72956 1.11386 0.305717
1.87999 -0.095286 -2.00858 -1.73119 1.1135 0.306922
1.87915 -0.0940085 -2.00901 -1.73283 1.11314 0.308127
1.8783 -0.092731 -2.00945 -1.73446 1.11277 0.309331
1.87745 -0.0914535 -2.00989 -1.73609 1.11241 0.310536
1.8766 -0.090176 -2.01032 -1.73772 1.11205 0.31174
1.87576 -0.0888985 -2.01076 -1.73936 1.11169 0.312945
1.87491 -0.0876209 -2.0112 -1.74099 1.11132 0.31415
1.87406 -0.0863434 -2.01163 -1.74262 1.11096 0.315354
1.87321 -0.0850659 -2.01207 -1.74426 1.1106 0.316559
1.87236 -0.0837884 -2.0125 -1.74589 1.11024 0.317763
1.87152 -0.0825109 -2.01294 -1.74752 1.10987 0.318968
1.87067 -0.0812334 -2.01338 -1.74915 1.10951 0.320173
1.86982 -0.0799559 -2.01381 -1.75079 1.10915 0.321377
1.86897 -0.0786784 -2.01425 -1.75242 1.10879 0.322582
1.86813 -0.0774008 -2.01468 -1.75405 1.10842 0.323786
1.86728 -0.0761233 -2.01512 -1.75568 1.10806 0.324991
1.86643 -0.0748458 -2.01556 -1.75732 1.1077 0.326196
1.86558 -0.0735683 -2.01599 -1.75895 1.10734 0.3274
1.86473 -0.0722908 -2.01643 -1.76058 1.10698 0.328605
1.86389 -0.0710133 -2.01687 -1.76222 1.10661 0.329809
1.86304 -0.0697358 -2.0173 -1.76385 1.10625 0.331014
1.86219 -0.0684582 -2.01774 -1.76548 1.10589 0.332219
1.86134 -0.0671807 -2.01817 -1.76711 1.10553 0.333423
1.8605 -0.0659032 -2.01861 -1.76875 1.10516 0.334628
1.85965 -0.0646257 -2.01905 -1.77038 1.1048 0.335832
1.8588 -0.0633482 -2.01948 -1.77201 1.10444 0.337037
1.85795 -0.0620707 -2.01992 -1.77364 1.10408 0.338242
1.8571 -0.0607932 -2.02035 -1.77528 1.10371 0.339446
1.85626 -0.0595157 -2.02079 -1.77691 1.10335 0.340651
1.85541 -0.0582381 -2.02123 -1.77854 1.10299 0.341855
1.85456 -0.0569606 -2.02166 -1.78017 1.10263 0.34306
1.85371 -0.0556831 -2.0221 -1.78181 1.10226 0.344265
1.85287 -0.0544056 -2.02253 -1.78344 1.1019 0.345469
1.85202 -0.0531281 -2.02297 -1.78507 1.10154 0.346674
1.85117 -0.0518506 -2.02341 -1.78671 1.10118 0.347878
1.85032 -0.0505731 -2.02384 -1.78834 1.10081 0.349083
1.84947 -0.0492956 -2.02428 -1.78997 1.10045 0.350288
1.84863 -0.048018 -2.02472 -1.7916 1.10009 0.351492
1.84778 -0.0467405 -2.02515 -1.79324 1.09973 0.352697
1.84693 -0.045463 -2.02559 -1.79487 1.09937 0.353902
1.84608 -0.0441855 -2.02602 -1.7965 1.099 0.355106
1.84524 -0.042908 -2.02646 -1.79813 1.09864 0.356311
1.84439 -0.0416305 -2.0269 -1.79977 1.09828 0.357515
1.84354 -0.040353 -2.02733 -1.8014 1.09792 0.35872
1.84269 -0.0390754 -2.02777 -1.80303 1.09755 0.359925
1.84185 -0.0377979 -2.0282 -1.80467 1.09719 0.361129
1.841 -0.0365204 -2.02864 -1.8063 1.09683 0.362334
1.84015 -0.0352429 -2.02908 -1.80793 1.09647 0.363538
1.8393 -0.0339654 -2.02951 -1.80956 1.0961 0.364743
1.83845 -0.0326879 -2.02995 -1.8112 1.09574 0.365948
1.83761 -0.0314104 -2.03038 -1.81283 1.09538 0.367152
1.83676 -0.0301329 -2.03082 -1.81446 1.09502 0.368357
1.83591 -0.0288553 -2.03126 -1.81609 1.09465 0.369561
1.83506 -0.0275778 -2.03169 -1.81773 1.09429 0.370766
1.83422 -0.0263003 -2.03213 -1.81936 1.09393 0.371971
1.83337 -0.0250228 -2.03257 -1.82099 1.09357 0.373175
1.83252 -0.0237453 -2.033 -1.82262 1.09321 0.37438
1.83167 -0.0224678 -2.03344 -1.82426 1.09284 0.375584
1.83082 -0.0211903 -2.03387 -1.82589 1.09248 0.376789
1.82998 -0.0199127 -2.03431 -1.82752 1.09212 0.377994
1.82913 -0.0186352 -2.03475 -1.82916 1.09176 0.379198
1.82828 -0.0173577 -2.03518 -1.83079 1.09139 0.380403
1.82743 -0.0160802 -2.03562 -1.83242 1.09103 0.381607
1.82659 -0.0148027 -2.03605 -1.83405 1.09067 0.382812
1.82574 -0.0135252 -2.03649 -1.83569 1.09031 0.384017
1.82489 -0.0122477 -2.03693 -1.83732 1.08994 0.385221
1.82404 -0.0109702 -2.03736 -1.83895 1.08958 0.386426
1.82319 -0.00969264 -2.0378 -1.84058 1.08922 0.38763
1.82235 -0.00841513 -2.03823 -1.84222 1.08886 0.388835
1.8215 -0.00713762 -2.03867 -1.84385 1.08849 0.39004
1.82065 -0.0058601 -2.03911 -1.84548 1.08813 0.391244
1.8198 -0.00458259 -2.03954 -1.84712 1.08777 0.392449
1.81896 -0.00330508 -2.03998 -1.84875 1.08741 0.393653
1.81811 -0.00202756 -2.04042 -1.85038 1.08704 0.394858
1.81726 -0.000750051 -2.04085 -1.85201 1.08668 0.396063
1.81641 0.000527462 -2.04129 -1.85365 1.08632 0.397267
1.81556 0.00180498 -2.04172 -1.85528 1.08596 0.398472
1.81472 0.00308249 -2.04216 -1.85691 1.0856 0.399676
1.81387 0.00436 -2.0426 -1.85854 1.08523 0.400881
1.81302 0.00563751 -2.04303 -1.86018 1.08487 0.402086
1.81217 0.00691503 -2.04347 -1.86181 1.08451 0.40329
1.81133 0.00819254 -2.0439 -1.86344 1.08415 0.404495
1.81048 0.00947005 -2.04434 -1.86507 1.08378 0.405699
1.80963 0.0107476 -2.04478 -1.86671 1.08342 0.406904
1.80878 0.0120251 -2.04521 -1.86834 1.08306 0.408109
1.80793 0.0133026 -2.04565 -1.86997 1.0827 0.409313
1.80709 0.0145801 -2.04609 -1.87161 1.08233 0.410518
1.80624 0.0158576 -2.04652 -1.87324 1.08197 0.411722
1.80539 0.0171351 -2.04696 -1.87487 1.08161 0.412927
1.80454 0.0184126 -2.04739 -1.8765 1.08125 0.414132
1.8037 0.0196902 -2.04783 -1.87814 1.08088 0.415336
1.80285 0.0209677 -2.04827 -1.87977 1.08052 0.416541
1.802 0.0222452 -2.0487 -1.8814 1.08016 0.417745
1.80115 0.0235227 -2.04914 -1.88303 1.0798 0.41895
1.8003 0.0248002 -2.04957 -1.88467 1.07944 0.420155
1.79946 0.0260777 -2.05001 -1.8863 1.07907 0.421359
1.79861 0.0273552 -2.05045 -1.88793 1.07871 0.422564
1.79776 0.0286328 -2.05088 -1.88957 1.07835 0.423768
1.79691 0.0299103 -2.05132 -1.8912 1.07799 0.424973
1.79607 0.0311878 -2.05175 -1.89283 1.07762 0.426178
1.79522 0.0324653 -2.05219 -1.89446 1.07726 0.427382
1.79437 0.0337428 -2.05263 -1.8961 1.0769 0.428587
1.79352 0.0350203 -2.05306 -1.89773 1.07654 0.429791
1.79267 0.0362978 -2.0535 -1.89936 1.07617 0.430996
1.79183 0.0375753 -2.05394 -1.90099 1.07581 0.432201
1.79098 0.0388529 -2.05437 -1.90263 1.07545 0.433405
1.79013 0.0401304 -2.05481 -1.90426 1.07509 0.43461
1.78928 0.0414079 -2.05524 -1.90589 1.07472 0.435814
1.78844 0.0426854 -2.05568 -1.90753 1.07436 0.437019
1.78759 0.0439629 -2.05612 -1.90916 1.074 0.438224
1.78674 0.0452404 -2.05655 -1.91079 1.07364 0.439428
1.78589 0.0465179 -2.05699 -1.91242 1.07327 0.440633
1.78505 0.0477954 -2.05742 -1.91406 1.07291 0.441837
1.7842 0.049073 -2.05786 -1.91569 1.07255 0.443042
1.78335 0.0503505 -2.0583 -1.91732 1.07219 0.444247
1.7825 0.051628 -2.05873 -1.91895 1.07183 0.445451
1.78165 0.0529055 -2.05917 -1.92059 1.07146 0.446656
1.78081 0.054183 -2.0596 -1.92222 1.0711 0.44786
1.77996 0.0554605 -2.06004 -1.92385 1.07074 0.449065
1.77911 0.056738 -2.06048 -1.92548 1.07038 0.45027
1.77826 0.0580156 -2.06091 -1.92712 1.07001 0.451474
1.77742 0.0592931 -2.06135 -1.92875 1.06965 0.452679
1.77657 0.0605706 -2.06179 -1.93038 1.06929 0.453884
1.77572 0.0618481 -2.06222 -1.93202 1.06893 0.455088
1.77487 0.0631256 -2.06266 -1.93365 1.06856 0.456293
1.77402 0.0644031 -2.06309 -1.93528 1.0682 0.457497
1.77318 0.0656806 -2.06353 -1.93691 1.06784 0.458702
1.77233 0.0669581 -2.06397 -1.93855 1.06748 0.459907
1.77148 0.0682357 -2.0644 -1.94018 1.06711 0.461111
1.77063 0.0695132 -2.06484 -1.94181 1.06675 0.462316
1.76979 0.0707907 -2.06527 -1.94344 1.06639 0.46352
1.76894 0.0720682 -2.06571 -1.94508 1.06603 0.464725
1.76809 0.0733457 -2.06615 -1.94671 1.06567 0.46593
1.76724 0.0746232 -2.06658 -1.94834 1.0653 0.467134
1.76639 0.0759007 -2.06702 -1.94998 1.06494 0.468339
1.76555 0.0771783 -2.06745 -1.95161 1.06458 0.469543
1.7647 0.0784558 -2.06789 -1.95324 1.06422 0.470748
1.76385 0.0797333 -2.06833 -1.95487 1.06385 0.471953
1.763 0.0810108 -2.06876 -1.95651 1.06349 0.473157
1.76216 0.0822883 -2.0692 -1.95814 1.06313 0.474362
1.76131 0.0835658 -2.06964 -1.95977 1.06277 0.475566
1.76046 0.0848433 -2.07007 -1.9614 1.0624 0.476771
1.75961 0.0861208 -2.07051 -1.96304 1.06204 0.477976
1.75876 0.0873984 -2.07094 -1.96467 1.06168 0.47918
1.75792 0.0886759 -2.07138 -1.9663 1.06132 0.480385
1.75707 0.0899534 -2.07182 -1.96793 1.06095 0.481589
1.75622 0.0912309 -2.07225 -1.96957 1.06059 0.482794
1.75537 0.0925084 -2.07269 -1.9712 1.06023 0.483999
1.75453 0.0937859 -2.07312 -1.97283 1.05987 0.485203
1.75368 0.0950634 -2.07356 -1.97447 1.0595 0.486408
1.75283 0.0963409 -2.074 -1.9761 1.05914 0.487612
1.75198 0.0976185 -2.07443 -1.97773 1.05878 0.488817
1.75113 0.098896 -2.07487 -1.97936 1.05842 0.490022
1.75029 0.100173 -2.07531 -1.981 1.05806 0.491226
1.74944 0.101451 -2.07574 -1.98263 1.05769 0.492431
1.74859 0.102729 -2.07618 -1.98426 1.05733 0.493635
1.74774 0.104006 -2.07661 -1.98589 1.05697 0.49484
1.7469 0.105284 -2.07705 -1.98753 1.05661 0.496045
1.74605 0.106561 -2.07749 -1.98916 1.05624 0.497249
1.7452 0.107839 -2.07792 -1.99079 1.05588 0.498454
1.74435 0.109116 -2.07836 -1.99243 1.05552 0.499658
1.7435 0.110394 -2.07879 -1.99406 1.05516 0.500863
1.74266 0.111671 -2.07923 -1.99569 1.05479 0.502068
1.74181 0.112949 -2.07967 -1.99732 1.05443 0.503272
1.74096 0.114226 -2.0801 -1.99896 1.05407 0.504477
1.74011 0.115504 -2.08054 -2.00059 1.05371 0.505681
1.73927 0.116781 -2.08097 -2.00222 1.05334 0.506886
1.73842 0.118059 -2.08141 -2.00385 1.05298 0.508091
1.73757 0.119336 -2.08185 -2.00549 1.05262 0.509295
1.73672 0.120614 -2.08228 -2.00712 1.05226 0.5105
1.73587 0.121891 -2.08272 -2.00875 1.05189 0.511704
1.73503 0.123169 -2.08316 -2.01038 1.05153 0.512909
1.73418 0.124446 -2.08359 -2.01202 1.05117 0.514114
1.73333 0.125724 -2.08403 -2.01365 1.05081 0.515318
1.73248 0.127001 -2.08446 -2.01528 1.05045 0.516523
1.73164 0.128279 -2.0849 -2.01692 1.05008 0.517727
1.73079 0.129556 -2.08534 -2.01855 1.04972 0.518932
1.72994 0.130834 -2.08577 -2.02018 1.04936 0.520137
1.72909 0.132111 -2.08621 -2.02181 1.049 0.521341
1.72825 0.133389 -2.08664 -2.02345 1.04863 0.522546
1.7274 0.134666 -2.08708 -2.02508 1.04827 0.52375
1.72655 0.135944 -2.08752 -2.02671 1.04791 0.524955
1.7257 0.137221 -2.08795 -2.02834 1.04755 0.52616
1.72485 0.138499 -2.08839 -2.02998 1.04718 0.527364
1.72401 0.139776 -2.08882 -2.03161 1.04682 0.528569
1.72316 0.141054 -2.08926 -2.03324 1.04646 0.529773
1.72231 0.142331 -2.0897 -2.03488 1.0461 0.530978
1.72146 0.143609 -2.09013 -2.03651 1.04573 0.532183
1.72062 0.144886 -2.09057 -2.03814 1.04537 0.533387
1.71977 0.146164 -2.09101 -2.03977 1.04501 0.534592
1.71892 0.147441 -2.09144 -2.04141 1.04465 0.535796
1.71807 0.148719 -2.09188 -2.04304 1.04429 0.537001
1.71722 0.149997 -2.09231 -2.04467 1.04392 0.538206
1.71638 0.151274 -2.09275 -2.0463 1.04356 0.53941
1.71553 0.152552 -2.09319 -2.04794 1.0432 0.540615
1.71468 0.153829 -2.09362 -2.04957 1.04284 0.541819
1.71383 0.155107 -2.09406 -2.0512 1.04247 0.543024
1.71299 0.156384 -2.09449 -2.05283 1.04211 0.544229
1.71214 0.157662 -2.09493 -2.05447 1.04175 0.545433
1.71129 0.158939 -2.09537 -2.0561 1.04139 0.546638
1.71044 0.160217 -2.0958 -2.05773 1.04102 0.547843
1.70959 0.161494 -2.09624 -2.05937 1.04066 0.549047
1.70875 0.162772 -2.09667 -2.061 1.0403 0.550252
1.7079 0.164049 -2.09711 -2.06263 1.03994 0.551456
1.70705 0.165327 -2.09755 -2.06426 1.03957 0.552661
1.7062 0.166604 -2.09798 -2.0659 1.03921 0.553866
1.70536 0.167882 -2.09842 -2.06753 1.03885 0.55507
1.70451 0.169159 -2.09886 -2.06916 1.03849 0.556275
1.70366 0.170437 -2.09929 -2.07079 1.03812 0.557479
1.70281 0.171714 -2.09973 -2.07243 1.03776 0.558684
1.70196 0.172992 -2.10016 -2.07406 1.0374 0.559889
1.70112 0.174269 -2.1006 -2.07569 1.03704 0.561093
1.70027 0.175547 -2.10104 -2.07733 1.03668 0.562298
1.69942 0.176824 -2.10147 -2.07896 1.03631 0.563502
1.69857 0.178102 -2.10191 -2.08059 1.03595 0.564707
1.69773 0.179379 -2.10234 -2.08222 1.03559 0.565912
1.69688 0.180657 -2.10278 -2.08386 1.03523 0.567116
1.69603 0.181934 -2.10322 -2.08549 1.03486 0.568321
1.69518 0.183212 -2.10365 -2.08712 1.0345 0.569525
1.69433 0.184489 -2.10409 -2.08875 1.03414 0.57073
1.69349 0.185767 -2.10453 -2.09039 1.03378 0.571935
1.69264 0.187044 -2.10496 -2.09202 1.03341 0.573139
1.69179 0.188322 -2.1054 -2.09365 1.03305 0.574344
1.69094 0.189599 -2.10583 -2.09528 1.03269 0.575548
1.6901 0.190877 -2.10627 -2.09692 1.03233 0.576753
1.68925 0.192154 -2.10671 -2.09855 1.03196 0.577958
1.6884 0.193432 -2.10714 -2.10018 1.0316 0.579162
1.68755 0.194709 -2.10758 -2.10182 1.03124 0.580367
1.6867 0.195987 -2.10801 -2.10345 1.03088 0.581571
1.68586 0.197264 -2.10845 -2.10508 1.03052 0.582776
1.68501 0.198542 -2.10889 -2.10671 1.03015 0.583981
1.68416 0.19982 -2.10932 -2.10835 1.02979 0.585185
1.68331 0.201097 -2.10976 -2.10998 1.02943 0.58639
1.68247 0.202375 -2.11019 -2.11161 1.02907 0.587594
1.68162 0.203652 -2.11063 -2.11324 1.0287 0.588799
1.68077 0.20493 -2.11107 -2.11488 1.02834 0.590004
1.67992 0.206207 -2.1115 -2.11651 1.02798 0.591208
1.67907 0.207485 -2.11194 -2.11814 1.02762 0.592413
1.67823 0.208762 -2.11238 -2.11978 1.02725 0.593617
1.67738 0.21004 -2.11281 -2.12141 1.02689 0.594822
1.67653 0.211317 -2.11325 -2.12304 1.02653 0.596027
1.67568 0.212595 -2.11368 -2.12467 1.02617 0.597231
1.67484 0.213872 -2.11412 -2.12631 1.0258 0.598436
1.67399 0.21515 -2.11456 -2.12794 1.02544 0.59964
1.67314 0.216427 -2.11499 -2.12957 1.02508 0.600845
1.67229 0.217705 -2.11543 -2.1312 1.02472 0.60205
1.67144 0.218982 -2.11586 -2.13284 1.02435 0.603254
1.6706 0.22026 -2.1163 -2.13447 1.02399 0.604459
1.66975 0.221537 -2.11674 -2.1361 1.02363 0.605663
1.6689 0.222815 -2.11717 -2.13774 1.02327 0.606868
1.66805 0.224092 -2.11761 -2.13937 1.02291 0.608073
1.66721 0.22537 -2.11804 -2.141 1.02254 0.609277
1.66636 0.226647 -2.11848 -2.14263 1.02218 0.610482
1.66551 0.227925 -2.11892 -2.14427 1.02182 0.611686
1.66466 0.229202 -2.11935 -2.1459 1.02146 0.612891
1.66382 0.23048 -2.11979 -2.14753 1.02109 0.614096
1.66297 0.231757 -2.12023 -2.14916 1.02073 0.6153
1.66212 0.233035 -2.12066 -2.1508 1.02037 0.616505
1.66127 0.234312 -2.1211 -2.15243 1.02001 0.617709
1.66042 0.23559 -2.12153 -2.15406 1.01964 0.618914
1.65958 0.236867 -2.12197 -2.15569 1.01928 0.620119
1.65873 0.238145 -2.12241 -2.15733 1.01892 0.621323
1.65788 0.239422 -2.12284 -2.15896 1.01856 0.622528
1.65703 0.2407 -2.12328 -2.16059 1.01819 0.623732
1.65619 0.241977 -2.12371 -2.16223 1.01783 0.624937
1.65534 0.243255 -2.12415 -2.16386 1.01747 0.626142
1.65449 0.244532 -2.12459 -2.16549 1.01711 0.627346
1.65364 0.24581 -2.12502 -2.16712 1.01675 0.628551
1.65279 0.247088 -2.12546 -2.16876 1.01638 0.629755
1.65195 0.248365 -2.12589 -2.17039 1.01602 0.63096
1.6511 0.249643 -2.12633 -2.17202 1.01566 0.632165
1.65025 0.25092 -2.12677 -2.17365 1.0153 0.633369
1.6494 0.252198 -2.1272 -2.17529 1.01493 0.634574
1.64856 0.253475 -2.12764 -2.17692 1.01457 0.635778
1.64771 0.254753 -2.12808 -2.17855 1.01421 0.636983
1.64686 0.25603 -2.12851 -2.18019 1.01385 0.638188
1.64601 0.257308 -2.12895 -2.18182 1.01348 0.639392
1.64516 0.258585 -2.12938 -2.18345 1.01312 0.640597
1.64432 0.259863 -2.12982 -2.18508 1.01276 0.641802
1.64347 0.26114 -2.13026 -2.18672 1.0124 0.643006
1.64262 0.262418 -2.13069 -2.18835 1.01203 0.644211
1.64177 0.263695 -2.13113 -2.18998 1.01167 0.645415
1.64093 0.264973 -2.13156 -2.19161 1.01131 0.64662
1.64008 0.26625 -2.132 -2.19325 1.01095 0.647825
1.63923 0.267528 -2.13244 -2.19488 1.01058 0.649029
1.63838 0.268805 -2.13287 -2.19651 1.01022 0.650234
1.63753 0.270083 -2.13331 -2.19814 1.00986 0.651438
1.63669 0.27136 -2.13375 -2.19978 1.0095 0.652643
1.63584 0.272638 -2.13418 -2.20141 1.00914 0.653848
1.63499 0.273915 -2.13462 -2.20304 1.00877 0.655052
1.63414 0.275193 -2.13505 -2.20468 1.00841 0.656257
1.6333 0.27647 -2.13549 -2.20631 1.00805 0.657461
1.63245 0.277748 -2.13593 -2.20794 1.00769 0.658666
1.6316 0.279025 -2.13636 -2.20957 1.00732 0.659871
1.63075 0.280303 -2.1368 -2.21121 1.00696 0.661075
1.6299 0.28158 -2.13723 -2.21284 1.0066 0.66228
1.62906 0.282858 -2.13767 -2.21447 1.00624 0.663484
1.62821 0.284135 -2.13811 -2.2161 1.00587 0.664689
1.62736 0.285413 -2.13854 -2.21774 1.00551 0.665894
1.62651 0.28669 -2.13898 -2.21937 1.00515 0.667098
1.62567 0.287968 -2.13941 -2.221 1.00479 0.668303
1.62482 0.289245 -2.13985 -2.22264 1.00442 0.669507
1.62397 0.290523 -2.14029 -2.22427 1.00406 0.670712
1.62312 0.2918 -2.14072 -2.2259 1.0037 0.671917
1.62227 0.293078 -2.14116 -2.22753 1.00334 0.673121
1.62143 0.294355 -2.1416 -2.22917 1.00298 0.674326
1.62058 0.295633 -2.14203 -2.2308 1.00261 0.67553
1.61973 0.296911 -2.14247 -2.23243 1.00225 0.676735
1.61888 0.298188 -2.1429 -2.23406 1.00189 0.67794
1.61804 0.299466 -2.14334 -2.2357 1.00153 0.679144
1.61719 0.300743 -2.14378 -2.23733 1.00116 0.680349
1.61634 0.302021 -2.14421 -2.23896 1.0008 0.681553
1.61549 0.303298 -2.14465 -2.24059 1.00044 0.682758
1.61464 0.304576 -2.14508 -2.24223 1.00008 0.683963
1.6138 0.305853 -2.14552 -2.24386 0.999714 0.685167
1.61295 0.307131 -2.14596 -2.24549 0.999351 0.686372
1.6121 0.308408 -2.14639 -2.24713 0.998989 0.687576
1.61125 0.309686 -2.14683 -2.24876 0.998627 0.688781
1.61041 0.310963 -2.14726 -2.25039 0.998264 0.689986
1.60956 0.312241 -2.1477 -2.25202 0.997902 0.69119
1.60871 0.313518 -2.14814 -2.25366 0.997539 0.692395
1.60786 0.314796 -2.14857 -2.25529 0.997177 0.693599
1.60702 0.316073 -2.14901 -2.25692 0.996815 0.694804
1.60617 0.317351 -2.14945 -2.25855 0.996452 0.696009
1.60532 0.318628 -2.14988 -2.26019 0.99609 0.697213
1.60447 0.319906 -2.15032 -2.26182 0.995728 0.698418
1.60362 0.321183 -2.15075 -2.26345 0.995365 0.699622
1.60278 0.322461 -2.15119 -2.26509 0.995003 0.700827
1.60193 0.323738 -2.15163 -2.26672 0.994641 0.702032
1.60108 0.325016 -2.15206 -2.26835 0.994278 0.703236
1.60023 0.326293 -2.1525 -2.26998 0.993916 0.704441
1.59939 0.327571 -2.15293 -2.27162 0.993553 0.705645
1.59854 0.328848 -2.15337 -2.27325 0.993191 0.70685
1.59769 0.330126 -2.15381 -2.27488 0.992829 0.708055
1.59684 0.331403 -2.15424 -2.27651 0.992466 0.709259
1.59599 0.332681 -2.15468 -2.27815 0.992104 0.710464
1.59515 0.333958 -2.15511 -2.27978 0.991742 0.711668
1.5943 0.335236 -2.15555 -2.28141 0.991379 0.712873
1.59345 0.336513 -2.15599 -2.28304 0.991017 0.714078
1.5926 0.337791 -2.15642 -2.28468 0.990654 0.715282
1.59176 0.339068 -2.15686 -2.28631 0.990292 0.716487
1.59091 0.340346 -2.1573 -2.28794 0.98993 0.717691
1.59006 0.341623 -2.15773 -2.28958 0.989567 0.718896
1.58921 0.342901 -2.15817 -2.29121 0.989205 0.720101
1.58836 0.344179 -2.1586 -2.29284 0.988843 0.721305
1.58752 0.345456 -2.15904 -2.29447 0.98848 0.72251
1.58667 0.346734 -2.15948 -2.29611 0.988118 0.723714
1.58582 0.348011 -2.15991 -2.29774 0.987755 0.724919
1.58497 0.349289 -2.16035 -2.29937 0.987393 0.726124
1.58413 0.350566 -2.16078 -2.301 0.987031 0.727328
1.58328 0.351844 -2.16122 -2.30264 0.986668 0.728533
1.58243 0.353121 -2.16166 -2.30427 0.986306 0.729737
1.58158 0.354399 -2.16209 -2.3059 0.985944 0.730942
1.58073 0.355676 -2.16253 -2.30754 0.985581 0.732147
1.57989 0.356954 -2.16297 -2.30917 0.985219 0.733351
1.57904 0.358231 -2.1634 -2.3108 0.984857 0.734556
1.57819 0.359509 -2.16384 -2.31243 0.984494 0.735761
1.57734 0.360786 -2.16427 -2.31407 0.984132 0.736965
1.5765 0.362064 -2.16471 -2.3157 0.983769 0.73817
1.57565 0.363341 -2.16515 -2.31733 0.983407 0.739374
1.5748 0.364619 -2.16558 -2.31896 0.983045 0.740579
1.57395 0.365896 -2.16602 -2.3206 0.982682 0.741784
1.5731 0.367174 -2.16645 -2.32223 0.98232 0.742988
1.57226 0.368451 -2.16689 -2.32386 0.981958 0.744193
1.57141 0.369729 -2.16733 -2.32549 0.981595 0.745397
1.57056 0.371006 -2.16776 -2.32713 0.981233 0.746602
1.56971 0.372284 -2.1682 -2.32876 0.98087 0.747807
1.56887 0.373561 -2.16863 -2.33039 0.980508 0.749011
1.56802 0.374839 -2.16907 -2.33203 0.980146 0.750216
1.56717 0.376116 -2.16951 -2.33366 0.979783 0.75142
1.56632 0.377394 -2.16994 -2.33529 0.979421 0.752625
1.56547 0.378671 -2.17038 -2.33692 0.979059 0.75383
1.56463 0.379949 -2.17082 -2.33856 0.978696 0.755034
1.56378 0.381226 -2.17125 -2.34019 0.978334 0.756239
1.56293 0.382504 -2.17169 -2.34182 0.977972 0.757443
1.56208 0.383781 -2.17212 -2.34345 0.977609 0.758648
1.56124 0.385059 -2.17256 -2.34509 0.977247 0.759853
1.56039 0.386336 -2.173 -2.34672 0.976884 0.761057
1.55954 0.387614 -2.17343 -2.34835 0.976522 0.762262
1.55869 0.388891 -2.17387 -2.34999 0.97616 0.763466
1.55784 0.390169 -2.1743 -2.35162 0.975797 0.764671
1.557 0.391446 -2.17474 -2.35325 0.975435 0.765876
1.55615 0.392724 -2.17518 -2.35488 0.975073 0.76708
1.5553 0.394002 -2.17561 -2.35652 0.97471 0.768285
1.55445 0.395279 -2.17605 -2.35815 0.974348 0.769489
1.55361 0.396557 -2.17648 -2.35978 0.973985 0.770694
1.55276 0.397834 -2.17692 -2.36141 0.973623 0.771899
1.55191 0.399112 -2.17736 -2.36305 0.973261 0.773103
1.55106 0.400389 -2.17779 -2.36468 0.972898 0.774308
1.55022 0.401667 -2.17823 -2.36631 0.972536 0.775512
1.54937 0.402944 -2.17867 -2.36794 0.972174 0.776717
1.54852 0.404222 -2.1791 -2.36958 0.971811 0.777922
1.54767 0.405499 -2.17954 -2.37121 0.971449 0.779126
1.54682 0.406777 -2.17997 -2.37284 0.971086 0.780331
1.54598 0.408054 -2.18041 -2.37448 0.970724 0.781535
1.54513 0.409332 -2.18085 -2.37611 0.970362 0.78274
1.54428 0.410609 -2.18128 -2.37774 0.969999 0.783945
1.54343 0.411887 -2.18172 -2.37937 0.969637 0.785149
1.54259 0.413164 -2.18215 -2.38101 0.969275 0.786354
1.54174 0.414442 -2.18259 -2.38264 0.968912 0.787558
1.54089 0.415719 -2.18303 -2.38427 0.96855 0.788763
1.54004 0.416997 -2.18346 -2.3859 0.968188 0.789968
1.53919 0.418274 -2.1839 -2.38754 0.967825 0.791172
1.53835 0.419552 -2.18434 -2.38917 0.967463 0.792377
1.5375 0.420829 -2.18477 -2.3908 0.9671 0.793581
1.53665 0.422107 -2.18521 -2.39244 0.966738 0.794786
1.5358 0.423384 -2.18564 -2.39407 0.966376 0.795991
1.53496 0.424662 -2.18608 -2.3957 0.966013 0.797195
1.53411 0.425939 -2.18652 -2.39733 0.965651 0.7984
1.53326 0.427217 -2.18695 -2.39897 0.965289 0.799604
1.53241 0.428494 -2.18739 -2.4006 0.964926 0.800809
1.53156 0.429772 -2.18782 -2.40223 0.964564 0.802014
1.53072 0.431049 -2.18826 -2.40386 0.964201 0.803218
1.52987 0.432327 -2.1887 -2.4055 0.963839 0.804423
1.52902 0.433604 -2.18913 -2.40713 0.963477 0.805627
1.52817 0.434882 -2.18957 -2.40876 0.963114 0.806832
1.52733 0.436159 -2.19 -2.4104 0.962752 0.808037
1.52648 0.437437 -2.19044 -2.41203 0.96239 0.809241
1.52563 0.438714 -2.19088 -2.41366 0.962027 0.810446
1.52478 0.439992 -2.19131 -2.41529 0.961665 0.81165
1.52393 0.44127 -2.19175 -2.41693 0.961302 0.812855
1.52309 0.442547 -2.19219 -2.41856 0.96094 0.81406
1.52224 0.443825 -2.19262 -2.42019 0.960578 0.815264
1.52139 0.445102 -2.19306 -2.42182 0.960215 0.816469
1.52054 0.44638 -2.19349 -2.42346 0.959853 0.817673
1.5197 0.447657 -2.19393 -2.42509 0.959491 0.818878
1.51885 0.448935 -2.19437 -2.42672 0.959128 0.820083
1.518 0.450212 -2.1948 -2.42835 0.958766 0.821287
1.51715 0.45149 -2.19524 -2.42999 0.958404 0.822492
1.5163 0.452767 -2.19567 -2.43162 0.958041 0.823696
1.51546 0.454045 -2.19611 -2.43325 0.957679 0.824901
1.51461 0.455322 -2.19655 -2.43489 0.957316 0.826106
1.51376 0.4566 -2.19698 -2.43652 0.956954 0.82731
1.51291 0.457877 -2.19742 -2.43815 0.956592 0.828515
1.51207 0.459155 -2.19785 -2.43978 0.956229 0.829719
1.51122 0.460432 -2.19829 -2.44142 0.955867 0.830924
1.51037 0.46171 -2.19873 -2.44305 0.955505 0.832129
1.50952 0.462987 -2.19916 -2.44468 0.955142 0.833333
1.50867 0.464265 -2.1996 -2.44631 0.95478 0.834538
1.50783 0.465542 -2.20004 -2.44795 0.954417 0.835743
1.50698 0.46682 -2.20047 -2.44958 0.954055 0.836947
1.50613 0.468097 -2.20091 -2.45121 0.953693 0.838152
1.50528 0.469375 -2.20134 -2.45285 0.95333 0.839356
1.50444 0.470652 -2.20178 -2.45448 0.952968 0.840561
1.50359 0.47193 -2.20222 -2.45611 0.952606 0.841766
1.50274 0.473207 -2.20265 -2.45774 0.952243 0.84297
1.50189 0.474485 -2.20309 -2.45938 0.951881 0.844175
1.50104 0.475762 -2.20352 -2.46101 0.951518 0.845379
1.5002 0.47704 -2.20396 -2.46264 0.951156 0.846584
1.49935 0.478317 -2.2044 -2.46427 0.950794 0.847789
1.4985 0.479595 -2.20483 -2.46591 0.950431 0.848993
1.49765 0.480872 -2.20527 -2.46754 0.950069 0.850198
1.49681 0.48215 -2.2057 -2.46917 0.949707 0.851402
1.49596 0.483427 -2.20614 -2.4708 0.949344 0.852607
1.49511 0.484705 -2.20658 -2.47244 0.948982 0.853812
1.49426 0.485982 -2.20701 -2.47407 0.94862 0.855016
1.49341 0.48726 -2.20745 -2.4757 0.948257 0.856221
1.49257 0.488537 -2.20789 -2.47734 0.947895 0.857425
1.49172 0.489815 -2.20832 -2.47897 0.947532 0.85863
1.49087 0.491093 -2.20876 -2.4806 0.94717 0.859835
1.49002 0.49237 -2.20919 -2.48223 0.946808 0.861039
1.48918 0.493648 -2.20963 -2.48387 0.946445 0.862244
1.48833 0.494925 -2.21007 -2.4855 0.946083 0.863448
1.48748 0.496203 -2.2105 -2.48713 0.945721 0.864653
1.48663 0.49748 -2.21094 -2.48876 0.945358 0.865858
1.48579 0.498758 -2.21137 -2.4904 0.944996 0.867062
1.48494 0.500035 -2.21181 -2.49203 0.944633 0.868267
1.48409 0.501313 -2.21225 -2.49366 0.944271 0.869471
1.48324 0.50259 -2.21268 -2.4953 0.943909 0.870676
1.48239 0.503868 -2.21312 -2.49693 0.943546 0.871881
1.48155 0.505145 -2.21356 -2.49856 0.943184 0.873085
1.4807 0.506423 -2.21399 -2.50019 0.942822 0.87429
1.47985 0.5077 -2.21443 -2.50183 0.942459 0.875494
1.479 0.508978 -2.21486 -2.50346 0.942097 0.876699
1.47816 0.510255 -2.2153 -2.50509 0.941735 0.877904
1.47731 0.511533 -2.21574 -2.50672 0.941372 0.879108
1.47646 0.51281 -2.21617 -2.50836 0.94101 0.880313
1.47561 0.514088 -2.21661 -2.50999 0.940647 0.881517
1.47476 0.515365 -2.21704 -2.51162 0.940285 0.882722
1.47392 0.516643 -2.21748 -2.51325 0.939923 0.883927
1.47307 0.51792 -2.21792 -2.51489 0.93956 0.885131
1.47222 0.519198 -2.21835 -2.51652 0.939198 0.886336
1.47137 0.520475 -2.21879 -2.51815 0.938836 0.88754
1.47053 0.521753 -2.21922 -2.51979 0.938473 0.888745
1.46968 0.52303 -2.21966 -2.52142 0.938111 0.88995
1.46883 0.524308 -2.2201 -2.52305 0.937748 0.891154
1.46798 0.525585 -2.22053 -2.52468 0.937386 0.892359
1.46713 0.526863 -2.22097 -2.52632 0.937024 0.893563
1.46629 0.52814 -2.22141 -2.52795 0.936661 0.894768
1.46544 0.529418 -2.22184 -2.52958 0.936299 0.895973
1.46459 0.530695 -2.22228 -2.53121 0.935937 0.897177
1.46374 0.531973 -2.22271 -2.53285 0.935574 0.898382
1.4629 0.53325 -2.22315 -2.53448 0.935212 0.899586
1.46205 0.534528 -2.22359 -2.53611 0.934849 0.900791
1.4612 0.535805 -2.22402 -2.53775 0.934487 0.901996
1.46035 0.537083 -2.22446 -2.53938 0.934125 0.9032
1.4595 0.53836 -2.22489 -2.54101 0.933762 0.904405
1.45866 0.539638 -2.22533 -2.54264 0.9334 0.905609
1.45781 0.540916 -2.22577 -2.54428 0.933038 0.906814
1.45696 0.542193 -2.2262 -2.54591 0.932675 0.908019
1.45611 0.543471 -2.22664 -2.54754 0.932313 0.909223
1.45527 0.544748 -2.22707 -2.54917 0.931951 0.910428
1.45442 0.546026 -2.22751 -2.55081 0.931588 0.911632
1.45357 0.547303 -2.22795 -2.55244 0.931226 0.912837
1.45272 0.548581 -2.22838 -2.55407 0.930863 0.914042
1.45187 0.549858 -2.22882 -2.5557 0.930501 0.915246
1.45103 0.551136 -2.22926 -2.55734 0.930139 0.916451
1.45018 0.552413 -2.22969 -2.55897 0.929776 0.917655
1.44933 0.553691 -2.23013 -2.5606 0.929414 0.91886
1.44848 0.554968 -2.23056 -2.56224 0.929052 0.920065
1.44764 0.556246 -2.231 -2.56387 0.928689 0.921269
1.44679 0.557523 -2.23144 -2.5655 0.928327 0.922474
1.44594 0.558801 -2.23187 -2.56713 0.927964 0.923678
1.44509 0.560078 -2.23231 -2.56877 0.927602 0.924883
1.44424 0.561356 -2.23274 -2.5704 0.92724 0.926088
1.4434 0.562633 -2.23318 -2.57203 0.926877 0.927292
1.44255 0.563911 -2.23362 -2.57366 0.926515 0.928497
1.4417 0.565188 -2.23405 -2.5753 0.926153 0.929702
1.44085 0.566466 -2.23449 -2.57693 0.92579 0.930906
1.44001 0.567743 -2.23492 -2.57856 0.925428 0.932111
1.43916 0.569021 -2.23536 -2.5802 0.925065 0.933315
1.43831 0.570298 -2.2358 -2.58183 0.924703 0.93452
1.43746 0.571576 -2.23623 -2.58346 0.924341 0.935725
1.43661 0.572853 -2.23667 -2.58509 0.923978 0.936929
1.43577 0.574131 -2.23711 -2.58673 0.923616 0.938134
1.43492 0.575408 -2.23754 -2.58836 0.923254 0.939338
1.43407 0.576686 -2.23798 -2.58999 0.922891 0.940543
1.43322 0.577963 -2.23841 -2.59162 0.922529 0.941748
1.43238 0.579241 -2.23885 -2.59326 0.922167 0.942952
1.43153 0.580518 -2.23929 -2.59489 0.921804 0.944157
1.43068 0.581796 -2.23972 -2.59652 0.921442 0.945361
1.42983 0.583073 -2.24016 -2.59815 0.921079 0.946566
1.42899 0.584351 -2.24059 -2.59979 0.920717 0.947771
1.42814 0.585628 -2.24103 -2.60142 0.920355 0.948975
1.42729 0.586906 -2.24147 -2.60305 0.919992 0.95018
1.42644 0.588184 -2.2419 -2.60469 0.91963 0.951384
1.42559 0.589461 -2.24234 -2.60632 0.919268 0.952589
1.42475 0.590739 -2.24278 -2.60795 0.918905 0.953794
1.4239 0.592016 -2.24321 -2.60958 0.918543 0.954998
1.42305 0.593294 -2.24365 -2.61122 0.91818 0.956203
1.4222 0.594571 -2.24408 -2.61285 0.917818 0.957407
1.42136 0.595849 -2.24452 -2.61448 0.917456 0.958612
1.42051 0.597126 -2.24496 -2.61611 0.917093 0.959817
1.41966 0.598404 -2.24539 -2.61775 0.916731 0.961021
1.41881 0.599681 -2.24583 -2.61938 0.916369 0.962226
1.41796 0.600959 -2.24626 -2.62101 0.916006 0.96343
1.41712 0.602236 -2.2467 -2.62265 0.915644 0.964635
1.41627 0.603514 -2.24714 -2.62428 0.915281 0.96584
1.41542 0.604791 -2.24757 -2.62591 0.914919 0.967044
1.41457 0.606069 -2.24801 -2.62754 0.914557 0.968249
1.41373 0.607346 -2.24844 -2.62918 0.914194 0.969453
1.41288 0.608624 -2.24888 -2.63081 0.913832 0.970658
1.41203 0.609901 -2.24932 -2.63244 0.91347 0.971863
1.41118 0.611179 -2.24975 -2.63407 0.913107 0.973067
1.41033 0.612456 -2.25019 -2.63571 0.912745 0.974272
1.40949 0.613734 -2.25063 -2.63734 0.912383 0.975476
1.40864 0.615011 -2.25106 -2.63897 0.91202 0.976681
1.40779 0.616289 -2.2515 -2.64061 0.911658 0.977886
1.40694 0.617566 -2.25193 -2.64224 0.911295 0.97909
1.4061 0.618844 -2.25237 -2.64387 0.910933 0.980295
1.40525 0.620121 -2.25281 -2.6455 0.910571 0.981499
1.4044 0.621399 -2.25324 -2.64714 0.910208 0.982704
1.40355 0.622676 -2.25368 -2.64877 0.909846 0.983909
1.4027 0.623954 -2.25411 -2.6504 0.909484 0.985113
1.40186 0.625231 -2.25455 -2.65203 0.909121 0.986318
1.40101 0.626509 -2.25499 -2.65367 0.908759 0.987522
1.40016 0.627786 -2.25542 -2.6553 0.908396 0.988727
1.39931 0.629064 -2.25586 -2.65693 0.908034 0.989932
1.39847 0.630341 -2.25629 -2.65856 0.907672 0.991136
1.39762 0.631619 -2.25673 -2.6602 0.907309 0.992341
1.39677 0.632896 -2.25717 -2.66183 0.906947 0.993545
1.39592 0.634174 -2.2576 -2.66346 0.906585 0.99475
1.39507 0.635451 -2.25804 -2.6651 0.906222 0.995955
1.39423 0.636729 -2.25848 -2.66673 0.90586 0.997159
1.39338 0.638007 -2.25891 -2.66836 0.905498 0.998364
1.39253 0.639284 -2.25935 -2.66999 0.905135 0.999568
1.39168 0.640562 -2.25978 -2.67163 0.904773 1.00077
1.39084 0.641839 -2.26022 -2.67326 0.90441 1.00198
1.38999 0.643117 -2.26066 -2.67489 0.904048 1.00318
1.38914 0.644394 -2.26109 -2.67652 0.903686 1.00439
1.38829 0.645672 -2.26153 -2.67816 0.903323 1.00559
1.38744 0.646949 -2.26196 -2.67979 0.902961 1.0068
1.3866 0.648227 -2.2624 -2.68142 0.902599 1.008
1.38575 0.649504 -2.26284 -2.68306 0.902236 1.00921
1.3849 0.650782 -2.26327 -2.68469 0.901874 1.01041
1.38405 0.652059 -2.26371 -2.68632 0.901511 1.01161
1.38321 0.653337 -2.26414 -2.68795 0.901149 1.01282
1.38236 0.654614 -2.26458 -2.68959 0.900787 1.01402
1.38151 0.655892 -2.26502 -2.69122 0.900424 1.01523
1.38066 0.657169 -2.26545 -2.69285 0.900062 1.01643
1.37981 0.658447 -2.26589 -2.69448 0.8997 1.01764
1.37897 0.659724 -2.26633 -2.69612 0.899337 1.01884
1.37812 0.661002 -2.26676 -2.69775 0.898975 1.02005
1.37727 0.662279 -2.2672 -2.69938 0.898612 1.02125
1.37642 0.663557 -2.26763 -2.70101 0.89825 1.02246
1.37558 0.664834 -2.26807 -2.70265 0.897888 1.02366
1.37473 0.666112 -2.26851 -2.70428 0.897525 1.02487
1.37388 0.667389 -2.26894 -2.70591 0.897163 1.02607
1.37303 0.668667 -2.26938 -2.70755 0.896801 1.02727
1.37219 0.669944 -2.26981 -2.70918 0.896438 1.02848
1.37134 0.671222 -2.27025 -2.71081 0.896076 1.02968
1.37049 0.672499 -2.27069 -2.71244 0.895714 1.03089
1.36964 0.673777 -2.27112 -2.71408 0.895351 1.03209
1.36879 0.675054 -2.27156 -2.71571 0.894989 1.0333
1.36795 0.676332 -2.272 -2.71734 0.894626 1.0345
1.3671 0.677609 -2.27243 -2.71897 0.894264 1.03571
1.36625 0.678887 -2.27287 -2.72061 0.893902 1.03691
1.3654 0.680164 -2.2733 -2.72224 0.893539 1.03812
1.36456 0.681442 -2.27374 -2.72387 0.893177 1.03932
1.36371 0.682719 -2.27418 -2.72551 0.892815 1.04052
1.36286 0.683997 -2.27461 -2.72714 0.892452 1.04173
1.36201 0.685275 -2.27505 -2.72877 0.89209 1.04293
1.36116 0.686552 -2.27548 -2.7304 0.891727 1.04414
1.36032 0.68783 -2.27592 -2.73204 0.891365 1.04534
1.35947 0.689107 -2.27636 -2.73367 0.891003 1.04655
1.35862 0.690385 -2.27679 -2.7353 0.89064 1.04775
1.35777 0.691662 -2.27723 -2.73693 0.890278 1.04896
1.35693 0.69294 -2.27766 -2.73857 0.889916 1.05016
1.35608 0.694217 -2.2781 -2.7402 0.889553 1.05137
1.35523 0.695495 -2.27854 -2.74183 0.889191 1.05257
1.35438 0.696772 -2.27897 -2.74346 0.888828 1.05378
1.35353 0.69805 -2.27941 -2.7451 0.888466 1.05498
1.35269 0.699327 -2.27985 -2.74673 0.888104 1.05618
1.35184 0.700605 -2.28028 -2.74836 0.887741 1.05739
1.35099 0.701882 -2.28072 -2.75 0.887379 1.05859
1.35014 0.70316 -2.28115 -2.75163 0.887017 1.0598
1.3493 0.704437 -2.28159 -2.75326 0.886654 1.061
1.34845 0.705715 -2.28203 -2.75489 0.886292 1.06221
1.3476 0.706992 -2.28246 -2.75653 0.88593 1.06341
1.34675 0.70827 -2.2829 -2.75816 0.885567 1.06462
1.3459 0.709547 -2.28333 -2.75979 0.885205 1.06582
1.34506 0.710825 -2.28377 -2.76142 0.884842 1.06703
1.34421 0.712102 -2.28421 -2.76306 0.88448 1.06823
1.34336 0.71338 -2.28464 -2.76469 0.884118 1.06944
1.34251 0.714657 -2.28508 -2.76632 0.883755 1.07064
1.34167 0.715935 -2.28551 -2.76796 0.883393 1.07184
1.34082 0.717212 -2.28595 -2.76959 0.883031 1.07305
1.33997 0.71849 -2.28639 -2.77122 0.882668 1.07425
1.33912 0.719767 -2.28682 -2.77285 0.882306 1.07546
1.33827 0.721045 -2.28726 -2.77449 0.881943 1.07666
1.33743 0.722322 -2.2877 -2.77612 0.881581 1.07787
1.33658 0.7236 -2.28813 -2.77775 0.881219 1.07907
1.33573 0.724877 -2.28857 -2.77938 0.880856 1.08028
1.33488 0.726155 -2.289 -2.78102 0.880494 1.08148
1.33404 0.727432 -2.28944 -2.78265 0.880132 1.08269
1.33319 0.72871 -2.28988 -2.78428 0.879769 1.08389
1.33234 0.729987 -2.29031 -2.78591 0.879407 1.0851
1.33149 0.731265 -2.29075 -2.78755 0.879044 1.0863
1.33064 0.732542 -2.29118 -2.78918 0.878682 1.0875
1.3298 0.73382 -2.29162 -2.79081 0.87832 1.08871
1.32895 0.735098 -2.29206 -2.79245 0.877957 1.08991
1.3281 0.736375 -2.29249 -2.79408 0.877595 1.09112
1.32725 0.737653 -2.29293 -2.79571 0.877233 1.09232
1.32641 0.73893 -2.29336 -2.79734 0.87687 1.09353
1.32556 0.740208 -2.2938 -2.79898 0.876508 1.09473
1.32471 0.741485 -2.29424 -2.80061 0.876146 1.09594
1.32386 0.742763 -2.29467 -2.80224 0.875783 1.09714
1.32301 0.74404 -2.29511 -2.80387 0.875421 1.09835
1.32217 0.745318 -2.29555 -2.80551 0.875058 1.09955
1.32132 0.746595 -2.29598 -2.80714 0.874696 1.10076
1.32047 0.747873 -2.29642 -2.80877 0.874334 1.10196
1.31962 0.74915 -2.29685 -2.81041 0.873971 1.10316
1.31878 0.750428 -2.29729 -2.81204 0.873609 1.10437
1.31793 0.751705 -2.29773 -2.81367 0.873247 1.10557
1.31708 0.752983 -2.29816 -2.8153 0.872884 1.10678
1.31623 0.75426 -2.2986 -2.81694 0.872522 1.10798
1.31539 0.755538 -2.29903 -2.81857 0.872159 1.10919
1.31454 0.756815 -2.29947 -2.8202 0.871797 1.11039
1.31369 0.758093 -2.29991 -2.82183 0.871435 1.1116
1.31284 0.75937 -2.30034 -2.82347 0.871072 1.1128
