0.619676 -0.749749 1.13931 -0.0188975 0.682555 0.530679 0.502137
0.61966 -0.74963 1.13968 -0.018599 0.682799 0.530203 0.50232
0.619644 -0.749511 1.14006 -0.0183006 0.683042 0.529726 0.502502
0.619627 -0.749392 1.14043 -0.0180024 0.683286 0.529249 0.502684
0.61961 -0.749273 1.14081 -0.0177044 0.683529 0.528772 0.502866
0.619593 -0.749154 1.14118 -0.0174066 0.683773 0.528294 0.503048
0.619576 -0.749035 1.14156 -0.017109 0.684016 0.527816 0.50323
0.619558 -0.748916 1.14193 -0.0168116 0.684259 0.527337 0.503411
0.61954 -0.748797 1.14231 -0.0165144 0.684502 0.526858 0.503592
0.619522 -0.748678 1.14268 -0.0162174 0.684745 0.526379 0.503773
0.619504 -0.748559 1.14306 -0.0159206 0.684988 0.525899 0.503953
0.619486 -0.74844 1.14343 -0.0156239 0.68523 0.525419 0.504134
0.619467 -0.74832 1.14381 -0.0153275 0.685473 0.524938 0.504314
0.619448 -0.748201 1.14418 -0.0150312 0.685715 0.524457 0.504494
0.619429 -0.748082 1.14455 -0.0147352 0.685957 0.523975 0.504673
0.619409 -0.747963 1.14493 -0.0144393 0.686199 0.523494 0.504853
0.619389 -0.747844 1.1453 -0.0141437 0.686441 0.523011 0.505032
0.61937 -0.747724 1.14568 -0.0138482 0.686683 0.522529 0.505211
0.619349 -0.747605 1.14605 -0.0135529 0.686925 0.522046 0.50539
0.619329 -0.747486 1.14643 -0.0132578 0.687166 0.521562 0.505569
0.619308 -0.747367 1.1468 -0.012963 0.687408 0.521078 0.505747
0.619287 -0.747247 1.14717 -0.0126683 0.687649 0.520594 0.505925
0.619266 -0.747128 1.14755 -0.0123738 0.68789 0.520109 0.506103
0.619245 -0.747009 1.14792 -0.0120795 0.688131 0.519624 0.506281
0.619223 -0.746889 1.1483 -0.0117854 0.688372 0.519139 0.506459
0.619201 -0.74677 1.14867 -0.0114914 0.688613 0.518653 0.506636
0.619179 -0.74665 1.14904 -0.0111977 0.688853 0.518166 0.506813
0.619157 -0.746531 1.14942 -0.0109042 0.689094 0.51768 0.50699
0.619134 -0.746411 1.14979 -0.0106109 0.689334 0.517193 0.507166
0.619111 -0.746292 1.15016 -0.0103178 0.689574 0.516705 0.507343
0.619088 -0.746172 1.15054 -0.0100248 0.689814 0.516217 0.507519
0.619065 -0.746053 1.15091 -0.00973209 0.690054 0.515729 0.507695
0.619041 -0.745933 1.15128 -0.00943955 0.690294 0.51524 0.507871
0.619017 -0.745814 1.15165 -0.00914721 0.690534 0.514751 0.508046
0.618993 -0.745694 1.15203 -0.00885507 0.690773 0.514261 0.508221
0.618969 -0.745575 1.1524 -0.00856312 0.691013 0.513771 0.508397
0.618944 -0.745455 1.15277 -0.00827137 0.691252 0.513281 0.508571
0.618919 -0.745335 1.15315 -0.00797982 0.691491 0.51279 0.508746
0.618894 -0.745216 1.15352 -0.00768847 0.69173 0.512299 0.50892
0.618869 -0.745096 1.15389 -0.00739731 0.691969 0.511808 0.509095
0.618843 -0.744976 1.15426 -0.00710635 0.692208 0.511316 0.509268
0.618818 -0.744857 1.15464 -0.00681559 0.692446 0.510824 0.509442
0.618791 -0.744737 1.15501 -0.00652503 0.692684 0.510331 0.509616
0.618765 -0.744617 1.15538 -0.00623466 0.692923 0.509838 0.509789
0.618739 -0.744497 1.15575 -0.0059445 0.693161 0.509344 0.509962
0.618712 -0.744378 1.15612 -0.00565453 0.693399 0.50885 0.510135
0.618685 -0.744258 1.1565 -0.00536476 0.693637 0.508356 0.510307
0.618657 -0.744138 1.15687 -0.0050752 0.693874 0.507861 0.51048
0.61863 -0.744018 1.15724 -0.00478583 0.694112 0.507366 0.510652
0.618602 -0.743898 1.15761 -0.00449666 0.694349 0.50687 0.510824
0.618574 -0.743778 1.15798 -0.00420769 0.694587 0.506375 0.510995
0.618546 -0.743658 1.15835 -0.00391891 0.694824 0.505878 0.511167
0.618517 -0.743538 1.15872 -0.00363034 0.695061 0.505382 0.511338
0.618488 -0.743418 1.1591 -0.00334197 0.695298 0.504884 0.511509
0.618459 -0.743299 1.15947 -0.0030538 0.695534 0.504387 0.51168
0.61843 -0.743179 1.15984 -0.00276583 0.695771 0.503889 0.51185
0.6184 -0.743059 1.16021 -0.00247806 0.696007 0.503391 0.512021
0.618371 -0.742938 1.16058 -0.00219049 0.696244 0.502892 0.512191
0.618341 -0.742818 1.16095 -0.00190312 0.69648 0.502393 0.512361
0.61831 -0.742698 1.16132 -0.00161595 0.696716 0.501894 0.51253
0.61828 -0.742578 1.16169 -0.00132899 0.696952 0.501394 0.5127
0.618249 -0.742458 1.16206 -0.00104222 0.697187 0.500893 0.512869
0.618218 -0.742338 1.16243 -0.000755657 0.697423 0.500393 0.513038
0.618186 -0.742218 1.1628 -0.000469294 0.697658 0.499892 0.513207
0.618155 -0.742098 1.16317 -0.000183133 0.697894 0.49939 0.513375
0.618123 -0.741978 1.16354 0.000102826 0.698129 0.498888 0.513543
0.618091 -0.741857 1.16391 0.000388583 0.698364 0.498386 0.513711
0.618059 -0.741737 1.16428 0.000674138 0.698598 0.497883 0.513879
0.618026 -0.741617 1.16465 0.000959491 0.698833 0.49738 0.514047
0.617993 -0.741497 1.16502 0.00124464 0.699068 0.496877 0.514214
0.61796 -0.741376 1.16539 0.00152959 0.699302 0.496373 0.514381
0.617927 -0.741256 1.16576 0.00181433 0.699536 0.495869 0.514548
0.617893 -0.741136 1.16613 0.00209888 0.69977 0.495364 0.514715
0.617859 -0.741015 1.1665 0.00238321 0.700004 0.494859 0.514881
0.617825 -0.740895 1.16687 0.00266735 0.700238 0.494354 0.515047
0.617791 -0.740775 1.16724 0.00295128 0.700471 0.493848 0.515213
0.617756 -0.740654 1.16761 0.00323501 0.700705 0.493342 0.515379
0.617721 -0.740534 1.16797 0.00351854 0.700938 0.492836 0.515545
0.617686 -0.740413 1.16834 0.00380186 0.701171 0.492329 0.51571
0.617651 -0.740293 1.16871 0.00408498 0.701404 0.491821 0.515875
0.617615 -0.740173 1.16908 0.00436789 0.701637 0.491314 0.51604
0.617579 -0.740052 1.16945 0.0046506 0.70187 0.490806 0.516204
0.617543 -0.739932 1.16982 0.0049331 0.702102 0.490297 0.516369
0.617507 -0.739811 1.17019 0.0052154 0.702335 0.489788 0.516533
0.61747 -0.73969 1.17055 0.0054975 0.702567 0.489279 0.516697
0.617433 -0.73957 1.17092 0.00577939 0.702799 0.488769 0.51686
0.617396 -0.739449 1.17129 0.00606107 0.703031 0.488259 0.517024
0.617359 -0.739329 1.17166 0.00634255 0.703263 0.487749 0.517187
0.617321 -0.739208 1.17202 0.00662383 0.703494 0.487238 0.51735
0.617283 -0.739087 1.17239 0.0069049 0.703726 0.486727 0.517513
0.617245 -0.738967 1.17276 0.00718576 0.703957 0.486215 0.517675
0.617206 -0.738846 1.17313 0.00746642 0.704188 0.485703 0.517837
0.617168 -0.738725 1.17349 0.00774687 0.704419 0.485191 0.517999
0.617129 -0.738605 1.17386 0.00802711 0.70465 0.484678 0.518161
0.617089 -0.738484 1.17423 0.00830715 0.704881 0.484165 0.518323
0.61705 -0.738363 1.17459 0.00858699 0.705111 0.483652 0.518484
0.61701 -0.738242 1.17496 0.00886661 0.705342 0.483138 0.518645
0.61697 -0.738122 1.17533 0.00914603 0.705572 0.482623 0.518806
0.61693 -0.738001 1.17569 0.00942524 0.705802 0.482109 0.518966
0.616889 -0.73788 1.17606 0.00970425 0.706032 0.481594 0.519127
0.616848 -0.737759 1.17643 0.00998305 0.706261 0.481078 0.519287
0.616807 -0.737638 1.17679 0.0102616 0.706491 0.480562 0.519447
0.616766 -0.737517 1.17716 0.01054 0.70672 0.480046 0.519607
0.616724 -0.737396 1.17752 0.0108182 0.70695 0.47953 0.519766
0.616683 -0.737275 1.17789 0.0110962 0.707179 0.479013 0.519925
0.61664 -0.737154 1.17826 0.0113739 0.707408 0.478495 0.520084
0.616598 -0.737033 1.17862 0.0116515 0.707636 0.477977 0.520243
0.616556 -0.736912 1.17899 0.0119288 0.707865 0.477459 0.520401
0.616513 -0.736791 1.17935 0.012206 0.708093 0.476941 0.52056
0.616469 -0.73667 1.17972 0.0124829 0.708322 0.476422 0.520718
0.616426 -0.736549 1.18008 0.0127596 0.70855 0.475903 0.520875
0.616382 -0.736428 1.18045 0.0130361 0.708778 0.475383 0.521033
0.616338 -0.736307 1.18081 0.0133124 0.709005 0.474863 0.52119
0.616294 -0.736186 1.18118 0.0135885 0.709233 0.474343 0.521347
0.61625 -0.736065 1.18154 0.0138644 0.70946 0.473822 0.521504
0.616205 -0.735944 1.18191 0.0141401 0.709688 0.473301 0.521661
0.61616 -0.735823 1.18227 0.0144155 0.709915 0.472779 0.521817
0.616115 -0.735701 1.18263 0.0146908 0.710142 0.472257 0.521973
0.616069 -0.73558 1.183 0.0149658 0.710368 0.471735 0.522129
0.616024 -0.735459 1.18336 0.0152407 0.710595 0.471212 0.522285
0.615977 -0.735338 1.18373 0.0155153 0.710821 0.470689 0.52244
0.615931 -0.735216 1.18409 0.0157897 0.711048 0.470166 0.522595
0.615885 -0.735095 1.18445 0.0160639 0.711274 0.469642 0.52275
0.615838 -0.734974 1.18482 0.0163379 0.7115 0.469118 0.522905
0.615791 -0.734852 1.18518 0.0166117 0.711726 0.468593 0.523059
0.615743 -0.734731 1.18554 0.0168853 0.711951 0.468068 0.523214
0.615696 -0.73461 1.18591 0.0171586 0.712177 0.467543 0.523368
0.615648 -0.734488 1.18627 0.0174318 0.712402 0.467017 0.523521
0.6156 -0.734367 1.18663 0.0177047 0.712627 0.466491 0.523675
0.615551 -0.734246 1.187 0.0179774 0.712852 0.465965 0.523828
0.615502 -0.734124 1.18736 0.01825 0.713077 0.465438 0.523981
0.615453 -0.734003 1.18772 0.0185223 0.713301 0.464911 0.524134
0.615404 -0.733881 1.18808 0.0187944 0.713526 0.464383 0.524286
0.615355 -0.73376 1.18845 0.0190662 0.71375 0.463855 0.524439
0.615305 -0.733638 1.18881 0.0193379 0.713974 0.463327 0.524591
0.615255 -0.733517 1.18917 0.0196094 0.714198 0.462798 0.524743
0.615205 -0.733395 1.18953 0.0198806 0.714421 0.462269 0.524894
0.615154 -0.733273 1.18989 0.0201516 0.714645 0.46174 0.525045
0.615103 -0.733152 1.19025 0.0204225 0.714868 0.46121 0.525197
0.615052 -0.73303 1.19062 0.0206931 0.715092 0.46068 0.525347
0.615001 -0.732908 1.19098 0.0209635 0.715315 0.460149 0.525498
0.614949 -0.732787 1.19134 0.0212336 0.715537 0.459618 0.525648
0.614897 -0.732665 1.1917 0.0215036 0.71576 0.459087 0.525798
0.614845 -0.732543 1.19206 0.0217734 0.715983 0.458555 0.525948
0.614793 -0.732422 1.19242 0.0220429 0.716205 0.458023 0.526098
0.61474 -0.7323 1.19278 0.0223122 0.716427 0.457491 0.526247
0.614687 -0.732178 1.19314 0.0225814 0.716649 0.456958 0.526397
0.614634 -0.732056 1.1935 0.0228502 0.716871 0.456425 0.526545
0.61458 -0.731934 1.19386 0.0231189 0.717093 0.455892 0.526694
0.614526 -0.731813 1.19422 0.0233874 0.717314 0.455358 0.526843
0.614472 -0.731691 1.19458 0.0236557 0.717535 0.454823 0.526991
0.614418 -0.731569 1.19494 0.0239237 0.717756 0.454289 0.527139
0.614363 -0.731447 1.1953 0.0241915 0.717977 0.453754 0.527286
0.614308 -0.731325 1.19566 0.0244591 0.718198 0.453218 0.527434
0.614253 -0.731203 1.19602 0.0247265 0.718419 0.452683 0.527581
0.614198 -0.731081 1.19638 0.0249937 0.718639 0.452147 0.527728
0.614142 -0.730959 1.19674 0.0252607 0.718859 0.45161 0.527875
0.614086 -0.730837 1.1971 0.0255274 0.719079 0.451073 0.528021
0.61403 -0.730715 1.19745 0.025794 0.719299 0.450536 0.528167
0.613974 -0.730593 1.19781 0.0260603 0.719519 0.449999 0.528313
0.613917 -0.730471 1.19817 0.0263264 0.719738 0.449461 0.528459
0.61386 -0.730349 1.19853 0.0265923 0.719957 0.448922 0.528605
0.613802 -0.730227 1.19889 0.026858 0.720177 0.448384 0.52875
0.613745 -0.730104 1.19925 0.0271234 0.720396 0.447845 0.528895
0.613687 -0.729982 1.1996 0.0273887 0.720614 0.447305 0.52904
0.613629 -0.72986 1.19996 0.0276537 0.720833 0.446765 0.529184
0.61357 -0.729738 1.20032 0.0279185 0.721051 0.446225 0.529328
0.613512 -0.729616 1.20068 0.0281831 0.721269 0.445685 0.529472
0.613453 -0.729493 1.20103 0.0284475 0.721488 0.445144 0.529616
0.613394 -0.729371 1.20139 0.0287116 0.721705 0.444603 0.52976
0.613334 -0.729249 1.20175 0.0289756 0.721923 0.444061 0.529903
0.613274 -0.729127 1.2021 0.0292393 0.722141 0.443519 0.530046
0.613214 -0.729004 1.20246 0.0295028 0.722358 0.442977 0.530189
0.613154 -0.728882 1.20282 0.0297661 0.722575 0.442434 0.530331
0.613093 -0.728759 1.20317 0.0300292 0.722792 0.441891 0.530474
0.613032 -0.728637 1.20353 0.030292 0.723009 0.441348 0.530616
0.612971 -0.728515 1.20389 0.0305547 0.723225 0.440804 0.530758
0.61291 -0.728392 1.20424 0.0308171 0.723441 0.44026 0.530899
0.612848 -0.72827 1.2046 0.0310793 0.723658 0.439716 0.53104
0.612786 -0.728147 1.20495 0.0313413 0.723874 0.439171 0.531181
0.612724 -0.728025 1.20531 0.031603 0.724089 0.438626 0.531322
0.612661 -0.727902 1.20566 0.0318646 0.724305 0.43808 0.531463
0.612598 -0.72778 1.20602 0.0321259 0.72452 0.437534 0.531603
0.612535 -0.727657 1.20637 0.032387 0.724736 0.436988 0.531743
0.612472 -0.727534 1.20673 0.0326479 0.724951 0.436441 0.531883
0.612408 -0.727412 1.20708 0.0329085 0.725166 0.435894 0.532023
0.612345 -0.727289 1.20744 0.033169 0.72538 0.435347 0.532162
0.61228 -0.727166 1.20779 0.0334292 0.725595 0.434799 0.532301
0.612216 -0.727044 1.20815 0.0336892 0.725809 0.434251 0.53244
0.612151 -0.726921 1.2085 0.033949 0.726023 0.433703 0.532578
0.612086 -0.726798 1.20885 0.0342086 0.726237 0.433154 0.532717
0.612021 -0.726675 1.20921 0.0344679 0.726451 0.432605 0.532855
0.611955 -0.726553 1.20956 0.0347271 0.726664 0.432055 0.532993
0.611889 -0.72643 1.20991 0.034986 0.726878 0.431505 0.53313
0.611823 -0.726307 1.21027 0.0352447 0.727091 0.430955 0.533268
0.611757 -0.726184 1.21062 0.0355031 0.727304 0.430405 0.533405
0.61169 -0.726061 1.21097 0.0357614 0.727516 0.429854 0.533542
0.611623 -0.725938 1.21133 0.0360194 0.727728 0.429303 0.533678
0.611556 -0.725815 1.21168 0.0362772 0.72794 0.428752 0.533815
0.611489 -0.725691 1.21203 0.0365347 0.728152 0.428201 0.533951
0.611422 -0.725568 1.21238 0.036792 0.728363 0.42765 0.534087
0.611354 -0.725444 1.21273 0.0370491 0.728573 0.427099 0.534223
0.611286 -0.72532 1.21309 0.037306 0.728783 0.426548 0.534359
0.611218 -0.725196 1.21344 0.0375626 0.728993 0.425997 0.534495
0.61115 -0.725072 1.21379 0.0378189 0.729202 0.425446 0.53463
0.611082 -0.724947 1.21414 0.038075 0.72941 0.424896 0.534766
0.611014 -0.724822 1.21449 0.0383309 0.729618 0.424346 0.534901
0.610946 -0.724697 1.21484 0.0385866 0.729824 0.423796 0.535037
0.610877 -0.724572 1.2152 0.038842 0.730031 0.423246 0.535172
0.610809 -0.724446 1.21555 0.0390971 0.730236 0.422697 0.535307
0.61074 -0.72432 1.2159 0.039352 0.730441 0.422148 0.535443
0.610671 -0.724193 1.21625 0.0396066 0.730645 0.4216 0.535578
0.610603 -0.724066 1.2166 0.039861 0.730848 0.421051 0.535713
0.610534 -0.723939 1.21695 0.0401151 0.73105 0.420505 0.535848
0.610465 -0.723811 1.2173 0.040369 0.731251 0.419957 0.535983
0.610397 -0.723682 1.21765 0.0406226 0.731451 0.419412 0.536118
0.610328 -0.723554 1.218 0.040876 0.731651 0.418866 0.536253
0.61026 -0.723424 1.21835 0.0411291 0.731848 0.418322 0.536389
0.610191 -0.723295 1.2187 0.041382 0.732046 0.417778 0.536524
0.610123 -0.723164 1.21905 0.0416346 0.732242 0.417236 0.536659
0.610054 -0.723034 1.2194 0.041887 0.732437 0.416693 0.536795
0.609986 -0.722902 1.21975 0.042139 0.73263 0.416153 0.53693
0.609918 -0.72277 1.2201 0.0423908 0.732823 0.415612 0.537066
0.60985 -0.722638 1.22045 0.0426424 0.733014 0.415074 0.537202
0.609782 -0.722505 1.2208 0.0428937 0.733205 0.414535 0.537337
0.609715 -0.72237 1.22115 0.0431447 0.733393 0.413999 0.537474
0.609647 -0.722236 1.2215 0.0433955 0.733581 0.413463 0.53761
0.60958 -0.7221 1.22185 0.043646 0.733767 0.412929 0.537746
0.609512 -0.721965 1.22219 0.0438962 0.733952 0.412396 0.537882
0.609446 -0.721828 1.22254 0.0441462 0.734135 0.411865 0.538019
0.609379 -0.721691 1.22289 0.0443959 0.734317 0.411334 0.538156
0.609312 -0.721552 1.22324 0.0446453 0.734497 0.410806 0.538293
0.609246 -0.721413 1.22359 0.0448945 0.734677 0.410277 0.53843
0.60918 -0.721273 1.22394 0.0451434 0.734853 0.409752 0.538568
0.609114 -0.721133 1.22429 0.0453921 0.73503 0.409227 0.538706
0.609049 -0.720991 1.22464 0.0456404 0.735203 0.408706 0.538844
0.608983 -0.720849 1.22498 0.0458886 0.735376 0.408184 0.538982
0.608919 -0.720705 1.22533 0.0461364 0.735546 0.407665 0.539121
0.608854 -0.720561 1.22568 0.046384 0.735716 0.407147 0.53926
0.60879 -0.720416 1.22603 0.0466313 0.735883 0.406632 0.539399
0.608726 -0.72027 1.22638 0.0468783 0.736049 0.406118 0.539539
0.608663 -0.720123 1.22672 0.0471251 0.736213 0.405607 0.539679
0.608599 -0.719975 1.22707 0.0473716 0.736375 0.405096 0.539819
0.608537 -0.719825 1.22742 0.0476178 0.736535 0.404589 0.53996
0.608475 -0.719676 1.22777 0.0478638 0.736694 0.404082 0.540101
0.608413 -0.719524 1.22812 0.0481095 0.736849 0.40358 0.540242
0.608351 -0.719372 1.22846 0.048355 0.737005 0.403077 0.540384
0.608291 -0.719218 1.22881 0.0486001 0.737156 0.402579 0.540526
0.60823 -0.719064 1.22916 0.0488451 0.737308 0.402081 0.540669
0.60817 -0.718908 1.22951 0.0490897 0.737455 0.401587 0.540812
0.60811 -0.718752 1.22985 0.0493341 0.737602 0.401094 0.540955
0.608052 -0.718593 1.2302 0.0495782 0.737746 0.400605 0.5411
0.607993 -0.718435 1.23055 0.0498221 0.737889 0.400116 0.541244
0.607935 -0.718274 1.2309 0.0500657 0.738028 0.399633 0.541389
0.607877 -0.718113 1.23124 0.0503091 0.738167 0.399149 0.541534
0.607821 -0.717949 1.23159 0.0505521 0.738301 0.398671 0.54168
0.607764 -0.717786 1.23194 0.050795 0.738435 0.398192 0.541826
0.607709 -0.71762 1.23229 0.0510376 0.738565 0.397719 0.541974
0.607654 -0.717454 1.23263 0.0512799 0.738695 0.397246 0.542121
0.607599 -0.717285 1.23298 0.051522 0.738821 0.396779 0.542269
0.607545 -0.717116 1.23333 0.0517638 0.738946 0.396311 0.542417
0.607492 -0.716945 1.23367 0.0520054 0.739068 0.395848 0.542567
0.607439 -0.716774 1.23402 0.0522468 0.739189 0.395385 0.542716
0.607387 -0.716601 1.23437 0.0524878 0.739306 0.394928 0.542866
0.607334 -0.716427 1.23471 0.0527287 0.739423 0.39447 0.543016
0.607283 -0.716252 1.23506 0.0529694 0.739536 0.394017 0.543168
0.607232 -0.716076 1.23541 0.0532098 0.739649 0.393564 0.543318
0.607182 -0.715898 1.23576 0.05345 0.739759 0.393115 0.54347
0.607131 -0.71572 1.2361 0.05369 0.739868 0.392667 0.543622
0.607082 -0.71554 1.23645 0.0539297 0.739974 0.392223 0.543775
0.607033 -0.71536 1.2368 0.0541693 0.74008 0.391779 0.543928
0.606984 -0.715178 1.23714 0.0544086 0.740182 0.391339 0.544081
0.606935 -0.714995 1.23749 0.0546477 0.740284 0.390899 0.544234
0.606888 -0.714811 1.23784 0.0548866 0.740383 0.390463 0.544389
0.60684 -0.714627 1.23818 0.0551254 0.740482 0.390027 0.544542
0.606792 -0.714441 1.23853 0.0553639 0.740578 0.389595 0.544697
0.606745 -0.714255 1.23887 0.0556022 0.740674 0.389163 0.544852
0.606699 -0.714067 1.23922 0.0558403 0.740766 0.388734 0.545007
0.606652 -0.713879 1.23957 0.0560782 0.740859 0.388306 0.545162
0.606606 -0.71369 1.23991 0.0563159 0.740949 0.387881 0.545318
0.60656 -0.7135 1.24026 0.0565535 0.741038 0.387456 0.545474
0.606515 -0.713308 1.2406 0.0567908 0.741125 0.387034 0.54563
0.606469 -0.713117 1.24095 0.057028 0.741212 0.386613 0.545787
0.606425 -0.712924 1.2413 0.057265 0.741297 0.386194 0.545943
0.60638 -0.712731 1.24164 0.0575018 0.741381 0.385776 0.5461
0.606335 -0.712537 1.24199 0.0577385 0.741463 0.38536 0.546257
0.606291 -0.712342 1.24233 0.0579749 0.741545 0.384944 0.546414
0.606247 -0.712146 1.24268 0.0582112 0.741624 0.384532 0.546572
0.606202 -0.71195 1.24302 0.0584473 0.741704 0.384119 0.546729
0.606159 -0.711753 1.24337 0.0586833 0.741781 0.383708 0.546887
0.606115 -0.711556 1.24371 0.0589191 0.741858 0.383298 0.547044
0.606071 -0.711357 1.24406 0.0591547 0.741933 0.38289 0.547203
0.606028 -0.711158 1.2444 0.0593901 0.742009 0.382482 0.54736
0.605984 -0.710959 1.24474 0.0596254 0.742082 0.382077 0.547519
0.605941 -0.710759 1.24509 0.0598606 0.742155 0.381671 0.547677
0.605898 -0.710558 1.24543 0.0600955 0.742227 0.381267 0.547835
0.605855 -0.710357 1.24578 0.0603304 0.742298 0.380864 0.547993
0.605812 -0.710155 1.24612 0.060565 0.742368 0.380462 0.548152
0.605768 -0.709953 1.24646 0.0607995 0.742438 0.38006 0.54831
0.605725 -0.70975 1.24681 0.0610339 0.742506 0.37966 0.548468
0.605682 -0.709547 1.24715 0.0612681 0.742575 0.37926 0.548627
0.605639 -0.709343 1.24749 0.0615021 0.742642 0.378861 0.548785
0.605596 -0.709139 1.24784 0.061736 0.742709 0.378462 0.548944
0.605553 -0.708934 1.24818 0.0619698 0.742774 0.378065 0.549102
0.60551 -0.70873 1.24852 0.0622034 0.74284 0.377667 0.54926
0.605467 -0.708524 1.24886 0.0624369 0.742905 0.377271 0.549419
0.605424 -0.708319 1.24921 0.0626702 0.742969 0.376875 0.549577
0.60538 -0.708112 1.24955 0.0629034 0.743033 0.376479 0.549735
0.605337 -0.707906 1.24989 0.0631364 0.743097 0.376084 0.549893
0.605293 -0.7077 1.25023 0.0633693 0.74316 0.375689 0.550051
0.60525 -0.707493 1.25058 0.0636021 0.743222 0.375295 0.550208
0.605206 -0.707286 1.25092 0.0638347 0.743285 0.3749 0.550366
0.605162 -0.707078 1.25126 0.0640672 0.743347 0.374506 0.550524
0.605118 -0.706871 1.2516 0.0642996 0.743408 0.374113 0.550681
0.605073 -0.706663 1.25194 0.0645318 0.74347 0.373719 0.550838
0.605029 -0.706455 1.25228 0.0647638 0.743531 0.373325 0.550995
0.604984 -0.706247 1.25262 0.0649958 0.743592 0.372931 0.551152
0.604939 -0.706039 1.25296 0.0652276 0.743653 0.372538 0.551309
0.604894 -0.70583 1.2533 0.0654592 0.743714 0.372144 0.551465
0.604849 -0.705622 1.25364 0.0656908 0.743775 0.37175 0.551621
0.604803 -0.705413 1.25398 0.0659222 0.743835 0.371356 0.551777
0.604757 -0.705205 1.25432 0.0661534 0.743896 0.370962 0.551933
0.604711 -0.704996 1.25466 0.0663846 0.743956 0.370568 0.552088
0.604664 -0.704787 1.255 0.0666156 0.744017 0.370173 0.552243
0.604617 -0.704578 1.25534 0.0668464 0.744078 0.369779 0.552398
0.60457 -0.70437 1.25568 0.0670771 0.744138 0.369384 0.552553
0.604523 -0.704161 1.25601 0.0673077 0.744198 0.368989 0.552708
0.604476 -0.703951 1.25635 0.0675382 0.744258 0.368594 0.552862
0.604428 -0.703742 1.25669 0.0677685 0.744319 0.368199 0.553016
0.60438 -0.703533 1.25703 0.0679987 0.744378 0.367805 0.55317
0.604332 -0.703323 1.25737 0.0682287 0.744438 0.36741 0.553323
0.604283 -0.703113 1.2577 0.0684586 0.744498 0.367015 0.553477
0.604235 -0.702904 1.25804 0.0686884 0.744557 0.36662 0.55363
0.604186 -0.702693 1.25838 0.068918 0.744616 0.366225 0.553783
0.604137 -0.702483 1.25871 0.0691475 0.744675 0.365831 0.553936
0.604088 -0.702273 1.25905 0.0693769 0.744734 0.365436 0.554089
0.604039 -0.702062 1.25939 0.0696061 0.744792 0.365042 0.554242
0.603989 -0.701851 1.25972 0.0698352 0.74485 0.364648 0.554394
0.60394 -0.70164 1.26006 0.0700642 0.744908 0.364254 0.554546
0.60389 -0.701429 1.2604 0.070293 0.744966 0.363861 0.554699
0.60384 -0.701217 1.26073 0.0705217 0.745023 0.363467 0.55485
0.60379 -0.701006 1.26107 0.0707502 0.74508 0.363074 0.555002
0.603739 -0.700794 1.2614 0.0709786 0.745137 0.362681 0.555154
0.603689 -0.700581 1.26174 0.0712069 0.745192 0.362289 0.555306
0.603639 -0.700369 1.26207 0.0714351 0.745248 0.361896 0.555457
0.603588 -0.700155 1.26241 0.0716631 0.745304 0.361505 0.555609
0.603537 -0.699942 1.26274 0.071891 0.745359 0.361113 0.55576
0.603487 -0.699729 1.26308 0.0721187 0.745413 0.360723 0.555911
0.603436 -0.699515 1.26341 0.0723463 0.745467 0.360332 0.556063
0.603385 -0.699301 1.26374 0.0725738 0.745521 0.359942 0.556214
0.603334 -0.699086 1.26408 0.0728012 0.745574 0.359552 0.556365
0.603283 -0.698871 1.26441 0.0730284 0.745626 0.359164 0.556516
0.603231 -0.698656 1.26474 0.0732555 0.745679 0.358775 0.556666
0.60318 -0.69844 1.26508 0.0734824 0.74573 0.358387 0.556817
0.603129 -0.698224 1.26541 0.0737093 0.745781 0.358 0.556968
0.603078 -0.698008 1.26574 0.073936 0.745832 0.357613 0.557119
0.603026 -0.697791 1.26608 0.0741626 0.745882 0.357227 0.557269
0.602975 -0.697573 1.26641 0.074389 0.745931 0.356842 0.55742
0.602923 -0.697356 1.26674 0.0746153 0.74598 0.356457 0.557571
0.602872 -0.697138 1.26707 0.0748415 0.746028 0.356074 0.557721
0.60282 -0.696919 1.2674 0.0750676 0.746075 0.35569 0.557872
0.602769 -0.6967 1.26774 0.0752936 0.746122 0.355308 0.558023
0.602717 -0.696481 1.26807 0.0755194 0.746168 0.354926 0.558173
0.602666 -0.69626 1.2684 0.0757451 0.746213 0.354546 0.558324
0.602615 -0.69604 1.26873 0.0759707 0.746259 0.354165 0.558474
0.602563 -0.695819 1.26906 0.0761961 0.746302 0.353786 0.558625
0.602512 -0.695598 1.26939 0.0764215 0.746346 0.353408 0.558776
0.602461 -0.695376 1.26972 0.0766467 0.746388 0.353031 0.558927
0.602409 -0.695153 1.27005 0.0768718 0.746431 0.352654 0.559077
0.602358 -0.69493 1.27038 0.0770968 0.746471 0.352279 0.559228
0.602307 -0.694707 1.27071 0.0773216 0.746512 0.351904 0.559379
0.602256 -0.694482 1.27104 0.0775464 0.746551 0.351531 0.55953
0.602204 -0.694258 1.27137 0.077771 0.74659 0.351158 0.559681
0.602154 -0.694032 1.2717 0.0779956 0.746628 0.350788 0.559832
0.602103 -0.693807 1.27203 0.07822 0.746665 0.350417 0.559983
0.602052 -0.69358 1.27236 0.0784443 0.746701 0.350048 0.560134
0.602001 -0.693353 1.27269 0.0786685 0.746737 0.34968 0.560285
0.601951 -0.693125 1.27302 0.0788926 0.746771 0.349314 0.560437
0.6019 -0.692897 1.27335 0.0791166 0.746805 0.348947 0.560588
0.60185 -0.692668 1.27368 0.0793405 0.746837 0.348584 0.56074
0.601799 -0.692439 1.27401 0.0795643 0.746869 0.34822 0.560892
0.601749 -0.692208 1.27434 0.0797879 0.746899 0.347859 0.561044
0.601699 -0.691978 1.27466 0.0800115 0.746929 0.347497 0.561195
0.60165 -0.691746 1.27499 0.080235 0.746958 0.347139 0.561348
0.6016 -0.691514 1.27532 0.0804584 0.746986 0.34678 0.5615
0.60155 -0.69128 1.27565 0.0806817 0.747012 0.346424 0.561652
0.601501 -0.691047 1.27598 0.0809049 0.747039 0.346068 0.561805
0.601452 -0.690812 1.2763 0.081128 0.747063 0.345715 0.561958
0.601403 -0.690578 1.27663 0.081351 0.747088 0.345361 0.56211
0.601354 -0.690342 1.27696 0.0815739 0.74711 0.34501 0.562263
0.601305 -0.690106 1.27728 0.0817967 0.747133 0.344659 0.562416
0.601256 -0.689868 1.27761 0.0820194 0.747153 0.344311 0.56257
0.601208 -0.689631 1.27794 0.0822421 0.747174 0.343963 0.562723
0.601159 -0.689393 1.27826 0.0824646 0.747193 0.343617 0.562876
0.601111 -0.689154 1.27859 0.0826871 0.747212 0.343271 0.563029
0.601063 -0.688914 1.27892 0.0829095 0.747229 0.342927 0.563183
0.601014 -0.688675 1.27924 0.0831317 0.747247 0.342583 0.563337
0.600966 -0.688434 1.27957 0.083354 0.747263 0.342241 0.563491
0.600918 -0.688193 1.2799 0.0835761 0.747278 0.3419 0.563644
0.60087 -0.687951 1.28022 0.0837981 0.747293 0.34156 0.563798
0.600822 -0.687709 1.28055 0.08402 0.747307 0.34122 0.563952
0.600774 -0.687466 1.28087 0.0842419 0.74732 0.340883 0.564106
0.600726 -0.687223 1.2812 0.0844637 0.747332 0.340545 0.56426
0.600679 -0.686979 1.28152 0.0846854 0.747344 0.34021 0.564414
0.600631 -0.686735 1.28185 0.084907 0.747355 0.339874 0.564568
0.600583 -0.68649 1.28217 0.0851285 0.747365 0.33954 0.564722
0.600535 -0.686245 1.28249 0.08535 0.747375 0.339206 0.564876
0.600488 -0.685999 1.28282 0.0855714 0.747384 0.338874 0.56503
0.60044 -0.685753 1.28314 0.0857926 0.747393 0.338541 0.565184
0.600393 -0.685506 1.28347 0.0860139 0.747401 0.338211 0.565338
0.600345 -0.685259 1.28379 0.086235 0.747408 0.33788 0.565492
0.600297 -0.685011 1.28411 0.086456 0.747415 0.337551 0.565647
0.600249 -0.684763 1.28444 0.086677 0.747421 0.337222 0.565801
0.600201 -0.684515 1.28476 0.0868979 0.747427 0.336894 0.565955
0.600154 -0.684266 1.28508 0.0871187 0.747432 0.336566 0.566109
0.600106 -0.684016 1.28541 0.0873394 0.747437 0.33624 0.566263
0.600058 -0.683767 1.28573 0.0875601 0.747441 0.335913 0.566416
0.60001 -0.683517 1.28605 0.0877807 0.747445 0.335588 0.56657
0.599962 -0.683267 1.28637 0.0880011 0.747448 0.335263 0.566724
0.599914 -0.683016 1.28669 0.0882216 0.747451 0.334938 0.566878
0.599865 -0.682765 1.28702 0.0884419 0.747453 0.334614 0.567032
0.599817 -0.682513 1.28734 0.0886622 0.747455 0.334291 0.567185
0.599769 -0.682262 1.28766 0.0888823 0.747457 0.333968 0.567339
0.59972 -0.682009 1.28798 0.0891024 0.747458 0.333646 0.567492
0.599672 -0.681757 1.2883 0.0893224 0.747459 0.333324 0.567646
0.599623 -0.681504 1.28862 0.0895424 0.74746 0.333002 0.567799
0.599574 -0.681251 1.28894 0.0897622 0.74746 0.332681 0.567952
0.599525 -0.680998 1.28926 0.089982 0.74746 0.332361 0.568105
0.599476 -0.680745 1.28958 0.0902017 0.74746 0.33204 0.568258
0.599427 -0.680491 1.2899 0.0904213 0.747459 0.33172 0.568411
0.599377 -0.680237 1.29022 0.0906409 0.747458 0.3314 0.568563
0.599328 -0.679983 1.29054 0.0908603 0.747457 0.331081 0.568716
0.599278 -0.679728 1.29086 0.0910797 0.747456 0.330761 0.568868
0.599228 -0.679473 1.29118 0.091299 0.747454 0.330442 0.569021
0.599178 -0.679219 1.2915 0.0915182 0.747453 0.330123 0.569173
0.599128 -0.678963 1.29181 0.0917373 0.747451 0.329805 0.569325
0.599078 -0.678708 1.29213 0.0919564 0.747449 0.329486 0.569476
0.599027 -0.678453 1.29245 0.0921753 0.747446 0.329168 0.569628
0.598976 -0.678197 1.29277 0.0923942 0.747444 0.32885 0.569779
0.598925 -0.677941 1.29309 0.092613 0.747442 0.328532 0.569931
0.598874 -0.677685 1.2934 0.0928317 0.747439 0.328213 0.570082
0.598823 -0.677429 1.29372 0.0930503 0.747436 0.327895 0.570232
0.598771 -0.677173 1.29404 0.0932689 0.747434 0.327577 0.570383
0.598719 -0.676917 1.29435 0.0934873 0.747431 0.327259 0.570533
0.598667 -0.67666 1.29467 0.0937057 0.747428 0.326941 0.570684
0.598614 -0.676404 1.29499 0.0939239 0.747425 0.326623 0.570834
0.598562 -0.676147 1.2953 0.0941421 0.747423 0.326305 0.570983
0.598509 -0.675891 1.29562 0.0943602 0.74742 0.325987 0.571133
0.598456 -0.675634 1.29593 0.0945782 0.747417 0.325668 0.571282
0.598402 -0.675377 1.29625 0.0947961 0.747414 0.325349 0.571431
0.598348 -0.67512 1.29656 0.0950139 0.747412 0.325031 0.57158
0.598294 -0.674863 1.29688 0.0952316 0.747409 0.324712 0.571728
0.59824 -0.674606 1.29719 0.0954493 0.747406 0.324393 0.571877
0.598186 -0.674349 1.2975 0.0956668 0.747403 0.324075 0.572025
0.598131 -0.674092 1.29782 0.0958843 0.7474 0.323756 0.572173
0.598076 -0.673834 1.29813 0.0961017 0.747397 0.323437 0.57232
0.598021 -0.673576 1.29845 0.096319 0.747394 0.323119 0.572468
0.597966 -0.673318 1.29876 0.0965362 0.74739 0.322801 0.572615
0.59791 -0.67306 1.29907 0.0967533 0.747386 0.322483 0.572763
0.597855 -0.672802 1.29938 0.0969704 0.747382 0.322166 0.57291
0.597799 -0.672543 1.2997 0.0971874 0.747378 0.321848 0.573057
0.597743 -0.672284 1.30001 0.0974043 0.747373 0.321532 0.573204
0.597688 -0.672025 1.30032 0.0976212 0.747369 0.321215 0.573351
0.597632 -0.671765 1.30063 0.097838 0.747363 0.3209 0.573498
0.597576 -0.671505 1.30094 0.0980547 0.747357 0.320585 0.573644
0.59752 -0.671244 1.30126 0.0982714 0.747351 0.320271 0.573791
0.597463 -0.670984 1.30157 0.0984879 0.747344 0.319956 0.573938
0.597407 -0.670722 1.30188 0.0987045 0.747337 0.319644 0.574084
0.597351 -0.670461 1.30219 0.098921 0.747329 0.319331 0.574231
0.597295 -0.670199 1.3025 0.0991374 0.747321 0.31902 0.574378
0.597239 -0.669936 1.30281 0.0993538 0.747312 0.318709 0.574524
0.597183 -0.669673 1.30312 0.0995701 0.747302 0.3184 0.574671
0.597126 -0.66941 1.30343 0.0997864 0.747292 0.31809 0.574818
0.59707 -0.669145 1.30374 0.100003 0.747281 0.317783 0.574965
0.597014 -0.668881 1.30405 0.100219 0.74727 0.317476 0.575111
0.596958 -0.668615 1.30436 0.100435 0.747257 0.317171 0.575258
0.596902 -0.66835 1.30467 0.100651 0.747245 0.316866 0.575405
0.596847 -0.668083 1.30498 0.100867 0.74723 0.316563 0.575553
0.596791 -0.667816 1.30528 0.101083 0.747216 0.31626 0.5757
0.596736 -0.667548 1.30559 0.101299 0.7472 0.31596 0.575847
0.59668 -0.66728 1.3059 0.101516 0.747184 0.31566 0.575994
0.596625 -0.667011 1.30621 0.101732 0.747166 0.315363 0.576142
0.59657 -0.666741 1.30652 0.101948 0.747148 0.315066 0.57629
0.596515 -0.66647 1.30683 0.102164 0.747128 0.314772 0.576438
0.596461 -0.666199 1.30713 0.10238 0.747108 0.314477 0.576586
0.596406 -0.665927 1.30744 0.102596 0.747086 0.314186 0.576735
0.596352 -0.665655 1.30775 0.102812 0.747064 0.313895 0.576883
0.596298 -0.665381 1.30806 0.103028 0.74704 0.313608 0.577032
0.596244 -0.665106 1.30836 0.103244 0.747016 0.31332 0.577181
0.596191 -0.664831 1.30867 0.10346 0.74699 0.313036 0.577331
0.596138 -0.664555 1.30898 0.103676 0.746963 0.312752 0.57748
0.596085 -0.664277 1.30928 0.103892 0.746935 0.312471 0.577631
0.596032 -0.664 1.30959 0.104108 0.746906 0.312191 0.577781
0.595981 -0.66372 1.3099 0.104324 0.746874 0.311914 0.577931
0.595928 -0.663441 1.3102 0.10454 0.746843 0.311638 0.578082
0.595877 -0.66316 1.31051 0.104756 0.746809 0.311366 0.578234
0.595826 -0.662878 1.31082 0.104972 0.746775 0.311093 0.578385
0.595775 -0.662595 1.31112 0.105189 0.746738 0.310826 0.578537
0.595724 -0.662311 1.31143 0.105405 0.746701 0.310557 0.578689
0.595675 -0.662026 1.31173 0.105621 0.746662 0.310294 0.578842
0.595625 -0.661741 1.31204 0.105838 0.746622 0.310031 0.578995
0.595576 -0.661453 1.31234 0.106054 0.746579 0.309772 0.579149
0.595527 -0.661165 1.31265 0.106271 0.746537 0.309513 0.579302
0.595479 -0.660875 1.31295 0.106487 0.746491 0.30926 0.579457
0.595431 -0.660585 1.31326 0.106704 0.746445 0.309006 0.579611
0.595384 -0.660293 1.31356 0.106921 0.746396 0.308757 0.579767
0.595337 -0.660001 1.31387 0.107138 0.746347 0.308509 0.579923
0.595291 -0.659706 1.31417 0.107355 0.746295 0.308265 0.580079
0.595245 -0.659412 1.31448 0.107572 0.746242 0.308022 0.580236
0.5952 -0.659115 1.31478 0.107789 0.746186 0.307784 0.580393
0.595155 -0.658818 1.31509 0.108006 0.746131 0.307546 0.580551
0.595111 -0.658518 1.31539 0.108224 0.746071 0.307314 0.580709
0.595067 -0.658218 1.3157 0.108441 0.746012 0.307082 0.580868
0.595025 -0.657916 1.316 0.108659 0.745949 0.306856 0.581028
0.594982 -0.657613 1.31631 0.108876 0.745886 0.306629 0.581188
0.594941 -0.657309 1.31661 0.109094 0.745819 0.306409 0.581349
0.594899 -0.657004 1.31691 0.109312 0.745752 0.306188 0.581509
0.594859 -0.656696 1.31722 0.109531 0.745682 0.305973 0.581671
0.594818 -0.656389 1.31752 0.109749 0.745612 0.305758 0.581833
0.594779 -0.656079 1.31783 0.109967 0.745539 0.305549 0.581996
0.59474 -0.655769 1.31813 0.110186 0.745465 0.305339 0.582159
0.594701 -0.655457 1.31843 0.110404 0.745389 0.305134 0.582323
0.594663 -0.655145 1.31874 0.110623 0.745312 0.304929 0.582487
0.594625 -0.654831 1.31904 0.110842 0.745232 0.30473 0.582651
0.594588 -0.654516 1.31934 0.111061 0.745153 0.30453 0.582816
0.594551 -0.6542 1.31965 0.11128 0.74507 0.304335 0.582982
0.594514 -0.653883 1.31995 0.111499 0.744987 0.30414 0.583147
0.594478 -0.653565 1.32025 0.111719 0.744902 0.303949 0.583314
0.594442 -0.653246 1.32056 0.111938 0.744817 0.303759 0.58348
0.594407 -0.652926 1.32086 0.112158 0.744728 0.303573 0.583647
0.594372 -0.652605 1.32116 0.112378 0.74464 0.303386 0.583814
0.594338 -0.652282 1.32146 0.112598 0.74455 0.303205 0.583982
0.594303 -0.65196 1.32177 0.112818 0.744459 0.303022 0.58415
0.594269 -0.651636 1.32207 0.113038 0.744366 0.302844 0.584318
0.594235 -0.651311 1.32237 0.113258 0.744272 0.302666 0.584486
0.594202 -0.650985 1.32267 0.113478 0.744177 0.302492 0.584655
0.594169 -0.650659 1.32297 0.113699 0.744081 0.302318 0.584824
0.594136 -0.650331 1.32328 0.113919 0.743984 0.302147 0.584994
0.594103 -0.650004 1.32358 0.11414 0.743886 0.301976 0.585163
0.594071 -0.649674 1.32388 0.114361 0.743786 0.301809 0.585334
0.594039 -0.649345 1.32418 0.114582 0.743686 0.301641 0.585503
0.594007 -0.649014 1.32448 0.114803 0.743584 0.301477 0.585674
0.593975 -0.648683 1.32478 0.115024 0.743483 0.301313 0.585844
0.593943 -0.648351 1.32508 0.115246 0.743379 0.301151 0.586015
0.593912 -0.648019 1.32538 0.115467 0.743275 0.30099 0.586186
0.593881 -0.647685 1.32568 0.115689 0.74317 0.300832 0.586357
0.593849 -0.647351 1.32598 0.11591 0.743065 0.300673 0.586528
0.593818 -0.647016 1.32628 0.116132 0.742958 0.300517 0.5867
0.593787 -0.646681 1.32658 0.116354 0.742851 0.300361 0.586871
0.593756 -0.646345 1.32688 0.116576 0.742742 0.300208 0.587043
0.593725 -0.646009 1.32718 0.116798 0.742634 0.300054 0.587215
0.593695 -0.645672 1.32748 0.11702 0.742524 0.299903 0.587387
0.593664 -0.645335 1.32778 0.117242 0.742414 0.299752 0.587558
0.593633 -0.644997 1.32808 0.117464 0.742303 0.299602 0.587731
0.593603 -0.644658 1.32838 0.117687 0.742192 0.299453 0.587902
0.593572 -0.644319 1.32868 0.117909 0.742079 0.299306 0.588075
0.593541 -0.64398 1.32897 0.118132 0.741967 0.299158 0.588247
0.593511 -0.64364 1.32927 0.118355 0.741854 0.299012 0.588419
0.59348 -0.6433 1.32957 0.118577 0.741741 0.298866 0.588591
0.593449 -0.642959 1.32987 0.1188 0.741626 0.298722 0.588763
0.593418 -0.642619 1.33016 0.119023 0.741512 0.298577 0.588935
0.593388 -0.642277 1.33046 0.119246 0.741397 0.298434 0.589107
0.593357 -0.641935 1.33076 0.119469 0.741283 0.298291 0.589279
0.593326 -0.641593 1.33106 0.119693 0.741167 0.298149 0.589451
0.593294 -0.641251 1.33135 0.119916 0.741051 0.298007 0.589623
0.593263 -0.640909 1.33165 0.120139 0.740935 0.297865 0.589795
0.593232 -0.640566 1.33194 0.120362 0.740819 0.297724 0.589966
0.5932 -0.640223 1.33224 0.120586 0.740703 0.297583 0.590138
0.593168 -0.63988 1.33254 0.120809 0.740586 0.297443 0.590309
0.593136 -0.639536 1.33283 0.121033 0.740469 0.297303 0.59048
0.593104 -0.639193 1.33313 0.121256 0.740353 0.297162 0.590652
0.593072 -0.638849 1.33342 0.12148 0.740236 0.297022 0.590823
0.593039 -0.638505 1.33372 0.121704 0.740119 0.296882 0.590993
0.593006 -0.638161 1.33401 0.121927 0.740002 0.296743 0.591164
0.592973 -0.637817 1.3343 0.122151 0.739885 0.296603 0.591334
0.59294 -0.637473 1.3346 0.122375 0.739768 0.296463 0.591505
0.592906 -0.637129 1.33489 0.122599 0.739651 0.296323 0.591674
0.592872 -0.636784 1.33518 0.122822 0.739534 0.296183 0.591844
0.592838 -0.63644 1.33548 0.123046 0.739418 0.296043 0.592014
0.592804 -0.636096 1.33577 0.12327 0.739301 0.295902 0.592183
0.592769 -0.635752 1.33606 0.123494 0.739184 0.295762 0.592352
0.592734 -0.635407 1.33636 0.123718 0.739068 0.295621 0.592521
0.592699 -0.635063 1.33665 0.123942 0.738951 0.295481 0.592689
0.592663 -0.634718 1.33694 0.124166 0.738835 0.29534 0.592858
0.592627 -0.634373 1.33723 0.12439 0.738718 0.2952 0.593026
0.592591 -0.634029 1.33752 0.124614 0.738602 0.295059 0.593194
0.592555 -0.633684 1.33781 0.124838 0.738485 0.294919 0.593362
0.592519 -0.633339 1.3381 0.125062 0.738368 0.294778 0.593529
0.592482 -0.632994 1.33839 0.125286 0.738252 0.294638 0.593697
0.592445 -0.632648 1.33868 0.125511 0.738135 0.294498 0.593864
0.592408 -0.632303 1.33897 0.125735 0.738018 0.294358 0.594031
0.592371 -0.631957 1.33926 0.125959 0.737901 0.294219 0.594198
0.592333 -0.631611 1.33955 0.126184 0.737784 0.294079 0.594365
0.592296 -0.631265 1.33984 0.126408 0.737667 0.29394 0.594532
0.592258 -0.630919 1.34013 0.126633 0.737549 0.293801 0.594698
0.59222 -0.630573 1.34042 0.126857 0.737432 0.293662 0.594865
0.592181 -0.630226 1.34071 0.127082 0.737314 0.293524 0.595031
0.592143 -0.629879 1.341 0.127307 0.737196 0.293386 0.595197
0.592105 -0.629533 1.34128 0.127531 0.737078 0.293248 0.595364
0.592066 -0.629185 1.34157 0.127756 0.736959 0.293111 0.59553
0.592027 -0.628838 1.34186 0.127981 0.736841 0.292973 0.595695
0.591988 -0.62849 1.34215 0.128206 0.736722 0.292837 0.595861
0.591949 -0.628142 1.34243 0.128431 0.736603 0.292701 0.596027
0.59191 -0.627793 1.34272 0.128656 0.736483 0.292565 0.596193
0.591871 -0.627445 1.34301 0.128882 0.736363 0.29243 0.596358
0.591832 -0.627096 1.34329 0.129107 0.736243 0.292296 0.596524
0.591792 -0.626747 1.34358 0.129332 0.736123 0.292161 0.596689
0.591753 -0.626397 1.34386 0.129558 0.736002 0.292028 0.596855
0.591713 -0.626047 1.34415 0.129783 0.735881 0.291895 0.59702
0.591673 -0.625697 1.34444 0.130009 0.735759 0.291763 0.597186
0.591633 -0.625347 1.34472 0.130235 0.735637 0.291631 0.597351
0.591594 -0.624995 1.34501 0.130461 0.735515 0.2915 0.597516
0.591553 -0.624644 1.34529 0.130687 0.735392 0.29137 0.597681
0.591514 -0.624292 1.34557 0.130913 0.735269 0.29124 0.597847
0.591473 -0.623941 1.34586 0.131139 0.735145 0.291111 0.598012
0.591434 -0.623588 1.34614 0.131365 0.735021 0.290983 0.598177
0.591393 -0.623235 1.34643 0.131592 0.734897 0.290856 0.598342
0.591353 -0.622882 1.34671 0.131818 0.734771 0.29073 0.598508
0.591313 -0.622528 1.34699 0.132045 0.734646 0.290603 0.598673
0.591273 -0.622174 1.34728 0.132272 0.734519 0.290479 0.598838
0.591233 -0.62182 1.34756 0.132499 0.734393 0.290355 0.599004
0.591193 -0.621465 1.34784 0.132726 0.734265 0.290232 0.599169
0.591152 -0.621109 1.34813 0.132953 0.734138 0.290109 0.599335
0.591113 -0.620753 1.34841 0.13318 0.734009 0.289989 0.5995
0.591072 -0.620397 1.34869 0.133408 0.73388 0.289868 0.599666
0.591032 -0.62004 1.34897 0.133636 0.73375 0.289749 0.599831
0.590992 -0.619683 1.34925 0.133863 0.73362 0.28963 0.599997
0.590952 -0.619325 1.34954 0.134091 0.733489 0.289513 0.600163
0.590912 -0.618966 1.34982 0.134319 0.733358 0.289397 0.600329
0.590872 -0.618607 1.3501 0.134548 0.733225 0.289282 0.600495
0.590832 -0.618248 1.35038 0.134776 0.733092 0.289168 0.600661
0.590793 -0.617888 1.35066 0.135005 0.732958 0.289055 0.600827
0.590753 -0.617527 1.35094 0.135233 0.732824 0.288943 0.600993
0.590713 -0.617166 1.35122 0.135462 0.732689 0.288833 0.60116
0.590673 -0.616804 1.3515 0.135691 0.732553 0.288723 0.601326
0.590634 -0.616442 1.35178 0.135921 0.732416 0.288616 0.601493
0.590595 -0.616079 1.35206 0.13615 0.732279 0.288508 0.601659
0.590555 -0.615716 1.35234 0.13638 0.73214 0.288403 0.601826
0.590516 -0.615352 1.35262 0.13661 0.732002 0.288298 0.601993
0.590477 -0.614987 1.3529 0.13684 0.731861 0.288196 0.602161
0.590438 -0.614622 1.35318 0.13707 0.731721 0.288093 0.602328
0.590399 -0.614255 1.35346 0.1373 0.731579 0.287994 0.602495
0.590361 -0.613889 1.35374 0.137531 0.731437 0.287894 0.602663
0.590322 -0.613522 1.35402 0.137762 0.731293 0.287797 0.602831
0.590283 -0.613154 1.35429 0.137993 0.731149 0.2877 0.602999
0.590245 -0.612785 1.35457 0.138224 0.731004 0.287605 0.603167
0.590207 -0.612417 1.35485 0.138456 0.730859 0.287511 0.603335
0.590169 -0.612047 1.35513 0.138687 0.730712 0.287419 0.603504
0.59013 -0.611677 1.35541 0.138919 0.730565 0.287327 0.603672
0.590093 -0.611306 1.35568 0.139151 0.730416 0.287237 0.603841
0.590054 -0.610935 1.35596 0.139384 0.730268 0.287147 0.604009
0.590017 -0.610563 1.35624 0.139616 0.730118 0.28706 0.604178
0.589979 -0.610191 1.35651 0.139849 0.729968 0.286972 0.604347
0.589941 -0.609818 1.35679 0.140082 0.729817 0.286887 0.604516
0.589903 -0.609445 1.35707 0.140315 0.729666 0.286801 0.604685
0.589865 -0.609071 1.35734 0.140548 0.729514 0.286718 0.604855
0.589827 -0.608697 1.35762 0.140781 0.729361 0.286634 0.605024
0.58979 -0.608322 1.3579 0.141015 0.729207 0.286553 0.605193
0.589752 -0.607947 1.35817 0.141249 0.729054 0.286471 0.605362
0.589714 -0.607571 1.35845 0.141483 0.728899 0.286392 0.605532
0.589676 -0.607195 1.35872 0.141717 0.728744 0.286312 0.605701
0.589639 -0.606818 1.359 0.141951 0.728588 0.286234 0.605871
0.589601 -0.606441 1.35927 0.142186 0.728432 0.286156 0.60604
0.589563 -0.606064 1.35955 0.14242 0.728275 0.28608 0.60621
0.589525 -0.605686 1.35982 0.142655 0.728118 0.286004 0.60638
0.589487 -0.605308 1.3601 0.14289 0.727959 0.285929 0.606549
0.589449 -0.604929 1.36037 0.143126 0.727801 0.285854 0.606719
0.589412 -0.60455 1.36064 0.143361 0.727642 0.285781 0.606888
0.589373 -0.604171 1.36092 0.143597 0.727483 0.285708 0.607058
0.589335 -0.603791 1.36119 0.143832 0.727323 0.285636 0.607228
0.589297 -0.603411 1.36146 0.144068 0.727163 0.285564 0.607397
0.589259 -0.603031 1.36174 0.144304 0.727002 0.285494 0.607567
0.589221 -0.60265 1.36201 0.144541 0.726842 0.285423 0.607736
0.589182 -0.602269 1.36228 0.144777 0.72668 0.285353 0.607906
0.589144 -0.601888 1.36255 0.145014 0.726519 0.285284 0.608075
0.589105 -0.601507 1.36283 0.14525 0.726356 0.285216 0.608244
0.589066 -0.601125 1.3631 0.145487 0.726194 0.285147 0.608413
0.589027 -0.600743 1.36337 0.145724 0.726031 0.28508 0.608583
0.588988 -0.600361 1.36364 0.145961 0.725868 0.285012 0.608752
0.588949 -0.599978 1.36391 0.146199 0.725705 0.284946 0.608921
0.58891 -0.599595 1.36418 0.146436 0.725541 0.284879 0.60909
0.588871 -0.599212 1.36445 0.146674 0.725377 0.284813 0.609259
0.588831 -0.598829 1.36472 0.146912 0.725213 0.284748 0.609427
0.588791 -0.598445 1.36499 0.14715 0.725048 0.284683 0.609596
0.588751 -0.598062 1.36526 0.147388 0.724884 0.284617 0.609765
0.588711 -0.597678 1.36553 0.147626 0.724719 0.284553 0.609933
0.588671 -0.597294 1.3658 0.147864 0.724554 0.284488 0.610101
0.588631 -0.59691 1.36607 0.148103 0.724389 0.284425 0.61027
0.58859 -0.596525 1.36634 0.148341 0.724224 0.28436 0.610438
0.588549 -0.596141 1.36661 0.14858 0.724058 0.284297 0.610606
0.588508 -0.595756 1.36688 0.148819 0.723892 0.284233 0.610773
0.588467 -0.595372 1.36715 0.149058 0.723727 0.28417 0.610941
0.588425 -0.594987 1.36741 0.149297 0.723561 0.284107 0.611108
0.588384 -0.594602 1.36768 0.149536 0.723395 0.284044 0.611276
0.588342 -0.594217 1.36795 0.149775 0.723229 0.283981 0.611443
0.588299 -0.593832 1.36822 0.150015 0.723063 0.283918 0.61161
0.588257 -0.593446 1.36848 0.150254 0.722897 0.283855 0.611776
0.588214 -0.593061 1.36875 0.150494 0.722731 0.283792 0.611943
0.588171 -0.592676 1.36901 0.150734 0.722564 0.283729 0.612109
0.588128 -0.59229 1.36928 0.150974 0.722398 0.283666 0.612275
0.588085 -0.591905 1.36955 0.151214 0.722232 0.283603 0.612441
0.588041 -0.591519 1.36981 0.151454 0.722066 0.28354 0.612607
0.587997 -0.591134 1.37008 0.151694 0.7219 0.283477 0.612772
0.587952 -0.590749 1.37034 0.151934 0.721734 0.283414 0.612938
0.587908 -0.590363 1.37061 0.152174 0.721568 0.28335 0.613103
0.587863 -0.589978 1.37087 0.152415 0.721403 0.283286 0.613267
0.587817 -0.589592 1.37113 0.152655 0.721237 0.283223 0.613432
0.587772 -0.589207 1.3714 0.152896 0.721071 0.283159 0.613596
0.587726 -0.588821 1.37166 0.153136 0.720906 0.283095 0.61376
0.58768 -0.588436 1.37192 0.153377 0.72074 0.283031 0.613924
0.587634 -0.58805 1.37219 0.153618 0.720575 0.282967 0.614088
0.587587 -0.587664 1.37245 0.153859 0.720409 0.282904 0.614251
0.58754 -0.587278 1.37271 0.1541 0.720243 0.28284 0.614414
0.587494 -0.586892 1.37297 0.154341 0.720077 0.282777 0.614578
0.587446 -0.586506 1.37324 0.154582 0.719911 0.282713 0.614741
0.587399 -0.58612 1.3735 0.154824 0.719744 0.282651 0.614904
0.587352 -0.585733 1.37376 0.155066 0.719578 0.282588 0.615066
0.587304 -0.585347 1.37402 0.155307 0.719411 0.282526 0.615229
0.587256 -0.58496 1.37428 0.155549 0.719244 0.282464 0.615392
0.587208 -0.584572 1.37454 0.155792 0.719076 0.282404 0.615554
0.58716 -0.584185 1.3748 0.156034 0.718908 0.282343 0.615717
0.587112 -0.583797 1.37506 0.156276 0.71874 0.282283 0.615879
0.587064 -0.583409 1.37532 0.156519 0.718571 0.282223 0.616042
0.587016 -0.58302 1.37558 0.156762 0.718402 0.282165 0.616204
0.586967 -0.582632 1.37584 0.157005 0.718232 0.282106 0.616367
0.586919 -0.582243 1.3761 0.157248 0.718062 0.282049 0.616529
0.586871 -0.581853 1.37636 0.157492 0.717892 0.281992 0.616691
0.586822 -0.581463 1.37662 0.157736 0.71772 0.281937 0.616854
0.586774 -0.581073 1.37688 0.15798 0.717549 0.281882 0.617016
0.586725 -0.580682 1.37714 0.158224 0.717376 0.281828 0.617179
0.586677 -0.580291 1.37739 0.158468 0.717203 0.281775 0.617342
0.586628 -0.579899 1.37765 0.158713 0.717029 0.281724 0.617504
0.58658 -0.579507 1.37791 0.158958 0.716855 0.281672 0.617667
0.586532 -0.579114 1.37817 0.159204 0.716679 0.281623 0.61783
0.586483 -0.578721 1.37843 0.159449 0.716503 0.281574 0.617993
0.586435 -0.578327 1.37868 0.159695 0.716326 0.281527 0.618156
0.586387 -0.577933 1.37894 0.159941 0.716149 0.28148 0.618319
0.586339 -0.577538 1.3792 0.160188 0.715969 0.281436 0.618483
0.586291 -0.577142 1.37945 0.160434 0.71579 0.281392 0.618646
0.586244 -0.576746 1.37971 0.160682 0.715609 0.281351 0.61881
0.586196 -0.576349 1.37997 0.160929 0.715428 0.28131 0.618974
0.586149 -0.575951 1.38022 0.161177 0.715245 0.281271 0.619139
0.586101 -0.575554 1.38048 0.161425 0.715062 0.281233 0.619303
0.586054 -0.575154 1.38073 0.161673 0.714877 0.281198 0.619468
0.586007 -0.574755 1.38099 0.161922 0.714692 0.281162 0.619632
0.58596 -0.574354 1.38125 0.162171 0.714505 0.28113 0.619798
0.585914 -0.573954 1.3815 0.162421 0.714317 0.281098 0.619963
0.585868 -0.573551 1.38176 0.162671 0.714127 0.28107 0.620129
0.585821 -0.573149 1.38201 0.162921 0.713938 0.281041 0.620294
0.585776 -0.572745 1.38227 0.163172 0.713745 0.281017 0.620461
0.58573 -0.572341 1.38252 0.163423 0.713553 0.280992 0.620627
0.585685 -0.571936 1.38278 0.163675 0.713358 0.280971 0.620795
0.585639 -0.57153 1.38303 0.163927 0.713163 0.28095 0.620962
0.585595 -0.571123 1.38329 0.16418 0.712966 0.280933 0.621129
0.58555 -0.570716 1.38354 0.164433 0.712768 0.280916 0.621297
0.585507 -0.570306 1.38379 0.164686 0.712567 0.280903 0.621466
0.585462 -0.569897 1.38405 0.16494 0.712367 0.28089 0.621634
0.585419 -0.569486 1.3843 0.165195 0.712163 0.280882 0.621804
0.585376 -0.569075 1.38456 0.16545 0.711959 0.280873 0.621973
0.585334 -0.568662 1.38481 0.165705 0.711753 0.28087 0.622143
0.585291 -0.568249 1.38506 0.165961 0.711546 0.280866 0.622313
0.585249 -0.567834 1.38532 0.166218 0.711336 0.280867 0.622484
0.585208 -0.567419 1.38557 0.166475 0.711126 0.280867 0.622655
0.585167 -0.567002 1.38583 0.166732 0.710912 0.280873 0.622828
0.585126 -0.566584 1.38608 0.16699 0.710699 0.280879 0.623
0.585086 -0.566165 1.38633 0.167249 0.710482 0.28089 0.623173
0.585046 -0.565746 1.38659 0.167508 0.710265 0.2809 0.623346
0.585007 -0.565324 1.38684 0.167769 0.710044 0.280916 0.62352
0.584967 -0.564902 1.38709 0.168029 0.709824 0.280932 0.623694
0.584929 -0.564478 1.38735 0.16829 0.709599 0.280954 0.623869
0.584891 -0.564054 1.3876 0.168552 0.709375 0.280975 0.624044
0.584854 -0.563628 1.38785 0.168814 0.709146 0.281002 0.62422
0.584817 -0.563202 1.3881 0.169077 0.708918 0.281028 0.624397
0.584781 -0.562773 1.38836 0.169341 0.708687 0.28106 0.624574
0.584744 -0.562345 1.38861 0.169605 0.708455 0.281091 0.624751
0.584709 -0.561914 1.38886 0.16987 0.70822 0.281128 0.624929
0.584673 -0.561484 1.38912 0.170135 0.707984 0.281164 0.625107
0.584638 -0.561051 1.38937 0.170401 0.707746 0.281205 0.625286
0.584603 -0.560618 1.38962 0.170667 0.707507 0.281246 0.625465
0.584569 -0.560184 1.38987 0.170935 0.707266 0.281291 0.625645
0.584535 -0.559749 1.39012 0.171202 0.707024 0.281337 0.625825
0.584502 -0.559313 1.39038 0.17147 0.706779 0.281386 0.626006
0.584468 -0.558877 1.39063 0.171739 0.706534 0.281436 0.626186
0.584435 -0.558439 1.39088 0.172008 0.706286 0.28149 0.626368
0.584402 -0.558001 1.39113 0.172278 0.706038 0.281543 0.626549
0.58437 -0.557561 1.39138 0.172549 0.705788 0.281601 0.626731
0.584337 -0.557121 1.39164 0.17282 0.705537 0.281658 0.626913
0.584306 -0.55668 1.39189 0.173091 0.705283 0.28172 0.627095
0.584274 -0.556238 1.39214 0.173363 0.70503 0.281781 0.627278
0.584242 -0.555795 1.39239 0.173636 0.704774 0.281845 0.627461
0.584211 -0.555352 1.39264 0.173909 0.704518 0.28191 0.627644
0.58418 -0.554908 1.39289 0.174182 0.704259 0.281978 0.627828
0.584149 -0.554464 1.39314 0.174456 0.704001 0.282045 0.628012
0.584118 -0.554018 1.39339 0.174731 0.703739 0.282116 0.628196
0.584087 -0.553572 1.39365 0.175006 0.703478 0.282187 0.62838
0.584057 -0.553125 1.3939 0.175282 0.703215 0.282261 0.628565
0.584026 -0.552678 1.39415 0.175558 0.702952 0.282335 0.628749
0.583996 -0.55223 1.3944 0.175835 0.702686 0.282411 0.628934
0.583965 -0.551782 1.39465 0.176112 0.702421 0.282488 0.629119
0.583935 -0.551332 1.3949 0.176389 0.702153 0.282567 0.629304
0.583905 -0.550883 1.39515 0.176667 0.701886 0.282646 0.629489
0.583875 -0.550432 1.3954 0.176946 0.701616 0.282727 0.629675
0.583845 -0.549982 1.39565 0.177225 0.701347 0.282808 0.62986
0.583815 -0.549531 1.39589 0.177504 0.701075 0.282892 0.630046
0.583785 -0.549079 1.39614 0.177784 0.700804 0.282975 0.630231
0.583755 -0.548627 1.39639 0.178064 0.700531 0.283061 0.630417
0.583725 -0.548175 1.39664 0.178345 0.700258 0.283146 0.630603
0.583695 -0.547722 1.39689 0.178626 0.699984 0.283233 0.630789
0.583665 -0.547269 1.39714 0.178908 0.699709 0.28332 0.630974
0.583635 -0.546815 1.39739 0.17919 0.699433 0.283409 0.63116
0.583605 -0.546361 1.39763 0.179472 0.699157 0.283497 0.631346
0.583575 -0.545906 1.39788 0.179755 0.69888 0.283588 0.631532
0.583544 -0.545452 1.39813 0.180038 0.698603 0.283678 0.631718
0.583514 -0.544997 1.39838 0.180321 0.698324 0.283769 0.631904
0.583483 -0.544542 1.39862 0.180605 0.698046 0.28386 0.632089
0.583453 -0.544086 1.39887 0.18089 0.697766 0.283952 0.632275
0.583422 -0.543631 1.39912 0.181174 0.697487 0.284045 0.632461
0.583391 -0.543175 1.39936 0.181459 0.697206 0.284138 0.632646
0.58336 -0.542719 1.39961 0.181744 0.696926 0.284231 0.632832
0.583328 -0.542263 1.39986 0.18203 0.696645 0.284325 0.633017
0.583297 -0.541806 1.4001 0.182316 0.696363 0.284418 0.633202
0.583265 -0.54135 1.40035 0.182603 0.696081 0.284513 0.633388
0.583233 -0.540893 1.40059 0.182889 0.695799 0.284607 0.633572
0.583201 -0.540436 1.40084 0.183176 0.695517 0.284701 0.633757
0.583169 -0.53998 1.40108 0.183463 0.695234 0.284796 0.633942
0.583136 -0.539523 1.40133 0.183751 0.694951 0.28489 0.634126
0.583103 -0.539066 1.40157 0.184039 0.694668 0.284985 0.63431
0.58307 -0.538609 1.40182 0.184327 0.694385 0.285079 0.634494
0.583036 -0.538152 1.40206 0.184615 0.694101 0.285174 0.634678
0.583003 -0.537695 1.4023 0.184904 0.693818 0.285268 0.634862
0.582968 -0.537239 1.40255 0.185193 0.693534 0.285362 0.635045
0.582934 -0.536782 1.40279 0.185482 0.693251 0.285456 0.635228
0.582899 -0.536325 1.40303 0.185771 0.692967 0.28555 0.635411
0.582864 -0.535869 1.40328 0.186061 0.692684 0.285643 0.635593
0.582829 -0.535412 1.40352 0.186351 0.6924 0.285736 0.635775
0.582793 -0.534956 1.40376 0.186641 0.692117 0.285829 0.635957
0.582757 -0.534499 1.404 0.186931 0.691833 0.285921 0.636139
0.58272 -0.534043 1.40424 0.187221 0.69155 0.286014 0.63632
0.582683 -0.533587 1.40448 0.187512 0.691267 0.286105 0.636501
0.582646 -0.533131 1.40472 0.187803 0.690983 0.286197 0.636682
0.582609 -0.532675 1.40497 0.188094 0.6907 0.286288 0.636862
0.582571 -0.53222 1.40521 0.188385 0.690417 0.286379 0.637042
0.582532 -0.531764 1.40545 0.188677 0.690134 0.28647 0.637222
0.582494 -0.531308 1.40569 0.188969 0.68985 0.28656 0.637401
0.582455 -0.530853 1.40592 0.189261 0.689567 0.28665 0.637581
0.582415 -0.530398 1.40616 0.189553 0.689284 0.28674 0.63776
0.582376 -0.529942 1.4064 0.189846 0.689001 0.286829 0.637938
0.582336 -0.529487 1.40664 0.190138 0.688718 0.286918 0.638116
0.582295 -0.529032 1.40688 0.190431 0.688435 0.287007 0.638295
0.582255 -0.528577 1.40712 0.190724 0.688152 0.287095 0.638472
0.582214 -0.528122 1.40736 0.191018 0.687869 0.287184 0.63865
0.582172 -0.527668 1.40759 0.191311 0.687587 0.287271 0.638827
0.58213 -0.527213 1.40783 0.191605 0.687304 0.287359 0.639004
0.582088 -0.526758 1.40807 0.191899 0.687021 0.287446 0.63918
0.582046 -0.526304 1.4083 0.192193 0.686738 0.287533 0.639357
0.582003 -0.52585 1.40854 0.192488 0.686456 0.28762 0.639533
0.58196 -0.525396 1.40878 0.192782 0.686173 0.287706 0.639708
0.581916 -0.524941 1.40901 0.193077 0.68589 0.287792 0.639884
0.581872 -0.524488 1.40925 0.193372 0.685608 0.287878 0.640059
0.581828 -0.524034 1.40948 0.193668 0.685325 0.287963 0.640234
0.581783 -0.52358 1.40972 0.193963 0.685043 0.288049 0.640408
0.581739 -0.523126 1.40995 0.194259 0.68476 0.288133 0.640582
0.581693 -0.522673 1.41019 0.194555 0.684478 0.288218 0.640756
0.581648 -0.522219 1.41042 0.194851 0.684196 0.288302 0.64093
0.581602 -0.521766 1.41065 0.195148 0.683913 0.288386 0.641103
0.581555 -0.521313 1.41089 0.195444 0.683631 0.28847 0.641276
0.581509 -0.52086 1.41112 0.195741 0.683349 0.288553 0.641449
0.581462 -0.520407 1.41135 0.196038 0.683067 0.288636 0.641621
0.581414 -0.519954 1.41159 0.196335 0.682785 0.288719 0.641794
0.581367 -0.519501 1.41182 0.196633 0.682503 0.288801 0.641965
0.581318 -0.519048 1.41205 0.196931 0.682221 0.288883 0.642137
0.58127 -0.518596 1.41228 0.197229 0.681939 0.288965 0.642308
0.581221 -0.518143 1.41251 0.197527 0.681657 0.289047 0.642479
0.581172 -0.517691 1.41275 0.197825 0.681375 0.289128 0.64265
0.581123 -0.517239 1.41298 0.198124 0.681093 0.289209 0.64282
0.581073 -0.516787 1.41321 0.198422 0.680811 0.289289 0.64299
0.581023 -0.516335 1.41344 0.198721 0.68053 0.28937 0.64316
0.580972 -0.515883 1.41367 0.199021 0.680248 0.28945 0.643329
0.580921 -0.515431 1.4139 0.19932 0.679966 0.289529 0.643498
0.58087 -0.51498 1.41413 0.19962 0.679685 0.289609 0.643667
0.580819 -0.514528 1.41436 0.19992 0.679403 0.289688 0.643836
0.580767 -0.514077 1.41459 0.20022 0.679122 0.289767 0.644004
0.580714 -0.513625 1.41481 0.20052 0.67884 0.289845 0.644172
0.580662 -0.513174 1.41504 0.20082 0.678559 0.289923 0.64434
0.580609 -0.512723 1.41527 0.201121 0.678278 0.290001 0.644507
0.580556 -0.512272 1.4155 0.201422 0.677996 0.290079 0.644674
0.580502 -0.511822 1.41573 0.201723 0.677715 0.290156 0.644841
0.580448 -0.511371 1.41595 0.202025 0.677434 0.290233 0.645007
0.580394 -0.51092 1.41618 0.202326 0.677153 0.29031 0.645173
0.580339 -0.51047 1.41641 0.202628 0.676872 0.290386 0.645339
0.580284 -0.51002 1.41663 0.20293 0.676591 0.290462 0.645505
0.580228 -0.509569 1.41686 0.203232 0.67631 0.290538 0.64567
0.580173 -0.509119 1.41708 0.203534 0.676029 0.290613 0.645835
0.580117 -0.508669 1.41731 0.203837 0.675748 0.290689 0.645999
0.58006 -0.508219 1.41754 0.20414 0.675467 0.290763 0.646164
0.580003 -0.50777 1.41776 0.204443 0.675187 0.290838 0.646327
0.579946 -0.50732 1.41799 0.204746 0.674906 0.290912 0.646491
0.579889 -0.506871 1.41821 0.20505 0.674625 0.290986 0.646655
0.579831 -0.506421 1.41843 0.205353 0.674345 0.29106 0.646818
0.579773 -0.505972 1.41866 0.205657 0.674064 0.291133 0.64698
0.579714 -0.505523 1.41888 0.205961 0.673784 0.291206 0.647143
0.579655 -0.505074 1.4191 0.206265 0.673504 0.291279 0.647305
0.579596 -0.504625 1.41933 0.20657 0.673223 0.291352 0.647467
0.579537 -0.504176 1.41955 0.206875 0.672943 0.291424 0.647628
0.579477 -0.503728 1.41977 0.20718 0.672663 0.291496 0.64779
0.579416 -0.503279 1.41999 0.207485 0.672383 0.291567 0.647951
0.579356 -0.502831 1.42022 0.20779 0.672103 0.291639 0.648111
0.579295 -0.502383 1.42044 0.208096 0.671823 0.29171 0.648272
0.579234 -0.501935 1.42066 0.208401 0.671543 0.29178 0.648432
0.579172 -0.501487 1.42088 0.208707 0.671263 0.291851 0.648591
0.57911 -0.501039 1.4211 0.209013 0.670983 0.291921 0.648751
0.579048 -0.500591 1.42132 0.20932 0.670703 0.291991 0.64891
0.578985 -0.500144 1.42154 0.209626 0.670424 0.29206 0.649068
0.578922 -0.499696 1.42176 0.209933 0.670144 0.292129 0.649227
0.578858 -0.499249 1.42198 0.21024 0.669864 0.292198 0.649385
0.578795 -0.498802 1.4222 0.210547 0.669585 0.292267 0.649543
0.578731 -0.498354 1.42242 0.210855 0.669305 0.292335 0.6497
0.578666 -0.497908 1.42264 0.211162 0.669026 0.292403 0.649858
0.578601 -0.497461 1.42286 0.21147 0.668747 0.292471 0.650015
0.578536 -0.497014 1.42307 0.211778 0.668467 0.292538 0.650171
0.578471 -0.496567 1.42329 0.212086 0.668188 0.292605 0.650328
0.578405 -0.496121 1.42351 0.212395 0.667909 0.292672 0.650484
0.578339 -0.495675 1.42373 0.212703 0.66763 0.292739 0.650639
0.578272 -0.495229 1.42394 0.213012 0.667351 0.292805 0.650795
0.578206 -0.494783 1.42416 0.213321 0.667072 0.292871 0.65095
0.578138 -0.494337 1.42438 0.21363 0.666793 0.292937 0.651104
0.578071 -0.493891 1.42459 0.21394 0.666515 0.293002 0.651259
0.578003 -0.493445 1.42481 0.214249 0.666236 0.293067 0.651413
0.577935 -0.493 1.42502 0.214559 0.665957 0.293132 0.651567
0.577797 -0.492109 1.42545 0.215179 0.6654 0.29326 0.651873
0.577728 -0.491664 1.42567 0.21549 0.665122 0.293324 0.652026
0.577658 -0.491219 1.42588 0.215801 0.664843 0.293388 0.652179
0.577518 -0.49033 1.42631 0.216422 0.664287 0.293514 0.652483
0.577448 -0.489885 1.42652 0.216734 0.664009 0.293577 0.652635
0.577377 -0.489441 1.42674 0.217045 0.66373 0.293639 0.652786
0.577234 -0.488552 1.42716 0.217669 0.663174 0.293763 0.653088
0.577162 -0.488108 1.42737 0.217981 0.662897 0.293824 0.653238
0.577089 -0.487665 1.42759 0.218293 0.662619 0.293886 0.653388
0.576943 -0.486777 1.42801 0.218918 0.662063 0.294007 0.653687
0.57687 -0.486334 1.42822 0.219231 0.661786 0.294067 0.653836
0.576796 -0.48589 1.42843 0.219544 0.661508 0.294127 0.653985
0.576648 -0.485004 1.42885 0.22017 0.660953 0.294247 0.654282
0.576573 -0.484561 1.42906 0.220484 0.660676 0.294306 0.65443
0.576498 -0.484119 1.42927 0.220798 0.660399 0.294365 0.654577
0.576347 -0.483234 1.42969 0.221426 0.659845 0.294481 0.654871
0.57627 -0.482791 1.4299 0.221741 0.659568 0.294539 0.655018
0.576194 -0.482349 1.43011 0.222055 0.659291 0.294597 0.655164
0.57604 -0.481465 1.43052 0.222685 0.658737 0.294711 0.655456
0.575962 -0.481024 1.43073 0.223 0.65846 0.294768 0.655601
0.575884 -0.480582 1.43094 0.223316 0.658184 0.294825 0.655746
0.575728 -0.479699 1.43135 0.223947 0.657631 0.294937 0.656035
0.575649 -0.479258 1.43156 0.224263 0.657355 0.294992 0.656179
0.57557 -0.478817 1.43176 0.224579 0.657078 0.295048 0.656323
0.57541 -0.477935 1.43217 0.225212 0.656526 0.295158 0.656609
0.57533 -0.477495 1.43238 0.225529 0.65625 0.295212 0.656752
0.575249 -0.477054 1.43258 0.225846 0.655974 0.295266 0.656894
0.575087 -0.476174 1.43299 0.22648 0.655422 0.295374 0.657178
0.575005 -0.475734 1.4332 0.226798 0.655146 0.295427 0.65732
0.574923 -0.475294 1.4334 0.227115 0.654871 0.29548 0.657461
0.574758 -0.474415 1.43381 0.227751 0.65432 0.295585 0.657742
0.574675 -0.473976 1.43401 0.22807 0.654044 0.295637 0.657882
0.574592 -0.473536 1.43421 0.228388 0.653769 0.295689 0.658022
0.574424 -0.472658 1.43462 0.229026 0.653219 0.295792 0.658301
0.57434 -0.472219 1.43482 0.229345 0.652944 0.295843 0.65844
0.574255 -0.471781 1.43502 0.229664 0.652669 0.295893 0.658578
0.574084 -0.470904 1.43542 0.230303 0.652119 0.295994 0.658854
0.573999 -0.470466 1.43562 0.230623 0.651844 0.296044 0.658992
0.573912 -0.470028 1.43582 0.230943 0.65157 0.296093 0.659129
0.573739 -0.469152 1.43622 0.231583 0.65102 0.296191 0.659403
0.573652 -0.468715 1.43642 0.231904 0.650746 0.29624 0.659539
0.573565 -0.468277 1.43662 0.232225 0.650472 0.296288 0.659675
0.573389 -0.467403 1.43702 0.232867 0.649923 0.296384 0.659946
0.5733 -0.466966 1.43722 0.233188 0.649649 0.296432 0.660081
0.573211 -0.466529 1.43741 0.23351 0.649376 0.296479 0.660216
0.573033 -0.465656 1.43781 0.234153 0.648828 0.296572 0.660484
0.572943 -0.46522 1.43801 0.234475 0.648554 0.296619 0.660618
0.572853 -0.464783 1.4382 0.234798 0.648281 0.296665 0.660751
0.572671 -0.463912 1.43859 0.235443 0.647734 0.296756 0.661017
0.57258 -0.463476 1.43879 0.235765 0.64746 0.296801 0.66115
0.572488 -0.46304 1.43899 0.236088 0.647187 0.296846 0.661282
0.572304 -0.46217 1.43938 0.236735 0.646641 0.296935 0.661545
0.572212 -0.461735 1.43957 0.237059 0.646368 0.296979 0.661676
0.572119 -0.4613 1.43976 0.237382 0.646095 0.297023 0.661807
0.571932 -0.460431 1.44015 0.23803 0.64555 0.297109 0.662067
0.571838 -0.459996 1.44035 0.238355 0.645277 0.297152 0.662197
0.571743 -0.459562 1.44054 0.238679 0.645005 0.297195 0.662326
0.571554 -0.458694 1.44092 0.239329 0.64446 0.297279 0.662584
0.571459 -0.45826 1.44112 0.239654 0.644188 0.297321 0.662713
0.571363 -0.457826 1.44131 0.239979 0.643916 0.297362 0.662841
0.571171 -0.45696 1.44169 0.24063 0.643372 0.297444 0.663096
0.571074 -0.456527 1.44188 0.240955 0.6431 0.297485 0.663223
0.570977 -0.456094 1.44207 0.241281 0.642829 0.297525 0.66335
0.570782 -0.455228 1.44245 0.241934 0.642285 0.297605 0.663603
0.570684 -0.454796 1.44264 0.24226 0.642014 0.297644 0.663729
0.570585 -0.454363 1.44283 0.242587 0.641743 0.297684 0.663854
0.570388 -0.453499 1.44321 0.243241 0.6412 0.297761 0.664104
0.570288 -0.453068 1.4434 0.243568 0.640929 0.297799 0.664229
0.570189 -0.452636 1.44359 0.243895 0.640658 0.297838 0.664353
0.569988 -0.451773 1.44396 0.244551 0.640117 0.297913 0.6646
0.569786 -0.450911 1.44434 0.245207 0.639576 0.297987 0.664846
