0.45945 0.149754 2.04241 0.469102 0.501916 0.0223281 0.726309
0.459465 0.149587 2.04207 0.469797 0.501705 0.0236927 0.725963
0.45948 0.149421 2.04172 0.470491 0.501492 0.0250574 0.725614
0.459494 0.149255 2.04138 0.471185 0.501278 0.0264224 0.725263
0.459507 0.149088 2.04103 0.471878 0.501063 0.0277875 0.72491
0.459519 0.148921 2.04068 0.472571 0.500847 0.0291528 0.724554
0.459531 0.148755 2.04033 0.473264 0.500629 0.0305183 0.724196
0.459543 0.148588 2.03998 0.473956 0.500411 0.0318839 0.723836
0.459553 0.14842 2.03963 0.474648 0.500191 0.0332497 0.723473
0.459563 0.148253 2.03927 0.475339 0.499969 0.0346157 0.723108
0.459572 0.148086 2.03892 0.47603 0.499747 0.0359818 0.722741
0.459581 0.147918 2.03856 0.47672 0.499523 0.037348 0.722371
0.459589 0.147751 2.03821 0.47741 0.499298 0.0387144 0.721999
0.459596 0.147583 2.03785 0.4781 0.499072 0.040081 0.721624
0.459602 0.147415 2.03749 0.478789 0.498845 0.0414477 0.721247
0.459608 0.147247 2.03713 0.479477 0.498617 0.0428145 0.720868
0.459614 0.147079 2.03677 0.480165 0.498387 0.0441815 0.720486
0.459618 0.14691 2.0364 0.480853 0.498156 0.0455486 0.720102
0.459622 0.146742 2.03604 0.48154 0.497924 0.0469158 0.719715
0.459625 0.146573 2.03567 0.482226 0.497691 0.0482832 0.719326
0.459628 0.146404 2.03531 0.482913 0.497456 0.0496506 0.718935
0.45963 0.146235 2.03494 0.483598 0.49722 0.0510182 0.718541
0.459631 0.146066 2.03457 0.484283 0.496984 0.0523859 0.718145
0.459632 0.145896 2.0342 0.484968 0.496745 0.0537537 0.717747
0.459632 0.145727 2.03383 0.485651 0.496506 0.0551217 0.717346
0.459631 0.145557 2.03346 0.486335 0.496266 0.0564897 0.716943
0.45963 0.145387 2.03308 0.487018 0.496024 0.0578578 0.716538
0.459628 0.145217 2.03271 0.4877 0.495781 0.059226 0.71613
0.459625 0.145047 2.03233 0.488382 0.495537 0.0605943 0.71572
0.459622 0.144877 2.03196 0.489063 0.495292 0.0619627 0.715307
0.459618 0.144706 2.03158 0.489743 0.495045 0.0633312 0.714892
0.459613 0.144535 2.0312 0.490423 0.494797 0.0646997 0.714475
0.459608 0.144364 2.03082 0.491102 0.494548 0.0660684 0.714056
0.459602 0.144193 2.03043 0.491781 0.494298 0.0674371 0.713634
0.459595 0.144022 2.03005 0.492459 0.494047 0.0688058 0.713209
0.459588 0.14385 2.02967 0.493136 0.493795 0.0701747 0.712783
0.45958 0.143678 2.02928 0.493813 0.493541 0.0715436 0.712353
0.459572 0.143506 2.0289 0.494489 0.493286 0.0729126 0.711922
0.459563 0.143334 2.02851 0.495165 0.49303 0.0742816 0.711488
0.459553 0.143162 2.02812 0.495839 0.492773 0.0756507 0.711052
0.459542 0.142989 2.02773 0.496514 0.492515 0.0770198 0.710614
0.459531 0.142817 2.02734 0.497187 0.492255 0.078389 0.710173
0.459519 0.142644 2.02695 0.49786 0.491994 0.0797582 0.70973
0.459507 0.14247 2.02655 0.498532 0.491732 0.0811274 0.709284
0.459494 0.142297 2.02616 0.499203 0.491469 0.0824967 0.708836
0.45948 0.142124 2.02576 0.499874 0.491205 0.083866 0.708386
0.459465 0.14195 2.02537 0.500544 0.490939 0.0852354 0.707933
0.45945 0.141776 2.02497 0.501213 0.490673 0.0866048 0.707478
0.459435 0.141601 2.02457 0.501881 0.490405 0.0879742 0.707021
0.459418 0.141427 2.02417 0.502549 0.490136 0.0893436 0.706561
0.459401 0.141252 2.02377 0.503216 0.489866 0.090713 0.706099
0.459384 0.141077 2.02337 0.503882 0.489595 0.0920824 0.705635
0.459365 0.140902 2.02296 0.504547 0.489322 0.0934519 0.705168
0.459346 0.140727 2.02256 0.505212 0.489048 0.0948213 0.704699
0.459327 0.140551 2.02215 0.505876 0.488774 0.0961908 0.704228
0.459306 0.140376 2.02175 0.506539 0.488498 0.0975602 0.703755
0.459285 0.1402 2.02134 0.507201 0.48822 0.0989296 0.703279
0.459264 0.140023 2.02093 0.507863 0.487942 0.100299 0.7028
0.459242 0.139847 2.02052 0.508523 0.487663 0.101668 0.70232
0.459219 0.13967 2.02011 0.509183 0.487382 0.103038 0.701837
0.459195 0.139493 2.01969 0.509842 0.4871 0.104407 0.701351
0.459171 0.139316 2.01928 0.5105 0.486817 0.105777 0.700864
0.459146 0.139138 2.01887 0.511158 0.486533 0.107146 0.700374
0.459121 0.138961 2.01845 0.511814 0.486248 0.108515 0.699881
0.459095 0.138783 2.01803 0.51247 0.485961 0.109884 0.699387
0.459068 0.138604 2.01762 0.513124 0.485674 0.111254 0.69889
0.45904 0.138426 2.0172 0.513778 0.485385 0.112623 0.698391
0.459012 0.138247 2.01678 0.514431 0.485095 0.113992 0.697889
0.458984 0.138068 2.01635 0.515083 0.484804 0.115361 0.697385
0.458954 0.137889 2.01593 0.515734 0.484512 0.11673 0.696879
0.458924 0.13771 2.01551 0.516385 0.484219 0.118099 0.696371
0.458893 0.13753 2.01508 0.517034 0.483924 0.119468 0.69586
0.458862 0.13735 2.01466 0.517682 0.483629 0.120837 0.695347
0.45883 0.13717 2.01423 0.51833 0.483332 0.122206 0.694831
0.458798 0.136989 2.0138 0.518976 0.483034 0.123574 0.694314
0.458764 0.136808 2.01337 0.519622 0.482735 0.124943 0.693794
0.45873 0.136627 2.01294 0.520267 0.482435 0.126311 0.693271
0.458696 0.136446 2.01251 0.52091 0.482133 0.12768 0.692747
0.45866 0.136264 2.01208 0.521553 0.481831 0.129048 0.69222
0.458625 0.136083 2.01165 0.522195 0.481527 0.130417 0.691691
0.458588 0.1359 2.01121 0.522835 0.481223 0.131785 0.691159
0.458551 0.135718 2.01078 0.523475 0.480917 0.133153 0.690625
0.458513 0.135535 2.01034 0.524114 0.48061 0.134521 0.690089
0.458475 0.135352 2.0099 0.524751 0.480302 0.135889 0.689551
0.458435 0.135169 2.00947 0.525388 0.479992 0.137257 0.68901
0.458396 0.134986 2.00903 0.526024 0.479682 0.138624 0.688467
0.458355 0.134802 2.00859 0.526659 0.47937 0.139992 0.687922
0.458314 0.134618 2.00814 0.527292 0.479058 0.141359 0.687375
0.458272 0.134433 2.0077 0.527925 0.478744 0.142727 0.686825
0.45823 0.134249 2.00726 0.528556 0.478429 0.144094 0.686273
0.458187 0.134064 2.00681 0.529187 0.478113 0.145461 0.685719
0.458143 0.133878 2.00637 0.529816 0.477796 0.146828 0.685162
0.458099 0.133693 2.00592 0.530444 0.477478 0.148195 0.684604
0.458054 0.133507 2.00547 0.531071 0.477158 0.149562 0.684043
0.458008 0.133321 2.00502 0.531697 0.476838 0.150928 0.683479
0.457962 0.133134 2.00457 0.532322 0.476516 0.152295 0.682914
0.457915 0.132948 2.00412 0.532946 0.476194 0.153661 0.682346
0.457867 0.132761 2.00367 0.533569 0.47587 0.155027 0.681776
0.457819 0.132573 2.00321 0.534191 0.475545 0.156393 0.681204
0.45777 0.132386 2.00276 0.534811 0.475219 0.157759 0.680629
0.457721 0.132198 2.0023 0.535431 0.474892 0.159124 0.680052
0.45767 0.13201 2.00185 0.536049 0.474564 0.16049 0.679473
0.45762 0.131821 2.00139 0.536666 0.474234 0.161855 0.678892
0.457568 0.131632 2.00093 0.537282 0.473904 0.16322 0.678309
0.457516 0.131443 2.00047 0.537896 0.473572 0.164585 0.677723
0.457463 0.131254 2.00001 0.53851 0.47324 0.16595 0.677135
0.45741 0.131064 1.99955 0.539122 0.472906 0.167315 0.676545
0.457355 0.130874 1.99909 0.539733 0.472571 0.168679 0.675952
0.457301 0.130683 1.99863 0.540343 0.472235 0.170044 0.675358
0.457245 0.130493 1.99816 0.540952 0.471898 0.171408 0.674761
0.457189 0.130302 1.9977 0.54156 0.47156 0.172771 0.674162
0.457132 0.13011 1.99723 0.542166 0.471221 0.174135 0.673561
0.457075 0.129919 1.99676 0.542771 0.470881 0.175499 0.672957
0.457017 0.129727 1.99629 0.543375 0.470539 0.176862 0.672352
0.456958 0.129534 1.99582 0.543977 0.470197 0.178225 0.671744
0.456899 0.129342 1.99535 0.544579 0.469853 0.179588 0.671134
0.456839 0.129149 1.99488 0.545179 0.469508 0.18095 0.670521
0.456778 0.128956 1.99441 0.545778 0.469163 0.182313 0.669907
0.456717 0.128762 1.99393 0.546375 0.468816 0.183675 0.66929
0.456655 0.128568 1.99346 0.546971 0.468468 0.185037 0.668671
0.456592 0.128374 1.99298 0.547566 0.468119 0.186398 0.66805
0.456529 0.128179 1.99251 0.54816 0.467769 0.18776 0.667427
0.456465 0.127984 1.99203 0.548752 0.467418 0.189121 0.666802
0.4564 0.127789 1.99155 0.549343 0.467066 0.190482 0.666174
0.456335 0.127593 1.99107 0.549933 0.466712 0.191843 0.665545
0.456269 0.127398 1.99059 0.550521 0.466358 0.193203 0.664913
0.456203 0.127201 1.99011 0.551108 0.466003 0.194564 0.664279
0.456135 0.127005 1.98963 0.551694 0.465646 0.195924 0.663642
0.456067 0.126808 1.98915 0.552278 0.465289 0.197283 0.663004
0.455999 0.126611 1.98866 0.552861 0.46493 0.198643 0.662364
0.45593 0.126413 1.98818 0.553443 0.46457 0.200002 0.661721
0.45586 0.126215 1.98769 0.554023 0.46421 0.201361 0.661076
0.455789 0.126017 1.9872 0.554602 0.463848 0.20272 0.660429
0.455718 0.125818 1.98672 0.555179 0.463485 0.204078 0.65978
0.455646 0.125619 1.98623 0.555755 0.463121 0.205436 0.659129
0.455574 0.12542 1.98574 0.55633 0.462756 0.206794 0.658476
0.455501 0.12522 1.98525 0.556903 0.46239 0.208152 0.65782
0.455427 0.125021 1.98475 0.557475 0.462023 0.209509 0.657162
0.455353 0.124821 1.98426 0.558045 0.461655 0.210867 0.656503
0.455278 0.12462 1.98377 0.558614 0.461285 0.212224 0.655841
0.455202 0.124419 1.98327 0.559182 0.460915 0.21358 0.655177
0.455127 0.124218 1.98278 0.559747 0.460544 0.214937 0.654511
0.45505 0.124017 1.98228 0.560312 0.460171 0.216293 0.653843
0.454973 0.123815 1.98178 0.560875 0.459798 0.217649 0.653172
0.454895 0.123613 1.98129 0.561437 0.459423 0.219004 0.6525
0.454816 0.123411 1.98079 0.561997 0.459048 0.22036 0.651826
0.454738 0.123209 1.98029 0.562555 0.458671 0.221715 0.651149
0.454658 0.123006 1.97979 0.563112 0.458293 0.22307 0.65047
0.454578 0.122803 1.97928 0.563668 0.457914 0.224424 0.64979
0.454497 0.1226 1.97878 0.564222 0.457534 0.225779 0.649107
0.454416 0.122396 1.97828 0.564774 0.457153 0.227133 0.648422
0.454335 0.122192 1.97777 0.565325 0.456772 0.228487 0.647735
0.454252 0.121988 1.97727 0.565875 0.456388 0.22984 0.647046
0.45417 0.121784 1.97676 0.566422 0.456004 0.231194 0.646355
0.454086 0.12158 1.97625 0.566969 0.455619 0.232547 0.645662
0.454003 0.121375 1.97575 0.567513 0.455233 0.2339 0.644967
0.453918 0.121169 1.97524 0.568057 0.454846 0.235253 0.64427
0.453833 0.120964 1.97473 0.568598 0.454457 0.236605 0.64357
0.453748 0.120759 1.97422 0.569138 0.454068 0.237958 0.642869
0.453662 0.120553 1.9737 0.569676 0.453677 0.239309 0.642166
0.453576 0.120347 1.97319 0.570213 0.453286 0.240661 0.64146
0.453489 0.120141 1.97268 0.570748 0.452893 0.242013 0.640753
0.453402 0.119934 1.97216 0.571281 0.452499 0.243364 0.640044
0.453314 0.119727 1.97165 0.571813 0.452105 0.244715 0.639332
0.453226 0.11952 1.97113 0.572343 0.451709 0.246065 0.638619
0.453138 0.119313 1.97062 0.572872 0.451312 0.247416 0.637903
0.453049 0.119106 1.9701 0.573399 0.450914 0.248767 0.637186
0.452959 0.118898 1.96958 0.573924 0.450515 0.250117 0.636466
0.452869 0.11869 1.96906 0.574447 0.450115 0.251466 0.635745
0.452778 0.118483 1.96854 0.574969 0.449714 0.252816 0.635021
0.452688 0.118274 1.96802 0.575489 0.449312 0.254165 0.634296
0.452596 0.118066 1.9675 0.576007 0.448908 0.255514 0.633568
0.452504 0.117857 1.96698 0.576524 0.448504 0.256863 0.632839
0.452412 0.117649 1.96645 0.577039 0.448099 0.258212 0.632108
0.45232 0.11744 1.96593 0.577552 0.447692 0.259561 0.631374
0.452227 0.11723 1.9654 0.578064 0.447285 0.260909 0.630639
0.452133 0.117021 1.96488 0.578573 0.446877 0.262256 0.629901
0.45204 0.116811 1.96435 0.579081 0.446467 0.263604 0.629162
0.451946 0.116602 1.96382 0.579587 0.446056 0.264952 0.628421
0.451851 0.116391 1.9633 0.580092 0.445645 0.266299 0.627678
0.451756 0.116181 1.96277 0.580594 0.445232 0.267646 0.626932
0.451661 0.115971 1.96224 0.581095 0.444818 0.268993 0.626185
0.451565 0.115761 1.96171 0.581594 0.444403 0.27034 0.625436
0.451469 0.11555 1.96118 0.582091 0.443987 0.271686 0.624685
0.451372 0.115339 1.96064 0.582587 0.44357 0.273032 0.623932
0.451276 0.115128 1.96011 0.58308 0.443152 0.274378 0.623177
0.451179 0.114917 1.95958 0.583572 0.442733 0.275724 0.622421
0.451081 0.114705 1.95904 0.584062 0.442313 0.277069 0.621662
0.450983 0.114493 1.95851 0.58455 0.441892 0.278414 0.620901
0.450885 0.114282 1.95797 0.585036 0.44147 0.279759 0.620139
0.450787 0.11407 1.95743 0.58552 0.441046 0.281104 0.619374
0.450688 0.113858 1.9569 0.586003 0.440622 0.282449 0.618608
0.450588 0.113645 1.95636 0.586484 0.440197 0.283793 0.617839
0.450489 0.113433 1.95582 0.586962 0.43977 0.285137 0.617069
0.45039 0.113221 1.95528 0.587439 0.439343 0.286481 0.616297
0.45029 0.113008 1.95474 0.587914 0.438914 0.287825 0.615523
0.450189 0.112795 1.9542 0.588387 0.438485 0.289168 0.614747
0.450089 0.112583 1.95365 0.588858 0.438054 0.290511 0.61397
0.449988 0.11237 1.95311 0.589327 0.437622 0.291855 0.61319
0.449886 0.112156 1.95257 0.589794 0.437189 0.293197 0.612408
0.449784 0.111942 1.95202 0.590259 0.436756 0.294539 0.611625
0.449683 0.111729 1.95148 0.590722 0.436321 0.295882 0.61084
0.449581 0.111516 1.95093 0.591183 0.435885 0.297224 0.610053
0.449479 0.111302 1.95039 0.591643 0.435448 0.298566 0.609264
0.449376 0.111087 1.94984 0.5921 0.43501 0.299907 0.608473
0.449273 0.110874 1.94929 0.592555 0.434571 0.301249 0.60768
0.449171 0.11066 1.94874 0.593008 0.434131 0.302591 0.606886
0.449067 0.110445 1.94819 0.59346 0.43369 0.303932 0.606089
0.448963 0.11023 1.94764 0.593909 0.433248 0.305272 0.605291
0.44886 0.110016 1.94709 0.594356 0.432804 0.306613 0.604491
0.448756 0.109801 1.94654 0.594801 0.43236 0.307954 0.603689
0.448652 0.109586 1.94599 0.595244 0.431915 0.309294 0.602886
0.448546 0.109371 1.94544 0.595685 0.431469 0.310633 0.60208
0.448442 0.109156 1.94488 0.596124 0.431021 0.311973 0.601273
0.448338 0.108941 1.94433 0.596561 0.430573 0.313313 0.600464
0.448233 0.108726 1.94378 0.596996 0.430123 0.314652 0.599653
0.448126 0.108509 1.94322 0.597429 0.429673 0.315991 0.59884
0.448022 0.108294 1.94266 0.59786 0.429221 0.31733 0.598026
0.447916 0.108079 1.94211 0.598288 0.428768 0.318669 0.597209
0.44781 0.107863 1.94155 0.598714 0.428315 0.320008 0.596391
0.447703 0.107646 1.94099 0.599139 0.42786 0.321345 0.595571
0.447598 0.107431 1.94043 0.599561 0.427404 0.322684 0.59475
0.447492 0.107215 1.93987 0.599981 0.426947 0.324022 0.593926
0.447385 0.106998 1.93931 0.600399 0.42649 0.325359 0.593101
0.447278 0.106781 1.93875 0.600815 0.426031 0.326696 0.592274
0.447172 0.106565 1.93819 0.601228 0.425571 0.328034 0.591445
0.447065 0.106349 1.93763 0.601639 0.42511 0.329371 0.590615
0.446957 0.106132 1.93707 0.602049 0.424648 0.330708 0.589783
0.446849 0.105914 1.9365 0.602456 0.424185 0.332044 0.588949
0.446743 0.105698 1.93594 0.602861 0.423721 0.333381 0.588113
0.446635 0.105481 1.93537 0.603263 0.423256 0.334717 0.587275
0.446527 0.105264 1.93481 0.603663 0.42279 0.336053 0.586436
0.446419 0.105046 1.93424 0.604062 0.422323 0.337388 0.585595
0.446312 0.104829 1.93368 0.604458 0.421854 0.338724 0.584753
0.446204 0.104612 1.93311 0.604851 0.421385 0.34006 0.583908
0.446096 0.104394 1.93254 0.605243 0.420915 0.341395 0.583062
0.445986 0.104176 1.93197 0.605632 0.420444 0.342729 0.582214
0.445879 0.103958 1.9314 0.606019 0.419971 0.344065 0.581365
0.445771 0.103741 1.93084 0.606403 0.419498 0.345399 0.580514
0.445662 0.103522 1.93027 0.606786 0.419024 0.346733 0.579661
0.445552 0.103304 1.92969 0.607166 0.418549 0.348067 0.578806
0.445445 0.103086 1.92912 0.607543 0.418072 0.349401 0.57795
0.445336 0.102868 1.92855 0.607919 0.417594 0.350735 0.577092
0.445227 0.102649 1.92798 0.608292 0.417116 0.352069 0.576232
0.445117 0.10243 1.92741 0.608663 0.416637 0.353401 0.575371
0.445009 0.102212 1.92683 0.609031 0.416156 0.354735 0.574508
0.4449 0.101994 1.92626 0.609397 0.415674 0.356068 0.573643
0.444791 0.101775 1.92568 0.609761 0.415192 0.3574 0.572776
0.444681 0.101555 1.92511 0.610122 0.414708 0.358732 0.571908
0.444572 0.101337 1.92453 0.610481 0.414223 0.360065 0.571039
0.444464 0.101118 1.92396 0.610837 0.413738 0.361397 0.570167
0.444354 0.100899 1.92338 0.611192 0.413251 0.362729 0.569294
0.444244 0.100679 1.9228 0.611544 0.412763 0.36406 0.56842
0.444135 0.10046 1.92222 0.611893 0.412274 0.365392 0.567544
0.444026 0.100241 1.92165 0.61224 0.411785 0.366724 0.566666
0.443917 0.100021 1.92107 0.612584 0.411294 0.368054 0.565786
0.443806 0.0998005 1.92049 0.612926 0.410802 0.369384 0.564905
0.443698 0.0995814 1.91991 0.613266 0.410309 0.370716 0.564022
0.443589 0.0993618 1.91933 0.613603 0.409815 0.372046 0.563138
0.443479 0.0991416 1.91874 0.613938 0.409321 0.373376 0.562252
0.443368 0.0989209 1.91816 0.61427 0.408825 0.374705 0.561365
0.44326 0.0987013 1.91758 0.6146 0.408328 0.376036 0.560475
0.443151 0.0984812 1.917 0.614927 0.40783 0.377366 0.559585
0.443041 0.0982605 1.91641 0.615252 0.407331 0.378695 0.558692
0.44293 0.0980393 1.91583 0.615574 0.406831 0.380023 0.557798
0.442821 0.0978191 1.91525 0.615894 0.40633 0.381352 0.556903
0.442712 0.0975984 1.91466 0.616211 0.405828 0.382681 0.556006
0.442601 0.0973772 1.91408 0.616526 0.405325 0.384009 0.555107
0.44249 0.0971553 1.91349 0.616839 0.404822 0.385336 0.554207
0.442381 0.0969345 1.9129 0.617148 0.404317 0.386664 0.553305
0.442271 0.0967131 1.91232 0.617456 0.403811 0.387991 0.552402
0.442161 0.0964912 1.91173 0.61776 0.403304 0.389318 0.551497
0.442049 0.0962686 1.91114 0.618063 0.402797 0.390644 0.550591
0.44194 0.096047 1.91055 0.618362 0.402288 0.391971 0.549683
0.441829 0.0958248 1.90997 0.618659 0.401778 0.393297 0.548774
0.441718 0.0956021 1.90938 0.618954 0.401268 0.394622 0.547863
0.441606 0.0953787 1.90879 0.619246 0.400756 0.395947 0.54695
0.441496 0.0951562 1.9082 0.619535 0.400244 0.397272 0.546036
0.441385 0.0949332 1.90761 0.619822 0.39973 0.398597 0.545121
0.441273 0.0947095 1.90701 0.620107 0.399216 0.399921 0.544204
0.44116 0.0944853 1.90642 0.620389 0.398701 0.401244 0.543286
0.441049 0.0942618 1.90583 0.620667 0.398184 0.402568 0.542366
0.440937 0.0940378 1.90524 0.620944 0.397667 0.403891 0.541445
0.440825 0.0938131 1.90465 0.621218 0.397149 0.405213 0.540522
0.440712 0.0935879 1.90405 0.62149 0.39663 0.406534 0.539597
0.4406 0.0933634 1.90346 0.621758 0.39611 0.407857 0.538672
0.440487 0.0931383 1.90286 0.622024 0.395589 0.409178 0.537744
0.440374 0.0929126 1.90227 0.622288 0.395067 0.410498 0.536816
0.440259 0.0926863 1.90167 0.622549 0.394544 0.411818 0.535886
0.440147 0.0924606 1.90108 0.622807 0.39402 0.413139 0.534954
0.440033 0.0922344 1.90048 0.623062 0.393496 0.414458 0.534021
0.439918 0.0920075 1.89989 0.623315 0.39297 0.415777 0.533087
0.439803 0.0917801 1.89929 0.623566 0.392444 0.417095 0.532151
0.439689 0.0915532 1.89869 0.623813 0.391917 0.418413 0.531214
0.439575 0.0913257 1.89809 0.624058 0.391389 0.419731 0.530276
0.439459 0.0910976 1.8975 0.624301 0.39086 0.421047 0.529336
0.439343 0.090869 1.8969 0.624541 0.39033 0.422363 0.528394
0.439227 0.0906408 1.8963 0.624778 0.389799 0.42368 0.527452
0.439112 0.090412 1.8957 0.625012 0.389267 0.424995 0.526507
0.438995 0.0901826 1.8951 0.625244 0.388735 0.42631 0.525562
0.438877 0.0899526 1.8945 0.625473 0.388202 0.427624 0.524615
0.438761 0.0897231 1.8939 0.625699 0.387667 0.428938 0.523667
0.438643 0.0894929 1.8933 0.625923 0.387132 0.430251 0.522718
0.438525 0.0892621 1.89269 0.626144 0.386596 0.431563 0.521767
0.438406 0.0890308 1.89209 0.626362 0.38606 0.432875 0.520815
0.438288 0.0887997 1.89149 0.626577 0.385522 0.434187 0.519861
0.43817 0.0885681 1.89089 0.62679 0.384983 0.435498 0.518906
0.43805 0.0883359 1.89028 0.627 0.384444 0.436808 0.51795
0.43793 0.0881031 1.88968 0.627208 0.383904 0.438117 0.516993
0.43781 0.0878706 1.88908 0.627412 0.383363 0.439426 0.516034
0.43769 0.0876375 1.88847 0.627614 0.382821 0.440735 0.515074
0.437569 0.0874037 1.88787 0.627814 0.382278 0.442043 0.514113
0.437447 0.0871694 1.88726 0.62801 0.381735 0.443349 0.51315
0.437326 0.0869353 1.88666 0.628204 0.38119 0.444656 0.512187
0.437204 0.0867006 1.88605 0.628395 0.380645 0.445962 0.511221
0.437081 0.0864653 1.88545 0.628583 0.380099 0.447267 0.510255
0.436957 0.0862294 1.88484 0.628769 0.379552 0.448571 0.509288
0.436834 0.0859936 1.88423 0.628951 0.379005 0.449875 0.508319
0.43671 0.0857573 1.88362 0.629131 0.378456 0.451179 0.507349
0.436586 0.0855203 1.88302 0.629308 0.377907 0.452481 0.506378
0.43646 0.0852828 1.88241 0.629483 0.377357 0.453782 0.505405
0.436336 0.0850454 1.8818 0.629654 0.376806 0.455084 0.504432
0.43621 0.0848073 1.88119 0.629823 0.376255 0.456384 0.503457
0.436083 0.0845687 1.88058 0.629989 0.375702 0.457684 0.502481
0.435956 0.0843295 1.87997 0.630153 0.375149 0.458982 0.501504
0.435829 0.0840903 1.87936 0.630313 0.374595 0.460281 0.500525
0.435701 0.0838505 1.87875 0.630471 0.374041 0.461578 0.499546
0.435573 0.0836101 1.87814 0.630626 0.373485 0.462875 0.498565
0.435443 0.0833692 1.87753 0.630778 0.372929 0.46417 0.497583
0.435314 0.0831282 1.87692 0.630927 0.372372 0.465466 0.4966
0.435184 0.0828866 1.87631 0.631074 0.371814 0.46676 0.495616
0.435054 0.0826445 1.8757 0.631217 0.371256 0.468054 0.494631
0.434922 0.0824017 1.87509 0.631358 0.370697 0.469346 0.493644
0.434791 0.0821589 1.87448 0.631496 0.370137 0.470638 0.492657
0.434659 0.0819155 1.87386 0.631632 0.369576 0.47193 0.491668
0.434526 0.0816715 1.87325 0.631764 0.369014 0.47322 0.490678
0.434392 0.0814269 1.87264 0.631894 0.368452 0.474509 0.489688
0.434258 0.0811822 1.87202 0.63202 0.367889 0.475798 0.488696
0.434123 0.0809369 1.87141 0.632144 0.367326 0.477086 0.487703
0.433988 0.080691 1.8708 0.632265 0.366761 0.478373 0.486709
0.433852 0.0804445 1.87018 0.632384 0.366196 0.479659 0.485714
0.433716 0.0801979 1.86957 0.632499 0.36563 0.480945 0.484718
0.433579 0.0799507 1.86895 0.632612 0.365064 0.482229 0.483721
0.433441 0.0797029 1.86834 0.632721 0.364496 0.483513 0.482723
0.433302 0.0794545 1.86772 0.632828 0.363929 0.484795 0.481724
0.433163 0.0792059 1.8671 0.632932 0.36336 0.486077 0.480723
0.433024 0.0789568 1.86649 0.633033 0.36279 0.487358 0.479722
0.432883 0.078707 1.86587 0.633132 0.36222 0.488638 0.47872
0.432742 0.0784567 1.86526 0.633227 0.36165 0.489917 0.477717
0.432601 0.0782061 1.86464 0.63332 0.361078 0.491196 0.476713
0.432458 0.077955 1.86402 0.63341 0.360506 0.492473 0.475708
0.432315 0.0777032 1.8634 0.633496 0.359933 0.49375 0.474702
0.432171 0.0774509 1.86279 0.63358 0.35936 0.495025 0.473695
0.432027 0.0771983 1.86217 0.633661 0.358786 0.4963 0.472687
0.431882 0.0769451 1.86155 0.63374 0.358211 0.497573 0.471678
0.431736 0.0766914 1.86093 0.633815 0.357635 0.498846 0.470668
0.431589 0.0764371 1.86031 0.633887 0.357059 0.500117 0.469657
0.431442 0.0761824 1.8597 0.633957 0.356482 0.501388 0.468646
0.431294 0.0759272 1.85908 0.634024 0.355905 0.502658 0.467633
0.431145 0.0756715 1.85846 0.634087 0.355327 0.503926 0.46662
0.430995 0.0754151 1.85784 0.634148 0.354748 0.505194 0.465606
0.430845 0.0751584 1.85722 0.634206 0.354169 0.506461 0.46459
0.430694 0.0749011 1.8566 0.634261 0.353589 0.507727 0.463574
0.430542 0.0746433 1.85598 0.634314 0.353008 0.508991 0.462558
0.430389 0.0743849 1.85536 0.634363 0.352427 0.510255 0.46154
0.430236 0.0741261 1.85474 0.634409 0.351845 0.511518 0.460521
0.430082 0.0738668 1.85411 0.634453 0.351262 0.512779 0.459502
0.429927 0.0736068 1.85349 0.634493 0.350679 0.51404 0.458482
0.429771 0.0733464 1.85287 0.634531 0.350096 0.515299 0.457461
0.429614 0.0730855 1.85225 0.634566 0.349511 0.516558 0.456439
0.429457 0.072824 1.85163 0.634598 0.348926 0.517815 0.455416
0.429298 0.072562 1.85101 0.634627 0.348341 0.519071 0.454393
0.429139 0.0722995 1.85039 0.634653 0.347754 0.520327 0.453369
0.428979 0.0720365 1.84976 0.634676 0.347168 0.521581 0.452344
0.428818 0.0717729 1.84914 0.634696 0.34658 0.522834 0.451318
0.428657 0.0715088 1.84852 0.634713 0.345992 0.524086 0.450292
0.428494 0.0712442 1.84789 0.634728 0.345404 0.525337 0.449265
0.428331 0.070979 1.84727 0.634739 0.344815 0.526586 0.448237
0.428167 0.0707134 1.84665 0.634747 0.344225 0.527835 0.447208
0.428001 0.0704471 1.84602 0.634753 0.343635 0.529083 0.446179
0.427835 0.0701804 1.8454 0.634756 0.343044 0.530329 0.445149
0.427668 0.0699131 1.84478 0.634755 0.342452 0.531574 0.444118
0.427501 0.0696453 1.84415 0.634752 0.34186 0.532818 0.443087
0.427332 0.069377 1.84353 0.634746 0.341268 0.534061 0.442055
0.427162 0.0691081 1.84291 0.634737 0.340675 0.535303 0.441022
0.426992 0.0688387 1.84228 0.634725 0.340081 0.536544 0.439989
0.42682 0.0685688 1.84166 0.63471 0.339487 0.537783 0.438955
0.426648 0.0682984 1.84103 0.634692 0.338892 0.539021 0.43792
0.426475 0.0680274 1.84041 0.634671 0.338297 0.540258 0.436885
0.426301 0.067756 1.83978 0.634648 0.337701 0.541494 0.435849
0.426126 0.0674841 1.83916 0.634621 0.337105 0.542729 0.434813
0.42595 0.0672116 1.83853 0.634591 0.336508 0.543963 0.433775
0.425773 0.0669386 1.83791 0.634558 0.33591 0.545195 0.432738
0.425596 0.0666653 1.83728 0.634523 0.335312 0.546427 0.431699
0.425418 0.0663914 1.83665 0.634484 0.334713 0.547657 0.430661
0.425238 0.0661171 1.83603 0.634442 0.334114 0.548886 0.429621
0.425058 0.0658422 1.8354 0.634398 0.333515 0.550114 0.428581
0.424878 0.065567 1.83478 0.63435 0.332914 0.551341 0.427541
0.424696 0.0652913 1.83415 0.634299 0.332313 0.552567 0.4265
0.424514 0.0650152 1.83352 0.634246 0.331712 0.553792 0.425458
0.424331 0.0647385 1.8329 0.634189 0.33111 0.555015 0.424416
0.424147 0.0644616 1.83227 0.634129 0.330508 0.556238 0.423373
0.423963 0.0641842 1.83165 0.634066 0.329905 0.557459 0.42233
0.423777 0.0639062 1.83102 0.634 0.329301 0.55868 0.421286
0.423591 0.0636279 1.83039 0.633931 0.328697 0.559899 0.420242
0.423405 0.0633493 1.82977 0.633859 0.328092 0.561117 0.419197
0.423217 0.0630702 1.82914 0.633784 0.327487 0.562334 0.418152
0.423029 0.0627907 1.82851 0.633706 0.326881 0.56355 0.417106
0.42284 0.0625107 1.82788 0.633625 0.326275 0.564764 0.41606
0.422651 0.0622306 1.82726 0.63354 0.325668 0.565979 0.415013
0.422461 0.06195 1.82663 0.633453 0.32506 0.567191 0.413966
0.42227 0.0616689 1.826 0.633362 0.324452 0.568403 0.412918
0.422078 0.0613873 1.82538 0.633269 0.323844 0.569613 0.41187
0.421886 0.0611057 1.82475 0.633172 0.323234 0.570823 0.410821
0.421694 0.0608236 1.82412 0.633072 0.322625 0.572032 0.409772
0.4215 0.060541 1.82349 0.632968 0.322014 0.573239 0.408723
0.421306 0.060258 1.82287 0.632862 0.321404 0.574445 0.407673
0.421112 0.059975 1.82224 0.632753 0.320792 0.575651 0.406623
0.420917 0.0596915 1.82161 0.63264 0.32018 0.576855 0.405572
0.420721 0.0594076 1.82099 0.632525 0.319568 0.578059 0.404521
0.420524 0.0591231 1.82036 0.632406 0.318955 0.57926 0.40347
0.420328 0.0588388 1.81973 0.632284 0.318341 0.580462 0.402418
0.42013 0.058554 1.8191 0.632158 0.317727 0.581662 0.401366
0.419932 0.0582687 1.81848 0.63203 0.317112 0.582862 0.400313
0.419733 0.0579829 1.81785 0.631899 0.316497 0.584059 0.39926
0.419535 0.0576973 1.81722 0.631763 0.315881 0.585257 0.398207
0.419335 0.0574113 1.81659 0.631625 0.315264 0.586453 0.397153
0.419135 0.0571247 1.81597 0.631484 0.314647 0.587648 0.396099
0.418934 0.0568377 1.81534 0.63134 0.31403 0.588842 0.395045
0.418733 0.0565509 1.81471 0.631192 0.313412 0.590035 0.39399
0.418532 0.0562636 1.81409 0.631041 0.312793 0.591228 0.392935
0.41833 0.0559759 1.81346 0.630887 0.312174 0.592419 0.39188
0.418126 0.0556877 1.81283 0.630729 0.311554 0.593608 0.390824
0.417924 0.0553997 1.8122 0.630568 0.310933 0.594798 0.389768
0.417721 0.0551113 1.81158 0.630404 0.310312 0.595986 0.388712
0.417517 0.0548225 1.81095 0.630237 0.309691 0.597173 0.387655
0.417312 0.0545331 1.81032 0.630067 0.309069 0.598359 0.386599
0.417108 0.0542441 1.8097 0.629892 0.308446 0.599545 0.385542
0.416903 0.0539546 1.80907 0.629715 0.307823 0.600729 0.384484
0.416697 0.0536647 1.80844 0.629535 0.307199 0.601912 0.383427
0.416491 0.0533743 1.80782 0.629351 0.306575 0.603094 0.382369
0.416285 0.0530842 1.80719 0.629164 0.30595 0.604276 0.381311
0.416079 0.0527936 1.80656 0.628973 0.305324 0.605457 0.380252
0.415871 0.0525027 1.80594 0.628779 0.304699 0.606636 0.379194
0.415663 0.0522112 1.80531 0.628583 0.304072 0.607814 0.378135
0.415456 0.0519202 1.80469 0.628382 0.303445 0.608992 0.377076
0.415249 0.0516287 1.80406 0.628178 0.302817 0.610169 0.376017
0.41504 0.0513367 1.80343 0.627971 0.302189 0.611344 0.374957
0.41483 0.0510443 1.80281 0.62776 0.30156 0.612518 0.373898
0.414622 0.0507523 1.80218 0.627546 0.300931 0.613693 0.372838
0.414413 0.0504598 1.80156 0.627328 0.300301 0.614866 0.371778
0.414203 0.0501669 1.80093 0.627108 0.29967 0.616037 0.370718
0.413992 0.0498736 1.80031 0.626884 0.299039 0.617208 0.369658
0.413783 0.0495807 1.79968 0.626656 0.298407 0.618378 0.368597
0.413573 0.0492873 1.79906 0.626425 0.297775 0.619548 0.367536
0.413361 0.0489935 1.79843 0.62619 0.297142 0.620715 0.366475
0.413149 0.0486993 1.79781 0.625953 0.296509 0.621882 0.365415
0.412939 0.0484055 1.79718 0.625711 0.295875 0.623049 0.364353
0.412728 0.0481113 1.79656 0.625466 0.295241 0.624215 0.363292
0.412516 0.0478167 1.79593 0.625218 0.294606 0.625379 0.362231
0.412302 0.0475216 1.79531 0.624967 0.29397 0.626542 0.361169
0.412091 0.047227 1.79469 0.624711 0.293334 0.627705 0.360108
0.411879 0.0469319 1.79406 0.624452 0.292697 0.628867 0.359046
0.411666 0.0466364 1.79344 0.62419 0.29206 0.630027 0.357984
0.411452 0.0463405 1.79281 0.623925 0.291422 0.631187 0.356923
0.41124 0.0460451 1.79219 0.623656 0.290784 0.632346 0.35586
0.411028 0.0457492 1.79157 0.623383 0.290144 0.633505 0.354798
0.410814 0.0454529 1.79095 0.623107 0.289505 0.634662 0.353736
0.410599 0.0451562 1.79032 0.622828 0.288865 0.635817 0.352674
0.410387 0.04486 1.7897 0.622544 0.288224 0.636973 0.351612
0.410173 0.0445634 1.78908 0.622257 0.287583 0.638128 0.35055
0.409959 0.0442663 1.78846 0.621967 0.286941 0.639281 0.349487
0.409743 0.0439688 1.78784 0.621673 0.286299 0.640433 0.348425
0.40953 0.0436719 1.78721 0.621375 0.285656 0.641586 0.347363
0.409317 0.0433745 1.78659 0.621074 0.285012 0.642737 0.3463
0.409102 0.0430767 1.78597 0.62077 0.284368 0.643887 0.345238
0.408886 0.0427784 1.78535 0.620462 0.283724 0.645035 0.344176
0.408672 0.0424808 1.78473 0.620149 0.283079 0.646185 0.343113
0.408458 0.0421826 1.78411 0.619834 0.282433 0.647332 0.342051
0.408243 0.0418841 1.78349 0.619515 0.281787 0.648478 0.340988
0.408026 0.0415851 1.78287 0.619193 0.28114 0.649623 0.339926
0.407813 0.0412867 1.78225 0.618866 0.280492 0.650769 0.338864
0.407598 0.0409878 1.78163 0.618536 0.279844 0.651913 0.337801
0.407383 0.0406886 1.78101 0.618203 0.279196 0.653056 0.336739
0.407166 0.0403888 1.7804 0.617866 0.278547 0.654197 0.335677
0.406953 0.0400897 1.77978 0.617525 0.277897 0.655339 0.334615
0.406738 0.0397902 1.77916 0.61718 0.277247 0.65648 0.333552
0.406522 0.0394902 1.77854 0.616832 0.276596 0.657619 0.33249
0.406305 0.0391898 1.77792 0.616481 0.275945 0.658757 0.331429
0.406092 0.03889 1.77731 0.616124 0.275293 0.659896 0.330367
0.405877 0.0385897 1.77669 0.615765 0.27464 0.661033 0.329305
0.405661 0.038289 1.77607 0.615402 0.273987 0.662169 0.328243
0.405444 0.0379879 1.77546 0.615036 0.273334 0.663303 0.327182
0.405231 0.0376874 1.77484 0.614665 0.27268 0.664439 0.32612
0.405016 0.0373864 1.77423 0.61429 0.272025 0.665573 0.325058
0.404801 0.0370851 1.77361 0.613913 0.27137 0.666705 0.323997
0.404584 0.0367832 1.773 0.613532 0.270714 0.667836 0.322936
0.404371 0.036482 1.77238 0.613146 0.270057 0.668968 0.321875
0.404156 0.0361804 1.77177 0.612756 0.2694 0.670098 0.320814
0.403941 0.0358783 1.77116 0.612363 0.268743 0.671227 0.319753
0.403724 0.0355758 1.77054 0.611968 0.268085 0.672355 0.318693
0.403511 0.0352739 1.76993 0.611566 0.267426 0.673483 0.317632
0.403297 0.0349716 1.76932 0.611162 0.266767 0.67461 0.316572
0.403082 0.0346688 1.7687 0.610754 0.266107 0.675736 0.315512
0.402866 0.0343656 1.76809 0.610343 0.265448 0.67686 0.314452
0.402653 0.034063 1.76748 0.609926 0.264786 0.677985 0.313392
0.402439 0.0337599 1.76687 0.609506 0.264125 0.679109 0.312332
0.402225 0.0334565 1.76626 0.609083 0.263463 0.680231 0.311273
0.402009 0.0331525 1.76565 0.608657 0.262801 0.681351 0.310214
0.401797 0.0328492 1.76504 0.608225 0.262138 0.682473 0.309155
0.401584 0.0325455 1.76443 0.607789 0.261474 0.683594 0.308096
0.401369 0.0322413 1.76382 0.607351 0.26081 0.684712 0.307038
0.401154 0.0319367 1.76321 0.606909 0.260146 0.685829 0.30598
0.400943 0.0316327 1.7626 0.606462 0.25948 0.686948 0.304921
0.40073 0.0313282 1.762 0.606011 0.258814 0.688065 0.303863
0.400517 0.0310233 1.76139 0.605557 0.258148 0.68918 0.302806
0.400302 0.030718 1.76078 0.605099 0.257481 0.690294 0.301749
0.400091 0.0304132 1.76018 0.604636 0.256813 0.691409 0.300691
0.399879 0.0301079 1.75957 0.60417 0.256145 0.692523 0.299635
0.399666 0.0298022 1.75897 0.6037 0.255477 0.693634 0.298578
0.399451 0.0294961 1.75836 0.603227 0.254808 0.694744 0.297522
0.399241 0.0291904 1.75776 0.602749 0.254138 0.695856 0.296466
0.399029 0.0288843 1.75715 0.602267 0.253468 0.696965 0.295411
0.398816 0.0285777 1.75655 0.601782 0.252798 0.698073 0.294356
0.398602 0.0282707 1.75594 0.601294 0.252127 0.69918 0.293301
0.398391 0.0279641 1.75534 0.6008 0.251455 0.700287 0.292246
0.398179 0.0276571 1.75474 0.600303 0.250783 0.701393 0.291192
0.397966 0.0273496 1.75414 0.599802 0.250111 0.702497 0.290138
0.397752 0.0270417 1.75354 0.599298 0.249439 0.703599 0.289086
0.397541 0.0267341 1.75294 0.598789 0.248765 0.704702 0.288032
0.397329 0.0264261 1.75234 0.598276 0.248091 0.705804 0.28698
0.397116 0.0261176 1.75174 0.597761 0.247417 0.706904 0.285928
0.396901 0.0258086 1.75114 0.597241 0.246743 0.708002 0.284876
0.39669 0.0255 1.75054 0.596717 0.246067 0.709101 0.283825
0.396478 0.0251909 1.74994 0.596189 0.245391 0.710198 0.282774
0.396264 0.0248814 1.74934 0.595658 0.244716 0.711293 0.281724
0.396049 0.0245714 1.74874 0.595123 0.24404 0.712387 0.280674
0.395837 0.0242617 1.74815 0.594583 0.243362 0.713481 0.279625
0.395624 0.0239516 1.74755 0.59404 0.242685 0.714574 0.278576
0.39541 0.0236409 1.74695 0.593494 0.242008 0.715665 0.277528
0.395195 0.0233299 1.74636 0.592944 0.24133 0.716754 0.27648
0.394982 0.023019 1.74576 0.592389 0.240651 0.717844 0.275432
0.394768 0.0227077 1.74517 0.59183 0.239972 0.718932 0.274386
0.394553 0.022396 1.74458 0.591269 0.239293 0.720018 0.27334
0.394337 0.0220838 1.74398 0.590704 0.238614 0.721102 0.272294
0.394123 0.0217717 1.74339 0.590134 0.237934 0.722187 0.271249
0.393908 0.0214593 1.7428 0.58956 0.237253 0.72327 0.270204
0.393692 0.0211463 1.74221 0.588983 0.236573 0.724351 0.269161
0.393475 0.020833 1.74161 0.588403 0.235892 0.72543 0.268118
0.39326 0.0205197 1.74102 0.587818 0.235211 0.72651 0.267075
0.393044 0.020206 1.74043 0.587229 0.234529 0.727588 0.266033
0.392827 0.0198919 1.73984 0.586637 0.233847 0.728664 0.264992
0.392608 0.0195773 1.73925 0.586042 0.233165 0.729738 0.263951
0.392392 0.0192628 1.73867 0.585442 0.232482 0.730813 0.262911
0.392175 0.0189479 1.73808 0.584838 0.231799 0.731886 0.261872
0.391956 0.0186325 1.73749 0.584231 0.231116 0.732956 0.260833
0.391736 0.0183167 1.7369 0.583621 0.230433 0.734025 0.259795
0.391518 0.0180009 1.73632 0.583006 0.229749 0.735094 0.258758
0.391299 0.0176847 1.73573 0.582388 0.229065 0.736162 0.257721
0.391079 0.0173681 1.73515 0.581766 0.22838 0.737227 0.256685
0.390858 0.017051 1.73456 0.581141 0.227696 0.73829 0.255651
0.390638 0.016734 1.73398 0.580511 0.227011 0.739354 0.254616
0.390417 0.0164165 1.73339 0.579878 0.226325 0.740415 0.253582
0.390195 0.0160986 1.73281 0.579241 0.22564 0.741475 0.25255
0.389972 0.0157802 1.73223 0.578601 0.224955 0.742533 0.251518
0.389751 0.0154619 1.73165 0.577956 0.224268 0.74359 0.250487
0.389528 0.0151431 1.73106 0.577308 0.223582 0.744646 0.249456
0.389304 0.0148239 1.73048 0.576657 0.222896 0.7457 0.248427
0.389079 0.0145043 1.7299 0.576003 0.222209 0.746752 0.247398
0.388856 0.0141846 1.72932 0.575343 0.221522 0.747803 0.24637
0.388631 0.0138645 1.72874 0.57468 0.220835 0.748853 0.245343
0.388405 0.013544 1.72817 0.574015 0.220148 0.749901 0.244317
0.388178 0.0132231 1.72759 0.573345 0.219461 0.750947 0.243292
0.387952 0.0129021 1.72701 0.572671 0.218773 0.751992 0.242267
0.387725 0.0125806 1.72643 0.571994 0.218085 0.753036 0.241244
0.387496 0.0122588 1.72586 0.571314 0.217396 0.754078 0.240221
0.387267 0.0119366 1.72528 0.57063 0.216708 0.755117 0.2392
0.387039 0.0116143 1.72471 0.569942 0.21602 0.756156 0.238179
0.386809 0.0112916 1.72413 0.56925 0.215331 0.757194 0.237159
0.386578 0.0109684 1.72356 0.568555 0.214642 0.758229 0.236141
0.386346 0.0106449 1.72299 0.567857 0.213954 0.759262 0.235123
0.386115 0.0103213 1.72241 0.567155 0.213264 0.760295 0.234106
0.385883 0.00999721 1.72184 0.566449 0.212575 0.761326 0.23309
0.38565 0.00967278 1.72127 0.565739 0.211886 0.762355 0.232075
0.385415 0.00934796 1.7207 0.565027 0.211196 0.763381 0.231062
0.385182 0.00902299 1.72013 0.56431 0.210507 0.764407 0.230049
0.384947 0.00869764 1.71956 0.56359 0.209817 0.765432 0.229037
0.384711 0.00837192 1.71899 0.562867 0.209127 0.766454 0.228026
0.384473 0.00804582 1.71842 0.56214 0.208437 0.767474 0.227017
0.384237 0.00771954 1.71786 0.561409 0.207747 0.768493 0.226008
0.383999 0.00739289 1.71729 0.560675 0.207057 0.76951 0.225
0.38376 0.00706588 1.71672 0.559937 0.206366 0.770526 0.223994
0.383519 0.00673851 1.71616 0.559197 0.205676 0.771539 0.222989
0.383279 0.00641094 1.71559 0.558452 0.204986 0.772551 0.221985
0.383038 0.00608302 1.71503 0.557704 0.204295 0.773561 0.220982
0.382796 0.00575474 1.71446 0.556952 0.203604 0.77457 0.21998
0.382553 0.00542611 1.7139 0.556198 0.202914 0.775576 0.218979
0.38231 0.00509728 1.71334 0.555439 0.202223 0.776581 0.217979
0.382065 0.0047681 1.71278 0.554677 0.201532 0.777584 0.216981
0.38182 0.00443857 1.71222 0.553912 0.200842 0.778585 0.215984
0.381573 0.00410871 1.71166 0.553143 0.200151 0.779585 0.214988
0.381327 0.00377863 1.7111 0.552371 0.19946 0.780582 0.213993
0.381079 0.00344821 1.71054 0.551595 0.198769 0.781578 0.212999
0.38083 0.00311747 1.70998 0.550816 0.198078 0.782572 0.212007
0.38058 0.00278639 1.70942 0.550034 0.197387 0.783564 0.211016
0.38033 0.0024551 1.70886 0.549248 0.196696 0.784554 0.210026
0.380078 0.00212348 1.70831 0.548459 0.196005 0.785543 0.209038
0.379826 0.00179154 1.70775 0.547667 0.195315 0.786529 0.208051
0.379572 0.00145929 1.7072 0.546871 0.194624 0.787514 0.207065
0.379318 0.00112681 1.70664 0.546072 0.193933 0.788497 0.20608
0.379063 0.000794015 1.70609 0.545269 0.193242 0.789477 0.205097
0.378807 0.00046092 1.70553 0.544463 0.192551 0.790456 0.204115
0.378549 0.000127522 1.70498 0.543654 0.191861 0.791433 0.203134
0.378292 -0.000206107 1.70443 0.542842 0.19117 0.792408 0.202155
0.378033 -0.000540032 1.70388 0.542026 0.190479 0.793381 0.201177
0.377773 -0.000874249 1.70333 0.541207 0.189788 0.794352 0.2002
0.377511 -0.00120875 1.70278 0.540384 0.189098 0.795321 0.199225
0.37725 -0.00154349 1.70223 0.539559 0.188407 0.796289 0.198251
0.376987 -0.00187851 1.70168 0.53873 0.187717 0.797254 0.197279
0.376723 -0.00221381 1.70113 0.537897 0.187027 0.798217 0.196308
0.376457 -0.00254937 1.70059 0.537062 0.186336 0.799178 0.195338
0.376191 -0.00288518 1.70004 0.536223 0.185646 0.800138 0.19437
0.375924 -0.00322124 1.69949 0.535381 0.184956 0.801095 0.193404
0.375656 -0.00355757 1.69895 0.534536 0.184266 0.80205 0.192439
0.375386 -0.00389416 1.6984 0.533688 0.183576 0.803003 0.191475
0.375116 -0.00423098 1.69786 0.532837 0.182886 0.803954 0.190513
0.374845 -0.00456805 1.69732 0.531982 0.182197 0.804904 0.189552
0.374572 -0.00490536 1.69678 0.531124 0.181507 0.805851 0.188593
0.374298 -0.00524292 1.69623 0.530263 0.180818 0.806795 0.187635
0.374023 -0.0055807 1.69569 0.529399 0.180129 0.807738 0.186679
0.373748 -0.00591872 1.69515 0.528531 0.17944 0.808679 0.185725
0.37347 -0.00625697 1.69461 0.527661 0.178751 0.809618 0.184772
0.373192 -0.00659544 1.69407 0.526787 0.178062 0.810555 0.183821
0.372913 -0.00693413 1.69354 0.525911 0.177373 0.811489 0.182871
0.372633 -0.00727304 1.693 0.525031 0.176685 0.812422 0.181923
0.372351 -0.00761216 1.69246 0.524148 0.175997 0.813352 0.180976
0.372068 -0.0079515 1.69193 0.523262 0.175309 0.81428 0.180031
0.371784 -0.00829103 1.69139 0.522373 0.174621 0.815207 0.179088
0.371499 -0.00863077 1.69086 0.521481 0.173933 0.816131 0.178146
0.371213 -0.00897071 1.69032 0.520586 0.173245 0.817052 0.177206
0.370925 -0.00931084 1.68979 0.519688 0.172558 0.817972 0.176268
0.370636 -0.00965116 1.68926 0.518786 0.171871 0.818889 0.175331
0.370346 -0.00999167 1.68873 0.517882 0.171184 0.819805 0.174396
0.370055 -0.0103324 1.6882 0.516975 0.170498 0.820718 0.173463
0.369763 -0.0106732 1.68766 0.516065 0.169811 0.821629 0.172532
0.369469 -0.0110143 1.68714 0.515151 0.169125 0.822538 0.171602
0.369174 -0.0113555 1.68661 0.514235 0.168439 0.823445 0.170674
0.368878 -0.0116968 1.68608 0.513316 0.167753 0.824349 0.169747
0.368581 -0.0120384 1.68555 0.512394 0.167068 0.825251 0.168823
0.368283 -0.0123801 1.68502 0.511468 0.166383 0.826152 0.1679
0.367984 -0.0127219 1.6845 0.51054 0.165697 0.82705 0.166979
0.367683 -0.0130639 1.68397 0.509609 0.165013 0.827946 0.166059
0.367381 -0.013406 1.68345 0.508674 0.164328 0.828839 0.165142
0.367079 -0.0137483 1.68293 0.507737 0.163644 0.829731 0.164226
0.366775 -0.0140907 1.6824 0.506797 0.16296 0.830621 0.163312
0.36647 -0.0144332 1.68188 0.505853 0.162276 0.831508 0.1624
0.366163 -0.0147759 1.68136 0.504907 0.161592 0.832393 0.161489
0.365856 -0.0151186 1.68084 0.503958 0.160909 0.833276 0.160581
0.365547 -0.0154615 1.68032 0.503006 0.160226 0.834157 0.159674
0.365238 -0.0158046 1.6798 0.50205 0.159543 0.835035 0.158769
0.364927 -0.0161477 1.67928 0.501092 0.15886 0.835912 0.157866
0.364615 -0.0164909 1.67877 0.500131 0.158178 0.836786 0.156964
0.364302 -0.0168343 1.67825 0.499167 0.157495 0.837658 0.156065
0.363988 -0.0171777 1.67773 0.498199 0.156814 0.838528 0.155167
0.363673 -0.0175212 1.67722 0.497229 0.156132 0.839396 0.154272
0.363357 -0.0178649 1.67671 0.496256 0.155451 0.840262 0.153378
0.36304 -0.0182086 1.67619 0.49528 0.15477 0.841126 0.152486
0.362722 -0.0185524 1.67568 0.494301 0.154089 0.841987 0.151596
0.362402 -0.0188963 1.67517 0.493319 0.153408 0.842846 0.150707
0.362082 -0.0192402 1.67466 0.492334 0.152728 0.843703 0.149821
0.36176 -0.0195843 1.67415 0.491346 0.152048 0.844558 0.148937
0.361438 -0.0199284 1.67364 0.490355 0.151368 0.845411 0.148054
0.361114 -0.0202725 1.67313 0.489361 0.150689 0.846261 0.147174
0.36079 -0.0206168 1.67262 0.488364 0.15001 0.84711 0.146295
0.360464 -0.0209611 1.67211 0.487364 0.149331 0.847956 0.145418
0.360137 -0.0213054 1.67161 0.486361 0.148652 0.8488 0.144544
0.35981 -0.0216498 1.6711 0.485356 0.147974 0.849642 0.143671
0.359481 -0.0219943 1.6706 0.484347 0.147296 0.850482 0.1428
0.359151 -0.0223388 1.6701 0.483335 0.146618 0.85132 0.141931
0.358821 -0.0226833 1.66959 0.482321 0.14594 0.852155 0.141064
0.358489 -0.0230279 1.66909 0.481304 0.145263 0.852989 0.140199
0.358156 -0.0233725 1.66859 0.480283 0.144586 0.85382 0.139337
0.357823 -0.0237171 1.66809 0.479259 0.14391 0.854649 0.138476
0.357488 -0.0240618 1.66759 0.478233 0.143234 0.855476 0.137617
0.357152 -0.0244065 1.66709 0.477204 0.142558 0.8563 0.13676
0.356816 -0.0247513 1.6666 0.476172 0.141882 0.857123 0.135905
0.356478 -0.025096 1.6661 0.475136 0.141207 0.857944 0.135052
0.35614 -0.0254408 1.6656 0.474098 0.140532 0.858762 0.134201
0.3558 -0.0257855 1.66511 0.473058 0.139857 0.859578 0.133353
0.35546 -0.0261303 1.66462 0.472013 0.139182 0.860392 0.132506
0.355118 -0.0264751 1.66412 0.470967 0.138508 0.861203 0.131661
0.354776 -0.0268199 1.66363 0.469917 0.137834 0.862013 0.130819
0.354432 -0.0271647 1.66314 0.468864 0.137161 0.86282 0.129978
0.354088 -0.0275095 1.66265 0.467809 0.136488 0.863626 0.12914
0.353743 -0.0278543 1.66216 0.46675 0.135815 0.864429 0.128303
0.353397 -0.0281991 1.66167 0.465689 0.135143 0.86523 0.127469
0.35305 -0.0285439 1.66118 0.464625 0.13447 0.866028 0.126637
0.352702 -0.0288886 1.6607 0.463557 0.133799 0.866825 0.125807
0.352354 -0.0292334 1.66021 0.462487 0.133127 0.867619 0.124979
0.352004 -0.0295781 1.65973 0.461414 0.132456 0.868412 0.124153
0.351653 -0.0299228 1.65924 0.460338 0.131785 0.869201 0.123329
0.351302 -0.0302675 1.65876 0.459259 0.131115 0.86999 0.122507
0.350949 -0.0306122 1.65828 0.458177 0.130444 0.870775 0.121688
0.350596 -0.0309568 1.6578 0.457093 0.129775 0.871559 0.120871
0.350241 -0.0313013 1.65732 0.456006 0.129105 0.87234 0.120055
0.349887 -0.0316459 1.65684 0.454915 0.128436 0.87312 0.119242
0.349531 -0.0319905 1.65636 0.453822 0.127767 0.873897 0.118431
0.349174 -0.0323349 1.65588 0.452726 0.127099 0.874671 0.117623
0.348816 -0.0326793 1.6554 0.451627 0.126431 0.875444 0.116816
0.348458 -0.0330237 1.65493 0.450525 0.125763 0.876215 0.116012
0.348099 -0.0333681 1.65445 0.44942 0.125096 0.876983 0.11521
0.347739 -0.0337124 1.65398 0.448312 0.124429 0.877749 0.11441
0.347378 -0.0340566 1.65351 0.447202 0.123762 0.878513 0.113612
0.347016 -0.0344008 1.65304 0.446089 0.123096 0.879275 0.112817
0.346654 -0.0347449 1.65257 0.444972 0.12243 0.880035 0.112023
0.34629 -0.035089 1.6521 0.443853 0.121765 0.880792 0.111232
0.345925 -0.0354329 1.65163 0.442732 0.1211 0.881547 0.110444
0.345561 -0.0357769 1.65116 0.441607 0.120435 0.882301 0.109657
0.345195 -0.0361208 1.65069 0.440479 0.11977 0.883052 0.108872
0.344828 -0.0364645 1.65023 0.439348 0.119107 0.8838 0.10809
0.344461 -0.0368082 1.64976 0.438216 0.118443 0.884547 0.107311
0.344093 -0.0371519 1.6493 0.437079 0.11778 0.885291 0.106533
0.343724 -0.0374955 1.64884 0.43594 0.117117 0.886034 0.105757
0.343354 -0.037839 1.64838 0.434798 0.116454 0.886774 0.104984
0.342983 -0.0381823 1.64792 0.433654 0.115793 0.887511 0.104214
0.342612 -0.0385257 1.64746 0.432506 0.115131 0.888247 0.103445
0.34224 -0.038869 1.647 0.431355 0.11447 0.888981 0.102679
0.341867 -0.0392121 1.64654 0.430202 0.113809 0.889712 0.101915
0.341493 -0.0395551 1.64608 0.429047 0.113148 0.890441 0.101153
0.341119 -0.0398981 1.64563 0.427887 0.112488 0.891168 0.100394
0.340744 -0.040241 1.64517 0.426726 0.111829 0.891892 0.0996369
0.340368 -0.0405838 1.64472 0.425561 0.111169 0.892615 0.0988823
0.339991 -0.0409264 1.64427 0.424395 0.110511 0.893335 0.0981302
0.339615 -0.0412691 1.64382 0.423224 0.109852 0.894053 0.09738
0.339237 -0.0416116 1.64337 0.422051 0.109194 0.894769 0.0966323
0.338858 -0.0419539 1.64292 0.420875 0.108537 0.895483 0.095887
0.338478 -0.0422961 1.64247 0.419697 0.10788 0.896194 0.0951442
0.338098 -0.0426384 1.64202 0.418515 0.107223 0.896904 0.0944035
0.337718 -0.0429805 1.64158 0.417331 0.106567 0.897611 0.0936651
0.337336 -0.0433224 1.64113 0.416144 0.105911 0.898316 0.0929294
0.336953 -0.0436641 1.64069 0.414955 0.105256 0.899018 0.0921961
0.336571 -0.0440059 1.64024 0.413762 0.1046 0.899719 0.0914648
0.336188 -0.0443476 1.6398 0.412567 0.103946 0.900417 0.090736
0.335803 -0.044689 1.63936 0.411369 0.103292 0.901113 0.0900097
0.335418 -0.0450303 1.63892 0.410169 0.102638 0.901807 0.089286
0.335033 -0.0453716 1.63848 0.408964 0.101985 0.902498 0.0885643
0.334647 -0.0457128 1.63805 0.407758 0.101332 0.903188 0.0878451
0.334259 -0.0460538 1.63761 0.406549 0.10068 0.903875 0.0871284
0.333871 -0.0463945 1.63717 0.405338 0.100028 0.90456 0.0864144
0.333484 -0.0467354 1.63674 0.404122 0.0993766 0.905243 0.0857023
0.333095 -0.047076 1.63631 0.402905 0.0987256 0.905923 0.0849928
0.332705 -0.0474165 1.63588 0.401685 0.0980751 0.906602 0.0842859
0.332315 -0.0477567 1.63545 0.400462 0.0974253 0.907277 0.0835816
0.331924 -0.0480971 1.63502 0.399236 0.0967755 0.907952 0.0828793
0.331533 -0.0484372 1.63459 0.398007 0.0961264 0.908623 0.0821796
0.331141 -0.0487771 1.63416 0.396776 0.0954778 0.909293 0.0814825
0.330748 -0.0491168 1.63373 0.395543 0.0948299 0.90996 0.080788
0.330355 -0.0494566 1.63331 0.394305 0.094182 0.910625 0.0800956
0.329962 -0.0497962 1.63289 0.393066 0.0935347 0.911288 0.0794057
0.329567 -0.0501355 1.63246 0.391824 0.0928881 0.911948 0.0787185
0.329172 -0.0504746 1.63204 0.39058 0.0922421 0.912606 0.078034
0.328777 -0.0508139 1.63162 0.389331 0.0915961 0.913262 0.0773514
0.328381 -0.0511529 1.6312 0.388081 0.0909508 0.913916 0.0766715
0.327984 -0.0514917 1.63078 0.386828 0.0903061 0.914568 0.0759943
0.327586 -0.0518302 1.63037 0.385573 0.0896621 0.915217 0.0753198
0.327189 -0.0521688 1.62995 0.384313 0.0890181 0.915864 0.0746472
0.326791 -0.0525073 1.62954 0.383052 0.0883747 0.916509 0.0739774
0.326391 -0.0528454 1.62912 0.381788 0.087732 0.917151 0.0733102
0.325991 -0.0531834 1.62871 0.380522 0.08709 0.917791 0.0726458
0.325592 -0.0535214 1.6283 0.379252 0.086448 0.91843 0.0719833
0.325191 -0.0538592 1.62789 0.37798 0.0858066 0.919066 0.0713236
0.32479 -0.0541968 1.62748 0.376705 0.085166 0.919699 0.0706665
0.324388 -0.0545341 1.62707 0.375428 0.084526 0.92033 0.0700123
0.323986 -0.0548715 1.62667 0.374148 0.0838861 0.920959 0.06936
0.323584 -0.0552087 1.62626 0.372865 0.0832469 0.921586 0.0687105
0.32318 -0.0555455 1.62586 0.371579 0.0826083 0.92221 0.0680638
0.322775 -0.0558822 1.62546 0.370292 0.0819705 0.922832 0.0674198
0.322372 -0.0562189 1.62506 0.369001 0.0813327 0.923452 0.0667779
0.321967 -0.0565554 1.62466 0.367707 0.0806957 0.92407 0.0661387
0.321561 -0.0568916 1.62426 0.366412 0.0800594 0.924685 0.0655024
0.321154 -0.0572275 1.62386 0.365114 0.0794237 0.925298 0.0648688
0.320748 -0.0575635 1.62346 0.363812 0.0787882 0.925909 0.0642373
0.320341 -0.0578992 1.62307 0.362508 0.0781535 0.926517 0.0636087
0.319933 -0.0582347 1.62267 0.361202 0.0775194 0.927123 0.0629828
0.319523 -0.0585698 1.62228 0.359894 0.0768861 0.927726 0.0623598
0.319115 -0.0589051 1.62189 0.358582 0.0762529 0.928328 0.0617389
0.318705 -0.05924 1.6215 0.357269 0.0756205 0.928927 0.0611208
0.318295 -0.0595747 1.62111 0.355952 0.0749888 0.929523 0.0605056
0.317883 -0.059909 1.62072 0.354634 0.0743579 0.930117 0.0598932
0.317473 -0.0602435 1.62034 0.353313 0.0737272 0.930709 0.059283
0.317061 -0.0605776 1.61995 0.351989 0.0730972 0.931299 0.0586757
0.316648 -0.0609114 1.61957 0.350663 0.0724679 0.931886 0.0580712
0.316234 -0.0612449 1.61918 0.349335 0.0718395 0.932471 0.0574696
0.315821 -0.0615784 1.6188 0.348003 0.0712112 0.933053 0.0568703
0.315407 -0.0619117 1.61842 0.346669 0.0705838 0.933634 0.0562738
0.314991 -0.0622446 1.61804 0.345334 0.0699571 0.934211 0.0556802
0.314575 -0.0625772 1.61766 0.343996 0.0693311 0.934786 0.0550894
0.314159 -0.0629098 1.61729 0.342655 0.0687055 0.935359 0.054501
0.313743 -0.0632422 1.61691 0.341311 0.0680806 0.93593 0.0539155
0.313325 -0.0635741 1.61654 0.339966 0.0674565 0.936498 0.0533328
0.312906 -0.0639058 1.61616 0.338619 0.0668332 0.937063 0.0527531
0.312488 -0.0642375 1.61579 0.337268 0.0662102 0.937627 0.0521757
0.312069 -0.0645688 1.61542 0.335916 0.0655881 0.938188 0.0516013
0.311649 -0.0648998 1.61505 0.334561 0.0649667 0.938746 0.0510297
0.311227 -0.0652304 1.61469 0.333205 0.0643461 0.939302 0.0504611
0.310807 -0.0655611 1.61432 0.331845 0.0637258 0.939856 0.0498949
0.310385 -0.0658914 1.61395 0.330483 0.0631064 0.940407 0.0493316
0.309962 -0.0662213 1.61359 0.329119 0.0624878 0.940956 0.0487713
0.309539 -0.0665509 1.61323 0.327753 0.06187 0.941502 0.0482139
0.309115 -0.0668805 1.61286 0.326384 0.0612526 0.942046 0.047659
0.308691 -0.0672097 1.6125 0.325014 0.060636 0.942587 0.047107
0.308266 -0.0675385 1.61214 0.323641 0.0600202 0.943126 0.046558
0.30784 -0.067867 1.61179 0.322266 0.0594053 0.943662 0.046012
0.307414 -0.0681954 1.61143 0.320888 0.0587908 0.944196 0.0454684
0.306987 -0.0685235 1.61107 0.319509 0.0581772 0.944728 0.0449279
0.30656 -0.0688512 1.61072 0.318127 0.0575644 0.945257 0.0443903
0.306131 -0.0691785 1.61037 0.316744 0.0569524 0.945783 0.0438557
0.305702 -0.0695058 1.61002 0.315358 0.0563409 0.946308 0.0433236
0.305273 -0.0698326 1.60967 0.313969 0.0557302 0.946829 0.0427946
0.304843 -0.0701591 1.60932 0.312579 0.0551204 0.947349 0.0422686
0.304411 -0.0704852 1.60897 0.311187 0.0545115 0.947865 0.0417455
0.30398 -0.0708112 1.60862 0.309792 0.0539031 0.948379 0.0412251
0.303548 -0.0711368 1.60828 0.308396 0.0532955 0.948891 0.0407077
0.303115 -0.071462 1.60793 0.306997 0.0526888 0.9494 0.0401933
0.302682 -0.0717868 1.60759 0.305597 0.052083 0.949907 0.0396819
0.302248 -0.0721115 1.60725 0.304194 0.0514777 0.950411 0.0391732
0.301813 -0.0724358 1.60691 0.302789 0.0508733 0.950913 0.0386675
0.301378 -0.0727597 1.60657 0.301382 0.0502698 0.951412 0.0381649
0.300941 -0.0730832 1.60623 0.299974 0.0496672 0.951909 0.0376653
0.300505 -0.0734065 1.6059 0.298563 0.0490651 0.952403 0.0371684
0.300068 -0.0737294 1.60556 0.29715 0.048464 0.952895 0.0366746
0.29963 -0.0740519 1.60523 0.295735 0.0478637 0.953384 0.0361838
0.299191 -0.074374 1.60489 0.294319 0.0472644 0.95387 0.0356961
0.298605 -0.0748031 1.60445 0.292427 0.0464663 0.954515 0.0350501
0.298018 -0.0752314 1.60401 0.290532 0.0456698 0.955155 0.0344096
0.297429 -0.075659 1.60358 0.288633 0.0448749 0.955791 0.0337747
0.296987 -0.0759794 1.60325 0.287207 0.0442796 0.956265 0.0333017
0.296545 -0.0762994 1.60293 0.285778 0.0436852 0.956736 0.0328319
0.296101 -0.0766189 1.6026 0.284349 0.0430917 0.957205 0.0323651
0.295657 -0.076938 1.60228 0.282917 0.0424992 0.957671 0.0319015
0.295064 -0.077363 1.60185 0.281005 0.0417102 0.958289 0.0312877
0.29447 -0.0777873 1.60143 0.279089 0.0409229 0.958902 0.0306795
0.293874 -0.0782107 1.601 0.277171 0.0401373 0.95951 0.0300769
0.293427 -0.0785279 1.60069 0.27573 0.039549 0.959964 0.0296283
0.292979 -0.0788447 1.60037 0.274288 0.0389617 0.960415 0.0291829
0.29253 -0.079161 1.60006 0.272843 0.0383752 0.960863 0.0287406
0.29208 -0.0794768 1.59975 0.271397 0.0377898 0.961309 0.0283014
0.29148 -0.0798975 1.59934 0.269466 0.0370104 0.961899 0.0277204
0.290879 -0.0803173 1.59892 0.267532 0.0362328 0.962485 0.027145
0.290276 -0.0807362 1.59851 0.265596 0.0354569 0.963066 0.0265753
0.289823 -0.08105 1.59821 0.264141 0.0348759 0.963499 0.0261514
0.28937 -0.0813633 1.59791 0.262684 0.0342959 0.963929 0.0257307
0.288915 -0.0816762 1.5976 0.261226 0.0337169 0.964356 0.0253133
0.28846 -0.0819885 1.5973 0.259767 0.0331389 0.964781 0.024899
0.287853 -0.0824044 1.5969 0.257818 0.0323695 0.965344 0.0243512
0.287244 -0.0828194 1.5965 0.255867 0.0316019 0.965902 0.0238092
0.286634 -0.0832334 1.59611 0.253913 0.0308361 0.966455 0.0232728
0.286176 -0.0835435 1.59581 0.252445 0.0302627 0.966867 0.0228741
0.285717 -0.0838531 1.59552 0.250976 0.0296904 0.967277 0.0224786
0.285257 -0.0841622 1.59523 0.249505 0.0291191 0.967684 0.0220863
0.284797 -0.0844708 1.59493 0.248033 0.0285488 0.968088 0.0216972
0.284182 -0.0848815 1.59455 0.246068 0.0277899 0.968623 0.0211833
0.283566 -0.0852913 1.59416 0.2441 0.0270327 0.969153 0.020675
0.282948 -0.0857002 1.59378 0.24213 0.0262774 0.969678 0.0201726
0.282485 -0.0860063 1.5935 0.24065 0.025712 0.970069 0.0197993
0.28202 -0.0863119 1.59321 0.239169 0.0251477 0.970458 0.0194294
0.281555 -0.086617 1.59293 0.237687 0.0245844 0.970844 0.0190627
0.281089 -0.0869214 1.59265 0.236203 0.0240221 0.971227 0.0186992
0.280467 -0.0873267 1.59228 0.234222 0.023274 0.971734 0.0182195
0.279843 -0.087731 1.59191 0.232239 0.0225277 0.972236 0.0177455
0.279219 -0.0881342 1.59154 0.230254 0.0217833 0.972733 0.0172775
0.278749 -0.0884361 1.59127 0.228763 0.0212262 0.973103 0.0169301
0.278279 -0.0887374 1.59099 0.227271 0.0206701 0.973471 0.016586
0.277809 -0.0890381 1.59072 0.225778 0.0201151 0.973836 0.0162452
0.277337 -0.0893383 1.59045 0.224283 0.0195612 0.974198 0.0159077
0.276708 -0.0897377 1.59009 0.222289 0.0188243 0.974677 0.0154627
0.276077 -0.090136 1.58974 0.220292 0.0180892 0.975151 0.0150235
0.275445 -0.0905333 1.58938 0.218293 0.0173562 0.97562 0.0145903
0.27497 -0.0908306 1.58912 0.216792 0.0168076 0.975969 0.0142691
0.274495 -0.0911273 1.58885 0.21529 0.0162601 0.976315 0.0139513
0.274019 -0.0914235 1.58859 0.213787 0.0157137 0.976659 0.0136367
0.273542 -0.091719 1.58833 0.212282 0.0151685 0.977 0.0133255
0.272905 -0.0921121 1.58799 0.210275 0.0144431 0.97745 0.0129157
0.272267 -0.0925041 1.58765 0.208265 0.0137197 0.977896 0.0125117
0.271627 -0.092895 1.5873 0.206253 0.0129984 0.978337 0.0121137
0.271147 -0.0931875 1.58705 0.204743 0.0124586 0.978665 0.0118191
0.270666 -0.0934793 1.5868 0.203232 0.01192 0.97899 0.0115278
0.270184 -0.0937705 1.58655 0.20172 0.0113825 0.979313 0.0112399
0.269702 -0.0940611 1.5863 0.200207 0.0108462 0.979632 0.0109553
0.269219 -0.0943511 1.58605 0.198693 0.010311 0.979949 0.0106741
0.268735 -0.0946403 1.5858 0.197177 0.00977692 0.980264 0.0103962
0.268251 -0.094929 1.58555 0.195661 0.00924399 0.980576 0.0101216
0.267765 -0.095217 1.58531 0.194144 0.00871222 0.980885 0.00985048
0.267118 -0.0956 1.58499 0.192119 0.00800498 0.981293 0.00949417
0.266469 -0.0959818 1.58466 0.190093 0.00729979 0.981696 0.00914385
0.265818 -0.0963624 1.58434 0.188065 0.00659666 0.982095 0.00879952
0.26533 -0.0966471 1.5841 0.186543 0.00607068 0.982391 0.00854521
0.264841 -0.0969311 1.58387 0.185019 0.00554586 0.982684 0.00829429
0.264351 -0.0972145 1.58363 0.183495 0.00502221 0.982975 0.00804675
0.263861 -0.0974972 1.5834 0.18197 0.00449974 0.983263 0.0078026
0.263206 -0.097873 1.58309 0.179936 0.00380495 0.983643 0.00748233
0.26255 -0.0982477 1.58278 0.177899 0.00311225 0.984018 0.0071681
0.261893 -0.0986211 1.58247 0.175861 0.00242167 0.984388 0.00685991
0.261235 -0.0989933 1.58217 0.173822 0.0017332 0.984754 0.00655776
0.260575 -0.0993642 1.58187 0.171781 0.00104687 0.985115 0.00626167
0.259915 -0.0997339 1.58157 0.169739 0.00036266 0.985471 0.00597163
0.259419 -0.10001 1.58134 0.168206 -0.000149088 0.985735 0.00575809
0.258923 -0.100286 1.58112 0.166672 -0.000659629 0.985997 0.00554796
0.258425 -0.100561 1.5809 0.165138 -0.00116896 0.986255 0.00534125
0.257928 -0.100836 1.58068 0.163603 -0.00167707 0.986512 0.00513795
0.257429 -0.101109 1.58047 0.162067 -0.00218397 0.986765 0.00493808
0.25693 -0.101382 1.58025 0.16053 -0.00268965 0.987016 0.00474164
0.256431 -0.101654 1.58003 0.158992 -0.0031941 0.987264 0.00454862
0.255931 -0.101926 1.57982 0.157454 -0.00369732 0.98751 0.00435903
0.255263 -0.102286 1.57954 0.155402 -0.00436637 0.987833 0.00411159
0.254594 -0.102646 1.57926 0.153349 -0.00503322 0.988152 0.00387025
0.253924 -0.103004 1.57898 0.151294 -0.00569787 0.988466 0.00363503
0.253421 -0.103272 1.57877 0.149752 -0.0061949 0.988698 0.00346262
0.252918 -0.103539 1.57856 0.14821 -0.00669069 0.988928 0.00329367
0.252414 -0.103805 1.57836 0.146666 -0.00718523 0.989155 0.00312815
0.251909 -0.104071 1.57816 0.145123 -0.00767851 0.989379 0.00296609
0.251235 -0.104424 1.57789 0.143063 -0.00833426 0.989675 0.00275537
0.250561 -0.104775 1.57762 0.141003 -0.00898778 0.989965 0.0025508
0.249885 -0.105125 1.57735 0.138941 -0.00963904 0.990251 0.00235236
0.249378 -0.105387 1.57716 0.137394 -0.010126 0.990462 0.00220757
0.24887 -0.105648 1.57696 0.135846 -0.0106117 0.990671 0.00206624
0.248362 -0.105908 1.57677 0.134298 -0.0110961 0.990877 0.00192838
0.247853 -0.106168 1.57657 0.13275 -0.0115792 0.99108 0.00179398
0.247174 -0.106512 1.57632 0.130684 -0.0122214 0.991347 0.00162017
0.246494 -0.106856 1.57607 0.128617 -0.0128613 0.99161 0.00145253
0.245813 -0.107198 1.57582 0.126549 -0.0134989 0.991868 0.00129106
0.245131 -0.107538 1.57557 0.124481 -0.0141342 0.992121 0.00113577
0.244448 -0.107877 1.57532 0.122411 -0.0147672 0.992369 0.000986658
0.243764 -0.108215 1.57508 0.120341 -0.0153979 0.992613 0.000843731
0.243251 -0.108467 1.5749 0.118787 -0.0158693 0.992793 0.000740596
0.242737 -0.108719 1.57472 0.117234 -0.0163395 0.99297 0.000640945
0.242223 -0.108969 1.57454 0.115679 -0.0168083 0.993144 0.000544777
0.241709 -0.109219 1.57436 0.114125 -0.0172759 0.993316 0.000452095
0.241193 -0.109469 1.57418 0.11257 -0.0177421 0.993485 0.0003629
0.240678 -0.109717 1.57401 0.111014 -0.0182069 0.993652 0.000277194
0.240162 -0.109964 1.57384 0.109458 -0.0186705 0.993816 0.000194978
0.239645 -0.110211 1.57366 0.107902 -0.0191327 0.993977 0.000116254
0.238956 -0.110539 1.57344 0.105826 -0.0197469 0.994189 1.67216e-05
0.238266 -0.110865 1.57321 0.10375 -0.0203588 0.994395 -7.65975e-05
0.237575 -0.11119 1.57299 0.101673 -0.0209682 0.994597 -0.000163701
0.236884 -0.111513 1.57277 0.0995955 -0.0215753 0.994794 -0.000244585
0.236191 -0.111835 1.57255 0.0975173 -0.02218 0.994987 -0.000319247
0.235498 -0.112155 1.57233 0.0954387 -0.0227822 0.995174 -0.000387684
0.234978 -0.112394 1.57217 0.0938794 -0.0232323 0.995312 -0.000434925
0.234457 -0.112632 1.57201 0.0923198 -0.0236811 0.995448 -0.000478663
0.233936 -0.11287 1.57186 0.0907599 -0.0241285 0.99558 -0.000518895
0.233415 -0.113106 1.5717 0.0891998 -0.0245745 0.99571 -0.000555622
0.232893 -0.113342 1.57155 0.0876394 -0.0250191 0.995838 -0.000588841
0.232371 -0.113577 1.57139 0.0860788 -0.0254624 0.995963 -0.000618552
0.231848 -0.113811 1.57124 0.0845179 -0.0259043 0.996085 -0.000644754
0.231325 -0.114045 1.57109 0.0829569 -0.0263448 0.996205 -0.000667446
0.230627 -0.114354 1.57089 0.0808752 -0.02693 0.99636 -0.000692241
0.229929 -0.114662 1.57069 0.0787932 -0.0275127 0.996511 -0.000710793
0.229229 -0.114969 1.5705 0.0767108 -0.0280929 0.996657 -0.000723099
0.228705 -0.115198 1.57035 0.0751489 -0.0285265 0.996764 -0.00072823
0.228179 -0.115426 1.57021 0.0735868 -0.0289587 0.996868 -0.000729846
0.227654 -0.115653 1.57007 0.0720246 -0.0293894 0.99697 -0.000727946
0.227128 -0.115879 1.56993 0.0704623 -0.0298188 0.997068 -0.000722531
0.226426 -0.11618 1.56974 0.068379 -0.0303891 0.997196 -0.000709841
0.225724 -0.116478 1.56956 0.0662955 -0.0309568 0.997319 -0.000690897
0.225022 -0.116776 1.56938 0.0642119 -0.0315221 0.997438 -0.0006657
0.224494 -0.116997 1.56924 0.0626492 -0.0319444 0.997524 -0.000642697
0.223966 -0.117218 1.56911 0.0610863 -0.0323653 0.997607 -0.000616175
0.223438 -0.117438 1.56898 0.0595235 -0.0327847 0.997688 -0.000586133
0.22291 -0.117658 1.56885 0.0579606 -0.0332027 0.997766 -0.000552572
0.222205 -0.117948 1.56868 0.0558767 -0.0337578 0.997867 -0.000502348
0.221499 -0.118238 1.56851 0.0537928 -0.0343104 0.997962 -0.000445866
0.220793 -0.118525 1.56834 0.0517089 -0.0348604 0.998054 -0.000383124
0.220087 -0.118811 1.56818 0.0496251 -0.0354079 0.99814 -0.000314122
0.21938 -0.119096 1.56802 0.0475413 -0.0359528 0.998222 -0.00023886
0.218672 -0.119378 1.56786 0.0454576 -0.0364951 0.998299 -0.000157338
0.218142 -0.119589 1.56774 0.043895 -0.0369001 0.998354 -9.20874e-05
0.21761 -0.119799 1.56762 0.0423324 -0.0373036 0.998407 -2.33154e-05
0.217079 -0.120009 1.5675 0.0407699 -0.0377058 0.998457 4.89782e-05
0.216547 -0.120217 1.56739 0.0392075 -0.0381064 0.998504 0.000124793
0.216015 -0.120424 1.56728 0.0376453 -0.0385056 0.998549 0.00020413
0.215483 -0.12063 1.56717 0.0360831 -0.0389033 0.998591 0.000286989
0.214951 -0.120836 1.56706 0.0345211 -0.0392995 0.998631 0.000373368
0.214418 -0.12104 1.56695 0.0329593 -0.0396943 0.998668 0.000463269
0.213708 -0.121311 1.5668 0.030877 -0.0402183 0.998714 0.000588614
0.212997 -0.121581 1.56666 0.0287951 -0.0407397 0.998755 0.000720218
0.212286 -0.121849 1.56652 0.0267136 -0.0412585 0.998791 0.00085808
0.211752 -0.122049 1.56642 0.0251526 -0.0416458 0.998815 0.000965584
0.211218 -0.122248 1.56632 0.0235919 -0.0420317 0.998837 0.00107661
0.210684 -0.122445 1.56622 0.0220315 -0.042416 0.998856 0.00119115
0.21015 -0.122642 1.56612 0.0204712 -0.0427989 0.998873 0.00130921
0.209437 -0.122903 1.56599 0.0183913 -0.043307 0.998891 0.0014721
0.208724 -0.123163 1.56586 0.0163118 -0.0438125 0.998905 0.00164124
0.208011 -0.123421 1.56574 0.0142329 -0.0443153 0.998915 0.00181663
0.207476 -0.123613 1.56565 0.012674 -0.0446906 0.998919 0.00195228
0.20694 -0.123804 1.56556 0.0111155 -0.0450644 0.99892 0.00209144
0.206405 -0.123994 1.56547 0.00955721 -0.0454367 0.998919 0.00223412
0.205869 -0.124183 1.56538 0.00799931 -0.0458075 0.998915 0.00238031
0.204798 -0.124559 1.56521 0.00488453 -0.0465444 0.998901 0.00268323
0.203725 -0.124931 1.56504 0.00177122 -0.0472753 0.998876 0.0030002
