0.123597 -0.0704133 1.99161 -2.31853 1.84093 1.79963
0.126029 -0.0695737 1.99199 -2.31644 1.83992 1.79796
0.12846 -0.0687341 1.99236 -2.31434 1.83891 1.79629
0.130892 -0.0678946 1.99273 -2.31224 1.83791 1.79462
0.133324 -0.067055 1.9931 -2.31015 1.8369 1.79295
0.135756 -0.0662154 1.99348 -2.30805 1.83589 1.79129
0.138188 -0.0653759 1.99385 -2.30595 1.83488 1.78962
0.14062 -0.0645363 1.99422 -2.30386 1.83388 1.78795
0.143052 -0.0636967 1.99459 -2.30176 1.83287 1.78628
0.145484 -0.0628572 1.99496 -2.29966 1.83186 1.78462
0.147916 -0.0620176 1.99534 -2.29757 1.83086 1.78295
0.150348 -0.061178 1.99571 -2.29547 1.82985 1.78128
0.15278 -0.0603385 1.99608 -2.29337 1.82884 1.77961
0.155034 -0.0595835 1.9965 -2.29161 1.82786 1.77816
0.157265 -0.0588391 1.99692 -2.28988 1.82689 1.77673
0.159452 -0.0581159 1.99735 -2.28824 1.82592 1.77536
0.161573 -0.0574244 1.99779 -2.28672 1.82496 1.77406
0.163604 -0.0567752 1.99826 -2.28537 1.82401 1.77287
0.165552 -0.0561657 1.99875 -2.28417 1.82308 1.77178
0.167422 -0.0555932 1.99925 -2.28312 1.82216 1.77079
0.169219 -0.0550551 1.99978 -2.2822 1.82125 1.76988
0.17095 -0.0545487 2.00032 -2.2814 1.82035 1.76905
0.17262 -0.0540713 2.00087 -2.28072 1.81946 1.76829
0.174234 -0.0536205 2.00144 -2.28014 1.81858 1.7676
0.175798 -0.0531934 2.00202 -2.27966 1.81771 1.76697
0.177317 -0.0527874 2.00261 -2.27926 1.81684 1.76639
0.178787 -0.0524053 2.00321 -2.27895 1.81598 1.76587
0.1802 -0.0520496 2.00382 -2.27874 1.81513 1.76542
0.181553 -0.051723 2.00445 -2.27865 1.81429 1.76504
0.182838 -0.0514281 2.0051 -2.27868 1.81346 1.76474
0.184052 -0.0511676 2.00576 -2.27884 1.81264 1.76453
0.185187 -0.0509441 2.00644 -2.27915 1.81183 1.76441
0.186239 -0.0507603 2.00714 -2.27962 1.81104 1.76439
0.187202 -0.0506188 2.00787 -2.28025 1.81026 1.76448
0.188081 -0.0505208 2.00861 -2.28103 1.80949 1.76467
0.188879 -0.0504673 2.00938 -2.28196 1.80875 1.76495
0.189601 -0.0504597 2.01018 -2.28303 1.80803 1.76532
0.190251 -0.0504991 2.011 -2.28423 1.80733 1.76577
0.190834 -0.0505866 2.01186 -2.28554 1.80666 1.76629
0.191355 -0.0507234 2.01274 -2.28697 1.80603 1.76689
0.191817 -0.0509107 2.01366 -2.28849 1.80543 1.76754
0.192225 -0.0511496 2.01462 -2.2901 1.80486 1.76825
0.192583 -0.0514413 2.01561 -2.29179 1.80434 1.76902
0.192896 -0.051787 2.01664 -2.29355 1.80386 1.76982
0.193168 -0.0521878 2.01771 -2.29537 1.80342 1.77066
0.193403 -0.0526449 2.01882 -2.29725 1.80304 1.77154
0.193606 -0.0531595 2.01998 -2.29916 1.80271 1.77243
0.19378 -0.0537327 2.02118 -2.30111 1.80243 1.77335
0.193932 -0.0543657 2.02243 -2.30309 1.80221 1.77428
0.194064 -0.0550597 2.02372 -2.30507 1.80205 1.77521
0.194181 -0.0558158 2.02507 -2.30706 1.80196 1.77615
0.194288 -0.0566352 2.02647 -2.30905 1.80193 1.77707
0.194389 -0.0575191 2.02793 -2.31102 1.80198 1.77799
0.194488 -0.0584685 2.02944 -2.31296 1.8021 1.77888
0.19459 -0.0594848 2.031 -2.31488 1.80229 1.77975
0.194699 -0.0605691 2.03263 -2.31675 1.80256 1.78059
0.194819 -0.0617225 2.03432 -2.31856 1.80291 1.78139
0.194955 -0.0629461 2.03607 -2.32032 1.80335 1.78214
0.195111 -0.0642412 2.03788 -2.322 1.80388 1.78285
0.195291 -0.065609 2.03976 -2.32361 1.8045 1.78349
0.195501 -0.0670505 2.04171 -2.32512 1.80521 1.78408
0.195743 -0.068567 2.04373 -2.32653 1.80602 1.78459
0.196023 -0.0701597 2.04582 -2.32783 1.80693 1.78503
0.196345 -0.0718296 2.04799 -2.32902 1.80794 1.78538
0.196714 -0.073578 2.05022 -2.33008 1.80906 1.78565
0.197133 -0.0754059 2.05254 -2.33099 1.81028 1.78582
0.197598 -0.0773056 2.05492 -2.33178 1.81161 1.7859
0.198104 -0.0792689 2.05736 -2.33244 1.81303 1.78589
0.198647 -0.081288 2.05985 -2.33298 1.81454 1.78579
0.199222 -0.0833548 2.06238 -2.33339 1.81612 1.78561
0.199825 -0.0854615 2.06494 -2.3337 1.81777 1.78534
0.20045 -0.0875999 2.06753 -2.3339 1.81949 1.78498
0.201093 -0.0897623 2.07013 -2.334 1.82126 1.78455
0.20175 -0.0919405 2.07274 -2.33401 1.82307 1.78404
0.202415 -0.0941266 2.07534 -2.33392 1.82493 1.78345
0.203085 -0.0963128 2.07793 -2.33375 1.82681 1.78278
0.203754 -0.0984909 2.08049 -2.33349 1.82872 1.78204
0.204417 -0.100653 2.08303 -2.33317 1.83065 1.78124
0.205071 -0.102791 2.08552 -2.33277 1.83258 1.78036
0.205711 -0.104898 2.08797 -2.3323 1.83452 1.77942
0.206331 -0.106964 2.09036 -2.33178 1.83644 1.77841
0.206927 -0.108983 2.09268 -2.3312 1.83835 1.77734
0.207495 -0.110946 2.09493 -2.33057 1.84024 1.77621
0.20803 -0.112845 2.0971 -2.3299 1.84209 1.77502
0.208527 -0.114672 2.09917 -2.32919 1.84391 1.77377
0.208981 -0.11642 2.10114 -2.32844 1.84568 1.77247
0.209389 -0.11808 2.10299 -2.32767 1.84739 1.77112
0.209745 -0.119645 2.10473 -2.32687 1.84905 1.76971
0.210044 -0.121106 2.10634 -2.32606 1.85063 1.76826
0.210282 -0.122455 2.10781 -2.32523 1.85214 1.76676
0.210454 -0.123685 2.10913 -2.32439 1.85356 1.76521
0.210556 -0.124787 2.1103 -2.32356 1.85488 1.76363
0.210583 -0.125754 2.1113 -2.32272 1.85611 1.762
0.210531 -0.126578 2.11213 -2.32189 1.85723 1.76033
0.210394 -0.12725 2.11278 -2.32108 1.85823 1.75863
0.210168 -0.127763 2.11323 -2.32028 1.85911 1.75689
0.209848 -0.128108 2.11349 -2.3195 1.85985 1.75512
0.20943 -0.128278 2.11353 -2.31876 1.86046 1.75332
0.20892 -0.128284 2.11338 -2.31804 1.86093 1.75149
0.208323 -0.128137 2.11305 -2.31735 1.86128 1.74964
0.207647 -0.127847 2.11254 -2.31668 1.86152 1.74775
0.206897 -0.127426 2.11188 -2.31603 1.86166 1.74585
0.20608 -0.126884 2.11107 -2.3154 1.86169 1.74393
0.205201 -0.126233 2.11014 -2.31479 1.86164 1.74198
0.204267 -0.125483 2.10908 -2.31419 1.86151 1.74002
0.203283 -0.124645 2.10792 -2.31361 1.86132 1.73804
0.202257 -0.123731 2.10667 -2.31304 1.86106 1.73605
0.201194 -0.122751 2.10534 -2.31248 1.86075 1.73405
0.2001 -0.121717 2.10395 -2.31193 1.86039 1.73204
0.198981 -0.120638 2.1025 -2.31139 1.86 1.73002
0.197795 -0.119439 2.10091 -2.31087 1.85951 1.72798
0.196498 -0.118043 2.09908 -2.31038 1.85887 1.72591
0.195048 -0.116373 2.09693 -2.30993 1.85801 1.72378
0.193401 -0.114352 2.09436 -2.30954 1.85687 1.7216
0.191606 -0.112069 2.09147 -2.3092 1.85551 1.71937
0.189713 -0.10961 2.08837 -2.30888 1.85402 1.71711
0.187771 -0.107064 2.08517 -2.30858 1.85246 1.71483
0.185829 -0.104517 2.08197 -2.30828 1.8509 1.71256
0.183887 -0.101971 2.07877 -2.30797 1.84934 1.71028
0.181945 -0.0994246 2.07557 -2.30767 1.84778 1.70801
0.180003 -0.0968782 2.07237 -2.30737 1.84622 1.70573
0.178061 -0.0943319 2.06917 -2.30706 1.84466 1.70346
0.176119 -0.0917855 2.06596 -2.30676 1.8431 1.70118
0.174177 -0.0892391 2.06276 -2.30646 1.84154 1.69891
0.172235 -0.0866928 2.05956 -2.30615 1.83997 1.69663
0.170293 -0.0841464 2.05636 -2.30585 1.83841 1.69436
0.168351 -0.0816001 2.05316 -2.30555 1.83685 1.69208
0.166975 -0.0797416 2.05081 -2.30524 1.83567 1.69027
0.165881 -0.0782272 2.04889 -2.30494 1.83469 1.6887
0.165354 -0.0774006 2.04782 -2.30462 1.83408 1.68759
0.165251 -0.07709 2.0474 -2.30431 1.83376 1.68684
0.165431 -0.0771234 2.0474 -2.304 1.83364 1.68632
0.165752 -0.0773287 2.04761 -2.30368 1.8336 1.68592
0.166073 -0.0775341 2.04782 -2.30337 1.83357 1.68551
0.166394 -0.0777394 2.04804 -2.30305 1.83354 1.68511
0.166716 -0.0779447 2.04825 -2.30274 1.83351 1.68471
0.167037 -0.0781501 2.04846 -2.30242 1.83348 1.68431
0.167358 -0.0783554 2.04868 -2.30211 1.83345 1.6839
0.167679 -0.0785608 2.04889 -2.30179 1.83342 1.6835
0.168 -0.0787661 2.0491 -2.30148 1.83338 1.6831
0.168322 -0.0789715 2.04932 -2.30117 1.83335 1.68269
0.168643 -0.0791768 2.04953 -2.30085 1.83332 1.68229
0.168964 -0.0793821 2.04974 -2.30054 1.83329 1.68189
0.169285 -0.0795875 2.04996 -2.30022 1.83326 1.68149
0.169607 -0.0797928 2.05017 -2.29991 1.83323 1.68108
0.169928 -0.0799982 2.05038 -2.29959 1.83319 1.68068
0.170249 -0.0802035 2.0506 -2.29928 1.83316 1.68028
0.17057 -0.0804088 2.05081 -2.29896 1.83313 1.67987
0.170892 -0.0806142 2.05102 -2.29865 1.8331 1.67947
0.171213 -0.0808195 2.05124 -2.29833 1.83307 1.67907
0.171534 -0.0810249 2.05145 -2.29802 1.83304 1.67867
0.171855 -0.0812302 2.05167 -2.2977 1.83301 1.67826
0.172176 -0.0814356 2.05188 -2.29739 1.83297 1.67786
0.172498 -0.0816409 2.05209 -2.29707 1.83294 1.67746
0.172819 -0.0818462 2.05231 -2.29676 1.83291 1.67705
0.17314 -0.0820516 2.05252 -2.29644 1.83288 1.67665
0.173461 -0.0822569 2.05273 -2.29613 1.83285 1.67625
0.173783 -0.0824623 2.05295 -2.29581 1.83282 1.67584
0.174104 -0.0826676 2.05316 -2.2955 1.83278 1.67544
0.174425 -0.0828729 2.05337 -2.29518 1.83275 1.67504
0.174746 -0.0830783 2.05359 -2.29487 1.83272 1.67464
0.175068 -0.0832836 2.0538 -2.29456 1.83269 1.67423
0.175389 -0.083489 2.05401 -2.29424 1.83266 1.67383
0.17571 -0.0836943 2.05423 -2.29393 1.83263 1.67343
0.176031 -0.0838997 2.05444 -2.29361 1.8326 1.67302
0.176353 -0.084105 2.05465 -2.2933 1.83256 1.67262
0.176674 -0.0843103 2.05487 -2.29298 1.83253 1.67222
0.176995 -0.0845157 2.05508 -2.29267 1.8325 1.67182
0.177316 -0.084721 2.05529 -2.29235 1.83247 1.67141
0.177637 -0.0849264 2.05551 -2.29204 1.83244 1.67101
0.177959 -0.0851317 2.05572 -2.29172 1.83241 1.67061
0.17828 -0.0853371 2.05593 -2.29141 1.83237 1.6702
0.178601 -0.0855424 2.05615 -2.29109 1.83234 1.6698
0.178922 -0.0857477 2.05636 -2.29078 1.83231 1.6694
0.179244 -0.0859531 2.05657 -2.29046 1.83228 1.669
0.179565 -0.0861584 2.05679 -2.29015 1.83225 1.66859
0.179886 -0.0863638 2.057 -2.28983 1.83222 1.66819
0.180207 -0.0865691 2.05721 -2.28952 1.83218 1.66779
0.180529 -0.0867744 2.05743 -2.2892 1.83215 1.66738
0.18085 -0.0869798 2.05764 -2.28889 1.83212 1.66698
0.181171 -0.0871851 2.05785 -2.28857 1.83209 1.66658
0.181492 -0.0873905 2.05807 -2.28826 1.83206 1.66618
0.181813 -0.0875958 2.05828 -2.28795 1.83203 1.66577
0.182135 -0.0878012 2.05849 -2.28763 1.832 1.66537
0.182456 -0.0880065 2.05871 -2.28732 1.83196 1.66497
0.182777 -0.0882118 2.05892 -2.287 1.83193 1.66456
0.183098 -0.0884172 2.05914 -2.28669 1.8319 1.66416
0.18342 -0.0886225 2.05935 -2.28637 1.83187 1.66376
0.183741 -0.0888279 2.05956 -2.28606 1.83184 1.66336
0.184062 -0.0890332 2.05978 -2.28574 1.83181 1.66295
0.184383 -0.0892386 2.05999 -2.28543 1.83177 1.66255
0.184705 -0.0894439 2.0602 -2.28511 1.83174 1.66215
0.185026 -0.0896492 2.06042 -2.2848 1.83171 1.66174
0.185347 -0.0898546 2.06063 -2.28448 1.83168 1.66134
0.185668 -0.0900599 2.06084 -2.28417 1.83165 1.66094
0.185989 -0.0902653 2.06106 -2.28385 1.83162 1.66054
0.186311 -0.0904706 2.06127 -2.28354 1.83159 1.66013
0.186632 -0.0906759 2.06148 -2.28322 1.83155 1.65973
0.186953 -0.0908813 2.0617 -2.28291 1.83152 1.65933
0.187274 -0.0910866 2.06191 -2.28259 1.83149 1.65892
0.187596 -0.091292 2.06212 -2.28228 1.83146 1.65852
0.187917 -0.0914973 2.06234 -2.28196 1.83143 1.65812
0.188238 -0.0917027 2.06255 -2.28165 1.8314 1.65771
0.188559 -0.091908 2.06276 -2.28134 1.83136 1.65731
0.188881 -0.0921133 2.06298 -2.28102 1.83133 1.65691
0.189202 -0.0923187 2.06319 -2.28071 1.8313 1.65651
0.189523 -0.092524 2.0634 -2.28039 1.83127 1.6561
0.189844 -0.0927294 2.06362 -2.28008 1.83124 1.6557
0.190165 -0.0929347 2.06383 -2.27976 1.83121 1.6553
0.190487 -0.0931401 2.06404 -2.27945 1.83118 1.65489
0.190808 -0.0933454 2.06426 -2.27913 1.83114 1.65449
0.191129 -0.0935507 2.06447 -2.27882 1.83111 1.65409
0.19145 -0.0937561 2.06468 -2.2785 1.83108 1.65369
0.191772 -0.0939614 2.0649 -2.27819 1.83105 1.65328
0.192093 -0.0941668 2.06511 -2.27787 1.83102 1.65288
0.192414 -0.0943721 2.06532 -2.27756 1.83099 1.65248
0.192735 -0.0945774 2.06554 -2.27724 1.83095 1.65207
0.193057 -0.0947828 2.06575 -2.27693 1.83092 1.65167
0.193378 -0.0949881 2.06596 -2.27661 1.83089 1.65127
0.193699 -0.0951935 2.06618 -2.2763 1.83086 1.65087
0.19402 -0.0953988 2.06639 -2.27598 1.83083 1.65046
0.194342 -0.0956042 2.06661 -2.27567 1.8308 1.65006
0.194663 -0.0958095 2.06682 -2.27535 1.83076 1.64966
0.194984 -0.0960148 2.06703 -2.27504 1.83073 1.64925
0.195305 -0.0962202 2.06725 -2.27473 1.8307 1.64885
0.195626 -0.0964255 2.06746 -2.27441 1.83067 1.64845
0.195949 -0.0966322 2.06767 -2.27409 1.83064 1.64804
0.196275 -0.0968416 2.06789 -2.27377 1.83061 1.64764
0.196605 -0.097055 2.0681 -2.27345 1.83057 1.64723
0.196941 -0.0972738 2.06832 -2.27311 1.83054 1.64682
0.197285 -0.0974993 2.06854 -2.27277 1.83051 1.64641
0.197638 -0.0977329 2.06876 -2.27241 1.83048 1.64599
0.198001 -0.0979759 2.06899 -2.27204 1.83044 1.64557
0.198376 -0.0982296 2.06922 -2.27165 1.83041 1.64514
0.198764 -0.0984955 2.06945 -2.27125 1.83037 1.64471
0.199168 -0.0987748 2.06969 -2.27083 1.83034 1.64427
0.199588 -0.0990689 2.06994 -2.27038 1.8303 1.64382
0.200026 -0.0993791 2.07018 -2.26991 1.83026 1.64336
0.200483 -0.0997068 2.07044 -2.26942 1.83022 1.64289
0.200962 -0.100053 2.0707 -2.2689 1.83018 1.64242
0.201463 -0.10042 2.07097 -2.26834 1.83014 1.64193
0.201987 -0.100808 2.07124 -2.26776 1.8301 1.64143
0.202538 -0.101219 2.07153 -2.26714 1.83005 1.64092
0.203115 -0.101655 2.07182 -2.26649 1.83 1.6404
0.20372 -0.102116 2.07212 -2.2658 1.82996 1.63986
0.204356 -0.102603 2.07242 -2.26507 1.82991 1.63931
0.205023 -0.103119 2.07274 -2.2643 1.82986 1.63875
0.205723 -0.103665 2.07307 -2.26348 1.8298 1.63817
0.206457 -0.104241 2.07341 -2.26262 1.82975 1.63758
0.207227 -0.10485 2.07376 -2.26171 1.82969 1.63696
0.208035 -0.105493 2.07412 -2.26075 1.82963 1.63633
0.208882 -0.10617 2.07449 -2.25974 1.82957 1.63568
0.209769 -0.106884 2.07487 -2.25868 1.82951 1.63502
0.210697 -0.107635 2.07527 -2.25756 1.82944 1.63433
0.21167 -0.108425 2.07568 -2.25639 1.82937 1.63362
0.212687 -0.109256 2.0761 -2.25515 1.8293 1.6329
0.213751 -0.110128 2.07654 -2.25385 1.82923 1.63215
0.214862 -0.111044 2.07699 -2.25249 1.82915 1.63138
0.216019 -0.112001 2.07746 -2.25107 1.82907 1.63058
0.21722 -0.112998 2.07795 -2.24959 1.82899 1.62976
0.218461 -0.114035 2.07845 -2.24805 1.8289 1.6289
0.219742 -0.115109 2.07898 -2.24645 1.82882 1.62802
0.221059 -0.116219 2.07952 -2.2448 1.82873 1.6271
0.222411 -0.117364 2.08009 -2.24309 1.82864 1.62615
0.223795 -0.118544 2.08069 -2.24133 1.82855 1.62516
0.225209 -0.119755 2.08131 -2.23951 1.82845 1.62413
0.22665 -0.120997 2.08196 -2.23765 1.82835 1.62306
0.228117 -0.122269 2.08264 -2.23573 1.82826 1.62195
0.229607 -0.123569 2.08334 -2.23377 1.82816 1.62078
0.231118 -0.124896 2.08408 -2.23177 1.82806 1.61957
0.232648 -0.126249 2.08486 -2.22972 1.82795 1.61831
0.234194 -0.127626 2.08567 -2.22762 1.82785 1.617
0.235755 -0.129026 2.08651 -2.22549 1.82775 1.61563
0.237327 -0.130447 2.0874 -2.22331 1.82764 1.6142
0.238909 -0.131889 2.08832 -2.2211 1.82754 1.61271
0.240499 -0.133349 2.08928 -2.21885 1.82743 1.61117
0.242094 -0.134827 2.09029 -2.21656 1.82732 1.60955
0.243692 -0.136321 2.09134 -2.21424 1.82721 1.60787
0.24529 -0.13783 2.09243 -2.21188 1.82711 1.60613
0.246887 -0.139353 2.09357 -2.2095 1.827 1.60431
0.248481 -0.140887 2.09477 -2.20708 1.82689 1.60242
0.250068 -0.142433 2.096 -2.20464 1.82678 1.60045
0.251647 -0.143988 2.0973 -2.20217 1.82667 1.59841
0.253216 -0.145551 2.09864 -2.19967 1.82656 1.59629
0.254772 -0.147121 2.10004 -2.19715 1.82645 1.59409
0.256313 -0.148696 2.10149 -2.19461 1.82634 1.5918
0.257837 -0.150275 2.103 -2.19204 1.82624 1.58943
0.259341 -0.151857 2.10457 -2.18946 1.82613 1.58697
0.260823 -0.153441 2.1062 -2.18686 1.82602 1.58442
0.262282 -0.155025 2.10789 -2.18424 1.82592 1.58178
0.263719 -0.156608 2.10964 -2.1816 1.82581 1.57905
0.265136 -0.158192 2.11143 -2.17896 1.82571 1.57625
0.266537 -0.159776 2.11327 -2.1763 1.82561 1.57338
0.267922 -0.16136 2.11515 -2.17363 1.8255 1.57045
0.269294 -0.162944 2.11706 -2.17095 1.8254 1.56748
0.270657 -0.164528 2.119 -2.16826 1.8253 1.56446
0.27201 -0.166112 2.12096 -2.16557 1.8252 1.56141
0.273358 -0.167696 2.12293 -2.16287 1.8251 1.55834
0.274702 -0.16928 2.12492 -2.16017 1.82499 1.55526
0.276045 -0.170864 2.1269 -2.15747 1.82489 1.55217
0.277388 -0.172448 2.12889 -2.15477 1.82479 1.54908
0.278735 -0.174032 2.13087 -2.15207 1.82469 1.54601
0.280086 -0.175616 2.13283 -2.14938 1.82459 1.54295
0.281445 -0.1772 2.13478 -2.14669 1.82449 1.53992
0.282814 -0.178784 2.1367 -2.144 1.82438 1.53693
0.284195 -0.180368 2.13859 -2.14133 1.82428 1.53399
0.28559 -0.181952 2.14044 -2.13867 1.82418 1.5311
0.287001 -0.183536 2.14226 -2.13601 1.82407 1.52828
0.288431 -0.18512 2.14402 -2.13337 1.82397 1.52552
0.289883 -0.186703 2.14573 -2.13075 1.82386 1.52285
0.291357 -0.188287 2.14738 -2.12814 1.82376 1.52027
0.292857 -0.18987 2.14896 -2.12555 1.82365 1.51778
0.294384 -0.191454 2.15048 -2.12298 1.82354 1.51541
0.295942 -0.193037 2.15191 -2.12043 1.82343 1.51315
0.297531 -0.19462 2.15327 -2.1179 1.82332 1.51101
0.299155 -0.196204 2.15453 -2.1154 1.82321 1.509
0.300816 -0.197787 2.15571 -2.11292 1.8231 1.50714
0.302516 -0.19937 2.15678 -2.11047 1.82299 1.50543
0.304256 -0.200952 2.15774 -2.10805 1.82287 1.50387
0.306041 -0.202535 2.1586 -2.10566 1.82276 1.50249
0.307871 -0.204117 2.15934 -2.1033 1.82264 1.50127
0.309748 -0.2057 2.15995 -2.10098 1.82252 1.50025
0.311672 -0.207282 2.16045 -2.09869 1.8224 1.4994
0.313639 -0.208864 2.16084 -2.09643 1.82227 1.49872
0.315647 -0.210446 2.16112 -2.09419 1.82215 1.49819
0.317694 -0.212028 2.1613 -2.09199 1.82202 1.49782
0.319777 -0.213609 2.16139 -2.08981 1.8219 1.49759
0.321895 -0.215191 2.16138 -2.08765 1.82177 1.49749
0.324046 -0.216772 2.1613 -2.08552 1.82164 1.49752
0.326226 -0.218354 2.16114 -2.08341 1.82151 1.49766
0.328434 -0.219935 2.16091 -2.08131 1.82138 1.4979
0.330667 -0.221516 2.16061 -2.07924 1.82125 1.49825
0.332923 -0.223097 2.16025 -2.07718 1.82111 1.49868
0.335201 -0.224678 2.15984 -2.07514 1.82098 1.4992
0.337497 -0.226259 2.15939 -2.07311 1.82085 1.49979
0.33981 -0.22784 2.15888 -2.07109 1.82071 1.50044
0.342137 -0.229421 2.15835 -2.06908 1.82058 1.50115
0.344476 -0.231002 2.15778 -2.06708 1.82044 1.5019
0.346824 -0.232583 2.15719 -2.06509 1.8203 1.50269
0.34918 -0.234163 2.15658 -2.0631 1.82017 1.50351
0.351541 -0.235744 2.15595 -2.06111 1.82003 1.50435
0.353906 -0.237325 2.15532 -2.05913 1.81989 1.5052
0.356271 -0.238906 2.15468 -2.05715 1.81976 1.50606
0.358634 -0.240486 2.15405 -2.05517 1.81962 1.5069
0.360994 -0.242067 2.15343 -2.05318 1.81948 1.50774
0.363348 -0.243648 2.15282 -2.05119 1.81935 1.50855
0.365694 -0.245229 2.15224 -2.0492 1.81921 1.50933
0.368029 -0.24681 2.15168 -2.04719 1.81908 1.51007
0.370351 -0.24839 2.15115 -2.04518 1.81894 1.51076
0.372659 -0.249971 2.15067 -2.04316 1.81881 1.51139
0.374949 -0.251552 2.15022 -2.04112 1.81867 1.51195
0.37722 -0.253133 2.14983 -2.03907 1.81854 1.51244
0.379469 -0.254715 2.14949 -2.03701 1.81841 1.51285
0.381694 -0.256296 2.14922 -2.03493 1.81828 1.51316
0.383895 -0.257877 2.149 -2.03283 1.81814 1.51339
0.386075 -0.259458 2.14884 -2.03072 1.81801 1.51353
0.388232 -0.261039 2.14874 -2.0286 1.81788 1.51358
0.390367 -0.262619 2.14869 -2.02645 1.81776 1.51356
0.392482 -0.2642 2.14869 -2.0243 1.81763 1.51345
0.394577 -0.265779 2.14874 -2.02213 1.8175 1.51328
0.396652 -0.267358 2.14884 -2.01995 1.81737 1.51303
0.398708 -0.268936 2.14899 -2.01776 1.81725 1.51271
0.400746 -0.270514 2.14918 -2.01556 1.81712 1.51232
0.402766 -0.272091 2.14941 -2.01335 1.817 1.51188
0.40477 -0.273666 2.14968 -2.01113 1.81688 1.51137
0.406757 -0.275241 2.14998 -2.0089 1.81675 1.51081
0.408728 -0.276814 2.15033 -2.00666 1.81663 1.51019
0.410684 -0.278386 2.1507 -2.00441 1.81651 1.50952
0.412625 -0.279957 2.15111 -2.00216 1.81639 1.50881
0.414553 -0.281526 2.15155 -1.9999 1.81626 1.50805
0.416468 -0.283093 2.15202 -1.99764 1.81614 1.50724
0.41837 -0.284659 2.15251 -1.99537 1.81602 1.5064
0.42026 -0.286223 2.15303 -1.99309 1.8159 1.50553
0.422139 -0.287785 2.15357 -1.99082 1.81579 1.50462
0.424007 -0.289346 2.15413 -1.98854 1.81567 1.50367
0.425865 -0.290904 2.15471 -1.98626 1.81555 1.50271
0.427713 -0.29246 2.1553 -1.98397 1.81543 1.50172
0.429553 -0.294013 2.15591 -1.98169 1.81531 1.5007
0.431385 -0.295565 2.15653 -1.9794 1.8152 1.49967
0.433209 -0.297113 2.15716 -1.97712 1.81508 1.49863
0.435026 -0.29866 2.1578 -1.97484 1.81496 1.49757
0.436837 -0.300203 2.15845 -1.97256 1.81485 1.4965
0.438642 -0.301744 2.1591 -1.97028 1.81473 1.49543
0.440443 -0.303282 2.15975 -1.968 1.81462 1.49435
0.442239 -0.304817 2.1604 -1.96573 1.8145 1.49327
0.444031 -0.306349 2.16105 -1.96347 1.81439 1.4922
0.44582 -0.307878 2.1617 -1.9612 1.81427 1.49113
0.447605 -0.309404 2.16235 -1.95895 1.81416 1.49006
0.449387 -0.310928 2.163 -1.95669 1.81405 1.48899
0.451165 -0.312449 2.16364 -1.95444 1.81393 1.48793
0.45294 -0.313967 2.16429 -1.9522 1.81382 1.48686
0.454713 -0.315482 2.16493 -1.94996 1.8137 1.4858
0.456482 -0.316996 2.16557 -1.94772 1.81359 1.48474
0.458249 -0.318507 2.16621 -1.94548 1.81348 1.48369
0.460013 -0.320015 2.16685 -1.94325 1.81337 1.48263
0.461774 -0.321522 2.16749 -1.94102 1.81325 1.48158
0.463533 -0.323027 2.16813 -1.9388 1.81314 1.48053
0.465289 -0.32453 2.16876 -1.93657 1.81303 1.47948
0.467044 -0.326031 2.1694 -1.93435 1.81292 1.47843
0.468796 -0.32753 2.17003 -1.93213 1.8128 1.47739
0.470546 -0.329027 2.17067 -1.92992 1.81269 1.47634
0.472295 -0.330523 2.1713 -1.92771 1.81258 1.4753
0.474041 -0.332018 2.17193 -1.9255 1.81247 1.47426
0.475786 -0.333511 2.17256 -1.92329 1.81236 1.47322
0.47753 -0.335004 2.17319 -1.92108 1.81225 1.47218
0.479272 -0.336494 2.17382 -1.91887 1.81214 1.47114
0.481013 -0.337984 2.17445 -1.91667 1.81202 1.4701
0.482752 -0.339473 2.17508 -1.91447 1.81191 1.46906
0.484491 -0.340961 2.17571 -1.91227 1.8118 1.46802
0.486229 -0.342449 2.17634 -1.91007 1.81169 1.46699
0.487966 -0.343935 2.17697 -1.90787 1.81158 1.46595
0.489702 -0.345421 2.1776 -1.90567 1.81147 1.46492
0.491437 -0.346907 2.17822 -1.90347 1.81136 1.46388
0.493172 -0.348392 2.17885 -1.90127 1.81125 1.46285
0.494907 -0.349877 2.17948 -1.89908 1.81114 1.46182
0.496642 -0.351362 2.1801 -1.89688 1.81103 1.46078
0.498376 -0.352846 2.18073 -1.89469 1.81092 1.45975
0.50011 -0.354331 2.18136 -1.89249 1.81081 1.45872
0.501845 -0.355815 2.18199 -1.89029 1.8107 1.45768
0.503578 -0.357299 2.18261 -1.8881 1.81058 1.45665
0.50531 -0.358782 2.18324 -1.88591 1.81047 1.45562
0.507041 -0.360264 2.18386 -1.88371 1.81036 1.45459
0.508771 -0.361744 2.18449 -1.88152 1.81025 1.45355
0.510498 -0.363223 2.18511 -1.87934 1.81014 1.45253
0.512223 -0.3647 2.18574 -1.87715 1.81003 1.4515
0.513945 -0.366174 2.18636 -1.87497 1.80992 1.45047
0.515665 -0.367646 2.18698 -1.8728 1.80981 1.44945
0.517381 -0.369115 2.1876 -1.87062 1.8097 1.44843
0.519093 -0.370581 2.18822 -1.86845 1.80959 1.44741
0.520801 -0.372043 2.18884 -1.86629 1.80949 1.44639
0.522505 -0.373502 2.18945 -1.86413 1.80938 1.44537
0.524204 -0.374957 2.19007 -1.86198 1.80927 1.44436
0.525899 -0.376407 2.19068 -1.85984 1.80916 1.44335
0.527587 -0.377853 2.19129 -1.8577 1.80905 1.44235
0.52927 -0.379295 2.1919 -1.85556 1.80895 1.44135
0.530948 -0.380731 2.1925 -1.85344 1.80884 1.44035
0.532618 -0.382161 2.19311 -1.85132 1.80873 1.43936
0.534282 -0.383587 2.19371 -1.84922 1.80863 1.43837
0.535939 -0.385006 2.1943 -1.84712 1.80852 1.43738
0.537589 -0.386418 2.1949 -1.84503 1.80842 1.4364
0.539231 -0.387825 2.19549 -1.84295 1.80831 1.43543
0.540864 -0.389224 2.19608 -1.84088 1.80821 1.43446
0.54249 -0.390617 2.19667 -1.83882 1.8081 1.43349
0.544107 -0.392002 2.19725 -1.83677 1.808 1.43253
0.545714 -0.393379 2.19783 -1.83473 1.8079 1.43158
0.547312 -0.394748 2.19841 -1.83271 1.8078 1.43063
0.548901 -0.39611 2.19898 -1.83069 1.80769 1.42968
0.550479 -0.397462 2.19955 -1.82869 1.80759 1.42875
0.552048 -0.398806 2.20011 -1.82671 1.80749 1.42782
0.553605 -0.400141 2.20067 -1.82473 1.8074 1.4269
0.555152 -0.401467 2.20123 -1.82277 1.8073 1.42598
0.556689 -0.402784 2.20178 -1.82082 1.8072 1.42507
0.558216 -0.404094 2.20233 -1.81889 1.8071 1.42417
0.559734 -0.405395 2.20288 -1.81696 1.80701 1.42327
0.561242 -0.406689 2.20342 -1.81505 1.80691 1.42238
0.562743 -0.407975 2.20396 -1.81315 1.80681 1.42149
0.564234 -0.409254 2.2045 -1.81125 1.80672 1.42061
0.565718 -0.410526 2.20503 -1.80937 1.80662 1.41973
0.567194 -0.411792 2.20556 -1.8075 1.80653 1.41886
0.568662 -0.413052 2.20609 -1.80564 1.80644 1.41799
0.570124 -0.414305 2.20661 -1.80378 1.80634 1.41713
0.571578 -0.415553 2.20713 -1.80194 1.80625 1.41627
0.573027 -0.416796 2.20765 -1.8001 1.80616 1.41541
0.574469 -0.418033 2.20817 -1.79827 1.80607 1.41456
0.575906 -0.419266 2.20869 -1.79645 1.80598 1.41372
0.577337 -0.420494 2.2092 -1.79463 1.80589 1.41287
0.578763 -0.421718 2.20971 -1.79282 1.8058 1.41203
0.580185 -0.422938 2.21022 -1.79102 1.80571 1.41119
0.581602 -0.424154 2.21073 -1.78922 1.80562 1.41036
0.583015 -0.425367 2.21124 -1.78743 1.80553 1.40953
0.584425 -0.426576 2.21174 -1.78564 1.80544 1.40869
0.585831 -0.427783 2.21224 -1.78385 1.80535 1.40787
0.587234 -0.428987 2.21275 -1.78207 1.80526 1.40704
0.588634 -0.430189 2.21325 -1.7803 1.80517 1.40622
0.590032 -0.431389 2.21375 -1.77852 1.80508 1.40539
0.591428 -0.432587 2.21425 -1.77675 1.80499 1.40457
0.592823 -0.433784 2.21475 -1.77498 1.8049 1.40375
0.594216 -0.43498 2.21525 -1.77321 1.80482 1.40293
0.595608 -0.436175 2.21575 -1.77144 1.80473 1.40211
0.596999 -0.437369 2.21625 -1.76968 1.80464 1.40129
0.59839 -0.438563 2.21674 -1.76791 1.80455 1.40047
0.599781 -0.439757 2.21724 -1.76615 1.80446 1.39965
0.601172 -0.440951 2.21774 -1.76438 1.80437 1.39883
0.602561 -0.442143 2.21824 -1.76262 1.80429 1.39802
0.603948 -0.443334 2.21873 -1.76086 1.8042 1.3972
0.605332 -0.444522 2.21923 -1.7591 1.80411 1.39639
0.606713 -0.445708 2.21973 -1.75735 1.80402 1.39557
0.60809 -0.44689 2.22022 -1.7556 1.80394 1.39476
0.609462 -0.448068 2.22071 -1.75386 1.80385 1.39396
0.610829 -0.449241 2.2212 -1.75212 1.80376 1.39315
0.61219 -0.45041 2.22169 -1.75039 1.80368 1.39235
0.613544 -0.451573 2.22217 -1.74867 1.80359 1.39156
0.614891 -0.452729 2.22265 -1.74696 1.8035 1.39076
0.61623 -0.453879 2.22313 -1.74526 1.80342 1.38998
0.61756 -0.455021 2.22361 -1.74358 1.80334 1.3892
0.61888 -0.456156 2.22408 -1.7419 1.80325 1.38842
0.620191 -0.457282 2.22455 -1.74023 1.80317 1.38765
0.621491 -0.458399 2.22501 -1.73858 1.80309 1.38689
0.622779 -0.459506 2.22547 -1.73695 1.803 1.38614
0.624056 -0.460603 2.22593 -1.73532 1.80292 1.38539
0.625319 -0.461689 2.22638 -1.73372 1.80284 1.38465
0.626569 -0.462764 2.22682 -1.73213 1.80277 1.38392
0.627805 -0.463827 2.22726 -1.73056 1.80269 1.3832
0.629027 -0.464877 2.2277 -1.729 1.80261 1.38249
0.630233 -0.465914 2.22813 -1.72747 1.80253 1.38178
0.631423 -0.466938 2.22855 -1.72596 1.80246 1.38109
0.632596 -0.467948 2.22896 -1.72446 1.80238 1.38041
0.633751 -0.468943 2.22937 -1.72299 1.80231 1.37974
0.634889 -0.469922 2.22978 -1.72155 1.80224 1.37908
0.636008 -0.470886 2.23017 -1.72012 1.80217 1.37843
0.637107 -0.471833 2.23056 -1.71872 1.8021 1.37779
0.638186 -0.472763 2.23094 -1.71735 1.80203 1.37717
0.639245 -0.473675 2.23132 -1.716 1.80197 1.37656
0.640281 -0.47457 2.23168 -1.71468 1.8019 1.37596
0.641298 -0.475446 2.23204 -1.71338 1.80184 1.37537
0.642294 -0.476306 2.23239 -1.71211 1.80177 1.3748
0.64327 -0.477149 2.23273 -1.71086 1.80171 1.37424
0.644228 -0.477977 2.23307 -1.70964 1.80165 1.37369
0.645168 -0.478789 2.2334 -1.70844 1.80159 1.37316
0.64609 -0.479586 2.23372 -1.70726 1.80154 1.37263
0.646996 -0.480369 2.23404 -1.70611 1.80148 1.37212
0.647885 -0.481139 2.23435 -1.70497 1.80143 1.37161
0.648759 -0.481895 2.23465 -1.70385 1.80137 1.37112
0.649618 -0.482639 2.23495 -1.70275 1.80132 1.37063
0.650463 -0.483371 2.23524 -1.70167 1.80126 1.37015
0.651295 -0.484092 2.23553 -1.70061 1.80121 1.36968
0.652114 -0.484802 2.23582 -1.69956 1.80116 1.36922
0.652921 -0.485501 2.2361 -1.69852 1.80111 1.36877
0.653716 -0.486191 2.23637 -1.6975 1.80106 1.36832
0.654501 -0.486872 2.23664 -1.6965 1.80101 1.36788
0.655276 -0.487545 2.23691 -1.69551 1.80097 1.36745
0.656041 -0.488209 2.23717 -1.69452 1.80092 1.36702
0.656798 -0.488866 2.23743 -1.69355 1.80087 1.3666
0.657546 -0.489516 2.23769 -1.69259 1.80083 1.36618
0.658288 -0.49016 2.23795 -1.69164 1.80078 1.36577
0.659022 -0.490799 2.2382 -1.6907 1.80073 1.36536
0.659751 -0.491432 2.23845 -1.68976 1.80069 1.36495
0.660474 -0.492061 2.23869 -1.68884 1.80065 1.36455
0.661192 -0.492686 2.23894 -1.68791 1.8006 1.36416
0.661906 -0.493307 2.23919 -1.687 1.80056 1.36376
0.662617 -0.493925 2.23943 -1.68608 1.80051 1.36337
0.663326 -0.494542 2.23967 -1.68517 1.80047 1.36297
0.664032 -0.495156 2.23991 -1.68427 1.80043 1.36258
0.664737 -0.495769 2.24015 -1.68336 1.80038 1.36219
0.665441 -0.496382 2.24039 -1.68245 1.80034 1.3618
0.666146 -0.496995 2.24063 -1.68155 1.8003 1.36141
0.66685 -0.497608 2.24088 -1.68064 1.80025 1.36102
0.667555 -0.498223 2.24112 -1.67974 1.80021 1.36064
0.668262 -0.498838 2.24136 -1.67883 1.80017 1.36025
0.668969 -0.499455 2.2416 -1.67792 1.80012 1.35986
0.669678 -0.500075 2.24183 -1.677 1.80008 1.35948
0.67039 -0.500697 2.24207 -1.67608 1.80004 1.3591
0.671103 -0.501323 2.24231 -1.67516 1.79999 1.35872
0.671819 -0.501952 2.24255 -1.67423 1.79995 1.35834
0.672538 -0.502585 2.24278 -1.6733 1.79991 1.35797
0.67326 -0.503223 2.24301 -1.67236 1.79986 1.35759
0.673985 -0.503866 2.24325 -1.67141 1.79982 1.35723
0.674715 -0.504514 2.24348 -1.67046 1.79978 1.35687
0.675449 -0.505168 2.24371 -1.66949 1.79974 1.35651
0.676187 -0.505829 2.24393 -1.66852 1.79969 1.35615
0.67693 -0.506496 2.24416 -1.66754 1.79965 1.35581
0.677678 -0.507171 2.24438 -1.66655 1.79961 1.35546
0.678432 -0.507853 2.2446 -1.66554 1.79957 1.35513
0.679192 -0.508543 2.24482 -1.66453 1.79952 1.3548
0.679958 -0.509242 2.24504 -1.6635 1.79948 1.35447
0.68073 -0.50995 2.24525 -1.66246 1.79944 1.35415
0.681509 -0.510668 2.24546 -1.66141 1.7994 1.35384
0.682295 -0.511396 2.24567 -1.66034 1.79936 1.35354
0.683089 -0.512134 2.24587 -1.65926 1.79932 1.35325
0.68389 -0.512883 2.24607 -1.65816 1.79927 1.35296
0.684699 -0.513643 2.24627 -1.65705 1.79923 1.35268
0.685517 -0.514415 2.24647 -1.65592 1.79919 1.35242
0.686344 -0.515199 2.24666 -1.65477 1.79915 1.35216
0.687179 -0.515996 2.24685 -1.6536 1.79911 1.35191
0.688024 -0.516807 2.24703 -1.65242 1.79907 1.35167
0.688879 -0.517631 2.24721 -1.65121 1.79903 1.35144
0.689744 -0.518468 2.24739 -1.64999 1.79899 1.35122
0.690619 -0.519321 2.24756 -1.64874 1.79895 1.35101
0.691504 -0.520187 2.24773 -1.64748 1.79891 1.35081
0.692399 -0.521067 2.24789 -1.6462 1.79887 1.35063
0.693303 -0.521961 2.24805 -1.64489 1.79884 1.35045
0.694217 -0.522867 2.24821 -1.64357 1.7988 1.35028
0.695139 -0.523785 2.24836 -1.64224 1.79876 1.35013
0.696069 -0.524715 2.24851 -1.64088 1.79872 1.34998
0.697008 -0.525656 2.24866 -1.63951 1.79868 1.34984
0.697954 -0.526609 2.2488 -1.63812 1.79864 1.34971
0.698907 -0.527571 2.24894 -1.63672 1.79861 1.34958
0.699868 -0.528544 2.24908 -1.63531 1.79857 1.34947
0.700836 -0.529526 2.24921 -1.63388 1.79853 1.34936
0.70181 -0.530517 2.24935 -1.63244 1.7985 1.34925
0.70279 -0.531517 2.24948 -1.63099 1.79846 1.34916
0.703776 -0.532525 2.2496 -1.62952 1.79842 1.34907
0.704768 -0.533541 2.24973 -1.62804 1.79838 1.34899
0.705765 -0.534564 2.24985 -1.62656 1.79835 1.34891
0.706766 -0.535594 2.24997 -1.62506 1.79831 1.34883
0.707772 -0.53663 2.25009 -1.62356 1.79828 1.34877
0.708783 -0.537673 2.25021 -1.62204 1.79824 1.3487
0.709797 -0.53872 2.25033 -1.62052 1.7982 1.34864
0.710815 -0.539773 2.25044 -1.61899 1.79817 1.34859
0.711836 -0.54083 2.25055 -1.61746 1.79813 1.34854
0.71286 -0.541891 2.25067 -1.61592 1.79809 1.34849
0.713886 -0.542956 2.25078 -1.61437 1.79806 1.34844
0.714915 -0.544024 2.25089 -1.61282 1.79802 1.3484
0.715946 -0.545094 2.251 -1.61127 1.79799 1.34835
0.716978 -0.546167 2.2511 -1.60971 1.79795 1.34831
0.718011 -0.547242 2.25121 -1.60815 1.79791 1.34827
0.719046 -0.548318 2.25132 -1.60659 1.79788 1.34824
0.720081 -0.549395 2.25143 -1.60503 1.79784 1.3482
0.721117 -0.550473 2.25154 -1.60346 1.79781 1.34816
0.722152 -0.55155 2.25164 -1.6019 1.79777 1.34813
0.723189 -0.552629 2.25175 -1.60033 1.79774 1.34809
0.724229 -0.553711 2.25186 -1.59876 1.7977 1.34805
0.725272 -0.554798 2.25197 -1.59719 1.79766 1.34802
0.726321 -0.55589 2.25207 -1.5956 1.79763 1.34798
0.727376 -0.55699 2.25218 -1.59401 1.79759 1.34795
0.72844 -0.558098 2.25229 -1.5924 1.79756 1.34792
0.729512 -0.559217 2.25239 -1.59078 1.79752 1.34789
0.730595 -0.560347 2.2525 -1.58914 1.79748 1.34786
0.73169 -0.561491 2.25261 -1.58748 1.79745 1.34784
0.732798 -0.56265 2.25272 -1.5858 1.79741 1.34782
0.73392 -0.563825 2.25282 -1.58409 1.79737 1.3478
0.735059 -0.565017 2.25293 -1.58236 1.79733 1.34778
0.736214 -0.566229 2.25304 -1.58061 1.79729 1.34777
0.737388 -0.567462 2.25314 -1.57882 1.79726 1.34776
0.738582 -0.568716 2.25325 -1.577 1.79722 1.34776
0.739797 -0.569994 2.25335 -1.57515 1.79718 1.34776
0.741034 -0.571298 2.25346 -1.57326 1.79714 1.34776
0.742295 -0.572627 2.25357 -1.57133 1.7971 1.34777
0.74358 -0.573985 2.25367 -1.56936 1.79705 1.34779
0.744893 -0.575372 2.25378 -1.56735 1.79701 1.34781
0.746233 -0.576791 2.25388 -1.5653 1.79697 1.34783
0.747602 -0.578241 2.25399 -1.5632 1.79693 1.34786
0.749001 -0.579726 2.25409 -1.56105 1.79688 1.3479
0.750432 -0.581246 2.2542 -1.55884 1.79684 1.34795
0.751895 -0.582803 2.2543 -1.55659 1.79679 1.348
0.753393 -0.584398 2.25441 -1.55428 1.79675 1.34805
0.754927 -0.586034 2.25451 -1.55191 1.7967 1.34812
0.756498 -0.58771 2.25461 -1.54948 1.79665 1.34819
0.758106 -0.589429 2.25472 -1.547 1.79661 1.34827
0.759755 -0.591193 2.25482 -1.54444 1.79656 1.34836
0.761444 -0.593002 2.25492 -1.54182 1.79651 1.34846
0.763175 -0.594858 2.25503 -1.53914 1.79645 1.34856
0.764947 -0.59676 2.25513 -1.53639 1.7964 1.34868
0.766759 -0.598707 2.25523 -1.53357 1.79635 1.3488
0.768608 -0.600696 2.25533 -1.53069 1.7963 1.34893
0.770495 -0.602726 2.25544 -1.52775 1.79624 1.34907
0.772418 -0.604797 2.25554 -1.52476 1.79619 1.34921
0.774374 -0.606905 2.25564 -1.52171 1.79613 1.34936
0.776364 -0.609051 2.25574 -1.5186 1.79607 1.34952
0.778385 -0.611232 2.25584 -1.51545 1.79602 1.34969
0.780436 -0.613447 2.25594 -1.51225 1.79596 1.34986
0.782517 -0.615694 2.25604 -1.509 1.7959 1.35004
0.784625 -0.617973 2.25614 -1.5057 1.79584 1.35022
0.786759 -0.62028 2.25624 -1.50236 1.79578 1.35041
0.788919 -0.622616 2.25634 -1.49899 1.79572 1.3506
0.791102 -0.624979 2.25644 -1.49557 1.79566 1.3508
0.793307 -0.627366 2.25654 -1.49212 1.7956 1.351
0.795534 -0.629777 2.25664 -1.48863 1.79554 1.35121
0.797781 -0.63221 2.25674 -1.48511 1.79547 1.35142
0.800045 -0.634664 2.25684 -1.48156 1.79541 1.35163
0.802327 -0.637137 2.25694 -1.47799 1.79535 1.35185
0.804625 -0.639628 2.25704 -1.47439 1.79528 1.35207
0.806938 -0.642135 2.25713 -1.47076 1.79522 1.3523
0.809263 -0.644657 2.25723 -1.46712 1.79516 1.35253
0.811601 -0.647192 2.25733 -1.46345 1.79509 1.35275
0.813948 -0.649738 2.25743 -1.45977 1.79503 1.35299
0.816306 -0.652296 2.25753 -1.45607 1.79496 1.35322
0.818671 -0.654862 2.25763 -1.45236 1.7949 1.35346
0.821042 -0.657435 2.25773 -1.44864 1.79483 1.35369
0.823419 -0.660014 2.25782 -1.44491 1.79477 1.35393
0.8258 -0.662598 2.25792 -1.44118 1.7947 1.35417
0.828183 -0.665185 2.25802 -1.43744 1.79464 1.35441
0.830568 -0.667773 2.25812 -1.4337 1.79457 1.35465
0.832953 -0.670361 2.25822 -1.42995 1.79451 1.35489
0.835338 -0.67295 2.25832 -1.42621 1.79444 1.35513
0.837725 -0.67554 2.25841 -1.42247 1.79438 1.35537
0.840114 -0.678132 2.25851 -1.41872 1.79431 1.35561
0.842505 -0.680728 2.25861 -1.41497 1.79424 1.35585
0.8449 -0.683327 2.25871 -1.41121 1.79418 1.35609
0.847299 -0.685931 2.25881 -1.40745 1.79411 1.35633
0.849702 -0.688539 2.25891 -1.40367 1.79405 1.35657
0.85211 -0.691154 2.259 -1.39989 1.79398 1.35682
0.854525 -0.693775 2.2591 -1.3961 1.79392 1.35706
0.856946 -0.696404 2.2592 -1.3923 1.79385 1.35731
0.859374 -0.699041 2.2593 -1.38849 1.79378 1.35756
0.86181 -0.701686 2.2594 -1.38467 1.79372 1.35781
0.864255 -0.704342 2.25949 -1.38083 1.79365 1.35806
0.866709 -0.707007 2.25959 -1.37698 1.79358 1.35831
0.869173 -0.709684 2.25969 -1.37311 1.79352 1.35857
0.871647 -0.712372 2.25979 -1.36922 1.79345 1.35883
0.874133 -0.715073 2.25989 -1.36532 1.79338 1.35909
0.87663 -0.717787 2.25998 -1.36139 1.79331 1.35935
0.87914 -0.720516 2.26008 -1.35745 1.79325 1.35961
0.881664 -0.723259 2.26018 -1.35348 1.79318 1.35988
0.884201 -0.726017 2.26027 -1.3495 1.79311 1.36015
0.886752 -0.728792 2.26037 -1.34549 1.79304 1.36043
0.889319 -0.731584 2.26047 -1.34145 1.79297 1.3607
0.891901 -0.734393 2.26057 -1.33739 1.7929 1.36098
0.8945 -0.737221 2.26066 -1.3333 1.79283 1.36127
0.897116 -0.740068 2.26076 -1.32919 1.79276 1.36155
0.89975 -0.742935 2.26086 -1.32504 1.79269 1.36184
0.902402 -0.745822 2.26095 -1.32087 1.79262 1.36214
0.905074 -0.748731 2.26105 -1.31667 1.79255 1.36243
0.907765 -0.751662 2.26115 -1.31243 1.79247 1.36274
0.910476 -0.754616 2.26124 -1.30816 1.7924 1.36304
0.913209 -0.757594 2.26134 -1.30386 1.79233 1.36335
0.915962 -0.760594 2.26143 -1.29952 1.79225 1.36367
0.918735 -0.763617 2.26153 -1.29515 1.79218 1.36399
0.921527 -0.766661 2.26162 -1.29075 1.79211 1.36431
0.924337 -0.769725 2.26172 -1.28633 1.79203 1.36464
0.927165 -0.77281 2.26182 -1.28187 1.79196 1.36497
0.930011 -0.775914 2.26191 -1.27738 1.79188 1.3653
0.932872 -0.779036 2.26201 -1.27287 1.79181 1.36564
0.93575 -0.782175 2.2621 -1.26833 1.79173 1.36598
0.938643 -0.785332 2.2622 -1.26377 1.79165 1.36632
0.94155 -0.788505 2.26229 -1.25919 1.79158 1.36667
0.944471 -0.791694 2.26239 -1.25458 1.7915 1.36702
0.947405 -0.794897 2.26248 -1.24995 1.79142 1.36737
0.950352 -0.798114 2.26257 -1.2453 1.79134 1.36772
0.953311 -0.801345 2.26267 -1.24063 1.79127 1.36808
0.95628 -0.804588 2.26276 -1.23595 1.79119 1.36844
0.959261 -0.807843 2.26286 -1.23125 1.79111 1.3688
0.962251 -0.811109 2.26295 -1.22653 1.79103 1.36916
0.965251 -0.814385 2.26305 -1.22179 1.79095 1.36953
0.968259 -0.817671 2.26314 -1.21704 1.79087 1.36989
0.971275 -0.820966 2.26323 -1.21228 1.79079 1.37026
0.974298 -0.824269 2.26333 -1.20751 1.79071 1.37063
0.977327 -0.827579 2.26342 -1.20273 1.79063 1.371
0.980363 -0.830896 2.26352 -1.19794 1.79055 1.37138
0.983404 -0.834218 2.26361 -1.19314 1.79047 1.37175
0.98645 -0.837546 2.2637 -1.18833 1.79039 1.37213
0.989499 -0.840879 2.2638 -1.18351 1.79031 1.3725
0.992552 -0.844215 2.26389 -1.17869 1.79023 1.37288
0.995608 -0.847554 2.26399 -1.17387 1.79015 1.37325
0.998665 -0.850895 2.26408 -1.16904 1.79007 1.37363
1.00172 -0.854237 2.26417 -1.16421 1.78999 1.37401
1.00478 -0.857581 2.26427 -1.15938 1.78991 1.37439
1.00784 -0.860924 2.26436 -1.15455 1.78983 1.37476
1.0109 -0.864267 2.26445 -1.14972 1.78975 1.37514
1.01396 -0.867608 2.26455 -1.14489 1.78967 1.37552
1.01701 -0.870948 2.26464 -1.14007 1.78959 1.3759
1.02007 -0.874284 2.26473 -1.13525 1.78951 1.37628
1.02311 -0.877618 2.26482 -1.13043 1.78943 1.37666
1.02616 -0.880947 2.26491 -1.12562 1.78935 1.37705
1.0292 -0.884272 2.265 -1.12082 1.78928 1.37744
1.03223 -0.887591 2.26508 -1.11602 1.7892 1.37783
1.03525 -0.890904 2.26517 -1.11124 1.78912 1.37822
1.03827 -0.894211 2.26525 -1.10646 1.78904 1.37862
1.04128 -0.89751 2.26533 -1.10169 1.78896 1.37902
1.04428 -0.900801 2.2654 -1.09694 1.78889 1.37942
1.04727 -0.904083 2.26548 -1.0922 1.78881 1.37983
1.05025 -0.907356 2.26555 -1.08747 1.78874 1.38025
1.05322 -0.910619 2.26561 -1.08276 1.78866 1.38067
1.05618 -0.913871 2.26567 -1.07806 1.78859 1.38109
1.05913 -0.917111 2.26573 -1.07338 1.78851 1.38152
1.06206 -0.92034 2.26579 -1.06872 1.78844 1.38196
1.06497 -0.923556 2.26584 -1.06408 1.78837 1.38241
1.06788 -0.926758 2.26588 -1.05946 1.7883 1.38286
1.07076 -0.929946 2.26592 -1.05485 1.78823 1.38332
1.07363 -0.93312 2.26596 -1.05027 1.78816 1.38379
1.07649 -0.936278 2.26599 -1.04572 1.78809 1.38426
1.07932 -0.93942 2.26602 -1.04118 1.78802 1.38475
1.08214 -0.942545 2.26603 -1.03667 1.78795 1.38524
1.08493 -0.945653 2.26605 -1.03219 1.78789 1.38574
1.08771 -0.948742 2.26606 -1.02773 1.78783 1.38625
1.09046 -0.951813 2.26606 -1.0233 1.78776 1.38678
1.0932 -0.954865 2.26605 -1.0189 1.7877 1.38731
1.09591 -0.957896 2.26604 -1.01453 1.78764 1.38785
1.0986 -0.960906 2.26602 -1.01019 1.78758 1.3884
1.10126 -0.963895 2.26599 -1.00588 1.78753 1.38897
1.1039 -0.966863 2.26596 -1.0016 1.78747 1.38955
1.10652 -0.969811 2.26591 -0.997355 1.78741 1.39013
1.10911 -0.972739 2.26587 -0.993135 1.78736 1.39073
1.11169 -0.975649 2.26581 -0.988943 1.78731 1.39134
1.11424 -0.97854 2.26575 -0.984777 1.78726 1.39195
1.11678 -0.981414 2.26569 -0.980637 1.78721 1.39258
1.1193 -0.984272 2.26561 -0.976522 1.78716 1.39321
1.1218 -0.987113 2.26554 -0.972431 1.78711 1.39386
1.12428 -0.989938 2.26545 -0.968362 1.78706 1.39451
1.12674 -0.992749 2.26537 -0.964316 1.78702 1.39517
1.12919 -0.995546 2.26527 -0.96029 1.78697 1.39584
1.13163 -0.998329 2.26518 -0.956283 1.78693 1.39651
1.13405 -1.0011 2.26507 -0.952296 1.78688 1.39719
1.13645 -1.00386 2.26497 -0.948326 1.78684 1.39788
1.13885 -1.00661 2.26486 -0.944373 1.7868 1.39857
1.14123 -1.00934 2.26475 -0.940436 1.78676 1.39927
1.1436 -1.01207 2.26463 -0.936514 1.78672 1.39997
1.14596 -1.01479 2.26451 -0.932605 1.78668 1.40068
1.14831 -1.01749 2.26439 -0.92871 1.78664 1.4014
1.15065 -1.02019 2.26426 -0.924826 1.7866 1.40212
1.15298 -1.02289 2.26413 -0.920953 1.78656 1.40284
1.15531 -1.02557 2.264 -0.91709 1.78652 1.40356
1.15763 -1.02825 2.26387 -0.913236 1.78649 1.40429
1.15994 -1.03093 2.26373 -0.90939 1.78645 1.40502
1.16225 -1.0336 2.2636 -0.905551 1.78641 1.40576
1.16455 -1.03626 2.26346 -0.901717 1.78637 1.40649
1.16685 -1.03893 2.26332 -0.897889 1.78634 1.40723
1.16915 -1.04158 2.26318 -0.894065 1.7863 1.40797
1.17144 -1.04424 2.26304 -0.890243 1.78627 1.40871
1.17374 -1.0469 2.2629 -0.886424 1.78623 1.40945
1.17603 -1.04955 2.26276 -0.882605 1.78619 1.41019
1.17832 -1.05221 2.26262 -0.878787 1.78616 1.41094
1.18061 -1.05487 2.26248 -0.874968 1.78612 1.41168
1.1829 -1.05752 2.26234 -0.87115 1.78608 1.41242
1.1852 -1.06018 2.2622 -0.867331 1.78605 1.41316
1.18749 -1.06283 2.26206 -0.863513 1.78601 1.4139
1.18978 -1.06549 2.26192 -0.859694 1.78598 1.41464
1.19207 -1.06815 2.26178 -0.855876 1.78594 1.41539
1.19436 -1.0708 2.26163 -0.852057 1.7859 1.41613
1.19666 -1.07346 2.26149 -0.848239 1.78587 1.41687
1.19895 -1.07611 2.26135 -0.84442 1.78583 1.41761
1.20124 -1.07877 2.26121 -0.840602 1.7858 1.41835
1.20353 -1.08142 2.26107 -0.836784 1.78576 1.41909
1.20582 -1.08408 2.26093 -0.832965 1.78572 1.41984
1.20812 -1.08674 2.26079 -0.829147 1.78569 1.42058
1.21041 -1.08939 2.26065 -0.825328 1.78565 1.42132
1.2127 -1.09205 2.26051 -0.82151 1.78562 1.42206
1.21499 -1.0947 2.26037 -0.817691 1.78558 1.4228
1.21728 -1.09736 2.26023 -0.813873 1.78554 1.42354
1.21957 -1.10001 2.26009 -0.810054 1.78551 1.42428
1.22187 -1.10267 2.25994 -0.806236 1.78547 1.42503
1.22416 -1.10533 2.2598 -0.802417 1.78544 1.42577
1.22645 -1.10798 2.25966 -0.798599 1.7854 1.42651
1.22874 -1.11064 2.25952 -0.79478 1.78536 1.42725
1.23103 -1.11329 2.25938 -0.790962 1.78533 1.42799
1.23333 -1.11595 2.25924 -0.787143 1.78529 1.42873
1.23562 -1.11861 2.2591 -0.783325 1.78525 1.42948
1.23791 -1.12126 2.25896 -0.779506 1.78522 1.43022
1.2402 -1.12392 2.25882 -0.775688 1.78518 1.43096
1.24249 -1.12657 2.25868 -0.771869 1.78515 1.4317
1.24479 -1.12923 2.25854 -0.768051 1.78511 1.43244
1.24708 -1.13188 2.2584 -0.764232 1.78507 1.43318
1.24937 -1.13454 2.25825 -0.760414 1.78504 1.43392
1.25166 -1.1372 2.25811 -0.756595 1.785 1.43467
1.25395 -1.13985 2.25797 -0.752777 1.78497 1.43541
1.25625 -1.14251 2.25783 -0.748959 1.78493 1.43615
1.25854 -1.14516 2.25769 -0.74514 1.78489 1.43689
1.26083 -1.14782 2.25755 -0.741322 1.78486 1.43763
1.26312 -1.15047 2.25741 -0.737503 1.78482 1.43837
1.26541 -1.15313 2.25727 -0.733685 1.78479 1.43912
1.26771 -1.15579 2.25713 -0.729866 1.78475 1.43986
1.27 -1.15844 2.25699 -0.726048 1.78471 1.4406
1.27229 -1.1611 2.25685 -0.722229 1.78468 1.44134
1.27458 -1.16375 2.25671 -0.718411 1.78464 1.44208
1.27687 -1.16641 2.25657 -0.714592 1.78461 1.44282
1.27917 -1.16907 2.25642 -0.710774 1.78457 1.44357
1.28146 -1.17172 2.25628 -0.706955 1.78453 1.44431
1.28375 -1.17438 2.25614 -0.703137 1.7845 1.44505
1.28604 -1.17703 2.256 -0.699318 1.78446 1.44579
1.28833 -1.17969 2.25586 -0.6955 1.78442 1.44653
1.29063 -1.18234 2.25572 -0.691681 1.78439 1.44727
1.29292 -1.185 2.25558 -0.687863 1.78435 1.44801
1.29521 -1.18766 2.25544 -0.684044 1.78432 1.44876
1.2975 -1.19031 2.2553 -0.680226 1.78428 1.4495
1.29979 -1.19297 2.25516 -0.676407 1.78424 1.45024
1.30209 -1.19562 2.25502 -0.672589 1.78421 1.45098
1.30438 -1.19828 2.25488 -0.66877 1.78417 1.45172
1.30667 -1.20093 2.25473 -0.664952 1.78414 1.45246
1.30896 -1.20359 2.25459 -0.661134 1.7841 1.45321
1.31125 -1.20625 2.25445 -0.657315 1.78406 1.45395
1.31355 -1.2089 2.25431 -0.653497 1.78403 1.45469
1.31584 -1.21156 2.25417 -0.649678 1.78399 1.45543
1.31813 -1.21421 2.25403 -0.64586 1.78396 1.45617
1.32042 -1.21687 2.25389 -0.642041 1.78392 1.45691
1.32271 -1.21953 2.25375 -0.638223 1.78388 1.45766
1.32501 -1.22218 2.25361 -0.634404 1.78385 1.4584
1.3273 -1.22484 2.25347 -0.630586 1.78381 1.45914
1.32959 -1.22749 2.25333 -0.626767 1.78378 1.45988
1.33188 -1.23015 2.25318 -0.622948 1.78374 1.46062
1.33417 -1.2328 2.25304 -0.61913 1.7837 1.46137
1.33647 -1.23546 2.2529 -0.615311 1.78367 1.46211
1.33876 -1.23812 2.25276 -0.611491 1.78363 1.46285
1.34105 -1.24077 2.25262 -0.607672 1.7836 1.4636
1.34334 -1.24343 2.25248 -0.603852 1.78356 1.46434
1.34563 -1.24609 2.25233 -0.600032 1.78352 1.46509
1.34792 -1.24874 2.25219 -0.596211 1.78349 1.46583
1.35022 -1.2514 2.25205 -0.59239 1.78345 1.46658
1.35251 -1.25406 2.2519 -0.588569 1.78342 1.46733
1.3548 -1.25672 2.25176 -0.584747 1.78338 1.46808
1.35709 -1.25938 2.25161 -0.580925 1.78335 1.46883
1.35938 -1.26204 2.25147 -0.577102 1.78331 1.46958
1.36168 -1.2647 2.25132 -0.573279 1.78327 1.47034
1.36397 -1.26736 2.25117 -0.569455 1.78324 1.47109
1.36626 -1.27002 2.25103 -0.56563 1.7832 1.47185
1.36855 -1.27268 2.25088 -0.561805 1.78317 1.47261
1.37084 -1.27534 2.25073 -0.557978 1.78313 1.47337
1.37313 -1.278 2.25058 -0.554152 1.7831 1.47413
1.37543 -1.28066 2.25043 -0.550324 1.78306 1.47489
1.37772 -1.28333 2.25027 -0.546495 1.78303 1.47566
1.38001 -1.28599 2.25012 -0.542666 1.78299 1.47643
1.3823 -1.28866 2.24996 -0.538836 1.78296 1.4772
1.38459 -1.29132 2.24981 -0.535004 1.78293 1.47797
1.38688 -1.29399 2.24965 -0.531172 1.78289 1.47875
1.38917 -1.29666 2.2495 -0.527339 1.78286 1.47953
1.39146 -1.29932 2.24934 -0.523504 1.78282 1.48031
1.39376 -1.30199 2.24918 -0.519669 1.78279 1.48109
1.39605 -1.30466 2.24901 -0.515832 1.78276 1.48188
1.39834 -1.30733 2.24885 -0.511995 1.78272 1.48267
1.40063 -1.31 2.24869 -0.508156 1.78269 1.48346
1.40292 -1.31268 2.24852 -0.504316 1.78265 1.48426
1.40521 -1.31535 2.24836 -0.500475 1.78262 1.48505
1.4075 -1.31802 2.24819 -0.496633 1.78259 1.48585
1.40979 -1.3207 2.24802 -0.49279 1.78256 1.48666
1.41208 -1.32337 2.24785 -0.488946 1.78252 1.48746
1.41437 -1.32605 2.24768 -0.485101 1.78249 1.48827
1.41666 -1.32872 2.24751 -0.481255 1.78246 1.48908
1.41895 -1.3314 2.24733 -0.477409 1.78243 1.48989
1.42124 -1.33408 2.24716 -0.473561 1.78239 1.4907
1.42353 -1.33676 2.24698 -0.469713 1.78236 1.49152
1.42582 -1.33944 2.24681 -0.465864 1.78233 1.49233
1.42812 -1.34212 2.24663 -0.462015 1.7823 1.49315
1.43041 -1.3448 2.24645 -0.458164 1.78227 1.49397
1.4327 -1.34748 2.24628 -0.454314 1.78223 1.49479
1.43499 -1.35016 2.2461 -0.450462 1.7822 1.49562
1.43728 -1.35284 2.24592 -0.44661 1.78217 1.49644
1.43957 -1.35552 2.24574 -0.442758 1.78214 1.49727
1.44186 -1.3582 2.24556 -0.438905 1.78211 1.4981
1.44415 -1.36089 2.24538 -0.435051 1.78208 1.49892
1.44644 -1.36357 2.2452 -0.431197 1.78204 1.49975
1.44873 -1.36625 2.24501 -0.427343 1.78201 1.50058
1.45102 -1.36893 2.24483 -0.423489 1.78198 1.50141
1.45331 -1.37162 2.24465 -0.419634 1.78195 1.50225
1.4556 -1.3743 2.24447 -0.415779 1.78192 1.50308
1.45789 -1.37699 2.24428 -0.411924 1.78189 1.50391
1.46018 -1.37967 2.2441 -0.408068 1.78186 1.50474
1.46247 -1.38235 2.24392 -0.404213 1.78182 1.50558
1.46476 -1.38504 2.24373 -0.400357 1.78179 1.50641
1.46705 -1.38772 2.24355 -0.396501 1.78176 1.50725
1.46934 -1.39041 2.24337 -0.392645 1.78173 1.50808
1.47163 -1.39309 2.24318 -0.38879 1.7817 1.50891
1.47392 -1.39577 2.243 -0.384934 1.78167 1.50975
1.47621 -1.39846 2.24282 -0.381078 1.78164 1.51058
1.4785 -1.40114 2.24263 -0.377222 1.78161 1.51142
1.48079 -1.40383 2.24245 -0.373366 1.78158 1.51225
1.48308 -1.40651 2.24227 -0.36951 1.78154 1.51308
1.48537 -1.4092 2.24208 -0.365655 1.78151 1.51392
1.48766 -1.41188 2.2419 -0.361799 1.78148 1.51475
1.48995 -1.41456 2.24171 -0.357943 1.78145 1.51559
1.49224 -1.41725 2.24153 -0.354087 1.78142 1.51642
1.49453 -1.41993 2.24135 -0.350231 1.78139 1.51726
1.49682 -1.42262 2.24116 -0.346376 1.78136 1.51809
1.49911 -1.4253 2.24098 -0.34252 1.78133 1.51892
1.5014 -1.42799 2.2408 -0.338664 1.78129 1.51976
1.50369 -1.43067 2.24061 -0.334808 1.78126 1.52059
1.50598 -1.43335 2.24043 -0.330952 1.78123 1.52143
1.50827 -1.43604 2.24025 -0.327097 1.7812 1.52226
1.51056 -1.43872 2.24006 -0.323241 1.78117 1.52309
1.51285 -1.44141 2.23988 -0.319385 1.78114 1.52393
1.51514 -1.44409 2.2397 -0.315529 1.78111 1.52476
1.51743 -1.44678 2.23951 -0.311673 1.78108 1.5256
1.51972 -1.44946 2.23933 -0.307817 1.78105 1.52643
1.52201 -1.45214 2.23914 -0.303962 1.78101 1.52727
1.5243 -1.45483 2.23896 -0.300106 1.78098 1.5281
1.52659 -1.45751 2.23878 -0.29625 1.78095 1.52893
1.52888 -1.4602 2.23859 -0.292394 1.78092 1.52977
1.53117 -1.46288 2.23841 -0.288538 1.78089 1.5306
1.53346 -1.46557 2.23823 -0.284683 1.78086 1.53144
1.53575 -1.46825 2.23804 -0.280827 1.78083 1.53227
1.53804 -1.47093 2.23786 -0.276971 1.7808 1.53311
1.54033 -1.47362 2.23768 -0.273115 1.78076 1.53394
1.54262 -1.4763 2.23749 -0.269259 1.78073 1.53477
1.54491 -1.47899 2.23731 -0.265403 1.7807 1.53561
1.5472 -1.48167 2.23712 -0.261548 1.78067 1.53644
1.54949 -1.48436 2.23694 -0.257692 1.78064 1.53728
1.55178 -1.48704 2.23676 -0.253836 1.78061 1.53811
1.55407 -1.48972 2.23657 -0.24998 1.78058 1.53894
1.55636 -1.49241 2.23639 -0.246124 1.78055 1.53978
1.55865 -1.49509 2.23621 -0.242269 1.78052 1.54061
1.56094 -1.49778 2.23602 -0.238413 1.78048 1.54145
1.56323 -1.50046 2.23584 -0.234557 1.78045 1.54228
1.56552 -1.50314 2.23566 -0.230701 1.78042 1.54312
1.56781 -1.50583 2.23547 -0.226845 1.78039 1.54395
1.5701 -1.50851 2.23529 -0.22299 1.78036 1.54478
1.57239 -1.5112 2.23511 -0.219134 1.78033 1.54562
1.57468 -1.51388 2.23492 -0.215278 1.7803 1.54645
1.57697 -1.51657 2.23474 -0.211422 1.78027 1.54729
1.57926 -1.51925 2.23455 -0.207566 1.78023 1.54812
1.58155 -1.52193 2.23437 -0.20371 1.7802 1.54895
1.58384 -1.52462 2.23419 -0.199855 1.78017 1.54979
1.58613 -1.5273 2.234 -0.195999 1.78014 1.55062
1.58842 -1.52999 2.23382 -0.192143 1.78011 1.55146
1.59071 -1.53267 2.23364 -0.188287 1.78008 1.55229
1.593 -1.53536 2.23345 -0.184431 1.78005 1.55313
1.59529 -1.53804 2.23327 -0.180576 1.78002 1.55396
1.59758 -1.54072 2.23309 -0.17672 1.77999 1.55479
1.59987 -1.54341 2.2329 -0.172864 1.77995 1.55563
1.60216 -1.54609 2.23272 -0.169008 1.77992 1.55646
1.60445 -1.54878 2.23254 -0.165152 1.77989 1.5573
1.60674 -1.55146 2.23235 -0.161297 1.77986 1.55813
1.60903 -1.55415 2.23217 -0.157441 1.77983 1.55896
1.61132 -1.55683 2.23198 -0.153585 1.7798 1.5598
1.61361 -1.55951 2.2318 -0.149729 1.77977 1.56063
1.6159 -1.5622 2.23162 -0.145873 1.77974 1.56147
1.61819 -1.56488 2.23143 -0.142017 1.7797 1.5623
1.62048 -1.56757 2.23125 -0.138162 1.77967 1.56314
1.62277 -1.57025 2.23107 -0.134306 1.77964 1.56397
1.62506 -1.57294 2.23088 -0.13045 1.77961 1.5648
1.62735 -1.57562 2.2307 -0.126594 1.77958 1.56564
1.62964 -1.5783 2.23052 -0.122738 1.77955 1.56647
1.63193 -1.58099 2.23033 -0.118883 1.77952 1.56731
1.63422 -1.58367 2.23015 -0.115027 1.77949 1.56814
1.63651 -1.58636 2.22996 -0.111171 1.77945 1.56898
1.6388 -1.58904 2.22978 -0.107315 1.77942 1.56981
1.64109 -1.59173 2.2296 -0.103459 1.77939 1.57064
1.64338 -1.59441 2.22941 -0.0996035 1.77936 1.57148
1.64567 -1.59709 2.22923 -0.0957477 1.77933 1.57231
1.64796 -1.59978 2.22905 -0.0918919 1.7793 1.57315
1.65025 -1.60246 2.22886 -0.0880361 1.77927 1.57398
1.65254 -1.60515 2.22868 -0.0841803 1.77924 1.57481
1.65483 -1.60783 2.2285 -0.0803244 1.77921 1.57565
1.65712 -1.61051 2.22831 -0.0764686 1.77917 1.57648
1.65941 -1.6132 2.22813 -0.0726128 1.77914 1.57732
1.6617 -1.61588 2.22795 -0.068757 1.77911 1.57815
1.66399 -1.61857 2.22776 -0.0649012 1.77908 1.57899
1.66628 -1.62125 2.22758 -0.0610454 1.77905 1.57982
1.66857 -1.62394 2.22739 -0.0571896 1.77902 1.58065
1.67086 -1.62662 2.22721 -0.0533338 1.77899 1.58149
1.67315 -1.6293 2.22703 -0.0494779 1.77896 1.58232
1.67544 -1.63199 2.22684 -0.0456221 1.77892 1.58316
1.67773 -1.63467 2.22666 -0.0417663 1.77889 1.58399
1.68002 -1.63736 2.22648 -0.0379105 1.77886 1.58482
1.68231 -1.64004 2.22629 -0.0340547 1.77883 1.58566
1.6846 -1.64273 2.22611 -0.0301989 1.7788 1.58649
1.68689 -1.64541 2.22593 -0.0263431 1.77877 1.58733
1.68918 -1.64809 2.22574 -0.0224872 1.77874 1.58816
