-1.74533 1.5708 -1.5708 0 0 0
-1.74389 1.57151 -1.56838 0.00249928 0.000693815 0.00256898
-1.74246 1.57222 -1.56597 0.00499856 0.00138763 0.00513795
-1.74102 1.57293 -1.56355 0.00749783 0.00208144 0.00770693
-1.73959 1.57364 -1.56114 0.00999711 0.00277526 0.0102759
-1.73815 1.57435 -1.55872 0.0124964 0.00346907 0.0128449
-1.73672 1.57506 -1.55631 0.0149957 0.00416289 0.0154139
-1.73528 1.57578 -1.55389 0.0174949 0.0048567 0.0179828
-1.73385 1.57649 -1.55148 0.0199942 0.00555052 0.0205518
-1.73241 1.5772 -1.54907 0.0224935 0.00624433 0.0231208
-1.73098 1.57791 -1.54665 0.0249928 0.00693815 0.0256898
-1.72954 1.57862 -1.54424 0.0274921 0.00763196 0.0282587
-1.72811 1.57933 -1.54182 0.0299913 0.00832577 0.0308277
-1.72667 1.58004 -1.53941 0.0324906 0.00901959 0.0333967
-1.72524 1.58075 -1.53699 0.0349899 0.0097134 0.0359657
-1.7238 1.58146 -1.53458 0.0374892 0.0104072 0.0385347
-1.72237 1.58218 -1.53216 0.0399884 0.011101 0.0411036
-1.72093 1.58289 -1.52975 0.0424877 0.0117948 0.0436726
-1.71949 1.5836 -1.52734 0.044987 0.0124887 0.0462416
-1.71806 1.58431 -1.52492 0.0474863 0.0131825 0.0488106
-1.71662 1.58502 -1.52251 0.0499856 0.0138763 0.0513795
-1.71519 1.58573 -1.52009 0.0524848 0.0145701 0.0539485
-1.71375 1.58644 -1.51768 0.0549841 0.0152639 0.0565175
-1.71232 1.58715 -1.51526 0.0574834 0.0159577 0.0590865
-1.71088 1.58787 -1.51285 0.0599827 0.0166515 0.0616555
-1.70945 1.58858 -1.51043 0.0624819 0.0173454 0.0642244
-1.70801 1.58929 -1.50802 0.0649812 0.0180392 0.0667934
-1.70658 1.59 -1.5056 0.0674805 0.018733 0.0693624
-1.70514 1.59071 -1.50319 0.0699798 0.0194268 0.0719314
-1.70371 1.59142 -1.50078 0.0724791 0.0201206 0.0745003
-1.70227 1.59213 -1.49836 0.0749783 0.0208144 0.0770693
-1.70084 1.59284 -1.49595 0.0774776 0.0215083 0.0796383
-1.6994 1.59356 -1.49353 0.0799769 0.0222021 0.0822073
-1.69797 1.59427 -1.49112 0.0824762 0.0228959 0.0847762
-1.69653 1.59498 -1.4887 0.0849754 0.0235897 0.0873452
-1.6951 1.59569 -1.48629 0.0874747 0.0242835 0.0899142
-1.69366 1.5964 -1.48387 0.089974 0.0249773 0.0924832
-1.69223 1.59711 -1.48146 0.0924733 0.0256711 0.0950522
-1.69079 1.59782 -1.47904 0.0949726 0.026365 0.0976211
-1.68935 1.59853 -1.47663 0.0974718 0.0270588 0.10019
-1.68792 1.59925 -1.47422 0.0999711 0.0277526 0.102759
-1.68648 1.59996 -1.4718 0.10247 0.0284464 0.105328
-1.68505 1.60067 -1.46939 0.10497 0.0291402 0.107897
-1.68361 1.60138 -1.46697 0.107469 0.029834 0.110466
-1.68218 1.60209 -1.46456 0.109968 0.0305278 0.113035
-1.68074 1.6028 -1.46214 0.112468 0.0312217 0.115604
-1.67931 1.60351 -1.45973 0.114967 0.0319155 0.118173
-1.67787 1.60422 -1.45731 0.117466 0.0326093 0.120742
-1.67644 1.60494 -1.4549 0.119965 0.0333031 0.123311
-1.675 1.60565 -1.45249 0.122465 0.0339969 0.12588
-1.67357 1.60636 -1.45007 0.124964 0.0346907 0.128449
-1.67213 1.60707 -1.44766 0.127463 0.0353845 0.131018
-1.6707 1.60778 -1.44524 0.129962 0.0360784 0.133587
-1.66926 1.60849 -1.44283 0.132462 0.0367722 0.136156
-1.66783 1.6092 -1.44041 0.134961 0.037466 0.138725
-1.66639 1.60991 -1.438 0.13746 0.0381598 0.141294
-1.66496 1.61063 -1.43558 0.13996 0.0388536 0.143863
-1.66352 1.61134 -1.43317 0.142459 0.0395474 0.146432
-1.66209 1.61205 -1.43075 0.144958 0.0402412 0.149001
-1.66065 1.61276 -1.42834 0.147457 0.0409351 0.15157
-1.65921 1.61347 -1.42593 0.149957 0.0416289 0.154139
-1.65778 1.61418 -1.42351 0.152456 0.0423227 0.156708
-1.65634 1.61489 -1.4211 0.154955 0.0430165 0.159277
-1.65491 1.6156 -1.41868 0.157455 0.0437103 0.161846
-1.65347 1.61632 -1.41627 0.159954 0.0444041 0.164415
-1.65204 1.61703 -1.41385 0.162453 0.0450979 0.166984
-1.6506 1.61774 -1.41144 0.164952 0.0457918 0.169552
-1.64917 1.61845 -1.40902 0.167452 0.0464856 0.172121
-1.64773 1.61916 -1.40661 0.169951 0.0471794 0.17469
-1.6463 1.61987 -1.4042 0.17245 0.0478732 0.177259
-1.64486 1.62058 -1.40178 0.174949 0.048567 0.179828
-1.64343 1.62129 -1.39937 0.177449 0.0492608 0.182397
-1.64199 1.62201 -1.39695 0.179948 0.0499546 0.184966
-1.64056 1.62272 -1.39454 0.182447 0.0506485 0.187535
-1.63912 1.62343 -1.39212 0.184947 0.0513423 0.190104
-1.63769 1.62414 -1.38971 0.187446 0.0520361 0.192673
-1.63625 1.62485 -1.38729 0.189945 0.0527299 0.195242
-1.63482 1.62556 -1.38488 0.192444 0.0534237 0.197811
-1.63338 1.62627 -1.38246 0.194944 0.0541175 0.20038
-1.63195 1.62698 -1.38005 0.197443 0.0548114 0.202949
-1.63051 1.6277 -1.37764 0.199942 0.0555052 0.205518
-1.62907 1.62841 -1.37522 0.202442 0.056199 0.208087
-1.62764 1.62912 -1.37281 0.204941 0.0568928 0.210656
-1.6262 1.62983 -1.37039 0.20744 0.0575866 0.213225
-1.62477 1.63054 -1.36798 0.209939 0.0582804 0.215794
-1.62333 1.63125 -1.36556 0.212439 0.0589742 0.218363
-1.6219 1.63196 -1.36315 0.214938 0.0596681 0.220932
-1.62046 1.63267 -1.36073 0.217437 0.0603619 0.223501
-1.61903 1.63339 -1.35832 0.219936 0.0610557 0.22607
-1.61759 1.6341 -1.3559 0.222436 0.0617495 0.228639
-1.61616 1.63481 -1.35349 0.224935 0.0624433 0.231208
-1.61472 1.63552 -1.35108 0.227434 0.0631371 0.233777
-1.61329 1.63623 -1.34866 0.229934 0.0638309 0.236346
-1.61185 1.63694 -1.34625 0.232433 0.0645248 0.238915
-1.61042 1.63765 -1.34383 0.234932 0.0652186 0.241484
-1.60898 1.63836 -1.34142 0.237431 0.0659124 0.244053
-1.60755 1.63908 -1.339 0.239931 0.0666062 0.246622
-1.60611 1.63979 -1.33659 0.24243 0.0673 0.249191
-1.60468 1.6405 -1.33417 0.244929 0.0679938 0.25176
-1.60324 1.64121 -1.33176 0.247429 0.0686876 0.254329
-1.60181 1.64192 -1.32935 0.249928 0.0693815 0.256898
-1.60037 1.64263 -1.32693 0.252427 0.0700753 0.259467
-1.59893 1.64334 -1.32452 0.254926 0.0707691 0.262036
-1.5975 1.64405 -1.3221 0.257426 0.0714629 0.264605
-1.59606 1.64477 -1.31969 0.259925 0.0721567 0.267174
-1.59463 1.64548 -1.31727 0.262424 0.0728505 0.269743
-1.59319 1.64619 -1.31486 0.264923 0.0735443 0.272312
-1.59176 1.6469 -1.31244 0.267423 0.0742382 0.274881
-1.59032 1.64761 -1.31003 0.269922 0.074932 0.27745
-1.58889 1.64832 -1.30761 0.272421 0.0756258 0.280019
-1.58745 1.64903 -1.3052 0.274921 0.0763196 0.282587
-1.58602 1.64974 -1.30279 0.27742 0.0770134 0.285156
-1.58458 1.65046 -1.30037 0.279919 0.0777072 0.287725
-1.58315 1.65117 -1.29796 0.282418 0.078401 0.290294
-1.58171 1.65188 -1.29554 0.284918 0.0790949 0.292863
-1.58028 1.65259 -1.29313 0.287417 0.0797887 0.295432
-1.57884 1.6533 -1.29071 0.289916 0.0804825 0.298001
-1.57741 1.65401 -1.2883 0.292416 0.0811763 0.30057
-1.57597 1.65472 -1.28588 0.294915 0.0818701 0.303139
-1.57454 1.65543 -1.28347 0.297414 0.0825639 0.305708
-1.5731 1.65615 -1.28106 0.299913 0.0832577 0.308277
-1.57167 1.65686 -1.27864 0.302413 0.0839516 0.310846
-1.57023 1.65757 -1.27623 0.304912 0.0846454 0.313415
-1.56879 1.65828 -1.27381 0.307411 0.0853392 0.315984
-1.56736 1.65899 -1.2714 0.30991 0.086033 0.318553
-1.56592 1.6597 -1.26898 0.31241 0.0867268 0.321122
-1.56449 1.66041 -1.26657 0.314909 0.0874206 0.323691
-1.56305 1.66112 -1.26415 0.317408 0.0881145 0.32626
-1.56162 1.66184 -1.26174 0.319908 0.0888083 0.328829
-1.56018 1.66255 -1.25932 0.322407 0.0895021 0.331398
-1.55875 1.66326 -1.25691 0.324906 0.0901959 0.333967
-1.55731 1.66397 -1.2545 0.327405 0.0908897 0.336536
-1.55588 1.66468 -1.25208 0.329905 0.0915835 0.339105
-1.55444 1.66539 -1.24967 0.332404 0.0922773 0.341674
-1.55301 1.6661 -1.24725 0.334903 0.0929712 0.344243
-1.55157 1.66681 -1.24484 0.337403 0.093665 0.346812
-1.55014 1.66753 -1.24242 0.339902 0.0943588 0.349381
-1.5487 1.66824 -1.24001 0.342401 0.0950526 0.35195
-1.54727 1.66895 -1.23759 0.3449 0.0957464 0.354519
-1.54583 1.66966 -1.23518 0.3474 0.0964402 0.357088
-1.5444 1.67037 -1.23276 0.349899 0.097134 0.359657
-1.54296 1.67108 -1.23035 0.352398 0.0978279 0.362226
-1.54153 1.67179 -1.22794 0.354897 0.0985217 0.364795
-1.54009 1.6725 -1.22552 0.357397 0.0992155 0.367364
-1.53865 1.67322 -1.22311 0.359896 0.0999093 0.369933
-1.53722 1.67393 -1.22069 0.362395 0.100603 0.372502
-1.53578 1.67464 -1.21828 0.364895 0.101297 0.375071
-1.53435 1.67535 -1.21586 0.367394 0.101991 0.37764
-1.53291 1.67606 -1.21345 0.369893 0.102685 0.380209
-1.53148 1.67677 -1.21103 0.372392 0.103378 0.382778
-1.53004 1.67748 -1.20862 0.374892 0.104072 0.385347
-1.52861 1.67819 -1.20621 0.377391 0.104766 0.387916
-1.52717 1.67891 -1.20379 0.37989 0.10546 0.390485
-1.52574 1.67962 -1.20138 0.38239 0.106154 0.393054
-1.5243 1.68033 -1.19896 0.384889 0.106847 0.395622
-1.52287 1.68104 -1.19655 0.387388 0.107541 0.398191
-1.52143 1.68175 -1.19413 0.389887 0.108235 0.40076
-1.52 1.68246 -1.19172 0.392387 0.108929 0.403329
-1.51856 1.68317 -1.1893 0.394886 0.109623 0.405898
-1.51713 1.68388 -1.18689 0.397385 0.110317 0.408467
-1.51569 1.6846 -1.18447 0.399884 0.11101 0.411036
-1.51426 1.68531 -1.18206 0.402384 0.111704 0.413605
-1.51282 1.68602 -1.17965 0.404883 0.112398 0.416174
-1.51139 1.68673 -1.17723 0.407382 0.113092 0.418743
-1.50995 1.68744 -1.17482 0.409882 0.113786 0.421312
-1.50851 1.68815 -1.1724 0.412381 0.114479 0.423881
-1.50708 1.68886 -1.16999 0.41488 0.115173 0.42645
-1.50564 1.68957 -1.16757 0.417379 0.115867 0.429019
-1.50421 1.69029 -1.16516 0.419879 0.116561 0.431588
-1.50277 1.691 -1.16274 0.422378 0.117255 0.434157
-1.50134 1.69171 -1.16033 0.424877 0.117948 0.436726
-1.4999 1.69242 -1.15792 0.427377 0.118642 0.439295
-1.49847 1.69313 -1.1555 0.429876 0.119336 0.441864
-1.49703 1.69384 -1.15309 0.432375 0.12003 0.444433
-1.4956 1.69455 -1.15067 0.434874 0.120724 0.447002
-1.49416 1.69526 -1.14826 0.437374 0.121418 0.449571
-1.49273 1.69598 -1.14584 0.439873 0.122111 0.45214
-1.49129 1.69669 -1.14343 0.442372 0.122805 0.454709
-1.48986 1.6974 -1.14101 0.444871 0.123499 0.457278
-1.48842 1.69811 -1.1386 0.447371 0.124193 0.459847
-1.48699 1.69882 -1.13618 0.44987 0.124887 0.462416
-1.48555 1.69953 -1.13377 0.452369 0.12558 0.464985
-1.48412 1.70024 -1.13136 0.454869 0.126274 0.467554
-1.48268 1.70095 -1.12894 0.457368 0.126968 0.470123
-1.48125 1.70167 -1.12653 0.459867 0.127662 0.472692
-1.47981 1.70238 -1.12411 0.462366 0.128356 0.475261
-1.47837 1.70309 -1.1217 0.464866 0.12905 0.47783
-1.47694 1.7038 -1.11928 0.467365 0.129743 0.480399
-1.4755 1.70451 -1.11687 0.469864 0.130437 0.482968
-1.47407 1.70522 -1.11445 0.472364 0.131131 0.485537
-1.47263 1.70593 -1.11204 0.474863 0.131825 0.488106
-1.4712 1.70664 -1.10962 0.477362 0.132519 0.490675
-1.46976 1.70736 -1.10721 0.479861 0.133212 0.493244
-1.46833 1.70807 -1.1048 0.482361 0.133906 0.495813
-1.46689 1.70878 -1.10238 0.48486 0.1346 0.498382
-1.46546 1.70949 -1.09997 0.487359 0.135294 0.500951
-1.46402 1.7102 -1.09755 0.489858 0.135988 0.50352
-1.46259 1.71091 -1.09514 0.492358 0.136681 0.506089
-1.46115 1.71162 -1.09272 0.494857 0.137375 0.508657
-1.45972 1.71233 -1.09031 0.497356 0.138069 0.511226
-1.45828 1.71305 -1.08789 0.499856 0.138763 0.513795
-1.45685 1.71376 -1.08548 0.502355 0.139457 0.516364
-1.45541 1.71447 -1.08307 0.504854 0.140151 0.518933
-1.45398 1.71518 -1.08065 0.507353 0.140844 0.521502
-1.45254 1.71589 -1.07824 0.509853 0.141538 0.524071
-1.45111 1.7166 -1.07582 0.512352 0.142232 0.52664
-1.44967 1.71731 -1.07341 0.514851 0.142926 0.529209
-1.44823 1.71802 -1.07099 0.517351 0.14362 0.531778
-1.4468 1.71873 -1.06858 0.51985 0.144313 0.534347
-1.44536 1.71945 -1.06616 0.522349 0.145007 0.536916
-1.44393 1.72016 -1.06375 0.524848 0.145701 0.539485
-1.44249 1.72087 -1.06133 0.527348 0.146395 0.542054
-1.44106 1.72158 -1.05892 0.529847 0.147089 0.544623
-1.43962 1.72229 -1.05651 0.532346 0.147783 0.547192
-1.43819 1.723 -1.05409 0.534845 0.148476 0.549761
-1.43675 1.72371 -1.05168 0.537345 0.14917 0.55233
-1.43532 1.72442 -1.04926 0.539844 0.149864 0.554899
-1.43388 1.72514 -1.04685 0.542343 0.150558 0.557468
-1.43245 1.72585 -1.04443 0.544843 0.151252 0.560037
-1.43101 1.72656 -1.04202 0.547342 0.151945 0.562606
-1.42958 1.72727 -1.0396 0.549841 0.152639 0.565175
-1.42814 1.72798 -1.03719 0.55234 0.153333 0.567744
-1.42671 1.72869 -1.03478 0.55484 0.154027 0.570313
-1.42527 1.7294 -1.03236 0.557339 0.154721 0.572882
-1.42384 1.73011 -1.02995 0.559838 0.155414 0.575451
-1.4224 1.73083 -1.02753 0.562338 0.156108 0.57802
-1.42097 1.73154 -1.02512 0.564837 0.156802 0.580589
-1.41953 1.73225 -1.0227 0.567336 0.157496 0.583158
-1.41809 1.73296 -1.02029 0.569835 0.15819 0.585727
-1.41666 1.73367 -1.01787 0.572335 0.158884 0.588296
-1.41522 1.73438 -1.01546 0.574834 0.159577 0.590865
-1.41379 1.73509 -1.01304 0.577333 0.160271 0.593434
-1.41235 1.7358 -1.01063 0.579832 0.160965 0.596003
-1.41092 1.73652 -1.00822 0.582332 0.161659 0.598572
-1.40948 1.73723 -1.0058 0.584831 0.162353 0.601141
-1.40805 1.73794 -1.00339 0.58733 0.163046 0.60371
-1.40661 1.73865 -1.00097 0.58983 0.16374 0.606279
-1.40518 1.73936 -0.998557 0.592329 0.164434 0.608848
-1.40374 1.74007 -0.996143 0.594828 0.165128 0.611417
-1.40231 1.74078 -0.993728 0.597327 0.165822 0.613986
-1.40087 1.74149 -0.991314 0.599827 0.166515 0.616555
-1.39944 1.74221 -0.988899 0.602326 0.167209 0.619123
-1.398 1.74292 -0.986485 0.604825 0.167903 0.621692
-1.39657 1.74363 -0.98407 0.607325 0.168597 0.624261
-1.39513 1.74434 -0.981656 0.609824 0.169291 0.62683
-1.3937 1.74505 -0.979241 0.612323 0.169985 0.629399
-1.39226 1.74576 -0.976827 0.614822 0.170678 0.631968
-1.39083 1.74647 -0.974412 0.617322 0.171372 0.634537
-1.38939 1.74718 -0.971998 0.619821 0.172066 0.637106
-1.38795 1.7479 -0.969583 0.62232 0.17276 0.639675
-1.38652 1.74861 -0.967169 0.624819 0.173454 0.642244
-1.38508 1.74932 -0.964754 0.627319 0.174147 0.644813
-1.38365 1.75003 -0.96234 0.629818 0.174841 0.647382
-1.38221 1.75074 -0.959925 0.632317 0.175535 0.649951
-1.38078 1.75145 -0.957511 0.634817 0.176229 0.65252
-1.37934 1.75216 -0.955096 0.637316 0.176923 0.655089
-1.37791 1.75287 -0.952682 0.639815 0.177617 0.657658
-1.37647 1.75359 -0.950267 0.642314 0.17831 0.660227
-1.37504 1.7543 -0.947853 0.644814 0.179004 0.662796
-1.3736 1.75501 -0.945438 0.647313 0.179698 0.665365
-1.37217 1.75572 -0.943024 0.649812 0.180392 0.667934
-1.37073 1.75643 -0.940609 0.652312 0.181086 0.670503
-1.3693 1.75714 -0.938195 0.654811 0.181779 0.673072
-1.36786 1.75785 -0.93578 0.65731 0.182473 0.675641
-1.36643 1.75856 -0.933366 0.659809 0.183167 0.67821
-1.36499 1.75928 -0.930951 0.662309 0.183861 0.680779
-1.36356 1.75999 -0.928537 0.664808 0.184555 0.683348
-1.36212 1.7607 -0.926122 0.667307 0.185248 0.685917
-1.36069 1.76141 -0.923708 0.669806 0.185942 0.688486
-1.35925 1.76212 -0.921293 0.672306 0.186636 0.691055
-1.35781 1.76283 -0.918879 0.674805 0.18733 0.693624
-1.35638 1.76354 -0.916464 0.677304 0.188024 0.696193
-1.35494 1.76425 -0.91405 0.679804 0.188718 0.698762
-1.35351 1.76497 -0.911635 0.682303 0.189411 0.701331
-1.35207 1.76568 -0.909221 0.684802 0.190105 0.7039
-1.35064 1.76639 -0.906806 0.687301 0.190799 0.706469
-1.3492 1.7671 -0.904392 0.689801 0.191493 0.709038
-1.34777 1.76781 -0.901977 0.6923 0.192187 0.711607
-1.34633 1.76852 -0.899563 0.694799 0.19288 0.714176
-1.3449 1.76923 -0.897148 0.697299 0.193574 0.716745
-1.34346 1.76994 -0.894734 0.699798 0.194268 0.719314
-1.34203 1.77066 -0.892319 0.702297 0.194962 0.721883
-1.34059 1.77137 -0.889905 0.704796 0.195656 0.724452
-1.33916 1.77208 -0.88749 0.707296 0.19635 0.727021
-1.33772 1.77279 -0.885076 0.709795 0.197043 0.72959
-1.33629 1.7735 -0.882661 0.712294 0.197737 0.732158
-1.33485 1.77421 -0.880246 0.714793 0.198431 0.734727
-1.33342 1.77492 -0.877832 0.717293 0.199125 0.737296
-1.33198 1.77563 -0.875417 0.719792 0.199819 0.739865
-1.33055 1.77635 -0.873003 0.722291 0.200512 0.742434
-1.32911 1.77706 -0.870588 0.724791 0.201206 0.745003
-1.32767 1.77777 -0.868174 0.72729 0.2019 0.747572
-1.32624 1.77848 -0.865759 0.729789 0.202594 0.750141
-1.3248 1.77919 -0.863345 0.732288 0.203288 0.75271
-1.32337 1.7799 -0.86093 0.734788 0.203981 0.755279
-1.32193 1.78061 -0.858516 0.737287 0.204675 0.757848
-1.3205 1.78132 -0.856101 0.739786 0.205369 0.760417
-1.31906 1.78204 -0.853687 0.742286 0.206063 0.762986
-1.31763 1.78275 -0.851272 0.744785 0.206757 0.765555
-1.31619 1.78346 -0.848858 0.747284 0.207451 0.768124
-1.31476 1.78417 -0.846443 0.749783 0.208144 0.770693
-1.31332 1.78488 -0.844029 0.752283 0.208838 0.773262
-1.31189 1.78559 -0.841614 0.754782 0.209532 0.775831
-1.31045 1.7863 -0.8392 0.757281 0.210226 0.7784
-1.30902 1.78701 -0.836785 0.75978 0.21092 0.780969
-1.30758 1.78773 -0.834371 0.76228 0.211613 0.783538
-1.30615 1.78844 -0.831956 0.764779 0.212307 0.786107
-1.30471 1.78915 -0.829542 0.767278 0.213001 0.788676
-1.30328 1.78986 -0.827127 0.769778 0.213695 0.791245
-1.30184 1.79057 -0.824713 0.772277 0.214389 0.793814
-1.30041 1.79128 -0.822298 0.774776 0.215083 0.796383
-1.29897 1.79199 -0.819884 0.777275 0.215776 0.798952
-1.29753 1.7927 -0.817469 0.779775 0.21647 0.801521
-1.2961 1.79342 -0.815055 0.782274 0.217164 0.80409
-1.29466 1.79413 -0.81264 0.784773 0.217858 0.806659
-1.29323 1.79484 -0.810226 0.787273 0.218552 0.809228
-1.29179 1.79555 -0.807811 0.789772 0.219245 0.811797
-1.29036 1.79626 -0.805397 0.792271 0.219939 0.814366
-1.28892 1.79697 -0.802982 0.79477 0.220633 0.816935
-1.28749 1.79768 -0.800568 0.79727 0.221327 0.819504
-1.28605 1.79839 -0.798153 0.799769 0.222021 0.822073
-1.28462 1.79911 -0.795739 0.802268 0.222714 0.824642
-1.28318 1.79982 -0.793324 0.804767 0.223408 0.827211
-1.28175 1.80053 -0.79091 0.807267 0.224102 0.82978
-1.28031 1.80124 -0.788495 0.809766 0.224796 0.832349
-1.27888 1.80195 -0.786081 0.812265 0.22549 0.834918
-1.27744 1.80266 -0.783666 0.814765 0.226184 0.837487
-1.27601 1.80337 -0.781252 0.817264 0.226877 0.840056
-1.27457 1.80408 -0.778837 0.819763 0.227571 0.842625
-1.27314 1.8048 -0.776423 0.822262 0.228265 0.845193
-1.2717 1.80551 -0.774008 0.824762 0.228959 0.847762
-1.27027 1.80622 -0.771594 0.827261 0.229653 0.850331
-1.26883 1.80693 -0.769179 0.82976 0.230346 0.8529
-1.26739 1.80764 -0.766765 0.83226 0.23104 0.855469
-1.26596 1.80835 -0.76435 0.834759 0.231734 0.858038
-1.26452 1.80906 -0.761936 0.837258 0.232428 0.860607
-1.26309 1.80977 -0.759521 0.839757 0.233122 0.863176
-1.26165 1.81049 -0.757106 0.842257 0.233816 0.865745
-1.26022 1.8112 -0.754692 0.844756 0.234509 0.868314
-1.25878 1.81191 -0.752277 0.847255 0.235203 0.870883
-1.25735 1.81262 -0.749863 0.849754 0.235897 0.873452
-1.25591 1.81333 -0.747448 0.852254 0.236591 0.876021
-1.25448 1.81404 -0.745034 0.854753 0.237285 0.87859
-1.25304 1.81475 -0.742619 0.857252 0.237978 0.881159
-1.25161 1.81546 -0.740205 0.859752 0.238672 0.883728
-1.25017 1.81618 -0.73779 0.862251 0.239366 0.886297
-1.24874 1.81689 -0.735376 0.86475 0.24006 0.888866
-1.2473 1.8176 -0.732961 0.867249 0.240754 0.891435
-1.24587 1.81831 -0.730547 0.869749 0.241447 0.894004
-1.24443 1.81902 -0.728132 0.872248 0.242141 0.896573
-1.243 1.81973 -0.725718 0.874747 0.242835 0.899142
-1.24156 1.82044 -0.723303 0.877247 0.243529 0.901711
-1.24012 1.82115 -0.720889 0.879746 0.244223 0.90428
-1.23869 1.82187 -0.718474 0.882245 0.244917 0.906849
-1.23725 1.82258 -0.71606 0.884744 0.24561 0.909418
-1.23582 1.82329 -0.713645 0.887244 0.246304 0.911987
-1.23438 1.824 -0.711231 0.889743 0.246998 0.914556
-1.23295 1.82471 -0.708816 0.892242 0.247692 0.917125
-1.23151 1.82542 -0.706402 0.894741 0.248386 0.919694
-1.23008 1.82613 -0.703987 0.897241 0.249079 0.922263
-1.22864 1.82684 -0.701573 0.89974 0.249773 0.924832
-1.22721 1.82756 -0.699158 0.902239 0.250467 0.927401
-1.22577 1.82827 -0.696744 0.904739 0.251161 0.92997
-1.22434 1.82898 -0.694329 0.907238 0.251855 0.932539
-1.2229 1.82969 -0.691915 0.909737 0.252549 0.935108
-1.22147 1.8304 -0.6895 0.912236 0.253242 0.937677
-1.22003 1.83111 -0.687086 0.914736 0.253936 0.940246
-1.2186 1.83182 -0.684671 0.917235 0.25463 0.942815
-1.21716 1.83253 -0.682257 0.919734 0.255324 0.945384
-1.21573 1.83325 -0.679842 0.922234 0.256018 0.947953
-1.21429 1.83396 -0.677428 0.924733 0.256711 0.950522
-1.21286 1.83467 -0.675013 0.927232 0.257405 0.953091
-1.21142 1.83538 -0.672599 0.929731 0.258099 0.95566
-1.20998 1.83609 -0.670184 0.932231 0.258793 0.958228
-1.20855 1.8368 -0.66777 0.93473 0.259487 0.960797
-1.20711 1.83751 -0.665355 0.937229 0.26018 0.963366
-1.20568 1.83822 -0.662941 0.939728 0.260874 0.965935
-1.20424 1.83894 -0.660526 0.942228 0.261568 0.968504
-1.20281 1.83965 -0.658112 0.944727 0.262262 0.971073
-1.20137 1.84036 -0.655697 0.947226 0.262956 0.973642
-1.19994 1.84107 -0.653283 0.949726 0.26365 0.976211
-1.1985 1.84178 -0.650868 0.952225 0.264343 0.97878
-1.19707 1.84249 -0.648454 0.954724 0.265037 0.981349
-1.19563 1.8432 -0.646039 0.957223 0.265731 0.983918
-1.1942 1.84391 -0.643625 0.959723 0.266425 0.986487
-1.19276 1.84463 -0.64121 0.962222 0.267119 0.989056
-1.19133 1.84534 -0.638795 0.964721 0.267812 0.991625
-1.18989 1.84605 -0.636381 0.967221 0.268506 0.994194
-1.18846 1.84676 -0.633966 0.96972 0.2692 0.996763
-1.18702 1.84747 -0.631552 0.972219 0.269894 0.999332
-1.18559 1.84818 -0.629137 0.974718 0.270588 1.0019
-1.18415 1.84889 -0.626723 0.977218 0.271281 1.00447
-1.18272 1.8496 -0.624308 0.979717 0.271975 1.00704
-1.18128 1.85032 -0.621894 0.982216 0.272669 1.00961
-1.17984 1.85103 -0.619479 0.984715 0.273363 1.01218
-1.17841 1.85174 -0.617065 0.987215 0.274057 1.01475
-1.17697 1.85245 -0.61465 0.989714 0.274751 1.01731
-1.17554 1.85316 -0.612236 0.992213 0.275444 1.01988
-1.1741 1.85387 -0.609821 0.994713 0.276138 1.02245
-1.17267 1.85458 -0.607407 0.997212 0.276832 1.02502
-1.17123 1.85529 -0.604992 0.999711 0.277526 1.02759
-1.1698 1.85601 -0.602578 1.00221 0.27822 1.03016
-1.16836 1.85672 -0.600163 1.00471 0.278913 1.03273
-1.16693 1.85743 -0.597749 1.00721 0.279607 1.0353
-1.16549 1.85814 -0.595334 1.00971 0.280301 1.03787
-1.16406 1.85885 -0.59292 1.01221 0.280995 1.04044
-1.16262 1.85956 -0.590505 1.01471 0.281689 1.043
-1.16119 1.86027 -0.588091 1.01721 0.282383 1.04557
-1.15975 1.86098 -0.585676 1.01971 0.283076 1.04814
-1.15832 1.86169 -0.583262 1.0222 0.28377 1.05071
-1.15688 1.86241 -0.580847 1.0247 0.284464 1.05328
-1.15545 1.86312 -0.578433 1.0272 0.285158 1.05585
-1.15401 1.86383 -0.576018 1.0297 0.285852 1.05842
-1.15258 1.86454 -0.573604 1.0322 0.286545 1.06099
-1.15114 1.86525 -0.571189 1.0347 0.287239 1.06356
-1.1497 1.86596 -0.568775 1.0372 0.287933 1.06613
-1.14827 1.86667 -0.56636 1.0397 0.288627 1.06869
-1.14683 1.86738 -0.563946 1.0422 0.289321 1.07126
-1.1454 1.8681 -0.561531 1.0447 0.290014 1.07383
-1.14396 1.86881 -0.559117 1.0472 0.290708 1.0764
-1.14253 1.86952 -0.556702 1.0497 0.291402 1.07897
-1.14109 1.87023 -0.554288 1.0522 0.292096 1.08154
-1.13966 1.87094 -0.551873 1.0547 0.29279 1.08411
-1.13822 1.87165 -0.549459 1.05719 0.293484 1.08668
-1.13679 1.87236 -0.547044 1.05969 0.294177 1.08925
-1.13535 1.87307 -0.54463 1.06219 0.294871 1.09182
-1.13392 1.87379 -0.542215 1.06469 0.295565 1.09438
-1.13248 1.8745 -0.539801 1.06719 0.296259 1.09695
-1.13105 1.87521 -0.537386 1.06969 0.296953 1.09952
-1.12961 1.87592 -0.534972 1.07219 0.297646 1.10209
-1.12818 1.87663 -0.532557 1.07469 0.29834 1.10466
-1.12674 1.87734 -0.530143 1.07719 0.299034 1.10723
-1.12531 1.87805 -0.527728 1.07969 0.299728 1.1098
-1.12387 1.87876 -0.525314 1.08219 0.300422 1.11237
-1.12244 1.87948 -0.522899 1.08469 0.301116 1.11494
-1.121 1.88019 -0.520485 1.08719 0.301809 1.11751
-1.11956 1.8809 -0.51807 1.08969 0.302503 1.12007
-1.11813 1.88161 -0.515655 1.09218 0.303197 1.12264
-1.11669 1.88232 -0.513241 1.09468 0.303891 1.12521
-1.11526 1.88303 -0.510826 1.09718 0.304585 1.12778
-1.11382 1.88374 -0.508412 1.09968 0.305278 1.13035
-1.11239 1.88445 -0.505997 1.10218 0.305972 1.13292
-1.11095 1.88517 -0.503583 1.10468 0.306666 1.13549
-1.10952 1.88588 -0.501168 1.10718 0.30736 1.13806
-1.10808 1.88659 -0.498754 1.10968 0.308054 1.14063
-1.10665 1.8873 -0.496339 1.11218 0.308747 1.14319
-1.10521 1.88801 -0.493925 1.11468 0.309441 1.14576
-1.10378 1.88872 -0.49151 1.11718 0.310135 1.14833
-1.10234 1.88943 -0.489096 1.11968 0.310829 1.1509
-1.10091 1.89014 -0.486681 1.12218 0.311523 1.15347
-1.09947 1.89086 -0.484267 1.12468 0.312217 1.15604
-1.09804 1.89157 -0.481852 1.12717 0.31291 1.15861
-1.0966 1.89228 -0.479438 1.12967 0.313604 1.16118
-1.09517 1.89299 -0.477023 1.13217 0.314298 1.16375
-1.09373 1.8937 -0.474609 1.13467 0.314992 1.16632
-1.0923 1.89441 -0.472194 1.13717 0.315686 1.16888
-1.09086 1.89512 -0.46978 1.13967 0.316379 1.17145
-1.08942 1.89583 -0.467365 1.14217 0.317073 1.17402
-1.08799 1.89655 -0.464951 1.14467 0.317767 1.17659
-1.08655 1.89726 -0.462536 1.14717 0.318461 1.17916
-1.08512 1.89797 -0.460122 1.14967 0.319155 1.18173
-1.08368 1.89868 -0.457707 1.15217 0.319849 1.1843
-1.08225 1.89939 -0.455293 1.15467 0.320542 1.18687
-1.08081 1.9001 -0.452878 1.15717 0.321236 1.18944
-1.07938 1.90081 -0.450464 1.15966 0.32193 1.19201
-1.07794 1.90152 -0.448049 1.16216 0.322624 1.19457
-1.07651 1.90224 -0.445635 1.16466 0.323318 1.19714
-1.07507 1.90295 -0.44322 1.16716 0.324011 1.19971
-1.07364 1.90366 -0.440806 1.16966 0.324705 1.20228
-1.0722 1.90437 -0.438391 1.17216 0.325399 1.20485
-1.07077 1.90508 -0.435977 1.17466 0.326093 1.20742
-1.06933 1.90579 -0.433562 1.17716 0.326787 1.20999
-1.0679 1.9065 -0.431148 1.17966 0.32748 1.21256
-1.06646 1.90721 -0.428733 1.18216 0.328174 1.21513
-1.06503 1.90793 -0.426319 1.18466 0.328868 1.2177
-1.06359 1.90864 -0.423904 1.18716 0.329562 1.22026
-1.06216 1.90935 -0.42149 1.18966 0.330256 1.22283
-1.06072 1.91006 -0.419075 1.19216 0.33095 1.2254
-1.05928 1.91077 -0.416661 1.19465 0.331643 1.22797
-1.05785 1.91148 -0.414246 1.19715 0.332337 1.23054
-1.05641 1.91219 -0.411832 1.19965 0.333031 1.23311
-1.05498 1.9129 -0.409417 1.20215 0.333725 1.23568
-1.05354 1.91362 -0.407003 1.20465 0.334419 1.23825
-1.05211 1.91433 -0.404588 1.20715 0.335112 1.24082
-1.05067 1.91504 -0.402174 1.20965 0.335806 1.24338
-1.04924 1.91575 -0.399759 1.21215 0.3365 1.24595
-1.0478 1.91646 -0.397345 1.21465 0.337194 1.24852
-1.04637 1.91717 -0.39493 1.21715 0.337888 1.25109
-1.04493 1.91788 -0.392515 1.21965 0.338582 1.25366
-1.0435 1.91859 -0.390101 1.22215 0.339275 1.25623
-1.04206 1.91931 -0.387686 1.22465 0.339969 1.2588
-1.04063 1.92002 -0.385272 1.22715 0.340663 1.26137
-1.03919 1.92073 -0.382857 1.22964 0.341357 1.26394
-1.03776 1.92144 -0.380443 1.23214 0.342051 1.26651
-1.03632 1.92215 -0.378028 1.23464 0.342744 1.26907
-1.03489 1.92286 -0.375614 1.23714 0.343438 1.27164
-1.03345 1.92357 -0.373199 1.23964 0.344132 1.27421
-1.03202 1.92428 -0.370785 1.24214 0.344826 1.27678
-1.03058 1.925 -0.36837 1.24464 0.34552 1.27935
-1.02914 1.92571 -0.365956 1.24714 0.346213 1.28192
-1.02771 1.92642 -0.363541 1.24964 0.346907 1.28449
-1.02627 1.92713 -0.361127 1.25214 0.347601 1.28706
-1.02484 1.92784 -0.358712 1.25464 0.348295 1.28963
-1.0234 1.92855 -0.356298 1.25714 0.348989 1.2922
-1.02197 1.92926 -0.353883 1.25964 0.349683 1.29476
-1.02053 1.92997 -0.351469 1.26214 0.350376 1.29733
-1.0191 1.93069 -0.349054 1.26463 0.35107 1.2999
-1.01766 1.9314 -0.34664 1.26713 0.351764 1.30247
-1.01623 1.93211 -0.344225 1.26963 0.352458 1.30504
-1.01479 1.93282 -0.341811 1.27213 0.353152 1.30761
-1.01336 1.93353 -0.339396 1.27463 0.353845 1.31018
-1.01192 1.93424 -0.336982 1.27713 0.354539 1.31275
-1.01049 1.93495 -0.334567 1.27963 0.355233 1.31532
-1.00995 1.93541 -0.335125 1.27975 0.355823 1.31681
-1.00942 1.93586 -0.335682 1.27986 0.356413 1.3183
-1.00888 1.93631 -0.33624 1.27998 0.357003 1.31979
-1.00834 1.93676 -0.336797 1.28009 0.357593 1.32128
-1.00781 1.93722 -0.337354 1.28021 0.358183 1.32277
-1.00727 1.93767 -0.337912 1.28032 0.358773 1.32427
-1.00674 1.93812 -0.338469 1.28044 0.359363 1.32576
-1.0062 1.93857 -0.339027 1.28055 0.359953 1.32725
-1.00567 1.93903 -0.339584 1.28067 0.360544 1.32874
-1.00513 1.93948 -0.340142 1.28078 0.361134 1.33023
-1.0046 1.93993 -0.340699 1.2809 0.361724 1.33172
-1.00406 1.94038 -0.341256 1.28101 0.362314 1.33321
-1.00353 1.94083 -0.341814 1.28113 0.362904 1.33471
-1.00299 1.94129 -0.342371 1.28124 0.363494 1.3362
-1.00245 1.94174 -0.342929 1.28136 0.364084 1.33769
-1.00192 1.94219 -0.343486 1.28147 0.364674 1.33918
-1.00138 1.94264 -0.344044 1.28159 0.365264 1.34067
-1.00085 1.9431 -0.344601 1.2817 0.365854 1.34216
-1.00031 1.94355 -0.345158 1.28182 0.366444 1.34366
-0.999777 1.944 -0.345716 1.28193 0.367034 1.34515
-0.999241 1.94445 -0.346273 1.28205 0.367624 1.34664
-0.998706 1.94491 -0.346831 1.28216 0.368214 1.34813
-0.99817 1.94536 -0.347388 1.28228 0.368804 1.34962
-0.997635 1.94581 -0.347946 1.28239 0.369394 1.35111
-0.997099 1.94626 -0.348503 1.28251 0.369984 1.35261
-0.996564 1.94672 -0.349061 1.28262 0.370574 1.3541
-0.996028 1.94717 -0.349618 1.28274 0.371164 1.35559
-0.995493 1.94762 -0.350175 1.28285 0.371754 1.35708
-0.994957 1.94807 -0.350733 1.28297 0.372345 1.35857
-0.994422 1.94853 -0.35129 1.28309 0.372935 1.36006
-0.993886 1.94898 -0.351848 1.2832 0.373525 1.36155
-0.993351 1.94943 -0.352405 1.28332 0.374115 1.36305
-0.992815 1.94988 -0.352963 1.28343 0.374705 1.36454
-0.99228 1.95034 -0.35352 1.28355 0.375295 1.36603
-0.991744 1.95079 -0.354077 1.28366 0.375885 1.36752
-0.991209 1.95124 -0.354635 1.28378 0.376475 1.36901
-0.990673 1.95169 -0.355192 1.28389 0.377065 1.3705
-0.990138 1.95215 -0.35575 1.28401 0.377655 1.372
-0.989602 1.9526 -0.356307 1.28412 0.378245 1.37349
-0.989067 1.95305 -0.356865 1.28424 0.378835 1.37498
-0.988531 1.9535 -0.357422 1.28435 0.379425 1.37647
-0.987996 1.95396 -0.357979 1.28447 0.380015 1.37796
-0.98746 1.95441 -0.358537 1.28458 0.380605 1.37945
-0.986925 1.95486 -0.359094 1.2847 0.381195 1.38094
-0.986374 1.95532 -0.359679 1.28483 0.381804 1.38248
-0.98582 1.95578 -0.360268 1.28497 0.382415 1.38403
-0.985263 1.95624 -0.360863 1.28511 0.383031 1.38558
-0.9847 1.9567 -0.361469 1.28525 0.383654 1.38716
-0.984129 1.95717 -0.362088 1.28541 0.384286 1.38875
-0.983551 1.95764 -0.36272 1.28558 0.384927 1.39037
-0.982965 1.95811 -0.363365 1.28575 0.385576 1.39201
-0.982374 1.95858 -0.36402 1.28593 0.386232 1.39367
-0.981776 1.95906 -0.364686 1.28612 0.386896 1.39534
-0.981173 1.95954 -0.365362 1.28631 0.387566 1.39704
-0.980565 1.96001 -0.366046 1.28651 0.388242 1.39874
-0.979953 1.9605 -0.366737 1.28672 0.388923 1.40046
-0.979336 1.96098 -0.367436 1.28693 0.389609 1.40219
-0.978715 1.96146 -0.368142 1.28714 0.3903 1.40394
-0.97809 1.96195 -0.368857 1.28736 0.390997 1.4057
-0.977459 1.96244 -0.369582 1.28759 0.391701 1.40747
-0.976822 1.96293 -0.370316 1.28782 0.392411 1.40926
-0.976178 1.96342 -0.371062 1.28806 0.393129 1.41108
-0.975528 1.96392 -0.37182 1.28831 0.393855 1.41291
-0.97487 1.96442 -0.372591 1.28857 0.39459 1.41476
-0.974204 1.96492 -0.373376 1.28884 0.395334 1.41664
-0.973531 1.96542 -0.374174 1.28911 0.396088 1.41854
-0.97285 1.96593 -0.374985 1.2894 0.39685 1.42046
-0.972162 1.96644 -0.375808 1.28969 0.39762 1.42241
-0.971468 1.96695 -0.376644 1.28999 0.398399 1.42437
-0.970766 1.96747 -0.377491 1.2903 0.399186 1.42635
-0.970059 1.96798 -0.378349 1.29062 0.39998 1.42835
-0.969345 1.9685 -0.379218 1.29094 0.400782 1.43037
-0.968625 1.96903 -0.380097 1.29127 0.40159 1.43241
-0.967899 1.96955 -0.380987 1.29161 0.402406 1.43447
-0.967168 1.97008 -0.381885 1.29195 0.403227 1.43654
-0.966432 1.9706 -0.382793 1.2923 0.404055 1.43863
-0.965691 1.97113 -0.383709 1.29266 0.404889 1.44073
-0.964945 1.97167 -0.384634 1.29302 0.405728 1.44284
-0.964195 1.9722 -0.385566 1.29338 0.406572 1.44497
-0.96344 1.97273 -0.386506 1.29375 0.407422 1.44711
-0.962682 1.97327 -0.387452 1.29413 0.408276 1.44926
-0.96192 1.97381 -0.388405 1.29451 0.409135 1.45143
-0.961155 1.97435 -0.389364 1.29489 0.409997 1.4536
-0.960386 1.97489 -0.390329 1.29528 0.410864 1.45578
-0.959614 1.97543 -0.391299 1.29567 0.411734 1.45797
-0.95884 1.97597 -0.392273 1.29606 0.412607 1.46017
-0.958063 1.97651 -0.393252 1.29646 0.413483 1.46238
-0.957284 1.97706 -0.394235 1.29686 0.414361 1.46459
-0.956503 1.9776 -0.395221 1.29726 0.415242 1.46681
-0.95572 1.97815 -0.39621 1.29766 0.416125 1.46904
-0.954936 1.9787 -0.397201 1.29807 0.41701 1.47127
-0.954151 1.97924 -0.398195 1.29848 0.417896 1.4735
-0.953364 1.97979 -0.399191 1.29888 0.418784 1.47573
-0.952577 1.98034 -0.400188 1.29929 0.419672 1.47797
-0.951789 1.98088 -0.401185 1.2997 0.420561 1.48021
-0.951001 1.98143 -0.402184 1.30011 0.42145 1.48245
-0.950213 1.98198 -0.403182 1.30052 0.42234 1.48469
-0.949425 1.98253 -0.404181 1.30093 0.423229 1.48693
-0.948636 1.98307 -0.405181 1.30134 0.42412 1.48918
-0.947845 1.98362 -0.406185 1.30176 0.425013 1.49142
-0.947052 1.98417 -0.407192 1.30217 0.425908 1.49368
-0.946256 1.98472 -0.408203 1.30259 0.426806 1.49594
-0.945458 1.98527 -0.409219 1.30301 0.427707 1.49821
-0.944656 1.98583 -0.410241 1.30344 0.428613 1.50049
-0.943851 1.98638 -0.41127 1.30387 0.429523 1.50278
-0.943041 1.98694 -0.412307 1.3043 0.430439 1.50509
-0.942226 1.9875 -0.413353 1.30475 0.43136 1.50741
-0.941405 1.98805 -0.414407 1.30519 0.432288 1.50975
-0.940579 1.98862 -0.415473 1.30565 0.433222 1.5121
-0.939746 1.98918 -0.416549 1.30611 0.434165 1.51447
-0.938906 1.98975 -0.417638 1.30658 0.435115 1.51687
-0.938059 1.99032 -0.418739 1.30706 0.436075 1.51928
-0.937204 1.99089 -0.419854 1.30755 0.437043 1.52172
-0.936341 1.99147 -0.420984 1.30804 0.438022 1.52418
-0.935469 1.99205 -0.42213 1.30855 0.439011 1.52667
-0.934587 1.99263 -0.423291 1.30907 0.440011 1.52919
-0.933696 1.99322 -0.42447 1.3096 0.441023 1.53174
-0.932794 1.99381 -0.425667 1.31014 0.442047 1.53432
-0.931881 1.9944 -0.426883 1.3107 0.443084 1.53693
-0.930957 1.995 -0.428119 1.31127 0.444135 1.53957
-0.930021 1.9956 -0.429375 1.31185 0.445199 1.54225
-0.929073 1.99621 -0.430653 1.31245 0.446278 1.54496
-0.928112 1.99682 -0.431953 1.31306 0.447372 1.54771
-0.927138 1.99744 -0.433277 1.31369 0.448482 1.55051
-0.92615 1.99806 -0.434624 1.31433 0.449609 1.55334
-0.925147 1.99869 -0.435997 1.31499 0.450752 1.55622
-0.92413 1.99933 -0.437395 1.31567 0.451913 1.55914
-0.923098 1.99997 -0.438821 1.31636 0.453092 1.5621
-0.922049 2.00061 -0.440273 1.31708 0.45429 1.56511
-0.920986 2.00126 -0.441752 1.31781 0.455506 1.56817
-0.919907 2.00192 -0.443258 1.31856 0.456739 1.57127
-0.918815 2.00258 -0.444788 1.31932 0.457989 1.57441
-0.917708 2.00325 -0.446342 1.3201 0.459256 1.5776
-0.916589 2.00392 -0.447919 1.3209 0.460538 1.58082
-0.915456 2.0046 -0.449519 1.32171 0.461836 1.58408
-0.914311 2.00528 -0.45114 1.32254 0.463148 1.58738
-0.913155 2.00597 -0.452782 1.32338 0.464474 1.59071
-0.911986 2.00666 -0.454444 1.32423 0.465814 1.59408
-0.910808 2.00735 -0.456125 1.3251 0.467166 1.59748
-0.909618 2.00805 -0.457824 1.32597 0.468531 1.60091
-0.908419 2.00875 -0.45954 1.32686 0.469907 1.60437
-0.907211 2.00946 -0.461272 1.32776 0.471295 1.60785
-0.905993 2.01017 -0.46302 1.32867 0.472693 1.61137
-0.904768 2.01088 -0.464783 1.3296 0.474101 1.6149
-0.903534 2.0116 -0.466559 1.33053 0.475518 1.61846
-0.902293 2.01232 -0.468348 1.33146 0.476945 1.62205
-0.901045 2.01304 -0.470149 1.33241 0.478379 1.62565
-0.899791 2.01376 -0.471962 1.33336 0.479821 1.62927
-0.89853 2.01448 -0.473784 1.33432 0.48127 1.63291
-0.897265 2.01521 -0.475617 1.33529 0.482725 1.63657
-0.895994 2.01594 -0.477457 1.33627 0.484186 1.64024
-0.894719 2.01667 -0.479306 1.33724 0.485653 1.64392
-0.89344 2.01741 -0.481161 1.33823 0.487124 1.64762
-0.892158 2.01814 -0.483023 1.33921 0.488599 1.65133
-0.890872 2.01887 -0.48489 1.3402 0.490078 1.65504
-0.889584 2.01961 -0.486761 1.3412 0.491559 1.65876
-0.888295 2.02035 -0.488635 1.34219 0.493043 1.66249
-0.887003 2.02108 -0.490512 1.34319 0.494529 1.66622
-0.885711 2.02182 -0.492391 1.34419 0.496016 1.66996
-0.884418 2.02256 -0.49427 1.34519 0.497503 1.67369
-0.883125 2.0233 -0.49615 1.34618 0.498991 1.67743
-0.881832 2.02403 -0.498031 1.34718 0.500479 1.68117
-0.880539 2.02477 -0.499915 1.34819 0.501968 1.68491
-0.879244 2.0255 -0.501804 1.3492 0.503458 1.68865
-0.877948 2.02624 -0.503698 1.35021 0.50495 1.6924
-0.876651 2.02697 -0.505601 1.35124 0.506444 1.69615
-0.875353 2.02769 -0.507512 1.35227 0.507941 1.69991
-0.874052 2.02841 -0.509434 1.35332 0.509442 1.70368
-0.872749 2.02913 -0.511368 1.35438 0.510946 1.70745
-0.871443 2.02984 -0.513316 1.35545 0.512454 1.71124
-0.870134 2.03055 -0.515279 1.35655 0.513967 1.71504
-0.868822 2.03125 -0.517258 1.35766 0.515485 1.71885
-0.867507 2.03194 -0.519256 1.35879 0.517008 1.72267
-0.866188 2.03263 -0.521274 1.35994 0.518537 1.72651
-0.864865 2.03331 -0.523312 1.36112 0.520073 1.73036
-0.863538 2.03398 -0.525374 1.36233 0.521616 1.73423
-0.862206 2.03464 -0.52746 1.36356 0.523166 1.73812
-0.860869 2.03529 -0.529571 1.36482 0.524724 1.74202
-0.859527 2.03593 -0.53171 1.36611 0.52629 1.74595
-0.85818 2.03656 -0.533877 1.36743 0.527865 1.7499
-0.856827 2.03718 -0.536075 1.36879 0.529449 1.75387
-0.855468 2.03779 -0.538305 1.37018 0.531043 1.75786
-0.854102 2.03838 -0.540568 1.37161 0.532647 1.76188
-0.85273 2.03896 -0.542866 1.37308 0.534261 1.76592
-0.851351 2.03953 -0.5452 1.37459 0.535887 1.76999
-0.849965 2.04009 -0.547572 1.37614 0.537524 1.77409
-0.848571 2.04063 -0.549984 1.37774 0.539173 1.77821
-0.847169 2.04115 -0.552436 1.37938 0.540834 1.78237
-0.84576 2.04166 -0.554931 1.38107 0.542509 1.78656
-0.844342 2.04215 -0.55747 1.38281 0.544196 1.79078
-0.842916 2.04262 -0.560054 1.3846 0.545898 1.79503
-0.84148 2.04308 -0.562686 1.38645 0.547614 1.79931
-0.840036 2.04352 -0.565366 1.38835 0.549344 1.80364
-0.838582 2.04394 -0.568092 1.3903 0.551089 1.80799
-0.83712 2.04435 -0.570865 1.3923 0.552847 1.81238
-0.835649 2.04474 -0.573681 1.39435 0.554619 1.81681
-0.834171 2.04511 -0.57654 1.39645 0.556404 1.82126
-0.832685 2.04547 -0.579439 1.3986 0.558201 1.82574
-0.831191 2.04581 -0.582378 1.40079 0.560011 1.83026
-0.82969 2.04614 -0.585355 1.40302 0.561831 1.8348
-0.828182 2.04645 -0.588368 1.40529 0.563663 1.83936
-0.826668 2.04675 -0.591416 1.40761 0.565505 1.84395
-0.825147 2.04704 -0.594498 1.40996 0.567358 1.84857
-0.82362 2.04732 -0.597611 1.41234 0.56922 1.85321
-0.822087 2.04759 -0.600755 1.41476 0.571091 1.85787
-0.820549 2.04784 -0.603927 1.41722 0.572971 1.86256
-0.819006 2.04809 -0.607127 1.4197 0.57486 1.86726
-0.817458 2.04833 -0.610352 1.42221 0.576756 1.87198
-0.815905 2.04855 -0.613602 1.42475 0.57866 1.87672
-0.814348 2.04877 -0.616875 1.42732 0.58057 1.88148
-0.812787 2.04898 -0.620168 1.4299 0.582487 1.88625
-0.811222 2.04918 -0.623482 1.43252 0.58441 1.89103
-0.809654 2.04938 -0.626813 1.43515 0.586338 1.89583
-0.808083 2.04957 -0.630161 1.4378 0.588272 1.90065
-0.806509 2.04975 -0.633525 1.44046 0.59021 1.90547
-0.804932 2.04993 -0.636902 1.44315 0.592152 1.9103
-0.803353 2.05011 -0.640291 1.44584 0.594098 1.91514
-0.801771 2.05028 -0.643691 1.44855 0.596047 1.91999
-0.800188 2.05045 -0.6471 1.45127 0.597999 1.92485
-0.798604 2.05061 -0.650516 1.454 0.599953 1.92971
-0.797019 2.05077 -0.653939 1.45673 0.601909 1.93458
-0.795432 2.05094 -0.657366 1.45947 0.603867 1.93945
-0.793845 2.05109 -0.660796 1.46221 0.605825 1.94432
-0.792258 2.05125 -0.664227 1.46496 0.607784 1.94919
-0.790671 2.05141 -0.667659 1.4677 0.609743 1.95406
-0.789084 2.05157 -0.671093 1.47045 0.611702 1.95894
-0.787496 2.05173 -0.674531 1.4732 0.613661 1.96381
-0.785909 2.05188 -0.677975 1.47596 0.615622 1.96869
-0.78432 2.05202 -0.681429 1.47873 0.617584 1.97357
-0.782732 2.05216 -0.684893 1.48152 0.619548 1.97845
-0.781143 2.05229 -0.68837 1.48432 0.621514 1.98334
-0.779554 2.05242 -0.691862 1.48715 0.623482 1.98824
-0.777963 2.05253 -0.695372 1.48999 0.625453 1.99314
-0.776373 2.05263 -0.698901 1.49286 0.627427 1.99804
-0.774781 2.05271 -0.702452 1.49576 0.629405 2.00296
-0.773188 2.05279 -0.706027 1.49869 0.631385 2.00788
-0.771595 2.05284 -0.709628 1.50166 0.633371 2.01281
-0.77 2.05288 -0.713257 1.50466 0.63536 2.01776
-0.768404 2.0529 -0.716917 1.5077 0.637354 2.02271
-0.766807 2.0529 -0.720609 1.51079 0.639353 2.02767
-0.765209 2.05288 -0.724336 1.51392 0.641358 2.03265
-0.763609 2.05284 -0.728099 1.51709 0.643368 2.03764
-0.762008 2.05278 -0.731902 1.52032 0.645384 2.04264
-0.760405 2.05268 -0.735746 1.52361 0.647407 2.04766
-0.758801 2.05257 -0.739633 1.52694 0.649436 2.05269
-0.757194 2.05242 -0.743566 1.53034 0.651473 2.05774
-0.755586 2.05225 -0.747547 1.5338 0.653517 2.0628
-0.753977 2.05204 -0.751578 1.53733 0.655568 2.06788
-0.752365 2.05181 -0.755661 1.54092 0.657628 2.07298
-0.750751 2.05154 -0.759798 1.54459 0.659696 2.0781
-0.749135 2.05124 -0.763991 1.54833 0.661773 2.08324
-0.747517 2.0509 -0.768243 1.55214 0.663859 2.0884
-0.745896 2.05052 -0.772556 1.55604 0.665954 2.09358
-0.744273 2.05011 -0.776932 1.56001 0.668059 2.09878
-0.742648 2.04966 -0.781373 1.56407 0.670175 2.10401
-0.74102 2.04916 -0.785881 1.56822 0.6723 2.10926
-0.73939 2.04863 -0.790459 1.57246 0.674437 2.11453
-0.737757 2.04805 -0.795103 1.57679 0.676583 2.11983
-0.736121 2.04743 -0.799814 1.5812 0.67874 2.12515
-0.734483 2.04678 -0.804587 1.5857 0.680907 2.13049
-0.732843 2.04609 -0.80942 1.59027 0.683083 2.13585
-0.732022 2.04573 -0.811866 1.5926 0.684176 2.13854
-0.731201 2.04536 -0.814313 1.59492 0.685268 2.14123
-0.730378 2.04498 -0.816787 1.59729 0.686365 2.14394
-0.729556 2.0446 -0.819261 1.59965 0.687462 2.14664
-0.728733 2.0442 -0.821763 1.60205 0.688563 2.14935
-0.72791 2.04381 -0.824265 1.60444 0.689664 2.15206
-0.727085 2.0434 -0.826792 1.60688 0.690769 2.15478
-0.726261 2.04298 -0.82932 1.60931 0.691875 2.1575
-0.725436 2.04255 -0.831872 1.61177 0.692984 2.16023
-0.724611 2.04213 -0.834425 1.61424 0.694093 2.16296
-0.723784 2.04168 -0.837001 1.61673 0.695205 2.16569
-0.722958 2.04124 -0.839578 1.61923 0.696318 2.16843
-0.722131 2.04079 -0.842177 1.62175 0.697434 2.17117
-0.721304 2.04033 -0.844776 1.62428 0.698551 2.17392
-0.720477 2.03986 -0.847397 1.62683 0.69967 2.17667
-0.719649 2.03939 -0.850018 1.62938 0.70079 2.17942
-0.71882 2.03891 -0.852659 1.63196 0.701913 2.18218
-0.717992 2.03843 -0.855301 1.63454 0.703036 2.18494
-0.717162 2.03793 -0.857962 1.63715 0.704162 2.18771
-0.716333 2.03744 -0.860623 1.63976 0.705287 2.19048
-0.715503 2.03694 -0.863303 1.64239 0.706416 2.19325
-0.714673 2.03643 -0.865982 1.64502 0.707545 2.19602
-0.713842 2.03592 -0.868679 1.64767 0.708676 2.1988
-0.713012 2.0354 -0.871376 1.65032 0.709808 2.20158
-0.71218 2.03488 -0.874089 1.653 0.710942 2.20437
-0.711349 2.03435 -0.876802 1.65567 0.712076 2.20715
-0.710517 2.03382 -0.879531 1.65836 0.713212 2.20994
-0.709685 2.03328 -0.882259 1.66106 0.714348 2.21273
-0.708853 2.03274 -0.885001 1.66377 0.715487 2.21552
-0.708021 2.0322 -0.887744 1.66648 0.716625 2.21832
-0.707188 2.03165 -0.890499 1.66921 0.717766 2.22112
-0.706355 2.03109 -0.893255 1.67194 0.718906 2.22392
-0.705522 2.03054 -0.896022 1.67468 0.720048 2.22672
-0.704688 2.02998 -0.89879 1.67743 0.721191 2.22953
-0.703854 2.02941 -0.901568 1.68019 0.722335 2.23233
-0.703021 2.02885 -0.904346 1.68295 0.723479 2.23514
-0.702187 2.02828 -0.907134 1.68572 0.724624 2.23795
-0.701353 2.02771 -0.909922 1.68849 0.72577 2.24076
-0.700518 2.02713 -0.912719 1.69127 0.726917 2.24358
-0.699684 2.02656 -0.915516 1.69406 0.728064 2.24639
-0.698849 2.02598 -0.91832 1.69685 0.729212 2.24921
-0.698014 2.0254 -0.921124 1.69964 0.73036 2.25202
-0.697179 2.02481 -0.923935 1.70244 0.731509 2.25484
-0.696344 2.02423 -0.926746 1.70524 0.732658 2.25766
-0.695509 2.02364 -0.929562 1.70805 0.733808 2.26048
-0.694674 2.02305 -0.932379 1.71086 0.734958 2.2633
-0.693839 2.02246 -0.935199 1.71367 0.736108 2.26612
-0.693003 2.02187 -0.93802 1.71649 0.737259 2.26895
-0.692168 2.02128 -0.940844 1.71931 0.73841 2.27177
-0.691332 2.02069 -0.943668 1.72213 0.739561 2.27459
-0.690497 2.02009 -0.946494 1.72495 0.740713 2.27742
-0.689661 2.0195 -0.94932 1.72777 0.741864 2.28024
-0.688826 2.0189 -0.952147 1.73059 0.743016 2.28307
-0.68799 2.01831 -0.954974 1.73341 0.744167 2.28589
-0.687154 2.01772 -0.957801 1.73624 0.745319 2.28872
-0.686319 2.01712 -0.960628 1.73906 0.74647 2.29154
-0.685483 2.01653 -0.963456 1.74188 0.747622 2.29436
-0.684648 2.01593 -0.966283 1.74471 0.748774 2.29719
-0.683812 2.01534 -0.969112 1.74753 0.749926 2.30001
-0.682976 2.01474 -0.971941 1.75036 0.751077 2.30284
-0.682141 2.01415 -0.974771 1.75318 0.752229 2.30567
-0.681305 2.01355 -0.977602 1.75601 0.753382 2.30849
-0.680469 2.01295 -0.980434 1.75884 0.754534 2.31132
-0.679633 2.01236 -0.983267 1.76167 0.755686 2.31414
-0.678797 2.01176 -0.986102 1.7645 0.756839 2.31697
-0.677962 2.01116 -0.988937 1.76733 0.757992 2.3198
-0.677126 2.01056 -0.991776 1.77017 0.759145 2.32263
-0.67629 2.00995 -0.994614 1.77301 0.760299 2.32546
-0.675453 2.00935 -0.997457 1.77585 0.761453 2.32829
-0.674617 2.00875 -1.0003 1.77869 0.762607 2.33112
-0.673781 2.00814 -1.00315 1.78154 0.763761 2.33395
-0.672945 2.00754 -1.00599 1.78439 0.764916 2.33678
-0.672108 2.00693 -1.00884 1.78725 0.766071 2.33961
-0.671272 2.00632 -1.0117 1.7901 0.767227 2.34244
-0.670435 2.0057 -1.01455 1.79296 0.768383 2.34528
-0.669598 2.00509 -1.01741 1.79582 0.769539 2.34811
-0.668761 2.00448 -1.02027 1.79869 0.770696 2.35095
-0.667924 2.00386 -1.02314 1.80156 0.771853 2.35379
-0.667087 2.00324 -1.026 1.80444 0.773012 2.35663
-0.66625 2.00262 -1.02887 1.80732 0.77417 2.35947
-0.665412 2.002 -1.03175 1.8102 0.775329 2.36231
-0.664575 2.00137 -1.03463 1.81309 0.776488 2.36515
-0.663737 2.00074 -1.03751 1.81599 0.777649 2.36799
-0.662899 2.00011 -1.0404 1.81889 0.778809 2.37084
-0.662061 1.99948 -1.04329 1.82179 0.779971 2.37369
-0.661223 1.99885 -1.04618 1.8247 0.781132 2.37653
-0.660385 1.99821 -1.04908 1.82762 0.782295 2.37938
-0.659547 1.99757 -1.05198 1.83054 0.783458 2.38223
-0.658708 1.99692 -1.05489 1.83347 0.784623 2.38509
-0.657869 1.99628 -1.0578 1.8364 0.785787 2.38794
-0.65703 1.99563 -1.06072 1.83934 0.786953 2.3908
-0.656191 1.99498 -1.06364 1.84229 0.788119 2.39365
-0.655352 1.99432 -1.06657 1.84525 0.789287 2.39652
-0.654512 1.99367 -1.0695 1.8482 0.790454 2.39938
-0.653672 1.993 -1.07244 1.85117 0.791624 2.40224
-0.652832 1.99234 -1.07538 1.85415 0.792793 2.4051
-0.651992 1.99167 -1.07834 1.85713 0.793964 2.40797
-0.651152 1.991 -1.08129 1.86012 0.795135 2.41084
-0.650311 1.99032 -1.08425 1.86312 0.796308 2.41371
-0.64947 1.98964 -1.08722 1.86612 0.797481 2.41659
-0.648629 1.98896 -1.09019 1.86914 0.798655 2.41946
-0.647788 1.98827 -1.09317 1.87216 0.79983 2.42234
-0.646946 1.98758 -1.09616 1.87519 0.801007 2.42522
-0.646104 1.98689 -1.09915 1.87823 0.802184 2.4281
-0.645262 1.98619 -1.10216 1.88128 0.803363 2.43099
-0.64442 1.98549 -1.10516 1.88433 0.804542 2.43387
-0.643577 1.98478 -1.10818 1.88741 0.805723 2.43677
-0.642734 1.98407 -1.11119 1.89048 0.806904 2.43966
-0.641891 1.98335 -1.11423 1.89357 0.808087 2.44255
-0.641047 1.98263 -1.11726 1.89666 0.809271 2.44545
-0.640203 1.9819 -1.12031 1.89977 0.810456 2.44835
-0.63936 1.98117 -1.12335 1.90288 0.811642 2.45125
-0.638515 1.98044 -1.12642 1.90601 0.81283 2.45416
-0.637671 1.9797 -1.12948 1.90914 0.814018 2.45707
-0.636825 1.97895 -1.13256 1.91229 0.815209 2.45998
-0.63598 1.9782 -1.13564 1.91544 0.8164 2.46289
-0.635135 1.97745 -1.13873 1.91862 0.817593 2.46581
-0.634289 1.97669 -1.14183 1.92179 0.818786 2.46873
-0.633442 1.97592 -1.14494 1.92499 0.819982 2.47165
-0.632596 1.97515 -1.14806 1.92818 0.821178 2.47458
-0.631749 1.97437 -1.15119 1.9314 0.822377 2.47751
-0.630902 1.9736 -1.15432 1.93462 0.823576 2.48044
-0.630054 1.97281 -1.15747 1.93786 0.824777 2.48337
-0.629207 1.97202 -1.16061 1.9411 0.825978 2.48631
-0.628358 1.97122 -1.16377 1.94436 0.827181 2.48925
-0.62751 1.97043 -1.16694 1.94762 0.828385 2.49219
-0.626661 1.96962 -1.17011 1.9509 0.829591 2.49514
-0.625812 1.96881 -1.17329 1.95418 0.830797 2.49809
-0.624963 1.968 -1.17648 1.95748 0.832005 2.50104
-0.624114 1.96718 -1.17968 1.96078 0.833213 2.50399
-0.623264 1.96636 -1.18288 1.9641 0.834423 2.50695
-0.622414 1.96553 -1.18609 1.96742 0.835634 2.5099
-0.621563 1.9647 -1.18931 1.97075 0.836846 2.51287
-0.620713 1.96387 -1.19253 1.97409 0.838059 2.51583
-0.619862 1.96303 -1.19576 1.97744 0.839273 2.51879
-0.619011 1.96219 -1.199 1.98079 0.840488 2.52176
-0.61816 1.96134 -1.20224 1.98416 0.841704 2.52473
-0.617308 1.96049 -1.20549 1.98753 0.842921 2.5277
-0.616457 1.95964 -1.20874 1.99091 0.844139 2.53068
-0.615605 1.95878 -1.212 1.9943 0.845357 2.53365
-0.614752 1.95792 -1.21527 1.9977 0.846577 2.53663
-0.6139 1.95706 -1.21854 2.0011 0.847797 2.53961
-0.613047 1.95619 -1.22182 2.00451 0.849019 2.54259
-0.612195 1.95532 -1.2251 2.00792 0.850241 2.54557
-0.611342 1.95444 -1.22839 2.01135 0.851464 2.54856
-0.610489 1.95357 -1.23168 2.01478 0.852687 2.55155
-0.609635 1.95269 -1.23498 2.01822 0.853912 2.55454
-0.608782 1.95181 -1.23828 2.02166 0.855137 2.55753
-0.607928 1.95092 -1.24159 2.02511 0.856363 2.56052
-0.607074 1.95004 -1.2449 2.02856 0.857589 2.56351
-0.60622 1.94914 -1.24821 2.03202 0.858817 2.56651
-0.605366 1.94825 -1.25153 2.03549 0.860045 2.5695
-0.604511 1.94736 -1.25486 2.03896 0.861273 2.5725
-0.603657 1.94646 -1.25818 2.04243 0.862502 2.5755
-0.602802 1.94556 -1.26152 2.04592 0.863732 2.5785
-0.601948 1.94466 -1.26485 2.0494 0.864962 2.5815
-0.601093 1.94375 -1.26819 2.05289 0.866193 2.58451
-0.600238 1.94285 -1.27153 2.05639 0.867425 2.58751
-0.599382 1.94194 -1.27488 2.05989 0.868657 2.59052
-0.598527 1.94103 -1.27822 2.06339 0.869889 2.59352
-0.597672 1.94011 -1.28158 2.0669 0.871122 2.59653
-0.596816 1.9392 -1.28493 2.07041 0.872355 2.59954
-0.595961 1.93828 -1.28829 2.07392 0.873589 2.60255
-0.595105 1.93737 -1.29165 2.07744 0.874823 2.60556
-0.594249 1.93645 -1.29501 2.08096 0.876057 2.60857
-0.593393 1.93553 -1.29837 2.08448 0.877292 2.61158
-0.592537 1.93461 -1.30174 2.08801 0.878527 2.6146
-0.591681 1.93369 -1.30511 2.09154 0.879763 2.61761
-0.590825 1.93276 -1.30848 2.09507 0.880999 2.62062
-0.589969 1.93184 -1.31185 2.09861 0.882235 2.62364
-0.588257 1.92998 -1.3186 2.10568 0.884708 2.62967
-0.5874 1.92906 -1.32198 2.10922 0.885944 2.63269
-0.586544 1.92813 -1.32536 2.11276 0.887181 2.6357
-0.584831 1.92627 -1.33211 2.11985 0.889656 2.64174
-0.583974 1.92534 -1.3355 2.12339 0.890893 2.64476
-0.583118 1.92441 -1.33888 2.12694 0.89213 2.64777
-0.581405 1.92255 -1.34564 2.13404 0.894606 2.65381
-0.580548 1.92162 -1.34902 2.13758 0.895843 2.65683
-0.579692 1.92069 -1.35241 2.14113 0.897081 2.65985
-0.578835 1.91976 -1.35579 2.14468 0.898319 2.66287
-0.577978 1.91882 -1.35917 2.14823 0.899556 2.66588
-0.576265 1.91696 -1.36594 2.15532 0.902032 2.67192
-0.575409 1.91603 -1.36932 2.15887 0.903269 2.67494
-0.574552 1.9151 -1.3727 2.16242 0.904507 2.67796
-0.572839 1.91324 -1.37947 2.16951 0.906983 2.684
-0.571982 1.91231 -1.38285 2.17306 0.90822 2.68701
-0.571126 1.91138 -1.38624 2.17661 0.909458 2.69003
-0.569413 1.90951 -1.393 2.18371 0.911933 2.69607
-0.568556 1.90858 -1.39638 2.18725 0.913171 2.69909
-0.567699 1.90765 -1.39977 2.1908 0.914409 2.70211
-0.565986 1.90579 -1.40653 2.1979 0.916884 2.70814
-0.56513 1.90486 -1.40991 2.20145 0.918122 2.71116
-0.564273 1.90393 -1.4133 2.20499 0.919359 2.71418
-0.56256 1.90206 -1.42006 2.21209 0.921835 2.72022
-0.561703 1.90113 -1.42345 2.21564 0.923072 2.72324
-0.560847 1.9002 -1.42683 2.21919 0.92431 2.72626
-0.559134 1.89834 -1.43359 2.22628 0.926786 2.73229
-0.558277 1.89741 -1.43698 2.22983 0.928023 2.73531
-0.557421 1.89648 -1.44036 2.23338 0.929261 2.73833
-0.555707 1.89461 -1.44713 2.24047 0.931736 2.74437
-0.554851 1.89368 -1.45051 2.24402 0.932974 2.74738
-0.553994 1.89275 -1.45389 2.24757 0.934212 2.7504
-0.552281 1.89089 -1.46066 2.25467 0.936687 2.75644
-0.551425 1.88996 -1.46404 2.25821 0.937925 2.75946
-0.550568 1.88903 -1.46742 2.26176 0.939162 2.76248
-0.548855 1.88717 -1.47419 2.26886 0.941638 2.76851
-0.547998 1.88623 -1.47757 2.27241 0.942875 2.77153
-0.547142 1.8853 -1.48095 2.27595 0.944113 2.77455
-0.545428 1.88344 -1.48772 2.28305 0.946589 2.78059
-0.544572 1.88251 -1.4911 2.2866 0.947826 2.78361
-0.543715 1.88158 -1.49448 2.29014 0.949064 2.78663
-0.542002 1.87972 -1.50125 2.29724 0.951539 2.79266
-0.541146 1.87879 -1.50463 2.30079 0.952777 2.79568
-0.540289 1.87785 -1.50802 2.30434 0.954015 2.7987
-0.538576 1.87599 -1.51478 2.31143 0.95649 2.80474
-0.537719 1.87506 -1.51816 2.31498 0.957728 2.80776
-0.536863 1.87413 -1.52155 2.31853 0.958965 2.81077
-0.53515 1.87227 -1.52831 2.32562 0.961441 2.81681
-0.534293 1.87134 -1.53169 2.32917 0.962678 2.81983
-0.533436 1.87041 -1.53508 2.33272 0.963916 2.82285
-0.531723 1.86854 -1.54184 2.33982 0.966392 2.82889
-0.530867 1.86761 -1.54523 2.34336 0.967629 2.8319
-0.53001 1.86668 -1.54861 2.34691 0.968867 2.83492
-0.528297 1.86482 -1.55537 2.35401 0.971342 2.84096
-0.526584 1.86296 -1.56214 2.3611 0.973818 2.847
-0.524871 1.86109 -1.56891 2.3682 0.976293 2.85303
