600 -850 -65
600 -850 -60
600 -850 -55
600 -800 -60
600 -800 -55
600 -800 -50
600 -800 -45
600 -800 -40
600 -800 -35
600 -800 -30
600 -750 -60
600 -750 -55
600 -750 -50
600 -750 -45
600 -750 -35
600 -750 -30
600 -750 -25
600 -750 -20
600 -700 -25
600 -700 -20
600 -700 -15
600 -650 -25
600 -650 -20
600 -650 -15
600 -600 -15
650 -800 -60
650 -800 -55
650 -800 -50
650 -800 -30
650 -750 -55
650 -750 -50
650 -750 -45
650 -750 -40
650 -750 -35
650 -750 -30
650 -750 -25
650 -700 -55
650 -700 -50
650 -700 -45
650 -700 -40
650 -700 -30
650 -700 -25
650 -700 -20
650 -700 -15
650 -650 -50
650 -650 -45
650 -650 -20
650 -650 -15
650 -600 -45
650 -600 -40
650 -600 -10
650 -550 -40
650 -500 -40
700 -750 -55
700 -750 -45
700 -750 -25
700 -700 -55
700 -700 -50
700 -700 -45
700 -700 -40
700 -700 -35
700 -700 -30
700 -700 -25
700 -700 -20
700 -650 -50
700 -650 -45
700 -650 -40
700 -650 -35
700 -650 -20
700 -650 -15
700 -650 -10
700 -600 -45
700 -600 -40
700 -600 -35
700 -600 -10
700 -550 -40
700 -550 -35
700 -500 -35
700 -450 -5
750 -750 -55
750 -700 -50
750 -700 -40
750 -700 -25
750 -700 -20
750 -650 -50
750 -650 -45
750 -650 -40
750 -650 -35
750 -650 -25
750 -650 -20
750 -600 -45
750 -600 -40
750 -600 -35
750 -600 -30
750 -600 -20
750 -600 -15
750 -600 -10
750 -600 -5
750 -550 -40
750 -550 -35
750 -550 -30
750 -550 -15
750 -500 -35
750 -500 -30
750 -450 -35
750 -450 -30
750 -450 -5
750 -400 -20
750 -400 0
750 700 65
800 -700 -50
800 -650 -45
800 -650 -40
800 -650 -20
800 -600 -45
800 -600 -40
800 -600 -35
800 -600 -30
800 -600 -20
800 -600 -15
800 -550 -40
800 -550 -35
800 -550 -30
800 -550 -25
800 -550 -15
800 -550 -10
800 -550 -5
800 -500 -35
800 -500 -30
800 -500 -25
800 -500 -10
800 -500 -5
800 -500 0
800 -450 -30
800 -450 -25
800 -450 -10
800 -450 -5
800 -450 0
800 -450 5
800 -400 -30
800 -400 -25
800 -400 -20
800 -400 -5
800 -400 0
800 -400 5
800 -350 -25
800 -350 -20
800 -350 0
800 -350 5
800 -300 -20
800 -300 5
800 -300 10
800 550 65
800 600 60
800 650 60
