-1070 -100 175
-1070 0 170
-1020 -250 -175
-1020 -200 -175
-1020 -200 -170
-1020 -150 -180
-1020 -150 -170
-1020 -150 -150
-1020 -100 -180
-1020 -100 -175
-1020 -100 -170
-1020 -100 -155
-1020 -100 175
-1020 -50 -175
-1020 -50 -160
-1020 -50 -155
-1020 -50 175
-1020 0 -180
-1020 0 -175
-1020 0 -160
-1020 0 170
-1020 0 175
-1020 50 -180
-1020 50 -165
-1020 50 -160
-1020 50 170
-1020 100 -180
-1020 100 -165
-1020 100 165
-1020 100 170
-1020 100 175
-1020 150 -170
-1020 150 -165
-1020 150 165
-1020 150 175
-1020 200 -170
-1020 200 160
-1020 250 160
-1020 300 155
-1020 350 150
-970 -450 -165
-970 -400 -165
-970 -400 -135
-970 -350 -170
-970 -350 -165
-970 -350 -160
-970 -350 -140
-970 -300 -170
-970 -300 -160
-970 -300 -155
-970 -300 -145
-970 -300 -140
-970 -250 -175
-970 -250 -170
-970 -250 -165
-970 -250 -160
-970 -250 -150
-970 -250 -145
-970 -200 -175
-970 -200 -170
-970 -200 -165
-970 -200 -150
-970 -200 -145
-970 -150 -180
-970 -150 -175
-970 -150 -170
-970 -150 -165
-970 -150 -150
-970 -150 -145
-970 -100 -180
-970 -100 -175
-970 -100 -170
-970 -100 -155
-970 -100 -150
-970 -100 -145
-970 -50 -180
-970 -50 -175
-970 -50 -155
-970 -50 -150
-970 -50 -145
-970 -50 175
-970 0 -180
-970 0 -160
-970 0 -155
-970 0 -150
-970 0 170
-970 0 175
-970 50 -180
-970 50 -160
-970 50 -155
-970 50 170
-970 50 175
-970 100 -165
-970 100 -160
-970 100 -155
-970 100 165
-970 100 170
-970 100 175
-970 150 -165
-970 150 -160
-970 150 165
-970 150 170
-970 200 -170
-970 200 -165
-970 200 160
-970 200 165
-970 200 170
-970 250 -170
-970 250 155
-970 250 160
-970 250 165
-970 300 -175
-970 300 155
-970 350 -180
-970 350 150
-970 350 155
-970 350 160
-970 400 -180
-970 400 150
-970 450 145
-920 -550 -160
-920 -500 -160
-920 -500 -130
-920 -450 -160
-920 -450 -155
-920 -450 -150
-920 -450 -135
-920 -400 -165
-920 -400 -160
-920 -400 -155
-920 -400 -150
-920 -400 -140
-920 -400 -135
-920 -350 -165
-920 -350 -160
-920 -350 -155
-920 -350 -150
-920 -350 -145
-920 -350 -140
-920 -350 -135
-920 -300 -170
-920 -300 -165
-920 -300 -160
-920 -300 -145
-920 -300 -140
-920 -300 -135
-920 -300 -130
-920 -250 -175
-920 -250 -170
-920 -250 -165
-920 -250 -160
-920 -250 -145
-920 -250 -140
-920 -250 -135
-920 -200 -175
-920 -200 -170
-920 -200 -165
