-600 -450 -10
-600 -450 -5
-600 -450 75
-600 -400 -20
-600 -400 -15
-600 -400 -10
-600 -350 -30
-600 -350 -25
-600 -350 -20
-600 -350 -15
-600 -350 -10
-600 -300 -35
-600 -300 -30
-600 -300 -25
-600 -300 -20
-600 -300 -15
-600 -250 -80
-600 -250 -45
-600 -250 -40
-600 -250 -35
-600 -250 -30
-600 -250 -25
-600 -250 -20
-600 -200 -85
-600 -200 -45
-600 -200 -40
-600 -200 -35
-600 -200 -30
-600 -200 -25
-600 -150 -40
-600 -150 -35
-600 -150 -30
-600 -150 -25
-600 -100 -80
-600 -100 -70
-600 -100 -45
-600 -100 -40
-600 -100 -35
-600 -100 -30
-600 -50 -85
-600 -50 -80
-600 -50 -75
-600 -50 -45
-600 -50 -40
-600 -50 -35
-600 0 -90
-600 0 -85
-600 0 -80
-600 0 -50
-600 0 -45
-600 0 -40
-600 50 -95
-600 50 -90
-600 50 -55
-600 50 -50
-600 50 -45
-600 100 -100
-600 100 -65
-600 100 -60
-600 100 -55
-600 100 -50
-600 150 -70
-600 150 -65
-600 150 -60
-600 150 -55
-600 200 -75
-600 200 -70
-600 200 -65
-600 200 -60
-600 250 -125
-600 250 -80
-600 250 -75
-600 250 -70
-600 250 -65
-600 300 -85
-600 300 -80
-600 300 -75
-600 300 -70
-600 350 -90
-600 350 -85
-600 350 -80
-600 350 -75
-600 350 -70
-600 400 -85
-600 400 -80
-600 400 -75
-600 450 -85
-600 450 -80
-550 -500 -5
-550 -500 0
-550 -450 -15
-550 -450 -10
-550 -450 -5
-550 -450 0
-550 -400 -25
-550 -400 -20
-550 -400 -15
-550 -400 -10
-550 -400 -5
-550 -350 -70
-550 -350 -35
-550 -350 -30
-550 -350 -25
-550 -350 -20
-550 -350 -15
-550 -350 -10
-550 -300 -30
-550 -300 -25
-550 -300 -20
-550 -300 -15
-550 -250 -65
-550 -250 -60
-550 -250 -55
-550 -250 -50
-550 -250 -30
-550 -250 -25
-550 -250 -20
-550 -250 -15
-550 -200 -70
-550 -200 -65
-550 -200 -60
-550 -200 -55
-550 -200 -30
-550 -200 -25
-550 -200 -20
-550 -150 -75
-550 -150 -70
-550 -150 -65
-550 -150 -45
-550 -150 -30
-550 -150 -25
-550 -150 70
-550 -100 -80
-550 -100 -35
-550 -100 -30
-550 -50 -90
-550 -50 -85
-550 -50 -50
-550 -50 -45
-550 -50 -40
-550 -50 -35
-550 0 -95
-550 0 -90
-550 0 -55
-550 0 -50
-550 0 -45
-550 0 -40
-550 50 -100
-550 50 -95
-550 50 -55
-550 50 -50
-550 50 -45
-550 100 -105
-550 100 -100
-550 100 -55
-550 100 -50
-550 150 -110
-550 150 -60
-550 150 -55
-550 200 -65
-550 200 -60
-550 250 -70
-550 250 -65
-550 300 -75
-550 300 -70
-550 350 -135
-550 350 -85
-550 350 -80
-550 350 -75
-550 400 -90
-550 400 -85
-550 400 -80
-550 450 -95
-550 450 -90
-550 450 -85
-550 450 -80
-550 500 -90
-550 500 -85
-500 -550 0
-500 -550 5
-500 -500 -10
-500 -500 -5
-500 -500 0
-500 -500 5
-500 -450 -20
-500 -450 -15
-500 -450 -10
-500 -450 -5
-500 -450 0
-500 -400 -65
-500 -400 -25
-500 -400 -20
-500 -400 -15
-500 -400 -10
-500 -400 -5
-500 -350 -55
-500 -350 -45
-500 -350 -20
-500 -350 -15
-500 -350 -10
-500 -350 -5
-500 -300 -60
-500 -300 -55
-500 -300 -50
-500 -300 -45
-500 -300 -30
-500 -300 -15
-500 -300 -10
-500 -300 90
-500 -250 -65
-500 -250 -60
-500 -250 -55
-500 -250 -50
-500 -250 -30
-500 -250 -20
-500 -250 -15
-500 -250 80
-500 -200 -75
-500 -200 -70
-500 -200 -35
-500 -200 -30
-500 -200 -25
-500 -200 -20
-500 -150 -80
-500 -150 -35
-500 -150 -30
-500 -150 -25
-500 -100 -85
-500 -100 -40
-500 -100 -35
-500 -100 -30
-500 -50 -90
-500 -50 -45
-500 -50 -40
-500 -50 -35
-500 0 -95
-500 0 -45
-500 50 -45
-500 350 -75
-500 400 -85
-500 400 -80
-500 450 -95
-500 450 -90
-500 450 -85
-500 500 -100
-500 500 -95
-500 500 -90
-500 500 -85
-500 550 -95
-500 550 -90
-450 -600 5
-450 -600 10
-450 -550 -5
-450 -550 0
-450 -550 5
-450 -550 10
-450 -500 -15
-450 -500 -10
-450 -500 -5
-450 -500 0
-450 -500 5
-450 -450 -20
-450 -450 -15
-450 -450 -10
-450 -450 -5
-450 -450 0
-450 -450 5
-450 -400 -50
-450 -400 -45
-450 -400 -40
-450 -400 -35
-450 -400 -30
-450 -400 -10
-450 -400 -5
-450 -400 0
-450 -350 -55
-450 -350 -50
-450 -350 -45
-450 -350 -40
-450 -350 -20
-450 -350 -5
-450 -300 -60
-450 -300 -45
-450 -300 -20
-450 -300 -15
-450 -300 -10
-450 -250 -70
-450 -250 -20
-450 -250 -15
-450 -200 -25
-450 450 -85
-450 500 -95
-450 500 -90
-450 550 -105
-450 550 -100
-450 550 -95
-450 550 -90
-450 600 -100
-450 600 -95
-400 -600 5
-400 -600 10
-400 -600 15
-400 -600 95
-400 -550 -10
-400 -550 -5
-400 -550 0
-400 -550 5
-400 -550 10
-400 -500 -50
-400 -500 -15
-400 -500 -10
-400 -500 -5
-400 -500 0
-400 -500 5
-400 -500 10
-400 -450 -40
-400 -450 -35
-400 -450 -30
-400 -450 -25
-400 -450 -5
-400 -450 0
-400 -450 5
-400 -400 -45
-400 -400 -40
-400 -400 -35
-400 -400 -30
-400 -400 -15
-400 -400 0
-400 -400 5
-400 -400 100
-400 550 -100
-400 550 -95
-400 600 -110
-400 600 -105
-400 600 -100
-350 -600 0
-350 -600 5
-350 -600 10
-350 -600 15
-350 -600 20
-350 -550 -45
-350 -550 -10
-350 -550 -5
-350 -550 0
-350 -550 5
-350 -550 10
-350 -550 15
-350 -500 -35
-350 -500 -25
-350 -500 0
-350 -500 5
-350 -500 10
-350 -500 15
-350 -450 -40
-350 -450 -35
-350 -450 -30
-350 -450 -25
-350 -450 5
-350 -450 10
-350 -400 -45
-350 -400 -40
-350 -400 -5
-350 -400 0
-350 -400 5
-350 600 -110
-350 600 -105
-350 600 -100
-300 -600 0
-300 -600 5
-300 -600 10
-300 -600 15
-300 -600 20
-300 -550 0
-300 -550 5
-300 -550 10
-300 -550 15
-300 -550 20
-300 -500 -35
-300 -500 -30
-300 -500 -25
-300 -500 -20
-300 -500 -15
-300 -500 10
-300 -500 15
-300 -500 20
-300 -450 -40
-300 -450 -35
-300 -450 -30
-300 -450 -25
-300 -450 0
-300 -450 5
-300 -450 10
-300 -450 15
-300 -400 0
-300 -400 5
-300 -400 10
-300 600 -105
-250 -600 -35
-250 -600 0
-250 -600 5
-250 -600 10
-250 -600 15
-250 -600 20
-250 -600 25
-250 -550 -25
-250 -550 -20
-250 -550 -15
-250 -550 -10
-250 -550 15
-250 -550 20
-250 -550 25
-250 -500 -30
-250 -500 -25
-250 -500 -20
-250 -500 -15
-250 -500 5
-250 -500 20
-250 -450 -35
-250 -450 10
-250 -450 15
-250 -450 20
-200 -600 10
-200 -600 15
-200 -600 20
-200 -600 25
-200 -600 30
-200 -550 -20
-200 -550 -15
-200 -550 -10
-200 -550 -5
-200 -550 20
-200 -550 25
-200 -550 30
-200 -500 -25
-200 -500 -20
-200 -500 -15
-200 -500 -10
-200 -500 15
-200 -500 20
-200 -500 25
-200 -450 15
-150 -600 20
-150 -600 25
-150 -600 30
-150 -600 35
-150 -550 -20
-150 -550 -15
-150 -550 -10
-150 -550 -5
-150 -550 0
-150 -550 15
-150 -550 30
-150 -550 35
-150 -550 130
-150 -500 -25
-150 -500 20
-150 -500 25
-150 -500 30
-100 -600 -10
-100 -600 0
-100 -600 5
-100 -600 25
-100 -600 30
-100 -600 35
-100 -600 40
-100 -550 -15
-100 -550 -10
-100 -550 -5
-100 -550 0
-100 -550 20
-100 -550 35
-100 -550 40
-100 -500 -20
-100 -500 25
-100 -500 30
-100 -500 35
-50 -600 -5
-50 -600 0
-50 -600 5
-50 -600 10
-50 -600 35
-50 -600 40
-50 -600 45
-50 -550 -10
-50 -550 -5
-50 -550 0
-50 -550 5
-50 -550 30
-50 -550 35
-50 -550 40
-50 -550 45
-50 -500 30
-50 -500 35
-50 -500 40
-50 -500 45
0 -600 0
0 -600 5
0 -600 10
0 -600 15
0 -600 40
0 -600 45
0 -600 50
0 -550 -5
0 -550 0
0 -550 5
0 -550 10
0 -550 35
0 -550 40
0 -550 45
0 -550 50
0 -500 40
0 -500 45
50 -600 5
50 -600 10
50 -600 15
50 -600 20
50 -600 45
50 -600 50
50 -600 55
50 -550 0
50 -550 5
50 -550 10
50 -550 15
50 -550 40
50 -550 45
50 -550 50
50 -550 55
50 -500 0
50 -500 45
50 -500 50
50 -500 55
100 -600 10
100 -600 20
100 -600 25
100 -600 45
100 -600 50
100 -600 55
100 -600 60
100 -550 10
100 -550 15
100 -550 20
100 -550 25
100 -550 55
100 -550 60
100 -500 5
100 -500 50
100 -500 55
100 -500 60
150 -600 50
150 -600 55
150 -600 60
150 -600 65
150 -550 15
150 -550 20
150 -550 25
150 -550 30
150 -550 45
150 -550 60
150 -550 65
150 -550 160
150 -500 25
150 -500 55
150 -500 60
150 -500 65
150 550 -50
200 -600 5
200 -600 45
200 -600 50
200 -600 55
200 -600 60
200 -600 65
200 -550 20
200 -550 25
200 -550 30
200 -550 35
200 -550 60
200 -550 65
200 -550 70
200 -500 20
200 -500 25
200 -500 30
200 -500 55
200 -500 60
200 -500 65
200 -500 70
250 -600 10
250 -600 45
250 -600 50
250 -600 55
250 -600 60
250 -600 65
250 -600 70
250 -550 25
250 -550 30
250 -550 35
250 -550 40
250 -550 60
250 -550 65
250 -550 70
250 -550 75
250 -500 25
250 -500 30
250 -500 35
250 -500 40
250 -500 60
250 -500 70
250 -500 75
250 -500 170
250 -450 70
250 -450 75
300 -600 55
300 -600 60
300 -600 65
300 -600 70
300 -600 75
300 -550 60
300 -550 65
300 -550 70
300 -550 75
300 -500 -180
300 -500 30
300 -500 35
300 -500 40
300 -500 45
300 -500 60
300 -500 75
300 -500 80
300 -450 30
300 -450 35
300 -450 40
300 -450 45
300 -450 70
300 -450 75
300 -450 80
350 -600 60
350 -600 65
350 -600 70
350 -600 75
350 -600 80
350 -550 20
350 -550 55
350 -550 60
350 -550 65
350 -550 70
350 -550 75
350 -550 80
350 -500 35
350 -500 45
350 -500 70
350 -500 75
350 -500 80
350 -500 85
350 -450 35
350 -450 40
350 -450 45
350 -450 50
350 -450 70
350 -450 85
350 -400 35
350 -400 50
350 -400 75
350 -400 80
350 -400 85
350 -400 90
400 -600 70
400 -600 75
400 -600 80
400 -550 65
400 -550 70
400 -550 75
400 -550 80
400 -550 85
400 -500 25
400 -500 65
400 -500 70
400 -500 75
400 -500 80
400 -500 85
400 -450 40
400 -450 45
400 -450 50
400 -450 55
400 -450 60
400 -450 80
400 -450 85
400 -450 90
400 -400 -170
400 -400 45
400 -400 50
400 -400 55
400 -400 60
400 -400 75
400 -400 90
400 -400 95
400 400 -80
400 600 -175
400 600 -170
400 600 -165
450 -600 80
450 -600 85
450 -600 165
450 -550 75
450 -550 80
450 -550 85
450 -550 90
450 -500 70
450 -500 75
450 -500 80
450 -500 85
450 -500 90
450 -450 70
450 -450 75
450 -450 80
450 -450 85
450 -450 90
450 -450 95
450 -400 50
450 -400 55
450 -400 60
450 -400 65
450 -400 85
450 -400 90
450 -400 95
450 -350 50
450 -350 55
450 -350 60
450 -350 65
450 -350 95
450 -350 100
450 -300 50
450 -300 55
450 -300 60
450 -300 65
450 -300 90
450 -300 95
450 -300 100
450 -300 105
450 -250 55
450 550 -180
450 550 -175
450 600 -175
450 600 -170
500 -550 85
500 -550 90
500 -500 80
500 -500 85
500 -500 90
500 -500 95
500 -450 75
500 -450 80
500 -450 85
500 -450 90
500 -450 95
500 -400 40
500 -400 75
500 -400 80
500 -400 85
500 -400 90
500 -400 95
500 -400 100
500 -350 55
500 -350 65
500 -350 90
500 -350 95
500 -350 100
500 -350 105
500 -300 55
500 -300 60
500 -300 65
500 -300 70
500 -300 75
500 -300 100
500 -300 105
500 -300 110
500 -250 60
500 -250 65
500 -250 70
500 -250 75
500 -250 95
500 -250 110
500 -200 65
500 -200 70
500 -200 75
500 -200 80
500 -200 105
500 -200 110
500 -200 115
500 -150 75
500 500 -180
500 500 170
500 500 175
500 550 -180
500 550 -175
550 -500 90
550 -500 95
550 -450 85
550 -450 90
550 -450 95
550 -450 100
550 -400 80
550 -400 85
550 -400 90
550 -400 95
550 -400 100
550 -350 45
550 -350 80
550 -350 85
550 -350 90
550 -350 95
550 -350 100
550 -350 105
550 -300 90
550 -300 95
550 -300 100
550 -300 105
550 -300 110
550 -250 65
550 -250 70
550 -250 75
550 -250 80
550 -250 105
550 -250 110
550 -250 115
550 -200 70
550 -200 75
550 -200 80
550 -200 85
550 -200 110
550 -200 115
550 -200 120
550 -150 70
550 -150 75
550 -150 80
550 -150 85
550 -150 90
550 -150 105
550 -150 120
550 -150 125
550 -100 75
550 -100 80
550 -100 85
550 -100 90
550 -100 110
550 -100 125
550 -100 130
550 -50 85
550 -50 90
550 -50 95
550 -50 120
550 -50 125
550 0 95
550 0 100
550 400 155
550 400 160
550 400 165
550 450 -180
550 450 165
550 450 170
550 450 175
550 500 -180
550 500 175
600 -450 95
600 -450 100
600 -400 -175
600 -400 95
600 -400 100
600 -400 105
600 -350 90
600 -350 95
600 -350 100
600 -350 105
600 -350 110
600 -300 90
600 -300 95
600 -300 100
600 -300 105
600 -300 110
600 -250 55
600 -250 90
600 -250 95
600 -250 100
600 -250 105
600 -250 110
600 -250 115
600 -200 100
600 -200 105
600 -200 110
600 -200 115
600 -200 120
600 -150 110
600 -150 115
600 -150 120
600 -150 125
600 -100 80
600 -100 90
600 -100 95
600 -100 115
600 -100 120
600 -100 125
600 -100 130
600 -50 85
600 -50 90
600 -50 95
600 -50 100
600 -50 125
600 -50 130
600 -50 135
600 0 90
600 0 95
600 0 100
600 0 105
600 0 130
600 0 135
600 0 140
600 50 95
600 50 100
600 50 105
600 50 110
600 50 135
600 50 140
600 50 145
600 100 110
600 100 115
600 100 135
600 100 140
600 100 145
600 100 150
600 150 140
600 150 145
600 150 150
600 200 135
600 200 140
600 200 145
600 200 150
600 200 155
600 250 135
600 250 140
600 250 145
600 250 150
600 250 155
600 250 160
600 300 145
600 300 150
600 300 155
600 300 160
600 300 165
600 350 150
600 350 155
600 350 160
600 350 165
600 350 170
600 400 160
600 400 165
600 400 170
600 450 170
600 450 175
