490 -800 -55
490 -800 -50
490 -800 -35
490 -800 -30
490 -750 -55
490 -750 -50
490 -750 -35
490 -750 -30
490 -750 -25
490 -700 -30
490 -700 -25
540 -900 -70
540 -900 -65
540 -850 -65
540 -850 -60
540 -850 -55
540 -850 -50
540 -850 -40
540 -850 -35
540 -800 -65
540 -800 -60
540 -800 -55
540 -800 -50
540 -800 -40
540 -800 -35
540 -800 -30
540 -800 -25
540 -750 -60
540 -750 -50
540 -750 -30
540 -750 -25
540 -700 -30
540 -700 -25
540 -650 -25
540 -650 -20
590 -850 -65
590 -850 -60
590 -850 -55
590 -850 -35
590 -800 -60
590 -800 -55
590 -800 -50
590 -800 -45
590 -800 -40
590 -800 -35
590 -800 -30
590 -750 -60
590 -750 -55
590 -750 -50
590 -750 -45
590 -750 -35
590 -750 -30
590 -750 -25
590 -750 -20
590 -700 -30
590 -700 -25
590 -700 -20
590 -650 -25
590 -650 -20
590 -600 -15
640 -800 -60
640 -800 -55
640 -800 -50
640 -800 -30
640 -750 -60
640 -750 -55
640 -750 -50
640 -750 -45
640 -750 -40
640 -750 -35
640 -750 -30
640 -750 -25
640 -700 -55
640 -700 -50
640 -700 -45
640 -700 -30
640 -700 -25
640 -700 -20
640 -700 -15
640 -650 -50
640 -650 -20
640 -650 -15
640 -600 -45
640 -600 -40
640 -550 -40
690 -800 -60
690 -800 -55
690 -750 -55
690 -750 -45
690 -750 -40
690 -750 -30
690 -750 -25
690 -700 -55
690 -700 -50
690 -700 -45
690 -700 -40
690 -700 -35
690 -700 -30
690 -700 -25
690 -700 -20
690 -650 -50
690 -650 -45
690 -650 -40
690 -650 -35
690 -650 -20
690 -650 -15
690 -600 -45
690 -600 -40
690 -600 -35
690 -600 -10
690 -550 -40
690 -550 -35
690 -500 -40
690 -500 -35
740 -750 -55
740 -750 -50
740 -700 -50
740 -700 -45
740 -700 -40
740 -700 -25
740 -700 -20
740 -650 -50
740 -650 -45
740 -650 -40
740 -650 -35
740 -650 -25
740 -650 -20
740 -650 -15
740 -600 -45
740 -600 -40
740 -600 -35
740 -600 -30
740 -600 -20
740 -600 -15
740 -600 -10
740 -550 -40
740 -550 -35
740 -550 -30
740 -500 -35
740 -500 -30
740 -450 -35
740 -450 -30
740 -450 -10
740 -450 -5
740 -400 0
790 -700 -50
790 -650 -50
790 -650 -45
790 -650 -40
790 -650 -35
790 -650 -20
790 -600 -45
790 -600 -40
790 -600 -35
790 -600 -30
790 -600 -25
790 -600 -20
