-830 -350 -135
-830 -350 -130
-830 -350 -125
-830 -300 -165
-830 -300 -160
-830 -300 -135
-830 -300 -130
-830 -250 -170
-830 -250 -165
-830 -250 -140
-830 -250 -135
-830 -200 -170
-830 -200 -140
-830 -200 -135
-830 -150 -175
-830 -150 -140
-830 500 -180
-830 600 135
-830 650 135
-780 -700 -145
-780 -700 -115
-780 -650 -150
-780 -650 -145
-780 -650 -140
-780 -650 -135
-780 -650 -120
-780 -600 -150
-780 -600 -145
-780 -600 -140
-780 -600 -135
-780 -600 -125
-780 -600 -120
-780 -600 -115
-780 -550 -155
-780 -550 -150
