-630 -850 -135
-630 -800 -135
-630 -800 -130
-630 -800 -125
-630 -800 -120
-630 -800 -110
-630 -800 -105
-630 -750 -140
-630 -750 -135
-630 -750 -130
-630 -750 -125
-630 -750 -120
-630 -750 -115
-630 -700 -140
-630 -700 -135
-630 -700 -130
-630 -700 -125
-630 -700 -100
-630 -650 -145
-630 -650 -140
-630 -650 -135
-630 -650 -130
-630 -650 -105
-630 -600 -145
-630 -600 -140
-630 -600 -135
-630 -600 -105
-630 -550 -145
-630 -550 -110
-630 300 160
-680 -750 -140
-680 -750 -130
-680 -750 -125
-680 -750 -115
-680 -750 -110
-680 -700 -140
-680 -700 -135
-680 -700 -130
-680 -700 -125
-680 -700 -115
-680 -700 -110
-680 -700 -105
-680 -650 -145
-680 -650 -140
-680 -650 -135
-680 -650 -110
-680 -650 -105
-680 -600 -145
-680 -600 -115
-680 -600 -110
-680 -550 -150
-680 -550 -120
-680 -550 -115
-680 -550 -110
-680 -500 -120
-680 -500 -115
-680 -450 -120
-680 250 165
-680 300 160
-680 400 155
-630 -750 -110
-630 -750 -105
-730 -700 -140
-730 -700 -135
-730 -700 -130
-730 -700 -125
-730 -700 -120
-730 -700 -115
-730 -650 -145
-730 -650 -140
-730 -650 -135
-730 -650 -130
-730 -650 -120
-730 -650 -115
-730 -650 -110
-730 -600 -150
-730 -600 -145
-730 -600 -140
-730 -600 -120
-730 -600 -115
-730 -600 -110
-730 -550 -120
-730 -550 -115
-730 -500 -125
-730 -500 -120
-730 -500 -115
-730 -450 -125
-730 -450 -120
-730 -400 -155
-730 -400 -125
-680 -800 -140
-680 -800 -135
-780 -550 -145
-780 -550 -140
-780 -550 -135
-780 -550 -125
-780 -550 -120
-780 -550 -115
-780 -500 -155
-780 -500 -150
-780 -500 -145
-780 -500 -125
-780 -500 -120
-780 -500 -115
-780 -450 -150
-780 -450 -130
-780 -450 -125
-780 -450 -120
-780 -400 -160
-780 -400 -155
-780 -400 -130
-780 -400 -125
-780 -350 -160
-780 -350 -130
-780 -350 -125
-780 -300 -165
-780 -300 -130
-780 -250 -135
-780 700 130
-730 -750 -145
-730 -750 -140
-730 -700 -145
-830 -350 -135
-830 -350 -130
-830 -350 -125
-830 -300 -165
-830 -300 -160
-830 -300 -135
-830 -300 -130
-830 -250 -170
-830 -250 -165
-830 -250 -140
-830 -250 -135
-830 -200 -170
-830 -200 -140
-830 -200 -135
-830 -150 -175
-830 -150 -140
-830 500 -180
-830 600 135
-830 650 135
-780 -700 -145
-780 -700 -115
-780 -650 -150
-780 -650 -145
-780 -650 -140
-780 -650 -135
-780 -650 -120
-780 -600 -150
-780 -600 -145
-780 -600 -140
-780 -600 -135
-780 -600 -125
-780 -600 -120
-780 -600 -115
-780 -550 -155
-780 -550 -150

