0 -1000 -100
0 -1000 -95
0 -1000 -90
0 -1000 -85
0 -1000 -80
0 -1000 -75
0 -1000 -70
0 -950 -100
0 -950 -95
0 -950 -90
0 -950 -85
0 -950 -70
0 -950 -65
0 -950 -60
0 -950 -55
0 -900 -100
0 -900 -95
0 -900 -90
0 -900 -70
0 -900 -65
0 -900 -60
0 -850 -65
0 -850 -60
0 900 80
0 950 80
50 -1000 -95
50 -1000 -90
50 -1000 -85
50 -1000 -80
50 -1000 -70
50 -1000 -65
50 -950 -95
50 -950 -90
50 -950 -85
50 -950 -80
50 -950 -65
50 -950 -60
50 -950 -55
50 -900 -95
50 -900 -90
50 -900 -85
50 -900 -80
50 -900 -65
50 -900 -60
50 -900 -55
50 -850 -60
50 -850 -55
50 1000 80
100 -1000 -90
100 -1000 -85
100 -1000 -80
100 -1000 -75
100 -1000 -70
100 -1000 -65
100 -950 -95
100 -950 -90
100 -950 -85
100 -950 -80
100 -950 -75
100 -950 -65
100 -950 -60
100 -950 -55
100 -950 -50
100 -900 -90
100 -900 -85
100 -900 -80
100 -900 -60
100 -900 -55
100 -900 -50
100 -850 -55
100 950 75
100 1000 75
150 -1000 -90
150 -1000 -85
150 -1000 -80
150 -1000 -75
150 -1000 -65
150 -1000 -60
150 -950 -90
150 -950 -85
150 -950 -80
150 -950 -75
150 -950 -65
150 -950 -60
150 -950 -55
150 -950 -50
150 -950 -45
150 -900 -90
150 -900 -85
150 -900 -80
150 -900 -75
150 -900 -60
150 -900 -55
150 -900 -50
150 -850 -80
150 -850 -55
150 -850 -50
150 900 70
200 -1000 -85
200 -1000 -80
200 -1000 -75
200 -1000 -60
200 -1000 -55
200 -950 -85
200 -950 -80
200 -950 -75
200 -950 -70
200 -950 -60
200 -950 -55
200 -950 -50
200 -900 -85
200 -900 -80
200 -900 -75
200 -900 -55
200 -900 -50
200 -900 -45
200 -850 -80
200 -850 -75
200 -850 -50
200 -850 -45
200 -800 -45
200 -750 -70
