172.704 108.905 -109.028 102.176 44.9739 -179.83
172.704 108.905 -109.028 -77.8238 -44.9739 0.169914
1.29852 -8.51113 -99.7281 -47.0313 105.347 79.3657
1.29852 -8.51113 -99.7281 132.969 -105.347 -100.634
1.29852 -108.239 99.7281 -78.0145 46.1666 168.186
1.29852 -108.239 99.7281 101.985 -46.1666 -11.8144
23.308 -7.38882 -74.8083 134.961 108.425 97.5138
23.308 -7.38882 -74.8083 -45.0389 -108.425 -82.4862
-179.66 107.634 -56.961 129.617 66.191 32.5742
-179.66 107.634 -56.961 -50.3832 -66.191 -147.426

