-970 -300 -145
-970 -200 -150
-970 100 -165
-920 -350 -140
-920 -300 -145
-920 -50 175
-920 50 170
-920 150 165
-920 200 160
-880 -500 -140
-880 -450 -135
-880 -350 -140
-880 -300 -170
-880 -250 -175
-880 -150 -145
-830 -450 -160
-830 -400 -165
-780 -550 -125
-780 -500 -125
-730 -700 -125
-730 -650 -120
-730 -600 -120
-680 -700 -115
-680 -650 -145
-680 -650 -140
-680 -550 -115
-630 -750 -110
-630 -750 -120
-630 -650 -145
-580 -800 -115
-580 -750 -110
-580 -750 -105
-580 -700 -140
-530 -800 -125
-530 -800 -105
-480 -850 -100
-480 -800 -130
-480 -800 -100
-440 -900 -105
-440 800 120
-390 -900 -95
-340 -900 -90
-340 -850 -120
-340 -800 -85
-340 800 110
-290 -900 -90
-240 -950 -85
-240 -900 -115
-240 -900 -110
-240 850 100
-240 900 100
-190 -1000 -85
-190 -950 -80
-190 -900 -110
-190 900 95
-140 -900 -110
-140 -900 -105
-140 -900 -80
-140 900 90
-140 900 95
-90 -1000 -85
-90 -950 -100
-90 -950 -75
-90 -900 -105
-90 900 90
-40 -1000 -75
-40 -950 -95
-40 -900 -100
-40 900 85
0 -1000 -80
0 -950 -95
0 -900 -100
0 -850 -60
0 900 80
50 -950 -90
50 -850 -60
100 -1000 -75
100 -950 -65
150 -950 -60
150 -900 -90
200 -850 -50
250 -950 -65
250 -950 -60
250 -950 -55
250 -900 -85
250 -900 -80
250 -850 -45
250 -800 -45
300 -900 -50
350 -950 -60
350 -900 -70
350 -900 -50
350 -850 -75
350 -850 -45
400 -900 -55
400 -900 -50
400 -750 -35
440 -850 -45
490 -850 -50
490 -850 -40
490 -700 -25
540 -850 -40
540 -800 -35
540 -750 -60
540 -650 -20
590 -750 -55
590 -750 -35
590 -750 -30
640 -750 -30
640 -700 -50
640 -700 -25
690 -700 -35
690 -700 -25
690 -650 -50
690 -650 -20
740 -450 -5
740 -400 0
790 -600 -20
790 -550 -15
790 -350 5
790 -300 10
840 -500 -20
840 -500 -15
840 -500 -10
840 -450 -10
840 -450 -5
840 -200 15
840 -150 20
880 -500 -20
880 -450 -10
880 -400 -25
880 -350 -25
880 -350 0
880 0 25
880 50 30
930 -350 -10
930 -300 0
930 -250 5
930 -200 -15
930 -200 5
930 -150 10
930 -100 15
930 0 20
930 50 25
930 100 30
980 -300 0
980 -200 5
980 -200 10
980 -100 5
980 -100 15
980 0 20
980 100 25
1030 100 25

