-650 350 -80
-600 -450 75
-600 -400 -20
-600 -400 -15
-600 -350 -30
-600 -350 -25
-600 -350 -20
-600 -300 -35
-600 -200 -25
-600 -150 -30
-600 -100 -45
-600 -100 -35
-600 -50 -40
-600 100 -65
-600 100 -55
-600 150 -70
-600 150 -60
-600 200 -75
-600 200 -70
-600 200 -65
-600 250 -80
-600 250 -75
-600 250 -70
-600 250 -65
-600 300 -85
-600 300 -80
-600 300 -75
-600 300 -70
-600 350 -90
-600 350 -85
-600 350 -80
-600 350 -75
-600 400 -85
-600 400 -80
-550 -350 -30
-550 -150 -25
-550 -100 -30
-550 -50 -50
-550 -50 -35
-550 0 -55
-550 0 -40
-550 50 -50
-550 50 -45
-550 100 -50
-550 150 -55
-550 300 -75
-550 350 -75
-450 -550 -5
-450 -550 0
-450 550 -100
-450 550 -95
-400 -600 5
-400 -600 10
-400 -600 95
-400 -550 -5
-400 -550 0
-400 -550 5
-400 -550 10
-400 550 -100
-400 600 -110
-400 600 -105
-350 -600 0
-350 -600 5
-350 -600 10
-350 -600 15
-350 -550 0
-350 -550 5
-350 -550 10
-350 -550 15
-300 -600 0
-300 -600 5
-300 -600 10
-300 -600 15
-300 -600 20
-300 -550 0
-300 -550 5
-300 -550 10
-300 -550 15
-250 -600 5
-250 -600 10
-250 -600 15
-250 -600 20
-250 -600 25
-200 -600 10
-200 -600 15
-200 -600 20
-200 -600 25
-150 -600 20
-150 -600 30
-150 -550 15
-150 -550 35
-100 -600 25
-100 -600 35
-100 -550 20
-100 -550 40
-50 -550 30
-50 -550 40
-50 -550 45
0 -550 35
0 -550 50
50 -600 50
50 -550 40
50 -550 55
100 -600 45
100 -600 55
100 -550 60
150 -600 60
150 -550 65
200 -600 65
250 -550 70
300 -600 55
350 -600 60
350 -600 65
350 -550 60
400 -600 70
400 -600 75
400 -550 65
400 -550 70
400 -550 75
400 -550 80
400 600 -175
400 600 -170
450 -600 165
450 -550 80
450 -550 85
450 550 -180
550 -350 105
550 -300 100
550 -300 105
550 -150 105
550 -150 125
550 -100 110
550 -100 130
550 -50 120
600 -400 -175
600 -400 95
600 -400 100
600 -350 90
600 -350 95
600 -350 100
600 -350 105
600 -300 90
600 -300 95
600 -300 100
600 -300 105
600 -300 110
600 -250 95
600 -250 100
600 -250 105
600 -250 110
600 -250 115
600 -200 100
600 -200 105
600 -200 110
600 -200 115
600 -150 110
600 -150 120
600 -100 115
600 -100 125
600 50 140
600 100 135
600 100 145
600 150 150
600 200 155
600 300 145
600 350 150
600 350 155
600 350 160
600 400 160
600 400 165
