2.49149 -0.0141842 -1.38276 0.162778 -0.707249 0.43011
2.48919 -0.0138203 -1.37954 0.164116 -0.708258 0.430102
2.48689 -0.0134565 -1.37632 0.165454 -0.709268 0.430094
2.48458 -0.0130927 -1.3731 0.166792 -0.710278 0.430086
2.48228 -0.0127289 -1.36988 0.168129 -0.711287 0.430078
2.47998 -0.012365 -1.36666 0.169467 -0.712297 0.430069
2.47767 -0.0120012 -1.36344 0.170805 -0.713307 0.430061
2.47537 -0.0116374 -1.36022 0.172143 -0.714316 0.430053
2.47307 -0.0112736 -1.357 0.173481 -0.715326 0.430045
2.47077 -0.0109097 -1.35378 0.174819 -0.716335 0.430037
2.46846 -0.0105459 -1.35056 0.176157 -0.717345 0.430028
2.46616 -0.0101821 -1.34734 0.177495 -0.718355 0.43002
2.46386 -0.00981828 -1.34412 0.178833 -0.719364 0.430012
2.46156 -0.00945445 -1.3409 0.180171 -0.720374 0.430004
2.45925 -0.00909063 -1.33768 0.181509 -0.721384 0.429996
2.45695 -0.0087268 -1.33446 0.182847 -0.722393 0.429988
2.45465 -0.00836298 -1.33125 0.184185 -0.723403 0.429979
2.45235 -0.00799916 -1.32803 0.185523 -0.724413 0.429971
2.45004 -0.00763533 -1.32481 0.186861 -0.725422 0.429963
2.44774 -0.00727151 -1.32159 0.188199 -0.726432 0.429955
2.44544 -0.00690769 -1.31837 0.189537 -0.727442 0.429947
2.44313 -0.00654386 -1.31515 0.190875 -0.728451 0.429938
2.44083 -0.00618004 -1.31193 0.192213 -0.729461 0.42993
2.43853 -0.00581622 -1.30871 0.193551 -0.73047 0.429922
2.43623 -0.00545239 -1.30549 0.194889 -0.73148 0.429914
2.43392 -0.00508857 -1.30227 0.196226 -0.73249 0.429906
2.43162 -0.00472474 -1.29905 0.197564 -0.733499 0.429897
2.42932 -0.00436092 -1.29583 0.198902 -0.734509 0.429889
2.42702 -0.0039971 -1.29261 0.20024 -0.735519 0.429881
2.42471 -0.00363327 -1.28939 0.201578 -0.736528 0.429873
2.42241 -0.00326945 -1.28617 0.202916 -0.737538 0.429865
2.42011 -0.00290563 -1.28295 0.204254 -0.738548 0.429856
2.41781 -0.0025418 -1.27973 0.205592 -0.739557 0.429848
2.4155 -0.00217798 -1.27651 0.20693 -0.740567 0.42984
2.4132 -0.00181415 -1.27329 0.208268 -0.741576 0.429832
2.4109 -0.00145033 -1.27007 0.209606 -0.742586 0.429824
2.40859 -0.00108651 -1.26685 0.210944 -0.743596 0.429816
2.40629 -0.000722684 -1.26363 0.212282 -0.744605 0.429807
2.40399 -0.00035886 -1.26041 0.21362 -0.745615 0.429799
2.40169 4.9636e-06 -1.25719 0.214958 -0.746625 0.429791
2.39938 0.000368787 -1.25398 0.216296 -0.747634 0.429783
2.39708 0.000732611 -1.25076 0.217634 -0.748644 0.429775
2.39478 0.00109643 -1.24754 0.218972 -0.749654 0.429766
2.39248 0.00146026 -1.24432 0.22031 -0.750663 0.429758
2.39017 0.00182408 -1.2411 0.221648 -0.751673 0.42975
2.38787 0.00218791 -1.23788 0.222986 -0.752682 0.429742
2.38557 0.00255173 -1.23466 0.224323 -0.753692 0.429734
2.38326 0.00291555 -1.23144 0.225661 -0.754702 0.429725
2.38096 0.00327938 -1.22822 0.226999 -0.755711 0.429717
2.37866 0.0036432 -1.225 0.228337 -0.756721 0.429709
2.37636 0.00400702 -1.22178 0.229675 -0.757731 0.429701
2.37405 0.00437085 -1.21856 0.231013 -0.75874 0.429693
2.37175 0.00473467 -1.21534 0.232351 -0.75975 0.429685
2.36945 0.0050985 -1.21212 0.233689 -0.76076 0.429676
2.36715 0.00546232 -1.2089 0.235027 -0.761769 0.429668
2.36484 0.00582614 -1.20568 0.236365 -0.762779 0.42966
2.36254 0.00618997 -1.20246 0.237703 -0.763789 0.429652
2.36024 0.00655379 -1.19924 0.239041 -0.764798 0.429644
2.35794 0.00691761 -1.19602 0.240379 -0.765808 0.429635
2.35563 0.00728144 -1.1928 0.241717 -0.766817 0.429627
2.35333 0.00764526 -1.18958 0.243055 -0.767827 0.429619
2.35103 0.00800908 -1.18636 0.244393 -0.768837 0.429611
2.34872 0.00837291 -1.18314 0.245731 -0.769846 0.429603
2.34642 0.00873673 -1.17992 0.247069 -0.770856 0.429594
2.34412 0.00910056 -1.17671 0.248407 -0.771866 0.429586
2.34182 0.00946438 -1.17349 0.249745 -0.772875 0.429578
2.33951 0.0098282 -1.17027 0.251083 -0.773885 0.42957
2.33721 0.010192 -1.16705 0.25242 -0.774895 0.429562
2.33491 0.0105559 -1.16383 0.253758 -0.775904 0.429553
2.33261 0.0109197 -1.16061 0.255096 -0.776914 0.429545
2.3303 0.0112835 -1.15739 0.256434 -0.777923 0.429537
2.328 0.0116473 -1.15417 0.257772 -0.778933 0.429529
2.3257 0.0120111 -1.15095 0.25911 -0.779943 0.429521
2.3234 0.012375 -1.14773 0.260448 -0.780952 0.429513
2.32109 0.0127388 -1.14451 0.261786 -0.781962 0.429504
2.31879 0.0131026 -1.14129 0.263124 -0.782972 0.429496
2.31649 0.0134664 -1.13807 0.264462 -0.783981 0.429488
2.31418 0.0138303 -1.13485 0.2658 -0.784991 0.42948
2.31188 0.0141941 -1.13163 0.267138 -0.786001 0.429472
2.30958 0.0145579 -1.12841 0.268476 -0.78701 0.429463
2.30728 0.0149217 -1.12519 0.269814 -0.78802 0.429455
2.30497 0.0152856 -1.12197 0.271152 -0.789029 0.429447
2.30267 0.0156494 -1.11875 0.27249 -0.790039 0.429439
2.30037 0.0160132 -1.11553 0.273828 -0.791049 0.429431
2.29807 0.016377 -1.11231 0.275166 -0.792058 0.429422
2.29576 0.0167409 -1.10909 0.276504 -0.793068 0.429414
2.29346 0.0171047 -1.10587 0.277842 -0.794078 0.429406
2.29116 0.0174685 -1.10265 0.27918 -0.795087 0.429398
2.28885 0.0178323 -1.09944 0.280518 -0.796097 0.42939
2.28655 0.0181961 -1.09622 0.281855 -0.797107 0.429382
2.28425 0.01856 -1.093 0.283193 -0.798116 0.429373
2.28195 0.0189238 -1.08978 0.284531 -0.799126 0.429365
2.27964 0.0192876 -1.08656 0.285869 -0.800136 0.429357
2.27734 0.0196514 -1.08334 0.287207 -0.801145 0.429349
2.27504 0.0200153 -1.08012 0.288545 -0.802155 0.429341
2.27274 0.0203791 -1.0769 0.289883 -0.803164 0.429332
2.27043 0.0207429 -1.07368 0.291221 -0.804174 0.429324
2.26813 0.0211067 -1.07046 0.292559 -0.805184 0.429316
2.26583 0.0214706 -1.06724 0.293897 -0.806193 0.429308
2.26353 0.0218344 -1.06402 0.295235 -0.807203 0.4293
2.26122 0.0221982 -1.0608 0.296573 -0.808213 0.429291
2.25892 0.022562 -1.05758 0.297911 -0.809222 0.429283
2.25662 0.0229259 -1.05436 0.299249 -0.810232 0.429275
2.25431 0.0232897 -1.05114 0.300587 -0.811242 0.429267
2.25201 0.0236535 -1.04792 0.301925 -0.812251 0.429259
2.24971 0.0240173 -1.0447 0.303263 -0.813261 0.42925
2.24741 0.0243812 -1.04148 0.304601 -0.81427 0.429242
2.2451 0.024745 -1.03826 0.305939 -0.81528 0.429234
2.2428 0.0251088 -1.03504 0.307277 -0.81629 0.429226
2.2405 0.0254726 -1.03182 0.308615 -0.817299 0.429218
2.2382 0.0258364 -1.0286 0.309952 -0.818309 0.42921
2.23589 0.0262003 -1.02539 0.31129 -0.819319 0.429201
2.23359 0.0265641 -1.02217 0.312628 -0.820328 0.429193
2.23129 0.0269279 -1.01895 0.313966 -0.821338 0.429185
2.22899 0.0272917 -1.01573 0.315304 -0.822348 0.429177
2.22668 0.0276556 -1.01251 0.316642 -0.823357 0.429169
2.22438 0.0280194 -1.00929 0.31798 -0.824367 0.42916
2.22208 0.0283832 -1.00607 0.319318 -0.825376 0.429152
2.21977 0.028747 -1.00285 0.320656 -0.826386 0.429144
2.21747 0.0291109 -0.999628 0.321994 -0.827396 0.429136
2.21517 0.0294747 -0.996409 0.323332 -0.828405 0.429128
2.21287 0.0298385 -0.993189 0.32467 -0.829415 0.429119
2.21056 0.0302023 -0.98997 0.326008 -0.830425 0.429111
2.20826 0.0305662 -0.98675 0.327346 -0.831434 0.429103
2.20596 0.03093 -0.983531 0.328684 -0.832444 0.429095
2.20366 0.0312938 -0.980311 0.330022 -0.833454 0.429087
2.20135 0.0316576 -0.977091 0.33136 -0.834463 0.429079
2.19905 0.0320214 -0.973872 0.332698 -0.835473 0.42907
2.19675 0.0323853 -0.970652 0.334036 -0.836483 0.429062
2.19445 0.0327491 -0.967433 0.335374 -0.837492 0.429054
2.19214 0.0331129 -0.964213 0.336712 -0.838502 0.429046
2.18984 0.0334767 -0.960994 0.338049 -0.839511 0.429038
2.18754 0.0338406 -0.957774 0.339387 -0.840521 0.429029
2.18523 0.0342044 -0.954554 0.340725 -0.841531 0.429021
2.18293 0.0345682 -0.951335 0.342063 -0.84254 0.429013
2.18063 0.034932 -0.948115 0.343401 -0.84355 0.429005
2.17833 0.0352959 -0.944896 0.344739 -0.84456 0.428997
2.17602 0.0356597 -0.941676 0.346077 -0.845569 0.428988
2.17372 0.0360235 -0.938456 0.347415 -0.846579 0.42898
2.17142 0.0363873 -0.935237 0.348753 -0.847589 0.428972
2.16912 0.0367512 -0.932017 0.350091 -0.848598 0.428964
2.16681 0.037115 -0.928798 0.351429 -0.849608 0.428956
2.16451 0.0374788 -0.925578 0.352767 -0.850617 0.428947
2.16221 0.0378426 -0.922359 0.354105 -0.851627 0.428939
2.1599 0.0382065 -0.919139 0.355443 -0.852637 0.428931
2.1576 0.0385703 -0.915919 0.356781 -0.853646 0.428923
2.1553 0.0389341 -0.9127 0.358119 -0.854656 0.428915
2.153 0.0392979 -0.90948 0.359457 -0.855666 0.428907
2.15069 0.0396617 -0.906261 0.360795 -0.856675 0.428898
2.14839 0.0400256 -0.903041 0.362133 -0.857685 0.42889
2.14609 0.0403894 -0.899822 0.363471 -0.858695 0.428882
2.14379 0.0407532 -0.896602 0.364809 -0.859704 0.428874
2.14148 0.041117 -0.893382 0.366146 -0.860714 0.428866
2.13918 0.0414809 -0.890163 0.367484 -0.861723 0.428857
2.13688 0.0418447 -0.886943 0.368822 -0.862733 0.428849
2.13458 0.0422085 -0.883724 0.37016 -0.863743 0.428841
2.13227 0.0425723 -0.880504 0.371498 -0.864752 0.428833
2.12997 0.0429362 -0.877285 0.372836 -0.865762 0.428825
2.12767 0.0433 -0.874065 0.374174 -0.866772 0.428816
2.12536 0.0436638 -0.870845 0.375512 -0.867781 0.428808
2.12306 0.0440276 -0.867626 0.37685 -0.868791 0.4288
2.12076 0.0443915 -0.864406 0.378188 -0.869801 0.428792
2.11846 0.0447553 -0.861187 0.379526 -0.87081 0.428784
2.11615 0.0451191 -0.857967 0.380864 -0.87182 0.428776
2.11385 0.0454829 -0.854747 0.382202 -0.87283 0.428767
2.11155 0.0458467 -0.851528 0.38354 -0.873839 0.428759
2.10925 0.0462106 -0.848308 0.384878 -0.874849 0.428751
2.10694 0.0465744 -0.845089 0.386216 -0.875858 0.428743
2.10464 0.0469382 -0.841869 0.387554 -0.876868 0.428735
2.10234 0.047302 -0.83865 0.388892 -0.877878 0.428726
2.10004 0.0476659 -0.83543 0.39023 -0.878887 0.428718
2.09773 0.0480297 -0.83221 0.391568 -0.879897 0.42871
2.09543 0.0483935 -0.828991 0.392906 -0.880907 0.428702
2.09313 0.0487573 -0.825771 0.394244 -0.881916 0.428694
2.09082 0.0491212 -0.822552 0.395581 -0.882926 0.428685
2.08852 0.049485 -0.819332 0.396919 -0.883936 0.428677
2.08622 0.0498488 -0.816113 0.398257 -0.884945 0.428669
2.08392 0.0502126 -0.812893 0.399595 -0.885955 0.428661
2.08161 0.0505765 -0.809673 0.400933 -0.886964 0.428653
2.07931 0.0509403 -0.806454 0.402271 -0.887974 0.428644
2.07701 0.0513041 -0.803234 0.403609 -0.888984 0.428636
2.07471 0.0516679 -0.800015 0.404947 -0.889993 0.428628
2.0724 0.0520318 -0.796795 0.406285 -0.891003 0.42862
2.0701 0.0523956 -0.793575 0.407623 -0.892013 0.428612
2.0678 0.0527594 -0.790356 0.408961 -0.893022 0.428604
2.0655 0.0531232 -0.787136 0.410299 -0.894032 0.428595
2.06319 0.053487 -0.783917 0.411637 -0.895042 0.428587
2.06089 0.0538509 -0.780697 0.412975 -0.896051 0.428579
2.05859 0.0542147 -0.777478 0.414313 -0.897061 0.428571
2.05628 0.0545785 -0.774258 0.415651 -0.89807 0.428563
2.05398 0.0549423 -0.771038 0.416989 -0.89908 0.428554
2.05168 0.0553062 -0.767819 0.418327 -0.90009 0.428546
2.04938 0.05567 -0.764599 0.419665 -0.901099 0.428538
2.04707 0.0560338 -0.76138 0.421003 -0.902109 0.42853
2.04477 0.0563976 -0.75816 0.422341 -0.903119 0.428522
2.04247 0.0567615 -0.754941 0.423678 -0.904128 0.428513
2.04017 0.0571253 -0.751721 0.425016 -0.905138 0.428505
2.03786 0.0574891 -0.748501 0.426354 -0.906148 0.428497
2.03556 0.0578529 -0.745282 0.427692 -0.907157 0.428489
2.03326 0.0582168 -0.742062 0.42903 -0.908167 0.428481
2.03095 0.0585806 -0.738843 0.430368 -0.909177 0.428473
2.02865 0.0589444 -0.735623 0.431706 -0.910186 0.428464
2.02635 0.0593082 -0.732403 0.433044 -0.911196 0.428456
2.02405 0.059672 -0.729184 0.434382 -0.912205 0.428448
2.02174 0.0600359 -0.725964 0.43572 -0.913215 0.42844
2.01944 0.0603997 -0.722745 0.437058 -0.914225 0.428432
2.01714 0.0607635 -0.719525 0.438396 -0.915234 0.428423
2.01484 0.0611273 -0.716306 0.439734 -0.916244 0.428415
2.01253 0.0614912 -0.713086 0.441072 -0.917254 0.428407
2.01023 0.061855 -0.709866 0.44241 -0.918263 0.428399
2.00793 0.0622188 -0.706647 0.443748 -0.919273 0.428391
2.00563 0.0625826 -0.703427 0.445086 -0.920283 0.428382
2.00332 0.0629465 -0.700208 0.446424 -0.921292 0.428374
2.00102 0.0633103 -0.696988 0.447762 -0.922302 0.428366
1.99872 0.0636741 -0.693769 0.4491 -0.923311 0.428358
1.99641 0.0640379 -0.690549 0.450438 -0.924321 0.42835
1.99411 0.0644018 -0.687329 0.451775 -0.925331 0.428341
1.99181 0.0647656 -0.68411 0.453113 -0.92634 0.428333
1.98951 0.0651294 -0.68089 0.454451 -0.92735 0.428325
1.9872 0.0654932 -0.677671 0.455789 -0.92836 0.428317
1.9849 0.0658571 -0.674451 0.457127 -0.929369 0.428309
1.9826 0.0662209 -0.671231 0.458465 -0.930379 0.428301
1.9803 0.0665847 -0.668012 0.459803 -0.931389 0.428292
1.97799 0.0669485 -0.664792 0.461141 -0.932398 0.428284
1.97569 0.0673123 -0.661573 0.462479 -0.933408 0.428276
1.97339 0.0676762 -0.658353 0.463817 -0.934417 0.428268
1.97109 0.06804 -0.655134 0.465155 -0.935427 0.42826
1.96878 0.0684038 -0.651914 0.466493 -0.936437 0.428251
1.96648 0.0687676 -0.648694 0.467831 -0.937446 0.428243
1.96418 0.0691315 -0.645475 0.469169 -0.938456 0.428235
1.96187 0.0694953 -0.642255 0.470507 -0.939466 0.428227
1.95957 0.0698591 -0.639036 0.471845 -0.940475 0.428219
1.95727 0.0702229 -0.635816 0.473183 -0.941485 0.42821
1.95497 0.0705868 -0.632597 0.474521 -0.942495 0.428202
1.95266 0.0709506 -0.629377 0.475859 -0.943504 0.428194
1.95036 0.0713144 -0.626157 0.477197 -0.944514 0.428186
1.94806 0.0716782 -0.622938 0.478535 -0.945524 0.428178
1.94576 0.0720421 -0.619718 0.479872 -0.946533 0.42817
1.94345 0.0724059 -0.616499 0.48121 -0.947543 0.428161
1.94115 0.0727697 -0.613279 0.482548 -0.948552 0.428153
1.93885 0.0731335 -0.61006 0.483886 -0.949562 0.428145
1.93655 0.0734973 -0.60684 0.485224 -0.950572 0.428137
1.93424 0.0738612 -0.60362 0.486562 -0.951581 0.428129
1.93194 0.074225 -0.600401 0.4879 -0.952591 0.42812
1.92964 0.0745888 -0.597181 0.489238 -0.953601 0.428112
1.92733 0.0749526 -0.593962 0.490576 -0.95461 0.428104
1.92503 0.0753165 -0.590742 0.491914 -0.95562 0.428096
1.92273 0.0756803 -0.587522 0.493252 -0.95663 0.428088
1.92043 0.0760441 -0.584303 0.49459 -0.957639 0.428079
1.91812 0.0764079 -0.581083 0.495928 -0.958649 0.428071
1.91582 0.0767718 -0.577864 0.497266 -0.959658 0.428063
1.91352 0.0771356 -0.574644 0.498604 -0.960668 0.428055
1.91122 0.0774994 -0.571425 0.499942 -0.961678 0.428047
1.90891 0.0778632 -0.568205 0.50128 -0.962687 0.428038
1.90661 0.0782271 -0.564985 0.502618 -0.963697 0.42803
1.90431 0.0785909 -0.561766 0.503956 -0.964707 0.428022
1.902 0.0789547 -0.558546 0.505294 -0.965716 0.428014
1.8997 0.0793185 -0.555327 0.506632 -0.966726 0.428006
1.8974 0.0796824 -0.552107 0.50797 -0.967736 0.427998
1.8951 0.0800462 -0.548888 0.509307 -0.968745 0.427989
1.89279 0.08041 -0.545668 0.510645 -0.969755 0.427981
1.89049 0.0807738 -0.542448 0.511983 -0.970764 0.427973
1.88819 0.0811376 -0.539229 0.513321 -0.971774 0.427965
1.88589 0.0815015 -0.536009 0.514659 -0.972784 0.427957
1.88358 0.0818653 -0.53279 0.515997 -0.973793 0.427948
1.88128 0.0822291 -0.52957 0.517335 -0.974803 0.42794
1.87898 0.0825929 -0.52635 0.518673 -0.975813 0.427932
1.87668 0.0829568 -0.523131 0.520011 -0.976822 0.427924
1.87437 0.0833206 -0.519911 0.521349 -0.977832 0.427916
1.87207 0.0836844 -0.516692 0.522687 -0.978842 0.427907
1.86977 0.0840482 -0.513472 0.524025 -0.979851 0.427899
1.86746 0.0844121 -0.510253 0.525363 -0.980861 0.427891
1.86516 0.0847759 -0.507033 0.526701 -0.981871 0.427883
1.86286 0.0851397 -0.503813 0.528039 -0.98288 0.427875
1.86056 0.0855035 -0.500594 0.529377 -0.98389 0.427867
1.85825 0.0858674 -0.497374 0.530715 -0.984899 0.427858
1.85595 0.0862312 -0.494155 0.532053 -0.985909 0.42785
1.85365 0.086595 -0.490935 0.533391 -0.986919 0.427842
1.85135 0.0869588 -0.487716 0.534729 -0.987928 0.427834
1.84904 0.0873226 -0.484496 0.536067 -0.988938 0.427826
1.84674 0.0876865 -0.481276 0.537404 -0.989948 0.427817
1.84444 0.0880503 -0.478057 0.538742 -0.990957 0.427809
1.84214 0.0884141 -0.474837 0.54008 -0.991967 0.427801
1.83983 0.0887779 -0.471618 0.541418 -0.992977 0.427793
1.83753 0.0891418 -0.468398 0.542756 -0.993986 0.427785
1.83523 0.0895056 -0.465178 0.544094 -0.994996 0.427776
1.83292 0.0898694 -0.461959 0.545432 -0.996005 0.427768
1.83062 0.0902332 -0.458739 0.54677 -0.997015 0.42776
1.82832 0.0905971 -0.45552 0.548108 -0.998025 0.427752
1.82602 0.0909609 -0.4523 0.549446 -0.999034 0.427744
1.82371 0.0913247 -0.449081 0.550784 -1.00004 0.427736
1.82141 0.0916885 -0.445861 0.552122 -1.00105 0.427727
1.81911 0.0920523 -0.442642 0.55346 -1.00206 0.427719
1.81681 0.092416 -0.439423 0.554797 -1.00307 0.427711
1.8145 0.0927797 -0.436204 0.556135 -1.00408 0.427703
1.8122 0.0931432 -0.432986 0.557473 -1.00509 0.427695
1.8099 0.0935067 -0.429768 0.55881 -1.0061 0.427686
1.8076 0.0938702 -0.42655 0.560147 -1.00711 0.427678
1.8053 0.0942334 -0.423334 0.561484 -1.00812 0.42767
1.803 0.0945966 -0.420118 0.562821 -1.00913 0.427662
1.8007 0.0949598 -0.416902 0.564157 -1.01013 0.427654
1.7984 0.0953226 -0.413688 0.565493 -1.01114 0.427645
1.7961 0.0956854 -0.410474 0.566829 -1.01215 0.427637
1.7938 0.0960482 -0.40726 0.568165 -1.01316 0.427629
1.7915 0.0964105 -0.404049 0.5695 -1.01416 0.427621
1.78921 0.0967727 -0.400838 0.570834 -1.01517 0.427613
1.78691 0.097135 -0.397627 0.572169 -1.01617 0.427604
1.78461 0.0974967 -0.39442 0.573503 -1.01718 0.427596
1.78232 0.0978583 -0.391212 0.574836 -1.01818 0.427588
1.78002 0.09822 -0.388004 0.57617 -1.01919 0.42758
1.77773 0.0985809 -0.384801 0.577502 -1.02019 0.427572
1.77544 0.0989418 -0.381597 0.578834 -1.0212 0.427563
1.77314 0.0993027 -0.378394 0.580166 -1.0222 0.427555
1.77085 0.0996628 -0.375195 0.581497 -1.0232 0.427547
1.76856 0.100023 -0.371996 0.582827 -1.0242 0.427539
1.76627 0.100383 -0.368797 0.584157 -1.0252 0.427531
1.76399 0.100742 -0.365603 0.585486 -1.0262 0.427522
1.7617 0.101101 -0.362409 0.586814 -1.0272 0.427514
1.75941 0.10146 -0.359215 0.588143 -1.0282 0.427506
1.75713 0.101819 -0.356027 0.589469 -1.0292 0.427498
1.75485 0.102177 -0.352838 0.590796 -1.0302 0.42749
1.75256 0.102535 -0.34965 0.592122 -1.03119 0.427481
1.75028 0.102892 -0.346468 0.593446 -1.03219 0.427473
1.748 0.103249 -0.343286 0.594771 -1.03318 0.427465
1.74572 0.103606 -0.340104 0.596095 -1.03418 0.427457
1.74345 0.103962 -0.336929 0.597416 -1.03517 0.427448
1.74117 0.104317 -0.333754 0.598738 -1.03616 0.42744
1.7389 0.104673 -0.330579 0.600059 -1.03715 0.427432
1.73663 0.105027 -0.327412 0.601378 -1.03814 0.427424
1.73436 0.105382 -0.324244 0.602697 -1.03913 0.427415
1.73209 0.105736 -0.321076 0.604016 -1.04012 0.427407
1.72982 0.106089 -0.317917 0.605332 -1.04111 0.427399
1.72755 0.106442 -0.314757 0.606648 -1.04209 0.427391
1.72529 0.106795 -0.311597 0.607964 -1.04308 0.427383
1.72303 0.107146 -0.308446 0.609277 -1.04406 0.427374
1.72077 0.107498 -0.305295 0.61059 -1.04504 0.427366
1.71851 0.107849 -0.302144 0.611902 -1.04602 0.427358
1.71625 0.108199 -0.299002 0.613212 -1.047 0.427349
1.714 0.108549 -0.29586 0.614521 -1.04798 0.427341
1.71174 0.108898 -0.292718 0.615831 -1.04896 0.427333
1.70949 0.109246 -0.289586 0.617137 -1.04994 0.427325
1.70724 0.109594 -0.286453 0.618443 -1.05091 0.427316
1.70499 0.109942 -0.283321 0.619748 -1.05188 0.427308
1.70275 0.110288 -0.280199 0.621051 -1.05286 0.4273
1.70051 0.110635 -0.277077 0.622353 -1.05383 0.427292
1.69827 0.110981 -0.273955 0.623655 -1.0548 0.427283
1.69603 0.111325 -0.270844 0.624953 -1.05576 0.427275
1.69379 0.111669 -0.267733 0.626251 -1.05673 0.427267
1.69156 0.112013 -0.264621 0.627549 -1.0577 0.427258
1.68933 0.112355 -0.261522 0.628843 -1.05866 0.42725
1.6871 0.112697 -0.258422 0.630137 -1.05962 0.427242
1.68487 0.113039 -0.255322 0.631431 -1.06058 0.427234
1.68265 0.113379 -0.252234 0.632721 -1.06154 0.427225
1.68043 0.113719 -0.249147 0.63401 -1.0625 0.427217
1.6782 0.114059 -0.246059 0.6353 -1.06345 0.427209
1.67599 0.114397 -0.242984 0.636585 -1.06441 0.4272
1.67378 0.114734 -0.239908 0.63787 -1.06536 0.427192
1.67156 0.115072 -0.236833 0.639155 -1.06631 0.427184
1.66936 0.115407 -0.233771 0.640435 -1.06726 0.427175
1.66715 0.115742 -0.230709 0.641715 -1.0682 0.427167
1.66495 0.116077 -0.227647 0.642995 -1.06915 0.427159
1.66275 0.11641 -0.224598 0.64427 -1.07009 0.42715
1.66055 0.116743 -0.22155 0.645545 -1.07103 0.427142
1.65835 0.117076 -0.218501 0.64682 -1.07198 0.427134
1.65616 0.117406 -0.215467 0.64809 -1.07291 0.427125
1.65398 0.117736 -0.212433 0.64936 -1.07385 0.427117
1.65179 0.118066 -0.209399 0.65063 -1.07478 0.427109
1.64961 0.118394 -0.20638 0.651894 -1.07571 0.4271
1.64743 0.118721 -0.20336 0.653159 -1.07664 0.427092
1.64525 0.119048 -0.200341 0.654423 -1.07757 0.427083
1.64308 0.119373 -0.197337 0.655682 -1.0785 0.427075
1.64091 0.119698 -0.194333 0.656941 -1.07942 0.427067
1.63874 0.120022 -0.191329 0.658199 -1.08034 0.427058
1.63658 0.120344 -0.188341 0.659452 -1.08126 0.42705
1.63442 0.120666 -0.185353 0.660705 -1.08218 0.427042
1.63226 0.120988 -0.182365 0.661958 -1.0831 0.427033
1.63011 0.121306 -0.179394 0.663205 -1.08401 0.427025
1.62796 0.121625 -0.176423 0.664452 -1.08492 0.427016
1.62581 0.121944 -0.173451 0.665698 -1.08583 0.427008
1.62367 0.12226 -0.170497 0.666939 -1.08673 0.426999
1.62153 0.122575 -0.167543 0.668179 -1.08764 0.426991
1.61939 0.122891 -0.164588 0.66942 -1.08854 0.426983
1.61726 0.123203 -0.161652 0.670654 -1.08944 0.426974
1.61513 0.123516 -0.158715 0.671888 -1.09034 0.426966
1.613 0.123828 -0.155778 0.673122 -1.09123 0.426957
1.61088 0.124137 -0.15286 0.674349 -1.09212 0.426949
1.60877 0.124446 -0.149942 0.675577 -1.09301 0.42694
1.60665 0.124756 -0.147023 0.676804 -1.0939 0.426932
1.60454 0.125061 -0.144123 0.678025 -1.09478 0.426923
1.60243 0.125367 -0.141222 0.679246 -1.09567 0.426915
1.60033 0.125673 -0.138321 0.680466 -1.09655 0.426906
1.59823 0.125976 -0.135438 0.681681 -1.09743 0.426898
1.59614 0.126279 -0.132554 0.682896 -1.0983 0.426889
1.59404 0.126582 -0.129671 0.68411 -1.09918 0.426881
1.59195 0.126881 -0.126804 0.685319 -1.10005 0.426872
1.58987 0.127181 -0.123937 0.686527 -1.10092 0.426864
1.58778 0.127481 -0.12107 0.687735 -1.10178 0.426855
1.5857 0.127778 -0.118219 0.688938 -1.10265 0.426847
1.58363 0.128075 -0.115368 0.690141 -1.10351 0.426838
1.58155 0.128372 -0.112517 0.691343 -1.10437 0.42683
1.57949 0.128666 -0.109681 0.69254 -1.10523 0.426821
1.57742 0.12896 -0.106846 0.693737 -1.10609 0.426813
1.57535 0.129254 -0.10401 0.694934 -1.10694 0.426804
1.57329 0.129545 -0.101189 0.696126 -1.10779 0.426796
1.57124 0.129837 -0.0983683 0.697317 -1.10865 0.426787
1.56918 0.130128 -0.0955476 0.698509 -1.1095 0.426779
1.56713 0.130417 -0.092741 0.699695 -1.11034 0.42677
1.56508 0.130706 -0.0899345 0.700881 -1.11119 0.426761
1.56303 0.130995 -0.087128 0.702067 -1.11203 0.426753
1.56099 0.131281 -0.0843352 0.703249 -1.11287 0.426744
1.55895 0.131567 -0.0815423 0.70443 -1.11371 0.426736
1.55691 0.131854 -0.0787495 0.705611 -1.11455 0.426727
1.55488 0.132138 -0.0759698 0.706787 -1.11539 0.426719
1.55285 0.132422 -0.0731901 0.707964 -1.11622 0.42671
1.55081 0.132705 -0.0704104 0.70914 -1.11705 0.426701
1.54879 0.132987 -0.0676432 0.710312 -1.11788 0.426693
1.54677 0.133269 -0.0648761 0.711484 -1.11871 0.426684
1.54474 0.13355 -0.0621089 0.712656 -1.11954 0.426676
1.54272 0.13383 -0.0593537 0.713823 -1.12037 0.426667
1.54071 0.134109 -0.0565985 0.71499 -1.12119 0.426658
1.53869 0.134389 -0.0538434 0.716158 -1.12202 0.42665
1.53668 0.134666 -0.0510996 0.717321 -1.12284 0.426641
1.53467 0.134944 -0.0483558 0.718484 -1.12366 0.426633
1.53266 0.135221 -0.0456121 0.719647 -1.12448 0.426624
1.53065 0.135497 -0.0428791 0.720807 -1.12529 0.426615
1.52865 0.135772 -0.0401462 0.721966 -1.12611 0.426607
1.52665 0.136047 -0.0374133 0.723125 -1.12693 0.426598
1.52465 0.136321 -0.0346906 0.724281 -1.12774 0.426589
1.52265 0.136595 -0.031968 0.725436 -1.12855 0.426581
1.52066 0.136868 -0.0292453 0.726592 -1.12936 0.426572
1.51767 0.137276 -0.0251759 0.728319 -1.13057 0.426559
1.51468 0.137684 -0.0211064 0.730047 -1.13178 0.426546
1.5117 0.138089 -0.0170507 0.73177 -1.13299 0.426533
1.50872 0.138494 -0.012995 0.733493 -1.1342 0.42652
1.50575 0.138897 -0.00895204 0.735211 -1.1354 0.426507
1.50278 0.1393 -0.00490913 0.736929 -1.1366 0.426494
1.49982 0.139701 -0.000878207 0.738643 -1.1378 0.426481
1.49686 0.140101 0.00315272 0.740356 -1.13899 0.426468
1.4939 0.1405 0.00717252 0.742066 -1.14019 0.426455
1.49094 0.140899 0.0111923 0.743776 -1.14138 0.426442
1.48799 0.141296 0.0152019 0.745481 -1.14257 0.426429
1.48504 0.141693 0.0192114 0.747187 -1.14375 0.426416
1.4821 0.142088 0.0232115 0.74889 -1.14494 0.426403
1.47915 0.142483 0.0272116 0.750592 -1.14612 0.42639
1.47621 0.142876 0.0312032 0.752291 -1.1473 0.426377
1.47328 0.14327 0.0351948 0.753991 -1.14848 0.426364
1.47034 0.143662 0.0391786 0.755687 -1.14966 0.426351
1.46741 0.144054 0.0431625 0.757383 -1.15084 0.426338
1.46448 0.144445 0.0471395 0.759077 -1.15202 0.426325
1.46155 0.144836 0.0511165 0.760771 -1.15319 0.426312
1.45862 0.145226 0.0550875 0.762463 -1.15436 0.426299
1.45569 0.145616 0.0590585 0.764155 -1.15554 0.426286
1.45277 0.146005 0.0630244 0.765844 -1.15671 0.426273
1.44985 0.146394 0.0669903 0.767534 -1.15788 0.42626
1.44693 0.146782 0.0709519 0.769222 -1.15905 0.426246
1.444 0.14717 0.0749135 0.770911 -1.16022 0.426233
1.44109 0.147558 0.0788717 0.772598 -1.16138 0.42622
1.43817 0.147945 0.0828299 0.774285 -1.16255 0.426207
1.43525 0.148332 0.0867855 0.775971 -1.16372 0.426194
1.43233 0.148719 0.0907412 0.777657 -1.16488 0.426181
1.42942 0.149106 0.0946951 0.779342 -1.16605 0.426168
1.4265 0.149493 0.098649 0.781027 -1.16722 0.426155
1.42359 0.149879 0.102602 0.782713 -1.16838 0.426142
1.42067 0.150266 0.106555 0.784398 -1.16955 0.426129
1.41775 0.150652 0.110508 0.786083 -1.17071 0.426116
1.41484 0.151039 0.114461 0.787768 -1.17188 0.426103
1.41192 0.151426 0.118414 0.789453 -1.17304 0.42609
1.40901 0.151812 0.122366 0.791138 -1.17421 0.426076
1.40609 0.152198 0.126318 0.792822 -1.17537 0.426063
1.40318 0.152585 0.13027 0.794507 -1.17654 0.42605
1.40027 0.152971 0.13422 0.796191 -1.1777 0.426037
1.39735 0.153357 0.138171 0.797875 -1.17887 0.426024
1.39444 0.153743 0.14212 0.799559 -1.18003 0.426011
1.39153 0.154129 0.146068 0.801242 -1.1812 0.425998
1.38861 0.154514 0.150015 0.802925 -1.18236 0.425985
1.3857 0.1549 0.153962 0.804608 -1.18352 0.425972
1.38279 0.155284 0.157906 0.80629 -1.18468 0.425959
1.37988 0.155669 0.16185 0.807971 -1.18585 0.425946
1.37697 0.156054 0.165791 0.809652 -1.18701 0.425933
1.37407 0.156438 0.169732 0.811333 -1.18817 0.425919
1.37116 0.156822 0.17367 0.813012 -1.18933 0.425906
1.36825 0.157206 0.177607 0.814692 -1.19049 0.425893
1.36535 0.157589 0.181541 0.81637 -1.19164 0.42588
1.36245 0.157972 0.185475 0.818048 -1.1928 0.425867
1.35955 0.158354 0.189404 0.819724 -1.19396 0.425854
1.35664 0.158737 0.193334 0.821401 -1.19511 0.425841
1.35375 0.159118 0.197259 0.823075 -1.19627 0.425828
1.35085 0.1595 0.201184 0.82475 -1.19742 0.425815
1.34795 0.15988 0.205103 0.826423 -1.19858 0.425802
1.34506 0.160261 0.209023 0.828096 -1.19973 0.425788
1.34217 0.16064 0.212937 0.829767 -1.20088 0.425775
1.33928 0.16102 0.216851 0.831437 -1.20203 0.425762
1.33639 0.161398 0.220759 0.833106 -1.20318 0.425749
1.3335 0.161777 0.224667 0.834775 -1.20432 0.425736
1.33062 0.162154 0.228569 0.836441 -1.20547 0.425723
1.32773 0.162531 0.232471 0.838107 -1.20661 0.42571
1.32485 0.162907 0.236366 0.839771 -1.20776 0.425697
1.32197 0.163283 0.240261 0.841434 -1.2089 0.425683
1.3191 0.163658 0.244148 0.843096 -1.21004 0.42567
1.31622 0.164033 0.248036 0.844757 -1.21118 0.425657
1.31335 0.164406 0.251916 0.846415 -1.21231 0.425644
1.31048 0.164779 0.255795 0.848073 -1.21345 0.425631
1.30761 0.165151 0.259667 0.849728 -1.21458 0.425618
1.30475 0.165523 0.263539 0.851383 -1.21572 0.425605
1.30189 0.165893 0.267402 0.853036 -1.21685 0.425591
1.29903 0.166263 0.271265 0.854688 -1.21798 0.425578
1.29617 0.166632 0.27512 0.856336 -1.2191 0.425565
1.29332 0.167001 0.278974 0.857985 -1.22023 0.425552
1.29047 0.167368 0.282819 0.859631 -1.22135 0.425539
1.28762 0.167734 0.286663 0.861276 -1.22247 0.425526
1.28478 0.1681 0.290498 0.862918 -1.22359 0.425512
1.28194 0.168465 0.294333 0.864559 -1.22471 0.425499
1.2791 0.168828 0.298158 0.866197 -1.22582 0.425486
1.27626 0.169191 0.301983 0.867835 -1.22694 0.425473
1.27343 0.169553 0.305797 0.869469 -1.22805 0.42546
1.2706 0.169914 0.309611 0.871103 -1.22916 0.425446
1.26778 0.170273 0.313413 0.872733 -1.23027 0.425433
1.26496 0.170633 0.317216 0.874363 -1.23137 0.42542
1.26214 0.17099 0.321008 0.875989 -1.23247 0.425407
1.25932 0.171347 0.324799 0.877615 -1.23357 0.425394
1.25651 0.171702 0.328578 0.879236 -1.23467 0.42538
1.25371 0.172057 0.332358 0.880857 -1.23577 0.425367
1.2509 0.17241 0.336125 0.882474 -1.23686 0.425354
1.2481 0.172763 0.339891 0.884091 -1.23795 0.425341
1.24531 0.173113 0.343646 0.885703 -1.23904 0.425327
1.24252 0.173464 0.3474 0.887315 -1.24012 0.425314
1.23973 0.173812 0.35114 0.888922 -1.2412 0.425301
1.23695 0.17416 0.354881 0.890529 -1.24228 0.425288
1.23417 0.174505 0.358608 0.892131 -1.24336 0.425274
1.23139 0.174851 0.362336 0.893733 -1.24444 0.425261
1.22863 0.175194 0.366049 0.89533 -1.24551 0.425248
1.22586 0.175537 0.369763 0.896928 -1.24658 0.425234
1.2231 0.175878 0.373464 0.89852 -1.24764 0.425221
1.22034 0.176219 0.377165 0.900113 -1.24871 0.425208
1.21758 0.176557 0.380854 0.901701 -1.24977 0.425194
1.21483 0.176896 0.384543 0.903289 -1.25083 0.425181
1.21208 0.177232 0.388219 0.904872 -1.25188 0.425168
1.20934 0.177569 0.391896 0.906456 -1.25294 0.425155
1.2066 0.177903 0.395561 0.908035 -1.25399 0.425141
1.20386 0.178237 0.399226 0.909615 -1.25504 0.425128
1.20113 0.178569 0.40288 0.91119 -1.25609 0.425114
1.1984 0.178902 0.406534 0.912765 -1.25713 0.425101
1.19567 0.179232 0.410177 0.914336 -1.25818 0.425088
1.19295 0.179562 0.41382 0.915908 -1.25922 0.425074
1.19023 0.179891 0.417453 0.917475 -1.26026 0.425061
1.18751 0.180219 0.421086 0.919043 -1.26129 0.425048
1.1848 0.180546 0.42471 0.920607 -1.26233 0.425034
1.18208 0.180873 0.428333 0.922171 -1.26336 0.425021
1.17938 0.181198 0.431946 0.923731 -1.26439 0.425008
1.17667 0.181523 0.43556 0.925292 -1.26542 0.424994
1.17397 0.181846 0.439165 0.926849 -1.26645 0.424981
1.17127 0.182169 0.44277 0.928406 -1.26748 0.424967
1.16857 0.182491 0.446366 0.92996 -1.2685 0.424954
1.16588 0.182813 0.449962 0.931514 -1.26952 0.424941
1.16318 0.183133 0.45355 0.933065 -1.27054 0.424927
1.16049 0.183453 0.457138 0.934616 -1.27156 0.424914
1.15781 0.183772 0.460719 0.936164 -1.27258 0.4249
1.15512 0.184091 0.464299 0.937713 -1.2736 0.424887
1.15244 0.184409 0.467872 0.939258 -1.27461 0.424873
1.14976 0.184726 0.471445 0.940804 -1.27563 0.42486
1.14708 0.185043 0.475011 0.942347 -1.27664 0.424847
1.1444 0.185359 0.478578 0.94389 -1.27765 0.424833
1.14173 0.185674 0.482137 0.945431 -1.27866 0.42482
1.13905 0.18599 0.485697 0.946971 -1.27967 0.424806
1.13638 0.186304 0.489251 0.94851 -1.28068 0.424793
1.13371 0.186618 0.492805 0.950048 -1.28168 0.424779
1.13105 0.186931 0.496353 0.951585 -1.28269 0.424766
1.12838 0.187244 0.499901 0.953121 -1.28369 0.424753
1.12572 0.187556 0.503445 0.954656 -1.28469 0.424739
1.12305 0.187868 0.506988 0.95619 -1.2857 0.424726
1.12039 0.188179 0.510526 0.957723 -1.2867 0.424712
1.11773 0.188491 0.514065 0.959256 -1.2877 0.424699
1.11507 0.188801 0.517599 0.960787 -1.2887 0.424685
1.11241 0.189112 0.521133 0.962318 -1.28969 0.424672
1.10976 0.189422 0.524663 0.963848 -1.29069 0.424658
1.1071 0.189731 0.528193 0.965378 -1.29169 0.424645
1.10445 0.190041 0.53172 0.966907 -1.29268 0.424631
1.1018 0.19035 0.535247 0.968435 -1.29368 0.424618
1.09914 0.190658 0.538771 0.969963 -1.29468 0.424605
1.09649 0.190967 0.542295 0.97149 -1.29567 0.424591
1.09384 0.191275 0.545816 0.973017 -1.29666 0.424578
1.09119 0.191583 0.549338 0.974543 -1.29766 0.424564
1.08854 0.191891 0.552857 0.976069 -1.29865 0.424551
1.08589 0.192199 0.556376 0.977595 -1.29964 0.424537
1.08325 0.192506 0.559893 0.97912 -1.30064 0.424524
1.0806 0.192814 0.563411 0.980645 -1.30163 0.42451
1.07795 0.193121 0.566927 0.982169 -1.30262 0.424497
1.0753 0.193428 0.570443 0.983694 -1.30361 0.424483
1.07266 0.193736 0.573959 0.985218 -1.3046 0.42447
1.07001 0.194043 0.577474 0.986743 -1.30559 0.424456
1.06736 0.19435 0.580989 0.988267 -1.30658 0.424443
1.06472 0.194657 0.584504 0.989791 -1.30758 0.424429
1.06207 0.194964 0.588019 0.991315 -1.30857 0.424416
1.05943 0.195271 0.591533 0.99284 -1.30956 0.424402
1.05678 0.195578 0.595047 0.994363 -1.31055 0.424389
1.05413 0.195884 0.598561 0.995887 -1.31154 0.424376
1.05149 0.196191 0.602074 0.99741 -1.31253 0.424362
1.04885 0.196498 0.605586 0.998934 -1.31352 0.424349
1.0462 0.196804 0.609096 1.00046 -1.31451 0.424335
1.04356 0.19711 0.612606 1.00198 -1.3155 0.424322
1.04092 0.197415 0.616112 1.0035 -1.31649 0.424308
1.03828 0.197721 0.619618 1.00502 -1.31747 0.424295
1.03564 0.198025 0.62312 1.00654 -1.31846 0.424281
1.033 0.19833 0.626622 1.00806 -1.31945 0.424268
1.03037 0.198634 0.630119 1.00958 -1.32043 0.424254
1.02773 0.198938 0.633616 1.01109 -1.32141 0.424241
1.0251 0.19924 0.637107 1.01261 -1.32239 0.424227
1.02247 0.199543 0.640598 1.01413 -1.32338 0.424214
1.01984 0.199844 0.644082 1.01564 -1.32436 0.4242
1.01721 0.200146 0.647566 1.01715 -1.32533 0.424187
1.01459 0.200446 0.651043 1.01866 -1.32631 0.424173
1.01197 0.200746 0.654519 1.02017 -1.32729 0.42416
1.00935 0.201044 0.657987 1.02168 -1.32826 0.424146
1.00673 0.201343 0.661455 1.02318 -1.32923 0.424133
1.00412 0.201639 0.664913 1.02469 -1.3302 0.424119
1.00151 0.201936 0.668372 1.02619 -1.33117 0.424106
0.998904 0.202231 0.67182 1.02769 -1.33213 0.424092
0.996299 0.202526 0.675268 1.02919 -1.3331 0.424079
0.993701 0.202819 0.678705 1.03069 -1.33406 0.424065
0.991103 0.203112 0.682142 1.03218 -1.33502 0.424051
0.988511 0.203402 0.685567 1.03367 -1.33597 0.424038
0.98592 0.203693 0.688992 1.03516 -1.33693 0.424024
0.983337 0.203981 0.692404 1.03665 -1.33788 0.424011
0.980754 0.20427 0.695816 1.03814 -1.33883 0.423997
0.978179 0.204556 0.699215 1.03962 -1.33977 0.423984
0.975605 0.204842 0.702613 1.0411 -1.34072 0.42397
0.973039 0.205125 0.705997 1.04258 -1.34166 0.423956
0.970473 0.205408 0.709381 1.04405 -1.3426 0.423943
0.967917 0.205689 0.71275 1.04552 -1.34353 0.423929
0.965361 0.205969 0.716118 1.04699 -1.34446 0.423916
0.962814 0.206246 0.719471 1.04846 -1.34539 0.423902
0.960268 0.206524 0.722823 1.04992 -1.34631 0.423888
0.957732 0.206798 0.726158 1.05138 -1.34723 0.423875
0.955196 0.207073 0.729493 1.05284 -1.34815 0.423861
0.952672 0.207344 0.732811 1.05429 -1.34907 0.423847
0.950147 0.207615 0.736128 1.05574 -1.34998 0.423834
0.947634 0.207883 0.739426 1.05719 -1.35088 0.42382
0.94512 0.20815 0.742725 1.05863 -1.35179 0.423806
0.942619 0.208414 0.746003 1.06007 -1.35269 0.423793
0.940118 0.208679 0.749282 1.06151 -1.35358 0.423779
0.93763 0.208939 0.75254 1.06294 -1.35447 0.423765
0.935141 0.209199 0.755798 1.06437 -1.35536 0.423752
0.932666 0.209456 0.759035 1.06579 -1.35624 0.423738
0.930191 0.209712 0.762272 1.06721 -1.35712 0.423724
0.927729 0.209965 0.765486 1.06862 -1.35799 0.42371
0.925267 0.210217 0.768701 1.07004 -1.35886 0.423697
0.92282 0.210466 0.771892 1.07144 -1.35973 0.423683
0.920373 0.210714 0.775084 1.07285 -1.36059 0.423669
0.91794 0.210958 0.778251 1.07424 -1.36144 0.423655
0.915507 0.211202 0.781419 1.07564 -1.36229 0.423642
0.91309 0.211441 0.784561 1.07703 -1.36314 0.423628
0.910672 0.21168 0.787704 1.07842 -1.36398 0.423614
0.90827 0.211915 0.790821 1.07979 -1.36481 0.4236
0.905869 0.21215 0.793938 1.08117 -1.36565 0.423586
0.903483 0.21238 0.797028 1.08254 -1.36647 0.423572
0.901098 0.21261 0.800119 1.08391 -1.36729 0.423559
0.898729 0.212835 0.803182 1.08527 -1.3681 0.423545
0.896361 0.21306 0.806245 1.08663 -1.36891 0.423531
0.894009 0.21328 0.809281 1.08797 -1.36971 0.423517
0.891656 0.2135 0.812318 1.08932 -1.37051 0.423503
0.88932 0.213716 0.815329 1.09066 -1.3713 0.423489
0.886983 0.213931 0.818339 1.092 -1.37209 0.423475
0.884662 0.214142 0.821325 1.09333 -1.37287 0.423461
0.882341 0.214353 0.824311 1.09466 -1.37366 0.423447
0.880034 0.21456 0.827274 1.09598 -1.37443 0.423433
0.877728 0.214766 0.830236 1.0973 -1.3752 0.423419
0.875436 0.214969 0.833175 1.09862 -1.37596 0.423405
0.873143 0.215171 0.836114 1.09993 -1.37672 0.423391
0.870865 0.215369 0.83903 1.10123 -1.37747 0.423377
0.868586 0.215568 0.841947 1.10254 -1.37823 0.423363
0.86632 0.215762 0.844842 1.10383 -1.37897 0.423349
0.864055 0.215957 0.847738 1.10513 -1.37972 0.423335
0.861802 0.216148 0.850612 1.10642 -1.38045 0.423321
0.859549 0.216338 0.853487 1.10771 -1.38119 0.423307
0.857308 0.216525 0.856342 1.10899 -1.38192 0.423293
0.855068 0.216713 0.859197 1.11027 -1.38265 0.423279
0.852838 0.216896 0.862034 1.11155 -1.38337 0.423265
0.850609 0.21708 0.86487 1.11282 -1.38409 0.423251
0.848391 0.217261 0.867688 1.11409 -1.3848 0.423237
0.846173 0.217441 0.870506 1.11536 -1.38551 0.423223
0.843965 0.217619 0.873308 1.11662 -1.38622 0.423208
0.841758 0.217796 0.876109 1.11788 -1.38693 0.423194
0.83956 0.21797 0.878894 1.11914 -1.38763 0.42318
0.837362 0.218145 0.881679 1.1204 -1.38833 0.423166
0.835174 0.218317 0.884448 1.12165 -1.38902 0.423152
0.832986 0.218488 0.887218 1.1229 -1.38972 0.423138
0.830807 0.218657 0.889973 1.12414 -1.39041 0.423124
0.828628 0.218826 0.892728 1.12539 -1.3911 0.423109
0.826457 0.218993 0.895469 1.12663 -1.39178 0.423095
0.824286 0.219159 0.89821 1.12787 -1.39246 0.423081
0.822123 0.219323 0.900938 1.1291 -1.39314 0.423067
0.81996 0.219488 0.903667 1.13034 -1.39382 0.423053
0.817804 0.21965 0.906383 1.13157 -1.39449 0.423038
0.815649 0.219812 0.9091 1.1328 -1.39516 0.423024
0.8135 0.219972 0.911805 1.13403 -1.39583 0.42301
0.811351 0.220132 0.91451 1.13525 -1.3965 0.422996
0.809209 0.22029 0.917206 1.13648 -1.39717 0.422982
0.807067 0.220448 0.919901 1.1377 -1.39783 0.422967
0.80493 0.220604 0.922586 1.13892 -1.39849 0.422953
0.802793 0.220761 0.925272 1.14014 -1.39915 0.422939
0.800662 0.220916 0.927949 1.14135 -1.39981 0.422925
0.79853 0.221071 0.930626 1.14257 -1.40047 0.422911
0.796404 0.221224 0.933295 1.14378 -1.40112 0.422896
0.794277 0.221377 0.935965 1.145 -1.40178 0.422882
0.792155 0.22153 0.938627 1.14621 -1.40243 0.422868
0.790032 0.221682 0.94129 1.14742 -1.40308 0.422854
0.787914 0.221833 0.943946 1.14863 -1.40373 0.422839
0.785795 0.221984 0.946603 1.14984 -1.40438 0.422825
0.783679 0.222134 0.949254 1.15105 -1.40503 0.422811
0.781564 0.222285 0.951906 1.15225 -1.40567 0.422797
0.779451 0.222434 0.954553 1.15346 -1.40632 0.422782
0.777338 0.222583 0.9572 1.15466 -1.40697 0.422768
0.775227 0.222732 0.959844 1.15587 -1.40761 0.422754
0.773116 0.222881 0.962488 1.15707 -1.40825 0.422739
0.771007 0.223029 0.965129 1.15828 -1.4089 0.422725
0.768897 0.223178 0.96777 1.15948 -1.40954 0.422711
0.766789 0.223326 0.970409 1.16068 -1.41018 0.422697
0.764681 0.223474 0.973049 1.16188 -1.41083 0.422682
0.762573 0.223622 0.975687 1.16309 -1.41147 0.422668
0.760465 0.223769 0.978326 1.16429 -1.41211 0.422654
0.758358 0.223917 0.980964 1.16549 -1.41275 0.42264
0.75625 0.224065 0.983603 1.16669 -1.4134 0.422625
0.754142 0.224213 0.986241 1.1679 -1.41404 0.422611
0.752035 0.224361 0.988879 1.1691 -1.41468 0.422597
0.749928 0.224508 0.991517 1.1703 -1.41532 0.422583
0.747821 0.224656 0.994154 1.1715 -1.41596 0.422568
0.745715 0.224803 0.99679 1.1727 -1.4166 0.422554
0.743609 0.224951 0.999426 1.1739 -1.41725 0.42254
0.741504 0.225098 1.00206 1.1751 -1.41789 0.422525
0.739399 0.225245 1.00469 1.17631 -1.41853 0.422511
0.737295 0.225392 1.00733 1.17751 -1.41917 0.422497
0.735191 0.225539 1.00996 1.17871 -1.41981 0.422483
0.733089 0.225685 1.01259 1.1799 -1.42044 0.422468
0.730987 0.225831 1.01522 1.1811 -1.42108 0.422454
0.728886 0.225977 1.01784 1.1823 -1.42172 0.42244
0.726786 0.226122 1.02047 1.1835 -1.42236 0.422426
0.724688 0.226267 1.02309 1.1847 -1.42299 0.422411
0.722589 0.226413 1.02572 1.18589 -1.42363 0.422397
0.720494 0.226557 1.02834 1.18709 -1.42426 0.422383
0.718398 0.226701 1.03096 1.18828 -1.4249 0.422368
0.716304 0.226845 1.03357 1.18948 -1.42553 0.422354
0.714211 0.226988 1.03619 1.19067 -1.42617 0.42234
0.712121 0.227131 1.0388 1.19186 -1.4268 0.422325
0.71003 0.227274 1.04141 1.19305 -1.42743 0.422311
0.707943 0.227416 1.04401 1.19425 -1.42806 0.422297
0.705856 0.227558 1.04662 1.19544 -1.42869 0.422283
0.703772 0.227698 1.04922 1.19662 -1.42931 0.422268
0.701688 0.227839 1.05182 1.19781 -1.42994 0.422254
0.699608 0.227979 1.05441 1.199 -1.43056 0.42224
0.697528 0.228119 1.057 1.20018 -1.43119 0.422225
0.695452 0.228257 1.05959 1.20137 -1.43181 0.422211
0.693376 0.228396 1.06218 1.20255 -1.43243 0.422197
0.691304 0.228533 1.06476 1.20373 -1.43305 0.422182
0.689232 0.22867 1.06734 1.20491 -1.43367 0.422168
0.687164 0.228806 1.06991 1.20609 -1.43429 0.422154
0.685097 0.228942 1.07249 1.20727 -1.4349 0.422139
0.683034 0.229077 1.07505 1.20844 -1.43551 0.422125
0.680971 0.229211 1.07762 1.20962 -1.43613 0.422111
0.678914 0.229345 1.08017 1.21079 -1.43674 0.422096
0.676856 0.229478 1.08273 1.21196 -1.43735 0.422082
0.674803 0.229609 1.08528 1.21313 -1.43795 0.422068
0.672751 0.229741 1.08783 1.2143 -1.43856 0.422053
0.670704 0.229871 1.09037 1.21547 -1.43916 0.422039
0.668657 0.230001 1.09291 1.21664 -1.43977 0.422025
0.666616 0.230129 1.09544 1.2178 -1.44037 0.42201
0.664575 0.230257 1.09797 1.21896 -1.44096 0.421996
0.662539 0.230383 1.10049 1.22012 -1.44156 0.421982
0.660504 0.23051 1.10301 1.22128 -1.44215 0.421967
0.658475 0.230634 1.10552 1.22243 -1.44275 0.421953
0.656447 0.230759 1.10803 1.22359 -1.44334 0.421938
0.654424 0.230882 1.11053 1.22474 -1.44392 0.421924
0.652402 0.231004 1.11303 1.22589 -1.44451 0.42191
0.650387 0.231125 1.11552 1.22704 -1.44509 0.421895
0.648371 0.231245 1.11801 1.22819 -1.44568 0.421881
0.646363 0.231364 1.12048 1.22933 -1.44625 0.421866
0.644355 0.231482 1.12296 1.23047 -1.44683 0.421852
0.642354 0.231599 1.12542 1.23161 -1.4474 0.421838
0.640353 0.231715 1.12789 1.23275 -1.44798 0.421823
0.638359 0.231829 1.13034 1.23388 -1.44855 0.421809
0.636366 0.231943 1.13279 1.23502 -1.44911 0.421794
0.634381 0.232055 1.13523 1.23615 -1.44968 0.42178
0.632395 0.232167 1.13767 1.23728 -1.45024 0.421765
0.630418 0.232276 1.1401 1.2384 -1.4508 0.421751
0.628441 0.232385 1.14253 1.23952 -1.45136 0.421736
0.626472 0.232492 1.14494 1.24064 -1.45191 0.421722
0.624503 0.232599 1.14735 1.24176 -1.45246 0.421708
0.622542 0.232703 1.14975 1.24288 -1.45301 0.421693
0.620581 0.232808 1.15215 1.24399 -1.45355 0.421679
0.618628 0.23291 1.15454 1.2451 -1.4541 0.421664
0.616676 0.233012 1.15692 1.24621 -1.45464 0.42165
0.61473 0.233112 1.1593 1.24732 -1.45517 0.421635
0.612785 0.233212 1.16167 1.24842 -1.45571 0.421621
0.610847 0.233309 1.16403 1.24952 -1.45624 0.421606
0.60891 0.233407 1.1664 1.25062 -1.45678 0.421591
0.606979 0.233503 1.16875 1.25172 -1.4573 0.421577
0.605048 0.233598 1.1711 1.25282 -1.45783 0.421562
0.603124 0.233692 1.17344 1.25391 -1.45835 0.421548
0.6012 0.233785 1.17578 1.255 -1.45888 0.421533
0.599283 0.233877 1.1781 1.25609 -1.4594 0.421519
0.597365 0.233969 1.18043 1.25718 -1.45992 0.421504
0.595454 0.234058 1.18275 1.25826 -1.46043 0.42149
0.593543 0.234148 1.18507 1.25935 -1.46095 0.421475
0.591638 0.234236 1.18738 1.26043 -1.46146 0.421461
0.589733 0.234324 1.18969 1.26151 -1.46197 0.421446
0.585935 0.234496 1.19429 1.26367 -1.46298 0.421417
0.582148 0.234666 1.19887 1.26581 -1.46399 0.421388
0.578371 0.234832 1.20343 1.26796 -1.46499 0.421359
0.574604 0.234995 1.20798 1.27009 -1.46598 0.421329
0.570847 0.235155 1.21251 1.27222 -1.46697 0.4213
0.567098 0.235313 1.21703 1.27435 -1.46795 0.421271
0.563358 0.235468 1.22153 1.27647 -1.46893 0.421242
0.559626 0.235621 1.22602 1.27859 -1.4699 0.421212
0.555901 0.235772 1.2305 1.2807 -1.47087 0.421183
0.552183 0.235921 1.23497 1.28281 -1.47183 0.421154
0.548472 0.236068 1.23942 1.28491 -1.47279 0.421125
0.544766 0.236213 1.24387 1.28701 -1.47374 0.421095
0.541065 0.236356 1.24831 1.28911 -1.47469 0.421066
0.537369 0.236498 1.25274 1.2912 -1.47564 0.421037
0.533678 0.236639 1.25717 1.29329 -1.47659 0.421007
0.531834 0.236709 1.25938 1.29434 -1.47706 0.420993
0.52999 0.236779 1.26159 1.29538 -1.47753 0.420978
0.526305 0.236918 1.266 1.29747 -1.47847 0.420949
0.522623 0.237056 1.27041 1.29956 -1.47941 0.420919
0.520783 0.237125 1.27261 1.3006 -1.47988 0.420905
0.518943 0.237194 1.27482 1.30164 -1.48035 0.42089
0.515264 0.237331 1.27922 1.30372 -1.48128 0.420861
0.511587 0.237468 1.28362 1.30581 -1.48222 0.420831
0.509748 0.237536 1.28582 1.30685 -1.48269 0.420817
0.50791 0.237604 1.28802 1.30789 -1.48315 0.420802
0.504233 0.237741 1.29242 1.30997 -1.48409 0.420773
0.502395 0.237809 1.29462 1.31101 -1.48456 0.420758
0.500557 0.237877 1.29682 1.31206 -1.48502 0.420743
0.496883 0.238013 1.30122 1.31414 -1.48596 0.420714
0.495048 0.23808 1.30341 1.31518 -1.48642 0.420699
0.493213 0.238148 1.30561 1.31622 -1.48689 0.420685
0.489546 0.238281 1.30999 1.31829 -1.48782 0.420655
0.485885 0.238413 1.31437 1.32037 -1.48874 0.420626
0.48223 0.238543 1.31873 1.32243 -1.48966 0.420597
0.478583 0.238671 1.32308 1.3245 -1.49058 0.420567
0.474944 0.238796 1.32742 1.32656 -1.49149 0.420538
0.471314 0.238919 1.33175 1.32861 -1.4924 0.420509
0.467695 0.239038 1.33605 1.33066 -1.49329 0.420479
0.464088 0.239155 1.34034 1.3327 -1.49419 0.42045
0.460493 0.239267 1.34461 1.33474 -1.49507 0.42042
0.456912 0.239375 1.34885 1.33676 -1.49594 0.420391
0.453345 0.239479 1.35308 1.33878 -1.49681 0.420361
0.449794 0.239578 1.35727 1.34079 -1.49766 0.420332
0.44626 0.239673 1.36144 1.34279 -1.4985 0.420302
0.442745 0.239762 1.36558 1.34477 -1.49933 0.420273
0.439247 0.239845 1.36969 1.34675 -1.50015 0.420243
0.43577 0.239923 1.37376 1.34871 -1.50096 0.420213
0.432314 0.239994 1.3778 1.35066 -1.50175 0.420184
0.42888 0.240059 1.38181 1.3526 -1.50253 0.420154
0.42547 0.240117 1.38578 1.35452 -1.50329 0.420124
0.422083 0.240168 1.38971 1.35643 -1.50404 0.420095
0.418722 0.240211 1.39359 1.35833 -1.50477 0.420065
0.415386 0.240247 1.39744 1.36021 -1.50549 0.420035
0.412079 0.240274 1.40124 1.36207 -1.50618 0.420005
0.408799 0.240293 1.40499 1.36391 -1.50686 0.419975
0.40555 0.240304 1.4087 1.36574 -1.50752 0.419945
0.40233 0.240305 1.41235 1.36755 -1.50816 0.419915
0.399142 0.240297 1.41596 1.36934 -1.50878 0.419885
0.395987 0.240279 1.41951 1.37111 -1.50937 0.419855
0.392865 0.240252 1.42301 1.37286 -1.50995 0.419825
0.389777 0.240215 1.42645 1.37459 -1.5105 0.419795
0.386719 0.240168 1.42984 1.37631 -1.51104 0.419764
0.383692 0.240113 1.43319 1.378 -1.51155 0.419734
0.380695 0.240049 1.43648 1.37968 -1.51205 0.419704
0.377726 0.239976 1.43973 1.38134 -1.51253 0.419673
0.374784 0.239895 1.44294 1.38298 -1.51299 0.419643
0.371869 0.239807 1.4461 1.38461 -1.51343 0.419613
0.368978 0.239711 1.44922 1.38622 -1.51385 0.419582
0.366112 0.239608 1.4523 1.38782 -1.51426 0.419552
0.36327 0.239498 1.45534 1.3894 -1.51466 0.419521
0.360449 0.239382 1.45835 1.39098 -1.51504 0.41949
0.357649 0.239259 1.46132 1.39253 -1.51541 0.41946
0.354869 0.23913 1.46427 1.39408 -1.51576 0.419429
0.352109 0.238996 1.46718 1.39562 -1.5161 0.419398
0.349366 0.238857 1.47006 1.39714 -1.51643 0.419368
0.34664 0.238712 1.47291 1.39866 -1.51675 0.419337
0.343929 0.238563 1.47574 1.40016 -1.51706 0.419306
0.341234 0.23841 1.47854 1.40166 -1.51736 0.419275
0.338552 0.238253 1.48132 1.40315 -1.51765 0.419245
0.335882 0.238091 1.48408 1.40463 -1.51794 0.419214
0.333225 0.237927 1.48683 1.4061 -1.51821 0.419183
0.330577 0.237759 1.48955 1.40757 -1.51848 0.419152
0.32794 0.237589 1.49226 1.40903 -1.51874 0.419121
0.32531 0.237416 1.49496 1.41049 -1.519 0.41909
0.322688 0.23724 1.49764 1.41194 -1.51925 0.41906
0.320073 0.237063 1.50032 1.41339 -1.5195 0.419029
0.317462 0.236885 1.50298 1.41483 -1.51974 0.418998
0.314856 0.236705 1.50564 1.41628 -1.51999 0.418967
0.312253 0.236524 1.50829 1.41772 -1.52023 0.418936
0.309652 0.236343 1.51094 1.41916 -1.52046 0.418905
0.307052 0.236161 1.51359 1.4206 -1.5207 0.418874
0.304452 0.235979 1.51624 1.42203 -1.52094 0.418843
0.301853 0.235798 1.51889 1.42347 -1.52118 0.418812
0.299253 0.235616 1.52154 1.42491 -1.52142 0.418781
0.296653 0.235434 1.52418 1.42635 -1.52165 0.41875
0.294053 0.235253 1.52683 1.42779 -1.52189 0.41872
0.291453 0.235071 1.52948 1.42923 -1.52213 0.418689
0.288853 0.234889 1.53213 1.43067 -1.52237 0.418658
0.286253 0.234708 1.53478 1.43211 -1.52261 0.418627
0.283653 0.234526 1.53743 1.43355 -1.52284 0.418596
0.281054 0.234344 1.54007 1.43499 -1.52308 0.418565
0.278454 0.234162 1.54272 1.43643 -1.52332 0.418534
0.275854 0.233981 1.54537 1.43787 -1.52356 0.418503
0.273254 0.233799 1.54802 1.4393 -1.52379 0.418472
0.270654 0.233617 1.55067 1.44074 -1.52403 0.418441
0.268054 0.233436 1.55331 1.44218 -1.52427 0.41841
0.265454 0.233254 1.55596 1.44362 -1.52451 0.418379
0.262854 0.233072 1.55861 1.44506 -1.52475 0.418349
0.260254 0.232891 1.56126 1.4465 -1.52498 0.418318
0.257655 0.232709 1.56391 1.44794 -1.52522 0.418287
0.255055 0.232527 1.56656 1.44938 -1.52546 0.418256
0.252455 0.232345 1.5692 1.45082 -1.5257 0.418225
0.249855 0.232164 1.57185 1.45226 -1.52593 0.418194
0.247255 0.231982 1.5745 1.4537 -1.52617 0.418163
0.244655 0.2318 1.57715 1.45514 -1.52641 0.418132
0.242055 0.231619 1.5798 1.45657 -1.52665 0.418101
0.239455 0.231437 1.58245 1.45801 -1.52689 0.41807
0.236856 0.231255 1.58509 1.45945 -1.52712 0.418039
0.234256 0.231074 1.58774 1.46089 -1.52736 0.418008
0.231656 0.230892 1.59039 1.46233 -1.5276 0.417977
0.229056 0.23071 1.59304 1.46377 -1.52784 0.417947
0.226456 0.230529 1.59569 1.46521 -1.52807 0.417916
0.223856 0.230347 1.59833 1.46665 -1.52831 0.417885
0.221256 0.230165 1.60098 1.46809 -1.52855 0.417854
0.218656 0.229983 1.60363 1.46953 -1.52879 0.417823
0.216057 0.229802 1.60628 1.47097 -1.52903 0.417792
0.213457 0.22962 1.60893 1.47241 -1.52926 0.417761
0.210857 0.229438 1.61158 1.47385 -1.5295 0.41773
0.208257 0.229257 1.61422 1.47528 -1.52974 0.417699
0.205657 0.229075 1.61687 1.47672 -1.52998 0.417668
0.203057 0.228893 1.61952 1.47816 -1.53022 0.417637
0.200457 0.228712 1.62217 1.4796 -1.53045 0.417606
0.197857 0.22853 1.62482 1.48104 -1.53069 0.417576
0.195258 0.228348 1.62746 1.48248 -1.53093 0.417545
0.192658 0.228166 1.63011 1.48392 -1.53117 0.417514
0.190058 0.227985 1.63276 1.48536 -1.5314 0.417483
0.187458 0.227803 1.63541 1.4868 -1.53164 0.417452
0.184858 0.227621 1.63806 1.48824 -1.53188 0.417421
0.182258 0.22744 1.64071 1.48968 -1.53212 0.41739
0.179658 0.227258 1.64335 1.49112 -1.53236 0.417359
0.177058 0.227076 1.646 1.49255 -1.53259 0.417328
0.174458 0.226895 1.64865 1.49399 -1.53283 0.417297
0.171859 0.226713 1.6513 1.49543 -1.53307 0.417266
0.169259 0.226531 1.65395 1.49687 -1.53331 0.417235
0.166659 0.22635 1.65659 1.49831 -1.53354 0.417205
0.164059 0.226168 1.65924 1.49975 -1.53378 0.417174
0.161459 0.225986 1.66189 1.50119 -1.53402 0.417143
0.158859 0.225804 1.66454 1.50263 -1.53426 0.417112
0.156259 0.225623 1.66719 1.50407 -1.5345 0.417081
0.153659 0.225441 1.66984 1.50551 -1.53473 0.41705
0.15106 0.225259 1.67248 1.50695 -1.53497 0.417019
0.14846 0.225078 1.67513 1.50839 -1.53521 0.416988
0.14586 0.224896 1.67778 1.50982 -1.53545 0.416957
0.14326 0.224714 1.68043 1.51126 -1.53569 0.416926
0.14066 0.224533 1.68308 1.5127 -1.53592 0.416895
0.13806 0.224351 1.68573 1.51414 -1.53616 0.416864
0.13546 0.224169 1.68837 1.51558 -1.5364 0.416833
0.13286 0.223987 1.69102 1.51702 -1.53664 0.416803
0.130261 0.223806 1.69367 1.51846 -1.53687 0.416772
0.127661 0.223624 1.69632 1.5199 -1.53711 0.416741
0.125061 0.223442 1.69897 1.52134 -1.53735 0.41671
0.122461 0.223261 1.70161 1.52278 -1.53759 0.416679
0.119861 0.223079 1.70426 1.52422 -1.53783 0.416648
0.117261 0.222897 1.70691 1.52566 -1.53806 0.416617
0.114661 0.222716 1.70956 1.52709 -1.5383 0.416586
0.112061 0.222534 1.71221 1.52853 -1.53854 0.416555
0.109462 0.222352 1.71486 1.52997 -1.53878 0.416524
0.108162 0.222261 1.71618 1.53069 -1.5389 0.416509
0.106862 0.222171 1.7175 1.53141 -1.53901 0.416493
0.104262 0.221989 1.72015 1.53285 -1.53925 0.416462
0.102962 0.221898 1.72148 1.53357 -1.53937 0.416447
0.101662 0.221807 1.7228 1.53429 -1.53949 0.416432
0.099062 0.221625 1.72545 1.53573 -1.53973 0.416401
0.0977621 0.221535 1.72677 1.53645 -1.53985 0.416385
0.0964621 0.221444 1.7281 1.53717 -1.53997 0.41637
0.0938622 0.221262 1.73074 1.53861 -1.5402 0.416339
0.0925623 0.221171 1.73207 1.53933 -1.54032 0.416323
0.0912624 0.22108 1.73339 1.54005 -1.54044 0.416308
0.0886625 0.220899 1.73604 1.54149 -1.54068 0.416277
0.0873625 0.220808 1.73737 1.54221 -1.5408 0.416262
0.0860626 0.220717 1.73869 1.54293 -1.54092 0.416246
0.0834627 0.220535 1.74134 1.54437 -1.54115 0.416215
0.0821628 0.220444 1.74266 1.54508 -1.54127 0.4162
0.0808628 0.220354 1.74399 1.5458 -1.54139 0.416184
0.078263 0.220172 1.74663 1.54724 -1.54163 0.416153
0.076963 0.220081 1.74796 1.54796 -1.54175 0.416138
0.0756631 0.21999 1.74928 1.54868 -1.54187 0.416122
0.0730632 0.219808 1.75193 1.55012 -1.54211 0.416091
0.0717633 0.219718 1.75325 1.55084 -1.54223 0.416076
0.0704633 0.219627 1.75458 1.55156 -1.54234 0.416061
0.0678634 0.219445 1.75723 1.553 -1.54258 0.41603
0.0665635 0.219354 1.75855 1.55372 -1.5427 0.416014
0.0652636 0.219263 1.75988 1.55444 -1.54282 0.415999
0.0626637 0.219082 1.76252 1.55588 -1.54306 0.415968
0.0600638 0.2189 1.76517 1.55732 -1.5433 0.415937
0.0574639 0.218718 1.76782 1.55876 -1.54353 0.415906
