1.68918 -1.64809 2.22574 -0.0224872 1.77874 1.58816
1.68796 -1.64604 2.22537 -0.0200631 1.77563 1.58574
1.68674 -1.64398 2.22499 -0.017639 1.77252 1.58331
1.68552 -1.64192 2.22461 -0.0152149 1.76942 1.58089
1.6843 -1.63987 2.22424 -0.0127907 1.76631 1.57847
1.68308 -1.63781 2.22386 -0.0103666 1.7632 1.57604
1.68186 -1.63575 2.22349 -0.00794246 1.7601 1.57362
1.68064 -1.6337 2.22311 -0.00551833 1.75699 1.5712
1.67942 -1.63164 2.22273 -0.0030942 1.75388 1.56878
1.67821 -1.62958 2.22236 -0.000670071 1.75078 1.56635
1.67699 -1.62753 2.22198 0.00175406 1.74767 1.56393
1.67577 -1.62547 2.22161 0.00417819 1.74456 1.56151
1.67455 -1.62341 2.22123 0.00660232 1.74145 1.55908
1.67333 -1.62135 2.22085 0.00902645 1.73835 1.55666
1.67211 -1.6193 2.22048 0.0114506 1.73524 1.55424
1.67089 -1.61724 2.2201 0.0138747 1.73213 1.55181
1.66967 -1.61518 2.21973 0.0162988 1.72903 1.54939
1.66845 -1.61313 2.21935 0.018723 1.72592 1.54697
1.66723 -1.61107 2.21897 0.0211471 1.72281 1.54454
1.66601 -1.60901 2.2186 0.0235712 1.71971 1.54212
1.66479 -1.60696 2.21822 0.0259954 1.7166 1.5397
1.66357 -1.6049 2.21785 0.0284195 1.71349 1.53727
1.66235 -1.60284 2.21747 0.0308436 1.71038 1.53485
1.66113 -1.60079 2.21709 0.0332678 1.70728 1.53243
1.65991 -1.59873 2.21672 0.0356919 1.70417 1.53
1.65869 -1.59667 2.21634 0.038116 1.70106 1.52758
1.65747 -1.59462 2.21597 0.0405401 1.69796 1.52516
1.65625 -1.59256 2.21559 0.0429643 1.69485 1.52273
1.65503 -1.5905 2.21521 0.0453884 1.69174 1.52031
1.65381 -1.58844 2.21484 0.0478125 1.68864 1.51789
1.65259 -1.58639 2.21446 0.0502367 1.68553 1.51546
1.65137 -1.58433 2.21409 0.0526608 1.68242 1.51304
1.65015 -1.58227 2.21371 0.0550849 1.67932 1.51062
1.64893 -1.58022 2.21333 0.0575091 1.67621 1.50819
1.64772 -1.57816 2.21296 0.0599332 1.6731 1.50577
1.6465 -1.5761 2.21258 0.0623573 1.66999 1.50335
1.64528 -1.57405 2.21221 0.0647814 1.66689 1.50092
1.64406 -1.57199 2.21183 0.0672056 1.66378 1.4985
1.64284 -1.56993 2.21145 0.0696297 1.66067 1.49608
1.64162 -1.56788 2.21108 0.0720538 1.65757 1.49365
1.6404 -1.56582 2.2107 0.074478 1.65446 1.49123
1.63918 -1.56376 2.21033 0.0769021 1.65135 1.48881
1.63796 -1.56171 2.20995 0.0793262 1.64825 1.48638
1.63674 -1.55965 2.20957 0.0817504 1.64514 1.48396
1.63552 -1.55759 2.2092 0.0841745 1.64203 1.48154
1.6343 -1.55553 2.20882 0.0865986 1.63893 1.47911
1.63308 -1.55348 2.20845 0.0890227 1.63582 1.47669
1.63186 -1.55142 2.20807 0.0914469 1.63271 1.47427
1.63064 -1.54936 2.20769 0.093871 1.6296 1.47184
1.62942 -1.54731 2.20732 0.0962951 1.6265 1.46942
1.6282 -1.54525 2.20694 0.0987193 1.62339 1.467
1.62698 -1.54319 2.20657 0.101143 1.62028 1.46457
1.62576 -1.54114 2.20619 0.103568 1.61718 1.46215
1.62454 -1.53908 2.20581 0.105992 1.61407 1.45973
1.62332 -1.53702 2.20544 0.108416 1.61096 1.4573
1.6221 -1.53497 2.20506 0.11084 1.60786 1.45488
1.62088 -1.53291 2.20469 0.113264 1.60475 1.45246
1.61966 -1.53085 2.20431 0.115688 1.60164 1.45003
1.61844 -1.52879 2.20393 0.118112 1.59853 1.44761
1.61722 -1.52674 2.20356 0.120536 1.59543 1.44519
1.61601 -1.52468 2.20318 0.122961 1.59232 1.44276
1.61479 -1.52262 2.20281 0.125385 1.58921 1.44034
1.61357 -1.52057 2.20243 0.127809 1.58611 1.43792
1.61235 -1.51851 2.20205 0.130233 1.583 1.43549
1.61113 -1.51645 2.20168 0.132657 1.57989 1.43307
1.60991 -1.5144 2.2013 0.135081 1.57679 1.43065
1.60869 -1.51234 2.20093 0.137505 1.57368 1.42822
1.60747 -1.51028 2.20055 0.139929 1.57057 1.4258
1.60625 -1.50823 2.20017 0.142354 1.56747 1.42338
1.60503 -1.50617 2.1998 0.144778 1.56436 1.42096
1.60381 -1.50411 2.19942 0.147202 1.56125 1.41853
1.60259 -1.50206 2.19905 0.149626 1.55814 1.41611
1.60137 -1.5 2.19867 0.15205 1.55504 1.41369
1.60015 -1.49794 2.1983 0.154474 1.55193 1.41126
1.59893 -1.49588 2.19792 0.156898 1.54882 1.40884
1.59771 -1.49383 2.19754 0.159323 1.54572 1.40642
1.59649 -1.49177 2.19717 0.161747 1.54261 1.40399
1.59527 -1.48971 2.19679 0.164171 1.5395 1.40157
1.59405 -1.48766 2.19642 0.166595 1.5364 1.39915
1.59283 -1.4856 2.19604 0.169019 1.53329 1.39672
1.59161 -1.48354 2.19566 0.171443 1.53018 1.3943
1.59039 -1.48149 2.19529 0.173867 1.52707 1.39188
1.58917 -1.47943 2.19491 0.176291 1.52397 1.38945
1.58795 -1.47737 2.19454 0.178716 1.52086 1.38703
1.58673 -1.47532 2.19416 0.18114 1.51775 1.38461
1.58551 -1.47326 2.19378 0.183564 1.51465 1.38218
1.5843 -1.4712 2.19341 0.185988 1.51154 1.37976
1.58308 -1.46915 2.19303 0.188412 1.50843 1.37734
1.58186 -1.46709 2.19266 0.190836 1.50533 1.37491
1.58064 -1.46503 2.19228 0.19326 1.50222 1.37249
1.57942 -1.46297 2.1919 0.195684 1.49911 1.37007
1.5782 -1.46092 2.19153 0.198109 1.49601 1.36764
1.57698 -1.45886 2.19115 0.200533 1.4929 1.36522
1.57576 -1.4568 2.19078 0.202957 1.48979 1.3628
1.57454 -1.45475 2.1904 0.205381 1.48668 1.36037
1.57332 -1.45269 2.19002 0.207805 1.48358 1.35795
1.5721 -1.45063 2.18965 0.210229 1.48047 1.35553
1.57088 -1.44858 2.18927 0.212653 1.47736 1.3531
1.56966 -1.44652 2.1889 0.215078 1.47426 1.35068
1.56844 -1.44446 2.18852 0.217502 1.47115 1.34826
1.56722 -1.44241 2.18814 0.219926 1.46804 1.34583
1.566 -1.44035 2.18777 0.22235 1.46494 1.34341
1.56478 -1.43829 2.18739 0.224774 1.46183 1.34099
1.56356 -1.43624 2.18702 0.227198 1.45872 1.33856
1.56234 -1.43418 2.18664 0.229622 1.45562 1.33614
1.56112 -1.43212 2.18626 0.232046 1.45251 1.33372
1.5599 -1.43006 2.18589 0.234471 1.4494 1.33129
1.55868 -1.42801 2.18551 0.236895 1.44629 1.32887
1.55746 -1.42595 2.18514 0.239319 1.44319 1.32645
1.55624 -1.42389 2.18476 0.241743 1.44008 1.32402
1.55502 -1.42184 2.18438 0.244167 1.43697 1.3216
1.5538 -1.41978 2.18401 0.246591 1.43387 1.31918
1.55259 -1.41772 2.18363 0.249015 1.43076 1.31675
1.55137 -1.41567 2.18326 0.251439 1.42765 1.31433
1.55015 -1.41361 2.18288 0.253864 1.42455 1.31191
1.54893 -1.41155 2.1825 0.256288 1.42144 1.30948
1.54771 -1.4095 2.18213 0.258712 1.41833 1.30706
1.54649 -1.40744 2.18175 0.261136 1.41522 1.30464
1.54527 -1.40538 2.18138 0.26356 1.41212 1.30221
1.54405 -1.40332 2.181 0.265984 1.40901 1.29979
1.54283 -1.40127 2.18062 0.268408 1.4059 1.29737
1.54161 -1.39921 2.18025 0.270833 1.4028 1.29494
1.54039 -1.39715 2.17987 0.273257 1.39969 1.29252
1.53917 -1.3951 2.1795 0.275681 1.39658 1.2901
1.53795 -1.39304 2.17912 0.278105 1.39348 1.28767
1.53673 -1.39098 2.17874 0.280529 1.39037 1.28525
1.53551 -1.38893 2.17837 0.282953 1.38726 1.28283
1.53429 -1.38687 2.17799 0.285377 1.38416 1.2804
1.53307 -1.38481 2.17762 0.287801 1.38105 1.27798
1.53185 -1.38276 2.17724 0.290226 1.37794 1.27556
1.53063 -1.3807 2.17686 0.29265 1.37483 1.27314
1.52941 -1.37864 2.17649 0.295074 1.37173 1.27071
1.52819 -1.37659 2.17611 0.297498 1.36862 1.26829
1.52697 -1.37453 2.17574 0.299922 1.36551 1.26587
1.52575 -1.37247 2.17536 0.302346 1.36241 1.26344
1.52453 -1.37041 2.17498 0.30477 1.3593 1.26102
1.52331 -1.36836 2.17461 0.307194 1.35619 1.2586
1.52209 -1.3663 2.17423 0.309619 1.35309 1.25617
1.52088 -1.36424 2.17386 0.312043 1.34998 1.25375
1.51966 -1.36219 2.17348 0.314467 1.34687 1.25133
1.51844 -1.36013 2.1731 0.316891 1.34376 1.2489
1.51722 -1.35807 2.17273 0.319315 1.34066 1.24648
1.516 -1.35602 2.17235 0.321739 1.33755 1.24406
1.51478 -1.35396 2.17198 0.324163 1.33444 1.24163
1.51356 -1.3519 2.1716 0.326588 1.33134 1.23921
1.51234 -1.34985 2.17122 0.329012 1.32823 1.23679
1.51112 -1.34779 2.17085 0.331436 1.32512 1.23436
1.5099 -1.34573 2.17047 0.33386 1.32202 1.23194
1.50868 -1.34368 2.1701 0.336284 1.31891 1.22952
1.50746 -1.34162 2.16972 0.338708 1.3158 1.22709
1.50624 -1.33956 2.16934 0.341132 1.3127 1.22467
1.50502 -1.3375 2.16897 0.343556 1.30959 1.22225
1.5038 -1.33545 2.16859 0.345981 1.30648 1.21982
1.50258 -1.33339 2.16822 0.348405 1.30337 1.2174
1.50136 -1.33133 2.16784 0.350829 1.30027 1.21498
1.50014 -1.32928 2.16746 0.353253 1.29716 1.21255
1.49892 -1.32722 2.16709 0.355677 1.29405 1.21013
1.4977 -1.32516 2.16671 0.358101 1.29095 1.20771
1.49648 -1.32311 2.16634 0.360525 1.28784 1.20528
1.49526 -1.32105 2.16596 0.362949 1.28473 1.20286
1.49404 -1.31899 2.16558 0.365374 1.28163 1.20044
1.49282 -1.31694 2.16521 0.367798 1.27852 1.19801
1.4916 -1.31488 2.16483 0.370222 1.27541 1.19559
1.49039 -1.31282 2.16446 0.372646 1.2723 1.19317
1.48917 -1.31077 2.16408 0.37507 1.2692 1.19074
1.48795 -1.30871 2.1637 0.377494 1.26609 1.18832
1.48673 -1.30665 2.16333 0.379918 1.26298 1.1859
1.48551 -1.30459 2.16295 0.382343 1.25988 1.18347
1.48429 -1.30254 2.16258 0.384767 1.25677 1.18105
1.48307 -1.30048 2.1622 0.387191 1.25366 1.17863
1.48185 -1.29842 2.16182 0.389615 1.25056 1.1762
1.48063 -1.29637 2.16145 0.392039 1.24745 1.17378
1.47941 -1.29431 2.16107 0.394463 1.24434 1.17136
1.47819 -1.29225 2.1607 0.396887 1.24124 1.16893
1.47697 -1.2902 2.16032 0.399311 1.23813 1.16651
1.47575 -1.28814 2.15994 0.401736 1.23502 1.16409
1.47453 -1.28608 2.15957 0.40416 1.23191 1.16166
1.47331 -1.28403 2.15919 0.406584 1.22881 1.15924
1.47209 -1.28197 2.15882 0.409008 1.2257 1.15682
1.47087 -1.27991 2.15844 0.411432 1.22259 1.15439
1.46965 -1.27785 2.15806 0.413856 1.21949 1.15197
1.46843 -1.2758 2.15769 0.41628 1.21638 1.14955
1.46721 -1.27374 2.15731 0.418704 1.21327 1.14712
1.46599 -1.27168 2.15694 0.421129 1.21017 1.1447
1.46477 -1.26963 2.15656 0.423553 1.20706 1.14228
1.46355 -1.26757 2.15618 0.425977 1.20395 1.13985
1.46233 -1.26551 2.15581 0.428401 1.20085 1.13743
1.46111 -1.26346 2.15543 0.430825 1.19774 1.13501
1.45989 -1.2614 2.15506 0.433249 1.19463 1.13258
1.45868 -1.25934 2.15468 0.435673 1.19152 1.13016
1.45746 -1.25729 2.1543 0.438098 1.18842 1.12774
1.45624 -1.25523 2.15393 0.440522 1.18531 1.12532
1.45502 -1.25317 2.15355 0.442946 1.1822 1.12289
1.4538 -1.25112 2.15318 0.44537 1.1791 1.12047
1.45258 -1.24906 2.1528 0.447794 1.17599 1.11805
1.45136 -1.247 2.15242 0.450218 1.17288 1.11562
1.45014 -1.24494 2.15205 0.452642 1.16978 1.1132
1.44892 -1.24289 2.15167 0.455066 1.16667 1.11078
1.4477 -1.24083 2.1513 0.457491 1.16356 1.10835
1.44648 -1.23877 2.15092 0.459915 1.16045 1.10593
1.44526 -1.23672 2.15054 0.462339 1.15735 1.10351
1.44404 -1.23466 2.15017 0.464763 1.15424 1.10108
1.44282 -1.2326 2.14979 0.467187 1.15113 1.09866
1.4416 -1.23055 2.14942 0.469611 1.14803 1.09624
1.44038 -1.22849 2.14904 0.472035 1.14492 1.09381
1.43916 -1.22643 2.14866 0.474459 1.14181 1.09139
1.43794 -1.22438 2.14829 0.476884 1.13871 1.08897
1.43672 -1.22232 2.14791 0.479308 1.1356 1.08654
1.4355 -1.22026 2.14754 0.481732 1.13249 1.08412
1.43428 -1.21821 2.14716 0.484156 1.12939 1.0817
1.43306 -1.21615 2.14678 0.48658 1.12628 1.07927
1.43184 -1.21409 2.14641 0.489004 1.12317 1.07685
1.43062 -1.21203 2.14603 0.491428 1.12006 1.07443
1.4294 -1.20998 2.14566 0.493853 1.11696 1.072
1.42818 -1.20792 2.14528 0.496277 1.11385 1.06958
1.42697 -1.20586 2.1449 0.498701 1.11074 1.06716
1.42575 -1.20381 2.14453 0.501125 1.10764 1.06473
1.42453 -1.20175 2.14415 0.503549 1.10453 1.06231
1.42331 -1.19969 2.14378 0.505973 1.10142 1.05989
1.42209 -1.19764 2.1434 0.508397 1.09832 1.05746
1.42087 -1.19558 2.14302 0.510821 1.09521 1.05504
1.41965 -1.19352 2.14265 0.513246 1.0921 1.05262
1.41843 -1.19147 2.14227 0.51567 1.08899 1.05019
1.41721 -1.18941 2.1419 0.518094 1.08589 1.04777
1.41599 -1.18735 2.14152 0.520518 1.08278 1.04535
1.41477 -1.18529 2.14114 0.522942 1.07967 1.04292
1.41355 -1.18324 2.14077 0.525366 1.07657 1.0405
1.41233 -1.18118 2.14039 0.52779 1.07346 1.03808
1.41111 -1.17912 2.14002 0.530214 1.07035 1.03565
1.40989 -1.17707 2.13964 0.532639 1.06725 1.03323
1.40867 -1.17501 2.13927 0.535063 1.06414 1.03081
1.40745 -1.17295 2.13889 0.537487 1.06103 1.02838
1.40623 -1.1709 2.13851 0.539911 1.05793 1.02596
1.40501 -1.16884 2.13814 0.542335 1.05482 1.02354
1.40379 -1.16678 2.13776 0.544759 1.05171 1.02111
1.40257 -1.16473 2.13739 0.547183 1.0486 1.01869
1.40135 -1.16267 2.13701 0.549608 1.0455 1.01627
1.40013 -1.16061 2.13663 0.552032 1.04239 1.01384
1.39891 -1.15856 2.13626 0.554456 1.03928 1.01142
1.39769 -1.1565 2.13588 0.55688 1.03618 1.009
1.39647 -1.15444 2.13551 0.559304 1.03307 1.00657
1.39526 -1.15238 2.13513 0.561728 1.02996 1.00415
1.39404 -1.15033 2.13475 0.564152 1.02686 1.00173
1.39282 -1.14827 2.13438 0.566576 1.02375 0.999305
1.3916 -1.14621 2.134 0.569001 1.02064 0.996881
1.39038 -1.14416 2.13363 0.571425 1.01754 0.994458
1.38916 -1.1421 2.13325 0.573849 1.01443 0.992035
1.38794 -1.14004 2.13287 0.576273 1.01132 0.989612
1.38672 -1.13799 2.1325 0.578697 1.00821 0.987188
1.3855 -1.13593 2.13212 0.581121 1.00511 0.984765
1.38428 -1.13387 2.13175 0.583545 1.002 0.982342
1.38306 -1.13182 2.13137 0.585969 0.998893 0.979918
1.38184 -1.12976 2.13099 0.588394 0.995786 0.977495
1.38062 -1.1277 2.13062 0.590818 0.99268 0.975072
1.3794 -1.12565 2.13024 0.593242 0.989573 0.972649
1.37818 -1.12359 2.12987 0.595666 0.986466 0.970225
1.37696 -1.12153 2.12949 0.59809 0.983359 0.967802
1.37574 -1.11947 2.12911 0.600514 0.980252 0.965379
1.37452 -1.11742 2.12874 0.602938 0.977145 0.962956
1.3733 -1.11536 2.12836 0.605362 0.974038 0.960532
1.37208 -1.1133 2.12799 0.607787 0.970931 0.958109
1.37086 -1.11125 2.12761 0.610211 0.967824 0.955686
1.36964 -1.10919 2.12723 0.612635 0.964717 0.953262
1.36842 -1.10713 2.12686 0.615059 0.96161 0.950839
1.3672 -1.10508 2.12648 0.617483 0.958503 0.948416
1.36598 -1.10302 2.12611 0.619907 0.955396 0.945993
1.36476 -1.10096 2.12573 0.622331 0.952289 0.943569
1.36355 -1.09891 2.12535 0.624756 0.949182 0.941146
1.36233 -1.09685 2.12498 0.62718 0.946075 0.938723
1.36111 -1.09479 2.1246 0.629604 0.942968 0.936299
1.35989 -1.09274 2.12423 0.632028 0.939861 0.933876
1.35867 -1.09068 2.12385 0.634452 0.936754 0.931453
1.35745 -1.08862 2.12347 0.636876 0.933647 0.92903
1.35623 -1.08656 2.1231 0.6393 0.930541 0.926606
1.35501 -1.08451 2.12272 0.641724 0.927434 0.924183
1.35379 -1.08245 2.12235 0.644149 0.924327 0.92176
1.35257 -1.08039 2.12197 0.646573 0.92122 0.919337
1.35135 -1.07834 2.12159 0.648997 0.918113 0.916913
1.35013 -1.07628 2.12122 0.651421 0.915006 0.91449
1.34891 -1.07422 2.12084 0.653845 0.911899 0.912067
1.34769 -1.07217 2.12047 0.656269 0.908792 0.909643
1.34647 -1.07011 2.12009 0.658693 0.905685 0.90722
1.34525 -1.06805 2.11971 0.661117 0.902578 0.904797
1.34403 -1.066 2.11934 0.663542 0.899471 0.902374
1.34281 -1.06394 2.11896 0.665966 0.896364 0.89995
1.34159 -1.06188 2.11859 0.66839 0.893257 0.897527
1.34037 -1.05982 2.11821 0.670814 0.89015 0.895104
1.33915 -1.05777 2.11783 0.673238 0.887043 0.89268
1.33793 -1.05571 2.11746 0.675662 0.883936 0.890257
1.33671 -1.05365 2.11708 0.678086 0.880829 0.887834
1.33549 -1.0516 2.11671 0.680511 0.877722 0.885411
1.33427 -1.04954 2.11633 0.682935 0.874615 0.882987
1.33306 -1.04748 2.11595 0.685359 0.871508 0.880564
1.33184 -1.04543 2.11558 0.687783 0.868402 0.878141
1.33062 -1.04337 2.1152 0.690207 0.865295 0.875718
1.3294 -1.04131 2.11483 0.692631 0.862188 0.873294
1.32818 -1.03926 2.11445 0.695055 0.859081 0.870871
1.32696 -1.0372 2.11407 0.697479 0.855974 0.868448
1.32574 -1.03514 2.1137 0.699904 0.852867 0.866024
1.32452 -1.03309 2.11332 0.702328 0.84976 0.863601
1.3233 -1.03103 2.11295 0.704752 0.846653 0.861178
1.32208 -1.02897 2.11257 0.707176 0.843546 0.858755
1.32086 -1.02691 2.11219 0.7096 0.840439 0.856331
1.31964 -1.02486 2.11182 0.712024 0.837332 0.853908
1.31842 -1.0228 2.11144 0.714448 0.834225 0.851485
1.3172 -1.02074 2.11107 0.716872 0.831118 0.849061
1.31598 -1.01869 2.11069 0.719297 0.828011 0.846638
1.31476 -1.01663 2.11031 0.721721 0.824904 0.844215
1.31354 -1.01457 2.10994 0.724145 0.821797 0.841792
1.31232 -1.01252 2.10956 0.726569 0.81869 0.839368
1.3111 -1.01046 2.10919 0.728993 0.815583 0.836945
1.30988 -1.0084 2.10881 0.731417 0.812476 0.834522
1.30866 -1.00635 2.10843 0.733841 0.809369 0.832099
1.30744 -1.00429 2.10806 0.736266 0.806263 0.829675
1.30622 -1.00223 2.10768 0.73869 0.803156 0.827252
1.305 -1.00018 2.10731 0.741114 0.800049 0.824829
1.30378 -0.998118 2.10693 0.743538 0.796942 0.822405
1.30256 -0.996061 2.10655 0.745962 0.793835 0.819982
1.30135 -0.994005 2.10618 0.748386 0.790728 0.817559
1.30013 -0.991948 2.1058 0.75081 0.787621 0.815136
1.29891 -0.989891 2.10543 0.753234 0.784514 0.812712
1.29769 -0.987834 2.10505 0.755659 0.781407 0.810289
1.29647 -0.985777 2.10467 0.758083 0.7783 0.807866
1.29525 -0.98372 2.1043 0.760507 0.775193 0.805442
1.29403 -0.981663 2.10392 0.762931 0.772086 0.803019
1.29281 -0.979606 2.10355 0.765355 0.768979 0.800596
1.29159 -0.97755 2.10317 0.767779 0.765872 0.798173
1.29037 -0.975493 2.10279 0.770203 0.762765 0.795749
1.28915 -0.973436 2.10242 0.772627 0.759658 0.793326
1.28793 -0.971379 2.10204 0.775052 0.756551 0.790903
1.28671 -0.969322 2.10167 0.777476 0.753444 0.78848
1.28549 -0.967265 2.10129 0.7799 0.750337 0.786056
1.28427 -0.965208 2.10091 0.782324 0.74723 0.783633
1.28305 -0.963151 2.10054 0.784748 0.744124 0.78121
1.28183 -0.961094 2.10016 0.787172 0.741017 0.778786
1.28061 -0.959038 2.09979 0.789596 0.73791 0.776363
1.27939 -0.956981 2.09941 0.792021 0.734803 0.77394
1.27817 -0.954924 2.09903 0.794445 0.731696 0.771517
1.27695 -0.952867 2.09866 0.796869 0.728589 0.769093
1.27573 -0.95081 2.09828 0.799293 0.725482 0.76667
1.27451 -0.948753 2.09791 0.801717 0.722375 0.764247
1.27329 -0.946696 2.09753 0.804141 0.719268 0.761823
1.27207 -0.944639 2.09715 0.806565 0.716161 0.7594
1.27085 -0.942582 2.09678 0.808989 0.713054 0.756977
1.26964 -0.940526 2.0964 0.811414 0.709947 0.754554
1.26842 -0.938469 2.09603 0.813838 0.70684 0.75213
1.2672 -0.936412 2.09565 0.816262 0.703733 0.749707
1.26598 -0.934355 2.09527 0.818686 0.700626 0.747284
1.26476 -0.932298 2.0949 0.82111 0.697519 0.74486
1.26354 -0.930241 2.09452 0.823534 0.694412 0.742437
1.26232 -0.928184 2.09415 0.825958 0.691305 0.740014
1.2611 -0.926127 2.09377 0.828382 0.688198 0.737591
1.25988 -0.92407 2.09339 0.830807 0.685091 0.735167
1.25866 -0.922014 2.09302 0.833231 0.681985 0.732744
1.25744 -0.919957 2.09264 0.835655 0.678878 0.730321
1.25622 -0.9179 2.09227 0.838079 0.675771 0.727898
1.255 -0.915843 2.09189 0.840503 0.672664 0.725474
1.25378 -0.913786 2.09151 0.842927 0.669557 0.723051
1.25256 -0.911729 2.09114 0.845351 0.66645 0.720628
1.25134 -0.909672 2.09076 0.847776 0.663343 0.718204
1.25012 -0.907615 2.09039 0.8502 0.660236 0.715781
1.2489 -0.905558 2.09001 0.852624 0.657129 0.713358
1.24768 -0.903502 2.08963 0.855048 0.654022 0.710935
1.24646 -0.901445 2.08926 0.857472 0.650915 0.708511
1.24524 -0.899388 2.08888 0.859896 0.647808 0.706088
1.24402 -0.897331 2.08851 0.86232 0.644701 0.703665
1.2428 -0.895274 2.08813 0.864744 0.641594 0.701241
1.24158 -0.893217 2.08775 0.867169 0.638487 0.698818
1.24036 -0.89116 2.08738 0.869593 0.63538 0.696395
1.23914 -0.889103 2.087 0.872017 0.632273 0.693972
1.23793 -0.887047 2.08663 0.874441 0.629166 0.691548
1.23671 -0.88499 2.08625 0.876865 0.626059 0.689125
1.23549 -0.882933 2.08587 0.879289 0.622952 0.686702
1.23427 -0.880876 2.0855 0.881713 0.619846 0.684279
1.23305 -0.878819 2.08512 0.884137 0.616739 0.681855
1.23183 -0.876762 2.08475 0.886562 0.613632 0.679432
1.23061 -0.874705 2.08437 0.888986 0.610525 0.677009
1.22939 -0.872648 2.08399 0.89141 0.607418 0.674585
1.22817 -0.870591 2.08362 0.893834 0.604311 0.672162
1.22695 -0.868535 2.08324 0.896258 0.601204 0.669739
1.22573 -0.866478 2.08287 0.898682 0.598097 0.667316
1.22451 -0.864421 2.08249 0.901106 0.59499 0.664892
1.22329 -0.862364 2.08212 0.903531 0.591883 0.662469
1.22207 -0.860307 2.08174 0.905955 0.588776 0.660046
1.22085 -0.85825 2.08136 0.908379 0.585669 0.657622
1.21963 -0.856193 2.08099 0.910803 0.582562 0.655199
1.21841 -0.854136 2.08061 0.913227 0.579455 0.652776
1.21719 -0.852079 2.08024 0.915651 0.576348 0.650353
1.21597 -0.850023 2.07986 0.918075 0.573241 0.647929
1.21475 -0.847966 2.07948 0.920499 0.570134 0.645506
1.21353 -0.845909 2.07911 0.922924 0.567027 0.643083
1.21231 -0.843852 2.07873 0.925348 0.56392 0.64066
1.21109 -0.841795 2.07836 0.927772 0.560813 0.638236
1.20987 -0.839738 2.07798 0.930196 0.557707 0.635813
1.20865 -0.837681 2.0776 0.93262 0.5546 0.63339
1.20743 -0.835624 2.07723 0.935044 0.551493 0.630966
1.20622 -0.833567 2.07685 0.937468 0.548386 0.628543
1.205 -0.831511 2.07648 0.939892 0.545279 0.62612
1.20378 -0.829454 2.0761 0.942317 0.542172 0.623697
1.20256 -0.827397 2.07572 0.944741 0.539065 0.621273
1.20134 -0.82534 2.07535 0.947165 0.535958 0.61885
1.20012 -0.823283 2.07497 0.949589 0.532851 0.616427
1.1989 -0.821226 2.0746 0.952013 0.529744 0.614003
1.19768 -0.819169 2.07422 0.954437 0.526637 0.61158
1.19646 -0.817112 2.07384 0.956861 0.52353 0.609157
1.19524 -0.815056 2.07347 0.959286 0.520423 0.606734
1.19402 -0.812999 2.07309 0.96171 0.517316 0.60431
1.1928 -0.810942 2.07272 0.964134 0.514209 0.601887
1.19158 -0.808885 2.07234 0.966558 0.511102 0.599464
1.19036 -0.806828 2.07196 0.968982 0.507995 0.597041
1.18914 -0.804771 2.07159 0.971406 0.504888 0.594617
1.18792 -0.802714 2.07121 0.97383 0.501781 0.592194
1.1867 -0.800657 2.07084 0.976254 0.498674 0.589771
1.18548 -0.7986 2.07046 0.978679 0.495568 0.587347
1.18426 -0.796544 2.07008 0.981103 0.492461 0.584924
1.18304 -0.794487 2.06971 0.983527 0.489354 0.582501
1.18182 -0.79243 2.06933 0.985951 0.486247 0.580078
1.1806 -0.790373 2.06896 0.988375 0.48314 0.577654
1.17938 -0.788316 2.06858 0.990799 0.480033 0.575231
1.17816 -0.786259 2.0682 0.993223 0.476926 0.572808
1.17694 -0.784202 2.06783 0.995647 0.473819 0.570384
1.17573 -0.782145 2.06745 0.998072 0.470712 0.567961
1.17451 -0.780088 2.06708 1.0005 0.467605 0.565538
1.17329 -0.778032 2.0667 1.00292 0.464498 0.563115
1.17207 -0.775975 2.06632 1.00534 0.461391 0.560691
1.17085 -0.773918 2.06595 1.00777 0.458284 0.558268
1.16963 -0.771861 2.06557 1.01019 0.455177 0.555845
1.16841 -0.769804 2.0652 1.01262 0.45207 0.553422
1.16719 -0.767747 2.06482 1.01504 0.448963 0.550998
1.16597 -0.76569 2.06444 1.01746 0.445856 0.548575
1.16475 -0.763633 2.06407 1.01989 0.442749 0.546152
1.16353 -0.761576 2.06369 1.02231 0.439642 0.543728
1.16231 -0.75952 2.06332 1.02474 0.436535 0.541305
1.16109 -0.757463 2.06294 1.02716 0.433429 0.538882
1.15987 -0.755406 2.06256 1.02959 0.430322 0.536459
1.15865 -0.753349 2.06219 1.03201 0.427215 0.534035
1.15743 -0.751292 2.06181 1.03443 0.424108 0.531612
1.15621 -0.749235 2.06144 1.03686 0.421001 0.529189
1.15499 -0.747178 2.06106 1.03928 0.417894 0.526765
1.15377 -0.745121 2.06068 1.04171 0.414787 0.524342
1.15255 -0.743065 2.06031 1.04413 0.41168 0.521919
1.15133 -0.741008 2.05993 1.04655 0.408573 0.519496
1.15011 -0.738951 2.05956 1.04898 0.405466 0.517072
1.14889 -0.736894 2.05918 1.0514 0.402359 0.514649
1.14767 -0.734837 2.0588 1.05383 0.399252 0.512226
1.14645 -0.73278 2.05843 1.05625 0.396145 0.509803
1.14523 -0.730723 2.05805 1.05867 0.393038 0.507379
1.14402 -0.728666 2.05768 1.0611 0.389931 0.504956
1.1428 -0.726609 2.0573 1.06352 0.386824 0.502533
1.14158 -0.724553 2.05692 1.06595 0.383717 0.500109
1.14036 -0.722496 2.05655 1.06837 0.38061 0.497686
1.13914 -0.720439 2.05617 1.0708 0.377503 0.495263
1.13792 -0.718382 2.0558 1.07322 0.374396 0.49284
1.1367 -0.716325 2.05542 1.07564 0.37129 0.490416
1.13548 -0.714268 2.05504 1.07807 0.368183 0.487993
1.13426 -0.712211 2.05467 1.08049 0.365076 0.48557
1.13304 -0.710154 2.05429 1.08292 0.361969 0.483146
1.13182 -0.708097 2.05392 1.08534 0.358862 0.480723
1.1306 -0.706041 2.05354 1.08776 0.355755 0.4783
1.12938 -0.703984 2.05316 1.09019 0.352648 0.475877
1.12816 -0.701927 2.05279 1.09261 0.349541 0.473453
1.12694 -0.69987 2.05241 1.09504 0.346434 0.47103
1.12572 -0.697813 2.05204 1.09746 0.343327 0.468607
1.1245 -0.695756 2.05166 1.09989 0.34022 0.466184
1.12328 -0.693699 2.05128 1.10231 0.337113 0.46376
1.12206 -0.691642 2.05091 1.10473 0.334006 0.461337
1.12084 -0.689585 2.05053 1.10716 0.330899 0.458914
1.11962 -0.687529 2.05016 1.10958 0.327792 0.45649
1.1184 -0.685472 2.04978 1.11201 0.324685 0.454067
1.11718 -0.683415 2.0494 1.11443 0.321578 0.451644
1.11596 -0.681358 2.04903 1.11685 0.318471 0.449221
1.11474 -0.679301 2.04865 1.11928 0.315364 0.446797
1.11352 -0.677244 2.04828 1.1217 0.312257 0.444374
1.11231 -0.675187 2.0479 1.12413 0.309151 0.441951
1.11109 -0.67313 2.04752 1.12655 0.306044 0.439527
1.10987 -0.671073 2.04715 1.12897 0.302937 0.437104
1.10865 -0.669017 2.04677 1.1314 0.29983 0.434681
1.10743 -0.66696 2.0464 1.13382 0.296723 0.432258
1.10621 -0.664903 2.04602 1.13625 0.293616 0.429834
1.10499 -0.662846 2.04564 1.13867 0.290509 0.427411
1.10377 -0.660789 2.04527 1.1411 0.287402 0.424988
1.10255 -0.658732 2.04489 1.14352 0.284295 0.422565
1.10133 -0.656675 2.04452 1.14594 0.281188 0.420141
1.10011 -0.654618 2.04414 1.14837 0.278081 0.417718
1.09889 -0.652562 2.04376 1.15079 0.274974 0.415295
1.09767 -0.650505 2.04339 1.15322 0.271867 0.412871
1.09645 -0.648448 2.04301 1.15564 0.26876 0.410448
1.09523 -0.646391 2.04264 1.15806 0.265653 0.408025
1.09401 -0.644334 2.04226 1.16049 0.262546 0.405602
1.09279 -0.642277 2.04188 1.16291 0.259439 0.403178
1.09157 -0.64022 2.04151 1.16534 0.256332 0.400755
1.09035 -0.638163 2.04113 1.16776 0.253225 0.398332
1.08913 -0.636106 2.04076 1.17018 0.250118 0.395908
1.08791 -0.63405 2.04038 1.17261 0.247012 0.393485
1.08669 -0.631993 2.04 1.17503 0.243905 0.391062
1.08547 -0.629936 2.03963 1.17746 0.240798 0.388639
1.08425 -0.627879 2.03925 1.17988 0.237691 0.386215
1.08303 -0.625822 2.03888 1.18231 0.234584 0.383792
1.08181 -0.623765 2.0385 1.18473 0.231477 0.381369
1.0806 -0.621708 2.03812 1.18715 0.22837 0.378946
1.07938 -0.619651 2.03775 1.18958 0.225263 0.376522
1.07816 -0.617594 2.03737 1.192 0.222156 0.374099
1.07694 -0.615538 2.037 1.19443 0.219049 0.371676
1.07572 -0.613481 2.03662 1.19685 0.215942 0.369252
1.0745 -0.611424 2.03624 1.19927 0.212835 0.366829
1.07328 -0.609367 2.03587 1.2017 0.209728 0.364406
1.07206 -0.60731 2.03549 1.20412 0.206621 0.361983
1.07084 -0.605253 2.03512 1.20655 0.203514 0.359559
1.06962 -0.603196 2.03474 1.20897 0.200407 0.357136
1.0684 -0.601139 2.03436 1.2114 0.1973 0.354713
1.06718 -0.599082 2.03399 1.21382 0.194193 0.352289
1.06596 -0.597026 2.03361 1.21624 0.191086 0.349866
1.06474 -0.594969 2.03324 1.21867 0.18798 0.347443
1.06352 -0.592912 2.03286 1.22109 0.184873 0.34502
1.0623 -0.590855 2.03248 1.22352 0.181766 0.342596
1.06108 -0.588798 2.03211 1.22594 0.178659 0.340173
1.05986 -0.586741 2.03173 1.22836 0.175552 0.33775
1.05864 -0.584684 2.03136 1.23079 0.172445 0.335327
1.05742 -0.582627 2.03098 1.23321 0.169338 0.332903
1.0562 -0.580571 2.0306 1.23564 0.166231 0.33048
1.05498 -0.578514 2.03023 1.23806 0.163124 0.328057
1.05376 -0.576457 2.02985 1.24048 0.160017 0.325633
1.05254 -0.5744 2.02948 1.24291 0.15691 0.32321
1.05132 -0.572343 2.0291 1.24533 0.153803 0.320787
1.0501 -0.570286 2.02872 1.24776 0.150696 0.318364
1.04889 -0.568229 2.02835 1.25018 0.147589 0.31594
1.04767 -0.566172 2.02797 1.25261 0.144482 0.313517
1.04645 -0.564115 2.0276 1.25503 0.141375 0.311094
1.04523 -0.562059 2.02722 1.25745 0.138268 0.30867
1.04401 -0.560002 2.02684 1.25988 0.135161 0.306247
1.04279 -0.557945 2.02647 1.2623 0.132054 0.303824
1.04157 -0.555888 2.02609 1.26473 0.128947 0.301401
1.04035 -0.553831 2.02572 1.26715 0.125841 0.298977
1.03913 -0.551774 2.02534 1.26957 0.122734 0.296554
1.03791 -0.549717 2.02496 1.272 0.119627 0.294131
1.03669 -0.54766 2.02459 1.27442 0.11652 0.291708
1.03547 -0.545603 2.02421 1.27685 0.113413 0.289284
1.03425 -0.543547 2.02384 1.27927 0.110306 0.286861
1.03303 -0.54149 2.02346 1.28169 0.107199 0.284438
1.03181 -0.539433 2.02309 1.28412 0.104092 0.282014
1.03059 -0.537376 2.02271 1.28654 0.100985 0.279591
1.02937 -0.535319 2.02233 1.28897 0.097878 0.277168
1.02815 -0.533262 2.02196 1.29139 0.094771 0.274745
1.02693 -0.531205 2.02158 1.29382 0.0916641 0.272321
1.02571 -0.529148 2.02121 1.29624 0.0885571 0.269898
1.02449 -0.527091 2.02083 1.29866 0.0854502 0.267475
1.02327 -0.525035 2.02045 1.30109 0.0823432 0.265051
1.02205 -0.522978 2.02008 1.30351 0.0792363 0.262628
1.02083 -0.520921 2.0197 1.30594 0.0761293 0.260205
1.01961 -0.518864 2.01933 1.30836 0.0730224 0.257782
1.01839 -0.516807 2.01895 1.31078 0.0699154 0.255358
1.01718 -0.51475 2.01857 1.31321 0.0668085 0.252935
1.01596 -0.512693 2.0182 1.31563 0.0637015 0.250512
1.01474 -0.510636 2.01782 1.31806 0.0605946 0.248089
1.01352 -0.50858 2.01745 1.32048 0.0574876 0.245665
1.0123 -0.506523 2.01707 1.32291 0.0543807 0.243242
1.01108 -0.504466 2.01669 1.32533 0.0512737 0.240819
1.00986 -0.502409 2.01632 1.32775 0.0481668 0.238395
1.00864 -0.500352 2.01594 1.33018 0.0450598 0.235972
1.00742 -0.498295 2.01557 1.3326 0.0419529 0.233549
1.0062 -0.496238 2.01519 1.33503 0.0388459 0.231126
1.00498 -0.494181 2.01481 1.33745 0.035739 0.228702
1.00376 -0.492124 2.01444 1.33987 0.032632 0.226279
1.00254 -0.490068 2.01406 1.3423 0.0295251 0.223856
1.00132 -0.488011 2.01369 1.34472 0.0264181 0.221432
1.0001 -0.485954 2.01331 1.34715 0.0233112 0.219009
0.998881 -0.483897 2.01293 1.34957 0.0202042 0.216586
0.997662 -0.48184 2.01256 1.35199 0.0170973 0.214163
0.996442 -0.479783 2.01218 1.35442 0.0139903 0.211739
0.995222 -0.477726 2.01181 1.35684 0.0108834 0.209316
0.994003 -0.475669 2.01143 1.35927 0.00777641 0.206893
0.992783 -0.473612 2.01105 1.36169 0.00466946 0.20447
0.991564 -0.471556 2.01068 1.36412 0.00156251 0.202046
0.990344 -0.469499 2.0103 1.36654 -0.00154444 0.199623
0.989124 -0.467442 2.00993 1.36896 -0.00465139 0.1972
0.987905 -0.465385 2.00955 1.37139 -0.00775834 0.194776
0.986685 -0.463328 2.00917 1.37381 -0.0108653 0.192353
0.985465 -0.461271 2.0088 1.37624 -0.0139722 0.18993
0.984246 -0.459214 2.00842 1.37866 -0.0170792 0.187507
0.983026 -0.457157 2.00805 1.38108 -0.0201861 0.185083
0.981807 -0.4551 2.00767 1.38351 -0.0232931 0.18266
0.980587 -0.453044 2.00729 1.38593 -0.0264 0.180237
0.979367 -0.450987 2.00692 1.38836 -0.029507 0.177813
0.978148 -0.44893 2.00654 1.39078 -0.0326139 0.17539
0.976928 -0.446873 2.00617 1.3932 -0.0357209 0.172967
0.975709 -0.444816 2.00579 1.39563 -0.0388278 0.170544
0.974489 -0.442759 2.00541 1.39805 -0.0419348 0.16812
0.973269 -0.440702 2.00504 1.40048 -0.0450417 0.165697
0.97205 -0.438645 2.00466 1.4029 -0.0481487 0.163274
0.97083 -0.436589 2.00429 1.40533 -0.0512556 0.16085
0.96961 -0.434532 2.00391 1.40775 -0.0543626 0.158427
0.968391 -0.432475 2.00353 1.41017 -0.0574695 0.156004
0.967171 -0.430418 2.00316 1.4126 -0.0605765 0.153581
0.965952 -0.428361 2.00278 1.41502 -0.0636834 0.151157
0.964732 -0.426304 2.00241 1.41745 -0.0667904 0.148734
0.963512 -0.424247 2.00203 1.41987 -0.0698973 0.146311
0.962293 -0.42219 2.00165 1.42229 -0.0730043 0.143888
0.961073 -0.420133 2.00128 1.42472 -0.0761112 0.141464
0.959854 -0.418077 2.0009 1.42714 -0.0792182 0.139041
0.958634 -0.41602 2.00053 1.42957 -0.0823251 0.136618
0.957414 -0.413963 2.00015 1.43199 -0.0854321 0.134194
0.956195 -0.411906 1.99977 1.43442 -0.088539 0.131771
0.954975 -0.409849 1.9994 1.43684 -0.091646 0.129348
0.953756 -0.407792 1.99902 1.43926 -0.0947529 0.126925
0.952536 -0.405735 1.99865 1.44169 -0.0978599 0.124501
0.951316 -0.403678 1.99827 1.44411 -0.100967 0.122078
0.950097 -0.401621 1.99789 1.44654 -0.104074 0.119655
0.948877 -0.399565 1.99752 1.44896 -0.107181 0.117231
0.947657 -0.397508 1.99714 1.45138 -0.110288 0.114808
0.946438 -0.395451 1.99677 1.45381 -0.113395 0.112385
0.945218 -0.393394 1.99639 1.45623 -0.116502 0.109962
0.943999 -0.391337 1.99601 1.45866 -0.119609 0.107538
0.942779 -0.38928 1.99564 1.46108 -0.122715 0.105115
0.941559 -0.387223 1.99526 1.4635 -0.125822 0.102692
0.94034 -0.385166 1.99489 1.46593 -0.128929 0.100269
0.93912 -0.383109 1.99451 1.46835 -0.132036 0.0978453
0.937901 -0.381053 1.99413 1.47078 -0.135143 0.095422
0.936681 -0.378996 1.99376 1.4732 -0.13825 0.0929987
0.935461 -0.376939 1.99338 1.47563 -0.141357 0.0905754
0.934242 -0.374882 1.99301 1.47805 -0.144464 0.0881522
0.933022 -0.372825 1.99263 1.48047 -0.147571 0.0857289
0.931802 -0.370768 1.99225 1.4829 -0.150678 0.0833056
0.930583 -0.368711 1.99188 1.48532 -0.153785 0.0808823
0.929363 -0.366654 1.9915 1.48775 -0.156892 0.078459
0.928144 -0.364597 1.99113 1.49017 -0.159999 0.0760358
0.926924 -0.362541 1.99075 1.49259 -0.163106 0.0736125
0.925704 -0.360484 1.99037 1.49502 -0.166213 0.0711892
0.924485 -0.358427 1.99 1.49744 -0.16932 0.0687659
0.923265 -0.35637 1.98962 1.49987 -0.172427 0.0663427
0.922046 -0.354313 1.98925 1.50229 -0.175534 0.0639194
0.920826 -0.352256 1.98887 1.50471 -0.178641 0.0614961
0.919606 -0.350199 1.98849 1.50714 -0.181748 0.0590728
0.918387 -0.348142 1.98812 1.50956 -0.184854 0.0566495
0.917167 -0.346086 1.98774 1.51199 -0.187961 0.0542263
0.915948 -0.344029 1.98737 1.51441 -0.191068 0.051803
0.914728 -0.341972 1.98699 1.51684 -0.194175 0.0493797
0.913508 -0.339915 1.98661 1.51926 -0.197282 0.0469564
0.912289 -0.337858 1.98624 1.52168 -0.200389 0.0445332
0.911069 -0.335801 1.98586 1.52411 -0.203496 0.0421099
0.909849 -0.333744 1.98549 1.52653 -0.206603 0.0396866
0.90863 -0.331687 1.98511 1.52896 -0.20971 0.0372633
0.90741 -0.32963 1.98473 1.53138 -0.212817 0.03484
0.906191 -0.327574 1.98436 1.5338 -0.215924 0.0324168
0.904971 -0.325517 1.98398 1.53623 -0.219031 0.0299935
0.903751 -0.32346 1.98361 1.53865 -0.222138 0.0275702
0.902532 -0.321403 1.98323 1.54108 -0.225245 0.0251469
0.901312 -0.319346 1.98285 1.5435 -0.228352 0.0227236
0.900093 -0.317289 1.98248 1.54593 -0.231459 0.0203004
0.898873 -0.315232 1.9821 1.54835 -0.234566 0.0178771
0.897653 -0.313175 1.98173 1.55077 -0.237673 0.0154538
0.896434 -0.311118 1.98135 1.5532 -0.24078 0.0130305
0.895214 -0.309062 1.98097 1.55562 -0.243887 0.0106073
0.893995 -0.307005 1.9806 1.55805 -0.246993 0.00818398
0.892775 -0.304948 1.98022 1.56047 -0.2501 0.0057607
0.891555 -0.302891 1.97985 1.56289 -0.253207 0.00333743
0.890336 -0.300834 1.97947 1.56532 -0.256314 0.000914148
0.889116 -0.298777 1.97909 1.56774 -0.259421 -0.00150913
0.887896 -0.29672 1.97872 1.57017 -0.262528 -0.00393241
0.886677 -0.294663 1.97834 1.57259 -0.265635 -0.00635569
0.885457 -0.292606 1.97797 1.57501 -0.268742 -0.00877896
0.884238 -0.29055 1.97759 1.57744 -0.271849 -0.0112022
0.883018 -0.288493 1.97721 1.57986 -0.274956 -0.0136255
0.881798 -0.286436 1.97684 1.58229 -0.278063 -0.0160488
0.880579 -0.284379 1.97646 1.58471 -0.28117 -0.0184721
0.879359 -0.282322 1.97609 1.58714 -0.284277 -0.0208954
0.87814 -0.280265 1.97571 1.58956 -0.287384 -0.0233186
0.87692 -0.278208 1.97533 1.59198 -0.290491 -0.0257419
0.8757 -0.276151 1.97496 1.59441 -0.293598 -0.0281652
0.874481 -0.274095 1.97458 1.59683 -0.296705 -0.0305885
0.873261 -0.272038 1.97421 1.59926 -0.299812 -0.0330117
0.872041 -0.269981 1.97383 1.60168 -0.302919 -0.035435
0.870822 -0.267924 1.97345 1.6041 -0.306026 -0.0378583
0.869602 -0.265867 1.97308 1.60653 -0.309132 -0.0402816
0.868383 -0.26381 1.9727 1.60895 -0.312239 -0.0427049
0.867163 -0.261753 1.97233 1.61138 -0.315346 -0.0451281
0.865943 -0.259696 1.97195 1.6138 -0.318453 -0.0475514
0.864724 -0.257639 1.97157 1.61622 -0.32156 -0.0499747
0.863504 -0.255583 1.9712 1.61865 -0.324667 -0.052398
0.862285 -0.253526 1.97082 1.62107 -0.327774 -0.0548212
0.861065 -0.251469 1.97045 1.6235 -0.330881 -0.0572445
0.859845 -0.249412 1.97007 1.62592 -0.333988 -0.0596678
0.858626 -0.247355 1.96969 1.62835 -0.337095 -0.0620911
0.857406 -0.245298 1.96932 1.63077 -0.340202 -0.0645144
0.856187 -0.243241 1.96894 1.63319 -0.343309 -0.0669376
0.854967 -0.241184 1.96857 1.63562 -0.346416 -0.0693609
0.853747 -0.239127 1.96819 1.63804 -0.349523 -0.0717842
0.852528 -0.237071 1.96781 1.64047 -0.35263 -0.0742075
0.851308 -0.235014 1.96744 1.64289 -0.355737 -0.0766307
0.850088 -0.232957 1.96706 1.64531 -0.358844 -0.079054
0.848869 -0.2309 1.96669 1.64774 -0.361951 -0.0814773
0.847649 -0.228843 1.96631 1.65016 -0.365058 -0.0839006
0.84643 -0.226786 1.96594 1.65259 -0.368165 -0.0863239
0.84521 -0.224729 1.96556 1.65501 -0.371271 -0.0887471
0.84399 -0.222672 1.96518 1.65744 -0.374378 -0.0911704
0.842771 -0.220615 1.96481 1.65986 -0.377485 -0.0935937
0.841551 -0.218559 1.96443 1.66228 -0.380592 -0.096017
0.840332 -0.216502 1.96406 1.66471 -0.383699 -0.0984403
0.839112 -0.214445 1.96368 1.66713 -0.386806 -0.100864
0.837892 -0.212388 1.9633 1.66956 -0.389913 -0.103287
0.836673 -0.210331 1.96293 1.67198 -0.39302 -0.10571
0.835453 -0.208274 1.96255 1.6744 -0.396127 -0.108133
0.834233 -0.206217 1.96218 1.67683 -0.399234 -0.110557
0.833014 -0.20416 1.9618 1.67925 -0.402341 -0.11298
0.831794 -0.202104 1.96142 1.68168 -0.405448 -0.115403
0.830575 -0.200047 1.96105 1.6841 -0.408555 -0.117826
0.829355 -0.19799 1.96067 1.68652 -0.411662 -0.12025
0.828135 -0.195933 1.9603 1.68895 -0.414769 -0.122673
0.826916 -0.193876 1.95992 1.69137 -0.417876 -0.125096
0.825696 -0.191819 1.95954 1.6938 -0.420983 -0.12752
0.824477 -0.189762 1.95917 1.69622 -0.42409 -0.129943
0.823257 -0.187705 1.95879 1.69865 -0.427197 -0.132366
0.822037 -0.185648 1.95842 1.70107 -0.430304 -0.134789
0.820818 -0.183592 1.95804 1.70349 -0.43341 -0.137213
0.819598 -0.181535 1.95766 1.70592 -0.436517 -0.139636
0.818379 -0.179478 1.95729 1.70834 -0.439624 -0.142059
0.817159 -0.177421 1.95691 1.71077 -0.442731 -0.144483
0.815939 -0.175364 1.95654 1.71319 -0.445838 -0.146906
0.81472 -0.173307 1.95616 1.71561 -0.448945 -0.149329
0.8135 -0.17125 1.95578 1.71804 -0.452052 -0.151752
0.81228 -0.169193 1.95541 1.72046 -0.455159 -0.154176
0.811061 -0.167136 1.95503 1.72289 -0.458266 -0.156599
0.809841 -0.16508 1.95466 1.72531 -0.461373 -0.159022
0.808622 -0.163023 1.95428 1.72773 -0.46448 -0.161445
0.807402 -0.160966 1.9539 1.73016 -0.467587 -0.163869
0.806182 -0.158909 1.95353 1.73258 -0.470694 -0.166292
0.804963 -0.156852 1.95315 1.73501 -0.473801 -0.168715
0.803743 -0.154795 1.95278 1.73743 -0.476908 -0.171139
0.802524 -0.152738 1.9524 1.73986 -0.480015 -0.173562
0.801304 -0.150681 1.95202 1.74228 -0.483122 -0.175985
0.800084 -0.148624 1.95165 1.7447 -0.486229 -0.178408
0.798865 -0.146568 1.95127 1.74713 -0.489336 -0.180832
0.797645 -0.144511 1.9509 1.74955 -0.492443 -0.183255
0.796426 -0.142454 1.95052 1.75198 -0.495549 -0.185678
0.795206 -0.140397 1.95014 1.7544 -0.498656 -0.188102
0.793986 -0.13834 1.94977 1.75682 -0.501763 -0.190525
0.792767 -0.136283 1.94939 1.75925 -0.50487 -0.192948
0.791547 -0.134226 1.94902 1.76167 -0.507977 -0.195371
0.790327 -0.132169 1.94864 1.7641 -0.511084 -0.197795
0.789108 -0.130112 1.94826 1.76652 -0.514191 -0.200218
0.787888 -0.128056 1.94789 1.76895 -0.517298 -0.202641
0.786669 -0.125999 1.94751 1.77137 -0.520405 -0.205064
0.785449 -0.123942 1.94714 1.77379 -0.523512 -0.207488
0.784229 -0.121885 1.94676 1.77622 -0.526619 -0.209911
0.78301 -0.119828 1.94638 1.77864 -0.529726 -0.212334
0.78179 -0.117771 1.94601 1.78107 -0.532833 -0.214758
0.780571 -0.115714 1.94563 1.78349 -0.53594 -0.217181
0.779351 -0.113657 1.94526 1.78591 -0.539047 -0.219604
0.778131 -0.111601 1.94488 1.78834 -0.542154 -0.222027
0.776912 -0.109544 1.9445 1.79076 -0.545261 -0.224451
0.775692 -0.107487 1.94413 1.79319 -0.548368 -0.226874
0.774472 -0.10543 1.94375 1.79561 -0.551475 -0.229297
0.773253 -0.103373 1.94338 1.79803 -0.554582 -0.231721
0.772033 -0.101316 1.943 1.80046 -0.557688 -0.234144
0.770814 -0.0992592 1.94262 1.80288 -0.560795 -0.236567
0.769594 -0.0972023 1.94225 1.80531 -0.563902 -0.23899
0.768374 -0.0951454 1.94187 1.80773 -0.567009 -0.241414
0.767155 -0.0930886 1.9415 1.81016 -0.570116 -0.243837
0.765935 -0.0910317 1.94112 1.81258 -0.573223 -0.24626
0.764716 -0.0889748 1.94074 1.815 -0.57633 -0.248683
0.763496 -0.0869179 1.94037 1.81743 -0.579437 -0.251107
0.762276 -0.084861 1.93999 1.81985 -0.582544 -0.25353
0.761057 -0.0828041 1.93962 1.82228 -0.585651 -0.255953
0.759837 -0.0807472 1.93924 1.8247 -0.588758 -0.258377
0.758618 -0.0786903 1.93886 1.82712 -0.591865 -0.2608
0.757398 -0.0766335 1.93849 1.82955 -0.594972 -0.263223
0.756178 -0.0745766 1.93811 1.83197 -0.598079 -0.265646
0.754959 -0.0725197 1.93774 1.8344 -0.601186 -0.26807
0.753739 -0.0704628 1.93736 1.83682 -0.604293 -0.270493
0.752519 -0.0684059 1.93698 1.83924 -0.6074 -0.272916
0.7513 -0.066349 1.93661 1.84167 -0.610507 -0.27534
0.75008 -0.0642921 1.93623 1.84409 -0.613614 -0.277763
0.748861 -0.0622353 1.93586 1.84652 -0.61672 -0.280186
0.747641 -0.0601784 1.93548 1.84894 -0.619827 -0.282609
0.746421 -0.0581215 1.9351 1.85137 -0.622934 -0.285033
0.745202 -0.0560646 1.93473 1.85379 -0.626041 -0.287456
0.743982 -0.0540077 1.93435 1.85621 -0.629148 -0.289879
0.742763 -0.0519508 1.93398 1.85864 -0.632255 -0.292302
0.741543 -0.0498939 1.9336 1.86106 -0.635362 -0.294726
0.740323 -0.0478371 1.93322 1.86349 -0.638469 -0.297149
0.739104 -0.0457802 1.93285 1.86591 -0.641576 -0.299572
0.737884 -0.0437233 1.93247 1.86833 -0.644683 -0.301996
0.736664 -0.0416664 1.9321 1.87076 -0.64779 -0.304419
0.735445 -0.0396095 1.93172 1.87318 -0.650897 -0.306842
0.734225 -0.0375526 1.93134 1.87561 -0.654004 -0.309265
0.733006 -0.0354957 1.93097 1.87803 -0.657111 -0.311689
0.731786 -0.0334389 1.93059 1.88046 -0.660218 -0.314112
0.730566 -0.031382 1.93022 1.88288 -0.663325 -0.316535
0.729347 -0.0293251 1.92984 1.8853 -0.666432 -0.318959
0.728127 -0.0272682 1.92946 1.88773 -0.669539 -0.321382
0.726908 -0.0252113 1.92909 1.89015 -0.672646 -0.323805
0.725688 -0.0231544 1.92871 1.89258 -0.675753 -0.326228
0.724468 -0.0210975 1.92834 1.895 -0.678859 -0.328652
0.723249 -0.0190407 1.92796 1.89742 -0.681966 -0.331075
0.722029 -0.0169838 1.92758 1.89985 -0.685073 -0.333498
0.72081 -0.0149269 1.92721 1.90227 -0.68818 -0.335921
0.71959 -0.01287 1.92683 1.9047 -0.691287 -0.338345
0.71837 -0.0108131 1.92646 1.90712 -0.694394 -0.340768
0.717151 -0.00875623 1.92608 1.90954 -0.697501 -0.343191
0.715931 -0.00669934 1.9257 1.91197 -0.700608 -0.345615
0.714711 -0.00464245 1.92533 1.91439 -0.703715 -0.348038
0.713492 -0.00258557 1.92495 1.91682 -0.706822 -0.350461
0.712272 -0.000528683 1.92458 1.91924 -0.709929 -0.352884
0.711053 0.0015282 1.9242 1.92167 -0.713036 -0.355308
0.709833 0.00358509 1.92382 1.92409 -0.716143 -0.357731
0.708613 0.00564197 1.92345 1.92651 -0.71925 -0.360154
0.707394 0.00769886 1.92307 1.92894 -0.722357 -0.362578
0.706174 0.00975575 1.9227 1.93136 -0.725464 -0.365001
0.704955 0.0118126 1.92232 1.93379 -0.728571 -0.367424
0.703735 0.0138695 1.92194 1.93621 -0.731678 -0.369847
0.702515 0.0159264 1.92157 1.93863 -0.734785 -0.372271
0.701296 0.0179833 1.92119 1.94106 -0.737892 -0.374694
0.700076 0.0200402 1.92082 1.94348 -0.740998 -0.377117
0.698857 0.0220971 1.92044 1.94591 -0.744105 -0.37954
0.697637 0.0241539 1.92006 1.94833 -0.747212 -0.381964
0.696417 0.0262108 1.91969 1.95075 -0.750319 -0.384387
0.695198 0.0282677 1.91931 1.95318 -0.753426 -0.38681
0.693978 0.0303246 1.91894 1.9556 -0.756533 -0.389234
0.692758 0.0323815 1.91856 1.95803 -0.75964 -0.391657
0.691539 0.0344384 1.91818 1.96045 -0.762747 -0.39408
0.690319 0.0364953 1.91781 1.96288 -0.765854 -0.396503
0.6891 0.0385522 1.91743 1.9653 -0.768961 -0.398927
0.68788 0.040609 1.91706 1.96772 -0.772068 -0.40135
0.68666 0.0426659 1.91668 1.97015 -0.775175 -0.403773
0.685441 0.0447228 1.9163 1.97257 -0.778282 -0.406197
0.684221 0.0467797 1.91593 1.975 -0.781389 -0.40862
0.683002 0.0488366 1.91555 1.97742 -0.784496 -0.411043
0.681782 0.0508935 1.91518 1.97984 -0.787603 -0.413466
0.680562 0.0529504 1.9148 1.98227 -0.79071 -0.41589
0.679343 0.0550072 1.91442 1.98469 -0.793817 -0.418313
0.678123 0.0570641 1.91405 1.98712 -0.796924 -0.420736
0.676903 0.059121 1.91367 1.98954 -0.800031 -0.42316
0.675684 0.0611779 1.9133 1.99197 -0.803137 -0.425583
0.674464 0.0632348 1.91292 1.99439 -0.806244 -0.428006
0.673245 0.0652917 1.91254 1.99681 -0.809351 -0.430429
0.672025 0.0673486 1.91217 1.99924 -0.812458 -0.432853
0.670805 0.0694054 1.91179 2.00166 -0.815565 -0.435276
0.669586 0.0714623 1.91142 2.00409 -0.818672 -0.437699
0.668366 0.0735192 1.91104 2.00651 -0.821779 -0.440122
0.667147 0.0755761 1.91066 2.00893 -0.824886 -0.442546
0.665927 0.077633 1.91029 2.01136 -0.827993 -0.444969
0.664707 0.0796899 1.90991 2.01378 -0.8311 -0.447392
0.663488 0.0817468 1.90954 2.01621 -0.834207 -0.449816
0.662268 0.0838036 1.90916 2.01863 -0.837314 -0.452239
0.661049 0.0858605 1.90878 2.02105 -0.840421 -0.454662
0.659829 0.0879174 1.90841 2.02348 -0.843528 -0.457085
0.658609 0.0899743 1.90803 2.0259 -0.846635 -0.459509
0.65739 0.0920312 1.90766 2.02833 -0.849742 -0.461932
0.65617 0.0940881 1.90728 2.03075 -0.852849 -0.464355
0.65495 0.096145 1.90691 2.03318 -0.855956 -0.466779
0.653731 0.0982018 1.90653 2.0356 -0.859063 -0.469202
0.652511 0.100259 1.90615 2.03802 -0.86217 -0.471625
0.651292 0.102316 1.90578 2.04045 -0.865276 -0.474048
0.650072 0.104373 1.9054 2.04287 -0.868383 -0.476472
0.648852 0.106429 1.90503 2.0453 -0.87149 -0.478895
0.647633 0.108486 1.90465 2.04772 -0.874597 -0.481318
0.646413 0.110543 1.90427 2.05014 -0.877704 -0.483741
0.645194 0.1126 1.9039 2.05257 -0.880811 -0.486165
0.643974 0.114657 1.90352 2.05499 -0.883918 -0.488588
0.642754 0.116714 1.90315 2.05742 -0.887025 -0.491011
0.641535 0.118771 1.90277 2.05984 -0.890132 -0.493435
0.640315 0.120828 1.90239 2.06226 -0.893239 -0.495858
0.639095 0.122884 1.90202 2.06469 -0.896346 -0.498281
0.637876 0.124941 1.90164 2.06711 -0.899453 -0.500704
0.636656 0.126998 1.90127 2.06954 -0.90256 -0.503128
0.635437 0.129055 1.90089 2.07196 -0.905667 -0.505551
0.634217 0.131112 1.90051 2.07439 -0.908774 -0.507974
0.632997 0.133169 1.90014 2.07681 -0.911881 -0.510398
0.631778 0.135226 1.89976 2.07923 -0.914988 -0.512821
0.630558 0.137283 1.89939 2.08166 -0.918095 -0.515244
0.629339 0.13934 1.89901 2.08408 -0.921202 -0.517667
0.628119 0.141396 1.89863 2.08651 -0.924309 -0.520091
0.626899 0.143453 1.89826 2.08893 -0.927415 -0.522514
0.62568 0.14551 1.89788 2.09135 -0.930522 -0.524937
0.62446 0.147567 1.89751 2.09378 -0.933629 -0.52736
0.623241 0.149624 1.89713 2.0962 -0.936736 -0.529784
0.622021 0.151681 1.89675 2.09863 -0.939843 -0.532207
0.620801 0.153738 1.89638 2.10105 -0.94295 -0.53463
0.619582 0.155795 1.896 2.10348 -0.946057 -0.537054
0.618362 0.157852 1.89563 2.1059 -0.949164 -0.539477
0.617142 0.159908 1.89525 2.10832 -0.952271 -0.5419
0.615923 0.161965 1.89487 2.11075 -0.955378 -0.544323
0.614703 0.164022 1.8945 2.11317 -0.958485 -0.546747
0.613484 0.166079 1.89412 2.1156 -0.961592 -0.54917
0.612264 0.168136 1.89375 2.11802 -0.964699 -0.551593
0.611044 0.170193 1.89337 2.12044 -0.967806 -0.554017
0.609825 0.17225 1.89299 2.12287 -0.970913 -0.55644
0.608605 0.174307 1.89262 2.12529 -0.97402 -0.558863
0.607386 0.176364 1.89224 2.12772 -0.977127 -0.561286
0.606166 0.17842 1.89187 2.13014 -0.980234 -0.56371
0.604946 0.180477 1.89149 2.13256 -0.983341 -0.566133
0.603727 0.182534 1.89111 2.13499 -0.986448 -0.568556
0.602507 0.184591 1.89074 2.13741 -0.989554 -0.570979
0.601288 0.186648 1.89036 2.13984 -0.992661 -0.573403
0.600068 0.188705 1.88999 2.14226 -0.995768 -0.575826
0.598848 0.190762 1.88961 2.14469 -0.998875 -0.578249
0.597629 0.192819 1.88923 2.14711 -1.00198 -0.580673
0.596409 0.194875 1.88886 2.14953 -1.00509 -0.583096
0.595189 0.196932 1.88848 2.15196 -1.0082 -0.585519
0.59397 0.198989 1.88811 2.15438 -1.0113 -0.587942
0.59275 0.201046 1.88773 2.15681 -1.01441 -0.590366
0.591531 0.203103 1.88735 2.15923 -1.01752 -0.592789
0.590311 0.20516 1.88698 2.16165 -1.02062 -0.595212
0.589091 0.207217 1.8866 2.16408 -1.02373 -0.597636
0.587872 0.209274 1.88623 2.1665 -1.02684 -0.600059
0.586652 0.211331 1.88585 2.16893 -1.02994 -0.602482
0.585433 0.213387 1.88547 2.17135 -1.03305 -0.604905
0.584213 0.215444 1.8851 2.17377 -1.03616 -0.607329
0.582993 0.217501 1.88472 2.1762 -1.03927 -0.609752
0.581774 0.219558 1.88435 2.17862 -1.04237 -0.612175
0.580554 0.221615 1.88397 2.18105 -1.04548 -0.614598
0.579334 0.223672 1.88359 2.18347 -1.04859 -0.617022
0.578115 0.225729 1.88322 2.1859 -1.05169 -0.619445
0.576895 0.227786 1.88284 2.18832 -1.0548 -0.621868
0.575676 0.229843 1.88247 2.19074 -1.05791 -0.624292
0.574456 0.231899 1.88209 2.19317 -1.06101 -0.626715
0.573236 0.233956 1.88171 2.19559 -1.06412 -0.629138
0.572017 0.236013 1.88134 2.19802 -1.06723 -0.631561
0.570797 0.23807 1.88096 2.20044 -1.07034 -0.633985
0.569578 0.240127 1.88059 2.20286 -1.07344 -0.636408
0.568358 0.242184 1.88021 2.20529 -1.07655 -0.638831
0.567138 0.244241 1.87983 2.20771 -1.07966 -0.641255
0.565919 0.246298 1.87946 2.21014 -1.08276 -0.643678
0.564699 0.248355 1.87908 2.21256 -1.08587 -0.646101
0.56348 0.250411 1.87871 2.21499 -1.08898 -0.648524
0.56226 0.252468 1.87833 2.21741 -1.09208 -0.650948
0.56104 0.254525 1.87795 2.21983 -1.09519 -0.653371
0.559821 0.256582 1.87758 2.22226 -1.0983 -0.655794
0.558601 0.258639 1.8772 2.22468 -1.1014 -0.658217
0.557381 0.260696 1.87683 2.22711 -1.10451 -0.660641
0.556162 0.262753 1.87645 2.22953 -1.10762 -0.663064
0.554942 0.26481 1.87607 2.23195 -1.11073 -0.665487
0.553723 0.266866 1.8757 2.23438 -1.11383 -0.667911
0.552503 0.268923 1.87532 2.2368 -1.11694 -0.670334
0.551283 0.27098 1.87495 2.23923 -1.12005 -0.672757
0.550064 0.273037 1.87457 2.24165 -1.12315 -0.67518
0.548844 0.275094 1.87419 2.24407 -1.12626 -0.677604
0.547625 0.277151 1.87382 2.2465 -1.12937 -0.680027
0.546405 0.279208 1.87344 2.24892 -1.13247 -0.68245
0.545185 0.281265 1.87307 2.25135 -1.13558 -0.684874
0.543966 0.283322 1.87269 2.25377 -1.13869 -0.687297
0.542746 0.285378 1.87231 2.2562 -1.1418 -0.68972
0.541526 0.287435 1.87194 2.25862 -1.1449 -0.692143
0.540307 0.289492 1.87156 2.26104 -1.14801 -0.694567
0.539087 0.291549 1.87119 2.26347 -1.15112 -0.69699
0.537868 0.293606 1.87081 2.26589 -1.15422 -0.699413
0.536648 0.295663 1.87043 2.26832 -1.15733 -0.701836
0.535428 0.29772 1.87006 2.27074 -1.16044 -0.70426
0.534209 0.299777 1.86968 2.27316 -1.16354 -0.706683
0.532989 0.301834 1.86931 2.27559 -1.16665 -0.709106
0.53177 0.30389 1.86893 2.27801 -1.16976 -0.71153
0.53055 0.305947 1.86855 2.28044 -1.17286 -0.713953
0.52933 0.308004 1.86818 2.28286 -1.17597 -0.716376
0.528111 0.310061 1.8678 2.28528 -1.17908 -0.718799
0.526891 0.312118 1.86743 2.28771 -1.18219 -0.721223
0.525672 0.314175 1.86705 2.29013 -1.18529 -0.723646
0.524452 0.316232 1.86667 2.29256 -1.1884 -0.726069
0.523232 0.318289 1.8663 2.29498 -1.19151 -0.728493
0.522013 0.320346 1.86592 2.29741 -1.19461 -0.730916
0.520793 0.322402 1.86555 2.29983 -1.19772 -0.733339
0.519573 0.324459 1.86517 2.30225 -1.20083 -0.735762
0.518354 0.326516 1.86479 2.30468 -1.20393 -0.738186
0.517134 0.328573 1.86442 2.3071 -1.20704 -0.740609
0.515915 0.33063 1.86404 2.30953 -1.21015 -0.743032
0.514695 0.332687 1.86367 2.31195 -1.21325 -0.745455
0.513475 0.334744 1.86329 2.31437 -1.21636 -0.747879
0.512256 0.336801 1.86291 2.3168 -1.21947 -0.750302
0.511036 0.338857 1.86254 2.31922 -1.22258 -0.752725
0.509817 0.340914 1.86216 2.32165 -1.22568 -0.755149
0.508597 0.342971 1.86179 2.32407 -1.22879 -0.757572
0.507377 0.345028 1.86141 2.32649 -1.2319 -0.759995
0.506158 0.347085 1.86103 2.32892 -1.235 -0.762418
0.504938 0.349142 1.86066 2.33134 -1.23811 -0.764842
0.503719 0.351199 1.86028 2.33377 -1.24122 -0.767265
0.502499 0.353256 1.85991 2.33619 -1.24432 -0.769688
0.501279 0.355313 1.85953 2.33862 -1.24743 -0.772112
0.50006 0.357369 1.85915 2.34104 -1.25054 -0.774535
0.49884 0.359426 1.85878 2.34346 -1.25365 -0.776958
0.49762 0.361483 1.8584 2.34589 -1.25675 -0.779381
0.496401 0.36354 1.85803 2.34831 -1.25986 -0.781805
0.495181 0.365597 1.85765 2.35074 -1.26297 -0.784228
0.493962 0.367654 1.85727 2.35316 -1.26607 -0.786651
0.492742 0.369711 1.8569 2.35558 -1.26918 -0.789074
0.491522 0.371768 1.85652 2.35801 -1.27229 -0.791498
0.490303 0.373825 1.85615 2.36043 -1.27539 -0.793921
0.489083 0.375881 1.85577 2.36286 -1.2785 -0.796344
0.487864 0.377938 1.85539 2.36528 -1.28161 -0.798768
0.486644 0.379995 1.85502 2.36771 -1.28471 -0.801191
0.485424 0.382052 1.85464 2.37013 -1.28782 -0.803614
0.484205 0.384109 1.85427 2.37255 -1.29093 -0.806037
0.482985 0.386166 1.85389 2.37498 -1.29404 -0.808461
0.481765 0.388223 1.85351 2.3774 -1.29714 -0.810884
0.480546 0.39028 1.85314 2.37983 -1.30025 -0.813307
0.479326 0.392337 1.85276 2.38225 -1.30336 -0.815731
0.478107 0.394393 1.85239 2.38467 -1.30646 -0.818154
0.476887 0.39645 1.85201 2.3871 -1.30957 -0.820577
0.475667 0.398507 1.85163 2.38952 -1.31268 -0.823
0.474448 0.400564 1.85126 2.39195 -1.31578 -0.825424
0.473228 0.402621 1.85088 2.39437 -1.31889 -0.827847
0.472009 0.404678 1.85051 2.39679 -1.322 -0.83027
0.470789 0.406735 1.85013 2.39922 -1.32511 -0.832693
