0.78317 0.591354 1.93586 1.69759 -1.00437 -0.105717
0.782275 0.588948 1.93448 1.69779 -1.00016 -0.105996
0.781381 0.586542 1.93309 1.698 -0.995944 -0.106276
0.780486 0.584136 1.9317 1.69821 -0.991733 -0.106555
0.779591 0.58173 1.93032 1.69841 -0.987522 -0.106834
0.778697 0.579324 1.92893 1.69862 -0.98331 -0.107113
0.777802 0.576918 1.92755 1.69882 -0.979099 -0.107393
0.776907 0.574512 1.92616 1.69903 -0.974888 -0.107672
0.776012 0.572106 1.92478 1.69924 -0.970677 -0.107951
0.775118 0.5697 1.92339 1.69944 -0.966466 -0.10823
0.774223 0.567294 1.922 1.69965 -0.962254 -0.10851
0.773328 0.564888 1.92062 1.69986 -0.958043 -0.108789
0.772433 0.562482 1.91923 1.70006 -0.953832 -0.109068
0.771539 0.560076 1.91785 1.70027 -0.949621 -0.109347
0.770644 0.55767 1.91646 1.70048 -0.945409 -0.109627
0.769749 0.555264 1.91508 1.70068 -0.941198 -0.109906
0.768854 0.552858 1.91369 1.70089 -0.936987 -0.110185
0.76796 0.550452 1.91231 1.7011 -0.932776 -0.110464
0.767065 0.548046 1.91092 1.7013 -0.928565 -0.110744
0.76617 0.54564 1.90953 1.70151 -0.924353 -0.111023
0.765275 0.543234 1.90815 1.70172 -0.920142 -0.111302
0.764381 0.540828 1.90676 1.70192 -0.915931 -0.111581
0.763486 0.538422 1.90538 1.70213 -0.91172 -0.111861
0.762591 0.536016 1.90399 1.70234 -0.907508 -0.11214
0.761696 0.53361 1.90261 1.70254 -0.903297 -0.112419
0.760802 0.531204 1.90122 1.70275 -0.899086 -0.112698
0.759907 0.528798 1.89983 1.70295 -0.894875 -0.112978
0.759012 0.526392 1.89845 1.70316 -0.890663 -0.113257
0.758117 0.523986 1.89706 1.70337 -0.886452 -0.113536
0.757223 0.52158 1.89568 1.70357 -0.882241 -0.113815
0.756328 0.519174 1.89429 1.70378 -0.87803 -0.114095
0.755433 0.516768 1.89291 1.70399 -0.873819 -0.114374
0.754539 0.514362 1.89152 1.70419 -0.869607 -0.114653
0.753644 0.511956 1.89013 1.7044 -0.865396 -0.114933
0.752749 0.50955 1.88875 1.70461 -0.861185 -0.115212
0.751854 0.507144 1.88736 1.70481 -0.856974 -0.115491
0.75096 0.504738 1.88598 1.70502 -0.852762 -0.11577
0.750065 0.502332 1.88459 1.70523 -0.848551 -0.11605
0.74917 0.499926 1.88321 1.70543 -0.84434 -0.116329
0.748275 0.49752 1.88182 1.70564 -0.840129 -0.116608
0.747381 0.495114 1.88043 1.70585 -0.835917 -0.116887
0.746486 0.492708 1.87905 1.70605 -0.831706 -0.117167
0.745591 0.490302 1.87766 1.70626 -0.827495 -0.117446
0.744696 0.487896 1.87628 1.70647 -0.823284 -0.117725
0.743802 0.48549 1.87489 1.70667 -0.819073 -0.118004
0.742907 0.483085 1.87351 1.70688 -0.814861 -0.118284
0.742012 0.480679 1.87212 1.70708 -0.81065 -0.118563
0.741117 0.478273 1.87073 1.70729 -0.806439 -0.118842
0.740223 0.475867 1.86935 1.7075 -0.802228 -0.119121
0.739328 0.473461 1.86796 1.7077 -0.798016 -0.119401
0.738433 0.471055 1.86658 1.70791 -0.793805 -0.11968
0.737538 0.468649 1.86519 1.70812 -0.789594 -0.119959
0.736644 0.466243 1.86381 1.70832 -0.785383 -0.120238
0.735749 0.463837 1.86242 1.70853 -0.781172 -0.120518
0.734854 0.461431 1.86104 1.70874 -0.77696 -0.120797
0.733959 0.459025 1.85965 1.70894 -0.772749 -0.121076
0.733065 0.456619 1.85826 1.70915 -0.768538 -0.121355
0.73217 0.454213 1.85688 1.70936 -0.764327 -0.121635
0.731275 0.451807 1.85549 1.70956 -0.760115 -0.121914
0.730381 0.449401 1.85411 1.70977 -0.755904 -0.122193
0.729486 0.446995 1.85272 1.70998 -0.751693 -0.122472
0.728591 0.444589 1.85134 1.71018 -0.747482 -0.122752
0.727696 0.442183 1.84995 1.71039 -0.74327 -0.123031
0.726802 0.439777 1.84856 1.7106 -0.739059 -0.12331
0.725907 0.437371 1.84718 1.7108 -0.734848 -0.123589
0.725012 0.434965 1.84579 1.71101 -0.730637 -0.123869
0.724117 0.432559 1.84441 1.71121 -0.726426 -0.124148
0.723223 0.430153 1.84302 1.71142 -0.722214 -0.124427
0.722328 0.427747 1.84164 1.71163 -0.718003 -0.124707
0.721433 0.425341 1.84025 1.71183 -0.713792 -0.124986
0.720538 0.422935 1.83886 1.71204 -0.709581 -0.125265
0.719644 0.420529 1.83748 1.71225 -0.705369 -0.125544
0.718749 0.418123 1.83609 1.71245 -0.701158 -0.125824
0.717854 0.415717 1.83471 1.71266 -0.696947 -0.126103
0.716959 0.413311 1.83332 1.71287 -0.692736 -0.126382
0.716065 0.410905 1.83194 1.71307 -0.688524 -0.126661
0.71517 0.408499 1.83055 1.71328 -0.684313 -0.126941
0.714275 0.406093 1.82916 1.71349 -0.680102 -0.12722
0.71338 0.403687 1.82778 1.71369 -0.675891 -0.127499
0.712486 0.401281 1.82639 1.7139 -0.67168 -0.127778
0.711591 0.398875 1.82501 1.71411 -0.667468 -0.128058
0.710696 0.396469 1.82362 1.71431 -0.663257 -0.128337
0.709801 0.394063 1.82224 1.71452 -0.659046 -0.128616
0.708907 0.391657 1.82085 1.71473 -0.654835 -0.128895
0.708012 0.389251 1.81947 1.71493 -0.650623 -0.129175
0.707117 0.386845 1.81808 1.71514 -0.646412 -0.129454
0.706222 0.384439 1.81669 1.71534 -0.642201 -0.129733
0.705328 0.382033 1.81531 1.71555 -0.63799 -0.130012
0.704433 0.379627 1.81392 1.71576 -0.633779 -0.130292
0.703538 0.377221 1.81254 1.71596 -0.629567 -0.130571
0.702644 0.374815 1.81115 1.71617 -0.625356 -0.13085
0.701749 0.372409 1.80977 1.71638 -0.621145 -0.131129
0.700854 0.370003 1.80838 1.71658 -0.616934 -0.131409
0.699959 0.367597 1.80699 1.71679 -0.612722 -0.131688
0.699065 0.365191 1.80561 1.717 -0.608511 -0.131967
0.69817 0.362785 1.80422 1.7172 -0.6043 -0.132246
0.697275 0.360379 1.80284 1.71741 -0.600089 -0.132526
0.69638 0.357973 1.80145 1.71762 -0.595877 -0.132805
0.695486 0.355568 1.80007 1.71782 -0.591667 -0.133084
0.694591 0.353163 1.79868 1.71803 -0.587459 -0.133363
0.693697 0.350759 1.7973 1.71823 -0.583253 -0.133643
0.692803 0.348356 1.79591 1.71844 -0.57905 -0.133922
0.691909 0.345955 1.79453 1.71864 -0.574852 -0.134201
0.691016 0.343557 1.79315 1.71885 -0.57066 -0.134479
0.690123 0.34116 1.79178 1.71905 -0.566474 -0.134758
0.68923 0.338766 1.7904 1.71925 -0.562294 -0.135037
0.688338 0.336376 1.78903 1.71945 -0.558123 -0.135315
0.687447 0.333989 1.78766 1.71965 -0.553961 -0.135594
0.686557 0.331605 1.7863 1.71985 -0.549808 -0.135872
0.685667 0.329226 1.78493 1.72004 -0.545666 -0.136149
0.684778 0.326851 1.78357 1.72023 -0.541536 -0.136427
0.683891 0.324481 1.78222 1.72043 -0.537418 -0.136704
0.683004 0.322116 1.78087 1.72061 -0.533314 -0.136981
0.682118 0.319756 1.77953 1.7208 -0.529223 -0.137258
0.681233 0.317403 1.77819 1.72099 -0.525148 -0.137535
0.680349 0.315055 1.77685 1.72117 -0.521089 -0.137811
0.679467 0.312714 1.77552 1.72135 -0.517047 -0.138087
0.678586 0.31038 1.7742 1.72152 -0.513022 -0.138362
0.677706 0.308053 1.77289 1.72169 -0.509016 -0.138637
0.676828 0.305733 1.77158 1.72186 -0.50503 -0.138912
0.675951 0.303421 1.77027 1.72203 -0.501064 -0.139186
0.675076 0.301118 1.76898 1.72219 -0.49712 -0.13946
0.674203 0.298823 1.76769 1.72235 -0.493197 -0.139733
0.673331 0.296537 1.76641 1.72251 -0.489298 -0.140006
0.672461 0.29426 1.76514 1.72266 -0.485423 -0.140278
0.671592 0.291992 1.76388 1.7228 -0.481573 -0.14055
0.670726 0.289735 1.76262 1.72295 -0.477749 -0.140822
0.669862 0.287488 1.76138 1.72309 -0.473951 -0.141092
0.668999 0.285251 1.76014 1.72322 -0.470181 -0.141363
0.668139 0.283025 1.75891 1.72335 -0.466439 -0.141632
0.667281 0.28081 1.7577 1.72347 -0.462725 -0.141901
0.666424 0.278606 1.75649 1.72359 -0.459037 -0.14217
0.66557 0.276411 1.75529 1.72371 -0.455375 -0.142438
0.664717 0.274225 1.7541 1.72382 -0.451738 -0.142706
0.663867 0.272049 1.75291 1.72393 -0.448126 -0.142973
0.663017 0.269882 1.75174 1.72404 -0.444536 -0.143239
0.66217 0.267723 1.75057 1.72414 -0.440968 -0.143505
0.661324 0.265573 1.74941 1.72423 -0.437422 -0.143771
0.66048 0.26343 1.74826 1.72433 -0.433897 -0.144036
0.659637 0.261295 1.74711 1.72442 -0.43039 -0.144301
0.658795 0.259167 1.74597 1.7245 -0.426903 -0.144565
0.657955 0.257046 1.74484 1.72459 -0.423433 -0.144829
0.657116 0.254931 1.74371 1.72467 -0.41998 -0.145093
0.656278 0.252822 1.74259 1.72475 -0.416544 -0.145357
0.655441 0.25072 1.74147 1.72483 -0.413122 -0.14562
0.654605 0.248622 1.74035 1.7249 -0.409715 -0.145883
0.65377 0.24653 1.73925 1.72497 -0.40632 -0.146145
0.652936 0.244443 1.73814 1.72504 -0.402939 -0.146407
0.652103 0.24236 1.73704 1.72511 -0.399569 -0.146669
0.651271 0.240281 1.73594 1.72518 -0.396209 -0.146931
0.65044 0.238206 1.73485 1.72524 -0.39286 -0.147193
0.649609 0.236135 1.73376 1.72531 -0.389519 -0.147454
0.648779 0.234066 1.73267 1.72537 -0.386186 -0.147716
0.647949 0.232 1.73159 1.72543 -0.38286 -0.147977
0.647119 0.229937 1.7305 1.72549 -0.379541 -0.148238
0.646291 0.227875 1.72942 1.72555 -0.376227 -0.148499
0.645462 0.225816 1.72834 1.72561 -0.372917 -0.14876
0.644634 0.223757 1.72726 1.72566 -0.369611 -0.14902
0.643806 0.2217 1.72618 1.72572 -0.366308 -0.149281
0.642978 0.219643 1.72511 1.72578 -0.363006 -0.149542
0.64215 0.217587 1.72403 1.72584 -0.359705 -0.149802
0.641322 0.215531 1.72295 1.72589 -0.356405 -0.150063
0.640494 0.213475 1.72188 1.72595 -0.353104 -0.150324
0.639666 0.211419 1.7208 1.72601 -0.349805 -0.150584
0.638838 0.209364 1.71972 1.72606 -0.346507 -0.150845
0.638011 0.207309 1.71865 1.72612 -0.34321 -0.151105
0.637183 0.205255 1.71757 1.72617 -0.339916 -0.151366
0.636356 0.203203 1.7165 1.72623 -0.336625 -0.151626
0.635529 0.201151 1.71543 1.72628 -0.333337 -0.151887
0.634702 0.199101 1.71435 1.72634 -0.330052 -0.152147
0.633876 0.197052 1.71328 1.72639 -0.326771 -0.152407
0.63305 0.195006 1.71221 1.72644 -0.323495 -0.152667
0.632224 0.192961 1.71115 1.7265 -0.320223 -0.152927
0.631398 0.190918 1.71008 1.72655 -0.316957 -0.153187
0.630573 0.188877 1.70902 1.7266 -0.313697 -0.153447
0.629749 0.186839 1.70796 1.72665 -0.310443 -0.153707
0.628925 0.184803 1.7069 1.72669 -0.307196 -0.153966
0.628101 0.18277 1.70584 1.72674 -0.303955 -0.154226
0.627278 0.18074 1.70479 1.72679 -0.300723 -0.154485
0.626456 0.178712 1.70374 1.72683 -0.297498 -0.154744
0.625634 0.176689 1.70269 1.72687 -0.294282 -0.155003
0.624813 0.174668 1.70164 1.72692 -0.291074 -0.155262
0.623993 0.172651 1.7006 1.72696 -0.287876 -0.15552
0.623173 0.170638 1.69956 1.72699 -0.284688 -0.155779
0.622354 0.168629 1.69853 1.72703 -0.28151 -0.156037
0.621536 0.166624 1.69749 1.72707 -0.278342 -0.156295
0.620719 0.164623 1.69647 1.7271 -0.275186 -0.156552
0.619902 0.162627 1.69544 1.72713 -0.272041 -0.15681
0.619087 0.160635 1.69442 1.72716 -0.268909 -0.157067
0.618272 0.158648 1.69341 1.72719 -0.265788 -0.157324
0.617458 0.156666 1.69239 1.72721 -0.262681 -0.157581
0.616646 0.154689 1.69139 1.72723 -0.259587 -0.157837
0.615834 0.152718 1.69038 1.72725 -0.256507 -0.158093
0.615023 0.150752 1.68939 1.72727 -0.253441 -0.158349
0.614213 0.148791 1.68839 1.72729 -0.250389 -0.158604
0.613405 0.146835 1.68741 1.7273 -0.24735 -0.15886
0.612597 0.144884 1.68642 1.72731 -0.244324 -0.159115
0.61179 0.142939 1.68544 1.72732 -0.24131 -0.15937
0.610984 0.140997 1.68447 1.72733 -0.238309 -0.159624
0.610179 0.13906 1.68349 1.72734 -0.235319 -0.159878
0.609375 0.137128 1.68253 1.72734 -0.23234 -0.160132
0.608571 0.135199 1.68156 1.72734 -0.229371 -0.160386
0.607768 0.133274 1.6806 1.72734 -0.226413 -0.16064
0.606966 0.131354 1.67964 1.72734 -0.223465 -0.160893
0.606165 0.129436 1.67869 1.72734 -0.220526 -0.161147
0.605364 0.127522 1.67774 1.72734 -0.217596 -0.1614
0.604564 0.125612 1.67679 1.72733 -0.214675 -0.161652
0.603765 0.123704 1.67584 1.72732 -0.211761 -0.161905
0.602966 0.1218 1.6749 1.72731 -0.208855 -0.162158
0.602167 0.119898 1.67396 1.72731 -0.205957 -0.16241
0.601369 0.117998 1.67302 1.7273 -0.203064 -0.162662
0.600572 0.116101 1.67208 1.72728 -0.200178 -0.162915
0.599775 0.114207 1.67115 1.72727 -0.197298 -0.163167
0.598978 0.112314 1.67022 1.72726 -0.194423 -0.163419
0.598182 0.110423 1.66929 1.72724 -0.191553 -0.16367
0.597386 0.108534 1.66836 1.72723 -0.188688 -0.163922
0.59659 0.106646 1.66743 1.72721 -0.185826 -0.164174
0.595795 0.10476 1.6665 1.7272 -0.182968 -0.164425
0.594999 0.102875 1.66558 1.72718 -0.180113 -0.164677
0.594204 0.100991 1.66465 1.72716 -0.177261 -0.164928
0.593409 0.0991081 1.66373 1.72715 -0.174411 -0.16518
0.592615 0.0972257 1.6628 1.72713 -0.171563 -0.165431
0.59182 0.0953438 1.66188 1.72711 -0.168716 -0.165682
0.591026 0.0934622 1.66096 1.72709 -0.16587 -0.165934
0.590231 0.0915808 1.66003 1.72708 -0.163025 -0.166185
0.589436 0.0896993 1.65911 1.72706 -0.160179 -0.166436
0.588642 0.0878183 1.65819 1.72704 -0.157335 -0.166688
0.587848 0.0859379 1.65727 1.72702 -0.154492 -0.166939
0.587054 0.0840585 1.65635 1.727 -0.151652 -0.16719
0.58626 0.0821805 1.65543 1.72698 -0.148815 -0.167441
0.585466 0.0803042 1.65451 1.72696 -0.145983 -0.167692
0.584673 0.0784299 1.65359 1.72694 -0.143156 -0.167943
0.58388 0.0765581 1.65268 1.72692 -0.140335 -0.168194
0.583088 0.0746889 1.65176 1.7269 -0.137522 -0.168445
0.582297 0.0728229 1.65086 1.72687 -0.134716 -0.168695
0.581506 0.0709603 1.64995 1.72685 -0.13192 -0.168946
0.580715 0.0691014 1.64905 1.72682 -0.129133 -0.169196
0.579926 0.0672466 1.64815 1.72679 -0.126357 -0.169446
0.579137 0.0653962 1.64725 1.72676 -0.123592 -0.169695
0.57835 0.0635507 1.64636 1.72672 -0.12084 -0.169945
0.577563 0.0617102 1.64547 1.72669 -0.118101 -0.170194
0.576777 0.0598753 1.64459 1.72665 -0.115377 -0.170443
0.575993 0.0580461 1.64372 1.72661 -0.112667 -0.170691
0.575209 0.0562231 1.64284 1.72657 -0.109974 -0.17094
0.574427 0.0544065 1.64198 1.72652 -0.107297 -0.171187
0.573646 0.0525968 1.64112 1.72647 -0.104638 -0.171435
0.572867 0.0507943 1.64027 1.72642 -0.101998 -0.171682
0.572089 0.0489993 1.63942 1.72636 -0.0993777 -0.171929
0.571312 0.0472121 1.63858 1.72631 -0.0967775 -0.172175
0.570538 0.0454332 1.63775 1.72624 -0.0941988 -0.172421
0.569764 0.0436627 1.63692 1.72618 -0.0916422 -0.172666
0.568993 0.0419012 1.63611 1.72611 -0.0891088 -0.172911
0.568223 0.0401488 1.6353 1.72604 -0.0865994 -0.173156
0.567455 0.0384061 1.6345 1.72596 -0.0841149 -0.1734
0.566689 0.0366732 1.6337 1.72588 -0.0816561 -0.173643
0.565924 0.0349506 1.63292 1.72579 -0.0792241 -0.173886
0.565162 0.0332386 1.63215 1.7257 -0.0768196 -0.174128
0.564402 0.0315375 1.63139 1.72561 -0.0744435 -0.17437
0.563644 0.029847 1.63063 1.72551 -0.072095 -0.174611
0.562888 0.0281667 1.62989 1.7254 -0.0697732 -0.174852
0.562134 0.0264963 1.62915 1.72529 -0.0674772 -0.175092
0.561381 0.0248355 1.62842 1.72518 -0.0652061 -0.175332
0.560631 0.0231839 1.6277 1.72506 -0.0629589 -0.175571
0.559882 0.0215412 1.62699 1.72494 -0.0607349 -0.175809
0.559135 0.0199071 1.62628 1.72482 -0.0585331 -0.176047
0.558389 0.0182811 1.62559 1.72469 -0.0563527 -0.176285
0.557645 0.016663 1.6249 1.72456 -0.0541927 -0.176522
0.556902 0.0150524 1.62421 1.72443 -0.0520523 -0.176759
0.55616 0.0134489 1.62354 1.72429 -0.0499305 -0.176996
0.55542 0.0118523 1.62286 1.72415 -0.0478266 -0.177232
0.554681 0.0102622 1.6222 1.72401 -0.0457395 -0.177468
0.553944 0.00867826 1.62154 1.72386 -0.0436684 -0.177703
0.553207 0.0071001 1.62088 1.72372 -0.0416125 -0.177939
0.552472 0.00552741 1.62023 1.72356 -0.0395707 -0.178173
0.551737 0.00395984 1.61959 1.72341 -0.0375423 -0.178408
0.551003 0.00239705 1.61894 1.72326 -0.0355264 -0.178642
0.550271 0.000838698 1.61831 1.7231 -0.033522 -0.178877
0.549539 -0.000715554 1.61767 1.72294 -0.0315283 -0.17911
0.548807 -0.00226605 1.61704 1.72278 -0.0295443 -0.179344
0.548077 -0.00381313 1.61641 1.72262 -0.0275693 -0.179578
0.547347 -0.00535714 1.61579 1.72246 -0.0256022 -0.179811
0.546617 -0.00689841 1.61517 1.7223 -0.0236423 -0.180044
0.545888 -0.0084373 1.61455 1.72213 -0.0216886 -0.180277
0.545159 -0.00997413 1.61393 1.72197 -0.0197402 -0.18051
0.544431 -0.0115093 1.61331 1.7218 -0.0177963 -0.180743
0.543703 -0.013043 1.61269 1.72163 -0.0158559 -0.180976
0.542975 -0.0145758 1.61208 1.72147 -0.0139182 -0.181209
0.542247 -0.0161078 1.61147 1.7213 -0.0119823 -0.181441
0.541519 -0.0176395 1.61085 1.72113 -0.0100473 -0.181674
0.540792 -0.0191712 1.61024 1.72096 -0.00811222 -0.181907
0.540064 -0.0207028 1.60962 1.7208 -0.00617763 -0.18214
0.539336 -0.022234 1.60901 1.72063 -0.00424392 -0.182372
0.538609 -0.0237647 1.6084 1.72046 -0.00231155 -0.182605
0.537881 -0.0252947 1.60778 1.72029 -0.000380962 -0.182838
0.537154 -0.0268238 1.60717 1.72012 0.00154741 -0.18307
0.536427 -0.028352 1.60656 1.71995 0.00347311 -0.183303
0.5357 -0.0298789 1.60595 1.71978 0.00539569 -0.183535
0.534974 -0.0314044 1.60534 1.71961 0.00731473 -0.183767
0.534248 -0.0329285 1.60473 1.71944 0.00922976 -0.184
0.533522 -0.0344508 1.60413 1.71927 0.0111403 -0.184232
0.532796 -0.0359712 1.60352 1.7191 0.013046 -0.184464
0.532071 -0.0374896 1.60292 1.71892 0.0149464 -0.184696
0.531346 -0.0390058 1.60232 1.71875 0.016841 -0.184928
0.530622 -0.0405196 1.60172 1.71857 0.0187293 -0.18516
0.529898 -0.0420308 1.60113 1.7184 0.020611 -0.185391
0.529175 -0.0435393 1.60053 1.71822 0.0224856 -0.185623
0.528452 -0.0450449 1.59994 1.71804 0.0243526 -0.185854
0.52773 -0.0465474 1.59935 1.71786 0.0262116 -0.186085
0.527008 -0.0480467 1.59877 1.71768 0.0280622 -0.186316
0.526288 -0.0495425 1.59819 1.7175 0.0299039 -0.186547
0.525567 -0.0510348 1.59761 1.71731 0.0317362 -0.186778
0.524848 -0.0525233 1.59703 1.71712 0.0335588 -0.187008
0.524129 -0.0540079 1.59646 1.71694 0.0353711 -0.187238
0.523411 -0.0554884 1.59589 1.71675 0.0371728 -0.187468
0.522694 -0.0569646 1.59532 1.71656 0.0389633 -0.187698
0.521978 -0.0584364 1.59476 1.71636 0.0407423 -0.187927
0.521263 -0.0599035 1.5942 1.71617 0.0425093 -0.188157
0.520548 -0.0613659 1.59365 1.71597 0.0442639 -0.188386
0.519835 -0.0628234 1.5931 1.71577 0.0460055 -0.188615
0.519122 -0.0642757 1.59256 1.71557 0.0477338 -0.188843
0.51841 -0.0657227 1.59202 1.71536 0.0494483 -0.189071
0.5177 -0.0671642 1.59148 1.71516 0.0511487 -0.189299
0.516991 -0.0686005 1.59095 1.71495 0.0528352 -0.189527
0.516282 -0.0700316 1.59043 1.71474 0.0545084 -0.189754
0.515574 -0.0714578 1.58991 1.71453 0.0561687 -0.189981
0.514868 -0.0728792 1.58939 1.71431 0.0578165 -0.190208
0.514162 -0.074296 1.58888 1.71409 0.0594523 -0.190435
0.513457 -0.0757084 1.58837 1.71387 0.0610766 -0.190661
0.512753 -0.0771165 1.58786 1.71365 0.0626898 -0.190887
0.51205 -0.0785204 1.58736 1.71343 0.0642923 -0.191113
0.511347 -0.0799205 1.58686 1.71321 0.0658846 -0.191339
0.510645 -0.0813168 1.58637 1.71298 0.0674671 -0.191564
0.509944 -0.0827095 1.58588 1.71275 0.0690402 -0.191789
0.509244 -0.0840988 1.58539 1.71253 0.0706045 -0.192015
0.508544 -0.0854849 1.5849 1.7123 0.0721603 -0.19224
0.507844 -0.0868679 1.58442 1.71206 0.0737081 -0.192464
0.507146 -0.088248 1.58394 1.71183 0.0752484 -0.192689
0.506448 -0.0896253 1.58346 1.7116 0.0767815 -0.192913
0.50575 -0.0910001 1.58299 1.71136 0.078308 -0.193138
0.505053 -0.0923725 1.58251 1.71113 0.0798283 -0.193362
0.504356 -0.0937427 1.58204 1.71089 0.0813427 -0.193586
0.503659 -0.0951108 1.58157 1.71065 0.0828519 -0.19381
0.502963 -0.096477 1.5811 1.71041 0.0843561 -0.194034
0.502267 -0.0978416 1.58064 1.71017 0.0858559 -0.194258
0.501572 -0.0992046 1.58017 1.70993 0.0873517 -0.194482
0.500877 -0.100566 1.57971 1.70969 0.088844 -0.194705
0.500182 -0.101927 1.57925 1.70945 0.0903331 -0.194929
0.499487 -0.103286 1.57878 1.70921 0.0918196 -0.195152
0.498792 -0.104645 1.57832 1.70897 0.0933038 -0.195376
0.498098 -0.106003 1.57786 1.70873 0.0947863 -0.195599
0.497403 -0.10736 1.5774 1.70849 0.0962674 -0.195823
0.496709 -0.108717 1.57694 1.70824 0.0977477 -0.196046
0.496015 -0.110074 1.57648 1.708 0.0992275 -0.196269
0.49532 -0.111431 1.57602 1.70776 0.100707 -0.196493
0.494626 -0.112787 1.57556 1.70752 0.102186 -0.196716
0.493932 -0.114143 1.5751 1.70727 0.103662 -0.19694
0.493238 -0.115497 1.57464 1.70703 0.105136 -0.197163
0.492545 -0.116849 1.57419 1.70678 0.106605 -0.197386
0.491853 -0.118199 1.57373 1.70654 0.108068 -0.197609
0.49116 -0.119546 1.57328 1.70629 0.109525 -0.197832
0.490469 -0.12089 1.57283 1.70605 0.110974 -0.198054
0.489779 -0.122231 1.57239 1.7058 0.112415 -0.198276
0.489089 -0.123567 1.57194 1.70555 0.113846 -0.198498
0.488401 -0.124899 1.5715 1.7053 0.115266 -0.19872
0.487714 -0.126226 1.57107 1.70504 0.116674 -0.198941
0.487028 -0.127547 1.57064 1.70479 0.118069 -0.199162
0.486343 -0.128863 1.57021 1.70453 0.11945 -0.199383
0.48566 -0.130172 1.56979 1.70427 0.120815 -0.199603
0.484979 -0.131474 1.56937 1.70401 0.122165 -0.199823
0.484299 -0.132769 1.56896 1.70375 0.123497 -0.200042
0.483621 -0.134056 1.56856 1.70348 0.12481 -0.20026
0.482945 -0.135335 1.56816 1.70321 0.126104 -0.200478
0.482271 -0.136606 1.56777 1.70294 0.127377 -0.200696
0.4816 -0.137867 1.56739 1.70267 0.128629 -0.200913
0.48093 -0.139119 1.56701 1.70239 0.129857 -0.201129
0.480263 -0.140361 1.56665 1.70211 0.131062 -0.201344
0.479598 -0.141592 1.56629 1.70182 0.132241 -0.201559
0.478936 -0.142812 1.56594 1.70153 0.133395 -0.201773
0.478277 -0.144021 1.5656 1.70124 0.134521 -0.201986
0.47762 -0.145218 1.56526 1.70094 0.135619 -0.202198
0.476967 -0.146403 1.56494 1.70064 0.136688 -0.20241
0.476316 -0.147575 1.56463 1.70033 0.137727 -0.202621
0.475669 -0.148734 1.56433 1.70002 0.138733 -0.20283
0.475024 -0.14988 1.56404 1.69971 0.139707 -0.203039
0.474383 -0.151011 1.56376 1.69939 0.140648 -0.203247
0.473746 -0.152128 1.5635 1.69906 0.141553 -0.203454
0.473112 -0.15323 1.56324 1.69873 0.142425 -0.20366
0.472481 -0.154319 1.563 1.6984 0.143265 -0.203865
0.471853 -0.155395 1.56277 1.69806 0.144072 -0.204069
0.471228 -0.156458 1.56254 1.69772 0.14485 -0.204272
0.470606 -0.157508 1.56233 1.69737 0.145598 -0.204474
0.469987 -0.158547 1.56213 1.69702 0.146317 -0.204675
0.46937 -0.159574 1.56193 1.69666 0.14701 -0.204876
0.468756 -0.160591 1.56175 1.6963 0.147676 -0.205076
0.468145 -0.161597 1.56157 1.69594 0.148318 -0.205275
0.467536 -0.162593 1.5614 1.69557 0.148935 -0.205474
0.466929 -0.16358 1.56124 1.6952 0.14953 -0.205672
0.466324 -0.164557 1.56108 1.69483 0.150102 -0.205869
0.465722 -0.165526 1.56094 1.69446 0.150655 -0.206066
0.465121 -0.166486 1.5608 1.69408 0.151187 -0.206262
0.464522 -0.167439 1.56066 1.6937 0.151701 -0.206457
0.463925 -0.168385 1.56053 1.69331 0.152198 -0.206652
0.46333 -0.169323 1.56041 1.69293 0.152679 -0.206847
0.462736 -0.170256 1.56029 1.69254 0.153144 -0.207041
0.462143 -0.171182 1.56018 1.69215 0.153595 -0.207235
0.461552 -0.172103 1.56007 1.69176 0.154033 -0.207428
0.460962 -0.173019 1.55997 1.69137 0.154459 -0.207621
0.460372 -0.173931 1.55987 1.69097 0.154874 -0.207814
0.459784 -0.174838 1.55977 1.69057 0.155279 -0.208006
0.459197 -0.175742 1.55967 1.69018 0.155676 -0.208198
0.458611 -0.176642 1.55958 1.68978 0.156065 -0.20839
0.458025 -0.17754 1.55949 1.68938 0.156448 -0.208582
0.45744 -0.178435 1.5594 1.68898 0.156825 -0.208773
0.456855 -0.179329 1.55932 1.68858 0.157198 -0.208965
0.45627 -0.180221 1.55923 1.68817 0.157567 -0.209156
0.455686 -0.181113 1.55915 1.68777 0.157935 -0.209347
0.455102 -0.182004 1.55906 1.68737 0.158301 -0.209539
0.454517 -0.182895 1.55898 1.68697 0.158667 -0.20973
0.453933 -0.183786 1.55889 1.68657 0.159033 -0.209921
0.453349 -0.184677 1.55881 1.68616 0.159399 -0.210113
0.452765 -0.185568 1.55872 1.68576 0.159766 -0.210304
0.45218 -0.186459 1.55864 1.68536 0.160132 -0.210495
0.451596 -0.18735 1.55855 1.68496 0.160498 -0.210686
0.451012 -0.18824 1.55847 1.68455 0.160864 -0.210878
0.450428 -0.189131 1.55839 1.68415 0.161231 -0.211069
0.449844 -0.190022 1.5583 1.68375 0.161597 -0.21126
0.449259 -0.190913 1.55822 1.68335 0.161963 -0.211451
0.448675 -0.191804 1.55813 1.68295 0.162329 -0.211643
0.448091 -0.192695 1.55805 1.68254 0.162696 -0.211834
0.447507 -0.193586 1.55796 1.68214 0.163062 -0.212025
0.446922 -0.194477 1.55788 1.68174 0.163428 -0.212216
0.446338 -0.195368 1.55779 1.68134 0.163794 -0.212408
0.445754 -0.196259 1.55771 1.68094 0.164161 -0.212599
0.44517 -0.19715 1.55762 1.68053 0.164527 -0.21279
0.444586 -0.198041 1.55754 1.68013 0.164893 -0.212982
0.444001 -0.198932 1.55746 1.67973 0.165259 -0.213173
0.443417 -0.199823 1.55737 1.67933 0.165626 -0.213364
0.442833 -0.200714 1.55729 1.67892 0.165992 -0.213555
0.442249 -0.201605 1.5572 1.67852 0.166358 -0.213747
0.441664 -0.202496 1.55712 1.67812 0.166724 -0.213938
0.44108 -0.203387 1.55703 1.67772 0.167091 -0.214129
0.440496 -0.204278 1.55695 1.67732 0.167457 -0.21432
0.439912 -0.205169 1.55686 1.67691 0.167823 -0.214512
0.439328 -0.20606 1.55678 1.67651 0.168189 -0.214703
0.438743 -0.20695 1.5567 1.67611 0.168556 -0.214894
0.438159 -0.207841 1.55661 1.67571 0.168922 -0.215086
0.437575 -0.208732 1.55653 1.67531 0.169288 -0.215277
0.436991 -0.209623 1.55644 1.6749 0.169654 -0.215468
0.436406 -0.210514 1.55636 1.6745 0.170021 -0.215659
0.435822 -0.211405 1.55627 1.6741 0.170387 -0.215851
0.435238 -0.212296 1.55619 1.6737 0.170753 -0.216042
0.434654 -0.213187 1.5561 1.67329 0.171119 -0.216233
0.43407 -0.214078 1.55602 1.67289 0.171485 -0.216424
0.433485 -0.214969 1.55594 1.67249 0.171852 -0.216616
0.432901 -0.21586 1.55585 1.67209 0.172218 -0.216807
0.432317 -0.216751 1.55577 1.67169 0.172584 -0.216998
0.431733 -0.217642 1.55568 1.67128 0.17295 -0.217189
0.431148 -0.218533 1.5556 1.67088 0.173317 -0.217381
0.430564 -0.219424 1.55551 1.67048 0.173683 -0.217572
0.42998 -0.220315 1.55543 1.67008 0.174049 -0.217763
0.429396 -0.221206 1.55534 1.66968 0.174415 -0.217955
0.428812 -0.222097 1.55526 1.66927 0.174782 -0.218146
0.428227 -0.222988 1.55517 1.66887 0.175148 -0.218337
0.427643 -0.223879 1.55509 1.66847 0.175514 -0.218528
0.427059 -0.22477 1.55501 1.66807 0.17588 -0.21872
0.426475 -0.225661 1.55492 1.66766 0.176247 -0.218911
0.42589 -0.226551 1.55484 1.66726 0.176613 -0.219102
0.425306 -0.227442 1.55475 1.66686 0.176979 -0.219293
0.424722 -0.228333 1.55467 1.66646 0.177345 -0.219485
0.424138 -0.229224 1.55458 1.66606 0.177712 -0.219676
0.423554 -0.230115 1.5545 1.66565 0.178078 -0.219867
0.422969 -0.231006 1.55441 1.66525 0.178444 -0.220058
0.422385 -0.231897 1.55433 1.66485 0.17881 -0.22025
0.421801 -0.232788 1.55425 1.66445 0.179177 -0.220441
0.421217 -0.233679 1.55416 1.66405 0.179543 -0.220632
0.420632 -0.23457 1.55408 1.66364 0.179909 -0.220824
0.420048 -0.235461 1.55399 1.66324 0.180275 -0.221015
0.419464 -0.236352 1.55391 1.66284 0.180642 -0.221206
0.41888 -0.237243 1.55382 1.66244 0.181008 -0.221397
0.418296 -0.238134 1.55374 1.66204 0.181374 -0.221589
0.417711 -0.239025 1.55365 1.66163 0.18174 -0.22178
0.417127 -0.239916 1.55357 1.66123 0.182107 -0.221971
0.416543 -0.240807 1.55349 1.66083 0.182472 -0.222162
0.415959 -0.241697 1.5534 1.66043 0.182837 -0.222354
0.415375 -0.242586 1.55332 1.66002 0.183201 -0.222545
0.414792 -0.243475 1.55323 1.65962 0.183564 -0.222736
0.414209 -0.244363 1.55315 1.65922 0.183924 -0.222927
0.413626 -0.245249 1.55307 1.65882 0.184282 -0.223117
0.413045 -0.246133 1.55299 1.65841 0.184637 -0.223308
0.412463 -0.247016 1.55291 1.65801 0.184989 -0.223498
0.411883 -0.247897 1.55283 1.65761 0.185337 -0.223688
0.411303 -0.248775 1.55275 1.65721 0.185682 -0.223878
0.410725 -0.249651 1.55268 1.6568 0.186022 -0.224068
0.410147 -0.250525 1.5526 1.6564 0.186357 -0.224257
0.409571 -0.251395 1.55253 1.65599 0.186687 -0.224446
0.408995 -0.252262 1.55246 1.65559 0.187012 -0.224634
0.408421 -0.253126 1.55239 1.65519 0.18733 -0.224822
0.407848 -0.253986 1.55232 1.65478 0.187643 -0.22501
0.407277 -0.254842 1.55226 1.65438 0.187948 -0.225197
0.406707 -0.255694 1.5522 1.65397 0.188247 -0.225384
0.406139 -0.256542 1.55214 1.65356 0.188538 -0.22557
0.405573 -0.257385 1.55208 1.65316 0.188821 -0.225756
0.405008 -0.258224 1.55203 1.65275 0.189095 -0.225941
0.404445 -0.259057 1.55198 1.65234 0.189361 -0.226126
0.403884 -0.259886 1.55193 1.65194 0.189618 -0.22631
0.403325 -0.260709 1.55188 1.65153 0.189865 -0.226493
0.402769 -0.261526 1.55184 1.65112 0.190102 -0.226676
0.402214 -0.262337 1.5518 1.65071 0.190329 -0.226858
0.401662 -0.263142 1.55177 1.6503 0.190546 -0.227039
0.401112 -0.263941 1.55173 1.64989 0.190751 -0.22722
0.400565 -0.264733 1.55171 1.64948 0.190945 -0.227399
0.40002 -0.265519 1.55168 1.64907 0.191126 -0.227578
0.399477 -0.266297 1.55166 1.64866 0.191296 -0.227756
0.398938 -0.267068 1.55165 1.64825 0.191453 -0.227934
0.398401 -0.267832 1.55164 1.64783 0.191597 -0.22811
0.397866 -0.26859 1.55163 1.64742 0.19173 -0.228286
0.397334 -0.26934 1.55162 1.64701 0.191851 -0.228461
0.396805 -0.270085 1.55162 1.64659 0.191961 -0.228635
0.396277 -0.270823 1.55163 1.64618 0.19206 -0.228809
0.395752 -0.271555 1.55163 1.64576 0.192149 -0.228982
0.395229 -0.272282 1.55164 1.64535 0.192228 -0.229154
0.394708 -0.273003 1.55166 1.64493 0.192298 -0.229325
0.394189 -0.273719 1.55167 1.64451 0.192358 -0.229496
0.393672 -0.27443 1.55169 1.64409 0.19241 -0.229667
0.393156 -0.275136 1.55171 1.64368 0.192454 -0.229836
0.392643 -0.275838 1.55174 1.64326 0.192489 -0.230006
0.392131 -0.276535 1.55177 1.64284 0.192517 -0.230174
0.39162 -0.277229 1.55179 1.64242 0.192538 -0.230343
0.391111 -0.277918 1.55183 1.642 0.192552 -0.23051
0.390603 -0.278604 1.55186 1.64158 0.192559 -0.230678
0.390096 -0.279286 1.55189 1.64116 0.192561 -0.230845
0.389591 -0.279965 1.55193 1.64074 0.192557 -0.231012
0.389087 -0.280642 1.55197 1.64032 0.192548 -0.231178
0.388584 -0.281315 1.55201 1.6399 0.192535 -0.231344
0.388081 -0.281986 1.55205 1.63948 0.192516 -0.23151
0.38758 -0.282655 1.5521 1.63906 0.192494 -0.231675
0.387079 -0.283322 1.55214 1.63864 0.192469 -0.23184
0.386579 -0.283987 1.55219 1.63822 0.19244 -0.232005
0.38608 -0.28465 1.55223 1.6378 0.192408 -0.23217
0.385581 -0.285312 1.55228 1.63737 0.192374 -0.232335
0.385082 -0.285973 1.55233 1.63695 0.192338 -0.232499
0.384584 -0.286633 1.55238 1.63653 0.192301 -0.232664
0.384086 -0.287292 1.55243 1.63611 0.192262 -0.232828
0.383588 -0.287951 1.55247 1.63569 0.192223 -0.232992
0.383091 -0.288609 1.55252 1.63527 0.192183 -0.233156
0.382593 -0.289268 1.55257 1.63484 0.192143 -0.233321
0.382095 -0.289926 1.55262 1.63442 0.192103 -0.233485
0.381598 -0.290585 1.55267 1.634 0.192063 -0.233649
0.3811 -0.291244 1.55272 1.63358 0.192023 -0.233813
0.380602 -0.291902 1.55277 1.63316 0.191983 -0.233978
0.380105 -0.292561 1.55282 1.63274 0.191943 -0.234142
0.379607 -0.293219 1.55287 1.63231 0.191903 -0.234306
0.379109 -0.293878 1.55292 1.63189 0.191863 -0.23447
0.378612 -0.294536 1.55297 1.63147 0.191824 -0.234635
0.378114 -0.295195 1.55302 1.63105 0.191784 -0.234799
0.377616 -0.295853 1.55306 1.63063 0.191744 -0.234963
0.377119 -0.296512 1.55311 1.6302 0.191704 -0.235127
0.376621 -0.297171 1.55316 1.62978 0.191664 -0.235292
0.376123 -0.297829 1.55321 1.62936 0.191624 -0.235456
0.375626 -0.298488 1.55326 1.62894 0.191584 -0.23562
0.375128 -0.299146 1.55331 1.62852 0.191544 -0.235784
0.37463 -0.299805 1.55336 1.62809 0.191504 -0.235949
0.374133 -0.300463 1.55341 1.62767 0.191464 -0.236113
0.373635 -0.301122 1.55346 1.62725 0.191424 -0.236277
0.373137 -0.301781 1.55351 1.62683 0.191384 -0.236441
0.372639 -0.302439 1.55356 1.62641 0.191345 -0.236606
0.372142 -0.303098 1.5536 1.62599 0.191305 -0.23677
0.371644 -0.303756 1.55365 1.62556 0.191265 -0.236934
0.371146 -0.304415 1.5537 1.62514 0.191225 -0.237098
0.370649 -0.305073 1.55375 1.62472 0.191185 -0.237263
0.370151 -0.305732 1.5538 1.6243 0.191145 -0.237427
0.369653 -0.30639 1.55385 1.62388 0.191105 -0.237591
0.369156 -0.307049 1.5539 1.62345 0.191065 -0.237755
0.368658 -0.307708 1.55395 1.62303 0.191025 -0.23792
0.36816 -0.308366 1.554 1.62261 0.190985 -0.238084
0.367663 -0.309025 1.55405 1.62219 0.190945 -0.238248
0.367165 -0.309683 1.5541 1.62177 0.190905 -0.238412
0.366667 -0.310342 1.55415 1.62135 0.190866 -0.238577
0.36617 -0.311 1.55419 1.62092 0.190826 -0.238741
0.365672 -0.311659 1.55424 1.6205 0.190786 -0.238905
0.365174 -0.312317 1.55429 1.62008 0.190746 -0.239069
0.364677 -0.312976 1.55434 1.61966 0.190706 -0.239234
0.364179 -0.313635 1.55439 1.61924 0.190666 -0.239398
0.363681 -0.314293 1.55444 1.61881 0.190626 -0.239562
0.363184 -0.314952 1.55449 1.61839 0.190586 -0.239726
0.362686 -0.31561 1.55454 1.61797 0.190546 -0.239891
0.362188 -0.316269 1.55459 1.61755 0.190506 -0.240055
0.361691 -0.316927 1.55464 1.61713 0.190466 -0.240219
0.361193 -0.317586 1.55469 1.61671 0.190426 -0.240383
0.360695 -0.318245 1.55474 1.61628 0.190387 -0.240548
0.360198 -0.318903 1.55478 1.61586 0.190347 -0.240712
0.3597 -0.319562 1.55483 1.61544 0.190307 -0.240876
0.359202 -0.32022 1.55488 1.61502 0.190267 -0.24104
0.358705 -0.320879 1.55493 1.6146 0.190227 -0.241205
0.358207 -0.321537 1.55498 1.61417 0.190187 -0.241369
0.357709 -0.322196 1.55503 1.61375 0.190147 -0.241533
0.357212 -0.322854 1.55508 1.61333 0.190107 -0.241697
0.356714 -0.323513 1.55513 1.61291 0.190067 -0.241862
0.356216 -0.324172 1.55518 1.61249 0.190027 -0.242026
0.355719 -0.32483 1.55523 1.61207 0.189987 -0.24219
0.355221 -0.325489 1.55528 1.61164 0.189948 -0.242354
0.354723 -0.326147 1.55532 1.61122 0.189908 -0.242519
0.354226 -0.326806 1.55537 1.6108 0.189868 -0.242683
0.353728 -0.327464 1.55542 1.61038 0.189828 -0.242847
0.35323 -0.328123 1.55547 1.60996 0.189788 -0.243011
0.352733 -0.328782 1.55552 1.60953 0.189748 -0.243176
0.352235 -0.32944 1.55557 1.60911 0.189708 -0.24334
0.351737 -0.330099 1.55562 1.60869 0.189668 -0.243504
0.35124 -0.330757 1.55567 1.60827 0.189628 -0.243668
0.350742 -0.331416 1.55572 1.60785 0.189588 -0.243833
0.350244 -0.332074 1.55577 1.60742 0.189548 -0.243997
0.349747 -0.332732 1.55582 1.607 0.189508 -0.244161
0.349249 -0.33339 1.55587 1.60658 0.189467 -0.244325
0.348752 -0.334048 1.55592 1.60616 0.189425 -0.244489
0.348255 -0.334705 1.55597 1.60574 0.189382 -0.244653
0.347758 -0.335361 1.55602 1.60532 0.189338 -0.244817
0.347262 -0.336016 1.55607 1.60489 0.189292 -0.244981
0.346766 -0.336671 1.55612 1.60447 0.189245 -0.245145
0.34627 -0.337324 1.55617 1.60405 0.189196 -0.245309
0.345774 -0.337976 1.55622 1.60363 0.189145 -0.245472
0.34528 -0.338627 1.55628 1.6032 0.189092 -0.245636
0.344785 -0.339277 1.55633 1.60278 0.189037 -0.245799
0.344291 -0.339925 1.55639 1.60236 0.188979 -0.245962
0.343798 -0.340572 1.55644 1.60194 0.188918 -0.246125
0.343306 -0.341217 1.5565 1.60151 0.188855 -0.246287
0.342814 -0.34186 1.55656 1.60109 0.188788 -0.24645
0.342322 -0.342501 1.55662 1.60067 0.188718 -0.246612
0.341832 -0.34314 1.55668 1.60024 0.188644 -0.246774
0.341342 -0.343777 1.55674 1.59982 0.188566 -0.246936
0.340853 -0.344412 1.5568 1.5994 0.188485 -0.247097
0.340366 -0.345045 1.55687 1.59897 0.188399 -0.247259
0.339879 -0.345674 1.55693 1.59855 0.188309 -0.247419
0.339393 -0.346302 1.557 1.59812 0.188214 -0.24758
0.338908 -0.346926 1.55707 1.5977 0.188115 -0.24774
0.338424 -0.347548 1.55714 1.59727 0.18801 -0.2479
0.337941 -0.348167 1.55721 1.59685 0.187901 -0.24806
0.337459 -0.348782 1.55728 1.59642 0.187786 -0.248219
0.336979 -0.349395 1.55736 1.596 0.187665 -0.248378
0.336499 -0.350004 1.55744 1.59557 0.187539 -0.248537
0.336021 -0.35061 1.55752 1.59514 0.187407 -0.248695
0.335545 -0.351212 1.5576 1.59472 0.187269 -0.248852
0.335069 -0.351811 1.55768 1.59429 0.187124 -0.24901
0.334595 -0.352406 1.55777 1.59386 0.186973 -0.249167
0.334122 -0.352998 1.55785 1.59344 0.186817 -0.249323
0.333651 -0.353586 1.55794 1.59301 0.186654 -0.249479
0.33318 -0.354171 1.55804 1.59258 0.186486 -0.249635
0.332711 -0.354753 1.55813 1.59215 0.186313 -0.24979
0.332243 -0.355333 1.55822 1.59172 0.186134 -0.249945
0.331776 -0.355909 1.55832 1.59129 0.185951 -0.2501
0.33131 -0.356483 1.55842 1.59087 0.185763 -0.250254
0.330845 -0.357054 1.55852 1.59044 0.18557 -0.250408
0.330381 -0.357622 1.55862 1.59001 0.185373 -0.250562
0.329917 -0.358189 1.55872 1.58958 0.185171 -0.250716
0.329455 -0.358753 1.55882 1.58915 0.184966 -0.250869
0.328993 -0.359314 1.55893 1.58872 0.184757 -0.251022
0.328533 -0.359874 1.55903 1.58829 0.184544 -0.251175
0.328072 -0.360432 1.55914 1.58786 0.184328 -0.251327
0.327613 -0.360988 1.55925 1.58743 0.184109 -0.25148
0.327154 -0.361542 1.55936 1.587 0.183887 -0.251632
0.326696 -0.362095 1.55947 1.58656 0.183662 -0.251784
0.326238 -0.362646 1.55958 1.58613 0.183434 -0.251935
0.325781 -0.363196 1.55969 1.5857 0.183204 -0.252087
0.325324 -0.363744 1.5598 1.58527 0.182972 -0.252239
0.324868 -0.364292 1.55992 1.58484 0.182738 -0.25239
0.324412 -0.364838 1.56003 1.58441 0.182502 -0.252541
0.323956 -0.365384 1.56014 1.58398 0.182265 -0.252692
0.323501 -0.365929 1.56026 1.58355 0.182026 -0.252843
0.323046 -0.366473 1.56037 1.58311 0.181786 -0.252994
0.322591 -0.367016 1.56049 1.58268 0.181545 -0.253145
0.322137 -0.367559 1.5606 1.58225 0.181303 -0.253296
0.321682 -0.368102 1.56072 1.58182 0.181061 -0.253447
0.321228 -0.368644 1.56084 1.58139 0.180818 -0.253597
0.320773 -0.369187 1.56095 1.58096 0.180575 -0.253748
0.320319 -0.369729 1.56107 1.58052 0.180332 -0.253899
0.319864 -0.370271 1.56118 1.58009 0.18009 -0.25405
0.319407 -0.370813 1.5613 1.57966 0.179848 -0.254202
0.318949 -0.371354 1.56142 1.57923 0.179608 -0.254356
0.318488 -0.371894 1.56154 1.5788 0.17937 -0.254511
0.318024 -0.372434 1.56166 1.57837 0.179135 -0.254668
0.317555 -0.372972 1.56178 1.57794 0.178902 -0.254828
0.317083 -0.373508 1.5619 1.57751 0.178673 -0.254991
0.316604 -0.374043 1.56203 1.57709 0.178448 -0.255158
0.31612 -0.374576 1.56216 1.57666 0.178228 -0.255329
0.315629 -0.375107 1.56229 1.57623 0.178012 -0.255504
0.315131 -0.375635 1.56243 1.57581 0.177802 -0.255684
0.314625 -0.376161 1.56256 1.57539 0.177598 -0.255869
0.314111 -0.376685 1.56271 1.57497 0.177401 -0.25606
0.313587 -0.377205 1.56285 1.57455 0.17721 -0.256257
0.313053 -0.377722 1.563 1.57413 0.177027 -0.256461
0.312509 -0.378236 1.56316 1.57372 0.176852 -0.256672
0.311954 -0.378746 1.56332 1.57331 0.176686 -0.25689
0.311386 -0.379253 1.56348 1.57289 0.176529 -0.257116
0.310806 -0.379755 1.56365 1.57249 0.176381 -0.257351
0.310213 -0.380254 1.56383 1.57208 0.176243 -0.257595
0.309606 -0.380748 1.56401 1.57168 0.176115 -0.257848
0.308984 -0.381237 1.5642 1.57128 0.175999 -0.25811
0.308347 -0.381722 1.5644 1.57088 0.175894 -0.258383
0.307695 -0.382201 1.5646 1.57049 0.175801 -0.258667
0.307025 -0.382676 1.56481 1.57009 0.175721 -0.258961
0.306339 -0.383144 1.56502 1.56971 0.175653 -0.259267
0.305635 -0.383608 1.56525 1.56932 0.175599 -0.259585
0.304912 -0.384065 1.56548 1.56894 0.17556 -0.259915
0.30417 -0.384516 1.56572 1.56856 0.175534 -0.260258
0.303408 -0.384961 1.56597 1.56819 0.175524 -0.260615
0.302626 -0.385399 1.56623 1.56782 0.175529 -0.260985
0.301822 -0.385831 1.5665 1.56745 0.17555 -0.261369
0.300998 -0.386256 1.56677 1.56709 0.175587 -0.261767
0.300155 -0.386675 1.56706 1.56673 0.175639 -0.262178
0.299292 -0.387088 1.56735 1.56637 0.175705 -0.262602
0.29841 -0.387495 1.56765 1.56602 0.175785 -0.263039
0.297511 -0.387897 1.56796 1.56567 0.175879 -0.263487
0.296594 -0.388293 1.56828 1.56533 0.175986 -0.263947
0.295661 -0.388683 1.5686 1.56499 0.176105 -0.264418
0.294713 -0.389069 1.56893 1.56465 0.176236 -0.2649
0.293748 -0.38945 1.56927 1.56431 0.176379 -0.265391
0.29277 -0.389826 1.56961 1.56398 0.176533 -0.265893
0.291777 -0.390198 1.56996 1.56365 0.176697 -0.266404
0.290772 -0.390566 1.57032 1.56332 0.176871 -0.266923
0.289753 -0.390929 1.57068 1.56299 0.177055 -0.267451
0.288723 -0.391289 1.57104 1.56267 0.177248 -0.267987
0.287682 -0.391645 1.57141 1.56235 0.177449 -0.268531
0.28663 -0.391998 1.57179 1.56203 0.177658 -0.269081
0.285568 -0.392348 1.57217 1.56171 0.177875 -0.269638
0.284497 -0.392695 1.57255 1.56139 0.178099 -0.270202
0.283417 -0.393039 1.57294 1.56108 0.178329 -0.270771
0.282329 -0.393381 1.57333 1.56076 0.178566 -0.271345
0.281234 -0.39372 1.57372 1.56045 0.178807 -0.271925
0.280133 -0.394058 1.57412 1.56014 0.179054 -0.272508
0.279025 -0.394393 1.57452 1.55983 0.179306 -0.273096
0.277912 -0.394727 1.57492 1.55952 0.179561 -0.273687
0.276795 -0.395059 1.57533 1.55922 0.17982 -0.274282
0.275673 -0.39539 1.57573 1.55891 0.180082 -0.274879
0.274549 -0.39572 1.57614 1.5586 0.180346 -0.275478
0.273421 -0.396049 1.57655 1.5583 0.180612 -0.276079
0.272292 -0.396377 1.57696 1.55799 0.18088 -0.276681
0.271161 -0.396705 1.57736 1.55769 0.181149 -0.277284
0.27003 -0.397033 1.57777 1.55738 0.181418 -0.277888
0.268899 -0.397361 1.57818 1.55708 0.181688 -0.278492
0.267766 -0.397689 1.57859 1.55677 0.181958 -0.279096
0.266631 -0.398015 1.57901 1.55647 0.18223 -0.279702
0.265491 -0.39834 1.57942 1.55616 0.182506 -0.280311
0.264347 -0.398664 1.57983 1.55586 0.182785 -0.280924
0.263196 -0.398986 1.58025 1.55556 0.183069 -0.281541
0.262037 -0.399305 1.58068 1.55526 0.18336 -0.282163
0.260868 -0.399621 1.5811 1.55496 0.183657 -0.282791
0.259689 -0.399934 1.58153 1.55467 0.183963 -0.283427
0.258498 -0.400242 1.58197 1.55437 0.184277 -0.28407
0.257294 -0.400547 1.58241 1.55408 0.184601 -0.284722
0.256076 -0.400847 1.58286 1.55379 0.184937 -0.285384
0.254841 -0.401143 1.58331 1.55351 0.185284 -0.286057
0.25359 -0.401432 1.58377 1.55322 0.185644 -0.286741
0.252319 -0.401716 1.58424 1.55294 0.186019 -0.287438
0.251029 -0.401994 1.58472 1.55267 0.186408 -0.288147
0.249718 -0.402265 1.58521 1.5524 0.186814 -0.288871
0.248385 -0.402528 1.58571 1.55213 0.187236 -0.28961
0.247027 -0.402784 1.58621 1.55187 0.187677 -0.290365
0.245645 -0.403033 1.58673 1.55161 0.188136 -0.291137
0.244236 -0.403273 1.58726 1.55136 0.188616 -0.291926
0.242799 -0.403504 1.58781 1.55111 0.189116 -0.292734
0.241333 -0.403725 1.58836 1.55087 0.189639 -0.293562
0.239837 -0.403938 1.58893 1.55063 0.190184 -0.294409
0.238309 -0.40414 1.58951 1.5504 0.190754 -0.295278
0.236748 -0.404331 1.59011 1.55017 0.191348 -0.296169
0.235153 -0.404512 1.59072 1.54996 0.191969 -0.297084
0.233521 -0.404682 1.59134 1.54975 0.192616 -0.298022
0.231853 -0.404839 1.59199 1.54954 0.193292 -0.298984
0.230147 -0.404985 1.59265 1.54934 0.193997 -0.299973
0.228401 -0.405118 1.59332 1.54915 0.194731 -0.300988
0.226614 -0.405238 1.59402 1.54897 0.195497 -0.30203
0.224784 -0.405345 1.59473 1.5488 0.196295 -0.303101
0.222914 -0.405438 1.59546 1.54863 0.197123 -0.304199
0.221004 -0.405519 1.59621 1.54847 0.197982 -0.305323
0.219055 -0.405588 1.59697 1.54832 0.19887 -0.306474
0.21707 -0.405645 1.59775 1.54817 0.199786 -0.307649
0.215049 -0.405691 1.59855 1.54804 0.200728 -0.308848
0.212993 -0.405726 1.59936 1.5479 0.201697 -0.31007
0.210905 -0.405751 1.60018 1.54778 0.202691 -0.311314
0.208784 -0.405765 1.60102 1.54766 0.203709 -0.312579
0.206634 -0.40577 1.60188 1.54754 0.20475 -0.313864
0.204454 -0.405765 1.60274 1.54743 0.205813 -0.315169
0.202246 -0.405752 1.60362 1.54733 0.206896 -0.316493
0.200012 -0.405731 1.60451 1.54723 0.208 -0.317834
0.197753 -0.405701 1.6054 1.54714 0.209123 -0.319193
0.19547 -0.405664 1.60631 1.54705 0.210264 -0.320567
0.193165 -0.40562 1.60723 1.54696 0.211422 -0.321956
0.190838 -0.405569 1.60816 1.54688 0.212596 -0.323359
0.188492 -0.405511 1.6091 1.5468 0.213785 -0.324776
0.186127 -0.405448 1.61004 1.54673 0.214988 -0.326204
0.183745 -0.40538 1.611 1.54666 0.216204 -0.327645
0.181347 -0.405306 1.61196 1.54659 0.217432 -0.329096
0.178935 -0.405228 1.61292 1.54653 0.218671 -0.330557
0.176509 -0.405146 1.61389 1.54646 0.21992 -0.332026
0.174071 -0.40506 1.61487 1.5464 0.221178 -0.333504
0.171623 -0.40497 1.61585 1.54634 0.222444 -0.334988
0.169166 -0.404878 1.61684 1.54629 0.223717 -0.336479
0.1667 -0.404783 1.61783 1.54623 0.224996 -0.337975
0.164228 -0.404686 1.61882 1.54618 0.22628 -0.339476
0.161751 -0.404587 1.61981 1.54612 0.227568 -0.34098
0.15927 -0.404487 1.62081 1.54607 0.228859 -0.342487
0.156786 -0.404386 1.6218 1.54602 0.230152 -0.343995
0.154301 -0.404285 1.6228 1.54597 0.231446 -0.345505
0.151815 -0.404184 1.6238 1.54592 0.23274 -0.347014
0.14933 -0.404082 1.6248 1.54587 0.234035 -0.348524
0.146842 -0.40398 1.62579 1.54581 0.23533 -0.350035
0.144353 -0.403878 1.62679 1.54576 0.236627 -0.351547
0.141861 -0.403775 1.62779 1.54571 0.237926 -0.35306
0.139366 -0.40367 1.62879 1.54566 0.239228 -0.354577
0.136867 -0.403565 1.6298 1.54561 0.240532 -0.356095
0.134363 -0.403458 1.6308 1.54557 0.24184 -0.357617
0.131854 -0.403349 1.63181 1.54552 0.243152 -0.359142
0.129339 -0.403238 1.63282 1.54547 0.244469 -0.360672
0.126818 -0.403125 1.63383 1.54543 0.24579 -0.362205
0.124289 -0.40301 1.63485 1.54538 0.247117 -0.363744
0.121752 -0.402893 1.63587 1.54534 0.24845 -0.365288
0.119207 -0.402773 1.63689 1.5453 0.24979 -0.366837
0.116652 -0.402649 1.63792 1.54526 0.251137 -0.368393
0.114088 -0.402523 1.63895 1.54523 0.252491 -0.369956
0.111513 -0.402393 1.63999 1.54519 0.253853 -0.371525
0.108926 -0.40226 1.64103 1.54516 0.255223 -0.373102
0.106328 -0.402123 1.64208 1.54513 0.256603 -0.374687
0.103717 -0.401982 1.64313 1.5451 0.257992 -0.376281
0.101093 -0.401837 1.64419 1.54507 0.259391 -0.377883
0.0984553 -0.401687 1.64525 1.54505 0.260801 -0.379495
0.0958028 -0.401533 1.64632 1.54503 0.262221 -0.381116
0.0931352 -0.401374 1.6474 1.54501 0.263653 -0.382747
0.0904517 -0.40121 1.64848 1.545 0.265097 -0.384389
0.0877516 -0.40104 1.64957 1.54499 0.266554 -0.386043
0.0850344 -0.400866 1.65067 1.54498 0.268024 -0.387707
0.0822993 -0.400685 1.65177 1.54497 0.269507 -0.389384
0.0795457 -0.400499 1.65289 1.54497 0.271004 -0.391073
0.0767729 -0.400307 1.65401 1.54497 0.272516 -0.392775
0.0739803 -0.400108 1.65514 1.54498 0.274042 -0.39449
0.0711672 -0.399903 1.65628 1.54499 0.275585 -0.396218
0.0683329 -0.399691 1.65743 1.545 0.277143 -0.397961
0.0654782 -0.399473 1.65859 1.54502 0.278716 -0.399718
0.0626036 -0.399248 1.65975 1.54504 0.280305 -0.401488
0.0597099 -0.399017 1.66093 1.54507 0.281908 -0.403271
0.0567976 -0.398781 1.66211 1.5451 0.283526 -0.405066
0.0538675 -0.398539 1.6633 1.54513 0.285156 -0.406873
0.0509202 -0.398291 1.6645 1.54516 0.2868 -0.408691
0.0479564 -0.398038 1.6657 1.5452 0.288456 -0.410521
0.0449767 -0.39778 1.66691 1.54524 0.290125 -0.412361
0.0419818 -0.397517 1.66813 1.54528 0.291804 -0.414211
0.0389724 -0.39725 1.66936 1.54533 0.293495 -0.416072
0.0359491 -0.396978 1.67059 1.54538 0.295196 -0.417941
0.0329125 -0.396702 1.67183 1.54543 0.296908 -0.419819
0.0298634 -0.396422 1.67307 1.54549 0.298629 -0.421706
0.0268024 -0.396139 1.67431 1.54554 0.300358 -0.423601
0.0237302 -0.395852 1.67557 1.5456 0.302097 -0.425503
0.0206474 -0.395561 1.67682 1.54566 0.303843 -0.427412
0.0175547 -0.395267 1.67808 1.54572 0.305597 -0.429328
0.0144527 -0.39497 1.67935 1.54579 0.307358 -0.43125
0.0113421 -0.394671 1.68062 1.54585 0.309125 -0.433178
0.00822358 -0.394369 1.68189 1.54592 0.310898 -0.435111
0.00509779 -0.394065 1.68317 1.54599 0.312677 -0.437049
0.0019654 -0.393759 1.68444 1.54606 0.314461 -0.438991
-0.00117295 -0.39345 1.68572 1.54613 0.316249 -0.440937
-0.00431658 -0.393141 1.68701 1.5462 0.318042 -0.442887
-0.00746484 -0.392829 1.68829 1.54627 0.319838 -0.44484
-0.0106171 -0.392517 1.68958 1.54634 0.321636 -0.446796
-0.0137726 -0.392203 1.69087 1.54642 0.323438 -0.448754
-0.0169308 -0.391888 1.69216 1.54649 0.325241 -0.450713
-0.0200909 -0.391573 1.69345 1.54657 0.327046 -0.452674
-0.0232524 -0.391258 1.69474 1.54664 0.328852 -0.454636
-0.0264146 -0.390942 1.69603 1.54672 0.330658 -0.456598
-0.0295767 -0.390626 1.69732 1.54679 0.332465 -0.458561
-0.0327388 -0.390311 1.69861 1.54687 0.334271 -0.460523
-0.035901 -0.389995 1.6999 1.54694 0.336077 -0.462485
-0.0390631 -0.389679 1.70119 1.54702 0.337884 -0.464448
-0.0422253 -0.389363 1.70248 1.54709 0.33969 -0.46641
-0.0453874 -0.389048 1.70378 1.54717 0.341496 -0.468372
-0.0485496 -0.388732 1.70507 1.54724 0.343303 -0.470334
-0.0517117 -0.388416 1.70636 1.54732 0.345109 -0.472297
-0.0548738 -0.3881 1.70765 1.54739 0.346915 -0.474259
-0.058036 -0.387785 1.70894 1.54747 0.348722 -0.476221
-0.0611981 -0.387469 1.71023 1.54754 0.350528 -0.478184
-0.0643603 -0.387153 1.71152 1.54762 0.352335 -0.480146
-0.0675224 -0.386837 1.71281 1.54769 0.354141 -0.482108
-0.0706845 -0.386522 1.7141 1.54777 0.355947 -0.48407
-0.0738467 -0.386206 1.7154 1.54784 0.357754 -0.486033
-0.0770088 -0.38589 1.71669 1.54792 0.35956 -0.487995
-0.080171 -0.385574 1.71798 1.54799 0.361366 -0.489957
-0.0833331 -0.385259 1.71927 1.54807 0.363173 -0.49192
-0.0864953 -0.384943 1.72056 1.54814 0.364979 -0.493882
-0.0896574 -0.384627 1.72185 1.54822 0.366785 -0.495844
-0.0928195 -0.384311 1.72314 1.54829 0.368592 -0.497806
-0.0959817 -0.383996 1.72443 1.54837 0.370398 -0.499769
-0.0991438 -0.38368 1.72572 1.54844 0.372205 -0.501731
-0.102306 -0.383364 1.72702 1.54852 0.374011 -0.503693
-0.105468 -0.383048 1.72831 1.54859 0.375817 -0.505656
-0.10863 -0.382733 1.7296 1.54867 0.377624 -0.507618
-0.111792 -0.382417 1.73089 1.54874 0.37943 -0.50958
-0.114955 -0.382101 1.73218 1.54882 0.381236 -0.511542
-0.118117 -0.381785 1.73347 1.54889 0.383043 -0.513505
-0.121279 -0.38147 1.73476 1.54897 0.384849 -0.515467
-0.124441 -0.381154 1.73605 1.54904 0.386655 -0.517429
-0.127603 -0.380838 1.73734 1.54912 0.388462 -0.519391
-0.130765 -0.380522 1.73863 1.54919 0.390268 -0.521354
-0.133927 -0.380207 1.73993 1.54927 0.392074 -0.523316
-0.13709 -0.379891 1.74122 1.54934 0.393881 -0.525278
-0.140252 -0.379575 1.74251 1.54942 0.395687 -0.527241
-0.143414 -0.379259 1.7438 1.54949 0.397494 -0.529203
-0.146576 -0.378944 1.74509 1.54957 0.3993 -0.531165
-0.149738 -0.378628 1.74638 1.54964 0.401106 -0.533127
-0.1529 -0.378312 1.74767 1.54972 0.402913 -0.53509
-0.156062 -0.377996 1.74896 1.54979 0.404719 -0.537052
-0.159225 -0.377681 1.75025 1.54987 0.406525 -0.539014
-0.162387 -0.377365 1.75155 1.54994 0.408332 -0.540977
-0.165549 -0.377049 1.75284 1.55002 0.410138 -0.542939
-0.168711 -0.376733 1.75413 1.55009 0.411944 -0.544901
-0.171873 -0.376418 1.75542 1.55017 0.413751 -0.546863
-0.175035 -0.376102 1.75671 1.55024 0.415557 -0.548826
-0.178197 -0.375786 1.758 1.55032 0.417364 -0.550788
-0.18136 -0.37547 1.75929 1.55039 0.41917 -0.55275
-0.184522 -0.375155 1.76058 1.55047 0.420976 -0.554713
-0.187684 -0.374839 1.76187 1.55054 0.422783 -0.556675
-0.190846 -0.374523 1.76317 1.55062 0.424589 -0.558637
-0.194008 -0.374207 1.76446 1.55069 0.426395 -0.560599
-0.19717 -0.373892 1.76575 1.55077 0.428202 -0.562562
-0.200332 -0.373576 1.76704 1.55084 0.430008 -0.564524
-0.203495 -0.37326 1.76833 1.55092 0.431814 -0.566486
-0.206657 -0.372944 1.76962 1.55099 0.433621 -0.568449
-0.209819 -0.372629 1.77091 1.55107 0.435427 -0.570411
-0.212981 -0.372313 1.7722 1.55114 0.437233 -0.572373
-0.216143 -0.371997 1.77349 1.55122 0.43904 -0.574335
-0.219305 -0.371681 1.77479 1.55129 0.440846 -0.576298
-0.222467 -0.371366 1.77608 1.55137 0.442653 -0.57826
-0.22563 -0.37105 1.77737 1.55144 0.444459 -0.580222
-0.228792 -0.370734 1.77866 1.55152 0.446265 -0.582185
-0.231954 -0.370418 1.77995 1.55159 0.448072 -0.584147
-0.235116 -0.370103 1.78124 1.55167 0.449878 -0.586109
-0.238278 -0.369787 1.78253 1.55174 0.451684 -0.588071
-0.24144 -0.369471 1.78382 1.55182 0.453491 -0.590034
-0.244602 -0.369155 1.78511 1.55189 0.455297 -0.591996
-0.247765 -0.36884 1.78641 1.55197 0.457103 -0.593958
-0.250927 -0.368524 1.7877 1.55204 0.45891 -0.595921
-0.254089 -0.368208 1.78899 1.55212 0.460716 -0.597883
-0.257251 -0.367892 1.79028 1.55219 0.462523 -0.599845
-0.260413 -0.367577 1.79157 1.55227 0.464329 -0.601807
-0.263575 -0.367261 1.79286 1.55234 0.466135 -0.60377
-0.266737 -0.366945 1.79415 1.55242 0.467942 -0.605732
-0.2699 -0.366629 1.79544 1.55249 0.469748 -0.607694
-0.273062 -0.366314 1.79673 1.55257 0.471554 -0.609657
-0.276224 -0.365998 1.79803 1.55264 0.473361 -0.611619
-0.279386 -0.365682 1.79932 1.55272 0.475167 -0.613581
-0.282548 -0.365366 1.80061 1.55279 0.476973 -0.615543
-0.28571 -0.365051 1.8019 1.55287 0.47878 -0.617506
-0.288872 -0.364735 1.80319 1.55294 0.480586 -0.619468
-0.292035 -0.364419 1.80448 1.55302 0.482392 -0.62143
-0.295197 -0.364103 1.80577 1.55309 0.484199 -0.623392
-0.298359 -0.363788 1.80706 1.55317 0.486005 -0.625355
-0.301521 -0.363472 1.80835 1.55324 0.487812 -0.627317
-0.304683 -0.363156 1.80964 1.55332 0.489618 -0.629279
-0.307845 -0.36284 1.81094 1.55339 0.491424 -0.631242
-0.311007 -0.362525 1.81223 1.55347 0.493231 -0.633204
-0.31417 -0.362209 1.81352 1.55354 0.495037 -0.635166
-0.317332 -0.361893 1.81481 1.55362 0.496843 -0.637128
-0.320494 -0.361577 1.8161 1.55369 0.49865 -0.639091
-0.323656 -0.361262 1.81739 1.55377 0.500456 -0.641053
-0.326818 -0.360946 1.81868 1.55384 0.502262 -0.643015
-0.32998 -0.36063 1.81997 1.55392 0.504069 -0.644978
-0.333142 -0.360314 1.82126 1.55399 0.505875 -0.64694
-0.336305 -0.359999 1.82256 1.55407 0.507682 -0.648902
-0.339467 -0.359683 1.82385 1.55414 0.509488 -0.650864
-0.342629 -0.359367 1.82514 1.55422 0.511294 -0.652827
-0.345791 -0.359051 1.82643 1.55429 0.513101 -0.654789
-0.348953 -0.358736 1.82772 1.55437 0.514907 -0.656751
-0.352115 -0.35842 1.82901 1.55444 0.516713 -0.658714
-0.355277 -0.358104 1.8303 1.55452 0.51852 -0.660676
-0.358439 -0.357789 1.83159 1.55459 0.520326 -0.662638
-0.361602 -0.357473 1.83288 1.55467 0.522132 -0.6646
-0.364764 -0.357157 1.83418 1.55474 0.523939 -0.666563
-0.367926 -0.356841 1.83547 1.55482 0.525745 -0.668525
-0.371088 -0.356526 1.83676 1.55489 0.527551 -0.670487
-0.37425 -0.35621 1.83805 1.55497 0.529358 -0.67245
-0.377412 -0.355894 1.83934 1.55504 0.531164 -0.674412
-0.380574 -0.355578 1.84063 1.55512 0.532971 -0.676374
-0.383737 -0.355263 1.84192 1.55519 0.534777 -0.678336
-0.386899 -0.354947 1.84321 1.55527 0.536583 -0.680299
-0.390061 -0.354631 1.8445 1.55534 0.53839 -0.682261
-0.393223 -0.354315 1.8458 1.55542 0.540196 -0.684223
-0.396385 -0.354 1.84709 1.55549 0.542002 -0.686186
-0.399547 -0.353684 1.84838 1.55557 0.543809 -0.688148
-0.402709 -0.353368 1.84967 1.55564 0.545615 -0.69011
-0.405872 -0.353052 1.85096 1.55572 0.547421 -0.692072
-0.409034 -0.352737 1.85225 1.55579 0.549228 -0.694035
-0.412196 -0.352421 1.85354 1.55587 0.551034 -0.695997
-0.415358 -0.352105 1.85483 1.55594 0.55284 -0.697959
-0.41852 -0.351789 1.85612 1.55602 0.554647 -0.699922
-0.421682 -0.351474 1.85742 1.55609 0.556453 -0.701884
-0.424844 -0.351158 1.85871 1.55617 0.55826 -0.703846
-0.428007 -0.350842 1.86 1.55624 0.560066 -0.705808
-0.431169 -0.350526 1.86129 1.55632 0.561872 -0.707771
-0.434331 -0.350211 1.86258 1.55639 0.563679 -0.709733
-0.437493 -0.349895 1.86387 1.55647 0.565485 -0.711695
-0.440655 -0.349579 1.86516 1.55654 0.567291 -0.713657
-0.443817 -0.349263 1.86645 1.55662 0.569098 -0.71562
-0.446979 -0.348948 1.86774 1.55669 0.570904 -0.717582
-0.450142 -0.348632 1.86904 1.55677 0.57271 -0.719544
-0.453304 -0.348316 1.87033 1.55684 0.574517 -0.721507
-0.456466 -0.348 1.87162 1.55692 0.576323 -0.723469
-0.459628 -0.347685 1.87291 1.55699 0.57813 -0.725431
-0.46279 -0.347369 1.8742 1.55707 0.579936 -0.727393
-0.465952 -0.347053 1.87549 1.55714 0.581742 -0.729356
-0.469114 -0.346737 1.87678 1.55722 0.583549 -0.731318
-0.472277 -0.346422 1.87807 1.55729 0.585355 -0.73328
-0.475439 -0.346106 1.87936 1.55737 0.587161 -0.735243
-0.478601 -0.34579 1.88065 1.55744 0.588968 -0.737205
-0.481763 -0.345474 1.88195 1.55752 0.590774 -0.739167
-0.484925 -0.345159 1.88324 1.55759 0.59258 -0.741129
-0.488087 -0.344843 1.88453 1.55767 0.594387 -0.743092
-0.491249 -0.344527 1.88582 1.55774 0.596193 -0.745054
-0.494412 -0.344211 1.88711 1.55782 0.597999 -0.747016
-0.497574 -0.343896 1.8884 1.55789 0.599806 -0.748979
-0.500736 -0.34358 1.88969 1.55797 0.601612 -0.750941
-0.503898 -0.343264 1.89098 1.55804 0.603419 -0.752903
-0.50706 -0.342948 1.89227 1.55812 0.605225 -0.754865
-0.510222 -0.342633 1.89357 1.55819 0.607031 -0.756828
-0.513384 -0.342317 1.89486 1.55827 0.608838 -0.75879
-0.516547 -0.342001 1.89615 1.55834 0.610644 -0.760752
-0.519709 -0.341685 1.89744 1.55842 0.61245 -0.762715
-0.522871 -0.34137 1.89873 1.55849 0.614257 -0.764677
-0.526033 -0.341054 1.90002 1.55857 0.616063 -0.766639
-0.529195 -0.340738 1.90131 1.55864 0.617869 -0.768601
-0.532357 -0.340422 1.9026 1.55872 0.619676 -0.770564
