0.123597 -0.0704133 1.99161 -2.31853 1.84093 1.79963
0.124715 -0.0690236 1.99224 -2.31856 1.83937 1.79828
0.125834 -0.0676339 1.99286 -2.31859 1.83782 1.79693
0.126953 -0.0662442 1.99348 -2.31861 1.83626 1.79558
0.128072 -0.0648545 1.9941 -2.31864 1.83471 1.79423
0.129191 -0.0634648 1.99472 -2.31867 1.83315 1.79289
0.13031 -0.0620751 1.99534 -2.31869 1.8316 1.79154
0.131429 -0.0606854 1.99597 -2.31872 1.83004 1.79019
0.132547 -0.0592957 1.99659 -2.31875 1.82849 1.78884
0.133697 -0.0581577 1.99716 -2.31855 1.82704 1.7877
0.134847 -0.0570275 1.99773 -2.31835 1.82561 1.78656
0.135999 -0.0559131 1.9983 -2.31813 1.82417 1.78543
0.137154 -0.0548222 1.99886 -2.31789 1.82275 1.78432
0.138313 -0.0537628 1.99942 -2.31762 1.82134 1.78324
0.139476 -0.0527428 1.99997 -2.31732 1.81995 1.78219
0.140646 -0.0517699 2.00051 -2.31698 1.81859 1.78117
0.141821 -0.0508521 2.00104 -2.31658 1.81724 1.7802
0.143005 -0.0499972 2.00156 -2.31613 1.81593 1.77928
0.144197 -0.0492091 2.00207 -2.31563 1.81464 1.77842
0.145397 -0.0484918 2.00256 -2.31506 1.81338 1.77761
0.146606 -0.0478493 2.00304 -2.31442 1.81216 1.77686
0.147825 -0.0472854 2.0035 -2.31371 1.81098 1.77618
0.149053 -0.046804 2.00395 -2.31293 1.80983 1.77556
0.150292 -0.0464092 2.00438 -2.31207 1.80872 1.77501
0.151542 -0.0461048 2.00479 -2.31113 1.80765 1.77453
0.152804 -0.0458948 2.00518 -2.31011 1.80662 1.77413
0.154077 -0.0457831 2.00556 -2.309 1.80563 1.77381
0.155363 -0.0457736 2.00591 -2.3078 1.80469 1.77356
0.156661 -0.0458703 2.00625 -2.30651 1.8038 1.77341
0.157973 -0.0460772 2.00656 -2.30511 1.80296 1.77334
0.159299 -0.046398 2.00685 -2.30362 1.80217 1.77337
0.160639 -0.0468368 2.00712 -2.30202 1.80143 1.77349
0.161994 -0.0473975 2.00737 -2.30031 1.80075 1.7737
0.163363 -0.0480841 2.00759 -2.2985 1.80012 1.77402
0.164749 -0.0488904 2.00778 -2.29657 1.79954 1.77443
0.166151 -0.0498104 2.00795 -2.29454 1.79901 1.77493
0.167571 -0.0508379 2.00809 -2.29241 1.79853 1.77552
0.169008 -0.051967 2.0082 -2.29019 1.79809 1.77618
0.170464 -0.0531915 2.00829 -2.28788 1.79769 1.77691
0.17194 -0.0545054 2.00834 -2.28548 1.79732 1.77771
0.173435 -0.0559025 2.00836 -2.283 1.79699 1.77857
0.17495 -0.0573768 2.00835 -2.28045 1.79668 1.77948
0.176487 -0.0589222 2.00831 -2.27782 1.79639 1.78043
0.178046 -0.0605326 2.00823 -2.27512 1.79612 1.78143
0.179628 -0.0622019 2.00811 -2.27236 1.79587 1.78246
0.181233 -0.0639241 2.00796 -2.26955 1.79564 1.78353
0.182861 -0.0656931 2.00776 -2.26667 1.79541 1.78461
0.184515 -0.0675028 2.00753 -2.26375 1.79518 1.78571
0.186193 -0.0693471 2.00726 -2.26078 1.79496 1.78683
0.187898 -0.07122 2.00695 -2.25778 1.79474 1.78794
0.189629 -0.0731152 2.0066 -2.25473 1.79451 1.78906
0.191387 -0.0750269 2.0062 -2.25165 1.79427 1.79017
0.193174 -0.0769489 2.00576 -2.24854 1.79401 1.79127
0.194989 -0.078875 2.00527 -2.24541 1.79375 1.79235
0.196833 -0.0807993 2.00474 -2.24226 1.79346 1.7934
0.198707 -0.0827156 2.00416 -2.2391 1.79314 1.79442
0.200612 -0.0846179 2.00353 -2.23592 1.7928 1.79541
0.202549 -0.0865001 2.00285 -2.23274 1.79243 1.79635
0.204517 -0.0883561 2.00212 -2.22956 1.79203 1.79725
0.206518 -0.0901798 2.00134 -2.22638 1.79158 1.79809
0.208552 -0.0919651 2.00051 -2.22321 1.7911 1.79887
0.210621 -0.093706 1.99962 -2.22005 1.79056 1.79958
0.212724 -0.0953964 1.99868 -2.2169 1.78998 1.80022
0.214862 -0.0970302 1.99768 -2.21378 1.78935 1.80078
0.217036 -0.0986012 1.99662 -2.21068 1.78866 1.80126
0.219247 -0.100104 1.99551 -2.20761 1.78791 1.80164
0.221494 -0.101539 1.99434 -2.20456 1.7871 1.80194
0.223775 -0.10291 1.99312 -2.20155 1.78623 1.80215
0.226089 -0.104219 1.99184 -2.19856 1.78531 1.80228
0.228435 -0.105468 1.99051 -2.1956 1.78434 1.80233
0.230813 -0.106659 1.98913 -2.19266 1.78331 1.80231
0.23322 -0.107794 1.98771 -2.18975 1.78224 1.80221
0.235656 -0.108875 1.98624 -2.18685 1.78112 1.80204
0.238119 -0.109904 1.98473 -2.18399 1.77996 1.8018
0.240608 -0.110884 1.98317 -2.18114 1.77875 1.80149
0.243123 -0.111817 1.98158 -2.17831 1.7775 1.80113
0.245662 -0.112705 1.97995 -2.1755 1.77621 1.8007
0.248224 -0.11355 1.97828 -2.17271 1.77488 1.80022
0.250808 -0.114354 1.97658 -2.16993 1.77352 1.79968
0.253412 -0.115119 1.97484 -2.16718 1.77212 1.79909
0.256036 -0.115848 1.97307 -2.16443 1.77069 1.79846
0.258678 -0.116542 1.97128 -2.16171 1.76923 1.79778
0.261326 -0.117205 1.96947 -2.159 1.76776 1.79706
0.263969 -0.117842 1.96768 -2.15632 1.76627 1.79633
0.266592 -0.118455 1.96591 -2.15367 1.76478 1.79559
0.269186 -0.119048 1.96419 -2.15106 1.7633 1.79486
0.271736 -0.119624 1.96254 -2.14849 1.76184 1.79414
0.274232 -0.120188 1.96098 -2.14597 1.76041 1.79346
0.27666 -0.120743 1.95952 -2.14351 1.75901 1.79282
0.279009 -0.121292 1.95819 -2.14111 1.75767 1.79225
0.281267 -0.121839 1.95701 -2.13877 1.75639 1.79174
0.28342 -0.122388 1.95598 -2.13651 1.75517 1.79131
0.285457 -0.122943 1.95515 -2.13432 1.75404 1.79098
0.287367 -0.123506 1.95451 -2.13222 1.75299 1.79076
0.289135 -0.124082 1.9541 -2.13021 1.75204 1.79067
0.290751 -0.124674 1.95393 -2.12829 1.7512 1.79071
0.292202 -0.125286 1.95403 -2.12647 1.75048 1.79089
0.293475 -0.125922 1.9544 -2.12476 1.74989 1.79124
0.294583 -0.126579 1.95504 -2.12315 1.74942 1.79174
0.295535 -0.127257 1.95592 -2.12164 1.74906 1.79238
0.296344 -0.127953 1.95703 -2.12021 1.74881 1.79315
0.29702 -0.128668 1.95835 -2.11886 1.74865 1.79404
0.297573 -0.129398 1.95986 -2.11758 1.74858 1.79504
0.298017 -0.130143 1.96155 -2.11637 1.74859 1.79615
0.29836 -0.130901 1.9634 -2.11522 1.74867 1.79734
0.298615 -0.131671 1.96539 -2.11413 1.74882 1.79861
0.298803 -0.13245 1.96748 -2.11307 1.74901 1.79995
0.298947 -0.133234 1.96964 -2.11204 1.74924 1.80132
0.299069 -0.134022 1.97184 -2.11103 1.74948 1.80272
0.299014 -0.134833 1.97432 -2.11012 1.74986 1.80427
0.298959 -0.135644 1.9768 -2.10921 1.75023 1.80583
0.298904 -0.136454 1.97928 -2.1083 1.7506 1.80738
0.298848 -0.137265 1.98176 -2.10739 1.75097 1.80894
0.298793 -0.138076 1.98424 -2.10649 1.75134 1.81049
0.298738 -0.138887 1.98672 -2.10558 1.75171 1.81205
0.298683 -0.139698 1.9892 -2.10467 1.75209 1.81361
0.298627 -0.140509 1.99168 -2.10376 1.75246 1.81516
0.298572 -0.141319 1.99416 -2.10285 1.75283 1.81672
0.298517 -0.14213 1.99663 -2.10194 1.7532 1.81827
0.298462 -0.142941 1.99911 -2.10103 1.75357 1.81983
0.298406 -0.143752 2.00159 -2.10012 1.75395 1.82138
0.298351 -0.144563 2.00407 -2.09922 1.75432 1.82294
0.298296 -0.145374 2.00655 -2.09831 1.75469 1.82449
0.298241 -0.146184 2.00903 -2.0974 1.75506 1.82605
0.298185 -0.146995 2.01151 -2.09649 1.75543 1.82761
0.299063 -0.147678 2.01421 -2.09417 1.75656 1.8273
0.300058 -0.148345 2.01693 -2.09168 1.75778 1.82676
0.301286 -0.14898 2.01971 -2.08883 1.75918 1.82575
0.302075 -0.149274 2.02114 -2.08714 1.76003 1.8249
0.302864 -0.149567 2.02257 -2.08546 1.76087 1.82405
0.303886 -0.149829 2.02405 -2.08342 1.76191 1.82273
0.304909 -0.15009 2.02553 -2.08138 1.76294 1.82141
0.306135 -0.150326 2.02706 -2.07903 1.76413 1.81969
0.307361 -0.150562 2.02859 -2.07669 1.76533 1.81797
0.308761 -0.150778 2.03015 -2.07408 1.76665 1.81591
0.310162 -0.150994 2.03172 -2.07147 1.76798 1.81386
0.311192 -0.15113 2.03278 -2.06959 1.76894 1.8123
0.312223 -0.151265 2.03384 -2.06771 1.76989 1.81075
0.313253 -0.1514 2.0349 -2.06583 1.77085 1.80919
0.31436 -0.151531 2.03597 -2.06384 1.77185 1.8075
0.315467 -0.151662 2.03704 -2.06184 1.77286 1.8058
0.316575 -0.151792 2.03811 -2.05985 1.77387 1.80411
0.317739 -0.151923 2.03918 -2.05777 1.77491 1.80232
0.318904 -0.152053 2.04026 -2.0557 1.77595 1.80053
0.320069 -0.152183 2.04133 -2.05362 1.77699 1.79874
0.321271 -0.152317 2.0424 -2.0515 1.77804 1.79689
0.322473 -0.15245 2.04348 -2.04937 1.7791 1.79504
0.323676 -0.152584 2.04455 -2.04724 1.78015 1.7932
0.324896 -0.152726 2.04561 -2.04509 1.78121 1.79134
0.326117 -0.152867 2.04668 -2.04295 1.78226 1.78948
0.327337 -0.153009 2.04774 -2.0408 1.78331 1.78763
0.328556 -0.153162 2.04879 -2.03866 1.78434 1.7858
0.329775 -0.153316 2.04984 -2.03652 1.78537 1.78397
0.330994 -0.153469 2.05089 -2.03438 1.7864 1.78215
0.332211 -0.153636 2.05193 -2.03226 1.78741 1.78035
0.333428 -0.153803 2.05296 -2.03013 1.78841 1.77856
0.334645 -0.15397 2.05399 -2.028 1.78942 1.77677
0.33586 -0.154152 2.05501 -2.02588 1.7904 1.77502
0.337075 -0.154334 2.05602 -2.02377 1.79138 1.77326
0.33829 -0.154516 2.05704 -2.02165 1.79236 1.77151
0.339503 -0.154714 2.05803 -2.01955 1.79331 1.7698
0.340716 -0.154913 2.05903 -2.01745 1.79425 1.76809
0.341929 -0.155111 2.06002 -2.01535 1.7952 1.76638
0.34314 -0.155327 2.061 -2.01326 1.79612 1.76471
0.34435 -0.155543 2.06197 -2.01117 1.79704 1.76305
0.345561 -0.15576 2.06294 -2.00908 1.79795 1.76138
0.346769 -0.155995 2.06389 -2.00701 1.79883 1.75977
0.347977 -0.156231 2.06484 -2.00494 1.79972 1.75815
0.349185 -0.156467 2.06579 -2.00287 1.8006 1.75654
0.35039 -0.156723 2.06671 -2.00081 1.80144 1.75498
0.351596 -0.15698 2.06764 -1.99876 1.80228 1.75342
0.352801 -0.157236 2.06856 -1.9967 1.80313 1.75186
0.354003 -0.157515 2.06946 -1.99466 1.80393 1.75036
0.355206 -0.157794 2.07035 -1.99263 1.80473 1.74885
0.356408 -0.158073 2.07125 -1.99059 1.80553 1.74735
0.357607 -0.158376 2.07212 -1.98857 1.80629 1.74591
0.358807 -0.158679 2.07298 -1.98655 1.80705 1.74447
0.360006 -0.158982 2.07385 -1.98453 1.80781 1.74303
0.3618 -0.159474 2.0751 -1.98154 1.80888 1.74097
0.363593 -0.159966 2.07636 -1.97854 1.80995 1.7389
0.365382 -0.160499 2.07756 -1.97558 1.81094 1.73694
0.367171 -0.161032 2.07877 -1.97261 1.81194 1.73499
0.368953 -0.161607 2.07992 -1.96968 1.81286 1.73314
0.370736 -0.162182 2.08107 -1.96675 1.81378 1.73129
0.372513 -0.162803 2.08217 -1.96386 1.81462 1.72956
0.37429 -0.163423 2.08326 -1.96097 1.81545 1.72782
0.376061 -0.16409 2.0843 -1.95811 1.8162 1.72621
0.377832 -0.164757 2.08534 -1.95525 1.81696 1.7246
0.379597 -0.165473 2.08632 -1.95244 1.81762 1.72312
0.381361 -0.16619 2.0873 -1.94962 1.81828 1.72163
0.383119 -0.166958 2.08822 -1.94685 1.81885 1.72028
0.384876 -0.167726 2.08913 -1.94407 1.81942 1.71893
0.386627 -0.168547 2.08998 -1.94134 1.81989 1.71772
0.388377 -0.169369 2.09083 -1.93861 1.82036 1.71651
0.390121 -0.170247 2.09162 -1.93592 1.82073 1.71544
0.391864 -0.171124 2.0924 -1.93324 1.8211 1.71437
0.393599 -0.17206 2.09311 -1.9306 1.82136 1.71346
0.395335 -0.172996 2.09382 -1.92796 1.82162 1.71254
0.397062 -0.173993 2.09445 -1.92537 1.82178 1.71178
0.39879 -0.174989 2.09509 -1.92278 1.82193 1.71102
0.400509 -0.176049 2.09565 -1.92024 1.82197 1.71042
0.402229 -0.177108 2.09621 -1.9177 1.82201 1.70983
0.403939 -0.178232 2.09669 -1.91521 1.82193 1.7094
0.40565 -0.179356 2.09717 -1.91272 1.82185 1.70897
0.407352 -0.180547 2.09756 -1.91029 1.82165 1.70871
0.409054 -0.181739 2.09796 -1.90785 1.82145 1.70845
0.410747 -0.183 2.09827 -1.90548 1.82112 1.70838
0.41244 -0.18426 2.09859 -1.9031 1.8208 1.7083
0.414123 -0.185593 2.09881 -1.90078 1.82034 1.70841
0.415807 -0.186925 2.09903 -1.89846 1.81988 1.70851
0.417481 -0.188326 2.09917 -1.89619 1.8193 1.7088
0.419156 -0.189727 2.09932 -1.89393 1.81872 1.70908
0.420821 -0.191193 2.09938 -1.89171 1.81802 1.70954
0.422487 -0.192659 2.09944 -1.8895 1.81732 1.70999
0.424145 -0.194186 2.09942 -1.88734 1.81651 1.7106
0.425803 -0.195714 2.09941 -1.88518 1.8157 1.71121
0.427453 -0.197299 2.09932 -1.88306 1.81478 1.71198
0.429103 -0.198885 2.09924 -1.88094 1.81386 1.71274
0.430746 -0.200525 2.09908 -1.87887 1.81284 1.71364
0.432389 -0.202166 2.09893 -1.8768 1.81183 1.71455
0.434025 -0.203858 2.09871 -1.87477 1.81072 1.71558
0.435661 -0.20555 2.0985 -1.87274 1.80961 1.71662
0.437291 -0.20729 2.09822 -1.87074 1.80841 1.71778
0.438921 -0.209031 2.09795 -1.86875 1.80721 1.71895
0.440545 -0.210816 2.09762 -1.8668 1.80593 1.72022
0.442169 -0.212601 2.09729 -1.86484 1.80465 1.7215
0.443787 -0.214427 2.09691 -1.86292 1.80329 1.72289
0.445406 -0.216254 2.09652 -1.861 1.80194 1.72427
0.447019 -0.218118 2.0961 -1.8591 1.80052 1.72575
0.448633 -0.219983 2.09567 -1.85721 1.79909 1.72724
0.450242 -0.221882 2.0952 -1.85535 1.7976 1.72881
0.451851 -0.223781 2.09473 -1.85348 1.79612 1.73038
0.453456 -0.225712 2.09422 -1.85165 1.79457 1.73204
0.45506 -0.227643 2.09371 -1.84981 1.79303 1.73369
0.456661 -0.229602 2.09317 -1.84799 1.79143 1.73542
0.458263 -0.23156 2.09263 -1.84618 1.78984 1.73714
0.459861 -0.233544 2.09205 -1.84438 1.7882 1.73893
0.461458 -0.235527 2.09148 -1.84258 1.78656 1.74072
0.463053 -0.237531 2.09088 -1.8408 1.78488 1.74257
0.464649 -0.239536 2.09028 -1.83902 1.7832 1.74441
0.466241 -0.241559 2.08966 -1.83726 1.78149 1.74631
0.467834 -0.243581 2.08904 -1.8355 1.77978 1.7482
0.469425 -0.245618 2.0884 -1.83374 1.77804 1.75013
0.471016 -0.247655 2.08776 -1.83199 1.7763 1.75205
0.472605 -0.249704 2.08711 -1.83025 1.77454 1.75401
0.474194 -0.251752 2.08646 -1.8285 1.77279 1.75597
0.475783 -0.253808 2.08579 -1.82676 1.77101 1.75795
0.477371 -0.255864 2.08513 -1.82503 1.76924 1.75993
0.478959 -0.257925 2.08446 -1.82329 1.76746 1.76192
0.480546 -0.259985 2.08379 -1.82156 1.76568 1.76391
0.482134 -0.262047 2.08313 -1.81983 1.7639 1.7659
0.483722 -0.264109 2.08246 -1.81809 1.76211 1.76789
0.485309 -0.266168 2.08179 -1.81636 1.76034 1.76988
0.486897 -0.268228 2.08112 -1.81462 1.75856 1.77187
0.488486 -0.270282 2.08046 -1.81288 1.75679 1.77384
0.490075 -0.272336 2.0798 -1.81114 1.75502 1.77581
0.491664 -0.274381 2.07916 -1.8094 1.75327 1.77776
0.493254 -0.276425 2.07851 -1.80765 1.75152 1.77971
0.494846 -0.278458 2.07787 -1.80589 1.74979 1.78163
0.496437 -0.280491 2.07724 -1.80414 1.74806 1.78354
0.49803 -0.282508 2.07663 -1.80237 1.74636 1.78542
0.499624 -0.284525 2.07601 -1.8006 1.74466 1.7873
0.50122 -0.286522 2.07542 -1.79881 1.74299 1.78912
0.502816 -0.28852 2.07483 -1.79703 1.74132 1.79095
0.504415 -0.290496 2.07427 -1.79523 1.7397 1.79272
0.506014 -0.292471 2.0737 -1.79343 1.73807 1.79449
0.507616 -0.294421 2.07317 -1.7916 1.73649 1.7962
0.509218 -0.296371 2.07264 -1.78978 1.73491 1.7979
0.510824 -0.298291 2.07214 -1.78793 1.73339 1.79953
0.51243 -0.300212 2.07165 -1.78609 1.73186 1.80115
0.514041 -0.3021 2.07119 -1.78421 1.73039 1.8027
0.515651 -0.303988 2.07073 -1.78234 1.72893 1.80424
0.517266 -0.30584 2.07032 -1.78044 1.72753 1.80569
0.518881 -0.307693 2.06991 -1.77854 1.72612 1.80715
0.520501 -0.30951 2.06954 -1.77661 1.72478 1.80851
0.522121 -0.311328 2.06917 -1.77468 1.72345 1.80987
0.523745 -0.313112 2.06884 -1.77272 1.72217 1.81114
0.525369 -0.314896 2.06851 -1.77076 1.72089 1.81242
0.526997 -0.316647 2.06822 -1.76878 1.71967 1.81361
0.528626 -0.318398 2.06793 -1.7668 1.71845 1.8148
0.530258 -0.320119 2.06768 -1.76479 1.71729 1.81591
0.531891 -0.321839 2.06743 -1.76278 1.71613 1.81702
0.533527 -0.323528 2.06722 -1.76075 1.71502 1.81805
0.535164 -0.325218 2.067 -1.75872 1.71392 1.81908
0.536804 -0.326879 2.06683 -1.75666 1.71286 1.82004
0.538444 -0.32854 2.06665 -1.7546 1.71181 1.821
0.540088 -0.330172 2.0665 -1.75253 1.71081 1.82188
0.541732 -0.331805 2.06636 -1.75045 1.7098 1.82276
0.54338 -0.333411 2.06625 -1.74835 1.70885 1.82358
0.545027 -0.335017 2.06614 -1.74625 1.70789 1.82439
0.546678 -0.336597 2.06606 -1.74413 1.70699 1.82514
0.548329 -0.338177 2.06598 -1.74201 1.70608 1.82589
0.549983 -0.339732 2.06593 -1.73986 1.70522 1.82657
0.551637 -0.341288 2.06588 -1.73772 1.70436 1.82726
0.553294 -0.34282 2.06586 -1.73556 1.70354 1.82788
0.554952 -0.344352 2.06584 -1.7334 1.70272 1.8285
0.556612 -0.345861 2.06585 -1.73123 1.70194 1.82907
0.558272 -0.347371 2.06586 -1.72905 1.70116 1.82964
0.559935 -0.348859 2.06589 -1.72685 1.70042 1.83015
0.561598 -0.350347 2.06593 -1.72466 1.69968 1.83066
0.563263 -0.351815 2.06598 -1.72245 1.69897 1.83111
0.564929 -0.353283 2.06604 -1.72024 1.69827 1.83157
0.566597 -0.354732 2.06612 -1.71801 1.6976 1.83198
0.568265 -0.356181 2.06621 -1.71578 1.69693 1.83239
0.569936 -0.357612 2.06631 -1.71354 1.6963 1.83275
0.571606 -0.359043 2.06641 -1.7113 1.69566 1.83312
0.573279 -0.360457 2.06654 -1.70905 1.69505 1.83344
0.574951 -0.361872 2.06666 -1.70679 1.69445 1.83376
0.576626 -0.36327 2.0668 -1.70453 1.69387 1.83404
0.578301 -0.364669 2.06695 -1.70226 1.69329 1.83432
0.579978 -0.366053 2.06711 -1.69998 1.69274 1.83456
0.581654 -0.367437 2.06727 -1.6977 1.69219 1.8348
0.583333 -0.368808 2.06745 -1.69541 1.69166 1.835
0.585011 -0.370178 2.06763 -1.69312 1.69114 1.83521
0.586691 -0.371536 2.06782 -1.69082 1.69063 1.83539
0.588371 -0.372895 2.06801 -1.68853 1.69013 1.83556
0.590053 -0.374242 2.06822 -1.68622 1.68965 1.83571
0.591734 -0.375589 2.06842 -1.68391 1.68916 1.83585
0.593417 -0.376926 2.06864 -1.68159 1.6887 1.83597
0.5951 -0.378263 2.06886 -1.67928 1.68823 1.83609
0.596784 -0.379591 2.06909 -1.67695 1.68778 1.83619
0.598468 -0.380919 2.06932 -1.67463 1.68733 1.83629
0.600153 -0.382239 2.06956 -1.6723 1.6869 1.83636
0.601838 -0.383559 2.0698 -1.66997 1.68646 1.83644
0.603524 -0.384873 2.07005 -1.66763 1.68604 1.8365
0.60521 -0.386186 2.07029 -1.6653 1.68562 1.83656
0.606896 -0.387494 2.07055 -1.66296 1.6852 1.8366
0.608583 -0.388802 2.0708 -1.66062 1.68479 1.83665
0.61027 -0.390105 2.07106 -1.65827 1.68439 1.83668
0.611957 -0.391409 2.07132 -1.65593 1.68398 1.83671
0.613645 -0.392709 2.07159 -1.65358 1.68358 1.83674
0.615333 -0.394009 2.07185 -1.65124 1.68319 1.83676
0.617021 -0.395307 2.07212 -1.64889 1.68279 1.83678
0.618709 -0.396604 2.07239 -1.64654 1.6824 1.8368
0.620397 -0.397901 2.07265 -1.64419 1.682 1.83681
0.622085 -0.399198 2.07292 -1.64184 1.68161 1.83683
0.623773 -0.400494 2.07319 -1.63949 1.68122 1.83684
0.625461 -0.401791 2.07346 -1.63714 1.68083 1.83686
0.627149 -0.403088 2.07373 -1.6348 1.68044 1.83688
0.628837 -0.404384 2.07399 -1.63245 1.68004 1.83689
0.630523 -0.405681 2.07426 -1.6301 1.67965 1.83691
0.63221 -0.406977 2.07453 -1.62775 1.67926 1.83692
0.633895 -0.408274 2.0748 -1.62541 1.67887 1.83693
0.63558 -0.40957 2.07507 -1.62306 1.67848 1.83695
0.637262 -0.410866 2.07533 -1.62072 1.6781 1.83696
0.638945 -0.412163 2.0756 -1.61838 1.67771 1.83698
0.640626 -0.413459 2.07587 -1.61604 1.67732 1.83699
0.642306 -0.414755 2.07613 -1.6137 1.67693 1.837
0.643983 -0.416051 2.0764 -1.61136 1.67655 1.83701
0.64566 -0.417346 2.07667 -1.60903 1.67617 1.83702
0.647334 -0.418642 2.07693 -1.60669 1.67579 1.83703
0.649007 -0.419937 2.0772 -1.60436 1.67541 1.83704
0.650676 -0.421233 2.07746 -1.60203 1.67503 1.83705
0.652346 -0.422528 2.07773 -1.59971 1.67465 1.83706
0.65401 -0.423823 2.07799 -1.59739 1.67428 1.83706
0.655675 -0.425117 2.07825 -1.59507 1.6739 1.83707
0.657334 -0.426412 2.07852 -1.59275 1.67353 1.83707
0.658993 -0.427706 2.07878 -1.59044 1.67317 1.83707
0.660647 -0.429 2.07904 -1.58813 1.6728 1.83708
0.6623 -0.430294 2.0793 -1.58582 1.67244 1.83708
0.663947 -0.431588 2.07956 -1.58352 1.67208 1.83707
0.665595 -0.432881 2.07982 -1.58122 1.67172 1.83707
0.667235 -0.434174 2.08008 -1.57892 1.67136 1.83707
0.668876 -0.435467 2.08034 -1.57663 1.67101 1.83706
0.670509 -0.436759 2.0806 -1.57435 1.67066 1.83706
0.672142 -0.438052 2.08086 -1.57206 1.67031 1.83705
0.673767 -0.439343 2.08112 -1.56979 1.66997 1.83704
0.675392 -0.440635 2.08137 -1.56751 1.66962 1.83703
0.677009 -0.441926 2.08163 -1.56525 1.66929 1.83701
0.678626 -0.443217 2.08188 -1.56298 1.66895 1.837
0.680234 -0.444508 2.08214 -1.56073 1.66862 1.83698
0.681842 -0.445798 2.08239 -1.55847 1.66829 1.83696
0.68344 -0.447088 2.08264 -1.55623 1.66797 1.83694
0.685039 -0.448377 2.08289 -1.55398 1.66765 1.83691
0.686627 -0.449666 2.08314 -1.55175 1.66734 1.83689
0.688216 -0.450955 2.08339 -1.54952 1.66702 1.83686
0.689794 -0.452243 2.08364 -1.5473 1.66672 1.83683
0.691372 -0.453531 2.08389 -1.54508 1.66641 1.8368
0.692939 -0.454819 2.08413 -1.54287 1.66611 1.83676
0.694506 -0.456106 2.08438 -1.54067 1.66582 1.83673
0.696061 -0.457392 2.08462 -1.53847 1.66553 1.83669
0.697617 -0.458678 2.08487 -1.53628 1.66524 1.83665
0.69916 -0.459964 2.08511 -1.5341 1.66496 1.8366
0.700704 -0.461249 2.08535 -1.53192 1.66468 1.83655
0.702234 -0.462534 2.08559 -1.52976 1.66442 1.8365
0.703765 -0.463818 2.08583 -1.5276 1.66415 1.83645
0.705283 -0.465101 2.08606 -1.52545 1.66389 1.83639
0.706801 -0.466385 2.0863 -1.5233 1.66363 1.83634
0.708305 -0.467667 2.08653 -1.52117 1.66338 1.83628
0.709809 -0.468949 2.08677 -1.51903 1.66314 1.83621
0.711299 -0.47023 2.087 -1.51692 1.6629 1.83614
0.712789 -0.471512 2.08723 -1.5148 1.66266 1.83608
0.714264 -0.472792 2.08746 -1.5127 1.66244 1.836
0.715739 -0.474072 2.08769 -1.5106 1.66221 1.83593
0.717199 -0.475351 2.08791 -1.50852 1.662 1.83584
0.71866 -0.47663 2.08814 -1.50644 1.66179 1.83576
0.720104 -0.477907 2.08836 -1.50438 1.66159 1.83568
0.721548 -0.479185 2.08858 -1.50232 1.66139 1.83559
0.722976 -0.480461 2.0888 -1.50027 1.6612 1.83549
0.724404 -0.481738 2.08902 -1.49823 1.66101 1.8354
0.725816 -0.483013 2.08924 -1.49621 1.66084 1.8353
0.727227 -0.484288 2.08946 -1.49418 1.66066 1.83519
0.728622 -0.485561 2.08967 -1.49218 1.6605 1.83508
0.730017 -0.486835 2.08989 -1.49017 1.66034 1.83498
0.731397 -0.488108 2.0901 -1.48819 1.66019 1.83486
0.732776 -0.48938 2.09031 -1.4862 1.66004 1.83474
0.73414 -0.490652 2.09052 -1.48423 1.65991 1.83462
0.735504 -0.491923 2.09072 -1.48226 1.65977 1.8345
0.736854 -0.493193 2.09093 -1.48031 1.65964 1.83437
0.738203 -0.494464 2.09113 -1.47836 1.65952 1.83424
0.739538 -0.495733 2.09134 -1.47643 1.6594 1.83411
0.740874 -0.497002 2.09154 -1.47449 1.65929 1.83398
0.743517 -0.499538 2.09194 -1.47066 1.65908 1.8337
0.746134 -0.502072 2.09234 -1.46685 1.65889 1.8334
0.748726 -0.504604 2.09273 -1.46307 1.65873 1.8331
0.751294 -0.507134 2.09311 -1.45933 1.65858 1.83279
0.753839 -0.509663 2.09349 -1.45561 1.65845 1.83247
0.756361 -0.51219 2.09387 -1.45191 1.65834 1.83214
0.758863 -0.514715 2.09425 -1.44824 1.65824 1.8318
0.761345 -0.517238 2.09462 -1.44459 1.65816 1.83145
0.763808 -0.51976 2.09498 -1.44097 1.65809 1.83109
0.766253 -0.522281 2.09535 -1.43736 1.65804 1.83073
0.768681 -0.5248 2.09571 -1.43378 1.658 1.83035
0.771094 -0.527318 2.09606 -1.43022 1.65798 1.82998
0.773492 -0.529835 2.09642 -1.42667 1.65796 1.82959
0.775876 -0.532351 2.09677 -1.42313 1.65796 1.8292
0.778248 -0.534866 2.09712 -1.41962 1.65796 1.82881
0.780608 -0.53738 2.09747 -1.41611 1.65798 1.82841
0.782958 -0.539893 2.09781 -1.41262 1.658 1.828
0.785298 -0.542406 2.09816 -1.40914 1.65803 1.82759
0.78763 -0.544918 2.0985 -1.40567 1.65807 1.82718
0.789955 -0.547429 2.09884 -1.40221 1.65812 1.82676
0.792273 -0.54994 2.09918 -1.39875 1.65816 1.82635
0.794586 -0.55245 2.09952 -1.39531 1.65822 1.82593
0.796895 -0.55496 2.09986 -1.39186 1.65827 1.8255
0.799201 -0.55747 2.1002 -1.38842 1.65833 1.82508
0.801504 -0.559979 2.10053 -1.38498 1.65839 1.82465
0.803807 -0.562489 2.10087 -1.38155 1.65845 1.82423
0.806109 -0.564999 2.10121 -1.37811 1.65851 1.8238
0.808412 -0.567508 2.10154 -1.37468 1.65857 1.82338
0.810715 -0.570018 2.10188 -1.37124 1.65863 1.82296
0.813017 -0.572527 2.10222 -1.3678 1.65869 1.82253
0.81532 -0.575037 2.10256 -1.36437 1.65875 1.82211
0.817622 -0.577546 2.10289 -1.36093 1.65881 1.82168
0.819925 -0.580056 2.10323 -1.3575 1.65887 1.82126
0.822227 -0.582565 2.10357 -1.35406 1.65894 1.82083
0.82453 -0.585075 2.1039 -1.35062 1.659 1.82041
0.826832 -0.587584 2.10424 -1.34719 1.65906 1.81998
0.829135 -0.590094 2.10458 -1.34375 1.65912 1.81956
0.831438 -0.592603 2.10491 -1.34032 1.65918 1.81913
0.83374 -0.595113 2.10525 -1.33688 1.65924 1.81871
0.836043 -0.597622 2.10559 -1.33344 1.6593 1.81828
0.838345 -0.600132 2.10592 -1.33001 1.65936 1.81786
0.840648 -0.602641 2.10626 -1.32657 1.65942 1.81743
0.84295 -0.605151 2.1066 -1.32313 1.65948 1.81701
0.845253 -0.607661 2.10694 -1.3197 1.65954 1.81658
0.847555 -0.61017 2.10727 -1.31626 1.6596 1.81616
0.849858 -0.61268 2.10761 -1.31283 1.65966 1.81573
0.852161 -0.615189 2.10795 -1.30939 1.65972 1.81531
0.854463 -0.617699 2.10828 -1.30595 1.65978 1.81488
0.856766 -0.620208 2.10862 -1.30252 1.65984 1.81446
0.859068 -0.622718 2.10896 -1.29908 1.6599 1.81403
0.861371 -0.625227 2.10929 -1.29565 1.65997 1.81361
0.863673 -0.627737 2.10963 -1.29221 1.66003 1.81318
0.865976 -0.630246 2.10997 -1.28877 1.66009 1.81276
0.868278 -0.632756 2.11031 -1.28534 1.66015 1.81233
0.870581 -0.635265 2.11064 -1.2819 1.66021 1.81191
0.872883 -0.637775 2.11098 -1.27846 1.66027 1.81148
0.875186 -0.640284 2.11132 -1.27503 1.66033 1.81106
0.877489 -0.642794 2.11165 -1.27159 1.66039 1.81063
0.879791 -0.645304 2.11199 -1.26816 1.66045 1.81021
0.882094 -0.647813 2.11233 -1.26472 1.66051 1.80978
0.884396 -0.650323 2.11266 -1.26128 1.66057 1.80936
0.886699 -0.652832 2.113 -1.25785 1.66063 1.80893
0.889001 -0.655342 2.11334 -1.25441 1.66069 1.80851
0.891304 -0.657851 2.11368 -1.25098 1.66075 1.80808
0.893606 -0.660361 2.11401 -1.24754 1.66081 1.80766
0.895909 -0.66287 2.11435 -1.2441 1.66087 1.80723
0.898212 -0.66538 2.11469 -1.24067 1.66094 1.80681
0.900514 -0.667889 2.11502 -1.23723 1.661 1.80638
0.902817 -0.670399 2.11536 -1.23379 1.66106 1.80596
0.905119 -0.672908 2.1157 -1.23036 1.66112 1.80553
0.907422 -0.675418 2.11603 -1.22692 1.66118 1.80511
0.909724 -0.677927 2.11637 -1.22349 1.66124 1.80468
0.912027 -0.680437 2.11671 -1.22005 1.6613 1.80426
0.914329 -0.682947 2.11704 -1.21661 1.66136 1.80383
0.916632 -0.685456 2.11738 -1.21318 1.66142 1.80341
0.918935 -0.687966 2.11772 -1.20974 1.66148 1.80298
0.921237 -0.690475 2.11806 -1.20631 1.66154 1.80256
0.92354 -0.692985 2.11839 -1.20287 1.6616 1.80213
0.925842 -0.695494 2.11873 -1.19943 1.66166 1.80171
0.928145 -0.698004 2.11907 -1.196 1.66172 1.80128
0.930447 -0.700513 2.1194 -1.19256 1.66178 1.80086
0.93275 -0.703023 2.11974 -1.18912 1.66184 1.80043
0.935052 -0.705532 2.12008 -1.18569 1.66191 1.80001
0.937355 -0.708042 2.12041 -1.18225 1.66197 1.79958
0.939658 -0.710551 2.12075 -1.17882 1.66203 1.79916
0.94196 -0.713061 2.12109 -1.17538 1.66209 1.79873
0.944263 -0.71557 2.12143 -1.17194 1.66215 1.79831
0.946565 -0.71808 2.12176 -1.16851 1.66221 1.79788
0.948868 -0.720589 2.1221 -1.16507 1.66227 1.79746
0.95117 -0.723099 2.12244 -1.16164 1.66233 1.79703
0.953473 -0.725609 2.12277 -1.1582 1.66239 1.79661
0.955775 -0.728118 2.12311 -1.15476 1.66245 1.79618
0.958076 -0.730626 2.12345 -1.15133 1.66251 1.79576
0.960375 -0.733133 2.12378 -1.1479 1.66257 1.79533
0.962673 -0.735639 2.12412 -1.14447 1.66264 1.79491
0.964968 -0.738142 2.12446 -1.14104 1.6627 1.79448
0.96726 -0.740644 2.12479 -1.13762 1.66276 1.79406
0.969548 -0.743142 2.12513 -1.13421 1.66282 1.79363
0.971833 -0.745638 2.12546 -1.1308 1.66289 1.79321
0.974113 -0.748129 2.12579 -1.12739 1.66295 1.79278
0.976387 -0.750617 2.12613 -1.12399 1.66302 1.79236
0.978657 -0.753101 2.12646 -1.1206 1.66309 1.79193
0.98092 -0.75558 2.12679 -1.11722 1.66316 1.79151
0.983176 -0.758053 2.12712 -1.11385 1.66323 1.79108
0.985426 -0.760522 2.12745 -1.11049 1.6633 1.79066
0.987668 -0.762984 2.12777 -1.10714 1.66338 1.79023
0.989902 -0.76544 2.1281 -1.1038 1.66345 1.78981
0.992127 -0.767889 2.12842 -1.10047 1.66353 1.78938
0.994343 -0.770331 2.12875 -1.09715 1.66361 1.78896
0.99655 -0.772766 2.12907 -1.09385 1.66369 1.78853
0.998747 -0.775193 2.12939 -1.09056 1.66378 1.78811
1.00093 -0.777611 2.12971 -1.08729 1.66386 1.78768
1.00311 -0.780021 2.13002 -1.08403 1.66395 1.78726
1.00527 -0.782422 2.13034 -1.08079 1.66404 1.78683
1.00742 -0.784814 2.13065 -1.07756 1.66414 1.78641
1.00956 -0.787195 2.13096 -1.07436 1.66423 1.78598
1.01169 -0.789567 2.13127 -1.07117 1.66433 1.78556
1.0138 -0.791927 2.13158 -1.068 1.66444 1.78513
1.0159 -0.794277 2.13188 -1.06485 1.66454 1.7847
1.01798 -0.796615 2.13219 -1.06172 1.66465 1.78428
1.02005 -0.798942 2.13249 -1.05861 1.66477 1.78385
1.0221 -0.801256 2.13278 -1.05552 1.66488 1.78343
1.02413 -0.803558 2.13308 -1.05246 1.665 1.783
1.02616 -0.805847 2.13337 -1.04941 1.66513 1.78258
1.02816 -0.808125 2.13366 -1.04639 1.66525 1.78215
1.03015 -0.810391 2.13395 -1.04339 1.66538 1.78173
1.03213 -0.812646 2.13423 -1.04041 1.66552 1.7813
1.03409 -0.814891 2.13452 -1.03745 1.66565 1.78088
1.03604 -0.817125 2.1348 -1.0345 1.66579 1.78045
1.03798 -0.81935 2.13508 -1.03158 1.66593 1.78002
1.0399 -0.821565 2.13535 -1.02867 1.66608 1.7796
1.04182 -0.823771 2.13563 -1.02577 1.66622 1.77917
1.04372 -0.825968 2.1359 -1.0229 1.66637 1.77875
1.04561 -0.828157 2.13617 -1.02003 1.66653 1.77832
1.04749 -0.830338 2.13644 -1.01718 1.66668 1.7779
1.04936 -0.832512 2.13671 -1.01435 1.66684 1.77747
1.05123 -0.834678 2.13698 -1.01153 1.667 1.77704
1.05308 -0.836838 2.13725 -1.00872 1.66716 1.77662
1.05493 -0.838992 2.13751 -1.00592 1.66732 1.77619
1.05677 -0.84114 2.13778 -1.00313 1.66748 1.77577
1.0586 -0.843282 2.13804 -1.00035 1.66765 1.77534
1.06042 -0.845419 2.1383 -0.997577 1.66781 1.77491
1.06224 -0.847551 2.13856 -0.994816 1.66798 1.77449
1.06406 -0.849679 2.13882 -0.992062 1.66815 1.77406
1.06587 -0.851803 2.13908 -0.989315 1.66832 1.77364
1.06767 -0.853924 2.13934 -0.986575 1.66849 1.77321
1.06947 -0.856041 2.13959 -0.98384 1.66867 1.77278
1.07127 -0.858156 2.13985 -0.98111 1.66884 1.77236
1.07306 -0.860268 2.14011 -0.978384 1.66901 1.77193
1.07485 -0.862379 2.14036 -0.975662 1.66919 1.77151
1.07664 -0.864487 2.14062 -0.972943 1.66936 1.77108
1.07843 -0.866595 2.14087 -0.970225 1.66954 1.77065
1.08021 -0.868702 2.14113 -0.967509 1.66971 1.77023
1.082 -0.870808 2.14138 -0.964794 1.66989 1.7698
1.08378 -0.872914 2.14164 -0.962079 1.67007 1.76938
1.08557 -0.875021 2.14189 -0.959363 1.67024 1.76895
1.08736 -0.877129 2.14215 -0.956646 1.67042 1.76852
1.08915 -0.879239 2.1424 -0.953927 1.67059 1.7681
1.09094 -0.881352 2.14266 -0.951206 1.67077 1.76767
1.09273 -0.883467 2.14292 -0.948481 1.67095 1.76724
1.09452 -0.885585 2.14317 -0.945752 1.67113 1.76681
1.09632 -0.887708 2.14343 -0.943019 1.67131 1.76638
1.09812 -0.889835 2.14369 -0.940281 1.67149 1.76595
1.09992 -0.891968 2.14394 -0.937537 1.67167 1.76552
1.10173 -0.894106 2.1442 -0.934787 1.67185 1.76508
1.10354 -0.896251 2.14446 -0.93203 1.67204 1.76464
1.10536 -0.898403 2.14472 -0.929265 1.67222 1.76421
1.10718 -0.900562 2.14498 -0.926492 1.67241 1.76376
1.10901 -0.90273 2.14524 -0.92371 1.6726 1.76332
1.11084 -0.904906 2.1455 -0.920918 1.67279 1.76288
1.11268 -0.907092 2.14576 -0.918116 1.67298 1.76243
1.11453 -0.909287 2.14603 -0.915304 1.67318 1.76198
1.11638 -0.911493 2.14629 -0.91248 1.67338 1.76152
1.11824 -0.91371 2.14655 -0.909643 1.67358 1.76106
1.12011 -0.915939 2.14682 -0.906794 1.67378 1.7606
1.12199 -0.91818 2.14709 -0.903932 1.67399 1.76014
1.12387 -0.920434 2.14736 -0.901056 1.6742 1.75967
1.12577 -0.922701 2.14763 -0.898165 1.67441 1.7592
1.12767 -0.924982 2.1479 -0.895258 1.67463 1.75873
1.12959 -0.927278 2.14817 -0.892336 1.67484 1.75825
1.13151 -0.929589 2.14844 -0.889397 1.67507 1.75776
1.13345 -0.931915 2.14872 -0.886441 1.67529 1.75727
1.13539 -0.934258 2.14899 -0.883467 1.67552 1.75678
1.13735 -0.936618 2.14927 -0.880475 1.67576 1.75628
1.13932 -0.938995 2.14955 -0.877463 1.67599 1.75578
1.1413 -0.941391 2.14983 -0.874432 1.67623 1.75527
1.1433 -0.943805 2.15011 -0.871381 1.67648 1.75476
1.1453 -0.946237 2.1504 -0.868309 1.67673 1.75424
1.14732 -0.948686 2.15068 -0.865219 1.67698 1.75372
1.14935 -0.951153 2.15097 -0.86211 1.67724 1.75319
1.15139 -0.953636 2.15126 -0.858983 1.6775 1.75266
1.15344 -0.956134 2.15155 -0.855839 1.67777 1.75212
1.15551 -0.958648 2.15184 -0.852678 1.67804 1.75158
1.15758 -0.961176 2.15213 -0.849502 1.67831 1.75104
1.15862 -0.962447 2.15228 -0.847906 1.67844 1.75076
1.15966 -0.963718 2.15243 -0.84631 1.67858 1.75049
1.1607 -0.964996 2.15257 -0.844707 1.67872 1.75021
1.16175 -0.966274 2.15272 -0.843103 1.67886 1.74994
1.1628 -0.967558 2.15287 -0.841493 1.679 1.74966
1.16385 -0.968842 2.15302 -0.839883 1.67914 1.74938
1.1649 -0.970132 2.15317 -0.838266 1.67928 1.7491
1.16596 -0.971423 2.15332 -0.836649 1.67942 1.74882
1.16701 -0.972719 2.15346 -0.835026 1.67957 1.74854
1.16807 -0.974015 2.15361 -0.833402 1.67971 1.74826
1.16913 -0.975317 2.15376 -0.831773 1.67985 1.74797
1.17019 -0.976618 2.15391 -0.830143 1.68 1.74769
1.17126 -0.977925 2.15406 -0.828508 1.68014 1.74741
1.17232 -0.979232 2.15421 -0.826873 1.68029 1.74712
1.17339 -0.980544 2.15436 -0.825233 1.68044 1.74684
1.17446 -0.981856 2.15451 -0.823592 1.68058 1.74655
1.17553 -0.983172 2.15467 -0.821947 1.68073 1.74626
1.1766 -0.984489 2.15482 -0.820301 1.68088 1.74598
1.17768 -0.98581 2.15497 -0.818651 1.68103 1.74569
1.17875 -0.987131 2.15512 -0.817 1.68118 1.7454
1.17983 -0.988456 2.15527 -0.815345 1.68133 1.74511
1.18091 -0.989781 2.15542 -0.81369 1.68148 1.74482
1.18199 -0.991109 2.15557 -0.812031 1.68163 1.74453
1.18307 -0.992438 2.15573 -0.810372 1.68178 1.74424
1.18415 -0.99377 2.15588 -0.80871 1.68193 1.74395
1.18523 -0.995103 2.15603 -0.807047 1.68208 1.74365
1.18632 -0.996438 2.15618 -0.80538 1.68223 1.74336
1.1874 -0.997774 2.15634 -0.803714 1.68238 1.74307
1.18849 -0.999112 2.15649 -0.802045 1.68254 1.74277
1.18957 -1.00045 2.15664 -0.800375 1.68269 1.74248
1.19066 -1.00179 2.1568 -0.798703 1.68284 1.74219
1.19175 -1.00313 2.15695 -0.79703 1.683 1.74189
1.19284 -1.00448 2.1571 -0.795355 1.68315 1.7416
1.19393 -1.00582 2.15726 -0.79368 1.6833 1.7413
1.19502 -1.00716 2.15741 -0.792003 1.68346 1.74101
1.19611 -1.00851 2.15756 -0.790326 1.68361 1.74071
1.1972 -1.00986 2.15772 -0.788647 1.68377 1.74042
1.19829 -1.0112 2.15787 -0.786968 1.68392 1.74012
1.19939 -1.01255 2.15802 -0.785287 1.68408 1.73982
1.20048 -1.0139 2.15818 -0.783607 1.68423 1.73953
1.20158 -1.01525 2.15833 -0.781925 1.68439 1.73923
1.20267 -1.0166 2.15849 -0.780243 1.68454 1.73893
1.20376 -1.01795 2.15864 -0.77856 1.6847 1.73864
1.20486 -1.0193 2.15879 -0.776877 1.68485 1.73834
1.20595 -1.02065 2.15895 -0.775193 1.68501 1.73804
1.20705 -1.022 2.1591 -0.77351 1.68516 1.73775
1.20814 -1.02336 2.15926 -0.771826 1.68532 1.73745
1.20924 -1.02471 2.15941 -0.770142 1.68548 1.73715
1.21033 -1.02606 2.15957 -0.768458 1.68563 1.73685
1.21143 -1.02741 2.15972 -0.766774 1.68579 1.73656
1.21252 -1.02876 2.15987 -0.76509 1.68594 1.73626
1.21362 -1.03011 2.16003 -0.763405 1.6861 1.73596
1.21472 -1.03147 2.16018 -0.76172 1.68625 1.73566
1.21581 -1.03282 2.16034 -0.760034 1.68641 1.73537
1.21691 -1.03418 2.16049 -0.758346 1.68657 1.73507
1.21801 -1.03553 2.16065 -0.756658 1.68672 1.73477
1.21911 -1.03689 2.1608 -0.754968 1.68688 1.73447
1.22021 -1.03825 2.16095 -0.753278 1.68704 1.73417
1.22131 -1.03961 2.16111 -0.751585 1.6872 1.73387
1.22241 -1.04097 2.16126 -0.749891 1.68735 1.73357
1.22351 -1.04233 2.16142 -0.748194 1.68751 1.73327
1.22462 -1.04369 2.16158 -0.746497 1.68767 1.73297
1.22572 -1.04506 2.16173 -0.744795 1.68783 1.73267
1.22683 -1.04643 2.16189 -0.743093 1.68799 1.73237
1.22794 -1.0478 2.16204 -0.741386 1.68815 1.73207
1.22905 -1.04917 2.1622 -0.73968 1.68831 1.73176
1.23016 -1.05055 2.16235 -0.737967 1.68847 1.73146
1.23127 -1.05193 2.16251 -0.736255 1.68863 1.73115
1.23239 -1.05331 2.16267 -0.734536 1.6888 1.73085
1.23351 -1.0547 2.16283 -0.732817 1.68896 1.73054
1.23463 -1.05609 2.16298 -0.731091 1.68912 1.73023
1.23575 -1.05748 2.16314 -0.729365 1.68929 1.72993
1.23688 -1.05887 2.1633 -0.727631 1.68945 1.72962
1.238 -1.06027 2.16346 -0.725898 1.68962 1.72931
1.23913 -1.06167 2.16362 -0.724156 1.68979 1.72899
1.24026 -1.06308 2.16377 -0.722414 1.68996 1.72868
1.2414 -1.06449 2.16393 -0.720663 1.69013 1.72837
1.24254 -1.0659 2.16409 -0.718912 1.69029 1.72805
1.24368 -1.06733 2.16425 -0.717152 1.69047 1.72773
1.24482 -1.06875 2.16441 -0.715392 1.69064 1.72742
1.24597 -1.07018 2.16458 -0.713621 1.69081 1.7271
1.24712 -1.07161 2.16474 -0.711851 1.69099 1.72678
1.24828 -1.07305 2.1649 -0.710069 1.69116 1.72646
1.24943 -1.07449 2.16506 -0.708288 1.69134 1.72613
1.2506 -1.07594 2.16522 -0.706495 1.69152 1.72581
1.25176 -1.07739 2.16539 -0.704702 1.69169 1.72548
1.25293 -1.07885 2.16555 -0.702897 1.69187 1.72516
1.2541 -1.08032 2.16571 -0.701092 1.69206 1.72483
1.25528 -1.08179 2.16588 -0.699275 1.69224 1.7245
1.25645 -1.08326 2.16604 -0.697457 1.69242 1.72416
1.25764 -1.08475 2.16621 -0.695626 1.69261 1.72383
1.25883 -1.08624 2.16638 -0.693795 1.6928 1.72349
1.26002 -1.08774 2.16654 -0.69195 1.69298 1.72315
1.26122 -1.08923 2.16671 -0.690105 1.69317 1.72282
1.26242 -1.09075 2.16688 -0.688245 1.69337 1.72247
1.26363 -1.09226 2.16705 -0.686385 1.69356 1.72213
1.26484 -1.09378 2.16722 -0.68451 1.69375 1.72178
1.26605 -1.09531 2.16739 -0.682635 1.69395 1.72144
1.26728 -1.09685 2.16756 -0.680744 1.69415 1.72109
1.2685 -1.09839 2.16773 -0.678853 1.69435 1.72074
1.26974 -1.09995 2.1679 -0.676946 1.69455 1.72038
1.27097 -1.1015 2.16807 -0.675038 1.69475 1.72003
1.27221 -1.10308 2.16825 -0.673113 1.69496 1.71967
1.27346 -1.10465 2.16842 -0.671189 1.69516 1.71931
1.27471 -1.10624 2.1686 -0.669246 1.69537 1.71894
1.27597 -1.10782 2.16877 -0.667304 1.69558 1.71858
1.27724 -1.10943 2.16895 -0.665342 1.6958 1.71821
1.2785 -1.11103 2.16913 -0.663381 1.69601 1.71784
1.27978 -1.11266 2.1693 -0.661401 1.69623 1.71747
1.28106 -1.11428 2.16948 -0.659421 1.69644 1.71709
1.28235 -1.11592 2.16966 -0.657421 1.69666 1.71672
1.28364 -1.11756 2.16984 -0.655421 1.69689 1.71634
1.28495 -1.11922 2.17002 -0.653401 1.69711 1.71595
1.28625 -1.12088 2.17021 -0.65138 1.69734 1.71557
1.28757 -1.12256 2.17039 -0.64934 1.69757 1.71518
1.28888 -1.12423 2.17057 -0.6473 1.6978 1.71479
1.29021 -1.12593 2.17076 -0.645241 1.69803 1.7144
1.29154 -1.12762 2.17094 -0.643182 1.69826 1.714
1.29288 -1.12933 2.17113 -0.641104 1.6985 1.7136
1.29422 -1.13104 2.17131 -0.639026 1.69874 1.71321
1.29557 -1.13277 2.1715 -0.636931 1.69898 1.7128
1.29692 -1.1345 2.17169 -0.634835 1.69922 1.7124
1.29828 -1.13624 2.17188 -0.632723 1.69947 1.71199
1.29964 -1.13799 2.17207 -0.63061 1.69971 1.71158
1.30101 -1.13975 2.17226 -0.628481 1.69996 1.71117
1.30238 -1.14151 2.17245 -0.626351 1.70021 1.71076
1.30377 -1.14328 2.17264 -0.624206 1.70046 1.71034
1.30515 -1.14505 2.17283 -0.622061 1.70071 1.70993
1.30654 -1.14684 2.17302 -0.6199 1.70097 1.70951
1.30793 -1.14863 2.17322 -0.61774 1.70122 1.70909
1.30933 -1.15043 2.17341 -0.615565 1.70148 1.70866
1.31073 -1.15223 2.17361 -0.613389 1.70174 1.70824
1.31214 -1.15404 2.1738 -0.6112 1.702 1.70781
1.31355 -1.15585 2.174 -0.609011 1.70226 1.70738
1.31496 -1.15768 2.17419 -0.606808 1.70252 1.70695
1.31638 -1.15951 2.17439 -0.604606 1.70279 1.70652
1.3178 -1.16134 2.17459 -0.60239 1.70305 1.70609
1.31923 -1.16318 2.17478 -0.600175 1.70332 1.70565
1.32066 -1.16503 2.17498 -0.597948 1.70359 1.70521
1.32209 -1.16688 2.17518 -0.59572 1.70386 1.70478
1.32353 -1.16874 2.17538 -0.593481 1.70413 1.70434
1.32497 -1.1706 2.17558 -0.591242 1.7044 1.7039
1.32642 -1.17246 2.17578 -0.588993 1.70467 1.70345
1.32786 -1.17433 2.17598 -0.586743 1.70495 1.70301
1.32932 -1.17621 2.17618 -0.584483 1.70522 1.70256
1.33077 -1.17809 2.17638 -0.582223 1.7055 1.70212
1.33223 -1.17998 2.17658 -0.579953 1.70577 1.70167
1.33369 -1.18186 2.17679 -0.577684 1.70605 1.70122
1.33515 -1.18376 2.17699 -0.575405 1.70633 1.70077
1.33661 -1.18565 2.17719 -0.573127 1.70661 1.70032
1.33808 -1.18756 2.17739 -0.57084 1.70689 1.69987
1.33955 -1.18946 2.1776 -0.568554 1.70717 1.69941
1.34103 -1.19137 2.1778 -0.566259 1.70746 1.69896
1.3425 -1.19328 2.178 -0.563965 1.70774 1.6985
1.34398 -1.19519 2.17821 -0.561663 1.70802 1.69805
1.34546 -1.19711 2.17841 -0.559362 1.70831 1.69759
1.34694 -1.19903 2.17862 -0.557054 1.70859 1.69713
1.34842 -1.20095 2.17882 -0.554747 1.70888 1.69667
1.3499 -1.20288 2.17903 -0.552433 1.70916 1.69622
1.35139 -1.20481 2.17923 -0.55012 1.70945 1.69576
1.35288 -1.20674 2.17944 -0.547801 1.70974 1.69529
1.35437 -1.20867 2.17965 -0.545483 1.71003 1.69483
1.35586 -1.21061 2.17985 -0.543159 1.71032 1.69437
1.35735 -1.21254 2.18006 -0.540836 1.7106 1.69391
1.35884 -1.21448 2.18026 -0.53851 1.71089 1.69345
1.36034 -1.21642 2.18047 -0.536183 1.71118 1.69298
1.36183 -1.21836 2.18068 -0.533853 1.71147 1.69252
1.36333 -1.22031 2.18088 -0.531523 1.71176 1.69206
1.36483 -1.22225 2.18109 -0.52919 1.71205 1.69159
1.36633 -1.2242 2.1813 -0.526857 1.71234 1.69113
1.36782 -1.22614 2.18151 -0.524523 1.71264 1.69066
1.36932 -1.22809 2.18171 -0.522188 1.71293 1.6902
1.37082 -1.23004 2.18192 -0.519853 1.71322 1.68973
1.37232 -1.23198 2.18213 -0.517517 1.71351 1.68926
1.37382 -1.23393 2.18233 -0.51518 1.7138 1.6888
1.37532 -1.23588 2.18254 -0.512844 1.71409 1.68833
1.37682 -1.23783 2.18275 -0.510508 1.71438 1.68787
1.37832 -1.23978 2.18296 -0.508171 1.71468 1.6874
1.37982 -1.24172 2.18316 -0.505834 1.71497 1.68694
1.38132 -1.24367 2.18337 -0.503498 1.71526 1.68647
1.38282 -1.24562 2.18358 -0.50116 1.71555 1.68601
1.38432 -1.24757 2.18379 -0.498823 1.71584 1.68554
1.38582 -1.24952 2.18399 -0.496485 1.71613 1.68507
1.38732 -1.25147 2.1842 -0.494146 1.71643 1.68461
1.38883 -1.25342 2.18441 -0.491807 1.71672 1.68414
1.39033 -1.25537 2.18462 -0.489467 1.71701 1.68367
1.39183 -1.25732 2.18482 -0.487126 1.7173 1.68321
1.39333 -1.25928 2.18503 -0.484785 1.71759 1.68274
1.39484 -1.26123 2.18524 -0.482442 1.71789 1.68227
1.39634 -1.26319 2.18545 -0.480098 1.71818 1.68181
1.39785 -1.26514 2.18565 -0.477753 1.71847 1.68134
1.39935 -1.2671 2.18586 -0.475408 1.71877 1.68087
1.40086 -1.26906 2.18607 -0.47306 1.71906 1.6804
1.40237 -1.27102 2.18628 -0.470712 1.71935 1.67993
1.40387 -1.27298 2.18649 -0.468361 1.71965 1.67946
1.40538 -1.27494 2.1867 -0.46601 1.71994 1.67899
1.40689 -1.2769 2.1869 -0.463656 1.72024 1.67852
1.4084 -1.27887 2.18711 -0.461303 1.72053 1.67805
1.40992 -1.28083 2.18732 -0.458945 1.72083 1.67758
1.41143 -1.2828 2.18753 -0.456588 1.72112 1.67711
1.41295 -1.28477 2.18774 -0.454226 1.72142 1.67664
1.41446 -1.28674 2.18795 -0.451865 1.72172 1.67617
1.41598 -1.28872 2.18816 -0.4495 1.72202 1.6757
1.4175 -1.29069 2.18837 -0.447134 1.72231 1.67522
1.41902 -1.29267 2.18858 -0.444764 1.72261 1.67475
1.42054 -1.29465 2.18879 -0.442394 1.72291 1.67427
1.42206 -1.29663 2.189 -0.44002 1.72321 1.6738
1.42358 -1.29861 2.18921 -0.437645 1.72351 1.67332
1.42511 -1.3006 2.18942 -0.435265 1.72381 1.67285
1.42664 -1.30259 2.18963 -0.432886 1.72411 1.67237
1.42817 -1.30458 2.18984 -0.4305 1.72441 1.67189
1.4297 -1.30658 2.19005 -0.428115 1.72471 1.67141
1.43123 -1.30857 2.19027 -0.425724 1.72502 1.67093
1.43276 -1.31057 2.19048 -0.423334 1.72532 1.67045
1.4343 -1.31257 2.19069 -0.420937 1.72562 1.66997
1.43584 -1.31458 2.1909 -0.41854 1.72593 1.66949
1.43738 -1.31659 2.19112 -0.416136 1.72623 1.66901
1.43892 -1.3186 2.19133 -0.413733 1.72654 1.66853
1.44047 -1.32061 2.19154 -0.411323 1.72684 1.66804
1.44201 -1.32263 2.19175 -0.408913 1.72715 1.66756
1.44356 -1.32465 2.19197 -0.406496 1.72746 1.66707
1.44511 -1.32667 2.19218 -0.404079 1.72777 1.66658
1.44667 -1.3287 2.1924 -0.401654 1.72808 1.6661
1.44822 -1.33073 2.19261 -0.39923 1.72839 1.66561
1.44978 -1.33276 2.19283 -0.396798 1.7287 1.66512
1.45134 -1.3348 2.19304 -0.394366 1.72901 1.66463
1.4529 -1.33684 2.19326 -0.391926 1.72932 1.66413
1.45447 -1.33888 2.19347 -0.389486 1.72964 1.66364
1.45604 -1.34093 2.19369 -0.387038 1.72995 1.66315
1.45761 -1.34298 2.19391 -0.38459 1.73026 1.66265
1.45918 -1.34504 2.19412 -0.382133 1.73058 1.66216
1.46076 -1.3471 2.19434 -0.379676 1.7309 1.66166
1.46234 -1.34917 2.19456 -0.37721 1.73122 1.66116
1.46392 -1.35123 2.19478 -0.374744 1.73153 1.66066
1.4655 -1.35331 2.19499 -0.372269 1.73185 1.66016
1.46709 -1.35538 2.19521 -0.369794 1.73217 1.65966
1.46868 -1.35747 2.19543 -0.36731 1.7325 1.65915
1.47027 -1.35955 2.19565 -0.364825 1.73282 1.65865
1.47187 -1.36164 2.19587 -0.362331 1.73314 1.65814
1.47347 -1.36374 2.19609 -0.359836 1.73347 1.65764
1.47507 -1.36584 2.19631 -0.357331 1.73379 1.65713
1.47667 -1.36794 2.19653 -0.354827 1.73412 1.65662
1.47828 -1.37005 2.19676 -0.352312 1.73445 1.65611
1.47989 -1.37216 2.19698 -0.349798 1.73478 1.6556
1.48151 -1.37428 2.1972 -0.347274 1.73511 1.65508
1.48313 -1.3764 2.19742 -0.34475 1.73544 1.65457
1.48475 -1.37853 2.19765 -0.342216 1.73577 1.65405
1.48637 -1.38066 2.19787 -0.339683 1.7361 1.65354
1.488 -1.38279 2.19809 -0.337141 1.73644 1.65302
1.48963 -1.38493 2.19832 -0.334598 1.73677 1.6525
1.49126 -1.38707 2.19854 -0.332047 1.73711 1.65198
1.49289 -1.38922 2.19877 -0.329497 1.73744 1.65146
1.49453 -1.39137 2.19899 -0.326937 1.73778 1.65093
1.49617 -1.39352 2.19922 -0.324378 1.73812 1.65041
1.49781 -1.39568 2.19944 -0.321811 1.73846 1.64989
1.49945 -1.39784 2.19967 -0.319244 1.7388 1.64936
1.5011 -1.40001 2.1999 -0.316669 1.73914 1.64883
1.50275 -1.40217 2.20012 -0.314095 1.73948 1.64831
1.5044 -1.40434 2.20035 -0.311513 1.73982 1.64778
1.50605 -1.40652 2.20058 -0.30893 1.74017 1.64725
1.50771 -1.4087 2.20081 -0.306341 1.74051 1.64672
1.50937 -1.41087 2.20103 -0.303752 1.74085 1.64619
1.51103 -1.41306 2.20126 -0.301156 1.7412 1.64565
1.51269 -1.41525 2.20149 -0.298561 1.74154 1.64512
1.51435 -1.41744 2.20172 -0.295958 1.74189 1.64459
1.51602 -1.41963 2.20195 -0.293356 1.74224 1.64405
1.51768 -1.42182 2.20218 -0.290748 1.74259 1.64352
1.51935 -1.42402 2.20241 -0.28814 1.74293 1.64298
1.52102 -1.42622 2.20264 -0.285526 1.74328 1.64244
1.5227 -1.42842 2.20287 -0.282912 1.74363 1.64191
1.52381 -1.4299 2.20302 -0.281166 1.74387 1.64155
1.52493 -1.43137 2.20317 -0.279419 1.7441 1.64119
1.52605 -1.43284 2.20333 -0.277673 1.74433 1.64083
1.52717 -1.43431 2.20348 -0.275924 1.74457 1.64047
1.52828 -1.43579 2.20363 -0.274174 1.7448 1.64011
1.5294 -1.43726 2.20379 -0.272424 1.74504 1.63975
1.53052 -1.43874 2.20394 -0.270671 1.74527 1.63939
1.53165 -1.44021 2.2041 -0.268919 1.74551 1.63903
1.53277 -1.44169 2.20425 -0.267166 1.74574 1.63867
1.53445 -1.44391 2.20448 -0.264532 1.74609 1.63813
1.53613 -1.44613 2.20471 -0.261898 1.74645 1.63758
1.53726 -1.44761 2.20487 -0.26014 1.74668 1.63722
1.53838 -1.4491 2.20502 -0.258381 1.74692 1.63686
1.53951 -1.45058 2.20518 -0.256623 1.74716 1.6365
1.54063 -1.45206 2.20533 -0.254862 1.74739 1.63613
1.54176 -1.45355 2.20549 -0.2531 1.74763 1.63577
1.54289 -1.45503 2.20564 -0.251339 1.74787 1.63541
1.54458 -1.45726 2.20587 -0.248694 1.74822 1.63486
1.54627 -1.45949 2.20611 -0.246049 1.74858 1.63432
1.5474 -1.46098 2.20626 -0.244283 1.74881 1.63395
1.54853 -1.46247 2.20642 -0.242518 1.74905 1.63359
1.54966 -1.46396 2.20657 -0.240752 1.74929 1.63322
1.55079 -1.46545 2.20673 -0.238985 1.74953 1.63286
1.55192 -1.46694 2.20688 -0.237217 1.74977 1.6325
1.55305 -1.46843 2.20704 -0.23545 1.75 1.63213
1.55474 -1.47067 2.20727 -0.232796 1.75036 1.63158
1.55644 -1.47291 2.2075 -0.230142 1.75072 1.63104
1.55757 -1.4744 2.20766 -0.228372 1.75096 1.63067
1.5587 -1.4759 2.20782 -0.226601 1.7512 1.63031
1.55983 -1.47739 2.20797 -0.22483 1.75143 1.62994
1.56153 -1.47963 2.2082 -0.222172 1.75179 1.62939
1.56323 -1.48187 2.20844 -0.219514 1.75215 1.62884
1.56437 -1.48337 2.20859 -0.217741 1.75239 1.62848
1.5655 -1.48486 2.20875 -0.215968 1.75263 1.62811
1.56663 -1.48636 2.2089 -0.214195 1.75287 1.62775
1.56833 -1.48861 2.20914 -0.211535 1.75323 1.6272
1.57003 -1.49085 2.20937 -0.208874 1.75359 1.62665
1.57117 -1.49235 2.20953 -0.207099 1.75383 1.62628
1.5723 -1.49384 2.20968 -0.205325 1.75406 1.62591
1.57344 -1.49534 2.20984 -0.20355 1.7543 1.62555
1.57514 -1.49759 2.21007 -0.200888 1.75466 1.625
1.57684 -1.49983 2.21031 -0.198226 1.75502 1.62445
1.57798 -1.50133 2.21046 -0.19645 1.75526 1.62408
1.57911 -1.50283 2.21062 -0.194675 1.7555 1.62371
1.58025 -1.50433 2.21078 -0.1929 1.75574 1.62335
1.58195 -1.50657 2.21101 -0.190237 1.7561 1.6228
1.58365 -1.50882 2.21124 -0.187575 1.75646 1.62225
1.58478 -1.51032 2.2114 -0.1858 1.7567 1.62188
1.58592 -1.51181 2.21155 -0.184024 1.75694 1.62152
1.58705 -1.51331 2.21171 -0.182249 1.75718 1.62115
1.58876 -1.51556 2.21194 -0.179587 1.75754 1.6206
1.59046 -1.5178 2.21218 -0.176924 1.7579 1.62005
1.59159 -1.5193 2.21233 -0.175149 1.75814 1.61968
1.59273 -1.5208 2.21249 -0.173374 1.75838 1.61932
1.59386 -1.5223 2.21265 -0.171599 1.75862 1.61895
1.59557 -1.52454 2.21288 -0.168936 1.75898 1.6184
1.59727 -1.52679 2.21311 -0.166273 1.75933 1.61785
1.5984 -1.52829 2.21327 -0.164498 1.75957 1.61748
1.59954 -1.52978 2.21343 -0.162723 1.75981 1.61712
1.60067 -1.53128 2.21358 -0.160948 1.76005 1.61675
1.60237 -1.53353 2.21382 -0.158285 1.76041 1.6162
1.60408 -1.53578 2.21405 -0.155622 1.76077 1.61565
1.60521 -1.53727 2.21421 -0.153847 1.76101 1.61528
1.60635 -1.53877 2.21436 -0.152072 1.76125 1.61492
1.60748 -1.54027 2.21452 -0.150297 1.76149 1.61455
1.60918 -1.54251 2.21475 -0.147634 1.76185 1.614
1.61088 -1.54476 2.21498 -0.144972 1.76221 1.61345
1.61202 -1.54626 2.21514 -0.143196 1.76245 1.61309
1.61315 -1.54776 2.2153 -0.141421 1.76269 1.61272
1.61429 -1.54925 2.21545 -0.139646 1.76293 1.61235
1.61599 -1.5515 2.21569 -0.136983 1.76329 1.6118
1.61769 -1.55375 2.21592 -0.134321 1.76365 1.61125
1.61883 -1.55524 2.21608 -0.132546 1.76389 1.61089
1.61996 -1.55674 2.21623 -0.13077 1.76413 1.61052
1.6211 -1.55824 2.21639 -0.128995 1.76437 1.61015
1.6228 -1.56049 2.21662 -0.126333 1.76472 1.6096
1.6245 -1.56273 2.21686 -0.12367 1.76508 1.60905
1.62564 -1.56423 2.21701 -0.121895 1.76532 1.60869
1.62677 -1.56573 2.21717 -0.12012 1.76556 1.60832
1.62791 -1.56722 2.21732 -0.118345 1.7658 1.60795
1.62961 -1.56947 2.21756 -0.115682 1.76616 1.6074
1.63131 -1.57172 2.21779 -0.113019 1.76652 1.60685
1.63244 -1.57321 2.21795 -0.111244 1.76676 1.60649
1.63358 -1.57471 2.2181 -0.109469 1.767 1.60612
1.63471 -1.57621 2.21826 -0.107694 1.76724 1.60575
1.63642 -1.57846 2.21849 -0.105031 1.7676 1.6052
1.63812 -1.5807 2.21873 -0.102368 1.76796 1.60466
1.63925 -1.5822 2.21888 -0.100593 1.7682 1.60429
1.64039 -1.5837 2.21904 -0.098818 1.76844 1.60392
1.64152 -1.5852 2.21919 -0.0970429 1.76868 1.60356
1.64322 -1.58744 2.21943 -0.0943802 1.76904 1.60301
1.64493 -1.58969 2.21966 -0.0917175 1.7694 1.60246
1.64606 -1.59119 2.21982 -0.0899424 1.76964 1.60209
1.6472 -1.59268 2.21997 -0.0881672 1.76987 1.60172
1.64833 -1.59418 2.22013 -0.0863921 1.77011 1.60136
1.65003 -1.59643 2.22036 -0.0837294 1.77047 1.60081
1.65174 -1.59867 2.2206 -0.0810667 1.77083 1.60026
1.65287 -1.60017 2.22075 -0.0792915 1.77107 1.59989
1.654 -1.60167 2.22091 -0.0775164 1.77131 1.59952
1.65514 -1.60317 2.22106 -0.0757413 1.77155 1.59916
1.65684 -1.60541 2.2213 -0.0730786 1.77191 1.59861
1.65854 -1.60766 2.22153 -0.0704159 1.77227 1.59806
1.65968 -1.60916 2.22169 -0.0686407 1.77251 1.59769
1.66081 -1.61065 2.22184 -0.0668656 1.77275 1.59732
1.66195 -1.61215 2.222 -0.0650905 1.77299 1.59696
1.66365 -1.6144 2.22223 -0.0624278 1.77335 1.59641
1.66535 -1.61664 2.22247 -0.0597651 1.77371 1.59586
1.66649 -1.61814 2.22262 -0.0579899 1.77395 1.59549
1.66762 -1.61964 2.22278 -0.0562148 1.77419 1.59513
1.66876 -1.62114 2.22294 -0.0544397 1.77443 1.59476
1.67046 -1.62338 2.22317 -0.051777 1.77479 1.59421
1.67216 -1.62563 2.2234 -0.0491143 1.77514 1.59366
1.6733 -1.62713 2.22356 -0.0473391 1.77538 1.59329
1.67443 -1.62863 2.22372 -0.045564 1.77562 1.59293
1.67556 -1.63012 2.22387 -0.0437889 1.77586 1.59256
1.67727 -1.63237 2.22411 -0.0411262 1.77622 1.59201
1.67897 -1.63462 2.22434 -0.0384635 1.77658 1.59146
1.6801 -1.63611 2.22449 -0.0366883 1.77682 1.59109
1.68124 -1.63761 2.22465 -0.0349132 1.77706 1.59073
1.68237 -1.63911 2.22481 -0.033138 1.7773 1.59036
1.68408 -1.64136 2.22504 -0.0304753 1.77766 1.58981
1.68578 -1.6436 2.22527 -0.0278126 1.77802 1.58926
1.68748 -1.64585 2.22551 -0.0251499 1.77838 1.58871
1.68918 -1.64809 2.22574 -0.0224872 1.77874 1.58816
