2.21015 2.00172 -1.86028 -1.85835 1.61116 1.70639
2.21187 2.00214 -1.85635 -1.85835 1.61116 1.70639
2.21359 2.00256 -1.85241 -1.85835 1.61116 1.70639
2.21531 2.00298 -1.84848 -1.85835 1.61116 1.70639
2.21703 2.00341 -1.84454 -1.85835 1.61116 1.70639
2.21875 2.00383 -1.8406 -1.85835 1.61116 1.70639
2.22047 2.00425 -1.83667 -1.85835 1.61116 1.70639
2.22219 2.00467 -1.83273 -1.85835 1.61116 1.70639
2.22391 2.00509 -1.8288 -1.85835 1.61116 1.70639
2.22563 2.00552 -1.82486 -1.85835 1.61116 1.70639
2.22735 2.00594 -1.82093 -1.85835 1.61116 1.70639
2.22907 2.00636 -1.81699 -1.85835 1.61116 1.70639
2.23078 2.00678 -1.81306 -1.85835 1.61116 1.70639
2.2325 2.0072 -1.80912 -1.85835 1.61116 1.70639
2.23422 2.00763 -1.80519 -1.85835 1.61116 1.70639
2.23594 2.00805 -1.80125 -1.85835 1.61116 1.70639
2.23766 2.00847 -1.79732 -1.85835 1.61116 1.70639
2.23938 2.00889 -1.79338 -1.85835 1.61116 1.70639
2.2411 2.00932 -1.78945 -1.85835 1.61116 1.70639
2.24282 2.00974 -1.78551 -1.85835 1.61116 1.70639
2.24454 2.01016 -1.78158 -1.85835 1.61116 1.70639
2.24626 2.01058 -1.77764 -1.85835 1.61116 1.70639
2.24798 2.011 -1.77371 -1.85835 1.61116 1.70639
2.2497 2.01143 -1.76977 -1.85835 1.61116 1.70639
2.25142 2.01185 -1.76584 -1.85835 1.61116 1.70639
2.25314 2.01227 -1.7619 -1.85835 1.61116 1.70639
2.25485 2.01269 -1.75796 -1.85835 1.61116 1.70639
2.25657 2.01312 -1.75403 -1.85835 1.61116 1.70639
2.25829 2.01354 -1.75009 -1.85835 1.61116 1.70639
2.26001 2.01396 -1.74616 -1.85835 1.61116 1.70639
2.26173 2.01438 -1.74222 -1.85835 1.61116 1.70639
2.26345 2.0148 -1.73829 -1.85835 1.61116 1.70639
2.26517 2.01523 -1.73435 -1.85835 1.61116 1.70639
2.26689 2.01565 -1.73042 -1.85835 1.61116 1.70639
2.26861 2.01607 -1.72648 -1.85835 1.61116 1.70639
2.27033 2.01649 -1.72255 -1.85835 1.61116 1.70639
2.27205 2.01692 -1.71861 -1.85835 1.61116 1.70639
2.27377 2.01734 -1.71468 -1.85835 1.61116 1.70639
2.27549 2.01776 -1.71074 -1.85835 1.61116 1.70639
2.27721 2.01818 -1.70681 -1.85835 1.61116 1.70639
2.27892 2.0186 -1.70287 -1.85835 1.61116 1.70639
2.28064 2.01903 -1.69894 -1.85835 1.61116 1.70639
2.28236 2.01945 -1.695 -1.85835 1.61116 1.70639
2.28408 2.01987 -1.69107 -1.85835 1.61116 1.70639
2.2858 2.02029 -1.68713 -1.85835 1.61116 1.70639
2.28752 2.02072 -1.6832 -1.85835 1.61116 1.70639
2.28924 2.02114 -1.67926 -1.85835 1.61116 1.70639
2.29096 2.02156 -1.67532 -1.85835 1.61116 1.70639
2.29268 2.02198 -1.67139 -1.85835 1.61116 1.70639
2.2944 2.0224 -1.66745 -1.85835 1.61116 1.70639
2.29612 2.02283 -1.66352 -1.85835 1.61116 1.70639
2.29784 2.02325 -1.65958 -1.85835 1.61116 1.70639
2.29956 2.02367 -1.65565 -1.85835 1.61116 1.70639
2.30128 2.02409 -1.65171 -1.85835 1.61116 1.70639
2.30299 2.02452 -1.64778 -1.85835 1.61116 1.70639
2.30471 2.02494 -1.64384 -1.85835 1.61116 1.70639
2.30643 2.02536 -1.63991 -1.85835 1.61116 1.70639
2.30815 2.02578 -1.63597 -1.85835 1.61116 1.70639
2.30987 2.0262 -1.63204 -1.85835 1.61116 1.70639
2.31159 2.02663 -1.6281 -1.85835 1.61116 1.70639
2.31331 2.02705 -1.62417 -1.85835 1.61116 1.70639
2.31503 2.02747 -1.62023 -1.85835 1.61116 1.70639
2.31675 2.02789 -1.6163 -1.85835 1.61116 1.70639
2.31847 2.02831 -1.61236 -1.85835 1.61116 1.70639
2.32019 2.02874 -1.60843 -1.85835 1.61116 1.70639
2.32191 2.02916 -1.60449 -1.85835 1.61116 1.70639
2.32363 2.02958 -1.60056 -1.85835 1.61116 1.70639
2.32535 2.03 -1.59662 -1.85835 1.61116 1.70639
2.32706 2.03043 -1.59269 -1.85835 1.61116 1.70639
2.32878 2.03085 -1.58875 -1.85835 1.61116 1.70639
2.3305 2.03127 -1.58481 -1.85835 1.61116 1.70639
2.33222 2.03169 -1.58088 -1.85835 1.61116 1.70639
2.33394 2.03211 -1.57694 -1.85835 1.61116 1.70639
2.33566 2.03254 -1.57301 -1.85835 1.61116 1.70639
2.33738 2.03296 -1.56907 -1.85835 1.61116 1.70639
2.3391 2.03338 -1.56514 -1.85835 1.61116 1.70639
2.34082 2.0338 -1.5612 -1.85835 1.61116 1.70639
2.34254 2.03423 -1.55727 -1.85835 1.61116 1.70639
2.34426 2.03465 -1.55333 -1.85835 1.61116 1.70639
2.34598 2.03507 -1.5494 -1.85835 1.61116 1.70639
2.3477 2.03549 -1.54546 -1.85835 1.61116 1.70639
2.34942 2.03591 -1.54153 -1.85835 1.61116 1.70639
2.35113 2.03634 -1.53759 -1.85835 1.61116 1.70639
2.35285 2.03676 -1.53366 -1.85835 1.61116 1.70639
2.35457 2.03718 -1.52972 -1.85835 1.61116 1.70639
2.35629 2.0376 -1.52579 -1.85835 1.61116 1.70639
2.35801 2.03803 -1.52185 -1.85835 1.61116 1.70639
2.35973 2.03845 -1.51792 -1.85835 1.61116 1.70639
2.36145 2.03887 -1.51398 -1.85835 1.61116 1.70639
2.36317 2.03929 -1.51005 -1.85835 1.61116 1.70639
2.36489 2.03971 -1.50611 -1.85835 1.61116 1.70639
2.36661 2.04014 -1.50217 -1.85835 1.61116 1.70639
2.36833 2.04056 -1.49824 -1.85835 1.61116 1.70639
2.37005 2.04098 -1.4943 -1.85835 1.61116 1.70639
2.37177 2.0414 -1.49037 -1.85835 1.61116 1.70639
2.37349 2.04183 -1.48643 -1.85835 1.61116 1.70639
2.3752 2.04225 -1.4825 -1.85835 1.61116 1.70639
2.37692 2.04267 -1.47856 -1.85835 1.61116 1.70639
2.37864 2.04309 -1.47463 -1.85835 1.61116 1.70639
2.38036 2.04351 -1.47069 -1.85835 1.61116 1.70639
2.38208 2.04394 -1.46676 -1.85835 1.61116 1.70639
2.3838 2.04436 -1.46282 -1.85835 1.61116 1.70639
2.38552 2.04478 -1.45889 -1.85835 1.61116 1.70639
2.38724 2.0452 -1.45495 -1.85835 1.61116 1.70639
2.38896 2.04562 -1.45102 -1.85835 1.61116 1.70639
2.39068 2.04605 -1.44708 -1.85835 1.61116 1.70639
2.3924 2.04647 -1.44315 -1.85835 1.61116 1.70639
2.39412 2.04689 -1.43921 -1.85835 1.61116 1.70639
2.39584 2.04731 -1.43528 -1.85835 1.61116 1.70639
2.39756 2.04774 -1.43134 -1.85835 1.61116 1.70639
2.39927 2.04816 -1.42741 -1.85835 1.61116 1.70639
2.40099 2.04858 -1.42347 -1.85835 1.61116 1.70639
2.40271 2.049 -1.41953 -1.85835 1.61116 1.70639
2.40443 2.04942 -1.4156 -1.85835 1.61116 1.70639
2.40615 2.04985 -1.41166 -1.85835 1.61116 1.70639
2.40787 2.05027 -1.40773 -1.85835 1.61116 1.70639
2.40959 2.05069 -1.40379 -1.85835 1.61116 1.70639
2.41131 2.05111 -1.39986 -1.85835 1.61116 1.70639
2.41303 2.05154 -1.39592 -1.85835 1.61116 1.70639
2.41475 2.05196 -1.39199 -1.85835 1.61116 1.70639
2.41647 2.05238 -1.38805 -1.85835 1.61116 1.70639
2.41819 2.0528 -1.38412 -1.85835 1.61116 1.70639
2.41991 2.05322 -1.38018 -1.85835 1.61116 1.70639
2.42163 2.05365 -1.37625 -1.85835 1.61116 1.70639
2.42334 2.05407 -1.37231 -1.85835 1.61116 1.70639
2.42506 2.05449 -1.36838 -1.85835 1.61116 1.70639
2.42678 2.05491 -1.36444 -1.85835 1.61116 1.70639
2.4285 2.05534 -1.36051 -1.85835 1.61116 1.70639
2.43022 2.05576 -1.35657 -1.85835 1.61116 1.70639
2.43194 2.05618 -1.35264 -1.85835 1.61116 1.70639
2.43366 2.0566 -1.3487 -1.85835 1.61116 1.70639
2.43538 2.05702 -1.34477 -1.85835 1.61116 1.70639
2.4371 2.05745 -1.34083 -1.85835 1.61116 1.70639
2.43882 2.05787 -1.3369 -1.85835 1.61116 1.70639
2.44054 2.05829 -1.33296 -1.85835 1.61116 1.70639
2.44226 2.05871 -1.32902 -1.85835 1.61116 1.70639
2.44398 2.05914 -1.32509 -1.85835 1.61116 1.70639
2.4457 2.05956 -1.32115 -1.85835 1.61116 1.70639
2.44741 2.05998 -1.31722 -1.85835 1.61116 1.70639
2.44913 2.0604 -1.31328 -1.85835 1.61116 1.70639
2.45085 2.06082 -1.30935 -1.85835 1.61116 1.70639
2.45257 2.06125 -1.30541 -1.85835 1.61116 1.70639
2.45429 2.06167 -1.30148 -1.85835 1.61116 1.70639
2.45601 2.06209 -1.29754 -1.85835 1.61116 1.70639
2.45773 2.06251 -1.29361 -1.85835 1.61116 1.70639
2.45945 2.06293 -1.28967 -1.85835 1.61116 1.70639
2.46117 2.06336 -1.28574 -1.85835 1.61116 1.70639
2.46289 2.06378 -1.2818 -1.85835 1.61116 1.70639
2.46461 2.0642 -1.27787 -1.85835 1.61116 1.70639
2.46633 2.06462 -1.27393 -1.85835 1.61116 1.70639
2.46805 2.06505 -1.27 -1.85835 1.61116 1.70639
2.46977 2.06547 -1.26606 -1.85835 1.61116 1.70639
2.47148 2.06589 -1.26213 -1.85835 1.61116 1.70639
2.4732 2.06631 -1.25819 -1.85835 1.61116 1.70639
2.47492 2.06673 -1.25426 -1.85835 1.61116 1.70639
2.47664 2.06716 -1.25032 -1.85835 1.61116 1.70639
2.47836 2.06758 -1.24638 -1.85835 1.61116 1.70639
2.48008 2.068 -1.24245 -1.85835 1.61116 1.70639
2.4818 2.06842 -1.23851 -1.85835 1.61116 1.70639
2.48352 2.06885 -1.23458 -1.85835 1.61116 1.70639
2.48524 2.06927 -1.23064 -1.85835 1.61116 1.70639
2.48696 2.06969 -1.22671 -1.85835 1.61116 1.70639
2.48868 2.07011 -1.22277 -1.85835 1.61116 1.70639
2.4904 2.07053 -1.21884 -1.85835 1.61116 1.70639
2.49212 2.07096 -1.2149 -1.85835 1.61116 1.70639
2.49384 2.07138 -1.21097 -1.85835 1.61116 1.70639
2.49555 2.0718 -1.20703 -1.85835 1.61116 1.70639
2.49727 2.07222 -1.2031 -1.85835 1.61116 1.70639
2.49899 2.07265 -1.19916 -1.85835 1.61116 1.70639
2.50071 2.07307 -1.19523 -1.85835 1.61116 1.70639
2.50243 2.07349 -1.19129 -1.85835 1.61116 1.70639
2.50415 2.07391 -1.18736 -1.85835 1.61116 1.70639
2.50587 2.07433 -1.18342 -1.85835 1.61116 1.70639
2.50759 2.07476 -1.17949 -1.85835 1.61116 1.70639
2.50931 2.07518 -1.17555 -1.85835 1.61116 1.70639
2.51103 2.0756 -1.17162 -1.85835 1.61116 1.70639
2.51275 2.07602 -1.16768 -1.85835 1.61116 1.70639
2.51447 2.07645 -1.16374 -1.85835 1.61116 1.70639
2.51619 2.07687 -1.15981 -1.85835 1.61116 1.70639
2.51791 2.07729 -1.15587 -1.85835 1.61116 1.70639
2.51962 2.07771 -1.15194 -1.85835 1.61116 1.70639
2.52134 2.07813 -1.148 -1.85835 1.61116 1.70639
2.52306 2.07856 -1.14407 -1.85835 1.61116 1.70639
2.52478 2.07898 -1.14013 -1.85835 1.61116 1.70639
2.5265 2.0794 -1.1362 -1.85835 1.61116 1.70639
2.52822 2.07982 -1.13226 -1.85835 1.61116 1.70639
2.52994 2.08025 -1.12833 -1.85835 1.61116 1.70639
2.53166 2.08067 -1.12439 -1.85835 1.61116 1.70639
2.53338 2.08109 -1.12046 -1.85835 1.61116 1.70639
2.5351 2.08151 -1.11652 -1.85835 1.61116 1.70639
2.53682 2.08193 -1.11259 -1.85835 1.61116 1.70639
2.53854 2.08236 -1.10865 -1.85835 1.61116 1.70639
2.54026 2.08278 -1.10472 -1.85835 1.61116 1.70639
2.54198 2.0832 -1.10078 -1.85835 1.61116 1.70639
2.54369 2.08362 -1.09685 -1.85835 1.61116 1.70639
2.54541 2.08404 -1.09291 -1.85835 1.61116 1.70639
2.54713 2.08447 -1.08898 -1.85835 1.61116 1.70639
2.54885 2.08489 -1.08504 -1.85835 1.61116 1.70639
2.55057 2.08531 -1.0811 -1.85835 1.61116 1.70639
2.55229 2.08573 -1.07717 -1.85835 1.61116 1.70639
2.55401 2.08616 -1.07323 -1.85835 1.61116 1.70639
2.55573 2.08658 -1.0693 -1.85835 1.61116 1.70639
2.55745 2.087 -1.06536 -1.85835 1.61116 1.70639
2.55917 2.08742 -1.06143 -1.85835 1.61116 1.70639
2.56089 2.08784 -1.05749 -1.85835 1.61116 1.70639
2.56261 2.08827 -1.05356 -1.85835 1.61116 1.70639
2.56433 2.08869 -1.04962 -1.85835 1.61116 1.70639
2.56605 2.08911 -1.04569 -1.85835 1.61116 1.70639
2.56776 2.08953 -1.04175 -1.85835 1.61116 1.70639
2.56948 2.08996 -1.03782 -1.85835 1.61116 1.70639
2.5712 2.09038 -1.03388 -1.85835 1.61116 1.70639
2.57292 2.0908 -1.02995 -1.85835 1.61116 1.70639
2.57464 2.09122 -1.02601 -1.85835 1.61116 1.70639
2.57636 2.09164 -1.02208 -1.85835 1.61116 1.70639
2.57808 2.09207 -1.01814 -1.85835 1.61116 1.70639
2.5798 2.09249 -1.01421 -1.85835 1.61116 1.70639
2.58152 2.09291 -1.01027 -1.85835 1.61116 1.70639
2.58324 2.09333 -1.00634 -1.85835 1.61116 1.70639
2.58496 2.09376 -1.0024 -1.85835 1.61116 1.70639
2.58668 2.09418 -0.998465 -1.85835 1.61116 1.70639
2.5884 2.0946 -0.99453 -1.85835 1.61116 1.70639
2.59012 2.09502 -0.990595 -1.85835 1.61116 1.70639
2.59183 2.09544 -0.986659 -1.85835 1.61116 1.70639
2.59355 2.09587 -0.982724 -1.85835 1.61116 1.70639
2.59527 2.09629 -0.978789 -1.85835 1.61116 1.70639
2.59699 2.09671 -0.974854 -1.85835 1.61116 1.70639
2.59871 2.09713 -0.970918 -1.85835 1.61116 1.70639
2.60043 2.09756 -0.966983 -1.85835 1.61116 1.70639
2.60215 2.09798 -0.963048 -1.85835 1.61116 1.70639
2.60386 2.09839 -0.959169 -1.85835 1.61116 1.70639
2.60558 2.0988 -0.955291 -1.85835 1.61116 1.70639
2.60729 2.09922 -0.951412 -1.85835 1.61116 1.70639
2.609 2.09963 -0.947534 -1.85835 1.61116 1.70639
2.6107 2.10002 -0.943768 -1.85835 1.61116 1.70639
2.6124 2.10042 -0.940003 -1.85835 1.61116 1.70639
2.61411 2.10081 -0.936238 -1.85835 1.61116 1.70639
2.61581 2.1012 -0.932472 -1.85835 1.61116 1.70639
2.61749 2.10157 -0.928877 -1.85835 1.61116 1.70639
2.61917 2.10193 -0.925281 -1.85835 1.61116 1.70639
2.62085 2.1023 -0.921686 -1.85835 1.61116 1.70639
2.62254 2.10266 -0.91809 -1.85835 1.61116 1.70639
2.6242 2.10299 -0.914721 -1.85835 1.61116 1.70639
2.62585 2.10332 -0.911352 -1.85835 1.61116 1.70639
2.62751 2.10365 -0.907984 -1.85835 1.61116 1.70639
2.62917 2.10397 -0.904615 -1.85835 1.61116 1.70639
2.63134 2.10435 -0.9005 -1.85835 1.61116 1.70639
2.63351 2.10472 -0.896386 -1.85835 1.61116 1.70639
2.63568 2.10509 -0.892271 -1.85835 1.61116 1.70639
2.6378 2.10539 -0.88861 -1.85835 1.61116 1.70639
2.63992 2.10568 -0.884949 -1.85835 1.61116 1.70639
2.64205 2.10598 -0.881287 -1.85835 1.61116 1.70639
2.64411 2.10619 -0.878154 -1.85835 1.61116 1.70639
2.64617 2.1064 -0.875021 -1.85835 1.61116 1.70639
2.64824 2.10661 -0.871889 -1.85835 1.61116 1.70639
2.65124 2.10677 -0.868095 -1.85835 1.61116 1.70639
2.65424 2.10693 -0.864302 -1.85835 1.61116 1.70639
2.65715 2.10695 -0.861304 -1.85835 1.61116 1.70639
2.66006 2.10698 -0.858305 -1.85835 1.61116 1.70639
2.66289 2.10689 -0.85599 -1.85835 1.61116 1.70639
2.66573 2.10681 -0.853675 -1.85835 1.61116 1.70639
2.66849 2.10663 -0.851932 -1.85835 1.61116 1.70639
2.67126 2.10644 -0.850189 -1.85835 1.61116 1.70639
2.67668 2.10593 -0.847624 -1.85835 1.61116 1.70639
2.682 2.1053 -0.845758 -1.85835 1.61116 1.70639
2.68725 2.10459 -0.844368 -1.85835 1.61116 1.70639
2.69245 2.10385 -0.843232 -1.85835 1.61116 1.70639
2.69761 2.10311 -0.842126 -1.85835 1.61116 1.70639
2.70274 2.10236 -0.841056 -1.85835 1.61116 1.70639
2.70782 2.10162 -0.840023 -1.85835 1.61116 1.70639
2.71286 2.10087 -0.839033 -1.85835 1.61116 1.70639
2.71784 2.10013 -0.838089 -1.85835 1.61116 1.70639
2.72277 2.09938 -0.837196 -1.85835 1.61116 1.70639
2.72764 2.09864 -0.836356 -1.85835 1.61116 1.70639
2.73245 2.09789 -0.835574 -1.85835 1.61116 1.70639
2.73719 2.09715 -0.834853 -1.85835 1.61116 1.70639
2.74186 2.0964 -0.834198 -1.85835 1.61116 1.70639
2.74645 2.09566 -0.833612 -1.85835 1.61116 1.70639
2.75097 2.09491 -0.8331 -1.85835 1.61116 1.70639
2.7554 2.09416 -0.832664 -1.85835 1.61116 1.70639
2.75974 2.09342 -0.832309 -1.85835 1.61116 1.70639
2.76398 2.09267 -0.832039 -1.85835 1.61116 1.70639
2.76813 2.09192 -0.831858 -1.85835 1.61116 1.70639
2.77218 2.09118 -0.831769 -1.85835 1.61116 1.70639
2.77612 2.09043 -0.831776 -1.85835 1.61116 1.70639
2.77996 2.08968 -0.831883 -1.85835 1.61116 1.70639
2.78368 2.08893 -0.832095 -1.85835 1.61116 1.70639
2.78728 2.08818 -0.832414 -1.85835 1.61116 1.70639
2.79076 2.08743 -0.832844 -1.85835 1.61116 1.70639
2.79411 2.08668 -0.83339 -1.85835 1.61116 1.70639
2.79733 2.08593 -0.834056 -1.85835 1.61116 1.70639
2.80042 2.08518 -0.834845 -1.85835 1.61116 1.70639
2.80338 2.08443 -0.83575 -1.85835 1.61116 1.70639
2.8062 2.08368 -0.836766 -1.85835 1.61116 1.70639
2.80891 2.08293 -0.837885 -1.85835 1.61116 1.70639
2.81149 2.08218 -0.839101 -1.85835 1.61116 1.70639
2.81395 2.08142 -0.840407 -1.85835 1.61116 1.70639
2.8163 2.08067 -0.841797 -1.85835 1.61116 1.70639
2.81854 2.07991 -0.843265 -1.85835 1.61116 1.70639
2.82067 2.07915 -0.844803 -1.85835 1.61116 1.70639
2.82269 2.07839 -0.846405 -1.85835 1.61116 1.70639
2.82461 2.07763 -0.848065 -1.85835 1.61116 1.70639
2.82644 2.07687 -0.849776 -1.85835 1.61116 1.70639
2.82817 2.07611 -0.851532 -1.85835 1.61116 1.70639
2.82981 2.07535 -0.853325 -1.85835 1.61116 1.70639
2.83136 2.07458 -0.85515 -1.85835 1.61116 1.70639
2.83283 2.07381 -0.857 -1.85835 1.61116 1.70639
2.83422 2.07304 -0.858868 -1.85835 1.61116 1.70639
2.83553 2.07227 -0.860747 -1.85835 1.61116 1.70639
2.83677 2.07149 -0.862632 -1.85835 1.61116 1.70639
2.83793 2.07071 -0.864515 -1.85835 1.61116 1.70639
2.83903 2.06993 -0.86639 -1.85835 1.61116 1.70639
2.84007 2.06915 -0.868251 -1.85835 1.61116 1.70639
2.84104 2.06837 -0.870091 -1.85835 1.61116 1.70639
2.84196 2.06758 -0.871903 -1.85835 1.61116 1.70639
2.84282 2.06679 -0.87368 -1.85835 1.61116 1.70639
2.84363 2.066 -0.875417 -1.85835 1.61116 1.70639
2.8444 2.0652 -0.877107 -1.85835 1.61116 1.70639
2.84512 2.0644 -0.878742 -1.85835 1.61116 1.70639
2.8458 2.0636 -0.880318 -1.85835 1.61116 1.70639
2.84644 2.06279 -0.881826 -1.85835 1.61116 1.70639
2.84706 2.06198 -0.88326 -1.85835 1.61116 1.70639
2.84764 2.06117 -0.884615 -1.85835 1.61116 1.70639
2.84819 2.06035 -0.885882 -1.85835 1.61116 1.70639
2.84872 2.05953 -0.887066 -1.85835 1.61116 1.70639
2.84922 2.05871 -0.888169 -1.85835 1.61116 1.70639
2.8497 2.05788 -0.889192 -1.85835 1.61116 1.70639
2.85016 2.05705 -0.89014 -1.85835 1.61116 1.70639
2.85059 2.05622 -0.891015 -1.85835 1.61116 1.70639
2.85101 2.05538 -0.89182 -1.85835 1.61116 1.70639
2.8514 2.05454 -0.892556 -1.85835 1.61116 1.70639
2.85177 2.0537 -0.893228 -1.85835 1.61116 1.70639
2.85212 2.05286 -0.893837 -1.85835 1.61116 1.70639
2.85245 2.05201 -0.894387 -1.85835 1.61116 1.70639
2.85277 2.05116 -0.894879 -1.85835 1.61116 1.70639
2.85307 2.05031 -0.895318 -1.85835 1.61116 1.70639
2.85335 2.04946 -0.895705 -1.85835 1.61116 1.70639
2.85362 2.0486 -0.896043 -1.85835 1.61116 1.70639
2.85387 2.04774 -0.896336 -1.85835 1.61116 1.70639
2.85412 2.04689 -0.896584 -1.85835 1.61116 1.70639
2.85434 2.04602 -0.896793 -1.85835 1.61116 1.70639
2.85456 2.04516 -0.896963 -1.85835 1.61116 1.70639
2.85477 2.0443 -0.897098 -1.85835 1.61116 1.70639
2.85496 2.04343 -0.897201 -1.85835 1.61116 1.70639
2.85515 2.04257 -0.897273 -1.85835 1.61116 1.70639
2.85533 2.0417 -0.897319 -1.85835 1.61116 1.70639
2.8555 2.04083 -0.89734 -1.85835 1.61116 1.70639
2.85566 2.03996 -0.89734 -1.85835 1.61116 1.70639
2.85582 2.03909 -0.897321 -1.85835 1.61116 1.70639
2.85597 2.03822 -0.897285 -1.85835 1.61116 1.70639
2.85612 2.03735 -0.897236 -1.85835 1.61116 1.70639
2.85627 2.03647 -0.897176 -1.85835 1.61116 1.70639
2.85641 2.0356 -0.897108 -1.85835 1.61116 1.70639
2.85655 2.03473 -0.897034 -1.85835 1.61116 1.70639
2.85669 2.03386 -0.896958 -1.85835 1.61116 1.70639
2.85684 2.03298 -0.896881 -1.85835 1.61116 1.70639
2.85698 2.0321 -0.89679 -1.85835 1.61116 1.70639
2.85712 2.0312 -0.89667 -1.85835 1.61116 1.70639
2.85726 2.03027 -0.896505 -1.85835 1.61116 1.70639
2.8574 2.0293 -0.896282 -1.85835 1.61116 1.70639
2.85754 2.02829 -0.895985 -1.85835 1.61116 1.70639
2.85768 2.02722 -0.895599 -1.85835 1.61116 1.70639
2.85781 2.02608 -0.895111 -1.85835 1.61116 1.70639
2.85795 2.02486 -0.894504 -1.85835 1.61116 1.70639
2.85809 2.02357 -0.893765 -1.85835 1.61116 1.70639
2.85823 2.02217 -0.892879 -1.85835 1.61116 1.70639
2.85836 2.02067 -0.891831 -1.85835 1.61116 1.70639
2.8585 2.01906 -0.890606 -1.85835 1.61116 1.70639
2.85863 2.01733 -0.88919 -1.85835 1.61116 1.70639
2.85876 2.01546 -0.887567 -1.85835 1.61116 1.70639
2.85889 2.01345 -0.885724 -1.85835 1.61116 1.70639
2.85902 2.01129 -0.883645 -1.85835 1.61116 1.70639
2.85915 2.00897 -0.881316 -1.85835 1.61116 1.70639
2.85928 2.00647 -0.878721 -1.85835 1.61116 1.70639
2.8594 2.0038 -0.875847 -1.85835 1.61116 1.70639
2.85952 2.00094 -0.872679 -1.85835 1.61116 1.70639
2.85965 1.99788 -0.869201 -1.85835 1.61116 1.70639
2.85976 1.99461 -0.865399 -1.85835 1.61116 1.70639
2.85988 1.99112 -0.861259 -1.85835 1.61116 1.70639
2.86 1.98741 -0.856765 -1.85835 1.61116 1.70639
2.86011 1.98346 -0.851903 -1.85835 1.61116 1.70639
2.86022 1.97926 -0.846658 -1.85835 1.61116 1.70639
2.86028 1.97703 -0.843836 -1.85835 1.61116 1.70639
2.86033 1.9748 -0.841015 -1.85835 1.61116 1.70639
2.86039 1.97245 -0.837988 -1.85835 1.61116 1.70639
2.86044 1.97009 -0.83496 -1.85835 1.61116 1.70639
2.86049 1.96759 -0.831719 -1.85835 1.61116 1.70639
2.86054 1.96509 -0.828479 -1.85835 1.61116 1.70639
2.8606 1.96245 -0.825017 -1.85835 1.61116 1.70639
2.86065 1.95982 -0.821555 -1.85835 1.61116 1.70639
2.8607 1.95703 -0.817865 -1.85835 1.61116 1.70639
2.86075 1.95424 -0.814175 -1.85835 1.61116 1.70639
2.86079 1.95131 -0.810249 -1.85835 1.61116 1.70639
2.86084 1.94837 -0.806324 -1.85835 1.61116 1.70639
2.86089 1.94529 -0.80217 -1.85835 1.61116 1.70639
2.86094 1.9422 -0.798016 -1.85835 1.61116 1.70639
2.86098 1.93898 -0.793641 -1.85835 1.61116 1.70639
2.86103 1.93575 -0.789266 -1.85835 1.61116 1.70639
2.86107 1.93239 -0.784678 -1.85835 1.61116 1.70639
2.86112 1.92902 -0.78009 -1.85835 1.61116 1.70639
2.86115 1.92669 -0.776893 -1.85835 1.61116 1.70639
2.86118 1.92436 -0.773697 -1.85835 1.61116 1.70639
2.8612 1.92203 -0.770501 -1.85835 1.61116 1.70639
2.86123 1.91961 -0.767172 -1.85835 1.61116 1.70639
2.86126 1.9172 -0.763843 -1.85835 1.61116 1.70639
2.86129 1.91478 -0.760514 -1.85835 1.61116 1.70639
2.86132 1.91228 -0.757058 -1.85835 1.61116 1.70639
2.86134 1.90979 -0.753601 -1.85835 1.61116 1.70639
2.86137 1.90729 -0.750145 -1.85835 1.61116 1.70639
2.8614 1.90471 -0.746566 -1.85835 1.61116 1.70639
2.86142 1.90213 -0.742986 -1.85835 1.61116 1.70639
2.86145 1.89956 -0.739407 -1.85835 1.61116 1.70639
2.86148 1.8969 -0.73571 -1.85835 1.61116 1.70639
2.8615 1.89425 -0.732013 -1.85835 1.61116 1.70639
2.86153 1.8916 -0.728316 -1.85835 1.61116 1.70639
2.86156 1.88891 -0.724561 -1.85835 1.61116 1.70639
2.86158 1.88622 -0.720805 -1.85835 1.61116 1.70639
2.86161 1.88353 -0.717049 -1.85835 1.61116 1.70639
2.86163 1.8807 -0.713077 -1.85835 1.61116 1.70639
2.86166 1.87787 -0.709105 -1.85835 1.61116 1.70639
2.86168 1.87504 -0.705133 -1.85835 1.61116 1.70639
2.86171 1.87221 -0.701161 -1.85835 1.61116 1.70639
2.86173 1.86938 -0.69719 -1.85835 1.61116 1.70639
2.86175 1.86655 -0.693218 -1.85835 1.61116 1.70639
2.86178 1.86359 -0.68905 -1.85835 1.61116 1.70639
2.8618 1.86064 -0.684881 -1.85835 1.61116 1.70639
2.86182 1.85768 -0.680713 -1.85835 1.61116 1.70639
2.86185 1.8547 -0.676501 -1.85835 1.61116 1.70639
2.86187 1.85171 -0.672289 -1.85835 1.61116 1.70639
2.86189 1.84873 -0.668076 -1.85835 1.61116 1.70639
2.86192 1.84569 -0.663775 -1.85835 1.61116 1.70639
2.86194 1.84265 -0.659475 -1.85835 1.61116 1.70639
2.86196 1.8396 -0.655174 -1.85835 1.61116 1.70639
2.86198 1.83651 -0.65079 -1.85835 1.61116 1.70639
2.86201 1.83341 -0.646406 -1.85835 1.61116 1.70639
2.86203 1.83032 -0.642022 -1.85835 1.61116 1.70639
2.86205 1.82796 -0.638675 -1.85835 1.61116 1.70639
2.86206 1.8256 -0.635328 -1.85835 1.61116 1.70639
2.86208 1.82324 -0.631981 -1.85835 1.61116 1.70639
2.86209 1.82088 -0.628633 -1.85835 1.61116 1.70639
2.86211 1.81849 -0.625231 -1.85835 1.61116 1.70639
2.86213 1.81609 -0.621829 -1.85835 1.61116 1.70639
2.86214 1.8137 -0.618427 -1.85835 1.61116 1.70639
2.86216 1.81131 -0.615025 -1.85835 1.61116 1.70639
2.86217 1.80888 -0.611571 -1.85835 1.61116 1.70639
2.86219 1.80645 -0.608117 -1.85835 1.61116 1.70639
2.86221 1.80402 -0.604663 -1.85835 1.61116 1.70639
2.86222 1.80159 -0.601209 -1.85835 1.61116 1.70639
2.86224 1.79914 -0.597708 -1.85835 1.61116 1.70639
2.86225 1.79668 -0.594206 -1.85835 1.61116 1.70639
2.86227 1.79422 -0.590705 -1.85835 1.61116 1.70639
2.86228 1.79176 -0.587203 -1.85835 1.61116 1.70639
2.8623 1.78927 -0.583657 -1.85835 1.61116 1.70639
2.86231 1.78679 -0.580111 -1.85835 1.61116 1.70639
2.86233 1.7843 -0.576565 -1.85835 1.61116 1.70639
2.86234 1.78181 -0.57302 -1.85835 1.61116 1.70639
2.86236 1.7793 -0.569433 -1.85835 1.61116 1.70639
2.86237 1.77679 -0.565847 -1.85835 1.61116 1.70639
2.86239 1.77427 -0.562261 -1.85835 1.61116 1.70639
2.8624 1.77176 -0.558674 -1.85835 1.61116 1.70639
2.86242 1.76922 -0.555051 -1.85835 1.61116 1.70639
2.86243 1.76669 -0.551428 -1.85835 1.61116 1.70639
2.86245 1.76415 -0.547805 -1.85835 1.61116 1.70639
2.86246 1.76161 -0.544182 -1.85835 1.61116 1.70639
2.86248 1.75906 -0.540526 -1.85835 1.61116 1.70639
2.86249 1.7565 -0.536869 -1.85835 1.61116 1.70639
2.86251 1.75394 -0.533213 -1.85835 1.61116 1.70639
2.86252 1.75138 -0.529557 -1.85835 1.61116 1.70639
2.86254 1.74881 -0.525871 -1.85835 1.61116 1.70639
2.86255 1.74623 -0.522186 -1.85835 1.61116 1.70639
2.86256 1.74365 -0.5185 -1.85835 1.61116 1.70639
2.86258 1.74107 -0.514814 -1.85835 1.61116 1.70639
2.86259 1.73848 -0.511103 -1.85835 1.61116 1.70639
2.86261 1.73589 -0.507391 -1.85835 1.61116 1.70639
2.86262 1.73329 -0.50368 -1.85835 1.61116 1.70639
2.86264 1.7307 -0.499968 -1.85835 1.61116 1.70639
2.86265 1.72809 -0.496235 -1.85835 1.61116 1.70639
2.86266 1.72549 -0.492501 -1.85835 1.61116 1.70639
2.86268 1.72288 -0.488768 -1.85835 1.61116 1.70639
2.86269 1.72027 -0.485034 -1.85835 1.61116 1.70639
2.86271 1.71765 -0.481282 -1.85835 1.61116 1.70639
2.86272 1.71503 -0.47753 -1.85835 1.61116 1.70639
2.86273 1.71241 -0.473778 -1.85835 1.61116 1.70639
2.86275 1.70979 -0.470026 -1.85835 1.61116 1.70639
2.86276 1.70716 -0.466259 -1.85835 1.61116 1.70639
2.86278 1.70453 -0.462493 -1.85835 1.61116 1.70639
2.86279 1.7019 -0.458726 -1.85835 1.61116 1.70639
2.8628 1.69928 -0.454959 -1.85835 1.61116 1.70639
2.86282 1.69664 -0.451182 -1.85835 1.61116 1.70639
2.86283 1.694 -0.447404 -1.85835 1.61116 1.70639
2.86285 1.69137 -0.443626 -1.85835 1.61116 1.70639
2.86286 1.68873 -0.439848 -1.85835 1.61116 1.70639
2.86287 1.68609 -0.436063 -1.85835 1.61116 1.70639
2.86289 1.68345 -0.432278 -1.85835 1.61116 1.70639
2.8629 1.68081 -0.428493 -1.85835 1.61116 1.70639
2.86291 1.67817 -0.424708 -1.85835 1.61116 1.70639
2.86293 1.67552 -0.420919 -1.85835 1.61116 1.70639
2.86294 1.67288 -0.41713 -1.85835 1.61116 1.70639
2.86296 1.67024 -0.413342 -1.85835 1.61116 1.70639
2.86297 1.6676 -0.409553 -1.85835 1.61116 1.70639
2.86298 1.66495 -0.405764 -1.85835 1.61116 1.70639
2.863 1.66231 -0.401975 -1.85835 1.61116 1.70639
2.86301 1.65967 -0.398187 -1.85835 1.61116 1.70639
2.86302 1.65702 -0.394398 -1.85835 1.61116 1.70639
2.86304 1.65438 -0.390606 -1.85835 1.61116 1.70639
2.86305 1.65174 -0.386815 -1.85835 1.61116 1.70639
2.86307 1.64909 -0.383024 -1.85835 1.61116 1.70639
2.86308 1.64645 -0.379233 -1.85835 1.61116 1.70639
2.86309 1.64381 -0.375436 -1.85835 1.61116 1.70639
2.86311 1.64117 -0.37164 -1.85835 1.61116 1.70639
2.86312 1.63852 -0.367844 -1.85835 1.61116 1.70639
2.86314 1.63588 -0.364047 -1.85835 1.61116 1.70639
2.86315 1.63324 -0.360243 -1.85835 1.61116 1.70639
2.86317 1.6306 -0.356439 -1.85835 1.61116 1.70639
2.86318 1.62795 -0.352636 -1.85835 1.61116 1.70639
2.86319 1.62531 -0.348832 -1.85835 1.61116 1.70639
2.86321 1.62267 -0.345018 -1.85835 1.61116 1.70639
2.86322 1.62003 -0.341204 -1.85835 1.61116 1.70639
2.86324 1.61739 -0.33739 -1.85835 1.61116 1.70639
2.86325 1.61475 -0.333576 -1.85835 1.61116 1.70639
2.86327 1.61211 -0.329749 -1.85835 1.61116 1.70639
2.86328 1.60947 -0.325923 -1.85835 1.61116 1.70639
2.8633 1.60683 -0.322096 -1.85835 1.61116 1.70639
2.86331 1.60419 -0.31827 -1.85835 1.61116 1.70639
2.86333 1.60155 -0.314428 -1.85835 1.61116 1.70639
2.86334 1.59891 -0.310586 -1.85835 1.61116 1.70639
2.86336 1.59627 -0.306745 -1.85835 1.61116 1.70639
2.86337 1.59363 -0.302903 -1.85835 1.61116 1.70639
2.86339 1.591 -0.299044 -1.85835 1.61116 1.70639
2.8634 1.58836 -0.295184 -1.85835 1.61116 1.70639
2.86342 1.58572 -0.291325 -1.85835 1.61116 1.70639
2.86344 1.58308 -0.287466 -1.85835 1.61116 1.70639
2.86345 1.58045 -0.283586 -1.85835 1.61116 1.70639
2.86347 1.57781 -0.279707 -1.85835 1.61116 1.70639
2.86349 1.57518 -0.275828 -1.85835 1.61116 1.70639
2.8635 1.57254 -0.271948 -1.85835 1.61116 1.70639
2.86352 1.56991 -0.268046 -1.85835 1.61116 1.70639
2.86354 1.56727 -0.264144 -1.85835 1.61116 1.70639
2.86355 1.56464 -0.260242 -1.85835 1.61116 1.70639
2.86357 1.56201 -0.25634 -1.85835 1.61116 1.70639
2.86359 1.55937 -0.252413 -1.85835 1.61116 1.70639
2.86361 1.55674 -0.248485 -1.85835 1.61116 1.70639
2.86362 1.55411 -0.244558 -1.85835 1.61116 1.70639
2.86364 1.55148 -0.240631 -1.85835 1.61116 1.70639
2.86366 1.54885 -0.236676 -1.85835 1.61116 1.70639
2.86368 1.54622 -0.232721 -1.85835 1.61116 1.70639
2.8637 1.54359 -0.228766 -1.85835 1.61116 1.70639
2.86372 1.54096 -0.224811 -1.85835 1.61116 1.70639
2.86374 1.53834 -0.220826 -1.85835 1.61116 1.70639
2.86375 1.53571 -0.21684 -1.85835 1.61116 1.70639
2.86377 1.53308 -0.212855 -1.85835 1.61116 1.70639
2.86379 1.53046 -0.20887 -1.85835 1.61116 1.70639
2.86381 1.52783 -0.204852 -1.85835 1.61116 1.70639
2.86383 1.52521 -0.200834 -1.85835 1.61116 1.70639
2.86386 1.52258 -0.196816 -1.85835 1.61116 1.70639
2.86388 1.51996 -0.192798 -1.85835 1.61116 1.70639
2.8639 1.51734 -0.188745 -1.85835 1.61116 1.70639
2.86392 1.51472 -0.184692 -1.85835 1.61116 1.70639
2.86394 1.5121 -0.180639 -1.85835 1.61116 1.70639
2.86396 1.50948 -0.176586 -1.85835 1.61116 1.70639
2.86398 1.50686 -0.172495 -1.85835 1.61116 1.70639
2.86401 1.50424 -0.168404 -1.85835 1.61116 1.70639
2.86403 1.50162 -0.164313 -1.85835 1.61116 1.70639
2.86405 1.49901 -0.160222 -1.85835 1.61116 1.70639
2.86408 1.49639 -0.156091 -1.85835 1.61116 1.70639
2.8641 1.49378 -0.151959 -1.85835 1.61116 1.70639
2.86412 1.49116 -0.147828 -1.85835 1.61116 1.70639
2.86415 1.48855 -0.143697 -1.85835 1.61116 1.70639
2.86417 1.48594 -0.139523 -1.85835 1.61116 1.70639
2.8642 1.48333 -0.135349 -1.85835 1.61116 1.70639
2.86422 1.48072 -0.131175 -1.85835 1.61116 1.70639
2.86425 1.4781 -0.127001 -1.85835 1.61116 1.70639
2.86427 1.4755 -0.122781 -1.85835 1.61116 1.70639
2.8643 1.47289 -0.118562 -1.85835 1.61116 1.70639
2.86432 1.47028 -0.114343 -1.85835 1.61116 1.70639
2.86435 1.46768 -0.110123 -1.85835 1.61116 1.70639
2.86438 1.46507 -0.105856 -1.85835 1.61116 1.70639
2.86441 1.46247 -0.101589 -1.85835 1.61116 1.70639
2.86443 1.45987 -0.0973217 -1.85835 1.61116 1.70639
2.86446 1.45727 -0.0930544 -1.85835 1.61116 1.70639
2.86449 1.45467 -0.0887369 -1.85835 1.61116 1.70639
2.86452 1.45207 -0.0844193 -1.85835 1.61116 1.70639
2.86455 1.44947 -0.0801017 -1.85835 1.61116 1.70639
2.86458 1.44687 -0.0757842 -1.85835 1.61116 1.70639
2.86461 1.44428 -0.0714137 -1.85835 1.61116 1.70639
2.86464 1.44168 -0.0670433 -1.85835 1.61116 1.70639
2.86467 1.43909 -0.0626728 -1.85835 1.61116 1.70639
2.8647 1.43649 -0.0583024 -1.85835 1.61116 1.70639
2.86473 1.4339 -0.0538765 -1.85835 1.61116 1.70639
2.86476 1.43131 -0.0494507 -1.85835 1.61116 1.70639
2.8648 1.42872 -0.0450248 -1.85835 1.61116 1.70639
2.86483 1.42614 -0.040599 -1.85835 1.61116 1.70639
2.86486 1.42355 -0.0361152 -1.85835 1.61116 1.70639
2.8649 1.42097 -0.0316314 -1.85835 1.61116 1.70639
2.86493 1.41838 -0.0271477 -1.85835 1.61116 1.70639
2.86496 1.4158 -0.0226639 -1.85835 1.61116 1.70639
2.86499 1.41373 -0.0190286 -1.85835 1.61116 1.70639
2.86502 1.41167 -0.0153932 -1.85835 1.61116 1.70639
2.86505 1.40961 -0.0117578 -1.85835 1.61116 1.70639
2.86508 1.40754 -0.00812249 -1.85835 1.61116 1.70639
2.86511 1.40548 -0.00448713 -1.85835 1.61116 1.70639
2.86514 1.40342 -0.000801412 -1.85835 1.61116 1.70639
2.86517 1.40136 0.00288431 -1.85835 1.61116 1.70639
2.8652 1.3993 0.00657002 -1.85835 1.61116 1.70639
2.86523 1.39724 0.0102557 -1.85835 1.61116 1.70639
2.86526 1.39518 0.0139415 -1.85835 1.61116 1.70639
2.86529 1.39313 0.0176796 -1.85835 1.61116 1.70639
2.86532 1.39107 0.0214176 -1.85835 1.61116 1.70639
2.86535 1.38902 0.0251557 -1.85835 1.61116 1.70639
2.86538 1.38696 0.0288938 -1.85835 1.61116 1.70639
2.86541 1.3849 0.0326319 -1.85835 1.61116 1.70639
2.86545 1.38285 0.0364244 -1.85835 1.61116 1.70639
2.86548 1.3808 0.0402169 -1.85835 1.61116 1.70639
2.86551 1.37875 0.0440094 -1.85835 1.61116 1.70639
2.86555 1.3767 0.0478019 -1.85835 1.61116 1.70639
2.86558 1.37465 0.0515943 -1.85835 1.61116 1.70639
2.86561 1.37261 0.0554432 -1.85835 1.61116 1.70639
2.86565 1.37056 0.0592921 -1.85835 1.61116 1.70639
2.86568 1.36852 0.063141 -1.85835 1.61116 1.70639
2.86572 1.36647 0.0669899 -1.85835 1.61116 1.70639
2.86575 1.36442 0.0708388 -1.85835 1.61116 1.70639
2.86579 1.36238 0.0747461 -1.85835 1.61116 1.70639
2.86582 1.36034 0.0786534 -1.85835 1.61116 1.70639
2.86586 1.3583 0.0825607 -1.85835 1.61116 1.70639
2.8659 1.35626 0.086468 -1.85835 1.61116 1.70639
2.86593 1.35422 0.0903753 -1.85835 1.61116 1.70639
2.86597 1.35218 0.0943431 -1.85835 1.61116 1.70639
2.86601 1.35015 0.0983108 -1.85835 1.61116 1.70639
2.86605 1.34811 0.102279 -1.85835 1.61116 1.70639
2.86609 1.34608 0.106246 -1.85835 1.61116 1.70639
2.86612 1.34404 0.110214 -1.85835 1.61116 1.70639
2.86616 1.34201 0.114244 -1.85835 1.61116 1.70639
2.8662 1.33998 0.118274 -1.85835 1.61116 1.70639
2.86624 1.33795 0.122305 -1.85835 1.61116 1.70639
2.86628 1.33592 0.126335 -1.85835 1.61116 1.70639
2.86632 1.33389 0.130365 -1.85835 1.61116 1.70639
2.86637 1.33186 0.13446 -1.85835 1.61116 1.70639
2.86641 1.32984 0.138554 -1.85835 1.61116 1.70639
2.86645 1.32781 0.142649 -1.85835 1.61116 1.70639
2.86649 1.32579 0.146744 -1.85835 1.61116 1.70639
2.86653 1.32376 0.150838 -1.85835 1.61116 1.70639
2.86658 1.32174 0.154995 -1.85835 1.61116 1.70639
2.86662 1.31972 0.159152 -1.85835 1.61116 1.70639
2.86666 1.3177 0.163309 -1.85835 1.61116 1.70639
2.86671 1.31568 0.167467 -1.85835 1.61116 1.70639
2.86675 1.31366 0.171624 -1.85835 1.61116 1.70639
2.86679 1.31165 0.175841 -1.85835 1.61116 1.70639
2.86684 1.30964 0.180059 -1.85835 1.61116 1.70639
2.86689 1.30762 0.184276 -1.85835 1.61116 1.70639
2.86693 1.30561 0.188494 -1.85835 1.61116 1.70639
2.86698 1.30359 0.192711 -1.85835 1.61116 1.70639
2.86702 1.30158 0.196987 -1.85835 1.61116 1.70639
2.86707 1.29957 0.201263 -1.85835 1.61116 1.70639
2.86712 1.29756 0.205539 -1.85835 1.61116 1.70639
2.86716 1.29555 0.209815 -1.85835 1.61116 1.70639
2.86721 1.29354 0.214091 -1.85835 1.61116 1.70639
2.86726 1.29154 0.218423 -1.85835 1.61116 1.70639
2.86731 1.28953 0.222756 -1.85835 1.61116 1.70639
2.86736 1.28753 0.227088 -1.85835 1.61116 1.70639
2.86741 1.28552 0.231421 -1.85835 1.61116 1.70639
2.86745 1.28352 0.235753 -1.85835 1.61116 1.70639
2.8675 1.28152 0.24014 -1.85835 1.61116 1.70639
2.86755 1.27952 0.244526 -1.85835 1.61116 1.70639
2.8676 1.27752 0.248913 -1.85835 1.61116 1.70639
2.86765 1.27552 0.2533 -1.85835 1.61116 1.70639
2.8677 1.27351 0.257687 -1.85835 1.61116 1.70639
2.86776 1.27152 0.262126 -1.85835 1.61116 1.70639
2.86781 1.26952 0.266565 -1.85835 1.61116 1.70639
2.86786 1.26753 0.271004 -1.85835 1.61116 1.70639
2.86791 1.26553 0.275443 -1.85835 1.61116 1.70639
2.86796 1.26353 0.279882 -1.85835 1.61116 1.70639
2.86802 1.26154 0.284372 -1.85835 1.61116 1.70639
2.86807 1.25955 0.288861 -1.85835 1.61116 1.70639
2.86812 1.25756 0.293351 -1.85835 1.61116 1.70639
2.86818 1.25557 0.29784 -1.85835 1.61116 1.70639
2.86823 1.25358 0.30233 -1.85835 1.61116 1.70639
2.86828 1.25159 0.306867 -1.85835 1.61116 1.70639
2.86834 1.2496 0.311405 -1.85835 1.61116 1.70639
2.86839 1.24761 0.315943 -1.85835 1.61116 1.70639
2.86845 1.24562 0.320481 -1.85835 1.61116 1.70639
2.8685 1.24364 0.325019 -1.85835 1.61116 1.70639
2.86856 1.24165 0.329603 -1.85835 1.61116 1.70639
2.86861 1.23967 0.334187 -1.85835 1.61116 1.70639
2.86867 1.23769 0.338771 -1.85835 1.61116 1.70639
2.86872 1.2357 0.343355 -1.85835 1.61116 1.70639
2.86878 1.23372 0.34794 -1.85835 1.61116 1.70639
2.86884 1.23174 0.352568 -1.85835 1.61116 1.70639
2.86889 1.22976 0.357196 -1.85835 1.61116 1.70639
2.86895 1.22778 0.361825 -1.85835 1.61116 1.70639
2.86901 1.2258 0.366453 -1.85835 1.61116 1.70639
2.86907 1.22382 0.371082 -1.85835 1.61116 1.70639
2.86912 1.22217 0.374974 -1.85835 1.61116 1.70639
2.86916 1.22052 0.378867 -1.85835 1.61116 1.70639
2.86921 1.21888 0.382759 -1.85835 1.61116 1.70639
2.86926 1.21723 0.386651 -1.85835 1.61116 1.70639
2.86931 1.21558 0.390543 -1.85835 1.61116 1.70639
2.86936 1.21393 0.394436 -1.85835 1.61116 1.70639
2.86941 1.21229 0.398362 -1.85835 1.61116 1.70639
2.86946 1.21065 0.402288 -1.85835 1.61116 1.70639
2.86951 1.209 0.406213 -1.85835 1.61116 1.70639
2.86956 1.20736 0.410139 -1.85835 1.61116 1.70639
2.86961 1.20571 0.414065 -1.85835 1.61116 1.70639
2.86966 1.20407 0.417991 -1.85835 1.61116 1.70639
2.86971 1.20243 0.421949 -1.85835 1.61116 1.70639
2.86976 1.20078 0.425907 -1.85835 1.61116 1.70639
2.86981 1.19914 0.429865 -1.85835 1.61116 1.70639
2.86986 1.1975 0.433822 -1.85835 1.61116 1.70639
2.86991 1.19586 0.43778 -1.85835 1.61116 1.70639
2.86996 1.19422 0.441738 -1.85835 1.61116 1.70639
2.87001 1.19258 0.445726 -1.85835 1.61116 1.70639
2.87006 1.19094 0.449714 -1.85835 1.61116 1.70639
2.87011 1.1893 0.453702 -1.85835 1.61116 1.70639
2.87016 1.18766 0.45769 -1.85835 1.61116 1.70639
2.87022 1.18602 0.461678 -1.85835 1.61116 1.70639
2.87027 1.18438 0.465666 -1.85835 1.61116 1.70639
2.87032 1.18275 0.469682 -1.85835 1.61116 1.70639
2.87037 1.18111 0.473699 -1.85835 1.61116 1.70639
2.87042 1.17947 0.477716 -1.85835 1.61116 1.70639
2.87048 1.17784 0.481732 -1.85835 1.61116 1.70639
2.87053 1.1762 0.485749 -1.85835 1.61116 1.70639
2.87058 1.17456 0.489765 -1.85835 1.61116 1.70639
2.87063 1.17293 0.493809 -1.85835 1.61116 1.70639
2.87069 1.1713 0.497852 -1.85835 1.61116 1.70639
2.87074 1.16966 0.501895 -1.85835 1.61116 1.70639
2.87079 1.16803 0.505939 -1.85835 1.61116 1.70639
2.87085 1.16639 0.509982 -1.85835 1.61116 1.70639
2.8709 1.16476 0.514026 -1.85835 1.61116 1.70639
2.87095 1.16313 0.518094 -1.85835 1.61116 1.70639
2.87101 1.16149 0.522163 -1.85835 1.61116 1.70639
2.87106 1.15986 0.526231 -1.85835 1.61116 1.70639
2.87111 1.15823 0.5303 -1.85835 1.61116 1.70639
2.87117 1.1566 0.534368 -1.85835 1.61116 1.70639
2.87122 1.15496 0.538437 -1.85835 1.61116 1.70639
2.87128 1.15333 0.542529 -1.85835 1.61116 1.70639
2.87133 1.1517 0.546621 -1.85835 1.61116 1.70639
2.87138 1.15007 0.550713 -1.85835 1.61116 1.70639
2.87144 1.14844 0.554805 -1.85835 1.61116 1.70639
2.87149 1.14681 0.558897 -1.85835 1.61116 1.70639
2.87155 1.14518 0.56299 -1.85835 1.61116 1.70639
2.8716 1.14355 0.567103 -1.85835 1.61116 1.70639
2.87166 1.14192 0.571217 -1.85835 1.61116 1.70639
2.87171 1.1403 0.575331 -1.85835 1.61116 1.70639
2.87177 1.13867 0.579445 -1.85835 1.61116 1.70639
2.87182 1.13704 0.583559 -1.85835 1.61116 1.70639
2.87188 1.13541 0.587673 -1.85835 1.61116 1.70639
2.87193 1.13378 0.591807 -1.85835 1.61116 1.70639
2.87199 1.13216 0.595941 -1.85835 1.61116 1.70639
2.87204 1.13053 0.600075 -1.85835 1.61116 1.70639
2.8721 1.1289 0.604209 -1.85835 1.61116 1.70639
2.87216 1.12728 0.608343 -1.85835 1.61116 1.70639
2.87221 1.12565 0.612477 -1.85835 1.61116 1.70639
2.87227 1.12403 0.61663 -1.85835 1.61116 1.70639
2.87232 1.1224 0.620782 -1.85835 1.61116 1.70639
2.87238 1.12077 0.624935 -1.85835 1.61116 1.70639
2.87244 1.11915 0.629087 -1.85835 1.61116 1.70639
2.87249 1.11752 0.63324 -1.85835 1.61116 1.70639
2.87255 1.1159 0.637392 -1.85835 1.61116 1.70639
2.8726 1.11428 0.641562 -1.85835 1.61116 1.70639
2.87266 1.11265 0.645731 -1.85835 1.61116 1.70639
2.87272 1.11103 0.6499 -1.85835 1.61116 1.70639
2.87277 1.1094 0.65407 -1.85835 1.61116 1.70639
2.87283 1.10778 0.658239 -1.85835 1.61116 1.70639
2.87289 1.10616 0.662408 -1.85835 1.61116 1.70639
2.87294 1.10453 0.666593 -1.85835 1.61116 1.70639
2.873 1.10291 0.670777 -1.85835 1.61116 1.70639
2.87306 1.10129 0.674961 -1.85835 1.61116 1.70639
2.87312 1.09967 0.679146 -1.85835 1.61116 1.70639
2.87317 1.09804 0.68333 -1.85835 1.61116 1.70639
2.87323 1.09642 0.687515 -1.85835 1.61116 1.70639
2.87329 1.0948 0.691712 -1.85835 1.61116 1.70639
2.87334 1.09318 0.69591 -1.85835 1.61116 1.70639
2.8734 1.09156 0.700108 -1.85835 1.61116 1.70639
2.87346 1.08994 0.704306 -1.85835 1.61116 1.70639
2.87352 1.08831 0.708504 -1.85835 1.61116 1.70639
2.87357 1.08669 0.712702 -1.85835 1.61116 1.70639
2.87363 1.08507 0.716911 -1.85835 1.61116 1.70639
2.87369 1.08345 0.721121 -1.85835 1.61116 1.70639
2.87375 1.08183 0.72533 -1.85835 1.61116 1.70639
2.87381 1.08021 0.72954 -1.85835 1.61116 1.70639
2.87386 1.07859 0.73375 -1.85835 1.61116 1.70639
2.87392 1.07697 0.737959 -1.85835 1.61116 1.70639
2.87398 1.07535 0.742179 -1.85835 1.61116 1.70639
2.87404 1.07373 0.746399 -1.85835 1.61116 1.70639
2.8741 1.07211 0.750618 -1.85835 1.61116 1.70639
2.87415 1.07049 0.754838 -1.85835 1.61116 1.70639
2.87421 1.06887 0.759058 -1.85835 1.61116 1.70639
2.87427 1.06725 0.763277 -1.85835 1.61116 1.70639
2.87433 1.06563 0.767505 -1.85835 1.61116 1.70639
2.87439 1.06401 0.771733 -1.85835 1.61116 1.70639
2.87444 1.0624 0.775961 -1.85835 1.61116 1.70639
2.8745 1.06078 0.780189 -1.85835 1.61116 1.70639
2.87456 1.05916 0.784417 -1.85835 1.61116 1.70639
2.87462 1.05754 0.788646 -1.85835 1.61116 1.70639
2.87468 1.05592 0.79288 -1.85835 1.61116 1.70639
2.87474 1.0543 0.797115 -1.85835 1.61116 1.70639
2.8748 1.05268 0.80135 -1.85835 1.61116 1.70639
2.87485 1.05107 0.805585 -1.85835 1.61116 1.70639
2.87491 1.04945 0.809819 -1.85835 1.61116 1.70639
2.87497 1.04783 0.814054 -1.85835 1.61116 1.70639
2.87503 1.04621 0.818294 -1.85835 1.61116 1.70639
2.87509 1.04459 0.822534 -1.85835 1.61116 1.70639
2.87515 1.04298 0.826774 -1.85835 1.61116 1.70639
2.87521 1.04136 0.831013 -1.85835 1.61116 1.70639
2.87526 1.03974 0.835253 -1.85835 1.61116 1.70639
2.87532 1.03812 0.839493 -1.85835 1.61116 1.70639
2.87538 1.0365 0.843736 -1.85835 1.61116 1.70639
2.87544 1.03489 0.847979 -1.85835 1.61116 1.70639
2.8755 1.03327 0.852223 -1.85835 1.61116 1.70639
2.87556 1.03165 0.856466 -1.85835 1.61116 1.70639
2.87562 1.03003 0.860709 -1.85835 1.61116 1.70639
2.87568 1.02842 0.864952 -1.85835 1.61116 1.70639
2.87573 1.0268 0.869197 -1.85835 1.61116 1.70639
2.87579 1.02518 0.873442 -1.85835 1.61116 1.70639
2.87585 1.02356 0.877687 -1.85835 1.61116 1.70639
2.87591 1.02195 0.881931 -1.85835 1.61116 1.70639
2.87597 1.02033 0.886176 -1.85835 1.61116 1.70639
2.87603 1.01871 0.890421 -1.85835 1.61116 1.70639
2.87609 1.01709 0.894666 -1.85835 1.61116 1.70639
2.87615 1.01548 0.898911 -1.85835 1.61116 1.70639
2.8762 1.01386 0.903156 -1.85835 1.61116 1.70639
2.87626 1.01224 0.9074 -1.85835 1.61116 1.70639
2.87632 1.01062 0.911645 -1.85835 1.61116 1.70639
2.87638 1.00901 0.91589 -1.85835 1.61116 1.70639
2.87644 1.00739 0.920135 -1.85835 1.61116 1.70639
2.8765 1.00577 0.92438 -1.85835 1.61116 1.70639
2.87656 1.00415 0.928625 -1.85835 1.61116 1.70639
2.87662 1.00254 0.93287 -1.85835 1.61116 1.70639
2.87667 1.00092 0.937114 -1.85835 1.61116 1.70639
2.87673 0.999302 0.941359 -1.85835 1.61116 1.70639
2.87679 0.997685 0.945604 -1.85835 1.61116 1.70639
2.87685 0.996067 0.949849 -1.85835 1.61116 1.70639
2.87691 0.99445 0.954094 -1.85835 1.61116 1.70639
2.87697 0.992832 0.958339 -1.85835 1.61116 1.70639
2.87703 0.991215 0.962583 -1.85835 1.61116 1.70639
2.87709 0.989597 0.966828 -1.85835 1.61116 1.70639
2.87715 0.98798 0.971073 -1.85835 1.61116 1.70639
2.8772 0.986363 0.975318 -1.85835 1.61116 1.70639
2.87726 0.984745 0.979563 -1.85835 1.61116 1.70639
2.87732 0.983128 0.983808 -1.85835 1.61116 1.70639
2.87738 0.98151 0.988052 -1.85835 1.61116 1.70639
2.87744 0.979893 0.992297 -1.85835 1.61116 1.70639
2.8775 0.978275 0.996542 -1.85835 1.61116 1.70639
2.87756 0.976658 1.00079 -1.85835 1.61116 1.70639
2.87762 0.97504 1.00503 -1.85835 1.61116 1.70639
2.87767 0.973423 1.00928 -1.85835 1.61116 1.70639
2.87773 0.971805 1.01352 -1.85835 1.61116 1.70639
2.87779 0.970188 1.01777 -1.85835 1.61116 1.70639
2.87785 0.968571 1.02201 -1.85835 1.61116 1.70639
2.87791 0.966953 1.02626 -1.85835 1.61116 1.70639
2.87797 0.965336 1.0305 -1.85835 1.61116 1.70639
2.87803 0.963718 1.03475 -1.85835 1.61116 1.70639
2.87809 0.962101 1.03899 -1.85835 1.61116 1.70639
2.87814 0.960483 1.04324 -1.85835 1.61116 1.70639
2.8782 0.958866 1.04748 -1.85835 1.61116 1.70639
2.87826 0.957248 1.05173 -1.85835 1.61116 1.70639
2.87832 0.955631 1.05597 -1.85835 1.61116 1.70639
2.87838 0.954013 1.06021 -1.85835 1.61116 1.70639
2.87844 0.952396 1.06446 -1.85835 1.61116 1.70639
2.8785 0.950779 1.0687 -1.85835 1.61116 1.70639
2.87856 0.949161 1.07295 -1.85835 1.61116 1.70639
2.87862 0.947544 1.07719 -1.85835 1.61116 1.70639
2.87867 0.945926 1.08144 -1.85835 1.61116 1.70639
2.87873 0.944309 1.08568 -1.85835 1.61116 1.70639
2.87879 0.942691 1.08993 -1.85835 1.61116 1.70639
2.87885 0.941074 1.09417 -1.85835 1.61116 1.70639
2.87891 0.939456 1.09842 -1.85835 1.61116 1.70639
2.87897 0.937839 1.10266 -1.85835 1.61116 1.70639
2.87903 0.936221 1.10691 -1.85835 1.61116 1.70639
2.87909 0.934604 1.11115 -1.85835 1.61116 1.70639
2.87914 0.932986 1.1154 -1.85835 1.61116 1.70639
2.8792 0.931369 1.11964 -1.85835 1.61116 1.70639
2.87926 0.929752 1.12389 -1.85835 1.61116 1.70639
2.87932 0.928134 1.12813 -1.85835 1.61116 1.70639
2.87938 0.926517 1.13238 -1.85835 1.61116 1.70639
2.87944 0.924899 1.13662 -1.85835 1.61116 1.70639
2.8795 0.923282 1.14087 -1.85835 1.61116 1.70639
2.87956 0.921664 1.14511 -1.85835 1.61116 1.70639
2.87962 0.920047 1.14936 -1.85835 1.61116 1.70639
2.87967 0.918429 1.1536 -1.85835 1.61116 1.70639
2.87973 0.916812 1.15785 -1.85835 1.61116 1.70639
2.87979 0.915194 1.16209 -1.85835 1.61116 1.70639
2.87985 0.913577 1.16634 -1.85835 1.61116 1.70639
2.87991 0.91196 1.17058 -1.85835 1.61116 1.70639
2.87997 0.910342 1.17483 -1.85835 1.61116 1.70639
2.88003 0.908725 1.17907 -1.85835 1.61116 1.70639
2.88009 0.907107 1.18332 -1.85835 1.61116 1.70639
2.88014 0.90549 1.18756 -1.85835 1.61116 1.70639
2.8802 0.903872 1.19181 -1.85835 1.61116 1.70639
2.88026 0.902255 1.19605 -1.85835 1.61116 1.70639
2.88032 0.900637 1.20029 -1.85835 1.61116 1.70639
2.88038 0.89902 1.20454 -1.85835 1.61116 1.70639
2.88044 0.897402 1.20878 -1.85835 1.61116 1.70639
2.8805 0.895785 1.21303 -1.85835 1.61116 1.70639
2.88056 0.894168 1.21727 -1.85835 1.61116 1.70639
2.88061 0.89255 1.22152 -1.85835 1.61116 1.70639
2.88067 0.890933 1.22576 -1.85835 1.61116 1.70639
2.88073 0.889315 1.23001 -1.85835 1.61116 1.70639
2.88079 0.887698 1.23425 -1.85835 1.61116 1.70639
2.88085 0.88608 1.2385 -1.85835 1.61116 1.70639
2.88091 0.884463 1.24274 -1.85835 1.61116 1.70639
2.88097 0.882845 1.24699 -1.85835 1.61116 1.70639
2.88103 0.881228 1.25123 -1.85835 1.61116 1.70639
2.88109 0.87961 1.25548 -1.85835 1.61116 1.70639
2.88114 0.877993 1.25972 -1.85835 1.61116 1.70639
2.8812 0.876376 1.26397 -1.85835 1.61116 1.70639
2.88126 0.874758 1.26821 -1.85835 1.61116 1.70639
2.88132 0.873141 1.27246 -1.85835 1.61116 1.70639
2.88138 0.871523 1.2767 -1.85835 1.61116 1.70639
2.88144 0.869906 1.28095 -1.85835 1.61116 1.70639
2.8815 0.868288 1.28519 -1.85835 1.61116 1.70639
2.88156 0.866671 1.28944 -1.85835 1.61116 1.70639
2.88161 0.865053 1.29368 -1.85835 1.61116 1.70639
2.88167 0.863436 1.29793 -1.85835 1.61116 1.70639
2.88173 0.861818 1.30217 -1.85835 1.61116 1.70639
2.88179 0.860201 1.30642 -1.85835 1.61116 1.70639
2.88185 0.858584 1.31066 -1.85835 1.61116 1.70639
2.88191 0.856966 1.31491 -1.85835 1.61116 1.70639
2.88197 0.855349 1.31915 -1.85835 1.61116 1.70639
2.88203 0.853731 1.3234 -1.85835 1.61116 1.70639
2.88208 0.852114 1.32764 -1.85835 1.61116 1.70639
2.88214 0.850496 1.33188 -1.85835 1.61116 1.70639
2.8822 0.848879 1.33613 -1.85835 1.61116 1.70639
2.88226 0.847261 1.34037 -1.85835 1.61116 1.70639
2.88232 0.845644 1.34462 -1.85835 1.61116 1.70639
2.88238 0.844026 1.34886 -1.85835 1.61116 1.70639
2.88245 0.842085 1.35396 -1.85835 1.61116 1.70639
2.88252 0.840145 1.35905 -1.85835 1.61116 1.70639
2.88259 0.838204 1.36415 -1.85835 1.61116 1.70639
2.88266 0.836263 1.36924 -1.85835 1.61116 1.70639
2.88273 0.834322 1.37433 -1.85835 1.61116 1.70639
2.88279 0.832704 1.37858 -1.85835 1.61116 1.70639
2.88285 0.831087 1.38282 -1.85835 1.61116 1.70639
2.88291 0.829469 1.38707 -1.85835 1.61116 1.70639
2.88297 0.827852 1.39131 -1.85835 1.61116 1.70639
2.88303 0.826234 1.39556 -1.85835 1.61116 1.70639
2.88308 0.824617 1.3998 -1.85835 1.61116 1.70639
2.88316 0.822676 1.4049 -1.85835 1.61116 1.70639
2.88323 0.820735 1.40999 -1.85835 1.61116 1.70639
2.8833 0.818794 1.41508 -1.85835 1.61116 1.70639
2.88337 0.816853 1.42018 -1.85835 1.61116 1.70639
2.88344 0.814912 1.42527 -1.85835 1.61116 1.70639
2.8835 0.813295 1.42952 -1.85835 1.61116 1.70639
2.88355 0.811677 1.43376 -1.85835 1.61116 1.70639
2.88361 0.81006 1.43801 -1.85835 1.61116 1.70639
2.88367 0.808442 1.44225 -1.85835 1.61116 1.70639
2.88373 0.806825 1.4465 -1.85835 1.61116 1.70639
2.88379 0.805207 1.45074 -1.85835 1.61116 1.70639
2.88386 0.803267 1.45583 -1.85835 1.61116 1.70639
2.88393 0.801326 1.46093 -1.85835 1.61116 1.70639
2.884 0.799385 1.46602 -1.85835 1.61116 1.70639
2.88407 0.797444 1.47112 -1.85835 1.61116 1.70639
2.88414 0.795503 1.47621 -1.85835 1.61116 1.70639
2.8842 0.793885 1.48045 -1.85835 1.61116 1.70639
2.88426 0.792268 1.4847 -1.85835 1.61116 1.70639
2.88432 0.79065 1.48894 -1.85835 1.61116 1.70639
2.88438 0.789033 1.49319 -1.85835 1.61116 1.70639
2.88444 0.787415 1.49743 -1.85835 1.61116 1.70639
2.8845 0.785798 1.50168 -1.85835 1.61116 1.70639
2.88457 0.783857 1.50677 -1.85835 1.61116 1.70639
2.88464 0.781916 1.51187 -1.85835 1.61116 1.70639
2.88471 0.779975 1.51696 -1.85835 1.61116 1.70639
2.88478 0.778034 1.52205 -1.85835 1.61116 1.70639
2.88485 0.776093 1.52715 -1.85835 1.61116 1.70639
2.88491 0.774476 1.53139 -1.85835 1.61116 1.70639
2.88497 0.772858 1.53564 -1.85835 1.61116 1.70639
2.88502 0.771241 1.53988 -1.85835 1.61116 1.70639
2.88508 0.769623 1.54413 -1.85835 1.61116 1.70639
2.88514 0.768006 1.54837 -1.85835 1.61116 1.70639
2.8852 0.766389 1.55262 -1.85835 1.61116 1.70639
2.88527 0.764448 1.55771 -1.85835 1.61116 1.70639
2.88534 0.762507 1.5628 -1.85835 1.61116 1.70639
2.88541 0.760566 1.5679 -1.85835 1.61116 1.70639
2.88548 0.758625 1.57299 -1.85835 1.61116 1.70639
2.88555 0.756684 1.57809 -1.85835 1.61116 1.70639
2.88561 0.755066 1.58233 -1.85835 1.61116 1.70639
2.88567 0.753449 1.58658 -1.85835 1.61116 1.70639
2.88573 0.751831 1.59082 -1.85835 1.61116 1.70639
2.88579 0.750214 1.59507 -1.85835 1.61116 1.70639
2.88585 0.748596 1.59931 -1.85835 1.61116 1.70639
2.88591 0.746979 1.60355 -1.85835 1.61116 1.70639
2.88598 0.745038 1.60865 -1.85835 1.61116 1.70639
2.88605 0.743097 1.61374 -1.85835 1.61116 1.70639
2.88612 0.741156 1.61884 -1.85835 1.61116 1.70639
2.88619 0.739215 1.62393 -1.85835 1.61116 1.70639
2.88626 0.737274 1.62902 -1.85835 1.61116 1.70639
2.88632 0.735657 1.63327 -1.85835 1.61116 1.70639
2.88638 0.734039 1.63751 -1.85835 1.61116 1.70639
2.88644 0.732422 1.64176 -1.85835 1.61116 1.70639
2.8865 0.730804 1.646 -1.85835 1.61116 1.70639
2.88655 0.729187 1.65025 -1.85835 1.61116 1.70639
2.88661 0.72757 1.65449 -1.85835 1.61116 1.70639
2.88668 0.725629 1.65959 -1.85835 1.61116 1.70639
2.88675 0.723688 1.66468 -1.85835 1.61116 1.70639
2.88682 0.721747 1.66977 -1.85835 1.61116 1.70639
2.88689 0.719806 1.67487 -1.85835 1.61116 1.70639
2.88697 0.717865 1.67996 -1.85835 1.61116 1.70639
2.88704 0.715924 1.68506 -1.85835 1.61116 1.70639
2.88711 0.713983 1.69015 -1.85835 1.61116 1.70639
2.88718 0.712042 1.69524 -1.85835 1.61116 1.70639
2.88725 0.710101 1.70034 -1.85835 1.61116 1.70639
2.88732 0.70816 1.70543 -1.85835 1.61116 1.70639
2.88732 0.70816 1.70543 -1.85835 1.61116 1.70639
2.88732 0.70816 1.70543 -1.85769 1.61074 1.70765
2.88732 0.70816 1.70543 -1.85702 1.61033 1.7089
2.88732 0.70816 1.70543 -1.85636 1.60991 1.71016
2.88732 0.70816 1.70543 -1.8557 1.6095 1.71141
2.88732 0.70816 1.70543 -1.85504 1.60908 1.71267
2.88732 0.70816 1.70543 -1.85437 1.60867 1.71392
2.88732 0.70816 1.70543 -1.85371 1.60825 1.71518
2.88732 0.70816 1.70543 -1.85305 1.60783 1.71643
2.88732 0.70816 1.70543 -1.85238 1.60742 1.71769
2.88732 0.70816 1.70543 -1.85172 1.607 1.71894
2.88732 0.70816 1.70543 -1.85106 1.60659 1.7202
2.88732 0.70816 1.70543 -1.8504 1.60617 1.72145
2.88732 0.70816 1.70543 -1.84973 1.60576 1.72271
2.88732 0.70816 1.70543 -1.84907 1.60534 1.72396
2.88732 0.70816 1.70543 -1.84841 1.60492 1.72522
2.88732 0.70816 1.70543 -1.84774 1.60451 1.72647
2.88732 0.70816 1.70543 -1.84708 1.60409 1.72773
2.88732 0.70816 1.70543 -1.84642 1.60368 1.72899
2.88732 0.70816 1.70543 -1.84576 1.60326 1.73024
2.88732 0.70816 1.70543 -1.84509 1.60284 1.7315
2.88732 0.70816 1.70543 -1.84443 1.60243 1.73275
2.88732 0.70816 1.70543 -1.84377 1.60201 1.73401
2.88732 0.70816 1.70543 -1.8431 1.6016 1.73526
2.88732 0.70816 1.70543 -1.84244 1.60118 1.73652
2.88732 0.70816 1.70543 -1.84178 1.60077 1.73777
2.88732 0.70816 1.70543 -1.84111 1.60035 1.73903
2.88732 0.70816 1.70543 -1.84045 1.59993 1.74028
2.88732 0.70816 1.70543 -1.83979 1.59952 1.74154
2.88732 0.70816 1.70543 -1.83913 1.5991 1.74279
2.88732 0.70816 1.70543 -1.83846 1.59869 1.74405
2.88732 0.70816 1.70543 -1.8378 1.59827 1.7453
2.88732 0.70816 1.70543 -1.83714 1.59786 1.74656
2.88732 0.70816 1.70543 -1.83647 1.59744 1.74781
2.88732 0.70816 1.70543 -1.83581 1.59702 1.74907
2.88732 0.70816 1.70543 -1.83515 1.59661 1.75033
2.88732 0.70816 1.70543 -1.83449 1.59619 1.75158
2.88732 0.70816 1.70543 -1.83382 1.59578 1.75284
2.88732 0.70816 1.70543 -1.83316 1.59536 1.75409
2.88732 0.70816 1.70543 -1.8325 1.59495 1.75535
2.88732 0.70816 1.70543 -1.83183 1.59453 1.7566
2.88732 0.70816 1.70543 -1.83117 1.59411 1.75786
2.88732 0.70816 1.70543 -1.83051 1.5937 1.75911
2.88732 0.70816 1.70543 -1.82985 1.59328 1.76037
2.88732 0.70816 1.70543 -1.82918 1.59287 1.76162
2.88732 0.70816 1.70543 -1.82852 1.59245 1.76288
2.88732 0.70816 1.70543 -1.82786 1.59203 1.76413
2.88732 0.70816 1.70543 -1.82719 1.59162 1.76539
2.88732 0.70816 1.70543 -1.82653 1.5912 1.76664
2.88732 0.70816 1.70543 -1.82587 1.59079 1.7679
2.88732 0.70816 1.70543 -1.82521 1.59037 1.76915
2.88732 0.70816 1.70543 -1.82454 1.58996 1.77041
2.88732 0.70816 1.70543 -1.82388 1.58954 1.77167
2.88732 0.70816 1.70543 -1.82322 1.58912 1.77292
2.88732 0.70816 1.70543 -1.82255 1.58871 1.77418
2.88732 0.70816 1.70543 -1.82189 1.58829 1.77543
2.88732 0.70816 1.70543 -1.82123 1.58788 1.77669
2.88732 0.70816 1.70543 -1.82057 1.58746 1.77794
2.88732 0.70816 1.70543 -1.8199 1.58705 1.7792
2.88732 0.70816 1.70543 -1.81924 1.58663 1.78045
2.88732 0.70816 1.70543 -1.81858 1.58621 1.78171
2.88732 0.70816 1.70543 -1.81791 1.5858 1.78296
2.88732 0.70816 1.70543 -1.81725 1.58538 1.78422
2.88732 0.70816 1.70543 -1.81659 1.58497 1.78547
2.88732 0.70816 1.70543 -1.81593 1.58455 1.78673
2.88732 0.70816 1.70543 -1.81526 1.58414 1.78798
2.88732 0.70816 1.70543 -1.8146 1.58372 1.78924
2.88732 0.70816 1.70543 -1.81394 1.5833 1.79049
2.88732 0.70816 1.70543 -1.81327 1.58289 1.79175
2.88732 0.70816 1.70543 -1.81261 1.58247 1.79301
2.88732 0.70816 1.70543 -1.81195 1.58206 1.79426
2.88732 0.70816 1.70543 -1.81128 1.58164 1.79552
2.88732 0.70816 1.70543 -1.81062 1.58123 1.79677
2.88732 0.70816 1.70543 -1.80996 1.58081 1.79803
2.88732 0.70816 1.70543 -1.8093 1.58039 1.79928
2.88732 0.70816 1.70543 -1.80863 1.57998 1.80054
2.88732 0.70816 1.70543 -1.80797 1.57956 1.80179
2.88732 0.70816 1.70543 -1.80731 1.57915 1.80305
2.88732 0.70816 1.70543 -1.80664 1.57873 1.8043
2.88732 0.70816 1.70543 -1.80598 1.57831 1.80556
2.88732 0.70816 1.70543 -1.80532 1.5779 1.80681
2.88732 0.70816 1.70543 -1.80466 1.57748 1.80807
2.88732 0.70816 1.70543 -1.80399 1.57707 1.80932
2.88732 0.70816 1.70543 -1.80333 1.57665 1.81058
2.88732 0.70816 1.70543 -1.80267 1.57624 1.81183
2.88732 0.70816 1.70543 -1.802 1.57582 1.81309
2.88732 0.70816 1.70543 -1.80134 1.5754 1.81435
2.88732 0.70816 1.70543 -1.80068 1.57499 1.8156
2.88732 0.70816 1.70543 -1.80002 1.57457 1.81686
2.88732 0.70816 1.70543 -1.79935 1.57416 1.81811
2.88732 0.70816 1.70543 -1.79869 1.57374 1.81937
2.88732 0.70816 1.70543 -1.79803 1.57333 1.82062
2.88732 0.70816 1.70543 -1.79736 1.57291 1.82188
2.88732 0.70816 1.70543 -1.7967 1.57249 1.82313
2.88732 0.70816 1.70543 -1.79604 1.57208 1.82439
2.88732 0.70816 1.70543 -1.79538 1.57166 1.82564
2.88732 0.70816 1.70543 -1.79471 1.57125 1.8269
2.88732 0.70816 1.70543 -1.79405 1.57083 1.82815
2.88732 0.70816 1.70543 -1.79339 1.57042 1.82941
2.88732 0.70816 1.70543 -1.79272 1.57 1.83066
2.88732 0.70816 1.70543 -1.79206 1.56958 1.83192
2.88732 0.70816 1.70543 -1.7914 1.56917 1.83317
2.88732 0.70816 1.70543 -1.79074 1.56875 1.83443
2.88732 0.70816 1.70543 -1.79007 1.56834 1.83569
2.88732 0.70816 1.70543 -1.78941 1.56792 1.83694
2.88732 0.70816 1.70543 -1.78875 1.5675 1.8382
2.88732 0.70816 1.70543 -1.78808 1.56709 1.83945
2.88732 0.70816 1.70543 -1.78742 1.56667 1.84071
2.88732 0.70816 1.70543 -1.78676 1.56626 1.84196
2.88732 0.70816 1.70543 -1.7861 1.56584 1.84322
2.88732 0.70816 1.70543 -1.78543 1.56543 1.84447
2.88732 0.70816 1.70543 -1.78477 1.56501 1.84573
2.88732 0.70816 1.70543 -1.78411 1.56459 1.84698
2.88732 0.70816 1.70543 -1.78344 1.56418 1.84824
2.88732 0.70816 1.70543 -1.78278 1.56376 1.84949
2.88732 0.70816 1.70543 -1.78212 1.56335 1.85075
2.88732 0.70816 1.70543 -1.78145 1.56293 1.852
2.88732 0.70816 1.70543 -1.78079 1.56252 1.85326
2.88732 0.70816 1.70543 -1.78013 1.5621 1.85451
2.88732 0.70816 1.70543 -1.77947 1.56168 1.85577
2.88732 0.70816 1.70543 -1.7788 1.56127 1.85703
2.88732 0.70816 1.70543 -1.77814 1.56085 1.85828
2.88732 0.70816 1.70543 -1.77748 1.56044 1.85954
2.88732 0.70816 1.70543 -1.77681 1.56002 1.86079
2.88732 0.70816 1.70543 -1.77615 1.55961 1.86205
2.88732 0.70816 1.70543 -1.77549 1.55919 1.8633
2.88732 0.70816 1.70543 -1.77483 1.55877 1.86456
2.88732 0.70816 1.70543 -1.77416 1.55836 1.86581
2.88732 0.70816 1.70543 -1.7735 1.55794 1.86707
2.88732 0.70816 1.70543 -1.77284 1.55753 1.86832
2.88732 0.70816 1.70543 -1.77217 1.55711 1.86958
2.88732 0.70816 1.70543 -1.77151 1.55669 1.87083
2.88732 0.70816 1.70543 -1.77085 1.55628 1.87209
2.88732 0.70816 1.70543 -1.77019 1.55586 1.87334
2.88732 0.70816 1.70543 -1.76952 1.55545 1.8746
2.88732 0.70816 1.70543 -1.76886 1.55503 1.87585
2.88732 0.70816 1.70543 -1.7682 1.55462 1.87711
2.88732 0.70816 1.70543 -1.76753 1.5542 1.87837
2.88732 0.70816 1.70543 -1.76687 1.55378 1.87962
2.88732 0.70816 1.70543 -1.76621 1.55337 1.88088
2.88732 0.70816 1.70543 -1.76555 1.55295 1.88213
2.88732 0.70816 1.70543 -1.76488 1.55254 1.88339
2.88732 0.70816 1.70543 -1.76422 1.55212 1.88464
2.88732 0.70816 1.70543 -1.76356 1.55171 1.8859
2.88732 0.70816 1.70543 -1.76289 1.55129 1.88715
2.88732 0.70816 1.70543 -1.76223 1.55087 1.88841
2.88732 0.70816 1.70543 -1.76157 1.55046 1.88966
2.88732 0.70816 1.70543 -1.76091 1.55004 1.89092
2.88732 0.70816 1.70543 -1.76024 1.54963 1.89217
2.88732 0.70816 1.70543 -1.75958 1.54921 1.89343
2.88732 0.70816 1.70543 -1.75892 1.5488 1.89468
2.88732 0.70816 1.70543 -1.75825 1.54838 1.89594
2.88732 0.70816 1.70543 -1.75759 1.54796 1.89719
2.88732 0.70816 1.70543 -1.75693 1.54755 1.89845
2.88732 0.70816 1.70543 -1.75627 1.54713 1.89971
2.88732 0.70816 1.70543 -1.7556 1.54672 1.90096
2.88732 0.70816 1.70543 -1.75494 1.5463 1.90222
2.88732 0.70816 1.70543 -1.75428 1.54589 1.90347
2.88732 0.70816 1.70543 -1.75361 1.54547 1.90473
2.88732 0.70816 1.70543 -1.75295 1.54505 1.90598
2.88732 0.70816 1.70543 -1.75229 1.54464 1.90724
2.88732 0.70816 1.70543 -1.75162 1.54422 1.90849
2.88732 0.70816 1.70543 -1.75096 1.54381 1.90975
2.88732 0.70816 1.70543 -1.7503 1.54339 1.911
2.88732 0.70816 1.70543 -1.74964 1.54297 1.91226
2.88732 0.70816 1.70543 -1.74897 1.54256 1.91351
2.88732 0.70816 1.70543 -1.74831 1.54214 1.91477
2.88732 0.70816 1.70543 -1.74765 1.54173 1.91602
2.88732 0.70816 1.70543 -1.74698 1.54131 1.91728
2.88732 0.70816 1.70543 -1.74632 1.5409 1.91853
2.88732 0.70816 1.70543 -1.74566 1.54048 1.91979
2.88732 0.70816 1.70543 -1.745 1.54006 1.92105
2.88732 0.70816 1.70543 -1.74433 1.53965 1.9223
2.88732 0.70816 1.70543 -1.74367 1.53923 1.92356
2.88732 0.70816 1.70543 -1.74301 1.53882 1.92481
2.88732 0.70816 1.70543 -1.74234 1.5384 1.92607
2.88732 0.70816 1.70543 -1.74168 1.53799 1.92732
2.88732 0.70816 1.70543 -1.74102 1.53757 1.92858
2.88732 0.70816 1.70543 -1.74036 1.53715 1.92983
2.88732 0.70816 1.70543 -1.73969 1.53674 1.93109
2.88732 0.70816 1.70543 -1.73903 1.53632 1.93234
2.88732 0.70816 1.70543 -1.73837 1.53591 1.9336
2.88732 0.70816 1.70543 -1.7377 1.53549 1.93485
2.88732 0.70816 1.70543 -1.73704 1.53508 1.93611
2.88732 0.70816 1.70543 -1.73638 1.53466 1.93736
2.88732 0.70816 1.70543 -1.73572 1.53424 1.93862
2.88732 0.70816 1.70543 -1.73505 1.53383 1.93987
2.88732 0.70816 1.70543 -1.73439 1.53341 1.94113
2.88732 0.70816 1.70543 -1.73373 1.533 1.94239
2.88732 0.70816 1.70543 -1.73306 1.53258 1.94364
2.88732 0.70816 1.70543 -1.7324 1.53216 1.9449
2.88732 0.70816 1.70543 -1.73174 1.53175 1.94615
2.88732 0.70816 1.70543 -1.73108 1.53133 1.94741
2.88732 0.70816 1.70543 -1.73041 1.53092 1.94866
2.88732 0.70816 1.70543 -1.72975 1.5305 1.94992
2.88732 0.70816 1.70543 -1.72909 1.53009 1.95117
2.88732 0.70816 1.70543 -1.72842 1.52967 1.95243
2.88732 0.70816 1.70543 -1.72776 1.52925 1.95368
2.88732 0.70816 1.70543 -1.7271 1.52884 1.95494
2.88732 0.70816 1.70543 -1.72644 1.52842 1.95619
2.88732 0.70816 1.70543 -1.72577 1.52801 1.95745
2.88732 0.70816 1.70543 -1.72511 1.52759 1.9587
2.88732 0.70816 1.70543 -1.72445 1.52718 1.95996
2.88732 0.70816 1.70543 -1.72378 1.52676 1.96121
2.88732 0.70816 1.70543 -1.72312 1.52634 1.96247
2.88732 0.70816 1.70543 -1.72246 1.52593 1.96373
2.88732 0.70816 1.70543 -1.7218 1.52551 1.96498
2.88732 0.70816 1.70543 -1.72113 1.5251 1.96624
2.88732 0.70816 1.70543 -1.72047 1.52468 1.96749
2.88732 0.70816 1.70543 -1.71981 1.52427 1.96875
2.88732 0.70816 1.70543 -1.71914 1.52385 1.97
2.88732 0.70816 1.70543 -1.71848 1.52343 1.97126
2.88732 0.70816 1.70543 -1.71782 1.52302 1.97251
2.88732 0.70816 1.70543 -1.71715 1.5226 1.97377
2.88732 0.70816 1.70543 -1.71649 1.52219 1.97502
2.88732 0.70816 1.70543 -1.71583 1.52177 1.97628
2.88732 0.70816 1.70543 -1.71517 1.52136 1.97753
2.88732 0.70816 1.70543 -1.7145 1.52094 1.97879
2.88732 0.70816 1.70543 -1.71384 1.52052 1.98004
2.88732 0.70816 1.70543 -1.71318 1.52011 1.9813
2.88732 0.70816 1.70543 -1.71251 1.51969 1.98255
2.88732 0.70816 1.70543 -1.71185 1.51928 1.98381
2.88732 0.70816 1.70543 -1.71119 1.51886 1.98507
2.88732 0.70816 1.70543 -1.71053 1.51844 1.98632
2.88732 0.70816 1.70543 -1.70986 1.51803 1.98758
2.88732 0.70816 1.70543 -1.7092 1.51761 1.98883
2.88732 0.70816 1.70543 -1.70854 1.5172 1.99009
2.88732 0.70816 1.70543 -1.70787 1.51678 1.99134
2.88732 0.70816 1.70543 -1.70721 1.51637 1.9926
2.88732 0.70816 1.70543 -1.70655 1.51595 1.99385
2.88732 0.70816 1.70543 -1.70589 1.51553 1.99511
2.88732 0.70816 1.70543 -1.70522 1.51512 1.99636
2.88732 0.70816 1.70543 -1.70456 1.5147 1.99762
2.88732 0.70816 1.70543 -1.7039 1.51429 1.99887
2.88732 0.70816 1.70543 -1.70323 1.51387 2.00013
2.88732 0.70816 1.70543 -1.70257 1.51346 2.00138
2.88732 0.70816 1.70543 -1.70191 1.51304 2.00264
2.88732 0.70816 1.70543 -1.70125 1.51262 2.00389
2.88732 0.70816 1.70543 -1.70058 1.51221 2.00515
2.88732 0.70816 1.70543 -1.69992 1.51179 2.00641
2.88732 0.70816 1.70543 -1.69926 1.51138 2.00766
2.88732 0.70816 1.70543 -1.69859 1.51096 2.00892
2.88732 0.70816 1.70543 -1.69793 1.51055 2.01017
2.88732 0.70816 1.70543 -1.69727 1.51013 2.01143
2.88732 0.70816 1.70543 -1.69661 1.50971 2.01268
2.88732 0.70816 1.70543 -1.69594 1.5093 2.01394
2.88732 0.70816 1.70543 -1.69528 1.50888 2.01519
2.88732 0.70816 1.70543 -1.69462 1.50847 2.01645
2.88732 0.70816 1.70543 -1.69395 1.50805 2.0177
2.88732 0.70816 1.70543 -1.69329 1.50763 2.01896
2.88732 0.70816 1.70543 -1.69263 1.50722 2.02021
2.88732 0.70816 1.70543 -1.69197 1.5068 2.02147
2.88732 0.70816 1.70543 -1.6913 1.50639 2.02272
2.88732 0.70816 1.70543 -1.69064 1.50597 2.02398
2.88732 0.70816 1.70543 -1.68998 1.50556 2.02523
2.88732 0.70816 1.70543 -1.68931 1.50514 2.02649
2.88732 0.70816 1.70543 -1.68865 1.50472 2.02775
2.88732 0.70816 1.70543 -1.68799 1.50431 2.029
2.88732 0.70816 1.70543 -1.68732 1.50389 2.03026
2.88732 0.70816 1.70543 -1.68666 1.50348 2.03151
2.88732 0.70816 1.70543 -1.686 1.50306 2.03277
2.88732 0.70816 1.70543 -1.68534 1.50265 2.03402
2.88732 0.70816 1.70543 -1.68467 1.50223 2.03528
2.88732 0.70816 1.70543 -1.68401 1.50181 2.03653
2.88732 0.70816 1.70543 -1.68335 1.5014 2.03779
2.88732 0.70816 1.70543 -1.68268 1.50098 2.03904
2.88732 0.70816 1.70543 -1.68202 1.50057 2.0403
2.88732 0.70816 1.70543 -1.68136 1.50015 2.04155
2.88732 0.70816 1.70543 -1.6807 1.49974 2.04281
2.88732 0.70816 1.70543 -1.68003 1.49932 2.04406
2.88732 0.70816 1.70543 -1.67937 1.4989 2.04532
2.88732 0.70816 1.70543 -1.67871 1.49849 2.04657
2.88732 0.70816 1.70543 -1.67804 1.49807 2.04783
2.88732 0.70816 1.70543 -1.67738 1.49766 2.04909
2.88732 0.70816 1.70543 -1.67672 1.49724 2.05034
2.88732 0.70816 1.70543 -1.67606 1.49683 2.0516
2.88732 0.70816 1.70543 -1.67539 1.49641 2.05285
2.88732 0.70816 1.70543 -1.67473 1.49599 2.05411
2.88732 0.70816 1.70543 -1.67407 1.49558 2.05536
2.88732 0.70816 1.70543 -1.6734 1.49516 2.05662
2.88732 0.70816 1.70543 -1.67274 1.49475 2.05787
2.88732 0.70816 1.70543 -1.67208 1.49433 2.05913
2.88732 0.70816 1.70543 -1.67142 1.49391 2.06038
2.88732 0.70816 1.70543 -1.67075 1.4935 2.06164
2.88732 0.70816 1.70543 -1.67009 1.49308 2.06289
2.88732 0.70816 1.70543 -1.66943 1.49267 2.06415
2.88732 0.70816 1.70543 -1.66876 1.49225 2.0654
2.88732 0.70816 1.70543 -1.6681 1.49184 2.06666
2.88732 0.70816 1.70543 -1.66744 1.49142 2.06791
2.88732 0.70816 1.70543 -1.66678 1.491 2.06917
2.88732 0.70816 1.70543 -1.66611 1.49059 2.07043
2.88732 0.70816 1.70543 -1.66545 1.49017 2.07168
2.88732 0.70816 1.70543 -1.66479 1.48976 2.07294
2.88732 0.70816 1.70543 -1.66412 1.48934 2.07419
2.88732 0.70816 1.70543 -1.66346 1.48893 2.07545
2.88732 0.70816 1.70543 -1.6628 1.48851 2.0767
2.88732 0.70816 1.70543 -1.66214 1.48809 2.07796
2.88732 0.70816 1.70543 -1.66147 1.48768 2.07921
2.88732 0.70816 1.70543 -1.66081 1.48726 2.08047
2.88732 0.70816 1.70543 -1.66015 1.48685 2.08172
2.88732 0.70816 1.70543 -1.65948 1.48643 2.08298
2.88732 0.70816 1.70543 -1.65882 1.48602 2.08423
2.88732 0.70816 1.70543 -1.65816 1.4856 2.08549
2.88732 0.70816 1.70543 -1.65749 1.48518 2.08674
2.88732 0.70816 1.70543 -1.65683 1.48477 2.088
2.88732 0.70816 1.70543 -1.65617 1.48435 2.08925
2.88732 0.70816 1.70543 -1.65551 1.48394 2.09051
2.88732 0.70816 1.70543 -1.65484 1.48352 2.09177
2.88732 0.70816 1.70543 -1.65418 1.4831 2.09302
2.88732 0.70816 1.70543 -1.65352 1.48269 2.09428
2.88732 0.70816 1.70543 -1.65285 1.48227 2.09553
2.88732 0.70816 1.70543 -1.65219 1.48186 2.09679
2.88732 0.70816 1.70543 -1.65153 1.48144 2.09804
2.88732 0.70816 1.70543 -1.65087 1.48103 2.0993
2.88732 0.70816 1.70543 -1.6502 1.48061 2.10055
2.88732 0.70816 1.70543 -1.64954 1.48019 2.10181
2.88732 0.70816 1.70543 -1.64888 1.47978 2.10306
2.88732 0.70816 1.70543 -1.64821 1.47936 2.10432
2.88732 0.70816 1.70543 -1.64755 1.47895 2.10557
2.88732 0.70816 1.70543 -1.64689 1.47853 2.10683
2.88732 0.70816 1.70543 -1.64623 1.47812 2.10808
2.88732 0.70816 1.70543 -1.64556 1.4777 2.10934
2.88732 0.70816 1.70543 -1.6449 1.47728 2.11059
2.88732 0.70816 1.70543 -1.64424 1.47687 2.11185
2.88732 0.70816 1.70543 -1.64357 1.47645 2.11311
2.88732 0.70816 1.70543 -1.64291 1.47604 2.11436
2.88732 0.70816 1.70543 -1.64225 1.47562 2.11562
2.88732 0.70816 1.70543 -1.64159 1.47521 2.11687
2.88732 0.70816 1.70543 -1.64092 1.47479 2.11813
2.88732 0.70816 1.70543 -1.64026 1.47437 2.11938
2.88732 0.70816 1.70543 -1.6396 1.47396 2.12064
2.88732 0.70816 1.70543 -1.63893 1.47354 2.12189
2.88732 0.70816 1.70543 -1.63827 1.47313 2.12315
2.88732 0.70816 1.70543 -1.63761 1.47271 2.1244
2.88732 0.70816 1.70543 -1.63695 1.47229 2.12566
2.88732 0.70816 1.70543 -1.63628 1.47188 2.12691
2.88732 0.70816 1.70543 -1.63562 1.47146 2.12817
2.88732 0.70816 1.70543 -1.63496 1.47105 2.12942
2.88732 0.70816 1.70543 -1.63429 1.47063 2.13068
2.88732 0.70816 1.70543 -1.63363 1.47022 2.13193
2.88732 0.70816 1.70543 -1.63297 1.4698 2.13319
2.88732 0.70816 1.70543 -1.63231 1.46938 2.13445
2.88732 0.70816 1.70543 -1.63164 1.46897 2.1357
2.88732 0.70816 1.70543 -1.63098 1.46855 2.13696
2.88732 0.70816 1.70543 -1.63032 1.46814 2.13821
2.88732 0.70816 1.70543 -1.62965 1.46772 2.13947
2.88732 0.70816 1.70543 -1.62899 1.46731 2.14072
2.88732 0.70816 1.70543 -1.62833 1.46689 2.14198
2.88732 0.70816 1.70543 -1.62766 1.46647 2.14323
2.88732 0.70816 1.70543 -1.627 1.46606 2.14449
2.88732 0.70816 1.70543 -1.62634 1.46564 2.14574
2.88732 0.70816 1.70543 -1.62568 1.46523 2.147
2.88732 0.70816 1.70543 -1.62501 1.46481 2.14825
2.88732 0.70816 1.70543 -1.62435 1.4644 2.14951
2.88732 0.70816 1.70543 -1.62369 1.46398 2.15076
2.88732 0.70816 1.70543 -1.62302 1.46356 2.15202
2.88732 0.70816 1.70543 -1.62236 1.46315 2.15327
2.88732 0.70816 1.70543 -1.6217 1.46273 2.15453
2.88732 0.70816 1.70543 -1.62104 1.46232 2.15579
2.88732 0.70816 1.70543 -1.62037 1.4619 2.15704
2.88732 0.70816 1.70543 -1.61971 1.46149 2.1583
2.88732 0.70816 1.70543 -1.61905 1.46107 2.15955
2.88732 0.70816 1.70543 -1.61838 1.46065 2.16081
2.88732 0.70816 1.70543 -1.61772 1.46024 2.16206
2.88732 0.70816 1.70543 -1.61706 1.45982 2.16332
2.88732 0.70816 1.70543 -1.6164 1.45941 2.16457
2.88732 0.70816 1.70543 -1.61573 1.45899 2.16583
2.88732 0.70816 1.70543 -1.61507 1.45857 2.16708
2.88732 0.70816 1.70543 -1.61441 1.45816 2.16834
2.88732 0.70816 1.70543 -1.61374 1.45774 2.16959
2.88732 0.70816 1.70543 -1.61308 1.45733 2.17085
2.88732 0.70816 1.70543 -1.61242 1.45691 2.1721
2.88732 0.70816 1.70543 -1.61176 1.4565 2.17336
2.88732 0.70816 1.70543 -1.61109 1.45608 2.17461
2.88732 0.70816 1.70543 -1.61043 1.45566 2.17587
2.88732 0.70816 1.70543 -1.60977 1.45525 2.17713
2.88732 0.70816 1.70543 -1.6091 1.45483 2.17838
2.88732 0.70816 1.70543 -1.60844 1.45442 2.17964
2.88732 0.70816 1.70543 -1.60778 1.454 2.18089
2.88732 0.70816 1.70543 -1.60712 1.45359 2.18215
2.88732 0.70816 1.70543 -1.60645 1.45317 2.1834
2.88732 0.70816 1.70543 -1.60579 1.45275 2.18466
2.88732 0.70816 1.70543 -1.60513 1.45234 2.18591
2.88732 0.70816 1.70543 -1.60446 1.45192 2.18717
2.88732 0.70816 1.70543 -1.6038 1.45151 2.18842
2.88732 0.70816 1.70543 -1.60314 1.45109 2.18968
2.88732 0.70816 1.70543 -1.60248 1.45068 2.19093
2.88732 0.70816 1.70543 -1.60181 1.45026 2.19219
2.88732 0.70816 1.70543 -1.60115 1.44984 2.19344
2.88732 0.70816 1.70543 -1.60049 1.44943 2.1947
2.88732 0.70816 1.70543 -1.59982 1.44901 2.19595
2.88732 0.70816 1.70543 -1.59916 1.4486 2.19721
2.88732 0.70816 1.70543 -1.5985 1.44818 2.19847
2.88732 0.70816 1.70543 -1.59783 1.44776 2.19972
2.88732 0.70816 1.70543 -1.59717 1.44735 2.20098
2.88732 0.70816 1.70543 -1.59651 1.44693 2.20223
2.88732 0.70816 1.70543 -1.59585 1.44652 2.20349
2.88732 0.70816 1.70543 -1.59518 1.4461 2.20474
2.88732 0.70816 1.70543 -1.59452 1.44569 2.206
2.88732 0.70816 1.70543 -1.59386 1.44527 2.20725
2.88732 0.70816 1.70543 -1.59319 1.44485 2.20851
2.88732 0.70816 1.70543 -1.59253 1.44444 2.20976
2.88732 0.70816 1.70543 -1.59187 1.44402 2.21102
2.88732 0.70816 1.70543 -1.59121 1.44361 2.21227
2.88732 0.70816 1.70543 -1.59054 1.44319 2.21353
2.88732 0.70816 1.70543 -1.58988 1.44278 2.21478
2.88732 0.70816 1.70543 -1.58922 1.44236 2.21604
2.88732 0.70816 1.70543 -1.58855 1.44194 2.21729
2.88732 0.70816 1.70543 -1.58789 1.44153 2.21855
2.88732 0.70816 1.70543 -1.58723 1.44111 2.21981
2.88732 0.70816 1.70543 -1.58657 1.4407 2.22106
2.88732 0.70816 1.70543 -1.5859 1.44028 2.22232
2.88732 0.70816 1.70543 -1.58524 1.43987 2.22357
2.88732 0.70816 1.70543 -1.58458 1.43945 2.22483
2.88732 0.70816 1.70543 -1.58391 1.43903 2.22608
2.88732 0.70816 1.70543 -1.58325 1.43862 2.22734
2.88732 0.70816 1.70543 -1.58259 1.4382 2.22859
2.88732 0.70816 1.70543 -1.58193 1.43779 2.22985
2.88732 0.70816 1.70543 -1.58126 1.43737 2.2311
2.88732 0.70816 1.70543 -1.5806 1.43696 2.23236
2.88732 0.70816 1.70543 -1.57994 1.43654 2.23361
2.88732 0.70816 1.70543 -1.57927 1.43612 2.23487
2.88732 0.70816 1.70543 -1.57861 1.43571 2.23612
2.88732 0.70816 1.70543 -1.57795 1.43529 2.23738
2.88732 0.70816 1.70543 -1.57729 1.43488 2.23863
2.88732 0.70816 1.70543 -1.57662 1.43446 2.23989
2.88732 0.70816 1.70543 -1.57596 1.43404 2.24115
2.88732 0.70816 1.70543 -1.5753 1.43363 2.2424
2.88732 0.70816 1.70543 -1.57463 1.43321 2.24366
2.88732 0.70816 1.70543 -1.57397 1.4328 2.24491
2.88732 0.70816 1.70543 -1.57331 1.43238 2.24617
2.88732 0.70816 1.70543 -1.57265 1.43197 2.24742
2.88732 0.70816 1.70543 -1.57198 1.43155 2.24868
2.88732 0.70816 1.70543 -1.57132 1.43113 2.24993
2.88732 0.70816 1.70543 -1.57066 1.43072 2.25119
2.88732 0.70816 1.70543 -1.56999 1.4303 2.25244
2.88732 0.70816 1.70543 -1.56933 1.42989 2.2537
2.88732 0.70816 1.70543 -1.56867 1.42947 2.25495
2.88732 0.70816 1.70543 -1.568 1.42906 2.25621
2.88732 0.70816 1.70543 -1.56734 1.42864 2.25746
2.88732 0.70816 1.70543 -1.56668 1.42822 2.25872
2.88732 0.70816 1.70543 -1.56602 1.42781 2.25997
2.88732 0.70816 1.70543 -1.56535 1.42739 2.26123
2.88732 0.70816 1.70543 -1.56469 1.42698 2.26249
2.88732 0.70816 1.70543 -1.56403 1.42656 2.26374
2.88732 0.70816 1.70543 -1.56336 1.42615 2.265
2.88732 0.70816 1.70543 -1.5627 1.42573 2.26625
2.88732 0.70816 1.70543 -1.56204 1.42531 2.26751
2.88732 0.70816 1.70543 -1.56138 1.4249 2.26876
2.88732 0.70816 1.70543 -1.56071 1.42448 2.27002
2.88732 0.70816 1.70543 -1.56005 1.42407 2.27127
2.88732 0.70816 1.70543 -1.55939 1.42365 2.27253
2.88732 0.70816 1.70543 -1.55872 1.42323 2.27378
2.88732 0.70816 1.70543 -1.55806 1.42282 2.27504
2.88732 0.70816 1.70543 -1.5574 1.4224 2.27629
2.88732 0.70816 1.70543 -1.55674 1.42199 2.27755
2.88732 0.70816 1.70543 -1.55607 1.42157 2.2788
2.88732 0.70816 1.70543 -1.55541 1.42116 2.28006
2.88732 0.70816 1.70543 -1.55475 1.42074 2.28131
2.88732 0.70816 1.70543 -1.55408 1.42032 2.28257
2.88732 0.70816 1.70543 -1.55342 1.41991 2.28383
2.88732 0.70816 1.70543 -1.55276 1.41949 2.28508
2.88732 0.70816 1.70543 -1.5521 1.41908 2.28634
2.88732 0.70816 1.70543 -1.55143 1.41866 2.28759
2.88732 0.70816 1.70543 -1.55077 1.41825 2.28885
2.88732 0.70816 1.70543 -1.55011 1.41783 2.2901
2.88732 0.70816 1.70543 -1.54944 1.41741 2.29136
2.88732 0.70816 1.70543 -1.54878 1.417 2.29261
2.88732 0.70816 1.70543 -1.54812 1.41658 2.29387
2.88732 0.70816 1.70543 -1.54746 1.41617 2.29512
2.88732 0.70816 1.70543 -1.54679 1.41575 2.29638
2.88732 0.70816 1.70543 -1.54613 1.41534 2.29763
2.88732 0.70816 1.70543 -1.54547 1.41492 2.29889
2.88732 0.70816 1.70543 -1.5448 1.4145 2.30014
2.88732 0.70816 1.70543 -1.54414 1.41409 2.3014
2.88732 0.70816 1.70543 -1.54348 1.41367 2.30265
2.88732 0.70816 1.70543 -1.54282 1.41326 2.30391
2.88732 0.70816 1.70543 -1.54215 1.41284 2.30517
2.88732 0.70816 1.70543 -1.54149 1.41242 2.30642
2.88732 0.70816 1.70543 -1.54083 1.41201 2.30768
2.88732 0.70816 1.70543 -1.54016 1.41159 2.30893
2.88732 0.70816 1.70543 -1.5395 1.41118 2.31019
2.88732 0.70816 1.70543 -1.53884 1.41076 2.31144
2.88732 0.70816 1.70543 -1.53817 1.41035 2.3127
2.88732 0.70816 1.70543 -1.53751 1.40993 2.31395
2.88732 0.70816 1.70543 -1.53685 1.40951 2.31521
2.88732 0.70816 1.70543 -1.53619 1.4091 2.31646
2.88732 0.70816 1.70543 -1.53552 1.40868 2.31772
2.88732 0.70816 1.70543 -1.53486 1.40827 2.31897
2.88732 0.70816 1.70543 -1.5342 1.40785 2.32023
2.88732 0.70816 1.70543 -1.53353 1.40744 2.32148
2.88732 0.70816 1.70543 -1.53287 1.40702 2.32274
2.88732 0.70816 1.70543 -1.53221 1.4066 2.32399
2.88732 0.70816 1.70543 -1.53155 1.40619 2.32525
2.88732 0.70816 1.70543 -1.53088 1.40577 2.32651
2.88732 0.70816 1.70543 -1.53022 1.40536 2.32776
2.88732 0.70816 1.70543 -1.52956 1.40494 2.32902
2.88732 0.70816 1.70543 -1.52889 1.40453 2.33027
2.88732 0.70816 1.70543 -1.52823 1.40411 2.33153
2.88732 0.70816 1.70543 -1.52757 1.40369 2.33278
2.88732 0.70816 1.70543 -1.52691 1.40328 2.33404
2.88732 0.70816 1.70543 -1.52624 1.40286 2.33529
2.88732 0.70816 1.70543 -1.52558 1.40245 2.33655
2.88732 0.70816 1.70543 -1.52492 1.40203 2.3378
2.88732 0.70816 1.70543 -1.52425 1.40162 2.33906
2.88732 0.70816 1.70543 -1.52359 1.4012 2.34031
2.88732 0.70816 1.70543 -1.52293 1.40078 2.34157
2.88732 0.70816 1.70543 -1.52227 1.40037 2.34282
2.88732 0.70816 1.70543 -1.5216 1.39995 2.34408
2.88732 0.70816 1.70543 -1.52094 1.39954 2.34533
2.88732 0.70816 1.70543 -1.52028 1.39912 2.34659
2.88732 0.70816 1.70543 -1.51961 1.3987 2.34785
2.88732 0.70816 1.70543 -1.51895 1.39829 2.3491
2.88732 0.70816 1.70543 -1.51829 1.39787 2.35036
2.88732 0.70816 1.70543 -1.51763 1.39746 2.35161
2.88732 0.70816 1.70543 -1.51696 1.39704 2.35287
2.88732 0.70816 1.70543 -1.5163 1.39663 2.35412
2.88732 0.70816 1.70543 -1.51564 1.39621 2.35538
2.88732 0.70816 1.70543 -1.51497 1.39579 2.35663
2.88732 0.70816 1.70543 -1.51431 1.39538 2.35789
2.88732 0.70816 1.70543 -1.51365 1.39496 2.35914
2.88732 0.70816 1.70543 -1.51299 1.39455 2.3604
2.88732 0.70816 1.70543 -1.51232 1.39413 2.36165
2.88732 0.70816 1.70543 -1.51166 1.39372 2.36291
2.88732 0.70816 1.70543 -1.511 1.3933 2.36416
2.88732 0.70816 1.70543 -1.51033 1.39288 2.36542
2.88732 0.70816 1.70543 -1.50967 1.39247 2.36667
2.88732 0.70816 1.70543 -1.50901 1.39205 2.36793
2.88732 0.70816 1.70543 -1.50834 1.39164 2.36919
2.88732 0.70816 1.70543 -1.50768 1.39122 2.37044
2.88732 0.70816 1.70543 -1.50702 1.39081 2.3717
2.88732 0.70816 1.70543 -1.50636 1.39039 2.37295
2.88732 0.70816 1.70543 -1.50569 1.38997 2.37421
2.88732 0.70816 1.70543 -1.50503 1.38956 2.37546
2.88732 0.70816 1.70543 -1.50437 1.38914 2.37672
2.88732 0.70816 1.70543 -1.5037 1.38873 2.37797
2.88732 0.70816 1.70543 -1.50304 1.38831 2.37923
2.88732 0.70816 1.70543 -1.50238 1.38789 2.38048
2.88732 0.70816 1.70543 -1.50172 1.38748 2.38174
2.88732 0.70816 1.70543 -1.50105 1.38706 2.38299
2.88732 0.70816 1.70543 -1.50039 1.38665 2.38425
2.88732 0.70816 1.70543 -1.49973 1.38623 2.3855
2.88732 0.70816 1.70543 -1.49906 1.38582 2.38676
2.88732 0.70816 1.70543 -1.4984 1.3854 2.38801
2.88732 0.70816 1.70543 -1.49774 1.38498 2.38927
2.88732 0.70816 1.70543 -1.49708 1.38457 2.39053
2.88732 0.70816 1.70543 -1.49641 1.38415 2.39178
2.88732 0.70816 1.70543 -1.49575 1.38374 2.39304
2.88732 0.70816 1.70543 -1.49509 1.38332 2.39429
2.88732 0.70816 1.70543 -1.49442 1.38291 2.39555
2.88732 0.70816 1.70543 -1.49376 1.38249 2.3968
2.88732 0.70816 1.70543 -1.4931 1.38207 2.39806
2.88732 0.70816 1.70543 -1.49244 1.38166 2.39931
2.88732 0.70816 1.70543 -1.49177 1.38124 2.40057
2.88732 0.70816 1.70543 -1.49111 1.38083 2.40182
2.88732 0.70816 1.70543 -1.49045 1.38041 2.40308
2.88732 0.70816 1.70543 -1.48978 1.38 2.40433
2.88732 0.70816 1.70543 -1.48912 1.37958 2.40559
2.88732 0.70816 1.70543 -1.48846 1.37916 2.40684
2.88732 0.70816 1.70543 -1.4878 1.37875 2.4081
2.88732 0.70816 1.70543 -1.48713 1.37833 2.40935
2.88732 0.70816 1.70543 -1.48647 1.37792 2.41061
2.88732 0.70816 1.70543 -1.48581 1.3775 2.41187
2.88732 0.70816 1.70543 -1.48514 1.37709 2.41312
2.88732 0.70816 1.70543 -1.48448 1.37667 2.41438
2.88732 0.70816 1.70543 -1.48382 1.37625 2.41563
2.88732 0.70816 1.70543 -1.48316 1.37584 2.41689
2.88732 0.70816 1.70543 -1.48249 1.37542 2.41814
2.88732 0.70816 1.70543 -1.48183 1.37501 2.4194
2.88732 0.70816 1.70543 -1.48117 1.37459 2.42065
2.88732 0.70816 1.70543 -1.4805 1.37417 2.42191
2.88732 0.70816 1.70543 -1.47984 1.37376 2.42316
2.88732 0.70816 1.70543 -1.47918 1.37334 2.42442
2.88732 0.70816 1.70543 -1.47851 1.37293 2.42567
2.88732 0.70816 1.70543 -1.47785 1.37251 2.42693
2.88732 0.70816 1.70543 -1.47719 1.3721 2.42818
2.88732 0.70816 1.70543 -1.47653 1.37168 2.42944
2.88732 0.70816 1.70543 -1.47586 1.37126 2.43069
2.88732 0.70816 1.70543 -1.4752 1.37085 2.43195
2.88732 0.70816 1.70543 -1.47454 1.37043 2.43321
2.88732 0.70816 1.70543 -1.47387 1.37002 2.43446
2.88732 0.70816 1.70543 -1.47321 1.3696 2.43572
2.88732 0.70816 1.70543 -1.47255 1.36919 2.43697
2.88732 0.70816 1.70543 -1.47189 1.36877 2.43823
2.88732 0.70816 1.70543 -1.47122 1.36835 2.43948
2.88732 0.70816 1.70543 -1.47056 1.36794 2.44074
2.88732 0.70816 1.70543 -1.4699 1.36752 2.44199
2.88732 0.70816 1.70543 -1.46923 1.36711 2.44325
2.88732 0.70816 1.70543 -1.46857 1.36669 2.4445
2.88732 0.70816 1.70543 -1.46791 1.36628 2.44576
2.88732 0.70816 1.70543 -1.46725 1.36586 2.44701
2.88732 0.70816 1.70543 -1.46658 1.36544 2.44827
2.88732 0.70816 1.70543 -1.46592 1.36503 2.44952
2.88732 0.70816 1.70543 -1.46526 1.36461 2.45078
2.88732 0.70816 1.70543 -1.46459 1.3642 2.45203
2.88732 0.70816 1.70543 -1.46393 1.36378 2.45329
2.88732 0.70816 1.70543 -1.46327 1.36336 2.45455
2.88732 0.70816 1.70543 -1.46261 1.36295 2.4558
2.88732 0.70816 1.70543 -1.46194 1.36253 2.45706
2.88732 0.70816 1.70543 -1.46128 1.36212 2.45831
2.88732 0.70816 1.70543 -1.46062 1.3617 2.45957
2.88732 0.70816 1.70543 -1.45995 1.36129 2.46082
2.88732 0.70816 1.70543 -1.45929 1.36087 2.46208
2.88732 0.70816 1.70543 -1.45863 1.36045 2.46333
2.88732 0.70816 1.70543 -1.45797 1.36004 2.46459
2.88732 0.70816 1.70543 -1.4573 1.35962 2.46584
2.88732 0.70816 1.70543 -1.45664 1.35921 2.4671
2.88732 0.70816 1.70543 -1.45598 1.35879 2.46835
2.88732 0.70816 1.70543 -1.45531 1.35838 2.46961
2.88732 0.70816 1.70543 -1.45465 1.35796 2.47086
2.88732 0.70816 1.70543 -1.45399 1.35754 2.47212
2.88732 0.70816 1.70543 -1.45333 1.35713 2.47337
2.88732 0.70816 1.70543 -1.45266 1.35671 2.47463
2.88732 0.70816 1.70543 -1.452 1.3563 2.47589
2.88732 0.70816 1.70543 -1.45134 1.35588 2.47714
2.88732 0.70816 1.70543 -1.45067 1.35547 2.4784
2.88732 0.70816 1.70543 -1.45001 1.35505 2.47965
2.88732 0.70816 1.70543 -1.44935 1.35463 2.48091
2.88732 0.70816 1.70543 -1.44868 1.35422 2.48216
2.88732 0.70816 1.70543 -1.44802 1.3538 2.48342
2.88732 0.70816 1.70543 -1.44736 1.35339 2.48467
2.88732 0.70816 1.70543 -1.4467 1.35297 2.48593
2.88732 0.70816 1.70543 -1.44603 1.35256 2.48718
2.88732 0.70816 1.70543 -1.44537 1.35214 2.48844
2.88732 0.70816 1.70543 -1.44471 1.35172 2.48969
2.88732 0.70816 1.70543 -1.44404 1.35131 2.49095
2.88732 0.70816 1.70543 -1.44338 1.35089 2.4922
2.88732 0.70816 1.70543 -1.44272 1.35048 2.49346
2.88732 0.70816 1.70543 -1.44206 1.35006 2.49471
2.88732 0.70816 1.70543 -1.44139 1.34964 2.49597
2.88732 0.70816 1.70543 -1.44073 1.34923 2.49723
2.88732 0.70816 1.70543 -1.44007 1.34881 2.49848
2.88732 0.70816 1.70543 -1.4394 1.3484 2.49974
2.88732 0.70816 1.70543 -1.43874 1.34798 2.50099
2.88732 0.70816 1.70543 -1.43808 1.34757 2.50225
2.88732 0.70816 1.70543 -1.43742 1.34715 2.5035
2.88732 0.70816 1.70543 -1.43675 1.34673 2.50476
2.88732 0.70816 1.70543 -1.43609 1.34632 2.50601
2.88732 0.70816 1.70543 -1.43543 1.3459 2.50727
2.88732 0.70816 1.70543 -1.43476 1.34549 2.50852
2.88732 0.70816 1.70543 -1.4341 1.34507 2.50978
2.88732 0.70816 1.70543 -1.43344 1.34466 2.51103
2.88732 0.70816 1.70543 -1.43278 1.34424 2.51229
2.88732 0.70816 1.70543 -1.43211 1.34382 2.51354
2.88732 0.70816 1.70543 -1.43145 1.34341 2.5148
2.88732 0.70816 1.70543 -1.43079 1.34299 2.51605
2.88732 0.70816 1.70543 -1.43012 1.34258 2.51731
2.88732 0.70816 1.70543 -1.42946 1.34216 2.51857
2.88732 0.70816 1.70543 -1.4288 1.34175 2.51982
2.88732 0.70816 1.70543 -1.42814 1.34133 2.52108
2.88732 0.70816 1.70543 -1.42747 1.34091 2.52233
2.88732 0.70816 1.70543 -1.42681 1.3405 2.52359
2.88732 0.70816 1.70543 -1.42615 1.34008 2.52484
2.88732 0.70816 1.70543 -1.42548 1.33967 2.5261
2.88732 0.70816 1.70543 -1.42482 1.33925 2.52735
2.88732 0.70816 1.70543 -1.42416 1.33883 2.52861
2.88732 0.70816 1.70543 -1.4235 1.33842 2.52986
2.88732 0.70816 1.70543 -1.42283 1.338 2.53112
2.88732 0.70816 1.70543 -1.42217 1.33759 2.53237
2.88732 0.70816 1.70543 -1.42151 1.33717 2.53363
2.88732 0.70816 1.70543 -1.42084 1.33676 2.53488
2.88732 0.70816 1.70543 -1.42018 1.33634 2.53614
2.88732 0.70816 1.70543 -1.41952 1.33592 2.53739
2.88732 0.70816 1.70543 -1.41885 1.33551 2.53865
2.88732 0.70816 1.70543 -1.41819 1.33509 2.53991
2.88732 0.70816 1.70543 -1.41753 1.33468 2.54116
2.88732 0.70816 1.70543 -1.41687 1.33426 2.54242
2.88732 0.70816 1.70543 -1.4162 1.33385 2.54367
2.88732 0.70816 1.70543 -1.41554 1.33343 2.54493
2.88732 0.70816 1.70543 -1.41488 1.33301 2.54618
2.88732 0.70816 1.70543 -1.41421 1.3326 2.54744
2.88732 0.70816 1.70543 -1.41355 1.33218 2.54869
2.88732 0.70816 1.70543 -1.41289 1.33177 2.54995
2.88732 0.70816 1.70543 -1.41223 1.33135 2.5512
2.88732 0.70816 1.70543 -1.41156 1.33094 2.55246
2.88732 0.70816 1.70543 -1.4109 1.33052 2.55371
2.88732 0.70816 1.70543 -1.41024 1.3301 2.55497
2.88732 0.70816 1.70543 -1.40957 1.32969 2.55622
2.88732 0.70816 1.70543 -1.40891 1.32927 2.55748
2.88732 0.70816 1.70543 -1.40825 1.32886 2.55873
2.88732 0.70816 1.70543 -1.40759 1.32844 2.55999
2.88732 0.70816 1.70543 -1.40692 1.32802 2.56125
2.88732 0.70816 1.70543 -1.40626 1.32761 2.5625
2.88732 0.70816 1.70543 -1.4056 1.32719 2.56376
2.88732 0.70816 1.70543 -1.40493 1.32678 2.56501
2.88732 0.70816 1.70543 -1.40427 1.32636 2.56627
2.88732 0.70816 1.70543 -1.40361 1.32595 2.56752
2.88732 0.70816 1.70543 -1.40295 1.32553 2.56878
2.88732 0.70816 1.70543 -1.40228 1.32511 2.57003
2.88732 0.70816 1.70543 -1.40162 1.3247 2.57129
2.88732 0.70816 1.70543 -1.40096 1.32428 2.57254
2.88732 0.70816 1.70543 -1.40029 1.32387 2.5738
2.88732 0.70816 1.70543 -1.39963 1.32345 2.57505
2.88732 0.70816 1.70543 -1.39897 1.32304 2.57631
2.88732 0.70816 1.70543 -1.39831 1.32262 2.57756
2.88732 0.70816 1.70543 -1.39764 1.3222 2.57882
2.88732 0.70816 1.70543 -1.39698 1.32179 2.58007
2.88732 0.70816 1.70543 -1.39632 1.32137 2.58133
2.88732 0.70816 1.70543 -1.39565 1.32096 2.58259
2.88732 0.70816 1.70543 -1.39499 1.32054 2.58384
2.88732 0.70816 1.70543 -1.39433 1.32013 2.5851
2.88732 0.70816 1.70543 -1.39367 1.31971 2.58635
2.88732 0.70816 1.70543 -1.393 1.31929 2.58761
2.88732 0.70816 1.70543 -1.39234 1.31888 2.58886
2.88732 0.70816 1.70543 -1.39168 1.31846 2.59012
2.88732 0.70816 1.70543 -1.39101 1.31805 2.59137
2.88732 0.70816 1.70543 -1.39035 1.31763 2.59263
2.88732 0.70816 1.70543 -1.38969 1.31722 2.59388
2.88732 0.70816 1.70543 -1.38902 1.3168 2.59514
2.88732 0.70816 1.70543 -1.38836 1.31638 2.59639
2.88732 0.70816 1.70543 -1.3877 1.31597 2.59765
2.88732 0.70816 1.70543 -1.38704 1.31555 2.5989
2.88732 0.70816 1.70543 -1.38637 1.31514 2.60016
2.88732 0.70816 1.70543 -1.38571 1.31472 2.60141
2.88732 0.70816 1.70543 -1.38505 1.3143 2.60267
2.88732 0.70816 1.70543 -1.38438 1.31389 2.60393
2.88732 0.70816 1.70543 -1.38372 1.31347 2.60518
2.88732 0.70816 1.70543 -1.38306 1.31306 2.60644
2.88732 0.70816 1.70543 -1.3824 1.31264 2.60769
2.88732 0.70816 1.70543 -1.38173 1.31223 2.60895
2.88732 0.70816 1.70543 -1.38107 1.31181 2.6102
2.88732 0.70816 1.70543 -1.38041 1.31139 2.61146
2.88732 0.70816 1.70543 -1.37974 1.31098 2.61271
2.88732 0.70816 1.70543 -1.37908 1.31056 2.61397
2.88732 0.70816 1.70543 -1.37842 1.31015 2.61522
2.88732 0.70816 1.70543 -1.37776 1.30973 2.61648
2.88732 0.70816 1.70543 -1.37709 1.30932 2.61773
2.88732 0.70816 1.70543 -1.37643 1.3089 2.61899
2.88732 0.70816 1.70543 -1.37577 1.30848 2.62024
2.88732 0.70816 1.70543 -1.3751 1.30807 2.6215
2.88732 0.70816 1.70543 -1.37444 1.30765 2.62275
2.88732 0.70816 1.70543 -1.37378 1.30724 2.62401
2.88732 0.70816 1.70543 -1.37312 1.30682 2.62527
2.88732 0.70816 1.70543 -1.37245 1.30641 2.62652
2.88732 0.70816 1.70543 -1.37179 1.30599 2.62778
2.88732 0.70816 1.70543 -1.37113 1.30557 2.62903
2.88732 0.70816 1.70543 -1.37046 1.30516 2.63029
2.88732 0.70816 1.70543 -1.3698 1.30474 2.63154
2.88732 0.70816 1.70543 -1.36914 1.30433 2.6328
2.88732 0.70816 1.70543 -1.36848 1.30391 2.63405
2.88732 0.70816 1.70543 -1.36781 1.30349 2.63531
2.88732 0.70816 1.70543 -1.36715 1.30308 2.63656
2.88732 0.70816 1.70543 -1.36649 1.30266 2.63782
2.88732 0.70816 1.70543 -1.36582 1.30225 2.63907
2.88732 0.70816 1.70543 -1.36516 1.30183 2.64033
2.88732 0.70816 1.70543 -1.3645 1.30142 2.64158
2.88732 0.70816 1.70543 -1.36384 1.301 2.64284
2.88732 0.70816 1.70543 -1.36317 1.30058 2.64409
2.88732 0.70816 1.70543 -1.36251 1.30017 2.64535
2.88732 0.70816 1.70543 -1.36185 1.29975 2.64661
2.88732 0.70816 1.70543 -1.36118 1.29934 2.64786
2.88732 0.70816 1.70543 -1.36052 1.29892 2.64912
2.88732 0.70816 1.70543 -1.35986 1.29851 2.65037
2.88732 0.70816 1.70543 -1.35919 1.29809 2.65163
2.88732 0.70816 1.70543 -1.35853 1.29767 2.65288
2.88732 0.70816 1.70543 -1.35787 1.29726 2.65414
2.88732 0.70816 1.70543 -1.35721 1.29684 2.65539
2.88732 0.70816 1.70543 -1.35654 1.29643 2.65665
2.88732 0.70816 1.70543 -1.35588 1.29601 2.6579
2.88732 0.70816 1.70543 -1.35522 1.2956 2.65916
2.88732 0.70816 1.70543 -1.35455 1.29518 2.66041
2.88732 0.70816 1.70543 -1.35389 1.29476 2.66167
2.88732 0.70816 1.70543 -1.35323 1.29435 2.66292
2.88732 0.70816 1.70543 -1.35257 1.29393 2.66418
2.88732 0.70816 1.70543 -1.3519 1.29352 2.66543
2.88732 0.70816 1.70543 -1.35124 1.2931 2.66669
2.88732 0.70816 1.70543 -1.35058 1.29269 2.66795
2.88732 0.70816 1.70543 -1.34991 1.29227 2.6692
2.88732 0.70816 1.70543 -1.34925 1.29185 2.67046
2.88732 0.70816 1.70543 -1.34859 1.29144 2.67171
2.88732 0.70816 1.70543 -1.34793 1.29102 2.67297
2.88732 0.70816 1.70543 -1.34726 1.29061 2.67422
2.88732 0.70816 1.70543 -1.3466 1.29019 2.67548
2.88732 0.70816 1.70543 -1.34594 1.28977 2.67673
2.88732 0.70816 1.70543 -1.34527 1.28936 2.67799
2.88732 0.70816 1.70543 -1.34461 1.28894 2.67924
2.88732 0.70816 1.70543 -1.34395 1.28853 2.6805
2.88732 0.70816 1.70543 -1.34329 1.28811 2.68175
2.88732 0.70816 1.70543 -1.34262 1.2877 2.68301
2.88732 0.70816 1.70543 -1.34196 1.28728 2.68426
2.88732 0.70816 1.70543 -1.3413 1.28686 2.68552
2.88732 0.70816 1.70543 -1.34063 1.28645 2.68677
2.88732 0.70816 1.70543 -1.33997 1.28603 2.68803
2.88732 0.70816 1.70543 -1.33931 1.28562 2.68929
2.88732 0.70816 1.70543 -1.33865 1.2852 2.69054
2.88732 0.70816 1.70543 -1.33798 1.28479 2.6918
2.88732 0.70816 1.70543 -1.33732 1.28437 2.69305
2.88732 0.70816 1.70543 -1.33666 1.28395 2.69431
2.88732 0.70816 1.70543 -1.33599 1.28354 2.69556
2.88732 0.70816 1.70543 -1.33533 1.28312 2.69682
2.88732 0.70816 1.70543 -1.33467 1.28271 2.69807
2.88732 0.70816 1.70543 -1.33401 1.28229 2.69933
2.88732 0.70816 1.70543 -1.33334 1.28188 2.70058
2.88732 0.70816 1.70543 -1.33268 1.28146 2.70184
2.88732 0.70816 1.70543 -1.33202 1.28104 2.70309
2.88732 0.70816 1.70543 -1.33135 1.28063 2.70435
2.88732 0.70816 1.70543 -1.33069 1.28021 2.7056
2.88732 0.70816 1.70543 -1.33003 1.2798 2.70686
2.88732 0.70816 1.70543 -1.32937 1.27938 2.70811
2.88732 0.70816 1.70543 -1.3287 1.27896 2.70937
2.88732 0.70816 1.70543 -1.32804 1.27855 2.71063
2.88732 0.70816 1.70543 -1.32738 1.27813 2.71188
2.88732 0.70816 1.70543 -1.32671 1.27772 2.71314
2.88732 0.70816 1.70543 -1.32605 1.2773 2.71439
2.88732 0.70816 1.70543 -1.32539 1.27689 2.71565
2.88732 0.70816 1.70543 -1.32472 1.27647 2.7169
2.88732 0.70816 1.70543 -1.32406 1.27605 2.71816
2.88732 0.70816 1.70543 -1.3234 1.27564 2.71941
2.88732 0.70816 1.70543 -1.32274 1.27522 2.72067
2.88732 0.70816 1.70543 -1.32207 1.27481 2.72192
2.88732 0.70816 1.70543 -1.32141 1.27439 2.72318
2.88732 0.70816 1.70543 -1.32075 1.27398 2.72443
2.88732 0.70816 1.70543 -1.32008 1.27356 2.72569
2.88732 0.70816 1.70543 -1.31942 1.27314 2.72694
2.88732 0.70816 1.70543 -1.31876 1.27273 2.7282
2.88732 0.70816 1.70543 -1.3181 1.27231 2.72945
2.88732 0.70816 1.70543 -1.31743 1.2719 2.73071
2.88732 0.70816 1.70543 -1.31677 1.27148 2.73196
2.88732 0.70816 1.70543 -1.31611 1.27107 2.73322
2.88732 0.70816 1.70543 -1.31544 1.27065 2.73448
2.88732 0.70816 1.70543 -1.31478 1.27023 2.73573
2.88732 0.70816 1.70543 -1.31412 1.26982 2.73699
2.88732 0.70816 1.70543 -1.31346 1.2694 2.73824
2.88732 0.70816 1.70543 -1.31279 1.26899 2.7395
2.88732 0.70816 1.70543 -1.31213 1.26857 2.74075
2.88732 0.70816 1.70543 -1.31147 1.26815 2.74201
2.88732 0.70816 1.70543 -1.3108 1.26774 2.74326
2.88732 0.70816 1.70543 -1.31014 1.26732 2.74452
2.88732 0.70816 1.70543 -1.30948 1.26691 2.74577
2.88732 0.70816 1.70543 -1.30882 1.26649 2.74703
2.88732 0.70816 1.70543 -1.30815 1.26608 2.74828
2.88732 0.70816 1.70543 -1.30749 1.26566 2.74954
2.88732 0.70816 1.70543 -1.30683 1.26524 2.75079
2.88732 0.70816 1.70543 -1.30616 1.26483 2.75205
2.88732 0.70816 1.70543 -1.3055 1.26441 2.7533
2.88732 0.70816 1.70543 -1.30484 1.264 2.75456
2.88732 0.70816 1.70543 -1.30418 1.26358 2.75582
2.88732 0.70816 1.70543 -1.30351 1.26317 2.75707
2.88732 0.70816 1.70543 -1.30285 1.26275 2.75833
2.88732 0.70816 1.70543 -1.30219 1.26233 2.75958
2.88732 0.70816 1.70543 -1.30152 1.26192 2.76084
2.88732 0.70816 1.70543 -1.30086 1.2615 2.76209
2.88732 0.70816 1.70543 -1.3002 1.26109 2.76335
2.88732 0.70816 1.70543 -1.29954 1.26067 2.7646
2.88732 0.70816 1.70543 -1.29887 1.26026 2.76586
2.88732 0.70816 1.70543 -1.29821 1.25984 2.76711
2.88732 0.70816 1.70543 -1.29755 1.25942 2.76837
2.88732 0.70816 1.70543 -1.29688 1.25901 2.76962
2.88732 0.70816 1.70543 -1.29622 1.25859 2.77088
2.88732 0.70816 1.70543 -1.29556 1.25818 2.77213
2.88732 0.70816 1.70543 -1.29489 1.25776 2.77339
2.88732 0.70816 1.70543 -1.29423 1.25735 2.77464
2.88732 0.70816 1.70543 -1.29357 1.25693 2.7759
2.88732 0.70816 1.70543 -1.29291 1.25651 2.77716
2.88732 0.70816 1.70543 -1.29224 1.2561 2.77841
2.88732 0.70816 1.70543 -1.29158 1.25568 2.77967
2.88732 0.70816 1.70543 -1.29092 1.25527 2.78092
2.88732 0.70816 1.70543 -1.29025 1.25485 2.78218
2.88732 0.70816 1.70543 -1.28959 1.25443 2.78343
2.88732 0.70816 1.70543 -1.28893 1.25402 2.78469
2.88732 0.70816 1.70543 -1.28827 1.2536 2.78594
2.88732 0.70816 1.70543 -1.2876 1.25319 2.7872
2.88732 0.70816 1.70543 -1.28694 1.25277 2.78845
2.88732 0.70816 1.70543 -1.28628 1.25236 2.78971
2.88732 0.70816 1.70543 -1.28561 1.25194 2.79096
2.88732 0.70816 1.70543 -1.28495 1.25152 2.79222
2.88732 0.70816 1.70543 -1.28429 1.25111 2.79347
2.88732 0.70816 1.70543 -1.28363 1.25069 2.79473
2.88732 0.70816 1.70543 -1.28296 1.25028 2.79598
2.88732 0.70816 1.70543 -1.2823 1.24986 2.79724
2.88732 0.70816 1.70543 -1.28164 1.24945 2.7985
2.88732 0.70816 1.70543 -1.28097 1.24903 2.79975
2.88732 0.70816 1.70543 -1.28031 1.24861 2.80101
2.88732 0.70816 1.70543 -1.27965 1.2482 2.80226
2.88732 0.70816 1.70543 -1.27899 1.24778 2.80352
2.88732 0.70816 1.70543 -1.27832 1.24737 2.80477
2.88732 0.70816 1.70543 -1.27766 1.24695 2.80603
2.88732 0.70816 1.70543 -1.277 1.24654 2.80728
2.88732 0.70816 1.70543 -1.27633 1.24612 2.80854
2.88732 0.70816 1.70543 -1.27567 1.2457 2.80979
2.88732 0.70816 1.70543 -1.27501 1.24529 2.81105
2.88732 0.70816 1.70543 -1.27435 1.24487 2.8123
2.88732 0.70816 1.70543 -1.27368 1.24446 2.81356
2.88732 0.70816 1.70543 -1.27302 1.24404 2.81481
2.88732 0.70816 1.70543 -1.27236 1.24362 2.81607
2.88732 0.70816 1.70543 -1.27169 1.24321 2.81732
2.88732 0.70816 1.70543 -1.27103 1.24279 2.81858
2.88732 0.70816 1.70543 -1.27037 1.24238 2.81984
2.88732 0.70816 1.70543 -1.26971 1.24196 2.82109
2.88732 0.70816 1.70543 -1.26904 1.24155 2.82235
2.88732 0.70816 1.70543 -1.26838 1.24113 2.8236
2.88732 0.70816 1.70543 -1.26772 1.24071 2.82486
2.88732 0.70816 1.70543 -1.26705 1.2403 2.82611
2.88732 0.70816 1.70543 -1.26639 1.23988 2.82737
2.88732 0.70816 1.70543 -1.26573 1.23947 2.82862
2.88732 0.70816 1.70543 -1.26506 1.23905 2.82988
2.88732 0.70816 1.70543 -1.2644 1.23864 2.83113
2.88732 0.70816 1.70543 -1.26374 1.23822 2.83239
2.88732 0.70816 1.70543 -1.26308 1.2378 2.83364
2.88732 0.70816 1.70543 -1.26241 1.23739 2.8349
2.88732 0.70816 1.70543 -1.26175 1.23697 2.83615
2.88732 0.70816 1.70543 -1.26109 1.23656 2.83741
2.88732 0.70816 1.70543 -1.26042 1.23614 2.83866
2.88732 0.70816 1.70543 -1.25976 1.23573 2.83992
2.88732 0.70816 1.70543 -1.2591 1.23531 2.84118
2.88732 0.70816 1.70543 -1.25844 1.23489 2.84243
2.88732 0.70816 1.70543 -1.25777 1.23448 2.84369
2.88732 0.70816 1.70543 -1.25711 1.23406 2.84494
2.88732 0.70816 1.70543 -1.25645 1.23365 2.8462
2.88732 0.70816 1.70543 -1.25578 1.23323 2.84745
2.88732 0.70816 1.70543 -1.25512 1.23282 2.84871
2.88732 0.70816 1.70543 -1.25446 1.2324 2.84996
2.88732 0.70816 1.70543 -1.2538 1.23198 2.85122
2.88732 0.70816 1.70543 -1.25313 1.23157 2.85247
2.88732 0.70816 1.70543 -1.25247 1.23115 2.85373
2.88732 0.70816 1.70543 -1.25181 1.23074 2.85498
2.88732 0.70816 1.70543 -1.25114 1.23032 2.85624
2.88732 0.70816 1.70543 -1.25048 1.2299 2.85749
2.88732 0.70816 1.70543 -1.24982 1.22949 2.85875
2.88732 0.70816 1.70543 -1.24916 1.22907 2.86
2.88732 0.70816 1.70543 -1.24849 1.22866 2.86126
2.88732 0.70816 1.70543 -1.24783 1.22824 2.86252
2.88732 0.70816 1.70543 -1.24717 1.22783 2.86377
2.88732 0.70816 1.70543 -1.2465 1.22741 2.86503
2.88732 0.70816 1.70543 -1.24584 1.22699 2.86628
2.88732 0.70816 1.70543 -1.24518 1.22658 2.86754
2.88732 0.70816 1.70543 -1.24452 1.22616 2.86879
2.88732 0.70816 1.70543 -1.24385 1.22575 2.87005
2.88732 0.70816 1.70543 -1.24319 1.22533 2.8713
2.88732 0.70816 1.70543 -1.24253 1.22492 2.87256
2.88732 0.70816 1.70543 -1.24186 1.2245 2.87381
2.88732 0.70816 1.70543 -1.2412 1.22408 2.87507
2.88732 0.70816 1.70543 -1.24054 1.22367 2.87632
2.88732 0.70816 1.70543 -1.23988 1.22325 2.87758
2.88732 0.70816 1.70543 -1.23921 1.22284 2.87883
2.88732 0.70816 1.70543 -1.23855 1.22242 2.88009
2.88732 0.70816 1.70543 -1.23789 1.22201 2.88134
2.88732 0.70816 1.70543 -1.23722 1.22159 2.8826
2.88732 0.70816 1.70543 -1.23656 1.22117 2.88386
2.88732 0.70816 1.70543 -1.2359 1.22076 2.88511
2.88732 0.70816 1.70543 -1.23523 1.22034 2.88637
2.88732 0.70816 1.70543 -1.23457 1.21993 2.88762
2.88732 0.70816 1.70543 -1.23391 1.21951 2.88888
2.88732 0.70816 1.70543 -1.23325 1.21909 2.89013
2.88732 0.70816 1.70543 -1.23258 1.21868 2.89139
2.88732 0.70816 1.70543 -1.23192 1.21826 2.89264
2.88732 0.70816 1.70543 -1.23126 1.21785 2.8939
2.88732 0.70816 1.70543 -1.23059 1.21743 2.89515
2.88732 0.70816 1.70543 -1.22993 1.21702 2.89641
2.88732 0.70816 1.70543 -1.22927 1.2166 2.89766
2.88732 0.70816 1.70543 -1.22861 1.21618 2.89892
2.88732 0.70816 1.70543 -1.22794 1.21577 2.90017
2.88732 0.70816 1.70543 -1.22728 1.21535 2.90143
2.88732 0.70816 1.70543 -1.22662 1.21494 2.90268
2.88732 0.70816 1.70543 -1.22595 1.21452 2.90394
2.88732 0.70816 1.70543 -1.22529 1.21411 2.9052
2.88732 0.70816 1.70543 -1.22463 1.21369 2.90645
2.88732 0.70816 1.70543 -1.22397 1.21327 2.90771
2.88732 0.70816 1.70543 -1.2233 1.21286 2.90896
2.88732 0.70816 1.70543 -1.22264 1.21244 2.91022
2.88732 0.70816 1.70543 -1.22198 1.21203 2.91147
2.88732 0.70816 1.70543 -1.22131 1.21161 2.91273
2.88732 0.70816 1.70543 -1.22065 1.2112 2.91398
2.88732 0.70816 1.70543 -1.21999 1.21078 2.91524
2.88732 0.70816 1.70543 -1.21933 1.21036 2.91649
2.88732 0.70816 1.70543 -1.21866 1.20995 2.91775
2.88732 0.70816 1.70543 -1.218 1.20953 2.919
2.88732 0.70816 1.70543 -1.21734 1.20912 2.92026
2.88732 0.70816 1.70543 -1.21667 1.2087 2.92151
2.88732 0.70816 1.70543 -1.21601 1.20829 2.92277
2.88732 0.70816 1.70543 -1.21535 1.20787 2.92402
2.88732 0.70816 1.70543 -1.21469 1.20745 2.92528
2.88732 0.70816 1.70543 -1.21402 1.20704 2.92654
2.88732 0.70816 1.70543 -1.21336 1.20662 2.92779
2.88732 0.70816 1.70543 -1.2127 1.20621 2.92905
2.88732 0.70816 1.70543 -1.21203 1.20579 2.9303
2.88732 0.70816 1.70543 -1.21137 1.20537 2.93156
2.88732 0.70816 1.70543 -1.21071 1.20496 2.93281
2.88732 0.70816 1.70543 -1.21005 1.20454 2.93407
2.88732 0.70816 1.70543 -1.20938 1.20413 2.93532
2.88732 0.70816 1.70543 -1.20872 1.20371 2.93658
2.88732 0.70816 1.70543 -1.20806 1.2033 2.93783
2.88732 0.70816 1.70543 -1.20739 1.20288 2.93909
2.88732 0.70816 1.70543 -1.20673 1.20246 2.94034
2.88732 0.70816 1.70543 -1.20607 1.20205 2.9416
2.88732 0.70816 1.70543 -1.2054 1.20163 2.94285
2.88732 0.70816 1.70543 -1.20474 1.20122 2.94411
2.88732 0.70816 1.70543 -1.20408 1.2008 2.94536
2.88732 0.70816 1.70543 -1.20342 1.20039 2.94662
2.88732 0.70816 1.70543 -1.20275 1.19997 2.94788
2.88732 0.70816 1.70543 -1.20209 1.19955 2.94913
2.88732 0.70816 1.70543 -1.20143 1.19914 2.95039
2.88732 0.70816 1.70543 -1.20076 1.19872 2.95164
2.88732 0.70816 1.70543 -1.2001 1.19831 2.9529
2.88732 0.70816 1.70543 -1.19944 1.19789 2.95415
2.88732 0.70816 1.70543 -1.19878 1.19748 2.95541
2.88732 0.70816 1.70543 -1.19811 1.19706 2.95666
2.88732 0.70816 1.70543 -1.19745 1.19664 2.95792
2.88732 0.70816 1.70543 -1.19679 1.19623 2.95917
2.88732 0.70816 1.70543 -1.19612 1.19581 2.96043
