-2.47634 1.84471 -1.27639 2.13472 1.89973 1.09856
-2.47788 1.84561 -1.27419 2.13472 1.89973 1.09856
-2.47942 1.84652 -1.27199 2.13472 1.89973 1.09856
-2.48096 1.84742 -1.26978 2.13472 1.89973 1.09856
-2.4825 1.84833 -1.26758 2.13472 1.89973 1.09856
-2.48404 1.84923 -1.26538 2.13472 1.89973 1.09856
-2.48558 1.85014 -1.26318 2.13472 1.89973 1.09856
-2.48712 1.85104 -1.26098 2.13472 1.89973 1.09856
-2.48866 1.85195 -1.25878 2.13472 1.89973 1.09856
-2.4902 1.85285 -1.25657 2.13472 1.89973 1.09856
-2.49174 1.85376 -1.25437 2.13472 1.89973 1.09856
-2.49328 1.85466 -1.25217 2.13472 1.89973 1.09856
-2.49482 1.85557 -1.24997 2.13472 1.89973 1.09856
-2.49636 1.85647 -1.24777 2.13472 1.89973 1.09856
-2.4979 1.85738 -1.24557 2.13472 1.89973 1.09856
-2.49944 1.85828 -1.24336 2.13472 1.89973 1.09856
-2.50098 1.85919 -1.24116 2.13472 1.89973 1.09856
-2.50252 1.86009 -1.23896 2.13472 1.89973 1.09856
-2.50406 1.861 -1.23676 2.13472 1.89973 1.09856
-2.5056 1.86191 -1.23456 2.13472 1.89973 1.09856
-2.50714 1.86281 -1.23236 2.13472 1.89973 1.09856
-2.50868 1.86372 -1.23016 2.13472 1.89973 1.09856
-2.51022 1.86462 -1.22795 2.13472 1.89973 1.09856
-2.51176 1.86553 -1.22575 2.13472 1.89973 1.09856
-2.5133 1.86643 -1.22355 2.13472 1.89973 1.09856
-2.51484 1.86734 -1.22135 2.13472 1.89973 1.09856
-2.51637 1.86824 -1.21915 2.13472 1.89973 1.09856
-2.51791 1.86915 -1.21695 2.13472 1.89973 1.09856
-2.51945 1.87005 -1.21474 2.13472 1.89973 1.09856
-2.52099 1.87096 -1.21254 2.13472 1.89973 1.09856
-2.52253 1.87186 -1.21034 2.13472 1.89973 1.09856
-2.52407 1.87277 -1.20814 2.13472 1.89973 1.09856
-2.52561 1.87367 -1.20594 2.13472 1.89973 1.09856
-2.52715 1.87458 -1.20374 2.13472 1.89973 1.09856
-2.52869 1.87548 -1.20153 2.13472 1.89973 1.09856
-2.53023 1.87639 -1.19933 2.13472 1.89973 1.09856
-2.53177 1.87729 -1.19713 2.13472 1.89973 1.09856
-2.53331 1.8782 -1.19493 2.13472 1.89973 1.09856
-2.53485 1.8791 -1.19273 2.13472 1.89973 1.09856
-2.53639 1.88001 -1.19053 2.13472 1.89973 1.09856
-2.53793 1.88091 -1.18833 2.13472 1.89973 1.09856
-2.53947 1.88182 -1.18612 2.13472 1.89973 1.09856
-2.54101 1.88272 -1.18392 2.13472 1.89973 1.09856
-2.54255 1.88363 -1.18172 2.13472 1.89973 1.09856
-2.54409 1.88453 -1.17952 2.13472 1.89973 1.09856
-2.54563 1.88544 -1.17732 2.13472 1.89973 1.09856
-2.54717 1.88634 -1.17512 2.13472 1.89973 1.09856
-2.54871 1.88725 -1.17291 2.13472 1.89973 1.09856
-2.55025 1.88815 -1.17071 2.13472 1.89973 1.09856
-2.55179 1.88906 -1.16851 2.13472 1.89973 1.09856
-2.55333 1.88996 -1.16631 2.13472 1.89973 1.09856
-2.55486 1.89087 -1.16411 2.13472 1.89973 1.09856
-2.5564 1.89177 -1.16191 2.13472 1.89973 1.09856
-2.55794 1.89268 -1.1597 2.13472 1.89973 1.09856
-2.55948 1.89358 -1.1575 2.13472 1.89973 1.09856
-2.56102 1.89449 -1.1553 2.13472 1.89973 1.09856
-2.56256 1.89539 -1.1531 2.13472 1.89973 1.09856
-2.5641 1.8963 -1.1509 2.13472 1.89973 1.09856
-2.56564 1.8972 -1.1487 2.13472 1.89973 1.09856
-2.56718 1.89811 -1.1465 2.13472 1.89973 1.09856
-2.56872 1.89902 -1.14429 2.13472 1.89973 1.09856
-2.57026 1.89992 -1.14209 2.13472 1.89973 1.09856
-2.5718 1.90083 -1.13989 2.13472 1.89973 1.09856
-2.57334 1.90173 -1.13769 2.13472 1.89973 1.09856
-2.57488 1.90264 -1.13549 2.13472 1.89973 1.09856
-2.57642 1.90354 -1.13329 2.13472 1.89973 1.09856
-2.57796 1.90445 -1.13108 2.13472 1.89973 1.09856
-2.5795 1.90535 -1.12888 2.13472 1.89973 1.09856
-2.58104 1.90626 -1.12668 2.13472 1.89973 1.09856
-2.58258 1.90716 -1.12448 2.13472 1.89973 1.09856
-2.58412 1.90807 -1.12228 2.13472 1.89973 1.09856
-2.58566 1.90897 -1.12008 2.13472 1.89973 1.09856
-2.5872 1.90988 -1.11787 2.13472 1.89973 1.09856
-2.58874 1.91078 -1.11567 2.13472 1.89973 1.09856
-2.59028 1.91169 -1.11347 2.13472 1.89973 1.09856
-2.59182 1.91259 -1.11127 2.13472 1.89973 1.09856
-2.59336 1.9135 -1.10907 2.13472 1.89973 1.09856
-2.59489 1.9144 -1.10687 2.13472 1.89973 1.09856
-2.59643 1.91531 -1.10467 2.13472 1.89973 1.09856
-2.59797 1.91621 -1.10246 2.13472 1.89973 1.09856
-2.59951 1.91712 -1.10026 2.13472 1.89973 1.09856
-2.60105 1.91802 -1.09806 2.13472 1.89973 1.09856
-2.60259 1.91893 -1.09586 2.13472 1.89973 1.09856
-2.60413 1.91983 -1.09366 2.13472 1.89973 1.09856
-2.60567 1.92074 -1.09146 2.13472 1.89973 1.09856
-2.60721 1.92164 -1.08925 2.13472 1.89973 1.09856
-2.60875 1.92255 -1.08705 2.13472 1.89973 1.09856
-2.61029 1.92345 -1.08485 2.13472 1.89973 1.09856
-2.61183 1.92436 -1.08265 2.13472 1.89973 1.09856
-2.61337 1.92526 -1.08045 2.13472 1.89973 1.09856
-2.61491 1.92617 -1.07825 2.13472 1.89973 1.09856
-2.61645 1.92707 -1.07604 2.13472 1.89973 1.09856
-2.61799 1.92798 -1.07384 2.13472 1.89973 1.09856
-2.61953 1.92888 -1.07164 2.13472 1.89973 1.09856
-2.62107 1.92979 -1.06944 2.13472 1.89973 1.09856
-2.62261 1.93069 -1.06724 2.13472 1.89973 1.09856
-2.62415 1.9316 -1.06504 2.13472 1.89973 1.09856
-2.62569 1.9325 -1.06284 2.13472 1.89973 1.09856
-2.62723 1.93341 -1.06063 2.13472 1.89973 1.09856
-2.62877 1.93431 -1.05843 2.13472 1.89973 1.09856
-2.6303 1.93522 -1.05624 2.13472 1.89973 1.09856
-2.63184 1.93612 -1.05404 2.13472 1.89973 1.09856
-2.63338 1.93702 -1.05184 2.13472 1.89973 1.09856
-2.63491 1.93792 -1.04965 2.13472 1.89973 1.09856
-2.63644 1.93882 -1.04746 2.13472 1.89973 1.09856
-2.63797 1.93972 -1.04528 2.13472 1.89973 1.09856
-2.6395 1.94061 -1.0431 2.13472 1.89973 1.09856
-2.64103 1.94151 -1.04093 2.13472 1.89973 1.09856
-2.64255 1.9424 -1.03876 2.13472 1.89973 1.09856
-2.64407 1.94329 -1.03659 2.13472 1.89973 1.09856
-2.64559 1.94417 -1.03443 2.13472 1.89973 1.09856
-2.6471 1.94505 -1.03228 2.13472 1.89973 1.09856
-2.64861 1.94593 -1.03014 2.13472 1.89973 1.09856
-2.65011 1.94681 -1.028 2.13472 1.89973 1.09856
-2.65161 1.94768 -1.02587 2.13472 1.89973 1.09856
-2.65311 1.94855 -1.02376 2.13472 1.89973 1.09856
-2.6546 1.94941 -1.02165 2.13472 1.89973 1.09856
-2.65608 1.95027 -1.01955 2.13472 1.89973 1.09856
-2.65757 1.95112 -1.01745 2.13472 1.89973 1.09856
-2.65904 1.95197 -1.01538 2.13472 1.89973 1.09856
-2.66051 1.95282 -1.01331 2.13472 1.89973 1.09856
-2.66197 1.95365 -1.01125 2.13472 1.89973 1.09856
-2.66343 1.95449 -1.0092 2.13472 1.89973 1.09856
-2.66488 1.95532 -1.00717 2.13472 1.89973 1.09856
-2.66632 1.95614 -1.00515 2.13472 1.89973 1.09856
-2.66776 1.95695 -1.00315 2.13472 1.89973 1.09856
-2.66918 1.95776 -1.00115 2.13472 1.89973 1.09856
-2.67061 1.95857 -0.999176 2.13472 1.89973 1.09856
-2.67202 1.95936 -0.997213 2.13472 1.89973 1.09856
-2.67342 1.96015 -0.995266 2.13472 1.89973 1.09856
-2.67482 1.96093 -0.993333 2.13472 1.89973 1.09856
-2.67621 1.96171 -0.991415 2.13472 1.89973 1.09856
-2.67759 1.96248 -0.989511 2.13472 1.89973 1.09856
-2.67896 1.96324 -0.987621 2.13472 1.89973 1.09856
-2.68033 1.964 -0.985743 2.13472 1.89973 1.09856
-2.68169 1.96475 -0.983878 2.13472 1.89973 1.09856
-2.68305 1.96549 -0.982025 2.13472 1.89973 1.09856
-2.68439 1.96623 -0.980183 2.13472 1.89973 1.09856
-2.68574 1.96697 -0.978353 2.13472 1.89973 1.09856
-2.68707 1.9677 -0.976533 2.13472 1.89973 1.09856
-2.6884 1.96842 -0.974724 2.13472 1.89973 1.09856
-2.68973 1.96914 -0.972923 2.13472 1.89973 1.09856
-2.69105 1.96986 -0.971133 2.13472 1.89973 1.09856
-2.69237 1.97057 -0.96935 2.13472 1.89973 1.09856
-2.69368 1.97128 -0.967576 2.13472 1.89973 1.09856
-2.69499 1.97199 -0.96581 2.13472 1.89973 1.09856
-2.69629 1.97269 -0.964051 2.13472 1.89973 1.09856
-2.69759 1.97339 -0.962298 2.13472 1.89973 1.09856
-2.69889 1.97409 -0.960552 2.13472 1.89973 1.09856
-2.70018 1.97478 -0.958812 2.13472 1.89973 1.09856
-2.70148 1.97547 -0.957077 2.13472 1.89973 1.09856
-2.70277 1.97616 -0.955346 2.13472 1.89973 1.09856
-2.70405 1.97685 -0.953621 2.13472 1.89973 1.09856
-2.70534 1.97754 -0.951898 2.13472 1.89973 1.09856
-2.70662 1.97822 -0.95018 2.13472 1.89973 1.09856
-2.7079 1.9789 -0.948464 2.13472 1.89973 1.09856
-2.70918 1.97958 -0.946751 2.13472 1.89973 1.09856
-2.71046 1.98027 -0.945039 2.13472 1.89973 1.09856
-2.71174 1.98095 -0.943329 2.13472 1.89973 1.09856
-2.71302 1.98162 -0.94162 2.13472 1.89973 1.09856
-2.71429 1.9823 -0.939911 2.13472 1.89973 1.09856
-2.71557 1.98298 -0.938203 2.13472 1.89973 1.09856
-2.71685 1.98366 -0.936494 2.13472 1.89973 1.09856
-2.71812 1.98434 -0.934786 2.13472 1.89973 1.09856
-2.7194 1.98502 -0.933079 2.13472 1.89973 1.09856
-2.72068 1.9857 -0.931373 2.13472 1.89973 1.09856
-2.72195 1.98638 -0.929668 2.13472 1.89973 1.09856
-2.72323 1.98705 -0.927965 2.13472 1.89973 1.09856
-2.7245 1.98773 -0.926263 2.13472 1.89973 1.09856
-2.72577 1.98841 -0.924563 2.13472 1.89973 1.09856
-2.72705 1.98908 -0.922865 2.13472 1.89973 1.09856
-2.72832 1.98975 -0.92117 2.13472 1.89973 1.09856
-2.72959 1.99043 -0.919477 2.13472 1.89973 1.09856
-2.73085 1.9911 -0.917787 2.13472 1.89973 1.09856
-2.73212 1.99177 -0.9161 2.13472 1.89973 1.09856
-2.73338 1.99243 -0.914417 2.13472 1.89973 1.09856
-2.73464 1.9931 -0.912737 2.13472 1.89973 1.09856
-2.73591 1.99376 -0.911062 2.13472 1.89973 1.09856
-2.73716 1.99443 -0.90939 2.13472 1.89973 1.09856
-2.73842 1.99509 -0.907722 2.13472 1.89973 1.09856
-2.73967 1.99575 -0.90606 2.13472 1.89973 1.09856
-2.74092 1.9964 -0.904401 2.13472 1.89973 1.09856
-2.74217 1.99706 -0.902748 2.13472 1.89973 1.09856
-2.74342 1.99771 -0.901101 2.13472 1.89973 1.09856
-2.74466 1.99836 -0.899459 2.13472 1.89973 1.09856
-2.7459 1.999 -0.897822 2.13472 1.89973 1.09856
-2.74713 1.99965 -0.896192 2.13472 1.89973 1.09856
-2.74836 2.00029 -0.894568 2.13472 1.89973 1.09856
-2.74959 2.00092 -0.89295 2.13472 1.89973 1.09856
-2.75082 2.00156 -0.891339 2.13472 1.89973 1.09856
-2.75204 2.00219 -0.889735 2.13472 1.89973 1.09856
-2.75326 2.00282 -0.888139 2.13472 1.89973 1.09856
-2.75447 2.00344 -0.88655 2.13472 1.89973 1.09856
-2.75568 2.00406 -0.884968 2.13472 1.89973 1.09856
-2.75689 2.00468 -0.883394 2.13472 1.89973 1.09856
-2.75809 2.0053 -0.881827 2.13472 1.89973 1.09856
-2.75929 2.00591 -0.880267 2.13472 1.89973 1.09856
-2.76048 2.00652 -0.878714 2.13472 1.89973 1.09856
-2.76167 2.00712 -0.877168 2.13472 1.89973 1.09856
-2.76286 2.00772 -0.875627 2.13472 1.89973 1.09856
-2.76405 2.00832 -0.874093 2.13472 1.89973 1.09856
-2.76523 2.00892 -0.872564 2.13472 1.89973 1.09856
-2.76641 2.00951 -0.871041 2.13472 1.89973 1.09856
-2.76758 2.01011 -0.869524 2.13472 1.89973 1.09856
-2.76876 2.0107 -0.868011 2.13472 1.89973 1.09856
-2.76993 2.01128 -0.866503 2.13472 1.89973 1.09856
-2.7711 2.01187 -0.865 2.13472 1.89973 1.09856
-2.77226 2.01245 -0.863501 2.13472 1.89973 1.09856
-2.77343 2.01303 -0.862006 2.13472 1.89973 1.09856
-2.77459 2.01361 -0.860515 2.13472 1.89973 1.09856
-2.77575 2.01419 -0.859028 2.13472 1.89973 1.09856
-2.77691 2.01477 -0.857544 2.13472 1.89973 1.09856
-2.77806 2.01534 -0.856063 2.13472 1.89973 1.09856
-2.77922 2.01592 -0.854585 2.13472 1.89973 1.09856
-2.78037 2.01649 -0.85311 2.13472 1.89973 1.09856
-2.78152 2.01706 -0.851637 2.13472 1.89973 1.09856
-2.78267 2.01763 -0.850166 2.13472 1.89973 1.09856
-2.78382 2.0182 -0.848697 2.13472 1.89973 1.09856
-2.78497 2.01877 -0.84723 2.13472 1.89973 1.09856
-2.78612 2.01934 -0.845764 2.13472 1.89973 1.09856
-2.78727 2.01991 -0.8443 2.13472 1.89973 1.09856
-2.78842 2.02047 -0.842836 2.13472 1.89973 1.09856
-2.78956 2.02104 -0.841373 2.13472 1.89973 1.09856
-2.79071 2.02161 -0.839911 2.13472 1.89973 1.09856
-2.79185 2.02217 -0.838449 2.13472 1.89973 1.09856
-2.793 2.02274 -0.836987 2.13472 1.89973 1.09856
-2.79415 2.02331 -0.835525 2.13472 1.89973 1.09856
-2.79529 2.02387 -0.834064 2.13472 1.89973 1.09856
-2.79644 2.02444 -0.832605 2.13472 1.89973 1.09856
-2.79758 2.025 -0.831148 2.13472 1.89973 1.09856
-2.79872 2.02557 -0.829693 2.13472 1.89973 1.09856
-2.79986 2.02613 -0.828241 2.13472 1.89973 1.09856
-2.801 2.02669 -0.826792 2.13472 1.89973 1.09856
-2.80214 2.02725 -0.825348 2.13472 1.89973 1.09856
-2.80328 2.0278 -0.823907 2.13472 1.89973 1.09856
-2.80441 2.02836 -0.822472 2.13472 1.89973 1.09856
-2.80554 2.02891 -0.821041 2.13472 1.89973 1.09856
-2.80666 2.02946 -0.819617 2.13472 1.89973 1.09856
-2.80779 2.03 -0.818198 2.13472 1.89973 1.09856
-2.80891 2.03055 -0.816787 2.13472 1.89973 1.09856
-2.81002 2.03109 -0.815382 2.13472 1.89973 1.09856
-2.81113 2.03162 -0.813986 2.13472 1.89973 1.09856
-2.81224 2.03216 -0.812597 2.13472 1.89973 1.09856
-2.81334 2.03269 -0.811218 2.13472 1.89973 1.09856
-2.81444 2.03321 -0.809847 2.13472 1.89973 1.09856
-2.81553 2.03373 -0.808486 2.13472 1.89973 1.09856
-2.81662 2.03425 -0.807135 2.13472 1.89973 1.09856
-2.8177 2.03476 -0.805795 2.13472 1.89973 1.09856
-2.81878 2.03526 -0.804465 2.13472 1.89973 1.09856
-2.81985 2.03576 -0.803148 2.13472 1.89973 1.09856
-2.82091 2.03626 -0.801842 2.13472 1.89973 1.09856
-2.82197 2.03675 -0.800549 2.13472 1.89973 1.09856
-2.82302 2.03723 -0.799269 2.13472 1.89973 1.09856
-2.82406 2.03771 -0.798002 2.13472 1.89973 1.09856
-2.82509 2.03818 -0.79675 2.13472 1.89973 1.09856
-2.82612 2.03864 -0.795511 2.13472 1.89973 1.09856
-2.82714 2.0391 -0.794288 2.13472 1.89973 1.09856
-2.82815 2.03955 -0.79308 2.13472 1.89973 1.09856
-2.82916 2.03999 -0.791887 2.13472 1.89973 1.09856
-2.83015 2.04043 -0.790709 2.13472 1.89973 1.09856
-2.83114 2.04086 -0.789544 2.13472 1.89973 1.09856
-2.83212 2.04128 -0.788393 2.13472 1.89973 1.09856
-2.83309 2.0417 -0.787255 2.13472 1.89973 1.09856
-2.83406 2.04211 -0.786129 2.13472 1.89973 1.09856
-2.83502 2.04252 -0.785016 2.13472 1.89973 1.09856
-2.83598 2.04292 -0.783914 2.13472 1.89973 1.09856
-2.83693 2.04332 -0.782823 2.13472 1.89973 1.09856
-2.83787 2.04371 -0.781742 2.13472 1.89973 1.09856
-2.83881 2.0441 -0.780672 2.13472 1.89973 1.09856
-2.83974 2.04448 -0.779612 2.13472 1.89973 1.09856
-2.84067 2.04486 -0.77856 2.13472 1.89973 1.09856
-2.84159 2.04523 -0.777517 2.13472 1.89973 1.09856
-2.84251 2.04561 -0.776483 2.13472 1.89973 1.09856
-2.84343 2.04597 -0.775456 2.13472 1.89973 1.09856
-2.84434 2.04634 -0.774436 2.13472 1.89973 1.09856
-2.84524 2.0467 -0.773423 2.13472 1.89973 1.09856
-2.84615 2.04706 -0.772416 2.13472 1.89973 1.09856
-2.84705 2.04741 -0.771416 2.13472 1.89973 1.09856
-2.84795 2.04776 -0.77042 2.13472 1.89973 1.09856
-2.84884 2.04811 -0.769429 2.13472 1.89973 1.09856
-2.84974 2.04846 -0.768443 2.13472 1.89973 1.09856
-2.85063 2.04881 -0.76746 2.13472 1.89973 1.09856
-2.85152 2.04916 -0.766481 2.13472 1.89973 1.09856
-2.85241 2.0495 -0.765505 2.13472 1.89973 1.09856
-2.85329 2.04984 -0.764531 2.13472 1.89973 1.09856
-2.85418 2.05018 -0.763559 2.13472 1.89973 1.09856
-2.85506 2.05053 -0.762588 2.13472 1.89973 1.09856
-2.85595 2.05087 -0.761618 2.13472 1.89973 1.09856
-2.85683 2.05121 -0.760649 2.13472 1.89973 1.09856
-2.85772 2.05155 -0.75968 2.13472 1.89973 1.09856
-2.8586 2.05189 -0.758711 2.13472 1.89973 1.09856
-2.85948 2.05223 -0.757743 2.13472 1.89973 1.09856
-2.86037 2.05257 -0.756775 2.13472 1.89973 1.09856
-2.86125 2.05291 -0.755808 2.13472 1.89973 1.09856
-2.86213 2.05325 -0.754843 2.13472 1.89973 1.09856
-2.86301 2.05359 -0.753879 2.13472 1.89973 1.09856
-2.8639 2.05392 -0.752916 2.13472 1.89973 1.09856
-2.86478 2.05426 -0.751956 2.13472 1.89973 1.09856
-2.86565 2.0546 -0.750998 2.13472 1.89973 1.09856
-2.86653 2.05493 -0.750042 2.13472 1.89973 1.09856
-2.86741 2.05527 -0.749089 2.13472 1.89973 1.09856
-2.86828 2.0556 -0.748138 2.13472 1.89973 1.09856
-2.86915 2.05593 -0.747191 2.13472 1.89973 1.09856
-2.87002 2.05626 -0.746247 2.13472 1.89973 1.09856
-2.87089 2.05659 -0.745307 2.13472 1.89973 1.09856
-2.87176 2.05691 -0.744371 2.13472 1.89973 1.09856
-2.87262 2.05724 -0.743438 2.13472 1.89973 1.09856
-2.87349 2.05756 -0.74251 2.13472 1.89973 1.09856
-2.87435 2.05788 -0.741587 2.13472 1.89973 1.09856
-2.8752 2.05819 -0.740668 2.13472 1.89973 1.09856
-2.87606 2.05851 -0.739755 2.13472 1.89973 1.09856
-2.87691 2.05882 -0.738847 2.13472 1.89973 1.09856
-2.87776 2.05913 -0.737944 2.13472 1.89973 1.09856
-2.8786 2.05944 -0.737047 2.13472 1.89973 1.09856
-2.87945 2.05975 -0.736156 2.13472 1.89973 1.09856
-2.88029 2.06005 -0.735271 2.13472 1.89973 1.09856
-2.88112 2.06035 -0.734393 2.13472 1.89973 1.09856
-2.88195 2.06064 -0.733522 2.13472 1.89973 1.09856
-2.88278 2.06094 -0.732657 2.13472 1.89973 1.09856
-2.88361 2.06123 -0.7318 2.13472 1.89973 1.09856
-2.88443 2.06151 -0.730951 2.13472 1.89973 1.09856
-2.88525 2.06179 -0.730109 2.13472 1.89973 1.09856
-2.88606 2.06207 -0.729274 2.13472 1.89973 1.09856
-2.88687 2.06235 -0.728447 2.13472 1.89973 1.09856
-2.88767 2.06262 -0.727626 2.13472 1.89973 1.09856
-2.88847 2.06289 -0.726813 2.13472 1.89973 1.09856
-2.88927 2.06316 -0.726005 2.13472 1.89973 1.09856
-2.89007 2.06342 -0.725205 2.13472 1.89973 1.09856
-2.89086 2.06368 -0.72441 2.13472 1.89973 1.09856
-2.89165 2.06394 -0.723621 2.13472 1.89973 1.09856
-2.89243 2.0642 -0.722837 2.13472 1.89973 1.09856
-2.89321 2.06445 -0.722059 2.13472 1.89973 1.09856
-2.89399 2.0647 -0.721286 2.13472 1.89973 1.09856
-2.89477 2.06495 -0.720517 2.13472 1.89973 1.09856
-2.89555 2.0652 -0.719754 2.13472 1.89973 1.09856
-2.89632 2.06544 -0.718994 2.13472 1.89973 1.09856
-2.89709 2.06568 -0.718239 2.13472 1.89973 1.09856
-2.89786 2.06593 -0.717487 2.13472 1.89973 1.09856
-2.89863 2.06617 -0.716739 2.13472 1.89973 1.09856
-2.89939 2.0664 -0.715995 2.13472 1.89973 1.09856
-2.90015 2.06664 -0.715253 2.13472 1.89973 1.09856
-2.90091 2.06688 -0.714515 2.13472 1.89973 1.09856
-2.90167 2.06711 -0.713779 2.13472 1.89973 1.09856
-2.90243 2.06734 -0.713045 2.13472 1.89973 1.09856
-2.90319 2.06757 -0.712314 2.13472 1.89973 1.09856
-2.90395 2.0678 -0.711585 2.13472 1.89973 1.09856
-2.9047 2.06804 -0.710857 2.13472 1.89973 1.09856
-2.90546 2.06826 -0.710131 2.13472 1.89973 1.09856
-2.90621 2.06849 -0.709406 2.13472 1.89973 1.09856
-2.90697 2.06872 -0.708682 2.13472 1.89973 1.09856
-2.90772 2.06895 -0.707958 2.13472 1.89973 1.09856
-2.90847 2.06918 -0.707235 2.13472 1.89973 1.09856
-2.90923 2.06941 -0.706513 2.13472 1.89973 1.09856
-2.90998 2.06963 -0.70579 2.13472 1.89973 1.09856
-2.91073 2.06986 -0.705067 2.13472 1.89973 1.09856
-2.91149 2.07009 -0.704344 2.13472 1.89973 1.09856
-2.91225 2.07033 -0.703619 2.13472 1.89973 1.09856
-2.91301 2.07056 -0.702893 2.13472 1.89973 1.09856
-2.91378 2.0708 -0.702165 2.13472 1.89973 1.09856
-2.91456 2.07104 -0.701435 2.13472 1.89973 1.09856
-2.91534 2.07129 -0.700703 2.13472 1.89973 1.09856
-2.91613 2.07154 -0.699968 2.13472 1.89973 1.09856
-2.91693 2.0718 -0.69923 2.13472 1.89973 1.09856
-2.91774 2.07206 -0.698488 2.13472 1.89973 1.09856
-2.91856 2.07233 -0.697743 2.13472 1.89973 1.09856
-2.9194 2.07261 -0.696994 2.13472 1.89973 1.09856
-2.92025 2.0729 -0.69624 2.13472 1.89973 1.09856
-2.92111 2.0732 -0.695481 2.13472 1.89973 1.09856
-2.92199 2.07351 -0.694717 2.13472 1.89973 1.09856
-2.92288 2.07383 -0.693948 2.13472 1.89973 1.09856
-2.92379 2.07416 -0.693173 2.13472 1.89973 1.09856
-2.92473 2.07451 -0.692392 2.13472 1.89973 1.09856
-2.92568 2.07486 -0.691604 2.13472 1.89973 1.09856
-2.92665 2.07523 -0.690809 2.13472 1.89973 1.09856
-2.92764 2.07561 -0.690007 2.13472 1.89973 1.09856
-2.92866 2.07601 -0.689198 2.13472 1.89973 1.09856
-2.9297 2.07643 -0.688381 2.13472 1.89973 1.09856
-2.93077 2.07686 -0.687555 2.13472 1.89973 1.09856
-2.93186 2.0773 -0.686721 2.13472 1.89973 1.09856
-2.93298 2.07777 -0.685878 2.13472 1.89973 1.09856
-2.93413 2.07825 -0.685026 2.13472 1.89973 1.09856
-2.9353 2.07875 -0.684164 2.13472 1.89973 1.09856
-2.93651 2.07927 -0.683292 2.13472 1.89973 1.09856
-2.93775 2.07981 -0.68241 2.13472 1.89973 1.09856
-2.93902 2.08038 -0.681517 2.13472 1.89973 1.09856
-2.94032 2.08096 -0.680613 2.13472 1.89973 1.09856
-2.94166 2.08156 -0.6797 2.13472 1.89973 1.09856
-2.94302 2.08218 -0.678777 2.13472 1.89973 1.09856
-2.94441 2.08282 -0.677846 2.13472 1.89973 1.09856
-2.94582 2.08347 -0.676908 2.13472 1.89973 1.09856
-2.94725 2.08413 -0.675964 2.13472 1.89973 1.09856
-2.9487 2.0848 -0.675015 2.13472 1.89973 1.09856
-2.95017 2.08547 -0.674062 2.13472 1.89973 1.09856
-2.95165 2.08616 -0.673105 2.13472 1.89973 1.09856
-2.95314 2.08684 -0.672146 2.13472 1.89973 1.09856
-2.95463 2.08753 -0.671186 2.13472 1.89973 1.09856
-2.95613 2.08821 -0.670226 2.13472 1.89973 1.09856
-2.95764 2.08889 -0.669267 2.13472 1.89973 1.09856
-2.95914 2.08956 -0.668309 2.13472 1.89973 1.09856
-2.96064 2.09023 -0.667354 2.13472 1.89973 1.09856
-2.96214 2.09089 -0.666402 2.13472 1.89973 1.09856
-2.96363 2.09154 -0.665455 2.13472 1.89973 1.09856
-2.9651 2.09217 -0.664513 2.13472 1.89973 1.09856
-2.96657 2.09279 -0.663578 2.13472 1.89973 1.09856
-2.96802 2.09338 -0.662651 2.13472 1.89973 1.09856
-2.96945 2.09396 -0.661732 2.13472 1.89973 1.09856
-2.97086 2.09452 -0.660823 2.13472 1.89973 1.09856
-2.97225 2.09505 -0.659923 2.13472 1.89973 1.09856
-2.97361 2.09556 -0.659036 2.13472 1.89973 1.09856
-2.97494 2.09604 -0.65816 2.13472 1.89973 1.09856
-2.97624 2.09649 -0.657299 2.13472 1.89973 1.09856
-2.97751 2.0969 -0.656451 2.13472 1.89973 1.09856
-2.97874 2.09728 -0.655619 2.13472 1.89973 1.09856
-2.97993 2.09763 -0.654802 2.13472 1.89973 1.09856
-2.98108 2.09793 -0.654004 2.13472 1.89973 1.09856
-2.98219 2.0982 -0.653223 2.13472 1.89973 1.09856
-2.98325 2.09842 -0.652461 2.13472 1.89973 1.09856
-2.98427 2.0986 -0.65172 2.13472 1.89973 1.09856
-2.98523 2.09873 -0.651 2.13472 1.89973 1.09856
-2.98615 2.09882 -0.6503 2.13472 1.89973 1.09856
-2.98702 2.09888 -0.649622 2.13472 1.89973 1.09856
-2.98784 2.0989 -0.648967 2.13472 1.89973 1.09856
-2.98863 2.09888 -0.648334 2.13472 1.89973 1.09856
-2.98936 2.09884 -0.647724 2.13472 1.89973 1.09856
-2.99006 2.09876 -0.647138 2.13472 1.89973 1.09856
-2.99071 2.09865 -0.646576 2.13472 1.89973 1.09856
-2.99133 2.09852 -0.646039 2.13472 1.89973 1.09856
-2.9919 2.09837 -0.645527 2.13472 1.89973 1.09856
-2.99244 2.09819 -0.645041 2.13472 1.89973 1.09856
-2.99293 2.098 -0.644581 2.13472 1.89973 1.09856
-2.99339 2.09778 -0.644148 2.13472 1.89973 1.09856
-2.99382 2.09755 -0.643742 2.13472 1.89973 1.09856
-2.99421 2.09731 -0.643364 2.13472 1.89973 1.09856
-2.99456 2.09706 -0.643014 2.13472 1.89973 1.09856
-2.99489 2.0968 -0.642692 2.13472 1.89973 1.09856
-2.99518 2.09653 -0.642401 2.13472 1.89973 1.09856
-2.99544 2.09626 -0.642138 2.13472 1.89973 1.09856
-2.99567 2.09599 -0.641907 2.13472 1.89973 1.09856
-2.99587 2.09571 -0.641706 2.13472 1.89973 1.09856
-2.99604 2.09544 -0.641536 2.13472 1.89973 1.09856
-2.99618 2.09517 -0.641398 2.13472 1.89973 1.09856
-2.9963 2.09491 -0.641292 2.13472 1.89973 1.09856
-2.9964 2.09465 -0.641219 2.13472 1.89973 1.09856
-2.99646 2.09441 -0.64118 2.13472 1.89973 1.09856
-2.99651 2.09418 -0.641174 2.13472 1.89973 1.09856
-2.99653 2.09396 -0.641203 2.13472 1.89973 1.09856
-2.99653 2.09376 -0.641267 2.13472 1.89973 1.09856
-2.99651 2.09358 -0.641365 2.13472 1.89973 1.09856
-2.99647 2.09342 -0.6415 2.13472 1.89973 1.09856
-2.99641 2.09328 -0.641671 2.13472 1.89973 1.09856
-2.99634 2.09316 -0.641877 2.13472 1.89973 1.09856
-2.99624 2.09306 -0.642115 2.13472 1.89973 1.09856
-2.99614 2.09299 -0.642383 2.13472 1.89973 1.09856
-2.99601 2.09293 -0.64268 2.13472 1.89973 1.09856
-2.99588 2.09288 -0.643003 2.13472 1.89973 1.09856
-2.99573 2.09285 -0.64335 2.13472 1.89973 1.09856
-2.99557 2.09283 -0.643719 2.13472 1.89973 1.09856
-2.9954 2.09282 -0.64411 2.13472 1.89973 1.09856
-2.99523 2.09282 -0.644518 2.13472 1.89973 1.09856
-2.99505 2.09283 -0.644943 2.13472 1.89973 1.09856
-2.99486 2.09285 -0.645382 2.13472 1.89973 1.09856
-2.99466 2.09287 -0.645833 2.13472 1.89973 1.09856
-2.99447 2.09289 -0.646295 2.13472 1.89973 1.09856
-2.99427 2.09291 -0.646765 2.13472 1.89973 1.09856
-2.99406 2.09294 -0.647242 2.13472 1.89973 1.09856
-2.99386 2.09296 -0.647722 2.13472 1.89973 1.09856
-2.99366 2.09298 -0.648206 2.13472 1.89973 1.09856
-2.99346 2.093 -0.648689 2.13472 1.89973 1.09856
-2.99327 2.09301 -0.649171 2.13472 1.89973 1.09856
-2.99308 2.09301 -0.649649 2.13472 1.89973 1.09856
-2.99289 2.093 -0.650122 2.13472 1.89973 1.09856
-2.99271 2.09298 -0.650587 2.13472 1.89973 1.09856
-2.99254 2.09295 -0.651042 2.13472 1.89973 1.09856
-2.99238 2.09291 -0.651486 2.13472 1.89973 1.09856
-2.99223 2.09285 -0.651915 2.13472 1.89973 1.09856
-2.99209 2.09277 -0.65233 2.13472 1.89973 1.09856
-2.99197 2.09268 -0.652726 2.13472 1.89973 1.09856
-2.99185 2.09257 -0.653103 2.13472 1.89973 1.09856
-2.99176 2.09243 -0.653458 2.13472 1.89973 1.09856
-2.99167 2.09227 -0.65379 2.13472 1.89973 1.09856
-2.99161 2.09209 -0.654096 2.13472 1.89973 1.09856
-2.99156 2.09188 -0.654374 2.13472 1.89973 1.09856
-2.99154 2.09165 -0.654626 2.13472 1.89973 1.09856
-2.99153 2.09139 -0.654851 2.13472 1.89973 1.09856
-2.99154 2.09112 -0.655052 2.13472 1.89973 1.09856
-2.99156 2.09082 -0.655228 2.13472 1.89973 1.09856
-2.99161 2.0905 -0.655382 2.13472 1.89973 1.09856
-2.99167 2.09017 -0.655513 2.13472 1.89973 1.09856
-2.99175 2.08982 -0.655622 2.13472 1.89973 1.09856
-2.99185 2.08945 -0.655711 2.13472 1.89973 1.09856
-2.99196 2.08907 -0.655781 2.13472 1.89973 1.09856
-2.99209 2.08868 -0.655832 2.13472 1.89973 1.09856
-2.99224 2.08828 -0.655865 2.13472 1.89973 1.09856
-2.99241 2.08787 -0.655881 2.13472 1.89973 1.09856
-2.99259 2.08745 -0.655881 2.13472 1.89973 1.09856
-2.99279 2.08703 -0.655866 2.13472 1.89973 1.09856
-2.993 2.0866 -0.655836 2.13472 1.89973 1.09856
-2.99323 2.08617 -0.655793 2.13472 1.89973 1.09856
-2.99348 2.08573 -0.655738 2.13472 1.89973 1.09856
-2.99375 2.0853 -0.655672 2.13472 1.89973 1.09856
-2.99402 2.08486 -0.655594 2.13472 1.89973 1.09856
-2.99432 2.08443 -0.655507 2.13472 1.89973 1.09856
-2.99463 2.084 -0.655411 2.13472 1.89973 1.09856
-2.99496 2.08358 -0.655307 2.13472 1.89973 1.09856
-2.9953 2.08316 -0.655196 2.13472 1.89973 1.09856
-2.99565 2.08275 -0.655079 2.13472 1.89973 1.09856
-2.99602 2.08235 -0.654957 2.13472 1.89973 1.09856
-2.99641 2.08197 -0.65483 2.13472 1.89973 1.09856
-2.99681 2.08159 -0.654699 2.13472 1.89973 1.09856
-2.99723 2.08122 -0.654566 2.13472 1.89973 1.09856
-2.99766 2.08087 -0.654432 2.13472 1.89973 1.09856
-2.9981 2.08054 -0.654296 2.13472 1.89973 1.09856
-2.99856 2.08023 -0.654161 2.13472 1.89973 1.09856
-2.99903 2.07993 -0.654027 2.13472 1.89973 1.09856
-2.99952 2.07965 -0.653894 2.13472 1.89973 1.09856
-3.00001 2.07939 -0.653763 2.13472 1.89973 1.09856
-3.00052 2.07915 -0.653634 2.13472 1.89973 1.09856
-3.00103 2.07893 -0.653507 2.13472 1.89973 1.09856
-3.00155 2.07872 -0.653383 2.13472 1.89973 1.09856
-3.00208 2.07853 -0.653263 2.13472 1.89973 1.09856
-3.00261 2.07836 -0.653147 2.13472 1.89973 1.09856
-3.00315 2.07821 -0.653034 2.13472 1.89973 1.09856
-3.00368 2.07807 -0.652926 2.13472 1.89973 1.09856
-3.00422 2.07795 -0.652823 2.13472 1.89973 1.09856
-3.00476 2.07784 -0.652725 2.13472 1.89973 1.09856
-3.00529 2.07775 -0.652633 2.13472 1.89973 1.09856
-3.00582 2.07768 -0.652547 2.13472 1.89973 1.09856
-3.00634 2.07762 -0.652467 2.13472 1.89973 1.09856
-3.00686 2.07757 -0.652394 2.13472 1.89973 1.09856
-3.00736 2.07754 -0.652328 2.13472 1.89973 1.09856
-3.00786 2.07752 -0.65227 2.13472 1.89973 1.09856
-3.00835 2.07752 -0.65222 2.13472 1.89973 1.09856
-3.00883 2.07753 -0.652178 2.13472 1.89973 1.09856
-3.00929 2.07756 -0.652145 2.13472 1.89973 1.09856
-3.00974 2.07759 -0.652121 2.13472 1.89973 1.09856
-3.01017 2.07764 -0.652107 2.13472 1.89973 1.09856
-3.01058 2.0777 -0.652103 2.13472 1.89973 1.09856
-3.01097 2.07778 -0.652109 2.13472 1.89973 1.09856
-3.01135 2.07786 -0.652125 2.13472 1.89973 1.09856
-3.0117 2.07796 -0.652153 2.13472 1.89973 1.09856
-3.01202 2.07807 -0.652192 2.13472 1.89973 1.09856
-3.01233 2.07819 -0.652243 2.13472 1.89973 1.09856
-3.0126 2.07832 -0.652306 2.13472 1.89973 1.09856
-3.01285 2.07846 -0.652382 2.13472 1.89973 1.09856
-3.01307 2.07861 -0.652471 2.13472 1.89973 1.09856
-3.01326 2.07877 -0.652573 2.13472 1.89973 1.09856
-3.01342 2.07894 -0.652688 2.13472 1.89973 1.09856
-3.01356 2.07912 -0.652814 2.13472 1.89973 1.09856
-3.01367 2.07931 -0.65295 2.13472 1.89973 1.09856
-3.01375 2.0795 -0.653096 2.13472 1.89973 1.09856
-3.01381 2.0797 -0.65325 2.13472 1.89973 1.09856
-3.01385 2.0799 -0.653412 2.13472 1.89973 1.09856
-3.01386 2.08011 -0.65358 2.13472 1.89973 1.09856
-3.01386 2.08033 -0.653753 2.13472 1.89973 1.09856
-3.01384 2.08054 -0.65393 2.13472 1.89973 1.09856
-3.0138 2.08076 -0.654111 2.13472 1.89973 1.09856
-3.01375 2.08099 -0.654295 2.13472 1.89973 1.09856
-3.01369 2.08121 -0.654479 2.13472 1.89973 1.09856
-3.01361 2.08144 -0.654664 2.13472 1.89973 1.09856
-3.01352 2.08166 -0.654848 2.13472 1.89973 1.09856
-3.01342 2.08189 -0.65503 2.13472 1.89973 1.09856
-3.01331 2.08211 -0.65521 2.13472 1.89973 1.09856
-3.0132 2.08233 -0.655386 2.13472 1.89973 1.09856
-3.01308 2.08255 -0.655557 2.13472 1.89973 1.09856
-3.01296 2.08276 -0.655722 2.13472 1.89973 1.09856
-3.01283 2.08297 -0.655881 2.13472 1.89973 1.09856
-3.01271 2.08318 -0.656031 2.13472 1.89973 1.09856
-3.01258 2.08338 -0.656173 2.13472 1.89973 1.09856
-3.01246 2.08358 -0.656306 2.13472 1.89973 1.09856
-3.01233 2.08376 -0.656427 2.13472 1.89973 1.09856
-3.01222 2.08394 -0.656537 2.13472 1.89973 1.09856
-3.0121 2.08412 -0.656633 2.13472 1.89973 1.09856
-3.012 2.08428 -0.656716 2.13472 1.89973 1.09856
-3.0119 2.08443 -0.656784 2.13472 1.89973 1.09856
-3.01181 2.08457 -0.656836 2.13472 1.89973 1.09856
-3.01174 2.08471 -0.656872 2.13472 1.89973 1.09856
-3.01167 2.08483 -0.656889 2.13472 1.89973 1.09856
-3.01162 2.08493 -0.656888 2.13472 1.89973 1.09856
-3.01159 2.08503 -0.656868 2.13472 1.89973 1.09856
-3.01156 2.08511 -0.656831 2.13472 1.89973 1.09856
-3.01155 2.08519 -0.656777 2.13472 1.89973 1.09856
-3.01155 2.08525 -0.656707 2.13472 1.89973 1.09856
-3.01157 2.0853 -0.656621 2.13472 1.89973 1.09856
-3.01159 2.08534 -0.656521 2.13472 1.89973 1.09856
-3.01163 2.08537 -0.656407 2.13472 1.89973 1.09856
-3.01168 2.08539 -0.65628 2.13472 1.89973 1.09856
-3.01174 2.0854 -0.65614 2.13472 1.89973 1.09856
-3.01181 2.0854 -0.655988 2.13472 1.89973 1.09856
-3.01188 2.08539 -0.655825 2.13472 1.89973 1.09856
-3.01197 2.08537 -0.655652 2.13472 1.89973 1.09856
-3.01207 2.08535 -0.655468 2.13472 1.89973 1.09856
-3.01217 2.08532 -0.655276 2.13472 1.89973 1.09856
-3.01229 2.08528 -0.655075 2.13472 1.89973 1.09856
-3.01241 2.08523 -0.654867 2.13472 1.89973 1.09856
-3.01254 2.08518 -0.654651 2.13472 1.89973 1.09856
-3.01268 2.08511 -0.654429 2.13472 1.89973 1.09856
-3.01282 2.08505 -0.654202 2.13472 1.89973 1.09856
-3.01297 2.08497 -0.65397 2.13472 1.89973 1.09856
-3.01313 2.0849 -0.653733 2.13472 1.89973 1.09856
-3.01329 2.08481 -0.653494 2.13472 1.89973 1.09856
-3.01346 2.08472 -0.653251 2.13472 1.89973 1.09856
-3.01363 2.08463 -0.653006 2.13472 1.89973 1.09856
-3.0138 2.08453 -0.65276 2.13472 1.89973 1.09856
-3.01399 2.08443 -0.652513 2.13472 1.89973 1.09856
-3.01417 2.08432 -0.652266 2.13472 1.89973 1.09856
-3.01436 2.08421 -0.65202 2.13472 1.89973 1.09856
-3.01455 2.0841 -0.651775 2.13472 1.89973 1.09856
-3.01475 2.08398 -0.651533 2.13472 1.89973 1.09856
-3.01494 2.08387 -0.651293 2.13472 1.89973 1.09856
-3.01514 2.08375 -0.651056 2.13472 1.89973 1.09856
-3.01534 2.08362 -0.650824 2.13472 1.89973 1.09856
-3.01555 2.0835 -0.650596 2.13472 1.89973 1.09856
-3.01575 2.08338 -0.650373 2.13472 1.89973 1.09856
-3.01595 2.08325 -0.650154 2.13472 1.89973 1.09856
-3.01615 2.08312 -0.649942 2.13472 1.89973 1.09856
-3.01636 2.08299 -0.649735 2.13472 1.89973 1.09856
-3.01656 2.08286 -0.649534 2.13472 1.89973 1.09856
-3.01676 2.08272 -0.649341 2.13472 1.89973 1.09856
-3.01696 2.08259 -0.649154 2.13472 1.89973 1.09856
-3.01716 2.08246 -0.648975 2.13472 1.89973 1.09856
-3.01736 2.08232 -0.648804 2.13472 1.89973 1.09856
-3.01755 2.08218 -0.648641 2.13472 1.89973 1.09856
-3.01774 2.08204 -0.648487 2.13472 1.89973 1.09856
-3.01792 2.0819 -0.648342 2.13472 1.89973 1.09856
-3.01811 2.08177 -0.648207 2.13472 1.89973 1.09856
-3.01829 2.08163 -0.648081 2.13472 1.89973 1.09856
-3.01846 2.08149 -0.647966 2.13472 1.89973 1.09856
-3.01863 2.08135 -0.647862 2.13472 1.89973 1.09856
-3.01879 2.0812 -0.647769 2.13472 1.89973 1.09856
-3.01895 2.08106 -0.647687 2.13472 1.89973 1.09856
-3.0191 2.08092 -0.647618 2.13472 1.89973 1.09856
-3.01925 2.08078 -0.647561 2.13472 1.89973 1.09856
-3.01938 2.08064 -0.647516 2.13472 1.89973 1.09856
-3.01951 2.0805 -0.647485 2.13472 1.89973 1.09856
-3.01964 2.08036 -0.647467 2.13472 1.89973 1.09856
-3.01975 2.08022 -0.647464 2.13472 1.89973 1.09856
-3.01986 2.08008 -0.647475 2.13472 1.89973 1.09856
-3.01995 2.07995 -0.6475 2.13472 1.89973 1.09856
-3.02004 2.07981 -0.647541 2.13472 1.89973 1.09856
-3.02012 2.07967 -0.647597 2.13472 1.89973 1.09856
-3.02019 2.07954 -0.647669 2.13472 1.89973 1.09856
-3.02025 2.0794 -0.647758 2.13472 1.89973 1.09856
-3.02029 2.07927 -0.647863 2.13472 1.89973 1.09856
-3.02033 2.07914 -0.647982 2.13472 1.89973 1.09856
-3.02036 2.07901 -0.648115 2.13472 1.89973 1.09856
-3.02038 2.07888 -0.648261 2.13472 1.89973 1.09856
-3.0204 2.07875 -0.648419 2.13472 1.89973 1.09856
-3.0204 2.07863 -0.648588 2.13472 1.89973 1.09856
-3.0204 2.0785 -0.648768 2.13472 1.89973 1.09856
-3.0204 2.07838 -0.648958 2.13472 1.89973 1.09856
-3.02038 2.07826 -0.649157 2.13472 1.89973 1.09856
-3.02037 2.07814 -0.649364 2.13472 1.89973 1.09856
-3.02035 2.07802 -0.649578 2.13472 1.89973 1.09856
-3.02032 2.07791 -0.649798 2.13472 1.89973 1.09856
-3.02029 2.0778 -0.650024 2.13472 1.89973 1.09856
-3.02026 2.07768 -0.650255 2.13472 1.89973 1.09856
-3.02023 2.07758 -0.650489 2.13472 1.89973 1.09856
-3.0202 2.07747 -0.650727 2.13472 1.89973 1.09856
-3.02016 2.07737 -0.650966 2.13472 1.89973 1.09856
-3.02013 2.07726 -0.651207 2.13472 1.89973 1.09856
-3.0201 2.07716 -0.651449 2.13472 1.89973 1.09856
-3.02006 2.07707 -0.65169 2.13472 1.89973 1.09856
-3.02003 2.07697 -0.65193 2.13472 1.89973 1.09856
-3.02 2.07688 -0.652168 2.13472 1.89973 1.09856
-3.01997 2.07679 -0.652404 2.13472 1.89973 1.09856
-3.01995 2.07671 -0.652635 2.13472 1.89973 1.09856
-3.01993 2.07662 -0.652862 2.13472 1.89973 1.09856
-3.01991 2.07654 -0.653084 2.13472 1.89973 1.09856
-3.0199 2.07647 -0.653299 2.13472 1.89973 1.09856
-3.01989 2.07639 -0.653508 2.13472 1.89973 1.09856
-3.01989 2.07632 -0.653709 2.13472 1.89973 1.09856
-3.0199 2.07625 -0.653901 2.13472 1.89973 1.09856
-3.01991 2.07619 -0.654083 2.13472 1.89973 1.09856
-3.01993 2.07613 -0.654255 2.13472 1.89973 1.09856
-3.01996 2.07607 -0.654417 2.13472 1.89973 1.09856
-3.02 2.07602 -0.65457 2.13472 1.89973 1.09856
-3.02004 2.07597 -0.654713 2.13472 1.89973 1.09856
-3.02009 2.07592 -0.654847 2.13472 1.89973 1.09856
-3.02015 2.07587 -0.654972 2.13472 1.89973 1.09856
-3.02021 2.07583 -0.655089 2.13472 1.89973 1.09856
-3.02028 2.07579 -0.655197 2.13472 1.89973 1.09856
-3.02035 2.07575 -0.655298 2.13472 1.89973 1.09856
-3.02043 2.07572 -0.655392 2.13472 1.89973 1.09856
-3.02052 2.07568 -0.655478 2.13472 1.89973 1.09856
-3.02061 2.07565 -0.655558 2.13472 1.89973 1.09856
-3.0207 2.07562 -0.655631 2.13472 1.89973 1.09856
-3.0208 2.0756 -0.655698 2.13472 1.89973 1.09856
-3.0209 2.07557 -0.655759 2.13472 1.89973 1.09856
-3.02101 2.07555 -0.655815 2.13472 1.89973 1.09856
-3.02112 2.07553 -0.655865 2.13472 1.89973 1.09856
-3.02124 2.07551 -0.655911 2.13472 1.89973 1.09856
-3.02136 2.07549 -0.655952 2.13472 1.89973 1.09856
-3.02148 2.07547 -0.655988 2.13472 1.89973 1.09856
-3.0216 2.07546 -0.656021 2.13472 1.89973 1.09856
-3.02173 2.07544 -0.656051 2.13472 1.89973 1.09856
-3.02186 2.07543 -0.656077 2.13472 1.89973 1.09856
-3.02199 2.07542 -0.6561 2.13472 1.89973 1.09856
-3.02212 2.07541 -0.656121 2.13472 1.89973 1.09856
-3.02226 2.0754 -0.656139 2.13472 1.89973 1.09856
-3.0224 2.07539 -0.656156 2.13472 1.89973 1.09856
-3.02253 2.07538 -0.656171 2.13472 1.89973 1.09856
-3.02267 2.07537 -0.656184 2.13472 1.89973 1.09856
-3.02281 2.07536 -0.656197 2.13472 1.89973 1.09856
-3.02295 2.07535 -0.656209 2.13472 1.89973 1.09856
-3.02309 2.07534 -0.65622 2.13472 1.89973 1.09856
-3.02323 2.07533 -0.656232 2.13472 1.89973 1.09856
-3.02337 2.07532 -0.656244 2.13472 1.89973 1.09856
-3.02351 2.07531 -0.656255 2.13472 1.89973 1.09856
-3.02365 2.07531 -0.656267 2.13472 1.89973 1.09856
-3.02379 2.0753 -0.656278 2.13472 1.89973 1.09856
-3.02393 2.07529 -0.65629 2.13472 1.89973 1.09856
-3.02407 2.07528 -0.656302 2.13472 1.89973 1.09856
-3.02421 2.07527 -0.656313 2.13472 1.89973 1.09856
-3.02435 2.07526 -0.656325 2.13472 1.89973 1.09856
-3.02449 2.07525 -0.656336 2.13472 1.89973 1.09856
-3.02463 2.07525 -0.656348 2.13472 1.89973 1.09856
-3.02477 2.07524 -0.65636 2.13472 1.89973 1.09856
-3.02491 2.07523 -0.656371 2.13472 1.89973 1.09856
-3.02505 2.07522 -0.656383 2.13472 1.89973 1.09856
-3.02519 2.07521 -0.656394 2.13472 1.89973 1.09856
-3.02533 2.0752 -0.656406 2.13472 1.89973 1.09856
-3.02548 2.07519 -0.656418 2.13472 1.89973 1.09856
-3.02562 2.07519 -0.656429 2.13472 1.89973 1.09856
-3.02576 2.07518 -0.656441 2.13472 1.89973 1.09856
-3.0259 2.07517 -0.656452 2.13472 1.89973 1.09856
-3.02604 2.07516 -0.656464 2.13472 1.89973 1.09856
-3.02618 2.07515 -0.656476 2.13472 1.89973 1.09856
-3.02632 2.07514 -0.656487 2.13472 1.89973 1.09856
-3.02646 2.07514 -0.656499 2.13472 1.89973 1.09856
-3.0266 2.07513 -0.65651 2.13472 1.89973 1.09856
-3.02674 2.07512 -0.656522 2.13472 1.89973 1.09856
-3.02688 2.07511 -0.656534 2.13472 1.89973 1.09856
-3.02702 2.0751 -0.656545 2.13472 1.89973 1.09856
-3.02716 2.07509 -0.656557 2.13472 1.89973 1.09856
-3.0273 2.07508 -0.656568 2.13472 1.89973 1.09856
-3.02744 2.07508 -0.65658 2.13472 1.89973 1.09856
-3.02758 2.07507 -0.656592 2.13472 1.89973 1.09856
-3.02772 2.07506 -0.656603 2.13472 1.89973 1.09856
-3.02786 2.07505 -0.656615 2.13472 1.89973 1.09856
-3.028 2.07504 -0.656629 2.13472 1.89973 1.09856
-3.02815 2.07504 -0.656643 2.13472 1.89973 1.09856
-3.0283 2.07504 -0.656661 2.13472 1.89973 1.09856
-3.02845 2.07504 -0.65668 2.13472 1.89973 1.09856
-3.0286 2.07505 -0.656703 2.13472 1.89973 1.09856
-3.02877 2.07506 -0.65673 2.13472 1.89973 1.09856
-3.02893 2.07508 -0.656761 2.13472 1.89973 1.09856
-3.02911 2.0751 -0.656798 2.13472 1.89973 1.09856
-3.02929 2.07513 -0.656839 2.13472 1.89973 1.09856
-3.02948 2.07517 -0.656887 2.13472 1.89973 1.09856
-3.02968 2.07522 -0.656941 2.13472 1.89973 1.09856
-3.02989 2.07527 -0.657002 2.13472 1.89973 1.09856
-3.03012 2.07534 -0.657071 2.13472 1.89973 1.09856
-3.03035 2.07542 -0.657148 2.13472 1.89973 1.09856
-3.03059 2.07551 -0.657233 2.13472 1.89973 1.09856
-3.03085 2.07561 -0.657328 2.13472 1.89973 1.09856
-3.03113 2.07572 -0.657433 2.13472 1.89973 1.09856
-3.03141 2.07585 -0.657548 2.13472 1.89973 1.09856
-3.03172 2.07599 -0.657674 2.13472 1.89973 1.09856
-3.03203 2.07615 -0.657812 2.13472 1.89973 1.09856
-3.03237 2.07632 -0.657961 2.13472 1.89973 1.09856
-3.03272 2.07651 -0.658123 2.13472 1.89973 1.09856
-3.0331 2.07672 -0.658298 2.13472 1.89973 1.09856
-3.03349 2.07694 -0.658486 2.13472 1.89973 1.09856
-3.0339 2.07719 -0.658689 2.13472 1.89973 1.09856
-3.03433 2.07745 -0.658907 2.13472 1.89973 1.09856
-3.03479 2.07773 -0.65914 2.13472 1.89973 1.09856
-3.03527 2.07804 -0.659388 2.13472 1.89973 1.09856
-3.03577 2.07836 -0.659653 2.13472 1.89973 1.09856
-3.03629 2.07871 -0.659935 2.13472 1.89973 1.09856
-3.03684 2.07908 -0.660234 2.13472 1.89973 1.09856
-3.03741 2.07947 -0.660549 2.13472 1.89973 1.09856
-3.03801 2.07988 -0.660878 2.13472 1.89973 1.09856
-3.03862 2.08031 -0.66122 2.13472 1.89973 1.09856
-3.03925 2.08076 -0.661573 2.13472 1.89973 1.09856
-3.0399 2.08122 -0.661936 2.13472 1.89973 1.09856
-3.04056 2.08169 -0.662306 2.13472 1.89973 1.09856
-3.04124 2.08217 -0.662683 2.13472 1.89973 1.09856
-3.04193 2.08267 -0.663064 2.13472 1.89973 1.09856
-3.04263 2.08317 -0.663449 2.13472 1.89973 1.09856
-3.04334 2.08367 -0.663835 2.13472 1.89973 1.09856
-3.04405 2.08418 -0.664221 2.13472 1.89973 1.09856
-3.04477 2.0847 -0.664605 2.13472 1.89973 1.09856
-3.04549 2.08521 -0.664987 2.13472 1.89973 1.09856
-3.04622 2.08573 -0.665363 2.13472 1.89973 1.09856
-3.04694 2.08624 -0.665733 2.13472 1.89973 1.09856
-3.04767 2.08675 -0.666095 2.13472 1.89973 1.09856
-3.04839 2.08725 -0.666447 2.13472 1.89973 1.09856
-3.0491 2.08774 -0.666788 2.13472 1.89973 1.09856
-3.04981 2.08823 -0.667117 2.13472 1.89973 1.09856
-3.05052 2.0887 -0.667431 2.13472 1.89973 1.09856
-3.05121 2.08916 -0.667729 2.13472 1.89973 1.09856
-3.05189 2.08961 -0.66801 2.13472 1.89973 1.09856
-3.05256 2.09004 -0.668271 2.13472 1.89973 1.09856
-3.05322 2.09045 -0.668512 2.13472 1.89973 1.09856
-3.05385 2.09084 -0.668731 2.13472 1.89973 1.09856
-3.05448 2.09122 -0.668925 2.13472 1.89973 1.09856
-3.05508 2.09157 -0.669094 2.13472 1.89973 1.09856
-3.05566 2.09189 -0.669236 2.13472 1.89973 1.09856
-3.05622 2.09219 -0.66935 2.13472 1.89973 1.09856
-3.05675 2.09246 -0.669433 2.13472 1.89973 1.09856
-3.05726 2.0927 -0.669484 2.13472 1.89973 1.09856
-3.05774 2.09291 -0.669502 2.13472 1.89973 1.09856
-3.0582 2.09309 -0.669489 2.13472 1.89973 1.09856
-3.05863 2.09324 -0.669445 2.13472 1.89973 1.09856
-3.05904 2.09336 -0.669373 2.13472 1.89973 1.09856
-3.05942 2.09346 -0.669274 2.13472 1.89973 1.09856
-3.05978 2.09352 -0.66915 2.13472 1.89973 1.09856
-3.06013 2.09357 -0.669003 2.13472 1.89973 1.09856
-3.06045 2.09358 -0.668834 2.13472 1.89973 1.09856
-3.06076 2.09357 -0.668646 2.13472 1.89973 1.09856
-3.06106 2.09354 -0.668439 2.13472 1.89973 1.09856
-3.06133 2.09349 -0.668216 2.13472 1.89973 1.09856
-3.0616 2.09341 -0.667978 2.13472 1.89973 1.09856
-3.06185 2.09332 -0.667727 2.13472 1.89973 1.09856
-3.0621 2.0932 -0.667465 2.13472 1.89973 1.09856
-3.06233 2.09307 -0.667192 2.13472 1.89973 1.09856
-3.06255 2.09292 -0.666912 2.13472 1.89973 1.09856
-3.06277 2.09275 -0.666626 2.13472 1.89973 1.09856
-3.06299 2.09257 -0.666334 2.13472 1.89973 1.09856
-3.0632 2.09237 -0.66604 2.13472 1.89973 1.09856
-3.0634 2.09215 -0.665745 2.13472 1.89973 1.09856
-3.06361 2.09193 -0.66545 2.13472 1.89973 1.09856
-3.06381 2.09169 -0.665157 2.13472 1.89973 1.09856
-3.06402 2.09144 -0.664868 2.13472 1.89973 1.09856
-3.06422 2.09117 -0.664584 2.13472 1.89973 1.09856
-3.06443 2.0909 -0.664308 2.13472 1.89973 1.09856
-3.06465 2.09062 -0.66404 2.13472 1.89973 1.09856
-3.06487 2.09033 -0.663783 2.13472 1.89973 1.09856
-3.0651 2.09004 -0.663539 2.13472 1.89973 1.09856
-3.06534 2.08974 -0.663308 2.13472 1.89973 1.09856
-3.06559 2.08943 -0.663093 2.13472 1.89973 1.09856
-3.06584 2.08912 -0.662895 2.13472 1.89973 1.09856
-3.06612 2.08881 -0.662717 2.13472 1.89973 1.09856
-3.0664 2.08849 -0.662559 2.13472 1.89973 1.09856
-3.0667 2.08817 -0.662421 2.13472 1.89973 1.09856
-3.06701 2.08785 -0.662303 2.13472 1.89973 1.09856
-3.06734 2.08753 -0.662204 2.13472 1.89973 1.09856
-3.06767 2.0872 -0.662124 2.13472 1.89973 1.09856
-3.06802 2.08688 -0.662062 2.13472 1.89973 1.09856
-3.06838 2.08655 -0.662017 2.13472 1.89973 1.09856
-3.06875 2.08623 -0.661989 2.13472 1.89973 1.09856
-3.06913 2.0859 -0.661977 2.13472 1.89973 1.09856
-3.06952 2.08558 -0.661981 2.13472 1.89973 1.09856
-3.06992 2.08525 -0.662 2.13472 1.89973 1.09856
-3.07032 2.08493 -0.662034 2.13472 1.89973 1.09856
-3.07074 2.0846 -0.662083 2.13472 1.89973 1.09856
-3.07116 2.08428 -0.662144 2.13472 1.89973 1.09856
-3.07159 2.08396 -0.662219 2.13472 1.89973 1.09856
-3.07203 2.08365 -0.662307 2.13472 1.89973 1.09856
-3.07248 2.08333 -0.662406 2.13472 1.89973 1.09856
-3.07293 2.08302 -0.662517 2.13472 1.89973 1.09856
-3.07338 2.08271 -0.662638 2.13472 1.89973 1.09856
-3.07384 2.08241 -0.66277 2.13472 1.89973 1.09856
-3.07431 2.08211 -0.662912 2.13472 1.89973 1.09856
-3.07478 2.08181 -0.663063 2.13472 1.89973 1.09856
-3.07525 2.08152 -0.663222 2.13472 1.89973 1.09856
-3.07573 2.08123 -0.66339 2.13472 1.89973 1.09856
-3.07621 2.08094 -0.663565 2.13472 1.89973 1.09856
-3.07669 2.08067 -0.663747 2.13472 1.89973 1.09856
-3.07718 2.0804 -0.663936 2.13472 1.89973 1.09856
-3.07766 2.08013 -0.664131 2.13472 1.89973 1.09856
-3.07815 2.07987 -0.664331 2.13472 1.89973 1.09856
-3.07863 2.07962 -0.664536 2.13472 1.89973 1.09856
-3.07912 2.07937 -0.664745 2.13472 1.89973 1.09856
-3.07961 2.07913 -0.664958 2.13472 1.89973 1.09856
-3.08009 2.0789 -0.665174 2.13472 1.89973 1.09856
-3.08057 2.07868 -0.665393 2.13472 1.89973 1.09856
-3.08106 2.07846 -0.665615 2.13472 1.89973 1.09856
-3.08153 2.07825 -0.665839 2.13472 1.89973 1.09856
-3.08201 2.07805 -0.666066 2.13472 1.89973 1.09856
-3.08248 2.07786 -0.666295 2.13472 1.89973 1.09856
-3.08295 2.07768 -0.666526 2.13472 1.89973 1.09856
-3.08341 2.0775 -0.666759 2.13472 1.89973 1.09856
-3.08387 2.07733 -0.666994 2.13472 1.89973 1.09856
-3.08432 2.07717 -0.66723 2.13472 1.89973 1.09856
-3.08477 2.07702 -0.667467 2.13472 1.89973 1.09856
-3.0852 2.07688 -0.667705 2.13472 1.89973 1.09856
-3.08563 2.07674 -0.667944 2.13472 1.89973 1.09856
-3.08605 2.07662 -0.668184 2.13472 1.89973 1.09856
-3.08646 2.0765 -0.668425 2.13472 1.89973 1.09856
-3.08687 2.07639 -0.668665 2.13472 1.89973 1.09856
-3.08726 2.07629 -0.668906 2.13472 1.89973 1.09856
-3.08764 2.0762 -0.669147 2.13472 1.89973 1.09856
-3.08801 2.07612 -0.669387 2.13472 1.89973 1.09856
-3.08837 2.07605 -0.669627 2.13472 1.89973 1.09856
-3.08872 2.07598 -0.669866 2.13472 1.89973 1.09856
-3.08905 2.07593 -0.670105 2.13472 1.89973 1.09856
-3.08937 2.07588 -0.670342 2.13472 1.89973 1.09856
-3.08967 2.07584 -0.670578 2.13472 1.89973 1.09856
-3.08996 2.07582 -0.670813 2.13472 1.89973 1.09856
-3.09024 2.0758 -0.671046 2.13472 1.89973 1.09856
-3.0905 2.07579 -0.671277 2.13472 1.89973 1.09856
-3.09074 2.0758 -0.671506 2.13472 1.89973 1.09856
-3.09097 2.07581 -0.671733 2.13472 1.89973 1.09856
-3.09117 2.07583 -0.671958 2.13472 1.89973 1.09856
-3.09136 2.07586 -0.67218 2.13472 1.89973 1.09856
-3.09153 2.0759 -0.672399 2.13472 1.89973 1.09856
-3.09169 2.07595 -0.672615 2.13472 1.89973 1.09856
-3.09182 2.07601 -0.672829 2.13472 1.89973 1.09856
-3.09193 2.07608 -0.673038 2.13472 1.89973 1.09856
-3.09203 2.07616 -0.673245 2.13472 1.89973 1.09856
-3.09211 2.07624 -0.673448 2.13472 1.89973 1.09856
-3.09217 2.07633 -0.673647 2.13472 1.89973 1.09856
-3.09222 2.07643 -0.673842 2.13472 1.89973 1.09856
-3.09225 2.07653 -0.674033 2.13472 1.89973 1.09856
-3.09226 2.07663 -0.67422 2.13472 1.89973 1.09856
-3.09226 2.07674 -0.674403 2.13472 1.89973 1.09856
-3.09225 2.07685 -0.674581 2.13472 1.89973 1.09856
-3.09222 2.07696 -0.674754 2.13472 1.89973 1.09856
-3.09217 2.07707 -0.674922 2.13472 1.89973 1.09856
-3.09212 2.07718 -0.675086 2.13472 1.89973 1.09856
-3.09205 2.0773 -0.675244 2.13472 1.89973 1.09856
-3.09197 2.07741 -0.675397 2.13472 1.89973 1.09856
-3.09188 2.07751 -0.675545 2.13472 1.89973 1.09856
-3.09177 2.07762 -0.675687 2.13472 1.89973 1.09856
-3.09166 2.07772 -0.675823 2.13472 1.89973 1.09856
-3.09154 2.07782 -0.675954 2.13472 1.89973 1.09856
-3.0914 2.07791 -0.676078 2.13472 1.89973 1.09856
-3.09126 2.078 -0.676196 2.13472 1.89973 1.09856
-3.09111 2.07808 -0.676307 2.13472 1.89973 1.09856
-3.09095 2.07815 -0.676412 2.13472 1.89973 1.09856
-3.09078 2.07821 -0.676511 2.13472 1.89973 1.09856
-3.09061 2.07827 -0.676602 2.13472 1.89973 1.09856
-3.09043 2.07831 -0.676687 2.13472 1.89973 1.09856
-3.09024 2.07835 -0.676764 2.13472 1.89973 1.09856
-3.09005 2.07837 -0.676834 2.13472 1.89973 1.09856
-3.08985 2.07838 -0.676897 2.13472 1.89973 1.09856
-3.08965 2.07838 -0.676952 2.13472 1.89973 1.09856
-3.08944 2.07837 -0.676999 2.13472 1.89973 1.09856
-3.08923 2.07834 -0.677038 2.13472 1.89973 1.09856
-3.08902 2.0783 -0.67707 2.13472 1.89973 1.09856
-3.0888 2.07824 -0.677095 2.13472 1.89973 1.09856
-3.08858 2.07817 -0.677115 2.13472 1.89973 1.09856
-3.08836 2.07809 -0.677129 2.13472 1.89973 1.09856
-3.08814 2.078 -0.677139 2.13472 1.89973 1.09856
-3.08792 2.0779 -0.677145 2.13472 1.89973 1.09856
-3.0877 2.0778 -0.677148 2.13472 1.89973 1.09856
-3.08748 2.07768 -0.677148 2.13472 1.89973 1.09856
-3.08727 2.07755 -0.677146 2.13472 1.89973 1.09856
-3.08705 2.07742 -0.677144 2.13472 1.89973 1.09856
-3.08684 2.07728 -0.677141 2.13472 1.89973 1.09856
-3.08663 2.07713 -0.677138 2.13472 1.89973 1.09856
-3.08643 2.07698 -0.677136 2.13472 1.89973 1.09856
-3.08623 2.07683 -0.677136 2.13472 1.89973 1.09856
-3.08604 2.07667 -0.677139 2.13472 1.89973 1.09856
-3.08585 2.07651 -0.677144 2.13472 1.89973 1.09856
-3.08567 2.07634 -0.677153 2.13472 1.89973 1.09856
-3.0855 2.07618 -0.677166 2.13472 1.89973 1.09856
-3.08533 2.07601 -0.677184 2.13472 1.89973 1.09856
-3.08518 2.07584 -0.677209 2.13472 1.89973 1.09856
-3.08503 2.07567 -0.677239 2.13472 1.89973 1.09856
-3.08489 2.07551 -0.677277 2.13472 1.89973 1.09856
-3.08477 2.07534 -0.677322 2.13472 1.89973 1.09856
-3.08465 2.07518 -0.677376 2.13472 1.89973 1.09856
-3.08455 2.07502 -0.677439 2.13472 1.89973 1.09856
-3.08446 2.07487 -0.677512 2.13472 1.89973 1.09856
-3.08438 2.07472 -0.677596 2.13472 1.89973 1.09856
-3.08432 2.07457 -0.677691 2.13472 1.89973 1.09856
-3.08427 2.07444 -0.677798 2.13472 1.89973 1.09856
-3.08423 2.0743 -0.677917 2.13472 1.89973 1.09856
-3.08421 2.07418 -0.678049 2.13472 1.89973 1.09856
-3.08421 2.07406 -0.678196 2.13472 1.89973 1.09856
-3.08422 2.07395 -0.678356 2.13472 1.89973 1.09856
-3.08425 2.07385 -0.678529 2.13472 1.89973 1.09856
-3.08429 2.07376 -0.678715 2.13472 1.89973 1.09856
-3.08434 2.07367 -0.678913 2.13472 1.89973 1.09856
-3.08441 2.07359 -0.679123 2.13472 1.89973 1.09856
-3.0845 2.07352 -0.679344 2.13472 1.89973 1.09856
-3.08459 2.07345 -0.679576 2.13472 1.89973 1.09856
-3.0847 2.07339 -0.679819 2.13472 1.89973 1.09856
-3.08482 2.07334 -0.680071 2.13472 1.89973 1.09856
-3.08495 2.07329 -0.680333 2.13472 1.89973 1.09856
-3.08509 2.07324 -0.680605 2.13472 1.89973 1.09856
-3.08524 2.0732 -0.680885 2.13472 1.89973 1.09856
-3.0854 2.07317 -0.681173 2.13472 1.89973 1.09856
-3.08557 2.07314 -0.681469 2.13472 1.89973 1.09856
-3.08575 2.07311 -0.681773 2.13472 1.89973 1.09856
-3.08593 2.07309 -0.682084 2.13472 1.89973 1.09856
-3.08612 2.07307 -0.682401 2.13472 1.89973 1.09856
-3.08632 2.07306 -0.682724 2.13472 1.89973 1.09856
-3.08653 2.07305 -0.683053 2.13472 1.89973 1.09856
-3.08674 2.07304 -0.683387 2.13472 1.89973 1.09856
-3.08696 2.07304 -0.683726 2.13472 1.89973 1.09856
-3.08719 2.07303 -0.684069 2.13472 1.89973 1.09856
-3.08742 2.07303 -0.684417 2.13472 1.89973 1.09856
-3.08765 2.07303 -0.684767 2.13472 1.89973 1.09856
-3.08788 2.07304 -0.685121 2.13472 1.89973 1.09856
-3.08812 2.07304 -0.685478 2.13472 1.89973 1.09856
-3.08836 2.07305 -0.685836 2.13472 1.89973 1.09856
-3.08861 2.07306 -0.686197 2.13472 1.89973 1.09856
-3.08885 2.07307 -0.686558 2.13472 1.89973 1.09856
-3.0891 2.07307 -0.686921 2.13472 1.89973 1.09856
-3.08934 2.07308 -0.687284 2.13472 1.89973 1.09856
-3.08959 2.07309 -0.687647 2.13472 1.89973 1.09856
-3.08984 2.0731 -0.68801 2.13472 1.89973 1.09856
-3.09008 2.07311 -0.688373 2.13472 1.89973 1.09856
-3.09033 2.07312 -0.688736 2.13472 1.89973 1.09856
-3.09057 2.07313 -0.689099 2.13472 1.89973 1.09856
-3.09082 2.07314 -0.689462 2.13472 1.89973 1.09856
-3.09107 2.07314 -0.689825 2.13472 1.89973 1.09856
-3.09131 2.07315 -0.690188 2.13472 1.89973 1.09856
-3.09156 2.07316 -0.690551 2.13472 1.89973 1.09856
-3.09181 2.07317 -0.690914 2.13472 1.89973 1.09856
-3.09205 2.07318 -0.691277 2.13472 1.89973 1.09856
-3.0923 2.07319 -0.69164 2.13472 1.89973 1.09856
-3.09255 2.0732 -0.692003 2.13472 1.89973 1.09856
-3.09279 2.07321 -0.692366 2.13472 1.89973 1.09856
-3.09304 2.07321 -0.692729 2.13472 1.89973 1.09856
-3.09328 2.07322 -0.693092 2.13472 1.89973 1.09856
-3.09352 2.07324 -0.693587 2.13472 1.89973 1.09856
-3.09377 2.07326 -0.694083 2.13472 1.89973 1.09856
-3.09401 2.07328 -0.694579 2.13472 1.89973 1.09856
-3.09425 2.0733 -0.695075 2.13472 1.89973 1.09856
-3.09449 2.07332 -0.695571 2.13472 1.89973 1.09856
-3.09473 2.07333 -0.696066 2.13472 1.89973 1.09856
-3.09497 2.07335 -0.696579 2.13472 1.89973 1.09856
-3.09521 2.07337 -0.697099 2.13472 1.89973 1.09856
-3.09545 2.0734 -0.697637 2.13472 1.89973 1.09856
-3.09569 2.07342 -0.698188 2.13472 1.89973 1.09856
-3.09592 2.07344 -0.698753 2.13472 1.89973 1.09856
-3.09616 2.07347 -0.699327 2.13472 1.89973 1.09856
-3.0964 2.07349 -0.69991 2.13472 1.89973 1.09856
-3.09664 2.07352 -0.700503 2.13472 1.89973 1.09856
-3.09687 2.07354 -0.701109 2.13472 1.89973 1.09856
-3.09711 2.07357 -0.701729 2.13472 1.89973 1.09856
-3.09734 2.0736 -0.702366 2.13472 1.89973 1.09856
-3.09758 2.07363 -0.703019 2.13472 1.89973 1.09856
-3.09781 2.07366 -0.703688 2.13472 1.89973 1.09856
-3.09804 2.07369 -0.704371 2.13472 1.89973 1.09856
-3.09828 2.07372 -0.705069 2.13472 1.89973 1.09856
-3.09851 2.07376 -0.705781 2.13472 1.89973 1.09856
-3.09874 2.07379 -0.706507 2.13472 1.89973 1.09856
-3.09897 2.07383 -0.707245 2.13472 1.89973 1.09856
-3.0992 2.07387 -0.707996 2.13472 1.89973 1.09856
-3.09943 2.0739 -0.708759 2.13472 1.89973 1.09856
-3.09966 2.07394 -0.709533 2.13472 1.89973 1.09856
-3.09989 2.07398 -0.710319 2.13472 1.89973 1.09856
-3.10012 2.07402 -0.711114 2.13472 1.89973 1.09856
-3.10034 2.07406 -0.71192 2.13472 1.89973 1.09856
-3.10057 2.0741 -0.712734 2.13472 1.89973 1.09856
-3.1008 2.07415 -0.713558 2.13472 1.89973 1.09856
-3.10103 2.07419 -0.71439 2.13472 1.89973 1.09856
-3.10125 2.07423 -0.715229 2.13472 1.89973 1.09856
-3.10148 2.07428 -0.716076 2.13472 1.89973 1.09856
-3.1017 2.07432 -0.71693 2.13472 1.89973 1.09856
-3.10193 2.07436 -0.71779 2.13472 1.89973 1.09856
-3.10216 2.07441 -0.718655 2.13472 1.89973 1.09856
-3.10238 2.07446 -0.719526 2.13472 1.89973 1.09856
-3.10261 2.0745 -0.720402 2.13472 1.89973 1.09856
-3.10283 2.07455 -0.721281 2.13472 1.89973 1.09856
-3.10306 2.07459 -0.722164 2.13472 1.89973 1.09856
-3.10328 2.07464 -0.723051 2.13472 1.89973 1.09856
-3.10351 2.07469 -0.72394 2.13472 1.89973 1.09856
-3.10373 2.07473 -0.724831 2.13472 1.89973 1.09856
-3.10395 2.07478 -0.725723 2.13472 1.89973 1.09856
-3.10418 2.07483 -0.726617 2.13472 1.89973 1.09856
-3.1044 2.07488 -0.727511 2.13472 1.89973 1.09856
-3.10463 2.07492 -0.728405 2.13472 1.89973 1.09856
-3.10485 2.07497 -0.729299 2.13472 1.89973 1.09856
-3.10508 2.07502 -0.730194 2.13472 1.89973 1.09856
-3.1053 2.07507 -0.73109 2.13472 1.89973 1.09856
-3.10552 2.07511 -0.731987 2.13472 1.89973 1.09856
-3.10575 2.07516 -0.732885 2.13472 1.89973 1.09856
-3.10597 2.07521 -0.733784 2.13472 1.89973 1.09856
-3.1062 2.07526 -0.734686 2.13472 1.89973 1.09856
-3.10642 2.0753 -0.735589 2.13472 1.89973 1.09856
-3.10664 2.07535 -0.736495 2.13472 1.89973 1.09856
-3.10687 2.0754 -0.737403 2.13472 1.89973 1.09856
-3.10709 2.07545 -0.738314 2.13472 1.89973 1.09856
-3.10732 2.0755 -0.739229 2.13472 1.89973 1.09856
-3.10754 2.07555 -0.740146 2.13472 1.89973 1.09856
-3.10776 2.07559 -0.741068 2.13472 1.89973 1.09856
-3.10798 2.07564 -0.741993 2.13472 1.89973 1.09856
-3.10821 2.07569 -0.742922 2.13472 1.89973 1.09856
-3.10843 2.07574 -0.743856 2.13472 1.89973 1.09856
-3.10865 2.07579 -0.744795 2.13472 1.89973 1.09856
-3.10888 2.07585 -0.745738 2.13472 1.89973 1.09856
-3.1091 2.0759 -0.746687 2.13472 1.89973 1.09856
-3.10932 2.07595 -0.747641 2.13472 1.89973 1.09856
-3.10954 2.076 -0.7486 2.13472 1.89973 1.09856
-3.10976 2.07605 -0.749566 2.13472 1.89973 1.09856
-3.10998 2.07611 -0.750538 2.13472 1.89973 1.09856
-3.1102 2.07616 -0.751516 2.13472 1.89973 1.09856
-3.11042 2.07621 -0.752501 2.13472 1.89973 1.09856
-3.11064 2.07627 -0.753494 2.13472 1.89973 1.09856
-3.11086 2.07632 -0.754493 2.13472 1.89973 1.09856
-3.11108 2.07638 -0.7555 2.13472 1.89973 1.09856
-3.1113 2.07643 -0.756515 2.13472 1.89973 1.09856
-3.11152 2.07649 -0.757537 2.13472 1.89973 1.09856
-3.11174 2.07655 -0.758568 2.13472 1.89973 1.09856
-3.11196 2.0766 -0.759607 2.13472 1.89973 1.09856
-3.11218 2.07666 -0.760654 2.13472 1.89973 1.09856
-3.1124 2.07672 -0.761709 2.13472 1.89973 1.09856
-3.11261 2.07678 -0.76277 2.13472 1.89973 1.09856
-3.11283 2.07684 -0.763839 2.13472 1.89973 1.09856
-3.11305 2.0769 -0.764914 2.13472 1.89973 1.09856
-3.11326 2.07696 -0.765996 2.13472 1.89973 1.09856
-3.11348 2.07702 -0.767084 2.13472 1.89973 1.09856
-3.1137 2.07708 -0.768178 2.13472 1.89973 1.09856
-3.11391 2.07715 -0.769278 2.13472 1.89973 1.09856
-3.11413 2.07721 -0.770383 2.13472 1.89973 1.09856
-3.11434 2.07727 -0.771494 2.13472 1.89973 1.09856
-3.11456 2.07734 -0.772609 2.13472 1.89973 1.09856
-3.11477 2.0774 -0.773729 2.13472 1.89973 1.09856
-3.11499 2.07746 -0.774853 2.13472 1.89973 1.09856
-3.1152 2.07753 -0.775982 2.13472 1.89973 1.09856
-3.11542 2.07759 -0.777114 2.13472 1.89973 1.09856
-3.11563 2.07766 -0.778251 2.13472 1.89973 1.09856
-3.11585 2.07772 -0.77939 2.13472 1.89973 1.09856
-3.11606 2.07779 -0.780533 2.13472 1.89973 1.09856
-3.11627 2.07785 -0.781678 2.13472 1.89973 1.09856
-3.11649 2.07792 -0.782826 2.13472 1.89973 1.09856
-3.1167 2.07798 -0.783976 2.13472 1.89973 1.09856
-3.11691 2.07805 -0.785129 2.13472 1.89973 1.09856
-3.11713 2.07812 -0.786283 2.13472 1.89973 1.09856
-3.11734 2.07818 -0.787439 2.13472 1.89973 1.09856
-3.11755 2.07825 -0.788596 2.13472 1.89973 1.09856
-3.11777 2.07831 -0.789754 2.13472 1.89973 1.09856
-3.11798 2.07838 -0.790913 2.13472 1.89973 1.09856
-3.11819 2.07845 -0.792072 2.13472 1.89973 1.09856
-3.11841 2.07851 -0.793232 2.13472 1.89973 1.09856
-3.11862 2.07858 -0.794392 2.13472 1.89973 1.09856
-3.11883 2.07865 -0.795551 2.13472 1.89973 1.09856
-3.11905 2.07871 -0.796711 2.13472 1.89973 1.09856
-3.11926 2.07878 -0.797871 2.13472 1.89973 1.09856
-3.11947 2.07885 -0.79903 2.13472 1.89973 1.09856
-3.11969 2.07891 -0.80019 2.13472 1.89973 1.09856
-3.1199 2.07898 -0.80135 2.13472 1.89973 1.09856
-3.12011 2.07904 -0.802509 2.13472 1.89973 1.09856
-3.12033 2.07911 -0.803669 2.13472 1.89973 1.09856
-3.12054 2.07918 -0.804829 2.13472 1.89973 1.09856
-3.12075 2.07924 -0.805988 2.13472 1.89973 1.09856
-3.12097 2.07931 -0.807148 2.13472 1.89973 1.09856
-3.12118 2.07938 -0.808308 2.13472 1.89973 1.09856
-3.1214 2.07944 -0.809467 2.13472 1.89973 1.09856
-3.12161 2.07951 -0.810627 2.13472 1.89973 1.09856
-3.12182 2.07958 -0.811787 2.13472 1.89973 1.09856
-3.12204 2.07964 -0.812946 2.13472 1.89973 1.09856
-3.12225 2.07971 -0.814106 2.13472 1.89973 1.09856
-3.12246 2.07978 -0.815266 2.13472 1.89973 1.09856
-3.12268 2.07984 -0.816425 2.13472 1.89973 1.09856
-3.12289 2.07991 -0.817585 2.13472 1.89973 1.09856
-3.1231 2.07997 -0.818745 2.13472 1.89973 1.09856
-3.12332 2.08004 -0.819904 2.13472 1.89973 1.09856
-3.12353 2.08011 -0.821064 2.13472 1.89973 1.09856
-3.12374 2.08017 -0.822224 2.13472 1.89973 1.09856
-3.12396 2.08024 -0.823383 2.13472 1.89973 1.09856
-3.12417 2.08031 -0.824543 2.13472 1.89973 1.09856
-3.12438 2.08037 -0.825703 2.13472 1.89973 1.09856
-3.1246 2.08044 -0.826862 2.13472 1.89973 1.09856
-3.12481 2.08051 -0.828022 2.13472 1.89973 1.09856
-3.12502 2.08057 -0.829182 2.13472 1.89973 1.09856
-3.12524 2.08064 -0.830341 2.13472 1.89973 1.09856
-3.12545 2.08071 -0.831501 2.13472 1.89973 1.09856
-3.12566 2.08077 -0.832661 2.13472 1.89973 1.09856
-3.12588 2.08084 -0.83382 2.13472 1.89973 1.09856
-3.12609 2.0809 -0.83498 2.13472 1.89973 1.09856
-3.1263 2.08097 -0.83614 2.13472 1.89973 1.09856
-3.12652 2.08104 -0.837299 2.13472 1.89973 1.09856
-3.12673 2.0811 -0.838459 2.13472 1.89973 1.09856
-3.12694 2.08117 -0.839619 2.13472 1.89973 1.09856
-3.12716 2.08124 -0.840778 2.13472 1.89973 1.09856
-3.12737 2.0813 -0.841938 2.13472 1.89973 1.09856
-3.12758 2.08137 -0.843098 2.13472 1.89973 1.09856
-3.1278 2.08144 -0.844257 2.13472 1.89973 1.09856
-3.12801 2.0815 -0.845417 2.13472 1.89973 1.09856
-3.12822 2.08157 -0.846577 2.13472 1.89973 1.09856
-3.12844 2.08164 -0.847736 2.13472 1.89973 1.09856
-3.12865 2.0817 -0.848896 2.13472 1.89973 1.09856
-3.12886 2.08177 -0.850056 2.13472 1.89973 1.09856
-3.12908 2.08183 -0.851215 2.13472 1.89973 1.09856
-3.12929 2.0819 -0.852375 2.13472 1.89973 1.09856
-3.1295 2.08197 -0.853535 2.13472 1.89973 1.09856
-3.12972 2.08203 -0.854694 2.13472 1.89973 1.09856
-3.12993 2.0821 -0.855854 2.13472 1.89973 1.09856
-3.13014 2.08217 -0.857014 2.13472 1.89973 1.09856
-3.13036 2.08223 -0.858173 2.13472 1.89973 1.09856
-3.13057 2.0823 -0.859333 2.13472 1.89973 1.09856
-3.13078 2.08237 -0.860493 2.13472 1.89973 1.09856
-3.131 2.08243 -0.861652 2.13472 1.89973 1.09856
-3.13121 2.0825 -0.862812 2.13472 1.89973 1.09856
-3.13142 2.08257 -0.863972 2.13472 1.89973 1.09856
-3.13164 2.08263 -0.865131 2.13472 1.89973 1.09856
-3.13185 2.0827 -0.866291 2.13472 1.89973 1.09856
-3.13206 2.08276 -0.867451 2.13472 1.89973 1.09856
-3.13228 2.08283 -0.86861 2.13472 1.89973 1.09856
-3.13249 2.0829 -0.86977 2.13472 1.89973 1.09856
-3.1327 2.08296 -0.87093 2.13472 1.89973 1.09856
-3.13292 2.08303 -0.872089 2.13472 1.89973 1.09856
-3.13313 2.0831 -0.873249 2.13472 1.89973 1.09856
-3.13334 2.08316 -0.874409 2.13472 1.89973 1.09856
-3.13356 2.08323 -0.875568 2.13472 1.89973 1.09856
-3.13377 2.0833 -0.876728 2.13472 1.89973 1.09856
-3.13398 2.08336 -0.877888 2.13472 1.89973 1.09856
-3.1342 2.08343 -0.879047 2.13472 1.89973 1.09856
-3.13441 2.0835 -0.880207 2.13472 1.89973 1.09856
-3.13462 2.08356 -0.881367 2.13472 1.89973 1.09856
-3.13484 2.08363 -0.882526 2.13472 1.89973 1.09856
-3.13505 2.08369 -0.883686 2.13472 1.89973 1.09856
-3.13526 2.08376 -0.884846 2.13472 1.89973 1.09856
-3.13548 2.08383 -0.886005 2.13472 1.89973 1.09856
-3.13569 2.08389 -0.887165 2.13472 1.89973 1.09856
-3.1359 2.08396 -0.888325 2.13472 1.89973 1.09856
-3.13612 2.08403 -0.889484 2.13472 1.89973 1.09856
-3.13633 2.08409 -0.890644 2.13472 1.89973 1.09856
-3.13654 2.08416 -0.891804 2.13472 1.89973 1.09856
-3.13676 2.08423 -0.892963 2.13472 1.89973 1.09856
-3.13697 2.08429 -0.894123 2.13472 1.89973 1.09856
-3.13718 2.08436 -0.895283 2.13472 1.89973 1.09856
-3.1374 2.08443 -0.896442 2.13472 1.89973 1.09856
-3.13761 2.08449 -0.897602 2.13472 1.89973 1.09856
-3.13782 2.08456 -0.898762 2.13472 1.89973 1.09856
-3.13804 2.08462 -0.899921 2.13472 1.89973 1.09856
-3.13825 2.08469 -0.901081 2.13472 1.89973 1.09856
-3.13846 2.08476 -0.902241 2.13472 1.89973 1.09856
-3.13868 2.08482 -0.903401 2.13472 1.89973 1.09856
-3.13889 2.08489 -0.90456 2.13472 1.89973 1.09856
-3.1391 2.08496 -0.90572 2.13472 1.89973 1.09856
-3.13932 2.08502 -0.90688 2.13472 1.89973 1.09856
-3.13953 2.08509 -0.908039 2.13472 1.89973 1.09856
-3.13974 2.08516 -0.909199 2.13472 1.89973 1.09856
-3.13996 2.08522 -0.910359 2.13472 1.89973 1.09856
-3.14017 2.08529 -0.911518 2.13472 1.89973 1.09856
-3.14038 2.08536 -0.912678 2.13472 1.89973 1.09856
-3.1406 2.08542 -0.913838 2.13472 1.89973 1.09856
-3.14081 2.08549 -0.914997 2.13472 1.89973 1.09856
-3.14102 2.08555 -0.916157 2.13472 1.89973 1.09856
-3.14124 2.08562 -0.917317 2.13472 1.89973 1.09856
-3.14145 2.08569 -0.918476 2.13472 1.89973 1.09856
-3.14166 2.08575 -0.919636 2.13472 1.89973 1.09856
-3.14188 2.08582 -0.920796 2.13472 1.89973 1.09856
-3.14209 2.08589 -0.921955 2.13472 1.89973 1.09856
-3.1423 2.08595 -0.923115 2.13472 1.89973 1.09856
-3.14252 2.08602 -0.924275 2.13472 1.89973 1.09856
-3.14273 2.08609 -0.925434 2.13472 1.89973 1.09856
-3.14294 2.08615 -0.926594 2.13472 1.89973 1.09856
-3.14316 2.08622 -0.927754 2.13472 1.89973 1.09856
-3.14337 2.08629 -0.928913 2.13472 1.89973 1.09856
-3.14358 2.08635 -0.930073 2.13472 1.89973 1.09856
-3.1438 2.08642 -0.931233 2.13472 1.89973 1.09856
-3.14401 2.08648 -0.932392 2.13472 1.89973 1.09856
-3.14422 2.08655 -0.933552 2.13472 1.89973 1.09856
-3.14444 2.08662 -0.934712 2.13472 1.89973 1.09856
-3.14465 2.08668 -0.935871 2.13472 1.89973 1.09856
-3.14486 2.08675 -0.937031 2.13472 1.89973 1.09856
-3.14508 2.08682 -0.938191 2.13472 1.89973 1.09856
-3.14529 2.08688 -0.93935 2.13472 1.89973 1.09856
-3.1455 2.08695 -0.94051 2.13472 1.89973 1.09856
-3.14572 2.08702 -0.94167 2.13472 1.89973 1.09856
-3.14593 2.08708 -0.942829 2.13472 1.89973 1.09856
-3.14614 2.08715 -0.943989 2.13472 1.89973 1.09856
-3.14636 2.08722 -0.945149 2.13472 1.89973 1.09856
-3.14657 2.08728 -0.946308 2.13472 1.89973 1.09856
-3.14678 2.08735 -0.947468 2.13472 1.89973 1.09856
-3.147 2.08741 -0.948628 2.13472 1.89973 1.09856
-3.14721 2.08748 -0.949787 2.13472 1.89973 1.09856
-3.14742 2.08755 -0.950947 2.13472 1.89973 1.09856
-3.14764 2.08761 -0.952107 2.13472 1.89973 1.09856
-3.14785 2.08768 -0.953266 2.13472 1.89973 1.09856
-3.14806 2.08775 -0.954426 2.13472 1.89973 1.09856
-3.14828 2.08781 -0.955586 2.13472 1.89973 1.09856
-3.14849 2.08788 -0.956745 2.13472 1.89973 1.09856
-3.1487 2.08795 -0.957905 2.13472 1.89973 1.09856
-3.14892 2.08801 -0.959065 2.13472 1.89973 1.09856
-3.14913 2.08808 -0.960224 2.13472 1.89973 1.09856
-3.14934 2.08815 -0.961384 2.13472 1.89973 1.09856
-3.14956 2.08821 -0.962544 2.13472 1.89973 1.09856
-3.14977 2.08828 -0.963703 2.13472 1.89973 1.09856
-3.14998 2.08834 -0.964863 2.13472 1.89973 1.09856
-3.1502 2.08841 -0.966023 2.13472 1.89973 1.09856
-3.15041 2.08848 -0.967182 2.13472 1.89973 1.09856
-3.15062 2.08854 -0.968342 2.13472 1.89973 1.09856
-3.15084 2.08861 -0.969502 2.13472 1.89973 1.09856
-3.15105 2.08868 -0.970661 2.13472 1.89973 1.09856
-3.15126 2.08874 -0.971821 2.13472 1.89973 1.09856
-3.15148 2.08881 -0.972981 2.13472 1.89973 1.09856
-3.15169 2.08888 -0.97414 2.13472 1.89973 1.09856
-3.1519 2.08894 -0.9753 2.13472 1.89973 1.09856
-3.15212 2.08901 -0.97646 2.13472 1.89973 1.09856
-3.15233 2.08908 -0.977619 2.13472 1.89973 1.09856
-3.15254 2.08914 -0.978779 2.13472 1.89973 1.09856
