2.66742 1.90437 -1.85539 1.91619 0.80093 3.07639
2.66759 1.90432 -1.85446 1.91619 0.80093 3.07639
2.66775 1.90426 -1.85353 1.91619 0.80093 3.07639
2.66792 1.9042 -1.85261 1.91619 0.80093 3.07639
2.66809 1.90415 -1.85168 1.91619 0.80093 3.07639
2.66826 1.90409 -1.85075 1.91619 0.80093 3.07639
2.66843 1.90404 -1.84982 1.91619 0.80093 3.07639
2.66859 1.90398 -1.84889 1.91619 0.80093 3.07639
2.66876 1.90393 -1.84796 1.91619 0.80093 3.07639
2.66893 1.90387 -1.84704 1.91619 0.80093 3.07639
2.6691 1.90381 -1.84611 1.91619 0.80093 3.07639
2.66927 1.90376 -1.84518 1.91619 0.80093 3.07639
2.66943 1.9037 -1.84425 1.91619 0.80093 3.07639
2.6696 1.90365 -1.84332 1.91619 0.80093 3.07639
2.66977 1.90359 -1.84239 1.91619 0.80093 3.07639
2.66994 1.90354 -1.84147 1.91619 0.80093 3.07639
2.67011 1.90348 -1.84054 1.91619 0.80093 3.07639
2.67027 1.90342 -1.83961 1.91619 0.80093 3.07639
2.67044 1.90337 -1.83868 1.91619 0.80093 3.07639
2.67061 1.90331 -1.83775 1.91619 0.80093 3.07639
2.67078 1.90326 -1.83682 1.91619 0.80093 3.07639
2.67094 1.9032 -1.8359 1.91619 0.80093 3.07639
2.67111 1.90315 -1.83497 1.91619 0.80093 3.07639
2.67128 1.90309 -1.83404 1.91619 0.80093 3.07639
2.67145 1.90304 -1.83311 1.91619 0.80093 3.07639
2.67162 1.90298 -1.83218 1.91619 0.80093 3.07639
2.67178 1.90292 -1.83125 1.91619 0.80093 3.07639
2.67195 1.90287 -1.83033 1.91619 0.80093 3.07639
2.67212 1.90281 -1.8294 1.91619 0.80093 3.07639
2.67229 1.90276 -1.82847 1.91619 0.80093 3.07639
2.67246 1.9027 -1.82754 1.91619 0.80093 3.07639
2.67262 1.90265 -1.82661 1.91619 0.80093 3.07639
2.67279 1.90259 -1.82568 1.91619 0.80093 3.07639
2.67296 1.90253 -1.82476 1.91619 0.80093 3.07639
2.67313 1.90248 -1.82383 1.91619 0.80093 3.07639
2.6733 1.90242 -1.8229 1.91619 0.80093 3.07639
2.67346 1.90237 -1.82197 1.91619 0.80093 3.07639
2.67363 1.90231 -1.82104 1.91619 0.80093 3.07639
2.6738 1.90226 -1.82011 1.91619 0.80093 3.07639
2.67397 1.9022 -1.81919 1.91619 0.80093 3.07639
2.67414 1.90214 -1.81826 1.91619 0.80093 3.07639
2.6743 1.90209 -1.81733 1.91619 0.80093 3.07639
2.67447 1.90203 -1.8164 1.91619 0.80093 3.07639
2.67464 1.90198 -1.81547 1.91619 0.80093 3.07639
2.67481 1.90192 -1.81454 1.91619 0.80093 3.07639
2.67498 1.90187 -1.81362 1.91619 0.80093 3.07639
2.67514 1.90181 -1.81269 1.91619 0.80093 3.07639
2.67531 1.90175 -1.81176 1.91619 0.80093 3.07639
2.67548 1.9017 -1.81083 1.91619 0.80093 3.07639
2.67565 1.90164 -1.8099 1.91619 0.80093 3.07639
2.67581 1.90159 -1.80897 1.91619 0.80093 3.07639
2.67598 1.90153 -1.80805 1.91619 0.80093 3.07639
2.67615 1.90148 -1.80712 1.91619 0.80093 3.07639
2.67632 1.90142 -1.80619 1.91619 0.80093 3.07639
2.67649 1.90136 -1.80526 1.91619 0.80093 3.07639
2.67665 1.90131 -1.80433 1.91619 0.80093 3.07639
2.67682 1.90125 -1.8034 1.91619 0.80093 3.07639
2.67699 1.9012 -1.80248 1.91619 0.80093 3.07639
2.67716 1.90114 -1.80155 1.91619 0.80093 3.07639
2.67733 1.90109 -1.80062 1.91619 0.80093 3.07639
2.67749 1.90103 -1.79969 1.91619 0.80093 3.07639
2.67766 1.90098 -1.79876 1.91619 0.80093 3.07639
2.67783 1.90092 -1.79783 1.91619 0.80093 3.07639
2.678 1.90086 -1.79691 1.91619 0.80093 3.07639
2.67817 1.90081 -1.79598 1.91619 0.80093 3.07639
2.67833 1.90075 -1.79505 1.91619 0.80093 3.07639
2.6785 1.9007 -1.79412 1.91619 0.80093 3.07639
2.67867 1.90064 -1.79319 1.91619 0.80093 3.07639
2.67884 1.90059 -1.79226 1.91619 0.80093 3.07639
2.67901 1.90053 -1.79134 1.91619 0.80093 3.07639
2.67917 1.90047 -1.79041 1.91619 0.80093 3.07639
2.67934 1.90042 -1.78948 1.91619 0.80093 3.07639
2.67951 1.90036 -1.78855 1.91619 0.80093 3.07639
2.67968 1.90031 -1.78762 1.91619 0.80093 3.07639
2.67984 1.90025 -1.78669 1.91619 0.80093 3.07639
2.68001 1.9002 -1.78577 1.91619 0.80093 3.07639
2.68018 1.90014 -1.78484 1.91619 0.80093 3.07639
2.68035 1.90008 -1.78391 1.91619 0.80093 3.07639
2.68052 1.90003 -1.78298 1.91619 0.80093 3.07639
2.68068 1.89997 -1.78205 1.91619 0.80093 3.07639
2.68085 1.89992 -1.78112 1.91619 0.80093 3.07639
2.68102 1.89986 -1.7802 1.91619 0.80093 3.07639
2.68119 1.89981 -1.77927 1.91619 0.80093 3.07639
2.68136 1.89975 -1.77834 1.91619 0.80093 3.07639
2.68152 1.89969 -1.77741 1.91619 0.80093 3.07639
2.68169 1.89964 -1.77648 1.91619 0.80093 3.07639
2.68186 1.89958 -1.77555 1.91619 0.80093 3.07639
2.68203 1.89953 -1.77463 1.91619 0.80093 3.07639
2.6822 1.89947 -1.7737 1.91619 0.80093 3.07639
2.68236 1.89942 -1.77277 1.91619 0.80093 3.07639
2.68253 1.89936 -1.77184 1.91619 0.80093 3.07639
2.6827 1.8993 -1.77091 1.91619 0.80093 3.07639
2.68287 1.89925 -1.76998 1.91619 0.80093 3.07639
2.68304 1.89919 -1.76906 1.91619 0.80093 3.07639
2.6832 1.89914 -1.76813 1.91619 0.80093 3.07639
2.68337 1.89908 -1.7672 1.91619 0.80093 3.07639
2.68354 1.89903 -1.76627 1.91619 0.80093 3.07639
2.68371 1.89897 -1.76534 1.91619 0.80093 3.07639
2.68388 1.89892 -1.76441 1.91619 0.80093 3.07639
2.68404 1.89886 -1.76349 1.91619 0.80093 3.07639
2.68421 1.8988 -1.76256 1.91619 0.80093 3.07639
2.68438 1.89875 -1.76163 1.91619 0.80093 3.07639
2.68455 1.89869 -1.7607 1.91619 0.80093 3.07639
2.68471 1.89864 -1.75977 1.91619 0.80093 3.07639
2.68488 1.89858 -1.75884 1.91619 0.80093 3.07639
2.68505 1.89853 -1.75792 1.91619 0.80093 3.07639
2.68522 1.89847 -1.75699 1.91619 0.80093 3.07639
2.68539 1.89841 -1.75606 1.91619 0.80093 3.07639
2.68555 1.89836 -1.75513 1.91619 0.80093 3.07639
2.68572 1.8983 -1.7542 1.91619 0.80093 3.07639
2.68589 1.89825 -1.75327 1.91619 0.80093 3.07639
2.68606 1.89819 -1.75235 1.91619 0.80093 3.07639
2.68623 1.89814 -1.75142 1.91619 0.80093 3.07639
2.68639 1.89808 -1.75049 1.91619 0.80093 3.07639
2.68656 1.89802 -1.74956 1.91619 0.80093 3.07639
2.68673 1.89797 -1.74863 1.91619 0.80093 3.07639
2.6869 1.89791 -1.7477 1.91619 0.80093 3.07639
2.68707 1.89786 -1.74678 1.91619 0.80093 3.07639
2.68723 1.8978 -1.74585 1.91619 0.80093 3.07639
2.6874 1.89775 -1.74492 1.91619 0.80093 3.07639
2.68757 1.89769 -1.74399 1.91619 0.80093 3.07639
2.68774 1.89763 -1.74306 1.91619 0.80093 3.07639
2.68791 1.89758 -1.74213 1.91619 0.80093 3.07639
2.68807 1.89752 -1.74121 1.91619 0.80093 3.07639
2.68824 1.89747 -1.74028 1.91619 0.80093 3.07639
2.68841 1.89741 -1.73935 1.91619 0.80093 3.07639
2.68858 1.89736 -1.73842 1.91619 0.80093 3.07639
2.68874 1.8973 -1.73749 1.91619 0.80093 3.07639
2.68891 1.89724 -1.73656 1.91619 0.80093 3.07639
2.68908 1.89719 -1.73564 1.91619 0.80093 3.07639
2.68925 1.89713 -1.73471 1.91619 0.80093 3.07639
2.68942 1.89708 -1.73378 1.91619 0.80093 3.07639
2.68958 1.89702 -1.73285 1.91619 0.80093 3.07639
2.68975 1.89697 -1.73192 1.91619 0.80093 3.07639
2.68992 1.89691 -1.73099 1.91619 0.80093 3.07639
2.69009 1.89686 -1.73007 1.91619 0.80093 3.07639
2.69026 1.8968 -1.72914 1.91619 0.80093 3.07639
2.69042 1.89674 -1.72821 1.91619 0.80093 3.07639
2.69059 1.89669 -1.72728 1.91619 0.80093 3.07639
2.69076 1.89663 -1.72635 1.91619 0.80093 3.07639
2.69093 1.89658 -1.72542 1.91619 0.80093 3.07639
2.6911 1.89652 -1.7245 1.91619 0.80093 3.07639
2.69126 1.89647 -1.72357 1.91619 0.80093 3.07639
2.69143 1.89641 -1.72264 1.91619 0.80093 3.07639
2.6916 1.89635 -1.72171 1.91619 0.80093 3.07639
2.69177 1.8963 -1.72078 1.91619 0.80093 3.07639
2.69194 1.89624 -1.71985 1.91619 0.80093 3.07639
2.6921 1.89619 -1.71893 1.91619 0.80093 3.07639
2.69227 1.89613 -1.718 1.91619 0.80093 3.07639
2.69244 1.89608 -1.71707 1.91619 0.80093 3.07639
2.69261 1.89602 -1.71614 1.91619 0.80093 3.07639
2.69278 1.89596 -1.71521 1.91619 0.80093 3.07639
2.69294 1.89591 -1.71428 1.91619 0.80093 3.07639
2.69311 1.89585 -1.71336 1.91619 0.80093 3.07639
2.69328 1.8958 -1.71243 1.91619 0.80093 3.07639
2.69345 1.89574 -1.7115 1.91619 0.80093 3.07639
2.69361 1.89569 -1.71057 1.91619 0.80093 3.07639
2.69378 1.89563 -1.70964 1.91619 0.80093 3.07639
2.69395 1.89557 -1.70871 1.91619 0.80093 3.07639
2.69412 1.89552 -1.70779 1.91619 0.80093 3.07639
2.69429 1.89546 -1.70686 1.91619 0.80093 3.07639
2.69445 1.89541 -1.70593 1.91619 0.80093 3.07639
2.69462 1.89535 -1.705 1.91619 0.80093 3.07639
2.69479 1.8953 -1.70407 1.91619 0.80093 3.07639
2.69496 1.89524 -1.70314 1.91619 0.80093 3.07639
2.69513 1.89518 -1.70222 1.91619 0.80093 3.07639
2.69529 1.89513 -1.70129 1.91619 0.80093 3.07639
2.69546 1.89507 -1.70036 1.91619 0.80093 3.07639
2.69563 1.89502 -1.69943 1.91619 0.80093 3.07639
2.6958 1.89496 -1.6985 1.91619 0.80093 3.07639
2.69597 1.89491 -1.69757 1.91619 0.80093 3.07639
2.69613 1.89485 -1.69665 1.91619 0.80093 3.07639
2.6963 1.8948 -1.69572 1.91619 0.80093 3.07639
2.69647 1.89474 -1.69479 1.91619 0.80093 3.07639
2.69664 1.89468 -1.69386 1.91619 0.80093 3.07639
2.69681 1.89463 -1.69293 1.91619 0.80093 3.07639
2.69697 1.89457 -1.692 1.91619 0.80093 3.07639
2.69714 1.89452 -1.69108 1.91619 0.80093 3.07639
2.69731 1.89446 -1.69015 1.91619 0.80093 3.07639
2.69748 1.89441 -1.68922 1.91619 0.80093 3.07639
2.69765 1.89435 -1.68829 1.91619 0.80093 3.07639
2.69781 1.89429 -1.68736 1.91619 0.80093 3.07639
2.69798 1.89424 -1.68644 1.91619 0.80093 3.07639
2.69815 1.89418 -1.68551 1.91619 0.80093 3.07639
2.69832 1.89413 -1.68458 1.91619 0.80093 3.07639
2.69848 1.89407 -1.68365 1.91619 0.80093 3.07639
2.69865 1.89402 -1.68272 1.91619 0.80093 3.07639
2.69882 1.89396 -1.68179 1.91619 0.80093 3.07639
2.69899 1.8939 -1.68087 1.91619 0.80093 3.07639
2.69916 1.89385 -1.67994 1.91619 0.80093 3.07639
2.69932 1.89379 -1.67901 1.91619 0.80093 3.07639
2.69949 1.89374 -1.67808 1.91619 0.80093 3.07639
2.69966 1.89368 -1.67715 1.91619 0.80093 3.07639
2.69983 1.89363 -1.67622 1.91619 0.80093 3.07639
2.7 1.89357 -1.6753 1.91619 0.80093 3.07639
2.70016 1.89351 -1.67437 1.91619 0.80093 3.07639
2.70033 1.89346 -1.67344 1.91619 0.80093 3.07639
2.7005 1.8934 -1.67251 1.91619 0.80093 3.07639
2.70067 1.89335 -1.67158 1.91619 0.80093 3.07639
2.70084 1.89329 -1.67065 1.91619 0.80093 3.07639
2.701 1.89324 -1.66973 1.91619 0.80093 3.07639
2.70117 1.89318 -1.6688 1.91619 0.80093 3.07639
2.70134 1.89312 -1.66787 1.91619 0.80093 3.07639
2.70151 1.89307 -1.66694 1.91619 0.80093 3.07639
2.70168 1.89301 -1.66601 1.91619 0.80093 3.07639
2.70184 1.89296 -1.66508 1.91619 0.80093 3.07639
2.70201 1.8929 -1.66416 1.91619 0.80093 3.07639
2.70218 1.89285 -1.66323 1.91619 0.80093 3.07639
2.70235 1.89279 -1.6623 1.91619 0.80093 3.07639
2.70251 1.89274 -1.66137 1.91619 0.80093 3.07639
2.70268 1.89268 -1.66044 1.91619 0.80093 3.07639
2.70285 1.89262 -1.65951 1.91619 0.80093 3.07639
2.70302 1.89257 -1.65859 1.91619 0.80093 3.07639
2.70319 1.89251 -1.65766 1.91619 0.80093 3.07639
2.70335 1.89246 -1.65673 1.91619 0.80093 3.07639
2.70352 1.8924 -1.6558 1.91619 0.80093 3.07639
2.70369 1.89235 -1.65487 1.91619 0.80093 3.07639
2.70386 1.89229 -1.65394 1.91619 0.80093 3.07639
2.70403 1.89223 -1.65302 1.91619 0.80093 3.07639
2.70419 1.89218 -1.65209 1.91619 0.80093 3.07639
2.70436 1.89212 -1.65116 1.91619 0.80093 3.07639
2.70453 1.89207 -1.65023 1.91619 0.80093 3.07639
2.7047 1.89201 -1.6493 1.91619 0.80093 3.07639
2.70487 1.89196 -1.64837 1.91619 0.80093 3.07639
2.70503 1.8919 -1.64745 1.91619 0.80093 3.07639
2.7052 1.89184 -1.64652 1.91619 0.80093 3.07639
2.70537 1.89179 -1.64559 1.91619 0.80093 3.07639
2.70554 1.89173 -1.64466 1.91619 0.80093 3.07639
2.70571 1.89168 -1.64373 1.91619 0.80093 3.07639
2.70587 1.89162 -1.6428 1.91619 0.80093 3.07639
2.70604 1.89157 -1.64188 1.91619 0.80093 3.07639
2.70621 1.89151 -1.64095 1.91619 0.80093 3.07639
2.70638 1.89145 -1.64002 1.91619 0.80093 3.07639
2.70655 1.8914 -1.63909 1.91619 0.80093 3.07639
2.70671 1.89134 -1.63816 1.91619 0.80093 3.07639
2.70688 1.89129 -1.63723 1.91619 0.80093 3.07639
2.70705 1.89123 -1.63631 1.91619 0.80093 3.07639
2.70722 1.89118 -1.63538 1.91619 0.80093 3.07639
2.70738 1.89112 -1.63445 1.91619 0.80093 3.07639
2.70755 1.89107 -1.63352 1.91619 0.80093 3.07639
2.70772 1.89101 -1.63259 1.91619 0.80093 3.07639
2.70789 1.89095 -1.63166 1.91619 0.80093 3.07639
2.70806 1.8909 -1.63074 1.91619 0.80093 3.07639
2.70822 1.89084 -1.62981 1.91619 0.80093 3.07639
2.70839 1.89079 -1.62888 1.91619 0.80093 3.07639
2.70856 1.89073 -1.62795 1.91619 0.80093 3.07639
2.70873 1.89068 -1.62702 1.91619 0.80093 3.07639
2.7089 1.89062 -1.62609 1.91619 0.80093 3.07639
2.70906 1.89056 -1.62517 1.91619 0.80093 3.07639
2.70923 1.89051 -1.62424 1.91619 0.80093 3.07639
2.7094 1.89045 -1.62331 1.91619 0.80093 3.07639
2.70957 1.8904 -1.62238 1.91619 0.80093 3.07639
2.70974 1.89034 -1.62145 1.91619 0.80093 3.07639
2.7099 1.89029 -1.62052 1.91619 0.80093 3.07639
2.71007 1.89023 -1.6196 1.91619 0.80093 3.07639
2.71024 1.89017 -1.61867 1.91619 0.80093 3.07639
2.71041 1.89012 -1.61774 1.91619 0.80093 3.07639
2.71058 1.89006 -1.61681 1.91619 0.80093 3.07639
2.71074 1.89001 -1.61588 1.91619 0.80093 3.07639
2.71091 1.88995 -1.61495 1.91619 0.80093 3.07639
2.71108 1.8899 -1.61403 1.91619 0.80093 3.07639
2.71125 1.88984 -1.6131 1.91619 0.80093 3.07639
2.71141 1.88978 -1.61217 1.91619 0.80093 3.07639
2.71158 1.88973 -1.61124 1.91619 0.80093 3.07639
2.71175 1.88967 -1.61031 1.91619 0.80093 3.07639
2.71192 1.88962 -1.60938 1.91619 0.80093 3.07639
2.71209 1.88956 -1.60846 1.91619 0.80093 3.07639
2.71225 1.88951 -1.60753 1.91619 0.80093 3.07639
2.71242 1.88945 -1.6066 1.91619 0.80093 3.07639
2.71259 1.88939 -1.60567 1.91619 0.80093 3.07639
2.71276 1.88934 -1.60474 1.91619 0.80093 3.07639
2.71293 1.88928 -1.60381 1.91619 0.80093 3.07639
2.71309 1.88923 -1.60289 1.91619 0.80093 3.07639
2.71326 1.88917 -1.60196 1.91619 0.80093 3.07639
2.71343 1.88912 -1.60103 1.91619 0.80093 3.07639
2.7136 1.88906 -1.6001 1.91619 0.80093 3.07639
2.71377 1.88901 -1.59917 1.91619 0.80093 3.07639
2.71393 1.88895 -1.59824 1.91619 0.80093 3.07639
2.7141 1.88889 -1.59732 1.91619 0.80093 3.07639
2.71427 1.88884 -1.59639 1.91619 0.80093 3.07639
2.71444 1.88878 -1.59546 1.91619 0.80093 3.07639
2.71461 1.88873 -1.59453 1.91619 0.80093 3.07639
2.71477 1.88867 -1.5936 1.91619 0.80093 3.07639
2.71494 1.88862 -1.59267 1.91619 0.80093 3.07639
2.71511 1.88856 -1.59175 1.91619 0.80093 3.07639
2.71528 1.8885 -1.59082 1.91619 0.80093 3.07639
2.71545 1.88845 -1.58989 1.91619 0.80093 3.07639
2.71561 1.88839 -1.58896 1.91619 0.80093 3.07639
2.71578 1.88834 -1.58803 1.91619 0.80093 3.07639
2.71595 1.88828 -1.5871 1.91619 0.80093 3.07639
2.71612 1.88823 -1.58618 1.91619 0.80093 3.07639
2.71628 1.88817 -1.58525 1.91619 0.80093 3.07639
2.71645 1.88811 -1.58432 1.91619 0.80093 3.07639
2.71662 1.88806 -1.58339 1.91619 0.80093 3.07639
2.71679 1.888 -1.58246 1.91619 0.80093 3.07639
2.71696 1.88795 -1.58153 1.91619 0.80093 3.07639
2.71712 1.88789 -1.58061 1.91619 0.80093 3.07639
2.71729 1.88784 -1.57968 1.91619 0.80093 3.07639
2.71746 1.88778 -1.57875 1.91619 0.80093 3.07639
2.71763 1.88772 -1.57782 1.91619 0.80093 3.07639
2.7178 1.88767 -1.57689 1.91619 0.80093 3.07639
2.71796 1.88761 -1.57596 1.91619 0.80093 3.07639
2.71813 1.88756 -1.57504 1.91619 0.80093 3.07639
2.7183 1.8875 -1.57411 1.91619 0.80093 3.07639
2.71847 1.88745 -1.57318 1.91619 0.80093 3.07639
2.71864 1.88739 -1.57225 1.91619 0.80093 3.07639
2.7188 1.88733 -1.57132 1.91619 0.80093 3.07639
2.71897 1.88728 -1.57039 1.91619 0.80093 3.07639
2.71914 1.88722 -1.56947 1.91619 0.80093 3.07639
2.71931 1.88717 -1.56854 1.91619 0.80093 3.07639
2.71948 1.88711 -1.56761 1.91619 0.80093 3.07639
2.71964 1.88706 -1.56668 1.91619 0.80093 3.07639
2.71981 1.887 -1.56575 1.91619 0.80093 3.07639
2.71998 1.88695 -1.56482 1.91619 0.80093 3.07639
2.72015 1.88689 -1.5639 1.91619 0.80093 3.07639
2.72031 1.88683 -1.56297 1.91619 0.80093 3.07639
2.72048 1.88678 -1.56204 1.91619 0.80093 3.07639
2.72065 1.88672 -1.56111 1.91619 0.80093 3.07639
2.72082 1.88667 -1.56018 1.91619 0.80093 3.07639
2.72099 1.88661 -1.55925 1.91619 0.80093 3.07639
2.72115 1.88656 -1.55833 1.91619 0.80093 3.07639
2.72132 1.8865 -1.5574 1.91619 0.80093 3.07639
2.72149 1.88644 -1.55647 1.91619 0.80093 3.07639
2.72166 1.88639 -1.55554 1.91619 0.80093 3.07639
2.72183 1.88633 -1.55461 1.91619 0.80093 3.07639
2.72199 1.88628 -1.55368 1.91619 0.80093 3.07639
2.72216 1.88622 -1.55276 1.91619 0.80093 3.07639
2.72233 1.88617 -1.55183 1.91619 0.80093 3.07639
2.7225 1.88611 -1.5509 1.91619 0.80093 3.07639
2.72267 1.88605 -1.54997 1.91619 0.80093 3.07639
2.72283 1.886 -1.54904 1.91619 0.80093 3.07639
2.723 1.88594 -1.54811 1.91619 0.80093 3.07639
2.72317 1.88589 -1.54719 1.91619 0.80093 3.07639
2.72334 1.88583 -1.54626 1.91619 0.80093 3.07639
2.72351 1.88578 -1.54533 1.91619 0.80093 3.07639
2.72367 1.88572 -1.5444 1.91619 0.80093 3.07639
2.72384 1.88566 -1.54347 1.91619 0.80093 3.07639
2.72401 1.88561 -1.54254 1.91619 0.80093 3.07639
2.72418 1.88555 -1.54162 1.91619 0.80093 3.07639
2.72435 1.8855 -1.54069 1.91619 0.80093 3.07639
2.72451 1.88544 -1.53976 1.91619 0.80093 3.07639
2.72468 1.88539 -1.53883 1.91619 0.80093 3.07639
2.72485 1.88533 -1.5379 1.91619 0.80093 3.07639
2.72502 1.88527 -1.53697 1.91619 0.80093 3.07639
2.72518 1.88522 -1.53605 1.91619 0.80093 3.07639
2.72535 1.88516 -1.53512 1.91619 0.80093 3.07639
2.72552 1.88511 -1.53419 1.91619 0.80093 3.07639
2.72569 1.88505 -1.53326 1.91619 0.80093 3.07639
2.72586 1.885 -1.53233 1.91619 0.80093 3.07639
2.72602 1.88494 -1.5314 1.91619 0.80093 3.07639
2.72619 1.88489 -1.53048 1.91619 0.80093 3.07639
2.72636 1.88483 -1.52955 1.91619 0.80093 3.07639
2.72653 1.88477 -1.52862 1.91619 0.80093 3.07639
2.7267 1.88472 -1.52769 1.91619 0.80093 3.07639
2.72686 1.88466 -1.52676 1.91619 0.80093 3.07639
2.72703 1.88461 -1.52583 1.91619 0.80093 3.07639
2.7272 1.88455 -1.52491 1.91619 0.80093 3.07639
2.72737 1.8845 -1.52398 1.91619 0.80093 3.07639
2.72754 1.88444 -1.52305 1.91619 0.80093 3.07639
2.7277 1.88438 -1.52212 1.91619 0.80093 3.07639
2.72787 1.88433 -1.52119 1.91619 0.80093 3.07639
2.72804 1.88427 -1.52026 1.91619 0.80093 3.07639
2.72821 1.88422 -1.51934 1.91619 0.80093 3.07639
2.72838 1.88416 -1.51841 1.91619 0.80093 3.07639
2.72854 1.88411 -1.51748 1.91619 0.80093 3.07639
2.72871 1.88405 -1.51655 1.91619 0.80093 3.07639
2.72888 1.88399 -1.51562 1.91619 0.80093 3.07639
2.72905 1.88394 -1.51469 1.91619 0.80093 3.07639
2.72921 1.88388 -1.51377 1.91619 0.80093 3.07639
2.72938 1.88383 -1.51284 1.91619 0.80093 3.07639
2.72955 1.88377 -1.51191 1.91619 0.80093 3.07639
2.72972 1.88372 -1.51098 1.91619 0.80093 3.07639
2.72989 1.88366 -1.51005 1.91619 0.80093 3.07639
2.73005 1.8836 -1.50912 1.91619 0.80093 3.07639
2.73022 1.88355 -1.5082 1.91619 0.80093 3.07639
2.73039 1.88349 -1.50727 1.91619 0.80093 3.07639
2.73056 1.88344 -1.50634 1.91619 0.80093 3.07639
2.73073 1.88338 -1.50541 1.91619 0.80093 3.07639
2.73089 1.88333 -1.50448 1.91619 0.80093 3.07639
2.73106 1.88327 -1.50355 1.91619 0.80093 3.07639
2.73123 1.88321 -1.50263 1.91619 0.80093 3.07639
2.7314 1.88316 -1.5017 1.91619 0.80093 3.07639
2.73157 1.8831 -1.50077 1.91619 0.80093 3.07639
2.73173 1.88305 -1.49984 1.91619 0.80093 3.07639
2.7319 1.88299 -1.49891 1.91619 0.80093 3.07639
2.73207 1.88294 -1.49798 1.91619 0.80093 3.07639
2.73224 1.88288 -1.49706 1.91619 0.80093 3.07639
2.73241 1.88283 -1.49613 1.91619 0.80093 3.07639
2.73257 1.88277 -1.4952 1.91619 0.80093 3.07639
2.73274 1.88271 -1.49427 1.91619 0.80093 3.07639
2.73291 1.88266 -1.49334 1.91619 0.80093 3.07639
2.73308 1.8826 -1.49241 1.91619 0.80093 3.07639
2.73325 1.88255 -1.49149 1.91619 0.80093 3.07639
2.73341 1.88249 -1.49056 1.91619 0.80093 3.07639
2.73358 1.88244 -1.48963 1.91619 0.80093 3.07639
2.73375 1.88238 -1.4887 1.91619 0.80093 3.07639
2.73392 1.88232 -1.48777 1.91619 0.80093 3.07639
2.73408 1.88227 -1.48685 1.91619 0.80093 3.07639
2.73425 1.88221 -1.48592 1.91619 0.80093 3.07639
2.73442 1.88216 -1.48499 1.91619 0.80093 3.07639
2.73459 1.8821 -1.48406 1.91619 0.80093 3.07639
2.73476 1.88205 -1.48313 1.91619 0.80093 3.07639
2.73492 1.88199 -1.4822 1.91619 0.80093 3.07639
2.73509 1.88193 -1.48128 1.91619 0.80093 3.07639
2.73526 1.88188 -1.48035 1.91619 0.80093 3.07639
2.73543 1.88182 -1.47942 1.91619 0.80093 3.07639
2.7356 1.88177 -1.47849 1.91619 0.80093 3.07639
2.73576 1.88171 -1.47756 1.91619 0.80093 3.07639
2.73593 1.88166 -1.47663 1.91619 0.80093 3.07639
2.7361 1.8816 -1.47571 1.91619 0.80093 3.07639
2.73627 1.88154 -1.47478 1.91619 0.80093 3.07639
2.73644 1.88149 -1.47385 1.91619 0.80093 3.07639
2.7366 1.88143 -1.47292 1.91619 0.80093 3.07639
2.73677 1.88138 -1.47199 1.91619 0.80093 3.07639
2.73694 1.88132 -1.47106 1.91619 0.80093 3.07639
2.73711 1.88127 -1.47014 1.91619 0.80093 3.07639
2.73728 1.88121 -1.46921 1.91619 0.80093 3.07639
2.73744 1.88115 -1.46828 1.91619 0.80093 3.07639
2.73761 1.8811 -1.46735 1.91619 0.80093 3.07639
2.73778 1.88104 -1.46642 1.91619 0.80093 3.07639
2.73795 1.88099 -1.46549 1.91619 0.80093 3.07639
2.73811 1.88093 -1.46457 1.91619 0.80093 3.07639
2.73828 1.88088 -1.46364 1.91619 0.80093 3.07639
2.73845 1.88082 -1.46271 1.91619 0.80093 3.07639
2.73862 1.88077 -1.46178 1.91619 0.80093 3.07639
2.73879 1.88071 -1.46085 1.91619 0.80093 3.07639
2.73895 1.88065 -1.45992 1.91619 0.80093 3.07639
2.73912 1.8806 -1.459 1.91619 0.80093 3.07639
2.73929 1.88054 -1.45807 1.91619 0.80093 3.07639
2.73946 1.88049 -1.45714 1.91619 0.80093 3.07639
2.73963 1.88043 -1.45621 1.91619 0.80093 3.07639
2.73979 1.88038 -1.45528 1.91619 0.80093 3.07639
2.73996 1.88032 -1.45435 1.91619 0.80093 3.07639
2.74013 1.88026 -1.45343 1.91619 0.80093 3.07639
2.7403 1.88021 -1.4525 1.91619 0.80093 3.07639
2.74047 1.88015 -1.45157 1.91619 0.80093 3.07639
2.74063 1.8801 -1.45064 1.91619 0.80093 3.07639
2.7408 1.88004 -1.44971 1.91619 0.80093 3.07639
2.74097 1.87999 -1.44878 1.91619 0.80093 3.07639
2.74114 1.87993 -1.44786 1.91619 0.80093 3.07639
2.74131 1.87987 -1.44693 1.91619 0.80093 3.07639
2.74147 1.87982 -1.446 1.91619 0.80093 3.07639
2.74164 1.87976 -1.44507 1.91619 0.80093 3.07639
2.74181 1.87971 -1.44414 1.91619 0.80093 3.07639
2.74198 1.87965 -1.44321 1.91619 0.80093 3.07639
2.74215 1.8796 -1.44229 1.91619 0.80093 3.07639
2.74231 1.87954 -1.44136 1.91619 0.80093 3.07639
2.74248 1.87948 -1.44043 1.91619 0.80093 3.07639
2.74265 1.87943 -1.4395 1.91619 0.80093 3.07639
2.74282 1.87937 -1.43857 1.91619 0.80093 3.07639
2.74298 1.87932 -1.43764 1.91619 0.80093 3.07639
2.74315 1.87926 -1.43672 1.91619 0.80093 3.07639
2.74332 1.87921 -1.43579 1.91619 0.80093 3.07639
2.74349 1.87915 -1.43486 1.91619 0.80093 3.07639
2.74366 1.8791 -1.43393 1.91619 0.80093 3.07639
2.74382 1.87904 -1.433 1.91619 0.80093 3.07639
2.74399 1.87898 -1.43207 1.91619 0.80093 3.07639
2.74416 1.87893 -1.43115 1.91619 0.80093 3.07639
2.74433 1.87887 -1.43022 1.91619 0.80093 3.07639
2.7445 1.87882 -1.42929 1.91619 0.80093 3.07639
2.74466 1.87876 -1.42836 1.91619 0.80093 3.07639
2.74483 1.87871 -1.42743 1.91619 0.80093 3.07639
2.745 1.87865 -1.4265 1.91619 0.80093 3.07639
2.74517 1.87859 -1.42558 1.91619 0.80093 3.07639
2.74534 1.87854 -1.42465 1.91619 0.80093 3.07639
2.7455 1.87848 -1.42372 1.91619 0.80093 3.07639
2.74567 1.87843 -1.42279 1.91619 0.80093 3.07639
2.74584 1.87837 -1.42186 1.91619 0.80093 3.07639
2.74601 1.87832 -1.42093 1.91619 0.80093 3.07639
2.74618 1.87826 -1.42001 1.91619 0.80093 3.07639
2.74634 1.8782 -1.41908 1.91619 0.80093 3.07639
2.74651 1.87815 -1.41815 1.91619 0.80093 3.07639
2.74668 1.87809 -1.41722 1.91619 0.80093 3.07639
2.74685 1.87804 -1.41629 1.91619 0.80093 3.07639
2.74701 1.87798 -1.41536 1.91619 0.80093 3.07639
2.74718 1.87793 -1.41444 1.91619 0.80093 3.07639
2.74735 1.87787 -1.41351 1.91619 0.80093 3.07639
2.74752 1.87781 -1.41258 1.91619 0.80093 3.07639
2.74769 1.87776 -1.41165 1.91619 0.80093 3.07639
2.74785 1.8777 -1.41072 1.91619 0.80093 3.07639
2.74802 1.87765 -1.40979 1.91619 0.80093 3.07639
2.74819 1.87759 -1.40887 1.91619 0.80093 3.07639
2.74836 1.87754 -1.40794 1.91619 0.80093 3.07639
2.74853 1.87748 -1.40701 1.91619 0.80093 3.07639
2.74869 1.87742 -1.40608 1.91619 0.80093 3.07639
2.74886 1.87737 -1.40515 1.91619 0.80093 3.07639
2.74903 1.87731 -1.40422 1.91619 0.80093 3.07639
2.7492 1.87726 -1.4033 1.91619 0.80093 3.07639
2.74937 1.8772 -1.40237 1.91619 0.80093 3.07639
2.74953 1.87715 -1.40144 1.91619 0.80093 3.07639
2.7497 1.87709 -1.40051 1.91619 0.80093 3.07639
2.74987 1.87704 -1.39958 1.91619 0.80093 3.07639
2.75004 1.87698 -1.39865 1.91619 0.80093 3.07639
2.75021 1.87692 -1.39773 1.91619 0.80093 3.07639
2.75037 1.87687 -1.3968 1.91619 0.80093 3.07639
2.75054 1.87681 -1.39587 1.91619 0.80093 3.07639
2.75071 1.87676 -1.39494 1.91619 0.80093 3.07639
2.75088 1.8767 -1.39401 1.91619 0.80093 3.07639
2.75105 1.87665 -1.39308 1.91619 0.80093 3.07639
2.75121 1.87659 -1.39216 1.91619 0.80093 3.07639
2.75138 1.87653 -1.39123 1.91619 0.80093 3.07639
2.75155 1.87648 -1.3903 1.91619 0.80093 3.07639
2.75172 1.87642 -1.38937 1.91619 0.80093 3.07639
2.75188 1.87637 -1.38844 1.91619 0.80093 3.07639
2.75205 1.87631 -1.38751 1.91619 0.80093 3.07639
2.75222 1.87626 -1.38659 1.91619 0.80093 3.07639
2.75239 1.8762 -1.38566 1.91619 0.80093 3.07639
2.75256 1.87614 -1.38473 1.91619 0.80093 3.07639
2.75272 1.87609 -1.3838 1.91619 0.80093 3.07639
2.75289 1.87603 -1.38287 1.91619 0.80093 3.07639
2.75306 1.87598 -1.38194 1.91619 0.80093 3.07639
2.75323 1.87592 -1.38102 1.91619 0.80093 3.07639
2.7534 1.87587 -1.38009 1.91619 0.80093 3.07639
2.75356 1.87581 -1.37916 1.91619 0.80093 3.07639
2.75373 1.87575 -1.37823 1.91619 0.80093 3.07639
2.7539 1.8757 -1.3773 1.91619 0.80093 3.07639
2.75407 1.87564 -1.37637 1.91619 0.80093 3.07639
2.75424 1.87559 -1.37545 1.91619 0.80093 3.07639
2.7544 1.87553 -1.37452 1.91619 0.80093 3.07639
2.75457 1.87548 -1.37359 1.91619 0.80093 3.07639
2.75474 1.87542 -1.37266 1.91619 0.80093 3.07639
2.75491 1.87536 -1.37173 1.91619 0.80093 3.07639
2.75508 1.87531 -1.3708 1.91619 0.80093 3.07639
2.75524 1.87525 -1.36988 1.91619 0.80093 3.07639
2.75541 1.8752 -1.36895 1.91619 0.80093 3.07639
2.75558 1.87514 -1.36802 1.91619 0.80093 3.07639
2.75575 1.87509 -1.36709 1.91619 0.80093 3.07639
2.75591 1.87503 -1.36616 1.91619 0.80093 3.07639
2.75608 1.87498 -1.36523 1.91619 0.80093 3.07639
2.75625 1.87492 -1.36431 1.91619 0.80093 3.07639
2.75642 1.87486 -1.36338 1.91619 0.80093 3.07639
2.75659 1.87481 -1.36245 1.91619 0.80093 3.07639
2.75675 1.87475 -1.36152 1.91619 0.80093 3.07639
2.75692 1.8747 -1.36059 1.91619 0.80093 3.07639
2.75709 1.87464 -1.35966 1.91619 0.80093 3.07639
2.75726 1.87459 -1.35874 1.91619 0.80093 3.07639
2.75743 1.87453 -1.35781 1.91619 0.80093 3.07639
2.75759 1.87447 -1.35688 1.91619 0.80093 3.07639
2.75776 1.87442 -1.35595 1.91619 0.80093 3.07639
2.75793 1.87436 -1.35502 1.91619 0.80093 3.07639
2.7581 1.87431 -1.35409 1.91619 0.80093 3.07639
2.75827 1.87425 -1.35317 1.91619 0.80093 3.07639
2.75843 1.8742 -1.35224 1.91619 0.80093 3.07639
2.7586 1.87414 -1.35131 1.91619 0.80093 3.07639
2.75877 1.87408 -1.35038 1.91619 0.80093 3.07639
2.75894 1.87403 -1.34945 1.91619 0.80093 3.07639
2.75911 1.87397 -1.34852 1.91619 0.80093 3.07639
2.75927 1.87392 -1.3476 1.91619 0.80093 3.07639
2.75944 1.87386 -1.34667 1.91619 0.80093 3.07639
2.75961 1.87381 -1.34574 1.91619 0.80093 3.07639
2.75978 1.87375 -1.34481 1.91619 0.80093 3.07639
2.75995 1.87369 -1.34388 1.91619 0.80093 3.07639
2.76011 1.87364 -1.34295 1.91619 0.80093 3.07639
2.76028 1.87358 -1.34203 1.91619 0.80093 3.07639
2.76045 1.87353 -1.3411 1.91619 0.80093 3.07639
2.76062 1.87347 -1.34017 1.91619 0.80093 3.07639
2.76078 1.87342 -1.33924 1.91619 0.80093 3.07639
2.76095 1.87336 -1.33831 1.91619 0.80093 3.07639
2.76112 1.8733 -1.33738 1.91619 0.80093 3.07639
2.76129 1.87325 -1.33646 1.91619 0.80093 3.07639
2.76146 1.87319 -1.33553 1.91619 0.80093 3.07639
2.76162 1.87314 -1.3346 1.91619 0.80093 3.07639
2.76179 1.87308 -1.33367 1.91619 0.80093 3.07639
2.76196 1.87303 -1.33274 1.91619 0.80093 3.07639
2.76213 1.87297 -1.33181 1.91619 0.80093 3.07639
2.7623 1.87292 -1.33089 1.91619 0.80093 3.07639
2.76246 1.87286 -1.32996 1.91619 0.80093 3.07639
2.76263 1.8728 -1.32903 1.91619 0.80093 3.07639
2.7628 1.87275 -1.3281 1.91619 0.80093 3.07639
2.76297 1.87269 -1.32717 1.91619 0.80093 3.07639
2.76314 1.87264 -1.32624 1.91619 0.80093 3.07639
2.7633 1.87258 -1.32532 1.91619 0.80093 3.07639
2.76347 1.87253 -1.32439 1.91619 0.80093 3.07639
2.76364 1.87247 -1.32346 1.91619 0.80093 3.07639
2.76381 1.87241 -1.32253 1.91619 0.80093 3.07639
2.76398 1.87236 -1.3216 1.91619 0.80093 3.07639
2.76414 1.8723 -1.32067 1.91619 0.80093 3.07639
2.76431 1.87225 -1.31975 1.91619 0.80093 3.07639
2.76448 1.87219 -1.31882 1.91619 0.80093 3.07639
2.76465 1.87214 -1.31789 1.91619 0.80093 3.07639
2.76482 1.87208 -1.31696 1.91619 0.80093 3.07639
2.76498 1.87202 -1.31603 1.91619 0.80093 3.07639
2.76515 1.87197 -1.3151 1.91619 0.80093 3.07639
2.76532 1.87191 -1.31418 1.91619 0.80093 3.07639
2.76549 1.87186 -1.31325 1.91619 0.80093 3.07639
2.76565 1.8718 -1.31232 1.91619 0.80093 3.07639
2.76582 1.87175 -1.31139 1.91619 0.80093 3.07639
2.76599 1.87169 -1.31046 1.91619 0.80093 3.07639
2.76616 1.87163 -1.30953 1.91619 0.80093 3.07639
2.76633 1.87158 -1.30861 1.91619 0.80093 3.07639
2.76649 1.87152 -1.30768 1.91619 0.80093 3.07639
2.76666 1.87147 -1.30675 1.91619 0.80093 3.07639
2.76683 1.87141 -1.30582 1.91619 0.80093 3.07639
2.767 1.87136 -1.30489 1.91619 0.80093 3.07639
2.76717 1.8713 -1.30396 1.91619 0.80093 3.07639
2.76733 1.87124 -1.30304 1.91619 0.80093 3.07639
2.7675 1.87119 -1.30211 1.91619 0.80093 3.07639
2.76767 1.87113 -1.30118 1.91619 0.80093 3.07639
2.76784 1.87108 -1.30025 1.91619 0.80093 3.07639
2.76801 1.87102 -1.29932 1.91619 0.80093 3.07639
2.76817 1.87097 -1.29839 1.91619 0.80093 3.07639
2.76834 1.87091 -1.29747 1.91619 0.80093 3.07639
2.76851 1.87086 -1.29654 1.91619 0.80093 3.07639
2.76868 1.8708 -1.29561 1.91619 0.80093 3.07639
2.76885 1.87074 -1.29468 1.91619 0.80093 3.07639
2.76901 1.87069 -1.29375 1.91619 0.80093 3.07639
2.76918 1.87063 -1.29282 1.91619 0.80093 3.07639
2.76935 1.87058 -1.2919 1.91619 0.80093 3.07639
2.76952 1.87052 -1.29097 1.91619 0.80093 3.07639
2.76968 1.87047 -1.29004 1.91619 0.80093 3.07639
2.76985 1.87041 -1.28911 1.91619 0.80093 3.07639
2.77002 1.87035 -1.28818 1.91619 0.80093 3.07639
2.77019 1.8703 -1.28726 1.91619 0.80093 3.07639
2.77036 1.87024 -1.28633 1.91619 0.80093 3.07639
2.77052 1.87019 -1.2854 1.91619 0.80093 3.07639
2.77069 1.87013 -1.28447 1.91619 0.80093 3.07639
2.77086 1.87008 -1.28354 1.91619 0.80093 3.07639
2.77103 1.87002 -1.28261 1.91619 0.80093 3.07639
2.7712 1.86996 -1.28169 1.91619 0.80093 3.07639
2.77136 1.86991 -1.28076 1.91619 0.80093 3.07639
2.77153 1.86985 -1.27983 1.91619 0.80093 3.07639
2.7717 1.8698 -1.2789 1.91619 0.80093 3.07639
2.77187 1.86974 -1.27797 1.91619 0.80093 3.07639
2.77204 1.86969 -1.27704 1.91619 0.80093 3.07639
2.7722 1.86963 -1.27612 1.91619 0.80093 3.07639
2.77237 1.86957 -1.27519 1.91619 0.80093 3.07639
2.77254 1.86952 -1.27426 1.91619 0.80093 3.07639
2.77271 1.86946 -1.27333 1.91619 0.80093 3.07639
2.77288 1.86941 -1.2724 1.91619 0.80093 3.07639
2.77304 1.86935 -1.27147 1.91619 0.80093 3.07639
2.77321 1.8693 -1.27055 1.91619 0.80093 3.07639
2.77338 1.86924 -1.26962 1.91619 0.80093 3.07639
2.77355 1.86918 -1.26869 1.91619 0.80093 3.07639
2.77372 1.86913 -1.26776 1.91619 0.80093 3.07639
2.77388 1.86907 -1.26683 1.91619 0.80093 3.07639
2.77405 1.86902 -1.2659 1.91619 0.80093 3.07639
2.77422 1.86896 -1.26498 1.91619 0.80093 3.07639
2.77439 1.86891 -1.26405 1.91619 0.80093 3.07639
2.77455 1.86885 -1.26312 1.91619 0.80093 3.07639
2.77472 1.8688 -1.26219 1.91619 0.80093 3.07639
2.77489 1.86874 -1.26126 1.91619 0.80093 3.07639
2.77506 1.86868 -1.26033 1.91619 0.80093 3.07639
2.77523 1.86863 -1.25941 1.91619 0.80093 3.07639
2.77539 1.86857 -1.25848 1.91619 0.80093 3.07639
2.77556 1.86852 -1.25755 1.91619 0.80093 3.07639
2.77573 1.86846 -1.25662 1.91619 0.80093 3.07639
2.7759 1.86841 -1.25569 1.91619 0.80093 3.07639
2.77607 1.86835 -1.25476 1.91619 0.80093 3.07639
2.77623 1.86829 -1.25384 1.91619 0.80093 3.07639
2.7764 1.86824 -1.25291 1.91619 0.80093 3.07639
2.77657 1.86818 -1.25198 1.91619 0.80093 3.07639
2.77674 1.86813 -1.25105 1.91619 0.80093 3.07639
2.77691 1.86807 -1.25012 1.91619 0.80093 3.07639
2.77707 1.86802 -1.24919 1.91619 0.80093 3.07639
2.77724 1.86796 -1.24827 1.91619 0.80093 3.07639
2.77741 1.8679 -1.24734 1.91619 0.80093 3.07639
2.77758 1.86785 -1.24641 1.91619 0.80093 3.07639
2.77775 1.86779 -1.24548 1.91619 0.80093 3.07639
2.77791 1.86774 -1.24455 1.91619 0.80093 3.07639
2.77808 1.86768 -1.24362 1.91619 0.80093 3.07639
2.77825 1.86763 -1.2427 1.91619 0.80093 3.07639
2.77842 1.86757 -1.24177 1.91619 0.80093 3.07639
2.77858 1.86751 -1.24084 1.91619 0.80093 3.07639
2.77875 1.86746 -1.23991 1.91619 0.80093 3.07639
2.77892 1.8674 -1.23898 1.91619 0.80093 3.07639
2.77909 1.86735 -1.23805 1.91619 0.80093 3.07639
2.77926 1.86729 -1.23713 1.91619 0.80093 3.07639
2.77942 1.86724 -1.2362 1.91619 0.80093 3.07639
2.77959 1.86718 -1.23527 1.91619 0.80093 3.07639
2.77976 1.86713 -1.23434 1.91619 0.80093 3.07639
2.77993 1.86707 -1.23341 1.91619 0.80093 3.07639
2.7801 1.86701 -1.23248 1.91619 0.80093 3.07639
2.78026 1.86696 -1.23156 1.91619 0.80093 3.07639
2.78043 1.8669 -1.23063 1.91619 0.80093 3.07639
2.7806 1.86685 -1.2297 1.91619 0.80093 3.07639
2.78077 1.86679 -1.22877 1.91619 0.80093 3.07639
2.78094 1.86674 -1.22784 1.91619 0.80093 3.07639
2.7811 1.86668 -1.22691 1.91619 0.80093 3.07639
2.78127 1.86662 -1.22599 1.91619 0.80093 3.07639
2.78144 1.86657 -1.22506 1.91619 0.80093 3.07639
2.78161 1.86651 -1.22413 1.91619 0.80093 3.07639
2.78178 1.86646 -1.2232 1.91619 0.80093 3.07639
2.78194 1.8664 -1.22227 1.91619 0.80093 3.07639
2.78211 1.86635 -1.22134 1.91619 0.80093 3.07639
2.78228 1.86629 -1.22042 1.91619 0.80093 3.07639
2.78245 1.86623 -1.21949 1.91619 0.80093 3.07639
2.78262 1.86618 -1.21856 1.91619 0.80093 3.07639
2.78278 1.86612 -1.21763 1.91619 0.80093 3.07639
2.78295 1.86607 -1.2167 1.91619 0.80093 3.07639
2.78312 1.86601 -1.21577 1.91619 0.80093 3.07639
2.78329 1.86596 -1.21485 1.91619 0.80093 3.07639
2.78345 1.8659 -1.21392 1.91619 0.80093 3.07639
2.78362 1.86584 -1.21299 1.91619 0.80093 3.07639
2.78379 1.86579 -1.21206 1.91619 0.80093 3.07639
2.78396 1.86573 -1.21113 1.91619 0.80093 3.07639
2.78413 1.86568 -1.2102 1.91619 0.80093 3.07639
2.78429 1.86562 -1.20928 1.91619 0.80093 3.07639
2.78446 1.86557 -1.20835 1.91619 0.80093 3.07639
2.78463 1.86551 -1.20742 1.91619 0.80093 3.07639
2.7848 1.86545 -1.20649 1.91619 0.80093 3.07639
2.78497 1.8654 -1.20556 1.91619 0.80093 3.07639
2.78513 1.86534 -1.20463 1.91619 0.80093 3.07639
2.7853 1.86529 -1.20371 1.91619 0.80093 3.07639
2.78547 1.86523 -1.20278 1.91619 0.80093 3.07639
2.78564 1.86518 -1.20185 1.91619 0.80093 3.07639
2.78581 1.86512 -1.20092 1.91619 0.80093 3.07639
2.78597 1.86507 -1.19999 1.91619 0.80093 3.07639
2.78614 1.86501 -1.19906 1.91619 0.80093 3.07639
2.78631 1.86495 -1.19814 1.91619 0.80093 3.07639
2.78648 1.8649 -1.19721 1.91619 0.80093 3.07639
2.78665 1.86484 -1.19628 1.91619 0.80093 3.07639
2.78681 1.86479 -1.19535 1.91619 0.80093 3.07639
2.78698 1.86473 -1.19442 1.91619 0.80093 3.07639
2.78715 1.86468 -1.19349 1.91619 0.80093 3.07639
2.78732 1.86462 -1.19257 1.91619 0.80093 3.07639
2.78748 1.86456 -1.19164 1.91619 0.80093 3.07639
2.78765 1.86451 -1.19071 1.91619 0.80093 3.07639
2.78782 1.86445 -1.18978 1.91619 0.80093 3.07639
2.78799 1.8644 -1.18885 1.91619 0.80093 3.07639
2.78816 1.86434 -1.18792 1.91619 0.80093 3.07639
2.78832 1.86429 -1.187 1.91619 0.80093 3.07639
2.78849 1.86423 -1.18607 1.91619 0.80093 3.07639
2.78866 1.86417 -1.18514 1.91619 0.80093 3.07639
2.78883 1.86412 -1.18421 1.91619 0.80093 3.07639
2.789 1.86406 -1.18328 1.91619 0.80093 3.07639
2.78916 1.86401 -1.18235 1.91619 0.80093 3.07639
2.78933 1.86395 -1.18143 1.91619 0.80093 3.07639
2.7895 1.8639 -1.1805 1.91619 0.80093 3.07639
2.78967 1.86384 -1.17957 1.91619 0.80093 3.07639
2.78984 1.86378 -1.17864 1.91619 0.80093 3.07639
2.79 1.86373 -1.17771 1.91619 0.80093 3.07639
2.79017 1.86367 -1.17678 1.91619 0.80093 3.07639
2.79034 1.86362 -1.17586 1.91619 0.80093 3.07639
2.79051 1.86356 -1.17493 1.91619 0.80093 3.07639
2.79068 1.86351 -1.174 1.91619 0.80093 3.07639
2.79084 1.86345 -1.17307 1.91619 0.80093 3.07639
2.79101 1.86339 -1.17214 1.91619 0.80093 3.07639
2.79118 1.86334 -1.17121 1.91619 0.80093 3.07639
2.79135 1.86328 -1.17029 1.91619 0.80093 3.07639
2.79152 1.86323 -1.16936 1.91619 0.80093 3.07639
2.79168 1.86317 -1.16843 1.91619 0.80093 3.07639
2.79185 1.86312 -1.1675 1.91619 0.80093 3.07639
2.79202 1.86306 -1.16657 1.91619 0.80093 3.07639
2.79219 1.86301 -1.16564 1.91619 0.80093 3.07639
2.79235 1.86295 -1.16472 1.91619 0.80093 3.07639
2.79252 1.86289 -1.16379 1.91619 0.80093 3.07639
2.79269 1.86284 -1.16286 1.91619 0.80093 3.07639
2.79286 1.86278 -1.16193 1.91619 0.80093 3.07639
2.79303 1.86273 -1.161 1.91619 0.80093 3.07639
2.79319 1.86267 -1.16007 1.91619 0.80093 3.07639
2.79336 1.86262 -1.15915 1.91619 0.80093 3.07639
2.79353 1.86256 -1.15822 1.91619 0.80093 3.07639
2.7937 1.8625 -1.15729 1.91619 0.80093 3.07639
2.79387 1.86245 -1.15636 1.91619 0.80093 3.07639
2.79403 1.86239 -1.15543 1.91619 0.80093 3.07639
2.7942 1.86234 -1.1545 1.91619 0.80093 3.07639
2.79437 1.86228 -1.15358 1.91619 0.80093 3.07639
2.79454 1.86223 -1.15265 1.91619 0.80093 3.07639
2.79471 1.86217 -1.15172 1.91619 0.80093 3.07639
2.79487 1.86211 -1.15079 1.91619 0.80093 3.07639
2.79504 1.86206 -1.14986 1.91619 0.80093 3.07639
2.79521 1.862 -1.14893 1.91619 0.80093 3.07639
2.79538 1.86195 -1.14801 1.91619 0.80093 3.07639
2.79555 1.86189 -1.14708 1.91619 0.80093 3.07639
2.79571 1.86184 -1.14615 1.91619 0.80093 3.07639
2.79588 1.86178 -1.14522 1.91619 0.80093 3.07639
2.79605 1.86172 -1.14429 1.91619 0.80093 3.07639
2.79622 1.86167 -1.14336 1.91619 0.80093 3.07639
2.79638 1.86161 -1.14244 1.91619 0.80093 3.07639
2.79655 1.86156 -1.14151 1.91619 0.80093 3.07639
2.79672 1.8615 -1.14058 1.91619 0.80093 3.07639
2.79689 1.86145 -1.13965 1.91619 0.80093 3.07639
2.79706 1.86139 -1.13872 1.91619 0.80093 3.07639
2.79722 1.86133 -1.13779 1.91619 0.80093 3.07639
2.79739 1.86128 -1.13687 1.91619 0.80093 3.07639
2.79756 1.86122 -1.13594 1.91619 0.80093 3.07639
2.79773 1.86117 -1.13501 1.91619 0.80093 3.07639
2.7979 1.86111 -1.13408 1.91619 0.80093 3.07639
2.79806 1.86106 -1.13315 1.91619 0.80093 3.07639
2.79823 1.861 -1.13222 1.91619 0.80093 3.07639
2.7984 1.86095 -1.1313 1.91619 0.80093 3.07639
2.79857 1.86089 -1.13037 1.91619 0.80093 3.07639
2.79874 1.86083 -1.12944 1.91619 0.80093 3.07639
2.7989 1.86078 -1.12851 1.91619 0.80093 3.07639
2.79907 1.86072 -1.12758 1.91619 0.80093 3.07639
2.79924 1.86067 -1.12665 1.91619 0.80093 3.07639
2.79941 1.86061 -1.12573 1.91619 0.80093 3.07639
2.79958 1.86056 -1.1248 1.91619 0.80093 3.07639
2.79974 1.8605 -1.12387 1.91619 0.80093 3.07639
2.79991 1.86044 -1.12294 1.91619 0.80093 3.07639
2.80008 1.86039 -1.12201 1.91619 0.80093 3.07639
2.80025 1.86033 -1.12108 1.91619 0.80093 3.07639
2.80042 1.86028 -1.12016 1.91619 0.80093 3.07639
2.80058 1.86022 -1.11923 1.91619 0.80093 3.07639
2.80075 1.86017 -1.1183 1.91619 0.80093 3.07639
2.80092 1.86011 -1.11737 1.91619 0.80093 3.07639
2.80109 1.86005 -1.11644 1.91619 0.80093 3.07639
2.80125 1.86 -1.11551 1.91619 0.80093 3.07639
2.80142 1.85994 -1.11459 1.91619 0.80093 3.07639
2.80159 1.85989 -1.11366 1.91619 0.80093 3.07639
2.80176 1.85983 -1.11273 1.91619 0.80093 3.07639
2.80193 1.85978 -1.1118 1.91619 0.80093 3.07639
2.80209 1.85972 -1.11087 1.91619 0.80093 3.07639
2.80226 1.85966 -1.10994 1.91619 0.80093 3.07639
2.80243 1.85961 -1.10902 1.91619 0.80093 3.07639
2.8026 1.85955 -1.10809 1.91619 0.80093 3.07639
2.80277 1.8595 -1.10716 1.91619 0.80093 3.07639
2.80293 1.85944 -1.10623 1.91619 0.80093 3.07639
2.8031 1.85939 -1.1053 1.91619 0.80093 3.07639
2.80327 1.85933 -1.10437 1.91619 0.80093 3.07639
2.80344 1.85927 -1.10345 1.91619 0.80093 3.07639
2.80361 1.85922 -1.10252 1.91619 0.80093 3.07639
2.80377 1.85916 -1.10159 1.91619 0.80093 3.07639
2.80394 1.85911 -1.10066 1.91619 0.80093 3.07639
2.80411 1.85905 -1.09973 1.91619 0.80093 3.07639
2.80428 1.859 -1.0988 1.91619 0.80093 3.07639
2.80445 1.85894 -1.09788 1.91619 0.80093 3.07639
2.80461 1.85889 -1.09695 1.91619 0.80093 3.07639
2.80478 1.85883 -1.09602 1.91619 0.80093 3.07639
2.80495 1.85877 -1.09509 1.91619 0.80093 3.07639
2.80512 1.85872 -1.09416 1.91619 0.80093 3.07639
2.80528 1.85866 -1.09323 1.91619 0.80093 3.07639
2.80545 1.85861 -1.09231 1.91619 0.80093 3.07639
2.80562 1.85855 -1.09138 1.91619 0.80093 3.07639
2.80579 1.8585 -1.09045 1.91619 0.80093 3.07639
2.80596 1.85844 -1.08952 1.91619 0.80093 3.07639
2.80612 1.85838 -1.08859 1.91619 0.80093 3.07639
2.80629 1.85833 -1.08767 1.91619 0.80093 3.07639
2.80646 1.85827 -1.08674 1.91619 0.80093 3.07639
2.80663 1.85822 -1.08581 1.91619 0.80093 3.07639
2.8068 1.85816 -1.08488 1.91619 0.80093 3.07639
2.80696 1.85811 -1.08395 1.91619 0.80093 3.07639
2.80713 1.85805 -1.08302 1.91619 0.80093 3.07639
2.8073 1.85799 -1.0821 1.91619 0.80093 3.07639
2.80747 1.85794 -1.08117 1.91619 0.80093 3.07639
2.80764 1.85788 -1.08024 1.91619 0.80093 3.07639
2.8078 1.85783 -1.07931 1.91619 0.80093 3.07639
2.80797 1.85777 -1.07838 1.91619 0.80093 3.07639
2.80814 1.85772 -1.07745 1.91619 0.80093 3.07639
2.80831 1.85766 -1.07653 1.91619 0.80093 3.07639
2.80848 1.8576 -1.0756 1.91619 0.80093 3.07639
2.80864 1.85755 -1.07467 1.91619 0.80093 3.07639
2.80881 1.85749 -1.07374 1.91619 0.80093 3.07639
2.80898 1.85744 -1.07281 1.91619 0.80093 3.07639
2.80915 1.85738 -1.07188 1.91619 0.80093 3.07639
2.80932 1.85733 -1.07096 1.91619 0.80093 3.07639
2.80948 1.85727 -1.07003 1.91619 0.80093 3.07639
2.80965 1.85721 -1.0691 1.91619 0.80093 3.07639
2.80982 1.85716 -1.06817 1.91619 0.80093 3.07639
2.80999 1.8571 -1.06724 1.91619 0.80093 3.07639
2.81015 1.85705 -1.06631 1.91619 0.80093 3.07639
2.81032 1.85699 -1.06539 1.91619 0.80093 3.07639
2.81049 1.85694 -1.06446 1.91619 0.80093 3.07639
2.81066 1.85688 -1.06353 1.91619 0.80093 3.07639
2.81083 1.85683 -1.0626 1.91619 0.80093 3.07639
2.81099 1.85677 -1.06167 1.91619 0.80093 3.07639
2.81116 1.85671 -1.06074 1.91619 0.80093 3.07639
2.81133 1.85666 -1.05982 1.91619 0.80093 3.07639
2.8115 1.8566 -1.05889 1.91619 0.80093 3.07639
2.81167 1.85655 -1.05796 1.91619 0.80093 3.07639
2.81183 1.85649 -1.05703 1.91619 0.80093 3.07639
2.812 1.85644 -1.0561 1.91619 0.80093 3.07639
2.81217 1.85638 -1.05517 1.91619 0.80093 3.07639
2.81234 1.85632 -1.05425 1.91619 0.80093 3.07639
2.81251 1.85627 -1.05332 1.91619 0.80093 3.07639
2.81267 1.85621 -1.05239 1.91619 0.80093 3.07639
2.81284 1.85616 -1.05146 1.91619 0.80093 3.07639
2.81301 1.8561 -1.05053 1.91619 0.80093 3.07639
2.81318 1.85605 -1.0496 1.91619 0.80093 3.07639
2.81335 1.85599 -1.04868 1.91619 0.80093 3.07639
2.81351 1.85593 -1.04775 1.91619 0.80093 3.07639
2.81368 1.85588 -1.04682 1.91619 0.80093 3.07639
2.81385 1.85582 -1.04589 1.91619 0.80093 3.07639
2.81402 1.85577 -1.04496 1.91619 0.80093 3.07639
2.81418 1.85571 -1.04403 1.91619 0.80093 3.07639
2.81435 1.85566 -1.04311 1.91619 0.80093 3.07639
2.81452 1.8556 -1.04218 1.91619 0.80093 3.07639
2.81469 1.85554 -1.04125 1.91619 0.80093 3.07639
2.81486 1.85549 -1.04032 1.91619 0.80093 3.07639
2.81502 1.85543 -1.03939 1.91619 0.80093 3.07639
2.81519 1.85538 -1.03846 1.91619 0.80093 3.07639
2.81536 1.85532 -1.03754 1.91619 0.80093 3.07639
2.81553 1.85527 -1.03661 1.91619 0.80093 3.07639
2.8157 1.85521 -1.03568 1.91619 0.80093 3.07639
2.81586 1.85515 -1.03475 1.91619 0.80093 3.07639
2.81603 1.8551 -1.03382 1.91619 0.80093 3.07639
2.8162 1.85504 -1.03289 1.91619 0.80093 3.07639
2.81637 1.85499 -1.03197 1.91619 0.80093 3.07639
2.81654 1.85493 -1.03104 1.91619 0.80093 3.07639
2.8167 1.85488 -1.03011 1.91619 0.80093 3.07639
2.81687 1.85482 -1.02918 1.91619 0.80093 3.07639
2.81704 1.85477 -1.02825 1.91619 0.80093 3.07639
2.81721 1.85471 -1.02732 1.91619 0.80093 3.07639
2.81738 1.85465 -1.0264 1.91619 0.80093 3.07639
2.81754 1.8546 -1.02547 1.91619 0.80093 3.07639
2.81771 1.85454 -1.02454 1.91619 0.80093 3.07639
2.81788 1.85449 -1.02361 1.91619 0.80093 3.07639
2.81805 1.85443 -1.02268 1.91619 0.80093 3.07639
2.81822 1.85438 -1.02175 1.91619 0.80093 3.07639
2.81838 1.85432 -1.02083 1.91619 0.80093 3.07639
2.81855 1.85426 -1.0199 1.91619 0.80093 3.07639
2.81872 1.85421 -1.01897 1.91619 0.80093 3.07639
2.81889 1.85415 -1.01804 1.91619 0.80093 3.07639
2.81905 1.8541 -1.01711 1.91619 0.80093 3.07639
2.81922 1.85404 -1.01618 1.91619 0.80093 3.07639
2.81939 1.85399 -1.01526 1.91619 0.80093 3.07639
2.81956 1.85393 -1.01433 1.91619 0.80093 3.07639
2.81973 1.85387 -1.0134 1.91619 0.80093 3.07639
2.81989 1.85382 -1.01247 1.91619 0.80093 3.07639
2.82006 1.85376 -1.01154 1.91619 0.80093 3.07639
2.82023 1.85371 -1.01061 1.91619 0.80093 3.07639
2.8204 1.85365 -1.00969 1.91619 0.80093 3.07639
2.82057 1.8536 -1.00876 1.91619 0.80093 3.07639
2.82073 1.85354 -1.00783 1.91619 0.80093 3.07639
2.8209 1.85348 -1.0069 1.91619 0.80093 3.07639
2.82107 1.85343 -1.00597 1.91619 0.80093 3.07639
2.82124 1.85337 -1.00504 1.91619 0.80093 3.07639
2.82141 1.85332 -1.00412 1.91619 0.80093 3.07639
2.82157 1.85326 -1.00319 1.91619 0.80093 3.07639
2.82174 1.85321 -1.00226 1.91619 0.80093 3.07639
2.82191 1.85315 -1.00133 1.91619 0.80093 3.07639
2.82208 1.8531 -1.0004 1.91619 0.80093 3.07639
2.82225 1.85304 -0.999474 1.91619 0.80093 3.07639
2.82241 1.85298 -0.998546 1.91619 0.80093 3.07639
2.82258 1.85293 -0.997617 1.91619 0.80093 3.07639
2.82275 1.85287 -0.996689 1.91619 0.80093 3.07639
2.82292 1.85282 -0.995761 1.91619 0.80093 3.07639
2.82309 1.85276 -0.994832 1.91619 0.80093 3.07639
2.82325 1.85271 -0.993904 1.91619 0.80093 3.07639
2.82342 1.85265 -0.992976 1.91619 0.80093 3.07639
2.82359 1.85259 -0.992048 1.91619 0.80093 3.07639
2.82376 1.85254 -0.991119 1.91619 0.80093 3.07639
2.82392 1.85248 -0.990191 1.91619 0.80093 3.07639
2.82409 1.85243 -0.989263 1.91619 0.80093 3.07639
2.82426 1.85237 -0.988334 1.91619 0.80093 3.07639
2.82443 1.85232 -0.987406 1.91619 0.80093 3.07639
2.8246 1.85226 -0.986478 1.91619 0.80093 3.07639
2.82476 1.8522 -0.985549 1.91619 0.80093 3.07639
2.82493 1.85215 -0.984621 1.91619 0.80093 3.07639
2.8251 1.85209 -0.983693 1.91619 0.80093 3.07639
2.82527 1.85204 -0.982764 1.91619 0.80093 3.07639
2.82544 1.85198 -0.981836 1.91619 0.80093 3.07639
2.8256 1.85193 -0.980908 1.91619 0.80093 3.07639
2.82577 1.85187 -0.979979 1.91619 0.80093 3.07639
2.82594 1.85181 -0.979051 1.91619 0.80093 3.07639
2.82611 1.85176 -0.978123 1.91619 0.80093 3.07639
2.82628 1.8517 -0.977194 1.91619 0.80093 3.07639
2.82644 1.85165 -0.976266 1.91619 0.80093 3.07639
2.82661 1.85159 -0.975338 1.91619 0.80093 3.07639
2.82678 1.85154 -0.974409 1.91619 0.80093 3.07639
2.82695 1.85148 -0.973481 1.91619 0.80093 3.07639
2.82712 1.85142 -0.972553 1.91619 0.80093 3.07639
2.82728 1.85137 -0.971624 1.91619 0.80093 3.07639
2.82745 1.85131 -0.970696 1.91619 0.80093 3.07639
2.82762 1.85126 -0.969768 1.91619 0.80093 3.07639
2.82779 1.8512 -0.968839 1.91619 0.80093 3.07639
2.82795 1.85115 -0.967911 1.91619 0.80093 3.07639
2.82812 1.85109 -0.966983 1.91619 0.80093 3.07639
2.82829 1.85104 -0.966054 1.91619 0.80093 3.07639
2.82846 1.85098 -0.965126 1.91619 0.80093 3.07639
2.82863 1.85092 -0.964198 1.91619 0.80093 3.07639
2.82879 1.85087 -0.963269 1.91619 0.80093 3.07639
2.82896 1.85081 -0.962341 1.91619 0.80093 3.07639
2.82913 1.85076 -0.961413 1.91619 0.80093 3.07639
2.8293 1.8507 -0.960484 1.91619 0.80093 3.07639
2.82947 1.85065 -0.959556 1.91619 0.80093 3.07639
2.82963 1.85059 -0.958628 1.91619 0.80093 3.07639
2.8298 1.85053 -0.957699 1.91619 0.80093 3.07639
2.82997 1.85048 -0.956771 1.91619 0.80093 3.07639
2.83014 1.85042 -0.955843 1.91619 0.80093 3.07639
2.83031 1.85037 -0.954914 1.91619 0.80093 3.07639
2.83047 1.85031 -0.953986 1.91619 0.80093 3.07639
2.83064 1.85026 -0.953058 1.91619 0.80093 3.07639
2.83081 1.8502 -0.95213 1.91619 0.80093 3.07639
2.83098 1.85014 -0.951201 1.91619 0.80093 3.07639
2.83115 1.85009 -0.950273 1.91619 0.80093 3.07639
2.83131 1.85003 -0.949345 1.91619 0.80093 3.07639
2.83148 1.84998 -0.948416 1.91619 0.80093 3.07639
2.83165 1.84992 -0.947488 1.91619 0.80093 3.07639
2.83182 1.84987 -0.94656 1.91619 0.80093 3.07639
2.83199 1.84981 -0.945631 1.91619 0.80093 3.07639
2.83215 1.84975 -0.944703 1.91619 0.80093 3.07639
2.83232 1.8497 -0.943775 1.91619 0.80093 3.07639
2.83249 1.84964 -0.942846 1.91619 0.80093 3.07639
2.83266 1.84959 -0.941918 1.91619 0.80093 3.07639
2.83282 1.84953 -0.94099 1.91619 0.80093 3.07639
2.83299 1.84948 -0.940061 1.91619 0.80093 3.07639
2.83316 1.84942 -0.939133 1.91619 0.80093 3.07639
2.83333 1.84936 -0.938205 1.91619 0.80093 3.07639
2.8335 1.84931 -0.937276 1.91619 0.80093 3.07639
2.83366 1.84925 -0.936348 1.91619 0.80093 3.07639
2.83383 1.8492 -0.93542 1.91619 0.80093 3.07639
2.834 1.84914 -0.934491 1.91619 0.80093 3.07639
2.83417 1.84909 -0.933563 1.91619 0.80093 3.07639
2.83434 1.84903 -0.932635 1.91619 0.80093 3.07639
2.8345 1.84898 -0.931706 1.91619 0.80093 3.07639
2.83467 1.84892 -0.930778 1.91619 0.80093 3.07639
2.83484 1.84886 -0.92985 1.91619 0.80093 3.07639
2.83501 1.84881 -0.928921 1.91619 0.80093 3.07639
2.83518 1.84875 -0.927993 1.91619 0.80093 3.07639
2.83518 1.84875 -0.927993 1.91619 0.80093 3.07639
2.83518 1.84875 -0.927993 1.91657 0.801339 3.07388
2.83518 1.84875 -0.927993 1.91695 0.801747 3.07137
2.83518 1.84875 -0.927993 1.91733 0.802156 3.06885
2.83518 1.84875 -0.927993 1.9177 0.802564 3.06634
2.83518 1.84875 -0.927993 1.91808 0.802973 3.06383
2.83518 1.84875 -0.927993 1.91846 0.803381 3.06132
2.83518 1.84875 -0.927993 1.91884 0.80379 3.0588
2.83518 1.84875 -0.927993 1.91922 0.804198 3.05629
2.83518 1.84875 -0.927993 1.9196 0.804607 3.05378
2.83518 1.84875 -0.927993 1.91998 0.805015 3.05127
2.83518 1.84875 -0.927993 1.92035 0.805424 3.04875
2.83518 1.84875 -0.927993 1.92073 0.805832 3.04624
2.83518 1.84875 -0.927993 1.92111 0.806241 3.04373
2.83518 1.84875 -0.927993 1.92149 0.806649 3.04122
2.83518 1.84875 -0.927993 1.92187 0.807058 3.0387
2.83518 1.84875 -0.927993 1.92225 0.807466 3.03619
2.83518 1.84875 -0.927993 1.92262 0.807875 3.03368
2.83518 1.84875 -0.927993 1.923 0.808283 3.03117
2.83518 1.84875 -0.927993 1.92338 0.808692 3.02866
2.83518 1.84875 -0.927993 1.92376 0.8091 3.02614
2.83518 1.84875 -0.927993 1.92414 0.809509 3.02363
2.83518 1.84875 -0.927993 1.92452 0.809917 3.02112
2.83518 1.84875 -0.927993 1.9249 0.810326 3.01861
2.83518 1.84875 -0.927993 1.92527 0.810734 3.01609
2.83518 1.84875 -0.927993 1.92565 0.811143 3.01358
2.83518 1.84875 -0.927993 1.92603 0.811551 3.01107
2.83518 1.84875 -0.927993 1.92641 0.81196 3.00856
2.83518 1.84875 -0.927993 1.92679 0.812368 3.00604
2.83518 1.84875 -0.927993 1.92717 0.812777 3.00353
2.83518 1.84875 -0.927993 1.92755 0.813185 3.00102
2.83518 1.84875 -0.927993 1.92792 0.813594 2.99851
2.83518 1.84875 -0.927993 1.9283 0.814002 2.99599
2.83518 1.84875 -0.927993 1.92868 0.814411 2.99348
2.83518 1.84875 -0.927993 1.92906 0.814819 2.99097
2.83518 1.84875 -0.927993 1.92944 0.815228 2.98846
2.83518 1.84875 -0.927993 1.92982 0.815636 2.98594
2.83518 1.84875 -0.927993 1.93019 0.816045 2.98343
2.83518 1.84875 -0.927993 1.93057 0.816453 2.98092
2.83518 1.84875 -0.927993 1.93095 0.816862 2.97841
2.83518 1.84875 -0.927993 1.93133 0.81727 2.9759
2.83518 1.84875 -0.927993 1.93171 0.817679 2.97338
2.83518 1.84875 -0.927993 1.93209 0.818087 2.97087
2.83518 1.84875 -0.927993 1.93247 0.818496 2.96836
2.83518 1.84875 -0.927993 1.93284 0.818904 2.96585
2.83518 1.84875 -0.927993 1.93322 0.819313 2.96333
2.83518 1.84875 -0.927993 1.9336 0.819721 2.96082
2.83518 1.84875 -0.927993 1.93398 0.82013 2.95831
2.83518 1.84875 -0.927993 1.93436 0.820538 2.9558
2.83518 1.84875 -0.927993 1.93474 0.820947 2.95328
2.83518 1.84875 -0.927993 1.93512 0.821355 2.95077
2.83518 1.84875 -0.927993 1.93549 0.821764 2.94826
2.83518 1.84875 -0.927993 1.93587 0.822172 2.94575
2.83518 1.84875 -0.927993 1.93625 0.822581 2.94323
2.83518 1.84875 -0.927993 1.93663 0.822989 2.94072
2.83518 1.84875 -0.927993 1.93701 0.823398 2.93821
2.83518 1.84875 -0.927993 1.93739 0.823806 2.9357
2.83518 1.84875 -0.927993 1.93776 0.824215 2.93319
2.83518 1.84875 -0.927993 1.93814 0.824623 2.93067
2.83518 1.84875 -0.927993 1.93852 0.825032 2.92816
2.83518 1.84875 -0.927993 1.9389 0.82544 2.92565
2.83518 1.84875 -0.927993 1.93928 0.825849 2.92314
2.83518 1.84875 -0.927993 1.93966 0.826257 2.92062
2.83518 1.84875 -0.927993 1.94004 0.826666 2.91811
2.83518 1.84875 -0.927993 1.94041 0.827074 2.9156
2.83518 1.84875 -0.927993 1.94079 0.827483 2.91309
2.83518 1.84875 -0.927993 1.94117 0.827891 2.91057
2.83518 1.84875 -0.927993 1.94155 0.8283 2.90806
2.83518 1.84875 -0.927993 1.94193 0.828708 2.90555
2.83518 1.84875 -0.927993 1.94231 0.829117 2.90304
2.83518 1.84875 -0.927993 1.94269 0.829525 2.90052
2.83518 1.84875 -0.927993 1.94306 0.829934 2.89801
2.83518 1.84875 -0.927993 1.94344 0.830342 2.8955
2.83518 1.84875 -0.927993 1.94382 0.830751 2.89299
2.83518 1.84875 -0.927993 1.9442 0.831159 2.89048
2.83518 1.84875 -0.927993 1.94458 0.831568 2.88796
2.83518 1.84875 -0.927993 1.94496 0.831976 2.88545
2.83518 1.84875 -0.927993 1.94534 0.832385 2.88294
2.83518 1.84875 -0.927993 1.94571 0.832793 2.88043
2.83518 1.84875 -0.927993 1.94609 0.833202 2.87791
2.83518 1.84875 -0.927993 1.94647 0.83361 2.8754
2.83518 1.84875 -0.927993 1.94685 0.834019 2.87289
2.83518 1.84875 -0.927993 1.94723 0.834427 2.87038
2.83518 1.84875 -0.927993 1.94761 0.834836 2.86786
2.83518 1.84875 -0.927993 1.94798 0.835244 2.86535
2.83518 1.84875 -0.927993 1.94836 0.835653 2.86284
2.83518 1.84875 -0.927993 1.94874 0.836061 2.86033
2.83518 1.84875 -0.927993 1.94912 0.83647 2.85781
2.83518 1.84875 -0.927993 1.9495 0.836879 2.8553
2.83518 1.84875 -0.927993 1.94988 0.837287 2.85279
2.83518 1.84875 -0.927993 1.95026 0.837696 2.85028
2.83518 1.84875 -0.927993 1.95063 0.838104 2.84776
2.83518 1.84875 -0.927993 1.95101 0.838513 2.84525
2.83518 1.84875 -0.927993 1.95139 0.838921 2.84274
2.83518 1.84875 -0.927993 1.95177 0.83933 2.84023
2.83518 1.84875 -0.927993 1.95215 0.839738 2.83772
2.83518 1.84875 -0.927993 1.95253 0.840147 2.8352
2.83518 1.84875 -0.927993 1.95291 0.840555 2.83269
2.83518 1.84875 -0.927993 1.95328 0.840964 2.83018
2.83518 1.84875 -0.927993 1.95366 0.841372 2.82767
2.83518 1.84875 -0.927993 1.95404 0.841781 2.82515
2.83518 1.84875 -0.927993 1.95442 0.842189 2.82264
2.83518 1.84875 -0.927993 1.9548 0.842598 2.82013
2.83518 1.84875 -0.927993 1.95518 0.843006 2.81762
2.83518 1.84875 -0.927993 1.95555 0.843415 2.8151
2.83518 1.84875 -0.927993 1.95593 0.843823 2.81259
2.83518 1.84875 -0.927993 1.95631 0.844232 2.81008
2.83518 1.84875 -0.927993 1.95669 0.84464 2.80757
2.83518 1.84875 -0.927993 1.95707 0.845049 2.80505
2.83518 1.84875 -0.927993 1.95745 0.845457 2.80254
2.83518 1.84875 -0.927993 1.95783 0.845866 2.80003
2.83518 1.84875 -0.927993 1.9582 0.846274 2.79752
2.83518 1.84875 -0.927993 1.95858 0.846683 2.79501
2.83518 1.84875 -0.927993 1.95896 0.847091 2.79249
2.83518 1.84875 -0.927993 1.95934 0.8475 2.78998
2.83518 1.84875 -0.927993 1.95972 0.847908 2.78747
2.83518 1.84875 -0.927993 1.9601 0.848317 2.78496
2.83518 1.84875 -0.927993 1.96048 0.848725 2.78244
2.83518 1.84875 -0.927993 1.96085 0.849134 2.77993
2.83518 1.84875 -0.927993 1.96123 0.849542 2.77742
2.83518 1.84875 -0.927993 1.96161 0.849951 2.77491
2.83518 1.84875 -0.927993 1.96199 0.850359 2.77239
2.83518 1.84875 -0.927993 1.96237 0.850768 2.76988
2.83518 1.84875 -0.927993 1.96275 0.851176 2.76737
2.83518 1.84875 -0.927993 1.96312 0.851585 2.76486
2.83518 1.84875 -0.927993 1.9635 0.851993 2.76234
2.83518 1.84875 -0.927993 1.96388 0.852402 2.75983
2.83518 1.84875 -0.927993 1.96426 0.85281 2.75732
2.83518 1.84875 -0.927993 1.96464 0.853219 2.75481
2.83518 1.84875 -0.927993 1.96502 0.853627 2.7523
2.83518 1.84875 -0.927993 1.9654 0.854036 2.74978
2.83518 1.84875 -0.927993 1.96577 0.854444 2.74727
2.83518 1.84875 -0.927993 1.96615 0.854853 2.74476
2.83518 1.84875 -0.927993 1.96653 0.855261 2.74225
2.83518 1.84875 -0.927993 1.96691 0.85567 2.73973
2.83518 1.84875 -0.927993 1.96729 0.856078 2.73722
2.83518 1.84875 -0.927993 1.96767 0.856487 2.73471
2.83518 1.84875 -0.927993 1.96805 0.856895 2.7322
2.83518 1.84875 -0.927993 1.96842 0.857304 2.72968
2.83518 1.84875 -0.927993 1.9688 0.857712 2.72717
2.83518 1.84875 -0.927993 1.96918 0.858121 2.72466
2.83518 1.84875 -0.927993 1.96956 0.858529 2.72215
2.83518 1.84875 -0.927993 1.96994 0.858938 2.71963
2.83518 1.84875 -0.927993 1.97032 0.859346 2.71712
2.83518 1.84875 -0.927993 1.9707 0.859755 2.71461
2.83518 1.84875 -0.927993 1.97107 0.860163 2.7121
2.83518 1.84875 -0.927993 1.97145 0.860572 2.70959
2.83518 1.84875 -0.927993 1.97183 0.86098 2.70707
2.83518 1.84875 -0.927993 1.97221 0.861389 2.70456
2.83518 1.84875 -0.927993 1.97259 0.861797 2.70205
2.83518 1.84875 -0.927993 1.97297 0.862206 2.69954
2.83518 1.84875 -0.927993 1.97334 0.862614 2.69702
2.83518 1.84875 -0.927993 1.97372 0.863023 2.69451
2.83518 1.84875 -0.927993 1.9741 0.863431 2.692
2.83518 1.84875 -0.927993 1.97448 0.86384 2.68949
2.83518 1.84875 -0.927993 1.97486 0.864248 2.68697
2.83518 1.84875 -0.927993 1.97524 0.864657 2.68446
2.83518 1.84875 -0.927993 1.97562 0.865065 2.68195
2.83518 1.84875 -0.927993 1.97599 0.865474 2.67944
2.83518 1.84875 -0.927993 1.97637 0.865882 2.67692
2.83518 1.84875 -0.927993 1.97675 0.866291 2.67441
2.83518 1.84875 -0.927993 1.97713 0.866699 2.6719
2.83518 1.84875 -0.927993 1.97751 0.867108 2.66939
2.83518 1.84875 -0.927993 1.97789 0.867516 2.66687
2.83518 1.84875 -0.927993 1.97827 0.867925 2.66436
2.83518 1.84875 -0.927993 1.97864 0.868333 2.66185
2.83518 1.84875 -0.927993 1.97902 0.868742 2.65934
2.83518 1.84875 -0.927993 1.9794 0.86915 2.65683
2.83518 1.84875 -0.927993 1.97978 0.869559 2.65431
2.83518 1.84875 -0.927993 1.98016 0.869967 2.6518
2.83518 1.84875 -0.927993 1.98054 0.870376 2.64929
2.83518 1.84875 -0.927993 1.98091 0.870784 2.64678
2.83518 1.84875 -0.927993 1.98129 0.871193 2.64426
2.83518 1.84875 -0.927993 1.98167 0.871601 2.64175
2.83518 1.84875 -0.927993 1.98205 0.87201 2.63924
2.83518 1.84875 -0.927993 1.98243 0.872418 2.63673
2.83518 1.84875 -0.927993 1.98281 0.872827 2.63421
2.83518 1.84875 -0.927993 1.98319 0.873235 2.6317
2.83518 1.84875 -0.927993 1.98356 0.873644 2.62919
2.83518 1.84875 -0.927993 1.98394 0.874053 2.62668
2.83518 1.84875 -0.927993 1.98432 0.874461 2.62416
2.83518 1.84875 -0.927993 1.9847 0.87487 2.62165
2.83518 1.84875 -0.927993 1.98508 0.875278 2.61914
2.83518 1.84875 -0.927993 1.98546 0.875687 2.61663
2.83518 1.84875 -0.927993 1.98584 0.876095 2.61412
2.83518 1.84875 -0.927993 1.98621 0.876504 2.6116
2.83518 1.84875 -0.927993 1.98659 0.876912 2.60909
2.83518 1.84875 -0.927993 1.98697 0.877321 2.60658
2.83518 1.84875 -0.927993 1.98735 0.877729 2.60407
2.83518 1.84875 -0.927993 1.98773 0.878138 2.60155
2.83518 1.84875 -0.927993 1.98811 0.878546 2.59904
2.83518 1.84875 -0.927993 1.98848 0.878955 2.59653
2.83518 1.84875 -0.927993 1.98886 0.879363 2.59402
2.83518 1.84875 -0.927993 1.98924 0.879772 2.5915
2.83518 1.84875 -0.927993 1.98962 0.88018 2.58899
2.83518 1.84875 -0.927993 1.99 0.880589 2.58648
2.83518 1.84875 -0.927993 1.99038 0.880997 2.58397
2.83518 1.84875 -0.927993 1.99076 0.881406 2.58145
2.83518 1.84875 -0.927993 1.99113 0.881814 2.57894
2.83518 1.84875 -0.927993 1.99151 0.882223 2.57643
2.83518 1.84875 -0.927993 1.99189 0.882631 2.57392
2.83518 1.84875 -0.927993 1.99227 0.88304 2.57141
2.83518 1.84875 -0.927993 1.99265 0.883448 2.56889
2.83518 1.84875 -0.927993 1.99303 0.883857 2.56638
2.83518 1.84875 -0.927993 1.99341 0.884265 2.56387
2.83518 1.84875 -0.927993 1.99378 0.884674 2.56136
2.83518 1.84875 -0.927993 1.99416 0.885082 2.55884
2.83518 1.84875 -0.927993 1.99454 0.885491 2.55633
2.83518 1.84875 -0.927993 1.99492 0.885899 2.55382
2.83518 1.84875 -0.927993 1.9953 0.886308 2.55131
2.83518 1.84875 -0.927993 1.99568 0.886716 2.54879
2.83518 1.84875 -0.927993 1.99606 0.887125 2.54628
2.83518 1.84875 -0.927993 1.99643 0.887533 2.54377
2.83518 1.84875 -0.927993 1.99681 0.887942 2.54126
2.83518 1.84875 -0.927993 1.99719 0.88835 2.53874
2.83518 1.84875 -0.927993 1.99757 0.888759 2.53623
2.83518 1.84875 -0.927993 1.99795 0.889167 2.53372
2.83518 1.84875 -0.927993 1.99833 0.889576 2.53121
2.83518 1.84875 -0.927993 1.9987 0.889984 2.52869
2.83518 1.84875 -0.927993 1.99908 0.890393 2.52618
2.83518 1.84875 -0.927993 1.99946 0.890801 2.52367
2.83518 1.84875 -0.927993 1.99984 0.89121 2.52116
2.83518 1.84875 -0.927993 2.00022 0.891618 2.51865
2.83518 1.84875 -0.927993 2.0006 0.892027 2.51613
2.83518 1.84875 -0.927993 2.00098 0.892435 2.51362
2.83518 1.84875 -0.927993 2.00135 0.892844 2.51111
2.83518 1.84875 -0.927993 2.00173 0.893252 2.5086
2.83518 1.84875 -0.927993 2.00211 0.893661 2.50608
2.83518 1.84875 -0.927993 2.00249 0.894069 2.50357
2.83518 1.84875 -0.927993 2.00287 0.894478 2.50106
2.83518 1.84875 -0.927993 2.00325 0.894886 2.49855
2.83518 1.84875 -0.927993 2.00363 0.895295 2.49603
2.83518 1.84875 -0.927993 2.004 0.895703 2.49352
2.83518 1.84875 -0.927993 2.00438 0.896112 2.49101
2.83518 1.84875 -0.927993 2.00476 0.89652 2.4885
2.83518 1.84875 -0.927993 2.00514 0.896929 2.48598
2.83518 1.84875 -0.927993 2.00552 0.897337 2.48347
2.83518 1.84875 -0.927993 2.0059 0.897746 2.48096
2.83518 1.84875 -0.927993 2.00627 0.898154 2.47845
2.83518 1.84875 -0.927993 2.00665 0.898563 2.47594
2.83518 1.84875 -0.927993 2.00703 0.898971 2.47342
2.83518 1.84875 -0.927993 2.00741 0.89938 2.47091
2.83518 1.84875 -0.927993 2.00779 0.899788 2.4684
2.83518 1.84875 -0.927993 2.00817 0.900197 2.46589
2.83518 1.84875 -0.927993 2.00855 0.900605 2.46337
2.83518 1.84875 -0.927993 2.00892 0.901014 2.46086
2.83518 1.84875 -0.927993 2.0093 0.901422 2.45835
2.83518 1.84875 -0.927993 2.00968 0.901831 2.45584
2.83518 1.84875 -0.927993 2.01006 0.902239 2.45332
2.83518 1.84875 -0.927993 2.01044 0.902648 2.45081
2.83518 1.84875 -0.927993 2.01082 0.903056 2.4483
2.83518 1.84875 -0.927993 2.0112 0.903465 2.44579
2.83518 1.84875 -0.927993 2.01157 0.903873 2.44327
2.83518 1.84875 -0.927993 2.01195 0.904282 2.44076
2.83518 1.84875 -0.927993 2.01233 0.90469 2.43825
2.83518 1.84875 -0.927993 2.01271 0.905099 2.43574
2.83518 1.84875 -0.927993 2.01309 0.905507 2.43323
2.83518 1.84875 -0.927993 2.01347 0.905916 2.43071
2.83518 1.84875 -0.927993 2.01384 0.906324 2.4282
2.83518 1.84875 -0.927993 2.01422 0.906733 2.42569
2.83518 1.84875 -0.927993 2.0146 0.907141 2.42318
2.83518 1.84875 -0.927993 2.01498 0.90755 2.42066
2.83518 1.84875 -0.927993 2.01536 0.907958 2.41815
2.83518 1.84875 -0.927993 2.01574 0.908367 2.41564
2.83518 1.84875 -0.927993 2.01612 0.908775 2.41313
2.83518 1.84875 -0.927993 2.01649 0.909184 2.41061
2.83518 1.84875 -0.927993 2.01687 0.909592 2.4081
2.83518 1.84875 -0.927993 2.01725 0.910001 2.40559
2.83518 1.84875 -0.927993 2.01763 0.910409 2.40308
2.83518 1.84875 -0.927993 2.01801 0.910818 2.40056
2.83518 1.84875 -0.927993 2.01839 0.911226 2.39805
2.83518 1.84875 -0.927993 2.01877 0.911635 2.39554
2.83518 1.84875 -0.927993 2.01914 0.912044 2.39303
2.83518 1.84875 -0.927993 2.01952 0.912452 2.39051
2.83518 1.84875 -0.927993 2.0199 0.912861 2.388
2.83518 1.84875 -0.927993 2.02028 0.913269 2.38549
2.83518 1.84875 -0.927993 2.02066 0.913678 2.38298
2.83518 1.84875 -0.927993 2.02104 0.914086 2.38047
2.83518 1.84875 -0.927993 2.02142 0.914495 2.37795
2.83518 1.84875 -0.927993 2.02179 0.914903 2.37544
2.83518 1.84875 -0.927993 2.02217 0.915312 2.37293
2.83518 1.84875 -0.927993 2.02255 0.91572 2.37042
2.83518 1.84875 -0.927993 2.02293 0.916129 2.3679
2.83518 1.84875 -0.927993 2.02331 0.916537 2.36539
2.83518 1.84875 -0.927993 2.02369 0.916946 2.36288
2.83518 1.84875 -0.927993 2.02406 0.917354 2.36037
2.83518 1.84875 -0.927993 2.02444 0.917763 2.35785
2.83518 1.84875 -0.927993 2.02482 0.918171 2.35534
2.83518 1.84875 -0.927993 2.0252 0.91858 2.35283
2.83518 1.84875 -0.927993 2.02558 0.918988 2.35032
2.83518 1.84875 -0.927993 2.02596 0.919397 2.3478
2.83518 1.84875 -0.927993 2.02634 0.919805 2.34529
2.83518 1.84875 -0.927993 2.02671 0.920214 2.34278
2.83518 1.84875 -0.927993 2.02709 0.920622 2.34027
2.83518 1.84875 -0.927993 2.02747 0.921031 2.33776
2.83518 1.84875 -0.927993 2.02785 0.921439 2.33524
2.83518 1.84875 -0.927993 2.02823 0.921848 2.33273
2.83518 1.84875 -0.927993 2.02861 0.922256 2.33022
2.83518 1.84875 -0.927993 2.02899 0.922665 2.32771
2.83518 1.84875 -0.927993 2.02936 0.923073 2.32519
2.83518 1.84875 -0.927993 2.02974 0.923482 2.32268
2.83518 1.84875 -0.927993 2.03012 0.92389 2.32017
2.83518 1.84875 -0.927993 2.0305 0.924299 2.31766
2.83518 1.84875 -0.927993 2.03088 0.924707 2.31514
2.83518 1.84875 -0.927993 2.03126 0.925116 2.31263
2.83518 1.84875 -0.927993 2.03163 0.925524 2.31012
2.83518 1.84875 -0.927993 2.03201 0.925933 2.30761
2.83518 1.84875 -0.927993 2.03239 0.926341 2.30509
2.83518 1.84875 -0.927993 2.03277 0.92675 2.30258
2.83518 1.84875 -0.927993 2.03315 0.927158 2.30007
2.83518 1.84875 -0.927993 2.03353 0.927567 2.29756
2.83518 1.84875 -0.927993 2.03391 0.927975 2.29505
2.83518 1.84875 -0.927993 2.03428 0.928384 2.29253
2.83518 1.84875 -0.927993 2.03466 0.928792 2.29002
2.83518 1.84875 -0.927993 2.03504 0.929201 2.28751
2.83518 1.84875 -0.927993 2.03542 0.929609 2.285
2.83518 1.84875 -0.927993 2.0358 0.930018 2.28248
2.83518 1.84875 -0.927993 2.03618 0.930426 2.27997
2.83518 1.84875 -0.927993 2.03656 0.930835 2.27746
2.83518 1.84875 -0.927993 2.03693 0.931243 2.27495
2.83518 1.84875 -0.927993 2.03731 0.931652 2.27243
2.83518 1.84875 -0.927993 2.03769 0.93206 2.26992
2.83518 1.84875 -0.927993 2.03807 0.932469 2.26741
2.83518 1.84875 -0.927993 2.03845 0.932877 2.2649
2.83518 1.84875 -0.927993 2.03883 0.933286 2.26238
2.83518 1.84875 -0.927993 2.0392 0.933694 2.25987
2.83518 1.84875 -0.927993 2.03958 0.934103 2.25736
2.83518 1.84875 -0.927993 2.03996 0.934511 2.25485
2.83518 1.84875 -0.927993 2.04034 0.93492 2.25233
2.83518 1.84875 -0.927993 2.04072 0.935328 2.24982
2.83518 1.84875 -0.927993 2.0411 0.935737 2.24731
2.83518 1.84875 -0.927993 2.04148 0.936145 2.2448
2.83518 1.84875 -0.927993 2.04185 0.936554 2.24229
2.83518 1.84875 -0.927993 2.04223 0.936962 2.23977
2.83518 1.84875 -0.927993 2.04261 0.937371 2.23726
2.83518 1.84875 -0.927993 2.04299 0.937779 2.23475
2.83518 1.84875 -0.927993 2.04337 0.938188 2.23224
2.83518 1.84875 -0.927993 2.04375 0.938596 2.22972
2.83518 1.84875 -0.927993 2.04413 0.939005 2.22721
2.83518 1.84875 -0.927993 2.0445 0.939413 2.2247
2.83518 1.84875 -0.927993 2.04488 0.939822 2.22219
2.83518 1.84875 -0.927993 2.04526 0.94023 2.21967
2.83518 1.84875 -0.927993 2.04564 0.940639 2.21716
2.83518 1.84875 -0.927993 2.04602 0.941047 2.21465
2.83518 1.84875 -0.927993 2.0464 0.941456 2.21214
2.83518 1.84875 -0.927993 2.04678 0.941864 2.20962
2.83518 1.84875 -0.927993 2.04715 0.942273 2.20711
2.83518 1.84875 -0.927993 2.04753 0.942681 2.2046
2.83518 1.84875 -0.927993 2.04791 0.94309 2.20209
2.83518 1.84875 -0.927993 2.04829 0.943498 2.19958
2.83518 1.84875 -0.927993 2.04867 0.943907 2.19706
2.83518 1.84875 -0.927993 2.04905 0.944315 2.19455
2.83518 1.84875 -0.927993 2.04942 0.944724 2.19204
2.83518 1.84875 -0.927993 2.0498 0.945132 2.18953
2.83518 1.84875 -0.927993 2.05018 0.945541 2.18701
2.83518 1.84875 -0.927993 2.05056 0.945949 2.1845
2.83518 1.84875 -0.927993 2.05094 0.946358 2.18199
2.83518 1.84875 -0.927993 2.05132 0.946766 2.17948
2.83518 1.84875 -0.927993 2.0517 0.947175 2.17696
2.83518 1.84875 -0.927993 2.05207 0.947583 2.17445
2.83518 1.84875 -0.927993 2.05245 0.947992 2.17194
2.83518 1.84875 -0.927993 2.05283 0.9484 2.16943
2.83518 1.84875 -0.927993 2.05321 0.948809 2.16691
2.83518 1.84875 -0.927993 2.05359 0.949218 2.1644
2.83518 1.84875 -0.927993 2.05397 0.949626 2.16189
2.83518 1.84875 -0.927993 2.05435 0.950035 2.15938
2.83518 1.84875 -0.927993 2.05472 0.950443 2.15687
2.83518 1.84875 -0.927993 2.0551 0.950852 2.15435
2.83518 1.84875 -0.927993 2.05548 0.95126 2.15184
2.83518 1.84875 -0.927993 2.05586 0.951669 2.14933
2.83518 1.84875 -0.927993 2.05624 0.952077 2.14682
2.83518 1.84875 -0.927993 2.05662 0.952486 2.1443
2.83518 1.84875 -0.927993 2.05699 0.952894 2.14179
2.83518 1.84875 -0.927993 2.05737 0.953303 2.13928
2.83518 1.84875 -0.927993 2.05775 0.953711 2.13677
2.83518 1.84875 -0.927993 2.05813 0.95412 2.13425
2.83518 1.84875 -0.927993 2.05851 0.954528 2.13174
2.83518 1.84875 -0.927993 2.05889 0.954937 2.12923
2.83518 1.84875 -0.927993 2.05927 0.955345 2.12672
2.83518 1.84875 -0.927993 2.05964 0.955754 2.1242
2.83518 1.84875 -0.927993 2.06002 0.956162 2.12169
2.83518 1.84875 -0.927993 2.0604 0.956571 2.11918
2.83518 1.84875 -0.927993 2.06078 0.956979 2.11667
2.83518 1.84875 -0.927993 2.06116 0.957388 2.11415
2.83518 1.84875 -0.927993 2.06154 0.957796 2.11164
2.83518 1.84875 -0.927993 2.06192 0.958205 2.10913
2.83518 1.84875 -0.927993 2.06229 0.958613 2.10662
2.83518 1.84875 -0.927993 2.06267 0.959022 2.10411
2.83518 1.84875 -0.927993 2.06305 0.95943 2.10159
2.83518 1.84875 -0.927993 2.06343 0.959839 2.09908
2.83518 1.84875 -0.927993 2.06381 0.960247 2.09657
2.83518 1.84875 -0.927993 2.06419 0.960656 2.09406
2.83518 1.84875 -0.927993 2.06456 0.961064 2.09154
2.83518 1.84875 -0.927993 2.06494 0.961473 2.08903
2.83518 1.84875 -0.927993 2.06532 0.961881 2.08652
2.83518 1.84875 -0.927993 2.0657 0.96229 2.08401
2.83518 1.84875 -0.927993 2.06608 0.962698 2.08149
2.83518 1.84875 -0.927993 2.06646 0.963107 2.07898
2.83518 1.84875 -0.927993 2.06684 0.963515 2.07647
2.83518 1.84875 -0.927993 2.06721 0.963924 2.07396
2.83518 1.84875 -0.927993 2.06759 0.964332 2.07144
2.83518 1.84875 -0.927993 2.06797 0.964741 2.06893
2.83518 1.84875 -0.927993 2.06835 0.965149 2.06642
2.83518 1.84875 -0.927993 2.06873 0.965558 2.06391
2.83518 1.84875 -0.927993 2.06911 0.965966 2.0614
2.83518 1.84875 -0.927993 2.06949 0.966375 2.05888
2.83518 1.84875 -0.927993 2.06986 0.966783 2.05637
2.83518 1.84875 -0.927993 2.07024 0.967192 2.05386
2.83518 1.84875 -0.927993 2.07062 0.9676 2.05135
2.83518 1.84875 -0.927993 2.071 0.968009 2.04883
2.83518 1.84875 -0.927993 2.07138 0.968417 2.04632
2.83518 1.84875 -0.927993 2.07176 0.968826 2.04381
2.83518 1.84875 -0.927993 2.07214 0.969234 2.0413
2.83518 1.84875 -0.927993 2.07251 0.969643 2.03878
2.83518 1.84875 -0.927993 2.07289 0.970051 2.03627
2.83518 1.84875 -0.927993 2.07327 0.97046 2.03376
2.83518 1.84875 -0.927993 2.07365 0.970868 2.03125
2.83518 1.84875 -0.927993 2.07403 0.971277 2.02873
2.83518 1.84875 -0.927993 2.07441 0.971685 2.02622
2.83518 1.84875 -0.927993 2.07478 0.972094 2.02371
2.83518 1.84875 -0.927993 2.07516 0.972502 2.0212
2.83518 1.84875 -0.927993 2.07554 0.972911 2.01869
2.83518 1.84875 -0.927993 2.07592 0.973319 2.01617
2.83518 1.84875 -0.927993 2.0763 0.973728 2.01366
2.83518 1.84875 -0.927993 2.07668 0.974136 2.01115
2.83518 1.84875 -0.927993 2.07706 0.974545 2.00864
2.83518 1.84875 -0.927993 2.07743 0.974953 2.00612
2.83518 1.84875 -0.927993 2.07781 0.975362 2.00361
2.83518 1.84875 -0.927993 2.07819 0.97577 2.0011
2.83518 1.84875 -0.927993 2.07857 0.976179 1.99859
2.83518 1.84875 -0.927993 2.07895 0.976587 1.99607
2.83518 1.84875 -0.927993 2.07933 0.976996 1.99356
2.83518 1.84875 -0.927993 2.07971 0.977404 1.99105
2.83518 1.84875 -0.927993 2.08008 0.977813 1.98854
2.83518 1.84875 -0.927993 2.08046 0.978221 1.98602
2.83518 1.84875 -0.927993 2.08084 0.97863 1.98351
2.83518 1.84875 -0.927993 2.08122 0.979038 1.981
2.83518 1.84875 -0.927993 2.0816 0.979447 1.97849
2.83518 1.84875 -0.927993 2.08198 0.979855 1.97598
2.83518 1.84875 -0.927993 2.08235 0.980264 1.97346
2.83518 1.84875 -0.927993 2.08273 0.980672 1.97095
2.83518 1.84875 -0.927993 2.08311 0.981081 1.96844
2.83518 1.84875 -0.927993 2.08349 0.981489 1.96593
2.83518 1.84875 -0.927993 2.08387 0.981898 1.96341
2.83518 1.84875 -0.927993 2.08425 0.982306 1.9609
2.83518 1.84875 -0.927993 2.08463 0.982715 1.95839
2.83518 1.84875 -0.927993 2.085 0.983123 1.95588
2.83518 1.84875 -0.927993 2.08538 0.983532 1.95336
2.83518 1.84875 -0.927993 2.08576 0.98394 1.95085
2.83518 1.84875 -0.927993 2.08614 0.984349 1.94834
2.83518 1.84875 -0.927993 2.08652 0.984757 1.94583
2.83518 1.84875 -0.927993 2.0869 0.985166 1.94331
2.83518 1.84875 -0.927993 2.08728 0.985574 1.9408
2.83518 1.84875 -0.927993 2.08765 0.985983 1.93829
2.83518 1.84875 -0.927993 2.08803 0.986392 1.93578
2.83518 1.84875 -0.927993 2.08841 0.9868 1.93326
2.83518 1.84875 -0.927993 2.08879 0.987209 1.93075
2.83518 1.84875 -0.927993 2.08917 0.987617 1.92824
2.83518 1.84875 -0.927993 2.08955 0.988026 1.92573
2.83518 1.84875 -0.927993 2.08992 0.988434 1.92322
2.83518 1.84875 -0.927993 2.0903 0.988843 1.9207
2.83518 1.84875 -0.927993 2.09068 0.989251 1.91819
2.83518 1.84875 -0.927993 2.09106 0.98966 1.91568
2.83518 1.84875 -0.927993 2.09144 0.990068 1.91317
2.83518 1.84875 -0.927993 2.09182 0.990477 1.91065
2.83518 1.84875 -0.927993 2.0922 0.990885 1.90814
2.83518 1.84875 -0.927993 2.09257 0.991294 1.90563
2.83518 1.84875 -0.927993 2.09295 0.991702 1.90312
2.83518 1.84875 -0.927993 2.09333 0.992111 1.9006
2.83518 1.84875 -0.927993 2.09371 0.992519 1.89809
2.83518 1.84875 -0.927993 2.09409 0.992928 1.89558
2.83518 1.84875 -0.927993 2.09447 0.993336 1.89307
2.83518 1.84875 -0.927993 2.09485 0.993745 1.89055
2.83518 1.84875 -0.927993 2.09522 0.994153 1.88804
2.83518 1.84875 -0.927993 2.0956 0.994562 1.88553
2.83518 1.84875 -0.927993 2.09598 0.99497 1.88302
2.83518 1.84875 -0.927993 2.09636 0.995379 1.88051
2.83518 1.84875 -0.927993 2.09674 0.995787 1.87799
2.83518 1.84875 -0.927993 2.09712 0.996196 1.87548
2.83518 1.84875 -0.927993 2.0975 0.996604 1.87297
2.83518 1.84875 -0.927993 2.09787 0.997013 1.87046
2.83518 1.84875 -0.927993 2.09825 0.997421 1.86794
2.83518 1.84875 -0.927993 2.09863 0.99783 1.86543
2.83518 1.84875 -0.927993 2.09901 0.998238 1.86292
2.83518 1.84875 -0.927993 2.09939 0.998647 1.86041
2.83518 1.84875 -0.927993 2.09977 0.999055 1.85789
2.83518 1.84875 -0.927993 2.10014 0.999464 1.85538
2.83518 1.84875 -0.927993 2.10052 0.999872 1.85287
2.83518 1.84875 -0.927993 2.1009 1.00028 1.85036
2.83518 1.84875 -0.927993 2.10128 1.00069 1.84784
2.83518 1.84875 -0.927993 2.10166 1.0011 1.84533
2.83518 1.84875 -0.927993 2.10204 1.00151 1.84282
2.83518 1.84875 -0.927993 2.10242 1.00191 1.84031
2.83518 1.84875 -0.927993 2.10279 1.00232 1.8378
2.83518 1.84875 -0.927993 2.10317 1.00273 1.83528
2.83518 1.84875 -0.927993 2.10355 1.00314 1.83277
2.83518 1.84875 -0.927993 2.10393 1.00355 1.83026
2.83518 1.84875 -0.927993 2.10431 1.00396 1.82775
2.83518 1.84875 -0.927993 2.10469 1.00437 1.82523
2.83518 1.84875 -0.927993 2.10507 1.00477 1.82272
2.83518 1.84875 -0.927993 2.10544 1.00518 1.82021
2.83518 1.84875 -0.927993 2.10582 1.00559 1.8177
2.83518 1.84875 -0.927993 2.1062 1.006 1.81518
2.83518 1.84875 -0.927993 2.10658 1.00641 1.81267
2.83518 1.84875 -0.927993 2.10696 1.00682 1.81016
2.83518 1.84875 -0.927993 2.10734 1.00723 1.80765
2.83518 1.84875 -0.927993 2.10771 1.00763 1.80513
2.83518 1.84875 -0.927993 2.10809 1.00804 1.80262
2.83518 1.84875 -0.927993 2.10847 1.00845 1.80011
2.83518 1.84875 -0.927993 2.10885 1.00886 1.7976
2.83518 1.84875 -0.927993 2.10923 1.00927 1.79508
2.83518 1.84875 -0.927993 2.10961 1.00968 1.79257
2.83518 1.84875 -0.927993 2.10999 1.01008 1.79006
2.83518 1.84875 -0.927993 2.11036 1.01049 1.78755
2.83518 1.84875 -0.927993 2.11074 1.0109 1.78504
2.83518 1.84875 -0.927993 2.11112 1.01131 1.78252
2.83518 1.84875 -0.927993 2.1115 1.01172 1.78001
2.83518 1.84875 -0.927993 2.11188 1.01213 1.7775
2.83518 1.84875 -0.927993 2.11226 1.01254 1.77499
2.83518 1.84875 -0.927993 2.11264 1.01294 1.77247
2.83518 1.84875 -0.927993 2.11301 1.01335 1.76996
2.83518 1.84875 -0.927993 2.11339 1.01376 1.76745
2.83518 1.84875 -0.927993 2.11377 1.01417 1.76494
2.83518 1.84875 -0.927993 2.11415 1.01458 1.76242
2.83518 1.84875 -0.927993 2.11453 1.01499 1.75991
2.83518 1.84875 -0.927993 2.11491 1.0154 1.7574
2.83518 1.84875 -0.927993 2.11528 1.0158 1.75489
2.83518 1.84875 -0.927993 2.11566 1.01621 1.75237
2.83518 1.84875 -0.927993 2.11604 1.01662 1.74986
2.83518 1.84875 -0.927993 2.11642 1.01703 1.74735
2.83518 1.84875 -0.927993 2.1168 1.01744 1.74484
2.83518 1.84875 -0.927993 2.11718 1.01785 1.74233
2.83518 1.84875 -0.927993 2.11756 1.01825 1.73981
2.83518 1.84875 -0.927993 2.11793 1.01866 1.7373
2.83518 1.84875 -0.927993 2.11831 1.01907 1.73479
2.83518 1.84875 -0.927993 2.11869 1.01948 1.73228
2.83518 1.84875 -0.927993 2.11907 1.01989 1.72976
2.83518 1.84875 -0.927993 2.11945 1.0203 1.72725
2.83518 1.84875 -0.927993 2.11983 1.02071 1.72474
2.83518 1.84875 -0.927993 2.12021 1.02111 1.72223
2.83518 1.84875 -0.927993 2.12058 1.02152 1.71971
2.83518 1.84875 -0.927993 2.12096 1.02193 1.7172
2.83518 1.84875 -0.927993 2.12134 1.02234 1.71469
2.83518 1.84875 -0.927993 2.12172 1.02275 1.71218
2.83518 1.84875 -0.927993 2.1221 1.02316 1.70966
2.83518 1.84875 -0.927993 2.12248 1.02357 1.70715
2.83518 1.84875 -0.927993 2.12286 1.02397 1.70464
2.83518 1.84875 -0.927993 2.12323 1.02438 1.70213
2.83518 1.84875 -0.927993 2.12361 1.02479 1.69962
2.83518 1.84875 -0.927993 2.12399 1.0252 1.6971
2.83518 1.84875 -0.927993 2.12437 1.02561 1.69459
2.83518 1.84875 -0.927993 2.12475 1.02602 1.69208
2.83518 1.84875 -0.927993 2.12513 1.02643 1.68957
2.83518 1.84875 -0.927993 2.1255 1.02683 1.68705
2.83518 1.84875 -0.927993 2.12588 1.02724 1.68454
2.83518 1.84875 -0.927993 2.12626 1.02765 1.68203
2.83518 1.84875 -0.927993 2.12664 1.02806 1.67952
2.83518 1.84875 -0.927993 2.12702 1.02847 1.677
2.83518 1.84875 -0.927993 2.1274 1.02888 1.67449
2.83518 1.84875 -0.927993 2.12778 1.02928 1.67198
2.83518 1.84875 -0.927993 2.12815 1.02969 1.66947
2.83518 1.84875 -0.927993 2.12853 1.0301 1.66695
2.83518 1.84875 -0.927993 2.12891 1.03051 1.66444
2.83518 1.84875 -0.927993 2.12929 1.03092 1.66193
2.83518 1.84875 -0.927993 2.12967 1.03133 1.65942
2.83518 1.84875 -0.927993 2.13005 1.03174 1.6569
2.83518 1.84875 -0.927993 2.13043 1.03214 1.65439
2.83518 1.84875 -0.927993 2.1308 1.03255 1.65188
2.83518 1.84875 -0.927993 2.13118 1.03296 1.64937
2.83518 1.84875 -0.927993 2.13156 1.03337 1.64686
2.83518 1.84875 -0.927993 2.13194 1.03378 1.64434
2.83518 1.84875 -0.927993 2.13232 1.03419 1.64183
2.83518 1.84875 -0.927993 2.1327 1.0346 1.63932
2.83518 1.84875 -0.927993 2.13307 1.035 1.63681
2.83518 1.84875 -0.927993 2.13345 1.03541 1.63429
2.83518 1.84875 -0.927993 2.13383 1.03582 1.63178
2.83518 1.84875 -0.927993 2.13421 1.03623 1.62927
2.83518 1.84875 -0.927993 2.13459 1.03664 1.62676
2.83518 1.84875 -0.927993 2.13497 1.03705 1.62424
2.83518 1.84875 -0.927993 2.13535 1.03745 1.62173
2.83518 1.84875 -0.927993 2.13572 1.03786 1.61922
2.83518 1.84875 -0.927993 2.1361 1.03827 1.61671
2.83518 1.84875 -0.927993 2.13648 1.03868 1.61419
2.83518 1.84875 -0.927993 2.13686 1.03909 1.61168
2.83518 1.84875 -0.927993 2.13724 1.0395 1.60917
2.83518 1.84875 -0.927993 2.13762 1.03991 1.60666
2.83518 1.84875 -0.927993 2.138 1.04031 1.60415
2.83518 1.84875 -0.927993 2.13837 1.04072 1.60163
2.83518 1.84875 -0.927993 2.13875 1.04113 1.59912
2.83518 1.84875 -0.927993 2.13913 1.04154 1.59661
2.83518 1.84875 -0.927993 2.13951 1.04195 1.5941
2.83518 1.84875 -0.927993 2.13989 1.04236 1.59158
2.83518 1.84875 -0.927993 2.14027 1.04277 1.58907
2.83518 1.84875 -0.927993 2.14064 1.04317 1.58656
2.83518 1.84875 -0.927993 2.14102 1.04358 1.58405
2.83518 1.84875 -0.927993 2.1414 1.04399 1.58153
2.83518 1.84875 -0.927993 2.14178 1.0444 1.57902
2.83518 1.84875 -0.927993 2.14216 1.04481 1.57651
2.83518 1.84875 -0.927993 2.14254 1.04522 1.574
2.83518 1.84875 -0.927993 2.14292 1.04562 1.57148
2.83518 1.84875 -0.927993 2.14329 1.04603 1.56897
2.83518 1.84875 -0.927993 2.14367 1.04644 1.56646
2.83518 1.84875 -0.927993 2.14405 1.04685 1.56395
2.83518 1.84875 -0.927993 2.14443 1.04726 1.56144
2.83518 1.84875 -0.927993 2.14481 1.04767 1.55892
2.83518 1.84875 -0.927993 2.14519 1.04808 1.55641
2.83518 1.84875 -0.927993 2.14557 1.04848 1.5539
2.83518 1.84875 -0.927993 2.14594 1.04889 1.55139
2.83518 1.84875 -0.927993 2.14632 1.0493 1.54887
2.83518 1.84875 -0.927993 2.1467 1.04971 1.54636
2.83518 1.84875 -0.927993 2.14708 1.05012 1.54385
2.83518 1.84875 -0.927993 2.14746 1.05053 1.54134
2.83518 1.84875 -0.927993 2.14784 1.05094 1.53882
2.83518 1.84875 -0.927993 2.14822 1.05134 1.53631
2.83518 1.84875 -0.927993 2.14859 1.05175 1.5338
2.83518 1.84875 -0.927993 2.14897 1.05216 1.53129
2.83518 1.84875 -0.927993 2.14935 1.05257 1.52877
2.83518 1.84875 -0.927993 2.14973 1.05298 1.52626
2.83518 1.84875 -0.927993 2.15011 1.05339 1.52375
2.83518 1.84875 -0.927993 2.15049 1.05379 1.52124
2.83518 1.84875 -0.927993 2.15086 1.0542 1.51872
2.83518 1.84875 -0.927993 2.15124 1.05461 1.51621
2.83518 1.84875 -0.927993 2.15162 1.05502 1.5137
2.83518 1.84875 -0.927993 2.152 1.05543 1.51119
2.83518 1.84875 -0.927993 2.15238 1.05584 1.50868
2.83518 1.84875 -0.927993 2.15276 1.05625 1.50616
2.83518 1.84875 -0.927993 2.15314 1.05665 1.50365
2.83518 1.84875 -0.927993 2.15351 1.05706 1.50114
2.83518 1.84875 -0.927993 2.15389 1.05747 1.49863
2.83518 1.84875 -0.927993 2.15427 1.05788 1.49611
2.83518 1.84875 -0.927993 2.15465 1.05829 1.4936
2.83518 1.84875 -0.927993 2.15503 1.0587 1.49109
2.83518 1.84875 -0.927993 2.15541 1.05911 1.48858
2.83518 1.84875 -0.927993 2.15579 1.05951 1.48606
2.83518 1.84875 -0.927993 2.15616 1.05992 1.48355
2.83518 1.84875 -0.927993 2.15654 1.06033 1.48104
2.83518 1.84875 -0.927993 2.15692 1.06074 1.47853
2.83518 1.84875 -0.927993 2.1573 1.06115 1.47601
2.83518 1.84875 -0.927993 2.15768 1.06156 1.4735
2.83518 1.84875 -0.927993 2.15806 1.06197 1.47099
2.83518 1.84875 -0.927993 2.15843 1.06237 1.46848
2.83518 1.84875 -0.927993 2.15881 1.06278 1.46597
2.83518 1.84875 -0.927993 2.15919 1.06319 1.46345
2.83518 1.84875 -0.927993 2.15957 1.0636 1.46094
2.83518 1.84875 -0.927993 2.15995 1.06401 1.45843
2.83518 1.84875 -0.927993 2.16033 1.06442 1.45592
2.83518 1.84875 -0.927993 2.16071 1.06482 1.4534
2.83518 1.84875 -0.927993 2.16108 1.06523 1.45089
2.83518 1.84875 -0.927993 2.16146 1.06564 1.44838
2.83518 1.84875 -0.927993 2.16184 1.06605 1.44587
2.83518 1.84875 -0.927993 2.16222 1.06646 1.44335
2.83518 1.84875 -0.927993 2.1626 1.06687 1.44084
2.83518 1.84875 -0.927993 2.16298 1.06728 1.43833
2.83518 1.84875 -0.927993 2.16336 1.06768 1.43582
2.83518 1.84875 -0.927993 2.16373 1.06809 1.4333
2.83518 1.84875 -0.927993 2.16411 1.0685 1.43079
2.83518 1.84875 -0.927993 2.16449 1.06891 1.42828
2.83518 1.84875 -0.927993 2.16487 1.06932 1.42577
2.83518 1.84875 -0.927993 2.16525 1.06973 1.42326
2.83518 1.84875 -0.927993 2.16563 1.07014 1.42074
2.83518 1.84875 -0.927993 2.166 1.07054 1.41823
2.83518 1.84875 -0.927993 2.16638 1.07095 1.41572
2.83518 1.84875 -0.927993 2.16676 1.07136 1.41321
2.83518 1.84875 -0.927993 2.16714 1.07177 1.41069
2.83518 1.84875 -0.927993 2.16752 1.07218 1.40818
2.83518 1.84875 -0.927993 2.1679 1.07259 1.40567
2.83518 1.84875 -0.927993 2.16828 1.07299 1.40316
2.83518 1.84875 -0.927993 2.16865 1.0734 1.40064
2.83518 1.84875 -0.927993 2.16903 1.07381 1.39813
2.83518 1.84875 -0.927993 2.16941 1.07422 1.39562
2.83518 1.84875 -0.927993 2.16979 1.07463 1.39311
2.83518 1.84875 -0.927993 2.17017 1.07504 1.39059
2.83518 1.84875 -0.927993 2.17055 1.07545 1.38808
2.83518 1.84875 -0.927993 2.17093 1.07585 1.38557
2.83518 1.84875 -0.927993 2.1713 1.07626 1.38306
2.83518 1.84875 -0.927993 2.17168 1.07667 1.38054
2.83518 1.84875 -0.927993 2.17206 1.07708 1.37803
2.83518 1.84875 -0.927993 2.17244 1.07749 1.37552
2.83518 1.84875 -0.927993 2.17282 1.0779 1.37301
2.83518 1.84875 -0.927993 2.1732 1.07831 1.3705
2.83518 1.84875 -0.927993 2.17358 1.07871 1.36798
2.83518 1.84875 -0.927993 2.17395 1.07912 1.36547
2.83518 1.84875 -0.927993 2.17433 1.07953 1.36296
2.83518 1.84875 -0.927993 2.17471 1.07994 1.36045
2.83518 1.84875 -0.927993 2.17509 1.08035 1.35793
2.83518 1.84875 -0.927993 2.17547 1.08076 1.35542
2.83518 1.84875 -0.927993 2.17585 1.08116 1.35291
2.83518 1.84875 -0.927993 2.17622 1.08157 1.3504
2.83518 1.84875 -0.927993 2.1766 1.08198 1.34788
2.83518 1.84875 -0.927993 2.17698 1.08239 1.34537
2.83518 1.84875 -0.927993 2.17736 1.0828 1.34286
2.83518 1.84875 -0.927993 2.17774 1.08321 1.34035
2.83518 1.84875 -0.927993 2.17812 1.08362 1.33783
2.83518 1.84875 -0.927993 2.1785 1.08402 1.33532
2.83518 1.84875 -0.927993 2.17887 1.08443 1.33281
2.83518 1.84875 -0.927993 2.17925 1.08484 1.3303
2.83518 1.84875 -0.927993 2.17963 1.08525 1.32779
2.83518 1.84875 -0.927993 2.18001 1.08566 1.32527
2.83518 1.84875 -0.927993 2.18039 1.08607 1.32276
2.83518 1.84875 -0.927993 2.18077 1.08648 1.32025
2.83518 1.84875 -0.927993 2.18115 1.08688 1.31774
2.83518 1.84875 -0.927993 2.18152 1.08729 1.31522
2.83518 1.84875 -0.927993 2.1819 1.0877 1.31271
2.83518 1.84875 -0.927993 2.18228 1.08811 1.3102
2.83518 1.84875 -0.927993 2.18266 1.08852 1.30769
2.83518 1.84875 -0.927993 2.18304 1.08893 1.30517
2.83518 1.84875 -0.927993 2.18342 1.08933 1.30266
2.83518 1.84875 -0.927993 2.18379 1.08974 1.30015
2.83518 1.84875 -0.927993 2.18417 1.09015 1.29764
2.83518 1.84875 -0.927993 2.18455 1.09056 1.29512
2.83518 1.84875 -0.927993 2.18493 1.09097 1.29261
2.83518 1.84875 -0.927993 2.18531 1.09138 1.2901
2.83518 1.84875 -0.927993 2.18569 1.09179 1.28759
2.83518 1.84875 -0.927993 2.18607 1.09219 1.28508
2.83518 1.84875 -0.927993 2.18644 1.0926 1.28256
2.83518 1.84875 -0.927993 2.18682 1.09301 1.28005
2.83518 1.84875 -0.927993 2.1872 1.09342 1.27754
2.83518 1.84875 -0.927993 2.18758 1.09383 1.27503
2.83518 1.84875 -0.927993 2.18796 1.09424 1.27251
2.83518 1.84875 -0.927993 2.18834 1.09465 1.27
2.83518 1.84875 -0.927993 2.18872 1.09505 1.26749
2.83518 1.84875 -0.927993 2.18909 1.09546 1.26498
2.83518 1.84875 -0.927993 2.18947 1.09587 1.26246
2.83518 1.84875 -0.927993 2.18985 1.09628 1.25995
2.83518 1.84875 -0.927993 2.19023 1.09669 1.25744
2.83518 1.84875 -0.927993 2.19061 1.0971 1.25493
2.83518 1.84875 -0.927993 2.19099 1.0975 1.25241
2.83518 1.84875 -0.927993 2.19136 1.09791 1.2499
2.83518 1.84875 -0.927993 2.19174 1.09832 1.24739
2.83518 1.84875 -0.927993 2.19212 1.09873 1.24488
2.83518 1.84875 -0.927993 2.1925 1.09914 1.24236
2.83518 1.84875 -0.927993 2.19288 1.09955 1.23985
2.83518 1.84875 -0.927993 2.19326 1.09996 1.23734
2.83518 1.84875 -0.927993 2.19364 1.10036 1.23483
2.83518 1.84875 -0.927993 2.19401 1.10077 1.23232
2.83518 1.84875 -0.927993 2.19439 1.10118 1.2298
2.83518 1.84875 -0.927993 2.19477 1.10159 1.22729
2.83518 1.84875 -0.927993 2.19515 1.102 1.22478
2.83518 1.84875 -0.927993 2.19553 1.10241 1.22227
2.83518 1.84875 -0.927993 2.19591 1.10282 1.21975
2.83518 1.84875 -0.927993 2.19629 1.10322 1.21724
2.83518 1.84875 -0.927993 2.19666 1.10363 1.21473
2.83518 1.84875 -0.927993 2.19704 1.10404 1.21222
2.83518 1.84875 -0.927993 2.19742 1.10445 1.2097
2.83518 1.84875 -0.927993 2.1978 1.10486 1.20719
2.83518 1.84875 -0.927993 2.19818 1.10527 1.20468
2.83518 1.84875 -0.927993 2.19856 1.10568 1.20217
2.83518 1.84875 -0.927993 2.19894 1.10608 1.19965
2.83518 1.84875 -0.927993 2.19931 1.10649 1.19714
2.83518 1.84875 -0.927993 2.19969 1.1069 1.19463
2.83518 1.84875 -0.927993 2.20007 1.10731 1.19212
2.83518 1.84875 -0.927993 2.20045 1.10772 1.18961
2.83518 1.84875 -0.927993 2.20083 1.10813 1.18709
2.83518 1.84875 -0.927993 2.20121 1.10853 1.18458
2.83518 1.84875 -0.927993 2.20158 1.10894 1.18207
2.83518 1.84875 -0.927993 2.20196 1.10935 1.17956
2.83518 1.84875 -0.927993 2.20234 1.10976 1.17704
2.83518 1.84875 -0.927993 2.20272 1.11017 1.17453
2.83518 1.84875 -0.927993 2.2031 1.11058 1.17202
2.83518 1.84875 -0.927993 2.20348 1.11099 1.16951
2.83518 1.84875 -0.927993 2.20386 1.11139 1.16699
2.83518 1.84875 -0.927993 2.20423 1.1118 1.16448
2.83518 1.84875 -0.927993 2.20461 1.11221 1.16197
2.83518 1.84875 -0.927993 2.20499 1.11262 1.15946
2.83518 1.84875 -0.927993 2.20537 1.11303 1.15694
2.83518 1.84875 -0.927993 2.20575 1.11344 1.15443
2.83518 1.84875 -0.927993 2.20613 1.11385 1.15192
2.83518 1.84875 -0.927993 2.20651 1.11425 1.14941
2.83518 1.84875 -0.927993 2.20688 1.11466 1.1469
2.83518 1.84875 -0.927993 2.20726 1.11507 1.14438
2.83518 1.84875 -0.927993 2.20764 1.11548 1.14187
2.83518 1.84875 -0.927993 2.20802 1.11589 1.13936
2.83518 1.84875 -0.927993 2.2084 1.1163 1.13685
2.83518 1.84875 -0.927993 2.20878 1.1167 1.13433
2.83518 1.84875 -0.927993 2.20915 1.11711 1.13182
2.83518 1.84875 -0.927993 2.20953 1.11752 1.12931
2.83518 1.84875 -0.927993 2.20991 1.11793 1.1268
2.83518 1.84875 -0.927993 2.21029 1.11834 1.12428
2.83518 1.84875 -0.927993 2.21067 1.11875 1.12177
2.83518 1.84875 -0.927993 2.21105 1.11916 1.11926
2.83518 1.84875 -0.927993 2.21143 1.11956 1.11675
2.83518 1.84875 -0.927993 2.2118 1.11997 1.11423
2.83518 1.84875 -0.927993 2.21218 1.12038 1.11172
2.83518 1.84875 -0.927993 2.21256 1.12079 1.10921
2.83518 1.84875 -0.927993 2.21294 1.1212 1.1067
2.83518 1.84875 -0.927993 2.21332 1.12161 1.10419
2.83518 1.84875 -0.927993 2.2137 1.12202 1.10167
2.83518 1.84875 -0.927993 2.21408 1.12242 1.09916
2.83518 1.84875 -0.927993 2.21445 1.12283 1.09665
2.83518 1.84875 -0.927993 2.21483 1.12324 1.09414
2.83518 1.84875 -0.927993 2.21521 1.12365 1.09162
2.83518 1.84875 -0.927993 2.21559 1.12406 1.08911
2.83518 1.84875 -0.927993 2.21597 1.12447 1.0866
2.83518 1.84875 -0.927993 2.21635 1.12487 1.08409
2.83518 1.84875 -0.927993 2.21672 1.12528 1.08157
2.83518 1.84875 -0.927993 2.2171 1.12569 1.07906
2.83518 1.84875 -0.927993 2.21748 1.1261 1.07655
2.83518 1.84875 -0.927993 2.21786 1.12651 1.07404
2.83518 1.84875 -0.927993 2.21824 1.12692 1.07152
2.83518 1.84875 -0.927993 2.21862 1.12733 1.06901
2.83518 1.84875 -0.927993 2.219 1.12773 1.0665
2.83518 1.84875 -0.927993 2.21937 1.12814 1.06399
2.83518 1.84875 -0.927993 2.21975 1.12855 1.06147
2.83518 1.84875 -0.927993 2.22013 1.12896 1.05896
2.83518 1.84875 -0.927993 2.22051 1.12937 1.05645
2.83518 1.84875 -0.927993 2.22089 1.12978 1.05394
2.83518 1.84875 -0.927993 2.22127 1.13019 1.05143
2.83518 1.84875 -0.927993 2.22165 1.13059 1.04891
2.83518 1.84875 -0.927993 2.22202 1.131 1.0464
2.83518 1.84875 -0.927993 2.2224 1.13141 1.04389
2.83518 1.84875 -0.927993 2.22278 1.13182 1.04138
2.83518 1.84875 -0.927993 2.22316 1.13223 1.03886
2.83518 1.84875 -0.927993 2.22354 1.13264 1.03635
2.83518 1.84875 -0.927993 2.22392 1.13304 1.03384
2.83518 1.84875 -0.927993 2.22429 1.13345 1.03133
2.83518 1.84875 -0.927993 2.22467 1.13386 1.02881
2.83518 1.84875 -0.927993 2.22505 1.13427 1.0263
2.83518 1.84875 -0.927993 2.22543 1.13468 1.02379
2.83518 1.84875 -0.927993 2.22581 1.13509 1.02128
2.83518 1.84875 -0.927993 2.22619 1.1355 1.01876
2.83518 1.84875 -0.927993 2.22657 1.1359 1.01625
2.83518 1.84875 -0.927993 2.22694 1.13631 1.01374
2.83518 1.84875 -0.927993 2.22732 1.13672 1.01123
2.83518 1.84875 -0.927993 2.2277 1.13713 1.00872
2.83518 1.84875 -0.927993 2.22808 1.13754 1.0062
2.83518 1.84875 -0.927993 2.22846 1.13795 1.00369
2.83518 1.84875 -0.927993 2.22884 1.13836 1.00118
2.83518 1.84875 -0.927993 2.22922 1.13876 0.998666
2.83518 1.84875 -0.927993 2.22959 1.13917 0.996153
2.83518 1.84875 -0.927993 2.22997 1.13958 0.993641
2.83518 1.84875 -0.927993 2.23035 1.13999 0.991129
2.83518 1.84875 -0.927993 2.23073 1.1404 0.988616
2.83518 1.84875 -0.927993 2.23111 1.14081 0.986104
2.83518 1.84875 -0.927993 2.23149 1.14122 0.983592
2.83518 1.84875 -0.927993 2.23187 1.14162 0.981079
2.83518 1.84875 -0.927993 2.23224 1.14203 0.978567
2.83518 1.84875 -0.927993 2.23262 1.14244 0.976055
2.83518 1.84875 -0.927993 2.233 1.14285 0.973542
2.83518 1.84875 -0.927993 2.23338 1.14326 0.97103
2.83518 1.84875 -0.927993 2.23376 1.14367 0.968517
2.83518 1.84875 -0.927993 2.23414 1.14407 0.966005
2.83518 1.84875 -0.927993 2.23451 1.14448 0.963493
2.83518 1.84875 -0.927993 2.23489 1.14489 0.96098
2.83518 1.84875 -0.927993 2.23527 1.1453 0.958468
2.83518 1.84875 -0.927993 2.23565 1.14571 0.955956
2.83518 1.84875 -0.927993 2.23603 1.14612 0.953443
2.83518 1.84875 -0.927993 2.23641 1.14653 0.950931
2.83518 1.84875 -0.927993 2.23679 1.14693 0.948419
2.83518 1.84875 -0.927993 2.23716 1.14734 0.945906
2.83518 1.84875 -0.927993 2.23754 1.14775 0.943394
2.83518 1.84875 -0.927993 2.23792 1.14816 0.940881
2.83518 1.84875 -0.927993 2.2383 1.14857 0.938369
2.83518 1.84875 -0.927993 2.23868 1.14898 0.935857
2.83518 1.84875 -0.927993 2.23906 1.14939 0.933344
2.83518 1.84875 -0.927993 2.23944 1.14979 0.930832
2.83518 1.84875 -0.927993 2.23981 1.1502 0.92832
2.83518 1.84875 -0.927993 2.24019 1.15061 0.925807
2.83518 1.84875 -0.927993 2.24057 1.15102 0.923295
2.83518 1.84875 -0.927993 2.24095 1.15143 0.920783
2.83518 1.84875 -0.927993 2.24133 1.15184 0.91827
2.83518 1.84875 -0.927993 2.24171 1.15224 0.915758
2.83518 1.84875 -0.927993 2.24208 1.15265 0.913245
2.83518 1.84875 -0.927993 2.24246 1.15306 0.910733
2.83518 1.84875 -0.927993 2.24284 1.15347 0.908221
2.83518 1.84875 -0.927993 2.24322 1.15388 0.905708
2.83518 1.84875 -0.927993 2.2436 1.15429 0.903196
2.83518 1.84875 -0.927993 2.24398 1.1547 0.900684
2.83518 1.84875 -0.927993 2.24436 1.1551 0.898171
2.83518 1.84875 -0.927993 2.24473 1.15551 0.895659
2.83518 1.84875 -0.927993 2.24511 1.15592 0.893147
2.83518 1.84875 -0.927993 2.24549 1.15633 0.890634
2.83518 1.84875 -0.927993 2.24587 1.15674 0.888122
2.83518 1.84875 -0.927993 2.24625 1.15715 0.885609
2.83518 1.84875 -0.927993 2.24663 1.15756 0.883097
2.83518 1.84875 -0.927993 2.24701 1.15796 0.880585
2.83518 1.84875 -0.927993 2.24738 1.15837 0.878072
2.83518 1.84875 -0.927993 2.24776 1.15878 0.87556
2.83518 1.84875 -0.927993 2.24814 1.15919 0.873048
2.83518 1.84875 -0.927993 2.24852 1.1596 0.870535
2.83518 1.84875 -0.927993 2.2489 1.16001 0.868023
2.83518 1.84875 -0.927993 2.24928 1.16041 0.865511
2.83518 1.84875 -0.927993 2.24965 1.16082 0.862998
2.83518 1.84875 -0.927993 2.25003 1.16123 0.860486
2.83518 1.84875 -0.927993 2.25041 1.16164 0.857973
2.83518 1.84875 -0.927993 2.25079 1.16205 0.855461
2.83518 1.84875 -0.927993 2.25117 1.16246 0.852949
2.83518 1.84875 -0.927993 2.25155 1.16287 0.850436
2.83518 1.84875 -0.927993 2.25193 1.16327 0.847924
2.83518 1.84875 -0.927993 2.2523 1.16368 0.845412
2.83518 1.84875 -0.927993 2.25268 1.16409 0.842899
2.83518 1.84875 -0.927993 2.25306 1.1645 0.840387
2.83518 1.84875 -0.927993 2.25344 1.16491 0.837875
2.83518 1.84875 -0.927993 2.25382 1.16532 0.835362
2.83518 1.84875 -0.927993 2.2542 1.16573 0.83285
2.83518 1.84875 -0.927993 2.25458 1.16613 0.830337
2.83518 1.84875 -0.927993 2.25495 1.16654 0.827825
2.83518 1.84875 -0.927993 2.25533 1.16695 0.825313
2.83518 1.84875 -0.927993 2.25571 1.16736 0.8228
2.83518 1.84875 -0.927993 2.25609 1.16777 0.820288
2.83518 1.84875 -0.927993 2.25647 1.16818 0.817776
2.83518 1.84875 -0.927993 2.25685 1.16858 0.815263
2.83518 1.84875 -0.927993 2.25723 1.16899 0.812751
2.83518 1.84875 -0.927993 2.2576 1.1694 0.810239
2.83518 1.84875 -0.927993 2.25798 1.16981 0.807726
2.83518 1.84875 -0.927993 2.25836 1.17022 0.805214
2.83518 1.84875 -0.927993 2.25874 1.17063 0.802701
2.83518 1.84875 -0.927993 2.25912 1.17104 0.800189
2.83518 1.84875 -0.927993 2.2595 1.17144 0.797677
2.83518 1.84875 -0.927993 2.25987 1.17185 0.795164
2.83518 1.84875 -0.927993 2.26025 1.17226 0.792652
2.83518 1.84875 -0.927993 2.26063 1.17267 0.79014
2.83518 1.84875 -0.927993 2.26101 1.17308 0.787627
2.83518 1.84875 -0.927993 2.26139 1.17349 0.785115
2.83518 1.84875 -0.927993 2.26177 1.1739 0.782603
2.83518 1.84875 -0.927993 2.26215 1.1743 0.78009
2.83518 1.84875 -0.927993 2.26252 1.17471 0.777578
2.83518 1.84875 -0.927993 2.2629 1.17512 0.775065
2.83518 1.84875 -0.927993 2.26328 1.17553 0.772553
2.83518 1.84875 -0.927993 2.26366 1.17594 0.770041
2.83518 1.84875 -0.927993 2.26404 1.17635 0.767528
2.83518 1.84875 -0.927993 2.26442 1.17676 0.765016
2.83518 1.84875 -0.927993 2.2648 1.17716 0.762504
2.83518 1.84875 -0.927993 2.26517 1.17757 0.759991
2.83518 1.84875 -0.927993 2.26555 1.17798 0.757479
2.83518 1.84875 -0.927993 2.26593 1.17839 0.754967
2.83518 1.84875 -0.927993 2.26631 1.1788 0.752454
2.83518 1.84875 -0.927993 2.26669 1.17921 0.749942
2.83518 1.84875 -0.927993 2.26707 1.17961 0.747429
2.83518 1.84875 -0.927993 2.26744 1.18002 0.744917
2.83518 1.84875 -0.927993 2.26782 1.18043 0.742405
2.83518 1.84875 -0.927993 2.2682 1.18084 0.739892
2.83518 1.84875 -0.927993 2.26858 1.18125 0.73738
2.83518 1.84875 -0.927993 2.26896 1.18166 0.734868
2.83518 1.84875 -0.927993 2.26934 1.18207 0.732355
2.83518 1.84875 -0.927993 2.26972 1.18247 0.729843
2.83518 1.84875 -0.927993 2.27009 1.18288 0.727331
2.83518 1.84875 -0.927993 2.27047 1.18329 0.724818
2.83518 1.84875 -0.927993 2.27085 1.1837 0.722306
2.83518 1.84875 -0.927993 2.27123 1.18411 0.719793
2.83518 1.84875 -0.927993 2.27161 1.18452 0.717281
2.83518 1.84875 -0.927993 2.27199 1.18493 0.714769
2.83518 1.84875 -0.927993 2.27237 1.18533 0.712256
2.83518 1.84875 -0.927993 2.27274 1.18574 0.709744
2.83518 1.84875 -0.927993 2.27312 1.18615 0.707232
2.83518 1.84875 -0.927993 2.2735 1.18656 0.704719
2.83518 1.84875 -0.927993 2.27388 1.18697 0.702207
2.83518 1.84875 -0.927993 2.27426 1.18738 0.699695
2.83518 1.84875 -0.927993 2.27464 1.18778 0.697182
2.83518 1.84875 -0.927993 2.27501 1.18819 0.69467
2.83518 1.84875 -0.927993 2.27539 1.1886 0.692157
2.83518 1.84875 -0.927993 2.27577 1.18901 0.689645
2.83518 1.84875 -0.927993 2.27615 1.18942 0.687133
2.83518 1.84875 -0.927993 2.27653 1.18983 0.68462
2.83518 1.84875 -0.927993 2.27691 1.19024 0.682108
2.83518 1.84875 -0.927993 2.27729 1.19064 0.679596
2.83518 1.84875 -0.927993 2.27766 1.19105 0.677083
2.83518 1.84875 -0.927993 2.27804 1.19146 0.674571
2.83518 1.84875 -0.927993 2.27842 1.19187 0.672059
2.83518 1.84875 -0.927993 2.2788 1.19228 0.669546
2.83518 1.84875 -0.927993 2.27918 1.19269 0.667034
2.83518 1.84875 -0.927993 2.27956 1.1931 0.664521
2.83518 1.84875 -0.927993 2.27994 1.1935 0.662009
2.83518 1.84875 -0.927993 2.28031 1.19391 0.659497
2.83518 1.84875 -0.927993 2.28069 1.19432 0.656984
2.83518 1.84875 -0.927993 2.28107 1.19473 0.654472
2.83518 1.84875 -0.927993 2.28145 1.19514 0.65196
2.83518 1.84875 -0.927993 2.28183 1.19555 0.649447
2.83518 1.84875 -0.927993 2.28221 1.19595 0.646935
2.83518 1.84875 -0.927993 2.28259 1.19636 0.644423
2.83518 1.84875 -0.927993 2.28296 1.19677 0.64191
2.83518 1.84875 -0.927993 2.28334 1.19718 0.639398
2.83518 1.84875 -0.927993 2.28372 1.19759 0.636885
2.83518 1.84875 -0.927993 2.2841 1.198 0.634373
2.83518 1.84875 -0.927993 2.28448 1.19841 0.631861
2.83518 1.84875 -0.927993 2.28486 1.19881 0.629348
2.83518 1.84875 -0.927993 2.28523 1.19922 0.626836
2.83518 1.84875 -0.927993 2.28561 1.19963 0.624324
2.83518 1.84875 -0.927993 2.28599 1.20004 0.621811
2.83518 1.84875 -0.927993 2.28637 1.20045 0.619299
2.83518 1.84875 -0.927993 2.28675 1.20086 0.616787
2.83518 1.84875 -0.927993 2.28713 1.20127 0.614274
2.83518 1.84875 -0.927993 2.28751 1.20167 0.611762
2.83518 1.84875 -0.927993 2.28788 1.20208 0.60925
2.83518 1.84875 -0.927993 2.28826 1.20249 0.606737
2.83518 1.84875 -0.927993 2.28864 1.2029 0.604225
2.83518 1.84875 -0.927993 2.28902 1.20331 0.601712
2.83518 1.84875 -0.927993 2.2894 1.20372 0.5992
2.83518 1.84875 -0.927993 2.28978 1.20412 0.596688
2.83518 1.84875 -0.927993 2.29016 1.20453 0.594175
2.83518 1.84875 -0.927993 2.29053 1.20494 0.591663
2.83518 1.84875 -0.927993 2.29091 1.20535 0.589151
2.83518 1.84875 -0.927993 2.29129 1.20576 0.586638
2.83518 1.84875 -0.927993 2.29167 1.20617 0.584126
2.83518 1.84875 -0.927993 2.29205 1.20658 0.581614
2.83518 1.84875 -0.927993 2.29243 1.20698 0.579101
2.83518 1.84875 -0.927993 2.2928 1.20739 0.576589
2.83518 1.84875 -0.927993 2.29318 1.2078 0.574076
2.83518 1.84875 -0.927993 2.29356 1.20821 0.571564
2.83518 1.84875 -0.927993 2.29394 1.20862 0.569052
2.83518 1.84875 -0.927993 2.29432 1.20903 0.566539
