1.97666 -0.0145273 -1.50483 -2.3578 1.56706 1.64732
1.97671 -0.0130512 -1.50498 -2.3578 1.56706 1.64732
1.97676 -0.0115751 -1.50514 -2.3578 1.56706 1.64732
1.97681 -0.0100991 -1.50529 -2.3578 1.56706 1.64732
1.97687 -0.00862297 -1.50545 -2.3578 1.56706 1.64732
1.97692 -0.00714689 -1.5056 -2.3578 1.56706 1.64732
1.97697 -0.0056708 -1.50576 -2.3578 1.56706 1.64732
1.97702 -0.00419471 -1.50591 -2.3578 1.56706 1.64732
1.97707 -0.00271863 -1.50607 -2.3578 1.56706 1.64732
1.97712 -0.00124254 -1.50622 -2.3578 1.56706 1.64732
1.97717 0.000233544 -1.50638 -2.3578 1.56706 1.64732
1.97722 0.00170963 -1.50653 -2.3578 1.56706 1.64732
1.97727 0.00318572 -1.50669 -2.3578 1.56706 1.64732
1.97732 0.0046618 -1.50684 -2.3578 1.56706 1.64732
1.97737 0.00613789 -1.507 -2.3578 1.56706 1.64732
1.97742 0.00761397 -1.50715 -2.3578 1.56706 1.64732
1.97747 0.00909006 -1.50731 -2.3578 1.56706 1.64732
1.97752 0.0105661 -1.50746 -2.3578 1.56706 1.64732
1.97757 0.0120422 -1.50762 -2.3578 1.56706 1.64732
1.97762 0.0135183 -1.50777 -2.3578 1.56706 1.64732
1.97767 0.0149944 -1.50793 -2.3578 1.56706 1.64732
1.97772 0.0164705 -1.50808 -2.3578 1.56706 1.64732
1.97777 0.0179466 -1.50824 -2.3578 1.56706 1.64732
1.97782 0.0194227 -1.50839 -2.3578 1.56706 1.64732
1.97787 0.0208987 -1.50855 -2.3578 1.56706 1.64732
1.97792 0.0223748 -1.5087 -2.3578 1.56706 1.64732
1.97797 0.0238509 -1.50886 -2.3578 1.56706 1.64732
1.97802 0.025327 -1.50901 -2.3578 1.56706 1.64732
1.97807 0.0268031 -1.50917 -2.3578 1.56706 1.64732
1.97812 0.0282792 -1.50932 -2.3578 1.56706 1.64732
1.97817 0.0297553 -1.50948 -2.3578 1.56706 1.64732
1.97823 0.0312313 -1.50963 -2.3578 1.56706 1.64732
1.97828 0.0327074 -1.50979 -2.3578 1.56706 1.64732
1.97833 0.0341835 -1.50994 -2.3578 1.56706 1.64732
1.97838 0.0356596 -1.5101 -2.3578 1.56706 1.64732
1.97843 0.0371357 -1.51025 -2.3578 1.56706 1.64732
1.97848 0.0386118 -1.51041 -2.3578 1.56706 1.64732
1.97853 0.0400879 -1.51056 -2.3578 1.56706 1.64732
1.97858 0.0415639 -1.51072 -2.3578 1.56706 1.64732
1.97863 0.04304 -1.51087 -2.3578 1.56706 1.64732
1.97868 0.0445161 -1.51103 -2.3578 1.56706 1.64732
1.97873 0.0459922 -1.51118 -2.3578 1.56706 1.64732
1.97878 0.0474683 -1.51134 -2.3578 1.56706 1.64732
1.97883 0.0489444 -1.51149 -2.3578 1.56706 1.64732
1.97888 0.0504205 -1.51165 -2.3578 1.56706 1.64732
1.97893 0.0518965 -1.5118 -2.3578 1.56706 1.64732
1.97898 0.0533726 -1.51196 -2.3578 1.56706 1.64732
1.97903 0.0548487 -1.51211 -2.3578 1.56706 1.64732
1.97908 0.0563248 -1.51227 -2.3578 1.56706 1.64732
1.97913 0.0578009 -1.51242 -2.3578 1.56706 1.64732
1.97918 0.059277 -1.51258 -2.3578 1.56706 1.64732
1.97923 0.0607531 -1.51273 -2.3578 1.56706 1.64732
1.97928 0.0622291 -1.51289 -2.3578 1.56706 1.64732
1.97933 0.0637052 -1.51304 -2.3578 1.56706 1.64732
1.97938 0.0651813 -1.5132 -2.3578 1.56706 1.64732
1.97943 0.0666574 -1.51335 -2.3578 1.56706 1.64732
1.97948 0.0681335 -1.51351 -2.3578 1.56706 1.64732
1.97953 0.0696096 -1.51366 -2.3578 1.56706 1.64732
1.97959 0.0710857 -1.51382 -2.3578 1.56706 1.64732
1.97964 0.0725617 -1.51397 -2.3578 1.56706 1.64732
1.97969 0.0740378 -1.51413 -2.3578 1.56706 1.64732
1.97974 0.0755139 -1.51428 -2.3578 1.56706 1.64732
1.97979 0.07699 -1.51444 -2.3578 1.56706 1.64732
1.97984 0.0784661 -1.51459 -2.3578 1.56706 1.64732
1.97989 0.0799422 -1.51475 -2.3578 1.56706 1.64732
1.97994 0.0814183 -1.5149 -2.3578 1.56706 1.64732
1.97999 0.0828944 -1.51506 -2.3578 1.56706 1.64732
1.98004 0.0843704 -1.51521 -2.3578 1.56706 1.64732
1.98009 0.0858465 -1.51537 -2.3578 1.56706 1.64732
1.98014 0.0873226 -1.51552 -2.3578 1.56706 1.64732
1.98019 0.0887987 -1.51568 -2.3578 1.56706 1.64732
1.98024 0.0902748 -1.51583 -2.3578 1.56706 1.64732
1.98029 0.0917509 -1.51599 -2.3578 1.56706 1.64732
1.98034 0.093227 -1.51614 -2.3578 1.56706 1.64732
1.98039 0.094703 -1.5163 -2.3578 1.56706 1.64732
1.98044 0.0961791 -1.51645 -2.3578 1.56706 1.64732
1.98049 0.0976552 -1.51661 -2.3578 1.56706 1.64732
1.98054 0.0991313 -1.51676 -2.3578 1.56706 1.64732
1.98059 0.100607 -1.51692 -2.3578 1.56706 1.64732
1.98064 0.102083 -1.51707 -2.3578 1.56706 1.64732
1.98069 0.10356 -1.51723 -2.3578 1.56706 1.64732
1.98074 0.105036 -1.51738 -2.3578 1.56706 1.64732
1.98079 0.106512 -1.51754 -2.3578 1.56706 1.64732
1.98084 0.107988 -1.51769 -2.3578 1.56706 1.64732
1.98089 0.109464 -1.51785 -2.3578 1.56706 1.64732
1.98095 0.11094 -1.518 -2.3578 1.56706 1.64732
1.981 0.112416 -1.51816 -2.3578 1.56706 1.64732
1.98105 0.113892 -1.51831 -2.3578 1.56706 1.64732
1.9811 0.115368 -1.51846 -2.3578 1.56706 1.64732
1.98115 0.116844 -1.51862 -2.3578 1.56706 1.64732
1.9812 0.11832 -1.51877 -2.3578 1.56706 1.64732
1.98125 0.119796 -1.51893 -2.3578 1.56706 1.64732
1.9813 0.121273 -1.51908 -2.3578 1.56706 1.64732
1.98135 0.122749 -1.51924 -2.3578 1.56706 1.64732
1.9814 0.124225 -1.51939 -2.3578 1.56706 1.64732
1.98145 0.125701 -1.51955 -2.3578 1.56706 1.64732
1.9815 0.127177 -1.5197 -2.3578 1.56706 1.64732
1.98155 0.128653 -1.51986 -2.3578 1.56706 1.64732
1.9816 0.130129 -1.52001 -2.3578 1.56706 1.64732
1.98165 0.131605 -1.52017 -2.3578 1.56706 1.64732
1.9817 0.133081 -1.52032 -2.3578 1.56706 1.64732
1.98164 0.134232 -1.52126 -2.3578 1.56706 1.64732
1.98158 0.135382 -1.52219 -2.3578 1.56706 1.64732
1.98152 0.136532 -1.52313 -2.3578 1.56706 1.64732
1.98146 0.137682 -1.52406 -2.3578 1.56706 1.64732
1.9814 0.138833 -1.525 -2.3578 1.56706 1.64732
1.98134 0.139983 -1.52593 -2.3578 1.56706 1.64732
1.98128 0.141133 -1.52687 -2.3578 1.56706 1.64732
1.98123 0.142283 -1.5278 -2.3578 1.56706 1.64732
1.98117 0.143434 -1.52873 -2.3578 1.56706 1.64732
1.98111 0.144584 -1.52967 -2.3578 1.56706 1.64732
1.98105 0.145734 -1.5306 -2.3578 1.56706 1.64732
1.98099 0.146885 -1.53154 -2.3578 1.56706 1.64732
1.98093 0.148035 -1.53247 -2.3578 1.56706 1.64732
1.98087 0.149185 -1.53341 -2.3578 1.56706 1.64732
1.98081 0.150335 -1.53434 -2.3578 1.56706 1.64732
1.98075 0.151486 -1.53528 -2.3578 1.56706 1.64732
1.98069 0.152636 -1.53621 -2.3578 1.56706 1.64732
1.98063 0.153786 -1.53715 -2.3578 1.56706 1.64732
1.98057 0.154936 -1.53808 -2.3578 1.56706 1.64732
1.98051 0.156087 -1.53901 -2.3578 1.56706 1.64732
1.98045 0.157237 -1.53995 -2.3578 1.56706 1.64732
1.98039 0.158387 -1.54088 -2.3578 1.56706 1.64732
1.98033 0.159537 -1.54182 -2.3578 1.56706 1.64732
1.98027 0.160688 -1.54275 -2.3578 1.56706 1.64732
1.98022 0.161838 -1.54369 -2.3578 1.56706 1.64732
1.98016 0.162988 -1.54462 -2.3578 1.56706 1.64732
1.9801 0.164139 -1.54556 -2.3578 1.56706 1.64732
1.98004 0.165289 -1.54649 -2.3578 1.56706 1.64732
1.97998 0.166439 -1.54742 -2.3578 1.56706 1.64732
1.97992 0.167589 -1.54836 -2.3578 1.56706 1.64732
1.97986 0.16874 -1.54929 -2.3578 1.56706 1.64732
1.9798 0.16989 -1.55023 -2.3578 1.56706 1.64732
1.97974 0.17104 -1.55116 -2.3578 1.56706 1.64732
1.97968 0.17219 -1.5521 -2.3578 1.56706 1.64732
1.97962 0.173341 -1.55303 -2.3578 1.56706 1.64732
1.97956 0.174491 -1.55397 -2.3578 1.56706 1.64732
1.9795 0.175641 -1.5549 -2.3578 1.56706 1.64732
1.97944 0.176792 -1.55584 -2.3578 1.56706 1.64732
1.97938 0.177942 -1.55677 -2.3578 1.56706 1.64732
1.97932 0.179092 -1.5577 -2.3578 1.56706 1.64732
1.97927 0.180242 -1.55864 -2.3578 1.56706 1.64732
1.97921 0.181393 -1.55957 -2.3578 1.56706 1.64732
1.97915 0.182543 -1.56051 -2.3578 1.56706 1.64732
1.97909 0.183693 -1.56144 -2.3578 1.56706 1.64732
1.97903 0.184843 -1.56238 -2.3578 1.56706 1.64732
1.97897 0.185994 -1.56331 -2.3578 1.56706 1.64732
1.97891 0.187144 -1.56425 -2.3578 1.56706 1.64732
1.97885 0.188294 -1.56518 -2.3578 1.56706 1.64732
1.97879 0.189444 -1.56611 -2.3578 1.56706 1.64732
1.97873 0.190595 -1.56705 -2.3578 1.56706 1.64732
1.97867 0.191745 -1.56798 -2.3578 1.56706 1.64732
1.97861 0.192895 -1.56892 -2.3578 1.56706 1.64732
1.97855 0.194046 -1.56985 -2.3578 1.56706 1.64732
1.97849 0.195196 -1.57079 -2.3578 1.56706 1.64732
1.97843 0.196346 -1.57172 -2.3578 1.56706 1.64732
1.97837 0.197496 -1.57266 -2.3578 1.56706 1.64732
1.97831 0.198647 -1.57359 -2.3578 1.56706 1.64732
1.97826 0.199797 -1.57452 -2.3578 1.56706 1.64732
1.9782 0.200947 -1.57546 -2.3578 1.56706 1.64732
1.97814 0.202097 -1.57639 -2.3578 1.56706 1.64732
1.97808 0.203248 -1.57733 -2.3578 1.56706 1.64732
1.97802 0.204398 -1.57826 -2.3578 1.56706 1.64732
1.97796 0.205548 -1.5792 -2.3578 1.56706 1.64732
1.9779 0.206699 -1.58013 -2.3578 1.56706 1.64732
1.97784 0.207849 -1.58107 -2.3578 1.56706 1.64732
1.97778 0.208999 -1.582 -2.3578 1.56706 1.64732
1.97772 0.210149 -1.58294 -2.3578 1.56706 1.64732
1.97766 0.2113 -1.58387 -2.3578 1.56706 1.64732
1.9776 0.21245 -1.5848 -2.3578 1.56706 1.64732
1.97754 0.2136 -1.58574 -2.3578 1.56706 1.64732
1.97748 0.21475 -1.58667 -2.3578 1.56706 1.64732
1.97742 0.215901 -1.58761 -2.3578 1.56706 1.64732
1.97736 0.217051 -1.58854 -2.3578 1.56706 1.64732
1.9773 0.218201 -1.58948 -2.3578 1.56706 1.64732
1.97725 0.219351 -1.59041 -2.3578 1.56706 1.64732
1.97719 0.220502 -1.59135 -2.3578 1.56706 1.64732
1.97713 0.221652 -1.59228 -2.3578 1.56706 1.64732
1.97707 0.222802 -1.59321 -2.3578 1.56706 1.64732
1.97701 0.223953 -1.59415 -2.3578 1.56706 1.64732
1.97695 0.225103 -1.59508 -2.3578 1.56706 1.64732
1.97689 0.226253 -1.59602 -2.3578 1.56706 1.64732
1.97683 0.227403 -1.59695 -2.3578 1.56706 1.64732
1.97677 0.228554 -1.59789 -2.3578 1.56706 1.64732
1.97671 0.229704 -1.59882 -2.3578 1.56706 1.64732
1.97665 0.230854 -1.59976 -2.3578 1.56706 1.64732
1.97659 0.232004 -1.60069 -2.3578 1.56706 1.64732
1.97653 0.233155 -1.60163 -2.3578 1.56706 1.64732
1.97647 0.234305 -1.60256 -2.3578 1.56706 1.64732
1.97641 0.235455 -1.60349 -2.3578 1.56706 1.64732
1.97635 0.236606 -1.60443 -2.3578 1.56706 1.64732
1.9763 0.237756 -1.60536 -2.3578 1.56706 1.64732
1.97624 0.238906 -1.6063 -2.3578 1.56706 1.64732
1.97618 0.240056 -1.60723 -2.3578 1.56706 1.64732
1.97612 0.241207 -1.60817 -2.3578 1.56706 1.64732
1.97606 0.242357 -1.6091 -2.3578 1.56706 1.64732
1.976 0.243507 -1.61004 -2.3578 1.56706 1.64732
1.97594 0.244657 -1.61097 -2.3578 1.56706 1.64732
1.97588 0.245808 -1.6119 -2.3578 1.56706 1.64732
1.97582 0.246958 -1.61284 -2.3578 1.56706 1.64732
1.97576 0.248108 -1.61377 -2.3578 1.56706 1.64732
1.9757 0.249258 -1.61471 -2.3578 1.56706 1.64732
1.97564 0.250409 -1.61564 -2.3578 1.56706 1.64732
1.97558 0.251559 -1.61658 -2.3578 1.56706 1.64732
1.97552 0.252709 -1.61751 -2.3578 1.56706 1.64732
1.97546 0.25386 -1.61845 -2.3578 1.56706 1.64732
1.9754 0.25501 -1.61938 -2.3578 1.56706 1.64732
1.97534 0.25616 -1.62031 -2.3578 1.56706 1.64732
1.97529 0.25731 -1.62125 -2.3578 1.56706 1.64732
1.97523 0.258461 -1.62218 -2.3578 1.56706 1.64732
1.97517 0.259611 -1.62312 -2.3578 1.56706 1.64732
1.97511 0.260761 -1.62405 -2.3578 1.56706 1.64732
1.97505 0.261911 -1.62499 -2.3578 1.56706 1.64732
1.97499 0.263062 -1.62592 -2.3578 1.56706 1.64732
1.97493 0.264212 -1.62686 -2.3578 1.56706 1.64732
1.97487 0.265362 -1.62779 -2.3578 1.56706 1.64732
1.97481 0.266513 -1.62873 -2.3578 1.56706 1.64732
1.97475 0.267663 -1.62966 -2.3578 1.56706 1.64732
1.97469 0.268813 -1.63059 -2.3578 1.56706 1.64732
1.97463 0.269963 -1.63153 -2.3578 1.56706 1.64732
1.97457 0.271114 -1.63246 -2.3578 1.56706 1.64732
1.97451 0.272264 -1.6334 -2.3578 1.56706 1.64732
1.97445 0.273414 -1.63433 -2.3578 1.56706 1.64732
1.97439 0.274564 -1.63527 -2.3578 1.56706 1.64732
1.97433 0.275715 -1.6362 -2.3578 1.56706 1.64732
1.97428 0.276865 -1.63714 -2.3578 1.56706 1.64732
1.97422 0.278015 -1.63807 -2.3578 1.56706 1.64732
1.97416 0.279165 -1.639 -2.3578 1.56706 1.64732
1.9741 0.280316 -1.63994 -2.3578 1.56706 1.64732
1.97404 0.281466 -1.64087 -2.3578 1.56706 1.64732
1.97398 0.282616 -1.64181 -2.3578 1.56706 1.64732
1.97392 0.283767 -1.64274 -2.3578 1.56706 1.64732
1.97386 0.284917 -1.64368 -2.3578 1.56706 1.64732
1.9738 0.286067 -1.64461 -2.3578 1.56706 1.64732
1.97374 0.287217 -1.64555 -2.3578 1.56706 1.64732
1.97368 0.288368 -1.64648 -2.3578 1.56706 1.64732
1.97362 0.289518 -1.64742 -2.3578 1.56706 1.64732
1.97356 0.290668 -1.64835 -2.3578 1.56706 1.64732
1.9735 0.291818 -1.64928 -2.3578 1.56706 1.64732
1.97344 0.292969 -1.65022 -2.3578 1.56706 1.64732
1.97338 0.294119 -1.65115 -2.3578 1.56706 1.64732
1.97333 0.295269 -1.65209 -2.3578 1.56706 1.64732
1.97327 0.29642 -1.65302 -2.3578 1.56706 1.64732
1.97321 0.29757 -1.65396 -2.3578 1.56706 1.64732
1.97315 0.29872 -1.65489 -2.3578 1.56706 1.64732
1.97309 0.29987 -1.65583 -2.3578 1.56706 1.64732
1.97303 0.301021 -1.65676 -2.3578 1.56706 1.64732
1.97297 0.302171 -1.65769 -2.3578 1.56706 1.64732
1.97291 0.303321 -1.65863 -2.3578 1.56706 1.64732
1.97285 0.304471 -1.65956 -2.3578 1.56706 1.64732
1.97279 0.305622 -1.6605 -2.3578 1.56706 1.64732
1.97273 0.306772 -1.66143 -2.3578 1.56706 1.64732
1.97267 0.307922 -1.66237 -2.3578 1.56706 1.64732
1.97261 0.309072 -1.6633 -2.3578 1.56706 1.64732
1.97255 0.310223 -1.66424 -2.3578 1.56706 1.64732
1.97249 0.311373 -1.66517 -2.3578 1.56706 1.64732
1.97243 0.312523 -1.6661 -2.3578 1.56706 1.64732
1.97237 0.313674 -1.66704 -2.3578 1.56706 1.64732
1.97232 0.314824 -1.66797 -2.3578 1.56706 1.64732
1.97226 0.315974 -1.66891 -2.3578 1.56706 1.64732
1.9722 0.317124 -1.66984 -2.3578 1.56706 1.64732
1.97214 0.318275 -1.67078 -2.3578 1.56706 1.64732
1.97208 0.319425 -1.67171 -2.3578 1.56706 1.64732
1.97202 0.320575 -1.67265 -2.3578 1.56706 1.64732
1.97196 0.321725 -1.67358 -2.3578 1.56706 1.64732
1.9719 0.322876 -1.67452 -2.3578 1.56706 1.64732
1.97184 0.324026 -1.67545 -2.3578 1.56706 1.64732
1.97178 0.325176 -1.67638 -2.3578 1.56706 1.64732
1.97172 0.326327 -1.67732 -2.3578 1.56706 1.64732
1.97166 0.327477 -1.67825 -2.3578 1.56706 1.64732
1.9716 0.328627 -1.67919 -2.3578 1.56706 1.64732
1.97154 0.329777 -1.68012 -2.3578 1.56706 1.64732
1.97148 0.330928 -1.68106 -2.3578 1.56706 1.64732
1.97142 0.332078 -1.68199 -2.3578 1.56706 1.64732
1.97136 0.333228 -1.68293 -2.3578 1.56706 1.64732
1.97131 0.334378 -1.68386 -2.3578 1.56706 1.64732
1.97125 0.335529 -1.68479 -2.3578 1.56706 1.64732
1.97119 0.336679 -1.68573 -2.3578 1.56706 1.64732
1.97113 0.337829 -1.68666 -2.3578 1.56706 1.64732
1.97107 0.338979 -1.6876 -2.3578 1.56706 1.64732
1.97101 0.34013 -1.68853 -2.3578 1.56706 1.64732
1.97095 0.34128 -1.68947 -2.3578 1.56706 1.64732
1.97089 0.34243 -1.6904 -2.3578 1.56706 1.64732
1.97083 0.343581 -1.69134 -2.3578 1.56706 1.64732
1.97077 0.344731 -1.69227 -2.3578 1.56706 1.64732
1.97071 0.345881 -1.69321 -2.3578 1.56706 1.64732
1.97065 0.347031 -1.69414 -2.3578 1.56706 1.64732
1.97059 0.348182 -1.69507 -2.3578 1.56706 1.64732
1.97053 0.349332 -1.69601 -2.3578 1.56706 1.64732
1.97047 0.350482 -1.69694 -2.3578 1.56706 1.64732
1.97041 0.351632 -1.69788 -2.3578 1.56706 1.64732
1.97035 0.352783 -1.69881 -2.3578 1.56706 1.64732
1.9703 0.353933 -1.69975 -2.3578 1.56706 1.64732
1.97024 0.355083 -1.70068 -2.3578 1.56706 1.64732
1.97018 0.356234 -1.70162 -2.3578 1.56706 1.64732
1.97012 0.357384 -1.70255 -2.3578 1.56706 1.64732
1.97006 0.358534 -1.70348 -2.3578 1.56706 1.64732
1.97 0.359684 -1.70442 -2.3578 1.56706 1.64732
1.96994 0.360835 -1.70535 -2.3578 1.56706 1.64732
1.96988 0.361985 -1.70629 -2.3578 1.56706 1.64732
1.96982 0.363135 -1.70722 -2.3578 1.56706 1.64732
1.96976 0.364285 -1.70816 -2.3578 1.56706 1.64732
1.9697 0.365436 -1.70909 -2.3578 1.56706 1.64732
1.96964 0.366586 -1.71003 -2.3578 1.56706 1.64732
1.96958 0.367736 -1.71096 -2.3578 1.56706 1.64732
1.96952 0.368886 -1.71189 -2.3578 1.56706 1.64732
1.96946 0.370037 -1.71283 -2.3578 1.56706 1.64732
1.9694 0.371187 -1.71376 -2.3578 1.56706 1.64732
1.96935 0.372337 -1.7147 -2.3578 1.56706 1.64732
1.96929 0.373488 -1.71563 -2.3578 1.56706 1.64732
1.96923 0.374638 -1.71657 -2.3578 1.56706 1.64732
1.96917 0.375788 -1.7175 -2.3578 1.56706 1.64732
1.96911 0.376938 -1.71844 -2.3578 1.56706 1.64732
1.96905 0.378089 -1.71937 -2.3578 1.56706 1.64732
1.96899 0.379239 -1.72031 -2.3578 1.56706 1.64732
1.96893 0.380389 -1.72124 -2.3578 1.56706 1.64732
1.96887 0.381539 -1.72217 -2.3578 1.56706 1.64732
1.96881 0.38269 -1.72311 -2.3578 1.56706 1.64732
1.96875 0.38384 -1.72404 -2.3578 1.56706 1.64732
1.96869 0.38499 -1.72498 -2.3578 1.56706 1.64732
1.96863 0.386141 -1.72591 -2.3578 1.56706 1.64732
1.96857 0.387291 -1.72685 -2.3578 1.56706 1.64732
1.96851 0.388441 -1.72778 -2.3578 1.56706 1.64732
1.96845 0.389591 -1.72872 -2.3578 1.56706 1.64732
1.96839 0.390742 -1.72965 -2.3578 1.56706 1.64732
1.96834 0.391892 -1.73058 -2.3578 1.56706 1.64732
1.96828 0.393042 -1.73152 -2.3578 1.56706 1.64732
1.96822 0.394192 -1.73245 -2.3578 1.56706 1.64732
1.96816 0.395343 -1.73339 -2.3578 1.56706 1.64732
1.9681 0.396493 -1.73432 -2.3578 1.56706 1.64732
1.96804 0.397643 -1.73526 -2.3578 1.56706 1.64732
1.96798 0.398793 -1.73619 -2.3578 1.56706 1.64732
1.96792 0.399944 -1.73713 -2.3578 1.56706 1.64732
1.96786 0.401094 -1.73806 -2.3578 1.56706 1.64732
1.9678 0.402244 -1.739 -2.3578 1.56706 1.64732
1.96774 0.403395 -1.73993 -2.3578 1.56706 1.64732
1.96768 0.404545 -1.74086 -2.3578 1.56706 1.64732
1.96762 0.405695 -1.7418 -2.3578 1.56706 1.64732
1.96756 0.406845 -1.74273 -2.3578 1.56706 1.64732
1.9675 0.407996 -1.74367 -2.3578 1.56706 1.64732
1.96744 0.409146 -1.7446 -2.3578 1.56706 1.64732
1.96738 0.410296 -1.74554 -2.3578 1.56706 1.64732
1.96733 0.411446 -1.74647 -2.3578 1.56706 1.64732
1.96727 0.412597 -1.74741 -2.3578 1.56706 1.64732
1.96721 0.413747 -1.74834 -2.3578 1.56706 1.64732
1.96715 0.414897 -1.74927 -2.3578 1.56706 1.64732
1.96709 0.416048 -1.75021 -2.3578 1.56706 1.64732
1.96703 0.417198 -1.75114 -2.3578 1.56706 1.64732
1.96697 0.418348 -1.75208 -2.3578 1.56706 1.64732
1.96691 0.419498 -1.75301 -2.3578 1.56706 1.64732
1.96685 0.420649 -1.75395 -2.3578 1.56706 1.64732
1.96679 0.421799 -1.75488 -2.3578 1.56706 1.64732
1.96673 0.422949 -1.75582 -2.3578 1.56706 1.64732
1.96667 0.424099 -1.75675 -2.3578 1.56706 1.64732
1.96661 0.42525 -1.75769 -2.3578 1.56706 1.64732
1.96655 0.4264 -1.75862 -2.3578 1.56706 1.64732
1.96649 0.42755 -1.75955 -2.3578 1.56706 1.64732
1.96643 0.4287 -1.76049 -2.3578 1.56706 1.64732
1.96638 0.429851 -1.76142 -2.3578 1.56706 1.64732
1.96632 0.431001 -1.76236 -2.3578 1.56706 1.64732
1.96626 0.432151 -1.76329 -2.3578 1.56706 1.64732
1.9662 0.433302 -1.76423 -2.3578 1.56706 1.64732
1.96614 0.434452 -1.76516 -2.3578 1.56706 1.64732
1.96608 0.435602 -1.7661 -2.3578 1.56706 1.64732
1.96602 0.436752 -1.76703 -2.3578 1.56706 1.64732
1.96596 0.437903 -1.76796 -2.3578 1.56706 1.64732
1.9659 0.439053 -1.7689 -2.3578 1.56706 1.64732
1.96584 0.440203 -1.76983 -2.3578 1.56706 1.64732
1.96578 0.441353 -1.77077 -2.3578 1.56706 1.64732
1.96572 0.442504 -1.7717 -2.3578 1.56706 1.64732
1.96566 0.443654 -1.77264 -2.3578 1.56706 1.64732
1.9656 0.444804 -1.77357 -2.3578 1.56706 1.64732
1.96554 0.445955 -1.77451 -2.3578 1.56706 1.64732
1.96548 0.447105 -1.77544 -2.3578 1.56706 1.64732
1.96542 0.448255 -1.77637 -2.3578 1.56706 1.64732
1.96537 0.449405 -1.77731 -2.3578 1.56706 1.64732
1.96531 0.450556 -1.77824 -2.3578 1.56706 1.64732
1.96525 0.451706 -1.77918 -2.3578 1.56706 1.64732
1.96519 0.452856 -1.78011 -2.3578 1.56706 1.64732
1.96513 0.454006 -1.78105 -2.3578 1.56706 1.64732
1.96507 0.455157 -1.78198 -2.3578 1.56706 1.64732
1.96501 0.456307 -1.78292 -2.3578 1.56706 1.64732
1.96495 0.457457 -1.78385 -2.3578 1.56706 1.64732
1.96489 0.458608 -1.78479 -2.3578 1.56706 1.64732
1.96483 0.459758 -1.78572 -2.3578 1.56706 1.64732
1.96477 0.460908 -1.78665 -2.3578 1.56706 1.64732
1.96471 0.462058 -1.78759 -2.3578 1.56706 1.64732
1.96465 0.463209 -1.78852 -2.3578 1.56706 1.64732
1.96459 0.464359 -1.78946 -2.3578 1.56706 1.64732
1.96453 0.465509 -1.79039 -2.3578 1.56706 1.64732
1.96447 0.466659 -1.79133 -2.3578 1.56706 1.64732
1.96441 0.46781 -1.79226 -2.3578 1.56706 1.64732
1.96436 0.46896 -1.7932 -2.3578 1.56706 1.64732
1.9643 0.47011 -1.79413 -2.3578 1.56706 1.64732
1.96424 0.47126 -1.79506 -2.3578 1.56706 1.64732
1.96418 0.472411 -1.796 -2.3578 1.56706 1.64732
1.96412 0.473561 -1.79693 -2.3578 1.56706 1.64732
1.96406 0.474711 -1.79787 -2.3578 1.56706 1.64732
1.964 0.475862 -1.7988 -2.3578 1.56706 1.64732
1.96394 0.477012 -1.79974 -2.3578 1.56706 1.64732
1.96388 0.478162 -1.80067 -2.3578 1.56706 1.64732
1.96382 0.479312 -1.80161 -2.3578 1.56706 1.64732
1.96376 0.480463 -1.80254 -2.3578 1.56706 1.64732
1.9637 0.481613 -1.80348 -2.3578 1.56706 1.64732
1.96364 0.482763 -1.80441 -2.3578 1.56706 1.64732
1.96358 0.483913 -1.80534 -2.3578 1.56706 1.64732
1.96352 0.485064 -1.80628 -2.3578 1.56706 1.64732
1.96346 0.486214 -1.80721 -2.3578 1.56706 1.64732
1.96341 0.487364 -1.80815 -2.3578 1.56706 1.64732
1.96335 0.488515 -1.80908 -2.3578 1.56706 1.64732
1.96329 0.489665 -1.81002 -2.3578 1.56706 1.64732
1.96323 0.490815 -1.81095 -2.3578 1.56706 1.64732
1.96317 0.491965 -1.81189 -2.3578 1.56706 1.64732
1.96311 0.493116 -1.81282 -2.3578 1.56706 1.64732
1.96305 0.494266 -1.81375 -2.3578 1.56706 1.64732
1.96299 0.495416 -1.81469 -2.3578 1.56706 1.64732
1.96293 0.496566 -1.81562 -2.3578 1.56706 1.64732
1.96287 0.497717 -1.81656 -2.3578 1.56706 1.64732
1.96281 0.498867 -1.81749 -2.3578 1.56706 1.64732
1.96275 0.500017 -1.81843 -2.3578 1.56706 1.64732
1.96269 0.501167 -1.81936 -2.3578 1.56706 1.64732
1.96263 0.502318 -1.8203 -2.3578 1.56706 1.64732
1.96257 0.503468 -1.82123 -2.3578 1.56706 1.64732
1.96251 0.504618 -1.82216 -2.3578 1.56706 1.64732
1.96245 0.505769 -1.8231 -2.3578 1.56706 1.64732
1.9624 0.506919 -1.82403 -2.3578 1.56706 1.64732
1.96234 0.508069 -1.82497 -2.3578 1.56706 1.64732
1.96228 0.509219 -1.8259 -2.3578 1.56706 1.64732
1.96222 0.51037 -1.82684 -2.3578 1.56706 1.64732
1.96216 0.51152 -1.82777 -2.3578 1.56706 1.64732
1.9621 0.51267 -1.82871 -2.3578 1.56706 1.64732
1.96204 0.51382 -1.82964 -2.3578 1.56706 1.64732
1.96198 0.514971 -1.83058 -2.3578 1.56706 1.64732
1.96192 0.516121 -1.83151 -2.3578 1.56706 1.64732
1.96186 0.517271 -1.83244 -2.3578 1.56706 1.64732
1.9618 0.518422 -1.83338 -2.3578 1.56706 1.64732
1.96174 0.519572 -1.83431 -2.3578 1.56706 1.64732
1.96168 0.520722 -1.83525 -2.3578 1.56706 1.64732
1.96162 0.521872 -1.83618 -2.3578 1.56706 1.64732
1.96156 0.523023 -1.83712 -2.3578 1.56706 1.64732
1.9615 0.524173 -1.83805 -2.3578 1.56706 1.64732
1.96144 0.525323 -1.83899 -2.3578 1.56706 1.64732
1.96139 0.526473 -1.83992 -2.3578 1.56706 1.64732
1.96133 0.527624 -1.84085 -2.3578 1.56706 1.64732
1.96127 0.528774 -1.84179 -2.3578 1.56706 1.64732
1.96121 0.529924 -1.84272 -2.3578 1.56706 1.64732
1.96115 0.531074 -1.84366 -2.3578 1.56706 1.64732
1.96109 0.532225 -1.84459 -2.3578 1.56706 1.64732
1.96103 0.533375 -1.84553 -2.3578 1.56706 1.64732
1.96097 0.534525 -1.84646 -2.3578 1.56706 1.64732
1.96091 0.535676 -1.8474 -2.3578 1.56706 1.64732
1.96085 0.536826 -1.84833 -2.3578 1.56706 1.64732
1.96079 0.537976 -1.84927 -2.3578 1.56706 1.64732
1.96073 0.539126 -1.8502 -2.3578 1.56706 1.64732
1.96067 0.540277 -1.85113 -2.3578 1.56706 1.64732
1.96061 0.541427 -1.85207 -2.3578 1.56706 1.64732
1.96055 0.542577 -1.853 -2.3578 1.56706 1.64732
1.96049 0.543727 -1.85394 -2.3578 1.56706 1.64732
1.96043 0.544878 -1.85487 -2.3578 1.56706 1.64732
1.96038 0.546028 -1.85581 -2.3578 1.56706 1.64732
1.96032 0.547178 -1.85674 -2.3578 1.56706 1.64732
1.96026 0.548329 -1.85768 -2.3578 1.56706 1.64732
1.9602 0.549479 -1.85861 -2.3578 1.56706 1.64732
1.96014 0.550629 -1.85954 -2.3578 1.56706 1.64732
1.96008 0.551779 -1.86048 -2.3578 1.56706 1.64732
1.96002 0.55293 -1.86141 -2.3578 1.56706 1.64732
1.95996 0.55408 -1.86235 -2.3578 1.56706 1.64732
1.9599 0.55523 -1.86328 -2.3578 1.56706 1.64732
1.95984 0.55638 -1.86422 -2.3578 1.56706 1.64732
1.95978 0.557531 -1.86515 -2.3578 1.56706 1.64732
1.95972 0.558681 -1.86609 -2.3578 1.56706 1.64732
1.95966 0.559831 -1.86702 -2.3578 1.56706 1.64732
1.9596 0.560981 -1.86795 -2.3578 1.56706 1.64732
1.95954 0.562132 -1.86889 -2.3578 1.56706 1.64732
1.95948 0.563282 -1.86982 -2.3578 1.56706 1.64732
1.95943 0.564432 -1.87076 -2.3578 1.56706 1.64732
1.95937 0.565583 -1.87169 -2.3578 1.56706 1.64732
1.95931 0.566733 -1.87263 -2.3578 1.56706 1.64732
1.95925 0.567883 -1.87356 -2.3578 1.56706 1.64732
1.95919 0.569033 -1.8745 -2.3578 1.56706 1.64732
1.95913 0.570184 -1.87543 -2.3578 1.56706 1.64732
1.95907 0.571334 -1.87637 -2.3578 1.56706 1.64732
1.95901 0.572484 -1.8773 -2.3578 1.56706 1.64732
1.95895 0.573634 -1.87823 -2.3578 1.56706 1.64732
1.95889 0.574785 -1.87917 -2.3578 1.56706 1.64732
1.95883 0.575935 -1.8801 -2.3578 1.56706 1.64732
1.95877 0.577085 -1.88104 -2.3578 1.56706 1.64732
1.95871 0.578236 -1.88197 -2.3578 1.56706 1.64732
1.95865 0.579386 -1.88291 -2.3578 1.56706 1.64732
1.95859 0.580536 -1.88384 -2.3578 1.56706 1.64732
1.95853 0.581686 -1.88478 -2.3578 1.56706 1.64732
1.95847 0.582837 -1.88571 -2.3578 1.56706 1.64732
1.95842 0.583987 -1.88664 -2.3578 1.56706 1.64732
1.95836 0.585137 -1.88758 -2.3578 1.56706 1.64732
1.9583 0.586287 -1.88851 -2.3578 1.56706 1.64732
1.95824 0.587438 -1.88945 -2.3578 1.56706 1.64732
1.95818 0.588588 -1.89038 -2.3578 1.56706 1.64732
1.95812 0.589738 -1.89132 -2.3578 1.56706 1.64732
1.95806 0.590888 -1.89225 -2.3578 1.56706 1.64732
1.958 0.592039 -1.89319 -2.3578 1.56706 1.64732
1.95794 0.593189 -1.89412 -2.3578 1.56706 1.64732
1.95788 0.594339 -1.89506 -2.3578 1.56706 1.64732
1.95782 0.59549 -1.89599 -2.3578 1.56706 1.64732
1.95776 0.59664 -1.89692 -2.3578 1.56706 1.64732
1.9577 0.59779 -1.89786 -2.3578 1.56706 1.64732
1.95764 0.59894 -1.89879 -2.3578 1.56706 1.64732
1.95758 0.600091 -1.89973 -2.3578 1.56706 1.64732
1.95752 0.601241 -1.90066 -2.3578 1.56706 1.64732
1.95746 0.602391 -1.9016 -2.3578 1.56706 1.64732
1.95741 0.603541 -1.90253 -2.3578 1.56706 1.64732
1.95735 0.604692 -1.90347 -2.3578 1.56706 1.64732
1.95729 0.605842 -1.9044 -2.3578 1.56706 1.64732
1.95723 0.606992 -1.90533 -2.3578 1.56706 1.64732
1.95717 0.608143 -1.90627 -2.3578 1.56706 1.64732
1.95711 0.609293 -1.9072 -2.3578 1.56706 1.64732
1.95705 0.610443 -1.90814 -2.3578 1.56706 1.64732
1.95699 0.611593 -1.90907 -2.3578 1.56706 1.64732
1.95693 0.612744 -1.91001 -2.3578 1.56706 1.64732
1.95687 0.613894 -1.91094 -2.3578 1.56706 1.64732
1.95681 0.615044 -1.91188 -2.3578 1.56706 1.64732
1.95675 0.616194 -1.91281 -2.3578 1.56706 1.64732
1.95669 0.617345 -1.91374 -2.3578 1.56706 1.64732
1.95663 0.618495 -1.91468 -2.3578 1.56706 1.64732
1.95657 0.619645 -1.91561 -2.3578 1.56706 1.64732
1.95651 0.620795 -1.91655 -2.3578 1.56706 1.64732
1.95646 0.621946 -1.91748 -2.3578 1.56706 1.64732
1.9564 0.623096 -1.91842 -2.3578 1.56706 1.64732
1.95634 0.624246 -1.91935 -2.3578 1.56706 1.64732
1.95628 0.625397 -1.92029 -2.3578 1.56706 1.64732
1.95622 0.626547 -1.92122 -2.3578 1.56706 1.64732
1.95616 0.627697 -1.92216 -2.3578 1.56706 1.64732
1.9561 0.628847 -1.92309 -2.3578 1.56706 1.64732
1.95604 0.629998 -1.92402 -2.3578 1.56706 1.64732
1.95598 0.631148 -1.92496 -2.3578 1.56706 1.64732
1.95592 0.632298 -1.92589 -2.3578 1.56706 1.64732
1.95586 0.633448 -1.92683 -2.3578 1.56706 1.64732
1.9558 0.634599 -1.92776 -2.3578 1.56706 1.64732
1.95574 0.635749 -1.9287 -2.3578 1.56706 1.64732
1.95568 0.636899 -1.92963 -2.3578 1.56706 1.64732
1.95562 0.63805 -1.93057 -2.3578 1.56706 1.64732
1.95556 0.6392 -1.9315 -2.3578 1.56706 1.64732
1.9555 0.64035 -1.93243 -2.3578 1.56706 1.64732
1.95545 0.6415 -1.93337 -2.3578 1.56706 1.64732
1.95539 0.642651 -1.9343 -2.3578 1.56706 1.64732
1.95533 0.643801 -1.93524 -2.3578 1.56706 1.64732
1.95527 0.644951 -1.93617 -2.3578 1.56706 1.64732
1.95521 0.646101 -1.93711 -2.3578 1.56706 1.64732
1.95515 0.647252 -1.93804 -2.3578 1.56706 1.64732
1.95509 0.648402 -1.93898 -2.3578 1.56706 1.64732
1.95503 0.649552 -1.93991 -2.3578 1.56706 1.64732
1.95497 0.650702 -1.94085 -2.3578 1.56706 1.64732
1.95491 0.651853 -1.94178 -2.3578 1.56706 1.64732
1.95485 0.653003 -1.94271 -2.3578 1.56706 1.64732
1.95479 0.654153 -1.94365 -2.3578 1.56706 1.64732
1.95473 0.655304 -1.94458 -2.3578 1.56706 1.64732
1.95467 0.656454 -1.94552 -2.3578 1.56706 1.64732
1.95461 0.657604 -1.94645 -2.3578 1.56706 1.64732
1.95455 0.658754 -1.94739 -2.3578 1.56706 1.64732
1.95449 0.659905 -1.94832 -2.3578 1.56706 1.64732
1.95444 0.661055 -1.94926 -2.3578 1.56706 1.64732
1.95438 0.662205 -1.95019 -2.3578 1.56706 1.64732
1.95432 0.663355 -1.95112 -2.3578 1.56706 1.64732
1.95426 0.664506 -1.95206 -2.3578 1.56706 1.64732
1.9542 0.665656 -1.95299 -2.3578 1.56706 1.64732
1.95414 0.666806 -1.95393 -2.3578 1.56706 1.64732
1.95408 0.667957 -1.95486 -2.3578 1.56706 1.64732
1.95402 0.669107 -1.9558 -2.3578 1.56706 1.64732
1.95396 0.670257 -1.95673 -2.3578 1.56706 1.64732
1.9539 0.671407 -1.95767 -2.3578 1.56706 1.64732
1.95384 0.672558 -1.9586 -2.3578 1.56706 1.64732
1.95378 0.673708 -1.95954 -2.3578 1.56706 1.64732
1.95372 0.674858 -1.96047 -2.3578 1.56706 1.64732
1.95366 0.676008 -1.9614 -2.3578 1.56706 1.64732
1.9536 0.677159 -1.96234 -2.3578 1.56706 1.64732
1.95354 0.678309 -1.96327 -2.3578 1.56706 1.64732
1.95348 0.679459 -1.96421 -2.3578 1.56706 1.64732
1.95343 0.680609 -1.96514 -2.3578 1.56706 1.64732
1.95337 0.68176 -1.96608 -2.3578 1.56706 1.64732
1.95331 0.68291 -1.96701 -2.3578 1.56706 1.64732
1.95325 0.68406 -1.96795 -2.3578 1.56706 1.64732
1.95319 0.685211 -1.96888 -2.3578 1.56706 1.64732
1.95313 0.686361 -1.96981 -2.3578 1.56706 1.64732
1.95307 0.687511 -1.97075 -2.3578 1.56706 1.64732
1.95301 0.688661 -1.97168 -2.3578 1.56706 1.64732
1.95295 0.689812 -1.97262 -2.3578 1.56706 1.64732
1.95289 0.690962 -1.97355 -2.3578 1.56706 1.64732
1.95283 0.692112 -1.97449 -2.3578 1.56706 1.64732
1.95277 0.693262 -1.97542 -2.3578 1.56706 1.64732
1.95271 0.694413 -1.97636 -2.3578 1.56706 1.64732
1.95265 0.695563 -1.97729 -2.3578 1.56706 1.64732
1.95259 0.696713 -1.97822 -2.3578 1.56706 1.64732
1.95253 0.697864 -1.97916 -2.3578 1.56706 1.64732
1.95248 0.699014 -1.98009 -2.3578 1.56706 1.64732
1.95242 0.700164 -1.98103 -2.3578 1.56706 1.64732
1.95236 0.701314 -1.98196 -2.3578 1.56706 1.64732
1.9523 0.702465 -1.9829 -2.3578 1.56706 1.64732
1.95224 0.703615 -1.98383 -2.3578 1.56706 1.64732
1.95218 0.704765 -1.98477 -2.3578 1.56706 1.64732
1.95212 0.705915 -1.9857 -2.3578 1.56706 1.64732
1.95206 0.707066 -1.98664 -2.3578 1.56706 1.64732
1.952 0.708216 -1.98757 -2.3578 1.56706 1.64732
1.95194 0.709366 -1.9885 -2.3578 1.56706 1.64732
1.95188 0.710516 -1.98944 -2.3578 1.56706 1.64732
1.95182 0.711667 -1.99037 -2.3578 1.56706 1.64732
1.95176 0.712817 -1.99131 -2.3578 1.56706 1.64732
1.9517 0.713967 -1.99224 -2.3578 1.56706 1.64732
1.95164 0.715118 -1.99318 -2.3578 1.56706 1.64732
1.95158 0.716268 -1.99411 -2.3578 1.56706 1.64732
1.95152 0.717418 -1.99505 -2.3578 1.56706 1.64732
1.95147 0.718568 -1.99598 -2.3578 1.56706 1.64732
1.95141 0.719719 -1.99691 -2.3578 1.56706 1.64732
1.95135 0.720869 -1.99785 -2.3578 1.56706 1.64732
1.95129 0.722019 -1.99878 -2.3578 1.56706 1.64732
1.95123 0.723169 -1.99972 -2.3578 1.56706 1.64732
1.95117 0.72432 -2.00065 -2.3578 1.56706 1.64732
1.95111 0.72547 -2.00159 -2.3578 1.56706 1.64732
1.95105 0.72662 -2.00252 -2.3578 1.56706 1.64732
1.95099 0.727771 -2.00346 -2.3578 1.56706 1.64732
1.95093 0.728921 -2.00439 -2.3578 1.56706 1.64732
1.95087 0.730071 -2.00533 -2.3578 1.56706 1.64732
1.95081 0.731221 -2.00626 -2.3578 1.56706 1.64732
1.95075 0.732372 -2.00719 -2.3578 1.56706 1.64732
1.95069 0.733522 -2.00813 -2.3578 1.56706 1.64732
1.95063 0.734672 -2.00906 -2.3578 1.56706 1.64732
1.95057 0.735822 -2.01 -2.3578 1.56706 1.64732
1.95051 0.736973 -2.01093 -2.3578 1.56706 1.64732
1.95046 0.738123 -2.01187 -2.3578 1.56706 1.64732
1.9504 0.739273 -2.0128 -2.3578 1.56706 1.64732
1.95034 0.740423 -2.01374 -2.3578 1.56706 1.64732
1.95028 0.741574 -2.01467 -2.3578 1.56706 1.64732
1.95022 0.742724 -2.0156 -2.3578 1.56706 1.64732
1.95016 0.743874 -2.01654 -2.3578 1.56706 1.64732
1.9501 0.745025 -2.01747 -2.3578 1.56706 1.64732
1.95004 0.746175 -2.01841 -2.3578 1.56706 1.64732
1.94998 0.747325 -2.01934 -2.3578 1.56706 1.64732
1.94992 0.748475 -2.02028 -2.3578 1.56706 1.64732
1.94986 0.749626 -2.02121 -2.3578 1.56706 1.64732
1.9498 0.750776 -2.02215 -2.3578 1.56706 1.64732
1.94974 0.751926 -2.02308 -2.3578 1.56706 1.64732
1.94968 0.753076 -2.02401 -2.3578 1.56706 1.64732
1.94962 0.754227 -2.02495 -2.3578 1.56706 1.64732
1.94956 0.755377 -2.02588 -2.3578 1.56706 1.64732
1.94951 0.756527 -2.02682 -2.3578 1.56706 1.64732
1.94945 0.757678 -2.02775 -2.3578 1.56706 1.64732
1.94939 0.758828 -2.02869 -2.3578 1.56706 1.64732
1.94933 0.759978 -2.02962 -2.3578 1.56706 1.64732
1.94927 0.761128 -2.03056 -2.3578 1.56706 1.64732
1.94921 0.762279 -2.03149 -2.3578 1.56706 1.64732
1.94915 0.763429 -2.03243 -2.3578 1.56706 1.64732
1.94909 0.764579 -2.03336 -2.3578 1.56706 1.64732
1.94903 0.765729 -2.03429 -2.3578 1.56706 1.64732
1.94897 0.76688 -2.03523 -2.3578 1.56706 1.64732
1.94891 0.76803 -2.03616 -2.3578 1.56706 1.64732
1.94885 0.76918 -2.0371 -2.3578 1.56706 1.64732
1.94879 0.77033 -2.03803 -2.3578 1.56706 1.64732
1.94873 0.771481 -2.03897 -2.3578 1.56706 1.64732
1.94867 0.772631 -2.0399 -2.3578 1.56706 1.64732
1.94861 0.773781 -2.04084 -2.3578 1.56706 1.64732
1.94855 0.774932 -2.04177 -2.3578 1.56706 1.64732
1.9485 0.776082 -2.0427 -2.3578 1.56706 1.64732
1.94844 0.777232 -2.04364 -2.3578 1.56706 1.64732
1.94838 0.778382 -2.04457 -2.3578 1.56706 1.64732
1.94832 0.779533 -2.04551 -2.3578 1.56706 1.64732
1.94826 0.780683 -2.04644 -2.3578 1.56706 1.64732
1.9482 0.781833 -2.04738 -2.3578 1.56706 1.64732
1.94814 0.782983 -2.04831 -2.3578 1.56706 1.64732
1.94808 0.784134 -2.04925 -2.3578 1.56706 1.64732
1.94802 0.785284 -2.05018 -2.3578 1.56706 1.64732
1.94796 0.786434 -2.05112 -2.3578 1.56706 1.64732
1.9479 0.787585 -2.05205 -2.3578 1.56706 1.64732
1.94784 0.788735 -2.05298 -2.3578 1.56706 1.64732
1.94778 0.789885 -2.05392 -2.3578 1.56706 1.64732
1.94772 0.791035 -2.05485 -2.3578 1.56706 1.64732
1.94766 0.792186 -2.05579 -2.3578 1.56706 1.64732
1.9476 0.793336 -2.05672 -2.3578 1.56706 1.64732
1.94754 0.794486 -2.05766 -2.3578 1.56706 1.64732
1.94749 0.795636 -2.05859 -2.3578 1.56706 1.64732
1.94743 0.796787 -2.05953 -2.3578 1.56706 1.64732
1.94737 0.797937 -2.06046 -2.3578 1.56706 1.64732
1.94731 0.799087 -2.06139 -2.3578 1.56706 1.64732
1.94725 0.800238 -2.06233 -2.3578 1.56706 1.64732
1.94719 0.801388 -2.06326 -2.3578 1.56706 1.64732
1.94713 0.802538 -2.0642 -2.3578 1.56706 1.64732
1.94707 0.803688 -2.06513 -2.3578 1.56706 1.64732
1.94701 0.804839 -2.06607 -2.3578 1.56706 1.64732
1.94695 0.805989 -2.067 -2.3578 1.56706 1.64732
1.94689 0.807139 -2.06794 -2.3578 1.56706 1.64732
1.94683 0.808289 -2.06887 -2.3578 1.56706 1.64732
1.94677 0.80944 -2.0698 -2.3578 1.56706 1.64732
1.94671 0.81059 -2.07074 -2.3578 1.56706 1.64732
1.94665 0.81174 -2.07167 -2.3578 1.56706 1.64732
1.94659 0.81289 -2.07261 -2.3578 1.56706 1.64732
1.94654 0.814041 -2.07354 -2.3578 1.56706 1.64732
1.94648 0.815191 -2.07448 -2.3578 1.56706 1.64732
1.94642 0.816341 -2.07541 -2.3578 1.56706 1.64732
1.94636 0.817492 -2.07635 -2.3578 1.56706 1.64732
1.9463 0.818642 -2.07728 -2.3578 1.56706 1.64732
1.94624 0.819792 -2.07822 -2.3578 1.56706 1.64732
1.94618 0.820942 -2.07915 -2.3578 1.56706 1.64732
1.94612 0.822093 -2.08008 -2.3578 1.56706 1.64732
1.94606 0.823243 -2.08102 -2.3578 1.56706 1.64732
1.946 0.824393 -2.08195 -2.3578 1.56706 1.64732
1.94594 0.825543 -2.08289 -2.3578 1.56706 1.64732
1.94588 0.826694 -2.08382 -2.3578 1.56706 1.64732
1.94582 0.827844 -2.08476 -2.3578 1.56706 1.64732
1.94576 0.828994 -2.08569 -2.3578 1.56706 1.64732
1.9457 0.830145 -2.08663 -2.3578 1.56706 1.64732
1.94564 0.831295 -2.08756 -2.3578 1.56706 1.64732
1.94558 0.832445 -2.08849 -2.3578 1.56706 1.64732
1.94553 0.833595 -2.08943 -2.3578 1.56706 1.64732
1.94547 0.834746 -2.09036 -2.3578 1.56706 1.64732
1.94541 0.835896 -2.0913 -2.3578 1.56706 1.64732
1.94535 0.837046 -2.09223 -2.3578 1.56706 1.64732
1.94529 0.838196 -2.09317 -2.3578 1.56706 1.64732
1.94523 0.839347 -2.0941 -2.3578 1.56706 1.64732
1.94517 0.840497 -2.09504 -2.3578 1.56706 1.64732
1.94511 0.841647 -2.09597 -2.3578 1.56706 1.64732
1.94505 0.842797 -2.09691 -2.3578 1.56706 1.64732
1.94499 0.843948 -2.09784 -2.3578 1.56706 1.64732
1.94493 0.845098 -2.09877 -2.3578 1.56706 1.64732
1.94487 0.846248 -2.09971 -2.3578 1.56706 1.64732
1.94481 0.847399 -2.10064 -2.3578 1.56706 1.64732
1.94475 0.848549 -2.10158 -2.3578 1.56706 1.64732
1.94469 0.849699 -2.10251 -2.3578 1.56706 1.64732
1.94463 0.850849 -2.10345 -2.3578 1.56706 1.64732
1.94457 0.852 -2.10438 -2.3578 1.56706 1.64732
1.94452 0.85315 -2.10532 -2.3578 1.56706 1.64732
1.94446 0.8543 -2.10625 -2.3578 1.56706 1.64732
1.9444 0.85545 -2.10718 -2.3578 1.56706 1.64732
1.94434 0.856601 -2.10812 -2.3578 1.56706 1.64732
1.94428 0.857751 -2.10905 -2.3578 1.56706 1.64732
1.94422 0.858901 -2.10999 -2.3578 1.56706 1.64732
1.94416 0.860052 -2.11092 -2.3578 1.56706 1.64732
1.9441 0.861202 -2.11186 -2.3578 1.56706 1.64732
1.94404 0.862352 -2.11279 -2.3578 1.56706 1.64732
1.94398 0.863502 -2.11373 -2.3578 1.56706 1.64732
1.94392 0.864653 -2.11466 -2.3578 1.56706 1.64732
1.94386 0.865803 -2.11559 -2.3578 1.56706 1.64732
1.9438 0.866953 -2.11653 -2.3578 1.56706 1.64732
1.94374 0.868103 -2.11746 -2.3578 1.56706 1.64732
1.94368 0.869254 -2.1184 -2.3578 1.56706 1.64732
1.94362 0.870404 -2.11933 -2.3578 1.56706 1.64732
1.94356 0.871554 -2.12027 -2.3578 1.56706 1.64732
1.94351 0.872704 -2.1212 -2.3578 1.56706 1.64732
1.94345 0.873855 -2.12214 -2.3578 1.56706 1.64732
1.94339 0.875005 -2.12307 -2.3578 1.56706 1.64732
1.94333 0.876155 -2.12401 -2.3578 1.56706 1.64732
1.94327 0.877306 -2.12494 -2.3578 1.56706 1.64732
1.94321 0.878456 -2.12587 -2.3578 1.56706 1.64732
1.94315 0.879606 -2.12681 -2.3578 1.56706 1.64732
1.94309 0.880756 -2.12774 -2.3578 1.56706 1.64732
1.94303 0.881907 -2.12868 -2.3578 1.56706 1.64732
1.94297 0.883057 -2.12961 -2.3578 1.56706 1.64732
1.94291 0.884207 -2.13055 -2.3578 1.56706 1.64732
1.94285 0.885357 -2.13148 -2.3578 1.56706 1.64732
1.94279 0.886508 -2.13242 -2.3578 1.56706 1.64732
1.94273 0.887658 -2.13335 -2.3578 1.56706 1.64732
1.94267 0.888808 -2.13428 -2.3578 1.56706 1.64732
1.94261 0.889959 -2.13522 -2.3578 1.56706 1.64732
1.94256 0.891109 -2.13615 -2.3578 1.56706 1.64732
1.9425 0.892259 -2.13709 -2.3578 1.56706 1.64732
1.94244 0.893409 -2.13802 -2.3578 1.56706 1.64732
1.94238 0.89456 -2.13896 -2.3578 1.56706 1.64732
1.94232 0.89571 -2.13989 -2.3578 1.56706 1.64732
1.94226 0.89686 -2.14083 -2.3578 1.56706 1.64732
1.9422 0.89801 -2.14176 -2.3578 1.56706 1.64732
1.94214 0.899161 -2.1427 -2.3578 1.56706 1.64732
1.94208 0.900311 -2.14363 -2.3578 1.56706 1.64732
1.94202 0.901461 -2.14456 -2.3578 1.56706 1.64732
1.94196 0.902611 -2.1455 -2.3578 1.56706 1.64732
1.9419 0.903762 -2.14643 -2.3578 1.56706 1.64732
1.94184 0.904912 -2.14737 -2.3578 1.56706 1.64732
1.94178 0.906062 -2.1483 -2.3578 1.56706 1.64732
1.94172 0.907213 -2.14924 -2.3578 1.56706 1.64732
1.94166 0.908363 -2.15017 -2.3578 1.56706 1.64732
1.9416 0.909513 -2.15111 -2.3578 1.56706 1.64732
1.94155 0.910668 -2.15204 -2.3578 1.56706 1.64732
1.94149 0.911824 -2.15298 -2.3578 1.56706 1.64732
1.94143 0.912979 -2.15392 -2.3578 1.56706 1.64732
1.94137 0.914135 -2.15486 -2.3578 1.56706 1.64732
1.94131 0.91529 -2.1558 -2.3578 1.56706 1.64732
1.94125 0.916446 -2.15674 -2.3578 1.56706 1.64732
1.94119 0.917601 -2.15768 -2.3578 1.56706 1.64732
1.94113 0.918756 -2.15861 -2.3578 1.56706 1.64732
1.94107 0.919912 -2.15955 -2.3578 1.56706 1.64732
1.94101 0.921067 -2.16049 -2.3578 1.56706 1.64732
1.94095 0.922223 -2.16143 -2.3578 1.56706 1.64732
1.94089 0.923378 -2.16237 -2.3578 1.56706 1.64732
1.94083 0.924533 -2.16331 -2.3578 1.56706 1.64732
1.94077 0.925689 -2.16425 -2.3578 1.56706 1.64732
1.94071 0.926844 -2.16519 -2.3578 1.56706 1.64732
1.94065 0.928 -2.16612 -2.3578 1.56706 1.64732
1.94059 0.929155 -2.16706 -2.3578 1.56706 1.64732
1.94053 0.93031 -2.168 -2.3578 1.56706 1.64732
1.94047 0.931466 -2.16894 -2.3578 1.56706 1.64732
1.94041 0.932621 -2.16988 -2.3578 1.56706 1.64732
1.94035 0.933777 -2.17082 -2.3578 1.56706 1.64732
1.94029 0.934932 -2.17176 -2.3578 1.56706 1.64732
1.94023 0.936087 -2.17269 -2.3578 1.56706 1.64732
1.94017 0.937243 -2.17363 -2.3578 1.56706 1.64732
1.94011 0.938398 -2.17457 -2.3578 1.56706 1.64732
1.94005 0.939554 -2.17551 -2.3578 1.56706 1.64732
1.93999 0.940709 -2.17645 -2.3578 1.56706 1.64732
1.93993 0.941864 -2.17739 -2.3578 1.56706 1.64732
1.93987 0.94302 -2.17833 -2.3578 1.56706 1.64732
1.93981 0.944175 -2.17927 -2.3578 1.56706 1.64732
1.93976 0.945331 -2.1802 -2.3578 1.56706 1.64732
1.9397 0.946486 -2.18114 -2.3578 1.56706 1.64732
1.93964 0.947641 -2.18208 -2.3578 1.56706 1.64732
1.93958 0.948797 -2.18302 -2.3578 1.56706 1.64732
1.93952 0.949952 -2.18396 -2.3578 1.56706 1.64732
1.93946 0.951108 -2.1849 -2.3578 1.56706 1.64732
1.9394 0.952263 -2.18584 -2.3578 1.56706 1.64732
1.93934 0.953418 -2.18677 -2.3578 1.56706 1.64732
1.93928 0.954574 -2.18771 -2.3578 1.56706 1.64732
1.93922 0.955729 -2.18865 -2.3578 1.56706 1.64732
1.93916 0.956885 -2.18959 -2.3578 1.56706 1.64732
1.9391 0.95804 -2.19053 -2.3578 1.56706 1.64732
1.93904 0.959195 -2.19147 -2.3578 1.56706 1.64732
1.93898 0.960351 -2.19241 -2.3578 1.56706 1.64732
1.93892 0.961506 -2.19335 -2.3578 1.56706 1.64732
1.93886 0.962662 -2.19428 -2.3578 1.56706 1.64732
1.9388 0.963817 -2.19522 -2.3578 1.56706 1.64732
1.93874 0.964973 -2.19616 -2.3578 1.56706 1.64732
1.93868 0.966128 -2.1971 -2.3578 1.56706 1.64732
1.93862 0.967283 -2.19804 -2.3578 1.56706 1.64732
1.93856 0.968439 -2.19898 -2.3578 1.56706 1.64732
1.9385 0.969594 -2.19992 -2.3578 1.56706 1.64732
1.93844 0.97075 -2.20085 -2.3578 1.56706 1.64732
1.93838 0.971905 -2.20179 -2.3578 1.56706 1.64732
1.93832 0.97306 -2.20273 -2.3578 1.56706 1.64732
1.93826 0.974216 -2.20367 -2.3578 1.56706 1.64732
1.9382 0.975371 -2.20461 -2.3578 1.56706 1.64732
1.93814 0.976527 -2.20555 -2.3578 1.56706 1.64732
1.93808 0.977682 -2.20649 -2.3578 1.56706 1.64732
1.93802 0.978837 -2.20743 -2.3578 1.56706 1.64732
1.93797 0.979993 -2.20836 -2.3578 1.56706 1.64732
1.93791 0.981148 -2.2093 -2.3578 1.56706 1.64732
1.93785 0.982304 -2.21024 -2.3578 1.56706 1.64732
1.93779 0.983459 -2.21118 -2.3578 1.56706 1.64732
1.93773 0.984614 -2.21212 -2.3578 1.56706 1.64732
1.93767 0.98577 -2.21306 -2.3578 1.56706 1.64732
1.93761 0.986925 -2.214 -2.3578 1.56706 1.64732
1.93755 0.988081 -2.21493 -2.3578 1.56706 1.64732
1.93749 0.989236 -2.21587 -2.3578 1.56706 1.64732
1.93743 0.990391 -2.21681 -2.3578 1.56706 1.64732
1.93737 0.991547 -2.21775 -2.3578 1.56706 1.64732
1.93731 0.992702 -2.21869 -2.3578 1.56706 1.64732
1.93725 0.993858 -2.21963 -2.3578 1.56706 1.64732
1.93719 0.995013 -2.22057 -2.3578 1.56706 1.64732
1.93713 0.996168 -2.22151 -2.3578 1.56706 1.64732
1.93707 0.997324 -2.22244 -2.3578 1.56706 1.64732
1.93701 0.998479 -2.22338 -2.3578 1.56706 1.64732
1.93695 0.999635 -2.22432 -2.3578 1.56706 1.64732
1.93689 1.00079 -2.22526 -2.3578 1.56706 1.64732
1.93683 1.00195 -2.2262 -2.3578 1.56706 1.64732
1.93677 1.0031 -2.22714 -2.3578 1.56706 1.64732
1.93671 1.00426 -2.22808 -2.3578 1.56706 1.64732
1.93665 1.00541 -2.22901 -2.3578 1.56706 1.64732
1.93659 1.00657 -2.22995 -2.3578 1.56706 1.64732
1.93653 1.00772 -2.23089 -2.3578 1.56706 1.64732
1.93647 1.00888 -2.23183 -2.3578 1.56706 1.64732
1.93641 1.01003 -2.23277 -2.3578 1.56706 1.64732
1.93635 1.01119 -2.23371 -2.3578 1.56706 1.64732
1.93629 1.01234 -2.23465 -2.3578 1.56706 1.64732
1.93623 1.0135 -2.23559 -2.3578 1.56706 1.64732
1.93618 1.01465 -2.23652 -2.3578 1.56706 1.64732
1.93612 1.01581 -2.23746 -2.3578 1.56706 1.64732
1.93606 1.01697 -2.2384 -2.3578 1.56706 1.64732
1.936 1.01812 -2.23934 -2.3578 1.56706 1.64732
1.93594 1.01928 -2.24028 -2.3578 1.56706 1.64732
1.93588 1.02043 -2.24122 -2.3578 1.56706 1.64732
1.93582 1.02159 -2.24216 -2.3578 1.56706 1.64732
1.93576 1.02274 -2.24309 -2.3578 1.56706 1.64732
1.9357 1.0239 -2.24403 -2.3578 1.56706 1.64732
1.93564 1.02505 -2.24497 -2.3578 1.56706 1.64732
1.93558 1.02621 -2.24591 -2.3578 1.56706 1.64732
1.93552 1.02736 -2.24685 -2.3578 1.56706 1.64732
1.93546 1.02852 -2.24779 -2.3578 1.56706 1.64732
1.9354 1.02968 -2.24873 -2.3578 1.56706 1.64732
1.93534 1.03083 -2.24967 -2.3578 1.56706 1.64732
1.93528 1.03199 -2.2506 -2.3578 1.56706 1.64732
1.93522 1.03314 -2.25154 -2.3578 1.56706 1.64732
1.93516 1.0343 -2.25248 -2.3578 1.56706 1.64732
1.9351 1.03545 -2.25342 -2.3578 1.56706 1.64732
1.93504 1.03661 -2.25436 -2.3578 1.56706 1.64732
1.93498 1.03776 -2.2553 -2.3578 1.56706 1.64732
1.93492 1.03892 -2.25624 -2.3578 1.56706 1.64732
1.93486 1.04007 -2.25717 -2.3578 1.56706 1.64732
1.9348 1.04123 -2.25811 -2.3578 1.56706 1.64732
1.93474 1.04238 -2.25905 -2.3578 1.56706 1.64732
1.93468 1.04354 -2.25999 -2.3578 1.56706 1.64732
1.93462 1.0447 -2.26093 -2.3578 1.56706 1.64732
1.93456 1.04585 -2.26187 -2.3578 1.56706 1.64732
1.9345 1.04701 -2.26281 -2.3578 1.56706 1.64732
1.93444 1.04816 -2.26375 -2.3578 1.56706 1.64732
1.93439 1.04932 -2.26468 -2.3578 1.56706 1.64732
1.93433 1.05047 -2.26562 -2.3578 1.56706 1.64732
1.93427 1.05163 -2.26656 -2.3578 1.56706 1.64732
1.93421 1.05278 -2.2675 -2.3578 1.56706 1.64732
1.93415 1.05394 -2.26844 -2.3578 1.56706 1.64732
1.93409 1.05509 -2.26938 -2.3578 1.56706 1.64732
1.93403 1.05625 -2.27032 -2.3578 1.56706 1.64732
1.93397 1.0574 -2.27125 -2.3578 1.56706 1.64732
1.93391 1.05856 -2.27219 -2.3578 1.56706 1.64732
1.93385 1.05972 -2.27313 -2.3578 1.56706 1.64732
1.93379 1.06087 -2.27407 -2.3578 1.56706 1.64732
1.93373 1.06203 -2.27501 -2.3578 1.56706 1.64732
1.93367 1.06318 -2.27595 -2.3578 1.56706 1.64732
1.93361 1.06434 -2.27689 -2.3578 1.56706 1.64732
1.93355 1.06549 -2.27783 -2.3578 1.56706 1.64732
1.93349 1.06665 -2.27876 -2.3578 1.56706 1.64732
1.93343 1.0678 -2.2797 -2.3578 1.56706 1.64732
1.93337 1.06896 -2.28064 -2.3578 1.56706 1.64732
1.93331 1.07011 -2.28158 -2.3578 1.56706 1.64732
1.93325 1.07127 -2.28252 -2.3578 1.56706 1.64732
1.93319 1.07243 -2.28346 -2.3578 1.56706 1.64732
1.93313 1.07358 -2.2844 -2.3578 1.56706 1.64732
1.93307 1.07474 -2.28533 -2.3578 1.56706 1.64732
1.93301 1.07589 -2.28627 -2.3578 1.56706 1.64732
1.93295 1.07705 -2.28721 -2.3578 1.56706 1.64732
1.93289 1.0782 -2.28815 -2.3578 1.56706 1.64732
1.93283 1.07936 -2.28909 -2.3578 1.56706 1.64732
1.93277 1.08051 -2.29003 -2.3578 1.56706 1.64732
1.93271 1.08167 -2.29097 -2.3578 1.56706 1.64732
1.93265 1.08282 -2.2919 -2.3578 1.56706 1.64732
1.9326 1.08398 -2.29284 -2.3578 1.56706 1.64732
1.93254 1.08513 -2.29378 -2.3578 1.56706 1.64732
1.93248 1.08629 -2.29472 -2.3578 1.56706 1.64732
1.93242 1.08745 -2.29566 -2.3578 1.56706 1.64732
1.93236 1.0886 -2.2966 -2.3578 1.56706 1.64732
1.9323 1.08976 -2.29754 -2.3578 1.56706 1.64732
1.93224 1.09091 -2.29848 -2.3578 1.56706 1.64732
1.93218 1.09207 -2.29941 -2.3578 1.56706 1.64732
1.93212 1.09322 -2.30035 -2.3578 1.56706 1.64732
1.93206 1.09438 -2.30129 -2.3578 1.56706 1.64732
1.932 1.09553 -2.30223 -2.3578 1.56706 1.64732
1.93194 1.09669 -2.30317 -2.3578 1.56706 1.64732
1.93188 1.09784 -2.30411 -2.3578 1.56706 1.64732
1.93182 1.099 -2.30505 -2.3578 1.56706 1.64732
1.93176 1.10015 -2.30598 -2.3578 1.56706 1.64732
1.9317 1.10131 -2.30692 -2.3578 1.56706 1.64732
1.93164 1.10247 -2.30786 -2.3578 1.56706 1.64732
1.93158 1.10362 -2.3088 -2.3578 1.56706 1.64732
1.93152 1.10478 -2.30974 -2.3578 1.56706 1.64732
1.93146 1.10593 -2.31068 -2.3578 1.56706 1.64732
1.9314 1.10709 -2.31162 -2.3578 1.56706 1.64732
1.93134 1.10824 -2.31256 -2.3578 1.56706 1.64732
1.93128 1.1094 -2.31349 -2.3578 1.56706 1.64732
1.93122 1.11055 -2.31443 -2.3578 1.56706 1.64732
1.93116 1.11171 -2.31537 -2.3578 1.56706 1.64732
1.9311 1.11286 -2.31631 -2.3578 1.56706 1.64732
1.93104 1.11402 -2.31725 -2.3578 1.56706 1.64732
1.93098 1.11518 -2.31819 -2.3578 1.56706 1.64732
1.93092 1.11633 -2.31913 -2.3578 1.56706 1.64732
1.93086 1.11749 -2.32006 -2.3578 1.56706 1.64732
1.93081 1.11864 -2.321 -2.3578 1.56706 1.64732
1.93075 1.1198 -2.32194 -2.3578 1.56706 1.64732
1.93069 1.12095 -2.32288 -2.3578 1.56706 1.64732
1.93063 1.12211 -2.32382 -2.3578 1.56706 1.64732
1.93057 1.12326 -2.32476 -2.3578 1.56706 1.64732
1.93051 1.12442 -2.3257 -2.3578 1.56706 1.64732
1.93045 1.12557 -2.32664 -2.3578 1.56706 1.64732
1.93039 1.12673 -2.32757 -2.3578 1.56706 1.64732
1.93033 1.12788 -2.32851 -2.3578 1.56706 1.64732
1.93027 1.12904 -2.32945 -2.3578 1.56706 1.64732
1.93021 1.1302 -2.33039 -2.3578 1.56706 1.64732
1.93015 1.13135 -2.33133 -2.3578 1.56706 1.64732
1.93009 1.13251 -2.33227 -2.3578 1.56706 1.64732
1.93003 1.13366 -2.33321 -2.3578 1.56706 1.64732
1.92997 1.13482 -2.33414 -2.3578 1.56706 1.64732
1.92991 1.13597 -2.33508 -2.3578 1.56706 1.64732
1.92985 1.13713 -2.33602 -2.3578 1.56706 1.64732
1.92979 1.13828 -2.33696 -2.3578 1.56706 1.64732
1.92973 1.13944 -2.3379 -2.3578 1.56706 1.64732
1.92967 1.14059 -2.33884 -2.3578 1.56706 1.64732
1.92961 1.14175 -2.33978 -2.3578 1.56706 1.64732
1.92955 1.1429 -2.34072 -2.3578 1.56706 1.64732
1.92949 1.14406 -2.34165 -2.3578 1.56706 1.64732
1.92943 1.14522 -2.34259 -2.3578 1.56706 1.64732
1.92937 1.14637 -2.34353 -2.3578 1.56706 1.64732
1.92931 1.14753 -2.34447 -2.3578 1.56706 1.64732
1.92925 1.14868 -2.34541 -2.3578 1.56706 1.64732
1.92919 1.14984 -2.34635 -2.3578 1.56706 1.64732
1.92913 1.15099 -2.34729 -2.3578 1.56706 1.64732
1.92907 1.15215 -2.34822 -2.3578 1.56706 1.64732
1.92902 1.1533 -2.34916 -2.3578 1.56706 1.64732
1.92896 1.15446 -2.3501 -2.3578 1.56706 1.64732
1.9289 1.15561 -2.35104 -2.3578 1.56706 1.64732
1.92884 1.15677 -2.35198 -2.3578 1.56706 1.64732
1.92878 1.15793 -2.35292 -2.3578 1.56706 1.64732
1.92872 1.15908 -2.35386 -2.3578 1.56706 1.64732
1.92866 1.16024 -2.3548 -2.3578 1.56706 1.64732
1.9286 1.16139 -2.35573 -2.3578 1.56706 1.64732
1.92854 1.16255 -2.35667 -2.3578 1.56706 1.64732
1.92848 1.1637 -2.35761 -2.3578 1.56706 1.64732
1.92842 1.16486 -2.35855 -2.3578 1.56706 1.64732
1.92836 1.16601 -2.35949 -2.3578 1.56706 1.64732
1.9283 1.16717 -2.36043 -2.3578 1.56706 1.64732
1.92824 1.16832 -2.36137 -2.3578 1.56706 1.64732
1.92824 1.16832 -2.36137 -2.3578 1.56706 1.64732
1.92815 1.16799 -2.3615 -2.35716 1.5674 1.64648
1.92807 1.16767 -2.36164 -2.35652 1.56775 1.64564
1.92798 1.16734 -2.36177 -2.35588 1.56809 1.6448
1.92789 1.16702 -2.36191 -2.35524 1.56844 1.64396
1.9278 1.16669 -2.36204 -2.3546 1.56878 1.64312
1.92772 1.16636 -2.36217 -2.35396 1.56913 1.64228
1.92763 1.16604 -2.36231 -2.35332 1.56947 1.64144
1.92754 1.16571 -2.36244 -2.35268 1.56982 1.6406
1.92746 1.16538 -2.36258 -2.35204 1.57016 1.63976
1.92737 1.16506 -2.36271 -2.3514 1.57051 1.63892
1.92728 1.16473 -2.36284 -2.35076 1.57085 1.63807
1.9272 1.16441 -2.36298 -2.35012 1.57119 1.63723
1.92711 1.16408 -2.36311 -2.34948 1.57154 1.63639
1.92702 1.16375 -2.36324 -2.34884 1.57188 1.63555
1.92694 1.16343 -2.36338 -2.3482 1.57223 1.63471
1.92685 1.1631 -2.36351 -2.34756 1.57257 1.63387
1.92676 1.16277 -2.36365 -2.34692 1.57292 1.63303
1.92667 1.16245 -2.36378 -2.34628 1.57326 1.63219
1.92659 1.16212 -2.36391 -2.34564 1.57361 1.63135
1.9265 1.1618 -2.36405 -2.345 1.57395 1.63051
1.92641 1.16147 -2.36418 -2.34436 1.57429 1.62967
1.92633 1.16114 -2.36432 -2.34372 1.57464 1.62883
1.92624 1.16082 -2.36445 -2.34308 1.57498 1.62799
1.92615 1.16049 -2.36458 -2.34244 1.57533 1.62715
1.92607 1.16017 -2.36472 -2.3418 1.57567 1.62631
1.92598 1.15984 -2.36485 -2.34116 1.57602 1.62547
1.92589 1.15951 -2.36499 -2.34052 1.57636 1.62463
1.9258 1.15919 -2.36512 -2.33988 1.57671 1.62379
1.92572 1.15886 -2.36525 -2.33924 1.57705 1.62295
1.92563 1.15853 -2.36539 -2.3386 1.5774 1.62211
1.92554 1.15821 -2.36552 -2.33796 1.57774 1.62127
1.92546 1.15788 -2.36565 -2.33732 1.57808 1.62042
1.92537 1.15756 -2.36579 -2.33668 1.57843 1.61958
1.92528 1.15723 -2.36592 -2.33604 1.57877 1.61874
1.9252 1.1569 -2.36606 -2.3354 1.57912 1.6179
1.92511 1.15658 -2.36619 -2.33476 1.57946 1.61706
1.92502 1.15625 -2.36632 -2.33412 1.57981 1.61622
1.92493 1.15592 -2.36646 -2.33348 1.58015 1.61538
1.92485 1.1556 -2.36659 -2.33284 1.5805 1.61454
1.92476 1.15527 -2.36673 -2.3322 1.58084 1.6137
1.92467 1.15495 -2.36686 -2.33156 1.58118 1.61286
1.92459 1.15462 -2.36699 -2.33092 1.58153 1.61202
1.9245 1.15429 -2.36713 -2.33028 1.58187 1.61118
1.92441 1.15397 -2.36726 -2.32964 1.58222 1.61034
1.92433 1.15364 -2.3674 -2.329 1.58256 1.6095
1.92424 1.15332 -2.36753 -2.32836 1.58291 1.60866
1.92415 1.15299 -2.36766 -2.32772 1.58325 1.60782
1.92406 1.15266 -2.3678 -2.32708 1.5836 1.60698
1.92398 1.15234 -2.36793 -2.32644 1.58394 1.60614
1.92389 1.15201 -2.36806 -2.3258 1.58429 1.6053
1.9238 1.15168 -2.3682 -2.32516 1.58463 1.60446
1.92372 1.15136 -2.36833 -2.32452 1.58497 1.60362
1.92363 1.15103 -2.36847 -2.32388 1.58532 1.60277
1.92354 1.15071 -2.3686 -2.32324 1.58566 1.60193
1.92346 1.15038 -2.36873 -2.3226 1.58601 1.60109
1.92337 1.15005 -2.36887 -2.32196 1.58635 1.60025
1.92328 1.14973 -2.369 -2.32132 1.5867 1.59941
1.92319 1.1494 -2.36914 -2.32068 1.58704 1.59857
1.92311 1.14908 -2.36927 -2.32004 1.58739 1.59773
1.92302 1.14875 -2.3694 -2.3194 1.58773 1.59689
1.92293 1.14842 -2.36954 -2.31876 1.58808 1.59605
1.92285 1.1481 -2.36967 -2.31812 1.58842 1.59521
1.92276 1.14777 -2.36981 -2.31748 1.58876 1.59437
1.92267 1.14744 -2.36994 -2.31684 1.58911 1.59353
1.92259 1.14712 -2.37007 -2.3162 1.58945 1.59269
1.9225 1.14679 -2.37021 -2.31556 1.5898 1.59185
1.92241 1.14647 -2.37034 -2.31492 1.59014 1.59101
1.92232 1.14614 -2.37048 -2.31428 1.59049 1.59017
1.92224 1.14581 -2.37061 -2.31364 1.59083 1.58933
1.92215 1.14549 -2.37074 -2.313 1.59118 1.58849
1.92206 1.14516 -2.37088 -2.31236 1.59152 1.58765
1.92198 1.14483 -2.37101 -2.31172 1.59186 1.58681
1.92189 1.14451 -2.37114 -2.31108 1.59221 1.58597
1.9218 1.14418 -2.37128 -2.31044 1.59255 1.58512
1.92172 1.14386 -2.37141 -2.3098 1.5929 1.58428
1.92163 1.14353 -2.37155 -2.30916 1.59324 1.58344
1.92154 1.1432 -2.37168 -2.30852 1.59359 1.5826
1.92145 1.14288 -2.37181 -2.30788 1.59393 1.58176
1.92137 1.14255 -2.37195 -2.30724 1.59428 1.58092
1.92128 1.14223 -2.37208 -2.3066 1.59462 1.58008
1.92119 1.1419 -2.37222 -2.30596 1.59497 1.57924
1.92111 1.14157 -2.37235 -2.30532 1.59531 1.5784
1.92102 1.14125 -2.37248 -2.30468 1.59565 1.57756
1.92093 1.14092 -2.37262 -2.30404 1.596 1.57672
1.92085 1.14059 -2.37275 -2.3034 1.59634 1.57588
1.92076 1.14027 -2.37289 -2.30276 1.59669 1.57504
1.92067 1.13994 -2.37302 -2.30212 1.59703 1.5742
1.92058 1.13962 -2.37315 -2.30148 1.59738 1.57336
1.9205 1.13929 -2.37329 -2.30084 1.59772 1.57252
1.92041 1.13896 -2.37342 -2.3002 1.59807 1.57168
1.92032 1.13864 -2.37355 -2.29957 1.59841 1.57084
1.92024 1.13831 -2.37369 -2.29893 1.59876 1.57
1.92015 1.13798 -2.37382 -2.29829 1.5991 1.56916
1.92006 1.13766 -2.37396 -2.29765 1.59944 1.56832
1.91998 1.13733 -2.37409 -2.29701 1.59979 1.56747
1.91989 1.13701 -2.37422 -2.29637 1.60013 1.56663
1.9198 1.13668 -2.37436 -2.29573 1.60048 1.56579
1.91971 1.13635 -2.37449 -2.29509 1.60082 1.56495
1.91963 1.13603 -2.37463 -2.29445 1.60117 1.56411
1.91954 1.1357 -2.37476 -2.29381 1.60151 1.56327
1.91945 1.13538 -2.37489 -2.29317 1.60186 1.56243
1.91937 1.13505 -2.37503 -2.29253 1.6022 1.56159
1.91928 1.13472 -2.37516 -2.29189 1.60254 1.56075
1.91919 1.1344 -2.3753 -2.29125 1.60289 1.55991
1.91911 1.13407 -2.37543 -2.29061 1.60323 1.55907
1.91902 1.13374 -2.37556 -2.28997 1.60358 1.55823
1.91893 1.13342 -2.3757 -2.28933 1.60392 1.55739
1.91884 1.13309 -2.37583 -2.28869 1.60427 1.55655
1.91876 1.13277 -2.37596 -2.28805 1.60461 1.55571
1.91867 1.13244 -2.3761 -2.28741 1.60496 1.55487
1.91858 1.13211 -2.37623 -2.28677 1.6053 1.55403
1.9185 1.13179 -2.37637 -2.28613 1.60565 1.55319
1.91841 1.13146 -2.3765 -2.28549 1.60599 1.55235
1.91832 1.13113 -2.37663 -2.28485 1.60633 1.55151
1.91824 1.13081 -2.37677 -2.28421 1.60668 1.55067
1.91815 1.13048 -2.3769 -2.28357 1.60702 1.54982
1.91806 1.13016 -2.37704 -2.28293 1.60737 1.54898
1.91797 1.12983 -2.37717 -2.28229 1.60771 1.54814
1.91789 1.1295 -2.3773 -2.28165 1.60806 1.5473
1.9178 1.12918 -2.37744 -2.28101 1.6084 1.54646
1.91771 1.12885 -2.37757 -2.28037 1.60875 1.54562
1.91763 1.12853 -2.37771 -2.27973 1.60909 1.54478
1.91754 1.1282 -2.37784 -2.27909 1.60943 1.54394
1.91745 1.12787 -2.37797 -2.27845 1.60978 1.5431
1.91737 1.12755 -2.37811 -2.27781 1.61012 1.54226
1.91728 1.12722 -2.37824 -2.27717 1.61047 1.54142
1.91719 1.12689 -2.37838 -2.27653 1.61081 1.54058
1.91711 1.12657 -2.37851 -2.27589 1.61116 1.53974
1.91702 1.12624 -2.37864 -2.27525 1.6115 1.5389
1.91693 1.12592 -2.37878 -2.27461 1.61185 1.53806
1.91684 1.12559 -2.37891 -2.27397 1.61219 1.53722
1.91676 1.12526 -2.37904 -2.27333 1.61254 1.53638
1.91667 1.12494 -2.37918 -2.27269 1.61288 1.53554
1.91658 1.12461 -2.37931 -2.27205 1.61322 1.5347
1.9165 1.12428 -2.37945 -2.27141 1.61357 1.53386
1.91641 1.12396 -2.37958 -2.27077 1.61391 1.53302
1.91632 1.12363 -2.37971 -2.27013 1.61426 1.53217
1.91624 1.12331 -2.37985 -2.26949 1.6146 1.53133
1.91615 1.12298 -2.37998 -2.26885 1.61495 1.53049
1.91606 1.12265 -2.38012 -2.26821 1.61529 1.52965
1.91597 1.12233 -2.38025 -2.26757 1.61564 1.52881
1.91589 1.122 -2.38038 -2.26693 1.61598 1.52797
1.9158 1.12168 -2.38052 -2.26629 1.61633 1.52713
1.91571 1.12135 -2.38065 -2.26565 1.61667 1.52629
1.91563 1.12102 -2.38079 -2.26501 1.61701 1.52545
1.91554 1.1207 -2.38092 -2.26437 1.61736 1.52461
1.91545 1.12037 -2.38105 -2.26373 1.6177 1.52377
1.91537 1.12004 -2.38119 -2.26309 1.61805 1.52293
1.91528 1.11972 -2.38132 -2.26245 1.61839 1.52209
1.91519 1.11939 -2.38145 -2.26181 1.61874 1.52125
1.9151 1.11907 -2.38159 -2.26117 1.61908 1.52041
1.91502 1.11874 -2.38172 -2.26053 1.61943 1.51957
1.91493 1.11841 -2.38186 -2.25989 1.61977 1.51873
1.91484 1.11809 -2.38199 -2.25925 1.62011 1.51789
1.91476 1.11776 -2.38212 -2.25861 1.62046 1.51705
1.91467 1.11744 -2.38226 -2.25797 1.6208 1.51621
1.91458 1.11711 -2.38239 -2.25733 1.62115 1.51537
1.9145 1.11678 -2.38253 -2.25669 1.62149 1.51452
1.91441 1.11646 -2.38266 -2.25605 1.62184 1.51368
1.91432 1.11613 -2.38279 -2.25541 1.62218 1.51284
1.91423 1.1158 -2.38293 -2.25477 1.62253 1.512
1.91415 1.11548 -2.38306 -2.25413 1.62287 1.51116
1.91406 1.11515 -2.3832 -2.25349 1.62322 1.51032
1.91397 1.11483 -2.38333 -2.25285 1.62356 1.50948
1.91389 1.1145 -2.38346 -2.25221 1.6239 1.50864
1.9138 1.11417 -2.3836 -2.25157 1.62425 1.5078
1.91371 1.11385 -2.38373 -2.25093 1.62459 1.50696
1.91363 1.11352 -2.38386 -2.25029 1.62494 1.50612
1.91354 1.11319 -2.384 -2.24965 1.62528 1.50528
1.91345 1.11287 -2.38413 -2.24901 1.62563 1.50444
1.91336 1.11254 -2.38427 -2.24837 1.62597 1.5036
1.91328 1.11222 -2.3844 -2.24773 1.62632 1.50276
1.91319 1.11189 -2.38453 -2.24709 1.62666 1.50192
1.9131 1.11156 -2.38467 -2.24645 1.62701 1.50108
1.91302 1.11124 -2.3848 -2.24581 1.62735 1.50024
1.91293 1.11091 -2.38494 -2.24517 1.62769 1.4994
1.91284 1.11059 -2.38507 -2.24453 1.62804 1.49856
1.91276 1.11026 -2.3852 -2.24389 1.62838 1.49772
1.91267 1.10993 -2.38534 -2.24325 1.62873 1.49687
1.91258 1.10961 -2.38547 -2.24261 1.62907 1.49603
1.91249 1.10928 -2.38561 -2.24197 1.62942 1.49519
1.91241 1.10895 -2.38574 -2.24133 1.62976 1.49435
1.91232 1.10863 -2.38587 -2.24069 1.63011 1.49351
1.91223 1.1083 -2.38601 -2.24005 1.63045 1.49267
1.91215 1.10798 -2.38614 -2.23941 1.63079 1.49183
1.91206 1.10765 -2.38628 -2.23877 1.63114 1.49099
1.91197 1.10732 -2.38641 -2.23813 1.63148 1.49015
1.91189 1.107 -2.38654 -2.23749 1.63183 1.48931
1.9118 1.10667 -2.38668 -2.23685 1.63217 1.48847
1.91171 1.10634 -2.38681 -2.23621 1.63252 1.48763
1.91162 1.10602 -2.38694 -2.23557 1.63286 1.48679
1.91154 1.10569 -2.38708 -2.23493 1.63321 1.48595
1.91145 1.10537 -2.38721 -2.23429 1.63355 1.48511
1.91136 1.10504 -2.38735 -2.23365 1.6339 1.48427
1.91128 1.10471 -2.38748 -2.23301 1.63424 1.48343
1.91119 1.10439 -2.38761 -2.23237 1.63458 1.48259
1.9111 1.10406 -2.38775 -2.23173 1.63493 1.48175
1.91102 1.10374 -2.38788 -2.23109 1.63527 1.48091
1.91093 1.10341 -2.38802 -2.23045 1.63562 1.48007
1.91084 1.10308 -2.38815 -2.22981 1.63596 1.47922
1.91075 1.10276 -2.38828 -2.22917 1.63631 1.47838
1.91067 1.10243 -2.38842 -2.22853 1.63665 1.47754
1.91058 1.1021 -2.38855 -2.22789 1.637 1.4767
1.91049 1.10178 -2.38869 -2.22725 1.63734 1.47586
1.91041 1.10145 -2.38882 -2.22661 1.63768 1.47502
1.91032 1.10113 -2.38895 -2.22597 1.63803 1.47418
1.91023 1.1008 -2.38909 -2.22533 1.63837 1.47334
1.91015 1.10047 -2.38922 -2.22469 1.63872 1.4725
1.91006 1.10015 -2.38935 -2.22405 1.63906 1.47166
1.90997 1.09982 -2.38949 -2.22341 1.63941 1.47082
1.90988 1.09949 -2.38962 -2.22277 1.63975 1.46998
1.9098 1.09917 -2.38976 -2.22213 1.6401 1.46914
1.90971 1.09884 -2.38989 -2.22149 1.64044 1.4683
1.90962 1.09852 -2.39002 -2.22085 1.64079 1.46746
1.90954 1.09819 -2.39016 -2.22021 1.64113 1.46662
1.90945 1.09786 -2.39029 -2.21957 1.64147 1.46578
1.90936 1.09754 -2.39043 -2.21893 1.64182 1.46494
1.90928 1.09721 -2.39056 -2.21829 1.64216 1.4641
1.90919 1.09689 -2.39069 -2.21765 1.64251 1.46326
1.9091 1.09656 -2.39083 -2.21701 1.64285 1.46242
1.90901 1.09623 -2.39096 -2.21637 1.6432 1.46157
1.90893 1.09591 -2.3911 -2.21573 1.64354 1.46073
1.90884 1.09558 -2.39123 -2.21509 1.64389 1.45989
1.90875 1.09525 -2.39136 -2.21445 1.64423 1.45905
1.90867 1.09493 -2.3915 -2.21381 1.64458 1.45821
1.90858 1.0946 -2.39163 -2.21317 1.64492 1.45737
1.90849 1.09428 -2.39176 -2.21253 1.64526 1.45653
1.90841 1.09395 -2.3919 -2.21189 1.64561 1.45569
1.90832 1.09362 -2.39203 -2.21125 1.64595 1.45485
1.90823 1.0933 -2.39217 -2.21061 1.6463 1.45401
1.90814 1.09297 -2.3923 -2.20997 1.64664 1.45317
1.90806 1.09264 -2.39243 -2.20933 1.64699 1.45233
1.90797 1.09232 -2.39257 -2.20869 1.64733 1.45149
1.90788 1.09199 -2.3927 -2.20805 1.64768 1.45065
1.9078 1.09167 -2.39284 -2.20741 1.64802 1.44981
1.90771 1.09134 -2.39297 -2.20677 1.64836 1.44897
1.90762 1.09101 -2.3931 -2.20613 1.64871 1.44813
1.90754 1.09069 -2.39324 -2.20549 1.64905 1.44729
1.90745 1.09036 -2.39337 -2.20485 1.6494 1.44645
1.90736 1.09004 -2.39351 -2.20421 1.64974 1.44561
1.90728 1.08971 -2.39364 -2.20357 1.65009 1.44477
1.90719 1.08938 -2.39377 -2.20293 1.65043 1.44392
1.9071 1.08906 -2.39391 -2.20229 1.65078 1.44308
1.90701 1.08873 -2.39404 -2.20165 1.65112 1.44224
1.90693 1.0884 -2.39417 -2.20101 1.65147 1.4414
1.90684 1.08808 -2.39431 -2.20037 1.65181 1.44056
1.90675 1.08775 -2.39444 -2.19973 1.65215 1.43972
1.90667 1.08743 -2.39458 -2.19909 1.6525 1.43888
1.90658 1.0871 -2.39471 -2.19845 1.65284 1.43804
1.90649 1.08677 -2.39484 -2.19781 1.65319 1.4372
1.90641 1.08645 -2.39498 -2.19717 1.65353 1.43636
1.90632 1.08612 -2.39511 -2.19653 1.65388 1.43552
1.90623 1.0858 -2.39525 -2.19589 1.65422 1.43468
1.90614 1.08547 -2.39538 -2.19525 1.65457 1.43384
1.90606 1.08514 -2.39551 -2.19461 1.65491 1.433
1.90597 1.08482 -2.39565 -2.19397 1.65526 1.43216
1.90588 1.08449 -2.39578 -2.19333 1.6556 1.43132
1.9058 1.08416 -2.39592 -2.19269 1.65594 1.43048
1.90571 1.08384 -2.39605 -2.19205 1.65629 1.42964
1.90562 1.08351 -2.39618 -2.19141 1.65663 1.4288
1.90554 1.08319 -2.39632 -2.19077 1.65698 1.42796
1.90545 1.08286 -2.39645 -2.19013 1.65732 1.42712
1.90536 1.08253 -2.39659 -2.18949 1.65767 1.42627
1.90527 1.08221 -2.39672 -2.18885 1.65801 1.42543
1.90519 1.08188 -2.39685 -2.18821 1.65836 1.42459
1.9051 1.08155 -2.39699 -2.18757 1.6587 1.42375
1.90501 1.08123 -2.39712 -2.18693 1.65904 1.42291
1.90493 1.0809 -2.39725 -2.18629 1.65939 1.42207
1.90484 1.08058 -2.39739 -2.18565 1.65973 1.42123
1.90475 1.08025 -2.39752 -2.18501 1.66008 1.42039
1.90467 1.07992 -2.39766 -2.18437 1.66042 1.41955
1.90458 1.0796 -2.39779 -2.18374 1.66077 1.41871
1.90449 1.07927 -2.39792 -2.1831 1.66111 1.41787
1.9044 1.07895 -2.39806 -2.18246 1.66146 1.41703
1.90432 1.07862 -2.39819 -2.18182 1.6618 1.41619
1.90423 1.07829 -2.39833 -2.18118 1.66215 1.41535
1.90414 1.07797 -2.39846 -2.18054 1.66249 1.41451
1.90406 1.07764 -2.39859 -2.1799 1.66283 1.41367
1.90397 1.07731 -2.39873 -2.17926 1.66318 1.41283
1.90388 1.07699 -2.39886 -2.17862 1.66352 1.41199
1.9038 1.07666 -2.399 -2.17798 1.66387 1.41115
1.90371 1.07634 -2.39913 -2.17734 1.66421 1.41031
1.90362 1.07601 -2.39926 -2.1767 1.66456 1.40947
1.90353 1.07568 -2.3994 -2.17606 1.6649 1.40862
1.90345 1.07536 -2.39953 -2.17542 1.66525 1.40778
1.90336 1.07503 -2.39966 -2.17478 1.66559 1.40694
1.90327 1.0747 -2.3998 -2.17414 1.66593 1.4061
1.90319 1.07438 -2.39993 -2.1735 1.66628 1.40526
1.9031 1.07405 -2.40007 -2.17286 1.66662 1.40442
1.90301 1.07373 -2.4002 -2.17222 1.66697 1.40358
1.90293 1.0734 -2.40033 -2.17158 1.66731 1.40274
1.90284 1.07307 -2.40047 -2.17094 1.66766 1.4019
1.90275 1.07275 -2.4006 -2.1703 1.668 1.40106
1.90266 1.07242 -2.40074 -2.16966 1.66835 1.40022
1.90258 1.0721 -2.40087 -2.16902 1.66869 1.39938
1.90249 1.07177 -2.401 -2.16838 1.66904 1.39854
1.9024 1.07144 -2.40114 -2.16774 1.66938 1.3977
1.90232 1.07112 -2.40127 -2.1671 1.66972 1.39686
1.90223 1.07079 -2.40141 -2.16646 1.67007 1.39602
1.90214 1.07046 -2.40154 -2.16582 1.67041 1.39518
1.90206 1.07014 -2.40167 -2.16518 1.67076 1.39434
1.90197 1.06981 -2.40181 -2.16454 1.6711 1.3935
1.90188 1.06949 -2.40194 -2.1639 1.67145 1.39266
1.90179 1.06916 -2.40207 -2.16326 1.67179 1.39182
1.90171 1.06883 -2.40221 -2.16262 1.67214 1.39097
1.90162 1.06851 -2.40234 -2.16198 1.67248 1.39013
1.90153 1.06818 -2.40248 -2.16134 1.67283 1.38929
1.90145 1.06785 -2.40261 -2.1607 1.67317 1.38845
1.90136 1.06753 -2.40274 -2.16006 1.67351 1.38761
1.90127 1.0672 -2.40288 -2.15942 1.67386 1.38677
1.90119 1.06688 -2.40301 -2.15878 1.6742 1.38593
1.9011 1.06655 -2.40315 -2.15814 1.67455 1.38509
1.90101 1.06622 -2.40328 -2.1575 1.67489 1.38425
1.90092 1.0659 -2.40341 -2.15686 1.67524 1.38341
1.90084 1.06557 -2.40355 -2.15622 1.67558 1.38257
1.90075 1.06525 -2.40368 -2.15558 1.67593 1.38173
1.90066 1.06492 -2.40382 -2.15494 1.67627 1.38089
1.90058 1.06459 -2.40395 -2.1543 1.67661 1.38005
1.90049 1.06427 -2.40408 -2.15366 1.67696 1.37921
1.9004 1.06394 -2.40422 -2.15302 1.6773 1.37837
1.90032 1.06361 -2.40435 -2.15238 1.67765 1.37753
1.90023 1.06329 -2.40449 -2.15174 1.67799 1.37669
1.90014 1.06296 -2.40462 -2.1511 1.67834 1.37585
1.90005 1.06264 -2.40475 -2.15046 1.67868 1.37501
1.89997 1.06231 -2.40489 -2.14982 1.67903 1.37417
1.89988 1.06198 -2.40502 -2.14918 1.67937 1.37332
1.89979 1.06166 -2.40515 -2.14854 1.67972 1.37248
1.89971 1.06133 -2.40529 -2.1479 1.68006 1.37164
1.89962 1.061 -2.40542 -2.14726 1.6804 1.3708
1.89953 1.06068 -2.40556 -2.14662 1.68075 1.36996
1.89945 1.06035 -2.40569 -2.14598 1.68109 1.36912
1.89936 1.06003 -2.40582 -2.14534 1.68144 1.36828
1.89927 1.0597 -2.40596 -2.1447 1.68178 1.36744
1.89918 1.05937 -2.40609 -2.14406 1.68213 1.3666
1.8991 1.05905 -2.40623 -2.14342 1.68247 1.36576
1.89901 1.05872 -2.40636 -2.14278 1.68282 1.36492
1.89892 1.0584 -2.40649 -2.14214 1.68316 1.36408
1.89884 1.05807 -2.40663 -2.1415 1.68351 1.36324
1.89875 1.05774 -2.40676 -2.14086 1.68385 1.3624
1.89866 1.05742 -2.4069 -2.14022 1.68419 1.36156
1.89858 1.05709 -2.40703 -2.13958 1.68454 1.36072
1.89849 1.05676 -2.40716 -2.13894 1.68488 1.35988
1.8984 1.05644 -2.4073 -2.1383 1.68523 1.35904
1.89831 1.05611 -2.40743 -2.13766 1.68557 1.3582
1.89823 1.05579 -2.40756 -2.13702 1.68592 1.35736
1.89814 1.05546 -2.4077 -2.13638 1.68626 1.35652
1.89805 1.05513 -2.40783 -2.13574 1.68661 1.35567
1.89797 1.05481 -2.40797 -2.1351 1.68695 1.35483
1.89788 1.05448 -2.4081 -2.13446 1.68729 1.35399
1.89779 1.05416 -2.40823 -2.13382 1.68764 1.35315
1.89771 1.05383 -2.40837 -2.13318 1.68798 1.35231
1.89762 1.0535 -2.4085 -2.13254 1.68833 1.35147
1.89753 1.05318 -2.40864 -2.1319 1.68867 1.35063
1.89745 1.05285 -2.40877 -2.13126 1.68902 1.34979
1.89736 1.05252 -2.4089 -2.13062 1.68936 1.34895
1.89727 1.0522 -2.40904 -2.12998 1.68971 1.34811
1.89718 1.05187 -2.40917 -2.12934 1.69005 1.34727
1.8971 1.05155 -2.40931 -2.1287 1.6904 1.34643
1.89701 1.05122 -2.40944 -2.12806 1.69074 1.34559
1.89692 1.05089 -2.40957 -2.12742 1.69108 1.34475
1.89684 1.05057 -2.40971 -2.12678 1.69143 1.34391
1.89675 1.05024 -2.40984 -2.12614 1.69177 1.34307
1.89666 1.04991 -2.40997 -2.1255 1.69212 1.34223
1.89658 1.04959 -2.41011 -2.12486 1.69246 1.34139
1.89649 1.04926 -2.41024 -2.12422 1.69281 1.34055
1.8964 1.04894 -2.41038 -2.12358 1.69315 1.33971
1.89631 1.04861 -2.41051 -2.12294 1.6935 1.33887
1.89623 1.04828 -2.41064 -2.1223 1.69384 1.33802
1.89614 1.04796 -2.41078 -2.12166 1.69418 1.33718
1.89605 1.04763 -2.41091 -2.12102 1.69453 1.33634
1.89597 1.04731 -2.41105 -2.12038 1.69487 1.3355
1.89588 1.04698 -2.41118 -2.11974 1.69522 1.33466
1.89579 1.04665 -2.41131 -2.1191 1.69556 1.33382
1.89571 1.04633 -2.41145 -2.11846 1.69591 1.33298
1.89562 1.046 -2.41158 -2.11782 1.69625 1.33214
1.89553 1.04567 -2.41172 -2.11718 1.6966 1.3313
1.89544 1.04535 -2.41185 -2.11654 1.69694 1.33046
1.89536 1.04502 -2.41198 -2.1159 1.69729 1.32962
1.89527 1.0447 -2.41212 -2.11526 1.69763 1.32878
1.89518 1.04437 -2.41225 -2.11462 1.69797 1.32794
1.8951 1.04404 -2.41239 -2.11398 1.69832 1.3271
1.89501 1.04372 -2.41252 -2.11334 1.69866 1.32626
1.89492 1.04339 -2.41265 -2.1127 1.69901 1.32542
1.89484 1.04306 -2.41279 -2.11206 1.69935 1.32458
1.89475 1.04274 -2.41292 -2.11142 1.6997 1.32374
1.89466 1.04241 -2.41305 -2.11078 1.70004 1.3229
1.89457 1.04209 -2.41319 -2.11014 1.70039 1.32206
1.89449 1.04176 -2.41332 -2.1095 1.70073 1.32122
1.8944 1.04143 -2.41346 -2.10886 1.70108 1.32037
1.89431 1.04111 -2.41359 -2.10822 1.70142 1.31953
1.89423 1.04078 -2.41372 -2.10758 1.70176 1.31869
1.89414 1.04046 -2.41386 -2.10694 1.70211 1.31785
1.89405 1.04013 -2.41399 -2.1063 1.70245 1.31701
1.89397 1.0398 -2.41413 -2.10566 1.7028 1.31617
1.89388 1.03948 -2.41426 -2.10502 1.70314 1.31533
1.89379 1.03915 -2.41439 -2.10438 1.70349 1.31449
1.8937 1.03882 -2.41453 -2.10374 1.70383 1.31365
1.89362 1.0385 -2.41466 -2.1031 1.70418 1.31281
1.89353 1.03817 -2.4148 -2.10246 1.70452 1.31197
1.89344 1.03785 -2.41493 -2.10182 1.70486 1.31113
1.89336 1.03752 -2.41506 -2.10118 1.70521 1.31029
1.89327 1.03719 -2.4152 -2.10054 1.70555 1.30945
1.89318 1.03687 -2.41533 -2.0999 1.7059 1.30861
1.8931 1.03654 -2.41546 -2.09926 1.70624 1.30777
1.89301 1.03621 -2.4156 -2.09862 1.70659 1.30693
1.89292 1.03589 -2.41573 -2.09798 1.70693 1.30609
1.89283 1.03556 -2.41587 -2.09734 1.70728 1.30525
1.89275 1.03524 -2.416 -2.0967 1.70762 1.30441
1.89266 1.03491 -2.41613 -2.09606 1.70797 1.30357
1.89257 1.03458 -2.41627 -2.09542 1.70831 1.30272
1.89249 1.03426 -2.4164 -2.09478 1.70865 1.30188
1.8924 1.03393 -2.41654 -2.09414 1.709 1.30104
1.89231 1.03361 -2.41667 -2.0935 1.70934 1.3002
1.89223 1.03328 -2.4168 -2.09286 1.70969 1.29936
1.89214 1.03295 -2.41694 -2.09222 1.71003 1.29852
1.89205 1.03263 -2.41707 -2.09158 1.71038 1.29768
1.89196 1.0323 -2.41721 -2.09094 1.71072 1.29684
1.89188 1.03197 -2.41734 -2.0903 1.71107 1.296
1.89179 1.03165 -2.41747 -2.08966 1.71141 1.29516
1.8917 1.03132 -2.41761 -2.08902 1.71176 1.29432
1.89162 1.031 -2.41774 -2.08838 1.7121 1.29348
1.89153 1.03067 -2.41787 -2.08774 1.71244 1.29264
1.89144 1.03034 -2.41801 -2.0871 1.71279 1.2918
1.89136 1.03002 -2.41814 -2.08646 1.71313 1.29096
1.89127 1.02969 -2.41828 -2.08582 1.71348 1.29012
1.89118 1.02936 -2.41841 -2.08518 1.71382 1.28928
1.89109 1.02904 -2.41854 -2.08454 1.71417 1.28844
1.89101 1.02871 -2.41868 -2.0839 1.71451 1.2876
1.89092 1.02839 -2.41881 -2.08326 1.71486 1.28676
1.89083 1.02806 -2.41895 -2.08262 1.7152 1.28592
1.89075 1.02773 -2.41908 -2.08198 1.71554 1.28507
1.89066 1.02741 -2.41921 -2.08134 1.71589 1.28423
1.89057 1.02708 -2.41935 -2.0807 1.71623 1.28339
1.89049 1.02676 -2.41948 -2.08006 1.71658 1.28255
1.8904 1.02643 -2.41962 -2.07942 1.71692 1.28171
1.89031 1.0261 -2.41975 -2.07878 1.71727 1.28087
1.89022 1.02578 -2.41988 -2.07814 1.71761 1.28003
1.89014 1.02545 -2.42002 -2.0775 1.71796 1.27919
1.89005 1.02512 -2.42015 -2.07686 1.7183 1.27835
1.88996 1.0248 -2.42028 -2.07622 1.71865 1.27751
1.88988 1.02447 -2.42042 -2.07558 1.71899 1.27667
1.88979 1.02415 -2.42055 -2.07494 1.71933 1.27583
1.8897 1.02382 -2.42069 -2.0743 1.71968 1.27499
1.88962 1.02349 -2.42082 -2.07366 1.72002 1.27415
1.88953 1.02317 -2.42095 -2.07302 1.72037 1.27331
1.88944 1.02284 -2.42109 -2.07238 1.72071 1.27247
1.88935 1.02252 -2.42122 -2.07174 1.72106 1.27163
1.88927 1.02219 -2.42136 -2.0711 1.7214 1.27079
1.88918 1.02186 -2.42149 -2.07046 1.72175 1.26995
1.88909 1.02154 -2.42162 -2.06982 1.72209 1.26911
1.88901 1.02121 -2.42176 -2.06918 1.72243 1.26827
1.88892 1.02088 -2.42189 -2.06855 1.72278 1.26742
1.88883 1.02056 -2.42203 -2.06791 1.72312 1.26658
1.88875 1.02023 -2.42216 -2.06727 1.72347 1.26574
1.88866 1.01991 -2.42229 -2.06663 1.72381 1.2649
1.88857 1.01958 -2.42243 -2.06599 1.72416 1.26406
1.88848 1.01925 -2.42256 -2.06535 1.7245 1.26322
1.8884 1.01893 -2.4227 -2.06471 1.72485 1.26238
1.88831 1.0186 -2.42283 -2.06407 1.72519 1.26154
1.88822 1.01827 -2.42296 -2.06343 1.72554 1.2607
1.88814 1.01795 -2.4231 -2.06279 1.72588 1.25986
1.88805 1.01762 -2.42323 -2.06215 1.72622 1.25902
1.88796 1.0173 -2.42336 -2.06151 1.72657 1.25818
1.88788 1.01697 -2.4235 -2.06087 1.72691 1.25734
1.88779 1.01664 -2.42363 -2.06023 1.72726 1.2565
1.8877 1.01632 -2.42377 -2.05959 1.7276 1.25566
1.88762 1.01599 -2.4239 -2.05895 1.72795 1.25482
1.88753 1.01567 -2.42403 -2.05831 1.72829 1.25398
1.88744 1.01534 -2.42417 -2.05767 1.72864 1.25314
1.88735 1.01501 -2.4243 -2.05703 1.72898 1.2523
1.88727 1.01469 -2.42444 -2.05639 1.72933 1.25146
1.88718 1.01436 -2.42457 -2.05575 1.72967 1.25062
1.88709 1.01403 -2.4247 -2.05511 1.73001 1.24977
1.88701 1.01371 -2.42484 -2.05447 1.73036 1.24893
1.88692 1.01338 -2.42497 -2.05383 1.7307 1.24809
1.88683 1.01306 -2.42511 -2.05319 1.73105 1.24725
1.88675 1.01273 -2.42524 -2.05255 1.73139 1.24641
1.88666 1.0124 -2.42537 -2.05191 1.73174 1.24557
1.88657 1.01208 -2.42551 -2.05127 1.73208 1.24473
1.88648 1.01175 -2.42564 -2.05063 1.73243 1.24389
1.8864 1.01142 -2.42577 -2.04999 1.73277 1.24305
1.88631 1.0111 -2.42591 -2.04935 1.73311 1.24221
1.88622 1.01077 -2.42604 -2.04871 1.73346 1.24137
1.88614 1.01045 -2.42618 -2.04807 1.7338 1.24053
1.88605 1.01012 -2.42631 -2.04743 1.73415 1.23969
1.88596 1.00979 -2.42644 -2.04679 1.73449 1.23885
1.88588 1.00947 -2.42658 -2.04615 1.73484 1.23801
1.88579 1.00914 -2.42671 -2.04551 1.73518 1.23717
1.8857 1.00882 -2.42685 -2.04487 1.73553 1.23633
1.88561 1.00849 -2.42698 -2.04423 1.73587 1.23549
1.88553 1.00816 -2.42711 -2.04359 1.73622 1.23465
1.88544 1.00784 -2.42725 -2.04295 1.73656 1.23381
1.88535 1.00751 -2.42738 -2.04231 1.7369 1.23297
1.88527 1.00718 -2.42752 -2.04167 1.73725 1.23212
1.88518 1.00686 -2.42765 -2.04103 1.73759 1.23128
1.88509 1.00653 -2.42778 -2.04039 1.73794 1.23044
1.88501 1.00621 -2.42792 -2.03975 1.73828 1.2296
1.88492 1.00588 -2.42805 -2.03911 1.73863 1.22876
1.88483 1.00555 -2.42818 -2.03847 1.73897 1.22792
1.88474 1.00523 -2.42832 -2.03783 1.73932 1.22708
1.88466 1.0049 -2.42845 -2.03719 1.73966 1.22624
1.88457 1.00457 -2.42859 -2.03655 1.74001 1.2254
1.88448 1.00425 -2.42872 -2.03591 1.74035 1.22456
1.8844 1.00392 -2.42885 -2.03527 1.74069 1.22372
1.88431 1.0036 -2.42899 -2.03463 1.74104 1.22288
1.88422 1.00327 -2.42912 -2.03399 1.74138 1.22204
1.88414 1.00294 -2.42926 -2.03335 1.74173 1.2212
1.88405 1.00262 -2.42939 -2.03271 1.74207 1.22036
1.88396 1.00229 -2.42952 -2.03207 1.74242 1.21952
1.88387 1.00197 -2.42966 -2.03143 1.74276 1.21868
1.88379 1.00164 -2.42979 -2.03079 1.74311 1.21784
1.8837 1.00131 -2.42993 -2.03015 1.74345 1.217
1.88361 1.00099 -2.43006 -2.02951 1.74379 1.21616
1.88353 1.00066 -2.43019 -2.02887 1.74414 1.21532
1.88344 1.00033 -2.43033 -2.02823 1.74448 1.21447
1.88335 1.00001 -2.43046 -2.02759 1.74483 1.21363
1.88327 0.999682 -2.4306 -2.02695 1.74517 1.21279
1.88318 0.999356 -2.43073 -2.02631 1.74552 1.21195
1.88309 0.99903 -2.43086 -2.02567 1.74586 1.21111
1.883 0.998704 -2.431 -2.02503 1.74621 1.21027
1.88292 0.998377 -2.43113 -2.02439 1.74655 1.20943
1.88283 0.998051 -2.43126 -2.02375 1.7469 1.20859
1.88274 0.997725 -2.4314 -2.02311 1.74724 1.20775
1.88266 0.997399 -2.43153 -2.02247 1.74758 1.20691
1.88257 0.997073 -2.43167 -2.02183 1.74793 1.20607
1.88248 0.996746 -2.4318 -2.02119 1.74827 1.20523
1.8824 0.99642 -2.43193 -2.02055 1.74862 1.20439
1.88231 0.996094 -2.43207 -2.01991 1.74896 1.20355
1.88222 0.995768 -2.4322 -2.01927 1.74931 1.20271
1.88213 0.995442 -2.43234 -2.01863 1.74965 1.20187
1.88205 0.995116 -2.43247 -2.01799 1.75 1.20103
1.88196 0.994789 -2.4326 -2.01735 1.75034 1.20019
1.88187 0.994463 -2.43274 -2.01671 1.75068 1.19935
1.88179 0.994137 -2.43287 -2.01607 1.75103 1.19851
1.8817 0.993811 -2.43301 -2.01543 1.75137 1.19767
1.88161 0.993485 -2.43314 -2.01479 1.75172 1.19682
1.88153 0.993158 -2.43327 -2.01415 1.75206 1.19598
1.88144 0.992832 -2.43341 -2.01351 1.75241 1.19514
1.88135 0.992506 -2.43354 -2.01287 1.75275 1.1943
1.88126 0.99218 -2.43367 -2.01223 1.7531 1.19346
1.88118 0.991854 -2.43381 -2.01159 1.75344 1.19262
1.88109 0.991527 -2.43394 -2.01095 1.75379 1.19178
1.881 0.991201 -2.43408 -2.01031 1.75413 1.19094
1.88092 0.990875 -2.43421 -2.00967 1.75447 1.1901
1.88083 0.990549 -2.43434 -2.00903 1.75482 1.18926
1.88074 0.990223 -2.43448 -2.00839 1.75516 1.18842
1.88066 0.989897 -2.43461 -2.00775 1.75551 1.18758
1.88057 0.98957 -2.43475 -2.00711 1.75585 1.18674
1.88048 0.989244 -2.43488 -2.00647 1.7562 1.1859
1.88039 0.988918 -2.43501 -2.00583 1.75654 1.18506
1.88031 0.988592 -2.43515 -2.00519 1.75689 1.18422
1.88022 0.988266 -2.43528 -2.00455 1.75723 1.18338
1.88013 0.987939 -2.43542 -2.00391 1.75758 1.18254
1.88005 0.987613 -2.43555 -2.00327 1.75792 1.1817
1.87996 0.987287 -2.43568 -2.00263 1.75826 1.18086
1.87987 0.986961 -2.43582 -2.00199 1.75861 1.18002
1.87979 0.986635 -2.43595 -2.00135 1.75895 1.17917
1.8797 0.986309 -2.43608 -2.00071 1.7593 1.17833
1.87961 0.985982 -2.43622 -2.00007 1.75964 1.17749
1.87952 0.985656 -2.43635 -1.99943 1.75999 1.17665
1.87944 0.98533 -2.43649 -1.99879 1.76033 1.17581
1.87935 0.985004 -2.43662 -1.99815 1.76068 1.17497
1.87926 0.984678 -2.43675 -1.99751 1.76102 1.17413
1.87918 0.984351 -2.43689 -1.99687 1.76136 1.17329
1.87909 0.984025 -2.43702 -1.99623 1.76171 1.17245
1.879 0.983699 -2.43716 -1.99559 1.76205 1.17161
1.87892 0.983373 -2.43729 -1.99495 1.7624 1.17077
1.87883 0.983047 -2.43742 -1.99431 1.76274 1.16993
1.87874 0.98272 -2.43756 -1.99367 1.76309 1.16909
1.87865 0.982394 -2.43769 -1.99303 1.76343 1.16825
1.87857 0.982068 -2.43783 -1.99239 1.76378 1.16741
1.87848 0.981742 -2.43796 -1.99175 1.76412 1.16657
1.87839 0.981416 -2.43809 -1.99111 1.76447 1.16573
1.87831 0.98109 -2.43823 -1.99047 1.76481 1.16489
1.87822 0.980763 -2.43836 -1.98983 1.76515 1.16405
1.87813 0.980437 -2.4385 -1.98919 1.7655 1.16321
1.87805 0.980111 -2.43863 -1.98855 1.76584 1.16237
1.87796 0.979785 -2.43876 -1.98791 1.76619 1.16152
1.87787 0.979459 -2.4389 -1.98727 1.76653 1.16068
1.87779 0.979132 -2.43903 -1.98663 1.76688 1.15984
1.8777 0.978806 -2.43916 -1.98599 1.76722 1.159
1.87761 0.97848 -2.4393 -1.98535 1.76757 1.15816
1.87752 0.978154 -2.43943 -1.98471 1.76791 1.15732
1.87744 0.977828 -2.43957 -1.98407 1.76826 1.15648
1.87735 0.977502 -2.4397 -1.98343 1.7686 1.15564
1.87726 0.977175 -2.43983 -1.98279 1.76894 1.1548
1.87718 0.976849 -2.43997 -1.98215 1.76929 1.15396
1.87709 0.976523 -2.4401 -1.98151 1.76963 1.15312
1.877 0.976197 -2.44024 -1.98087 1.76998 1.15228
1.87692 0.975871 -2.44037 -1.98023 1.77032 1.15144
1.87683 0.975544 -2.4405 -1.97959 1.77067 1.1506
1.87674 0.975218 -2.44064 -1.97895 1.77101 1.14976
1.87665 0.974892 -2.44077 -1.97831 1.77136 1.14892
1.87657 0.974566 -2.44091 -1.97767 1.7717 1.14808
1.87648 0.97424 -2.44104 -1.97703 1.77204 1.14724
1.87639 0.973913 -2.44117 -1.97639 1.77239 1.1464
1.87631 0.973587 -2.44131 -1.97575 1.77273 1.14556
1.87622 0.973261 -2.44144 -1.97511 1.77308 1.14472
1.87613 0.972935 -2.44157 -1.97447 1.77342 1.14387
1.87605 0.972609 -2.44171 -1.97383 1.77377 1.14303
1.87596 0.972283 -2.44184 -1.97319 1.77411 1.14219
1.87587 0.971956 -2.44198 -1.97255 1.77446 1.14135
1.87578 0.97163 -2.44211 -1.97191 1.7748 1.14051
1.8757 0.971304 -2.44224 -1.97127 1.77515 1.13967
1.87561 0.970978 -2.44238 -1.97063 1.77549 1.13883
1.87552 0.970652 -2.44251 -1.96999 1.77583 1.13799
1.87544 0.970325 -2.44265 -1.96935 1.77618 1.13715
1.87535 0.969999 -2.44278 -1.96871 1.77652 1.13631
1.87526 0.969673 -2.44291 -1.96807 1.77687 1.13547
1.87518 0.969347 -2.44305 -1.96743 1.77721 1.13463
1.87509 0.969021 -2.44318 -1.96679 1.77756 1.13379
1.875 0.968695 -2.44332 -1.96615 1.7779 1.13295
1.87491 0.968368 -2.44345 -1.96551 1.77825 1.13211
1.87483 0.968042 -2.44358 -1.96487 1.77859 1.13127
1.87474 0.967716 -2.44372 -1.96423 1.77893 1.13043
1.87465 0.96739 -2.44385 -1.96359 1.77928 1.12959
1.87457 0.967064 -2.44398 -1.96295 1.77962 1.12875
1.87448 0.966737 -2.44412 -1.96231 1.77997 1.12791
1.87439 0.966411 -2.44425 -1.96167 1.78031 1.12707
1.87431 0.966085 -2.44439 -1.96103 1.78066 1.12622
1.87422 0.965759 -2.44452 -1.96039 1.781 1.12538
1.87413 0.965433 -2.44465 -1.95975 1.78135 1.12454
1.87404 0.965106 -2.44479 -1.95911 1.78169 1.1237
1.87396 0.96478 -2.44492 -1.95847 1.78204 1.12286
1.87387 0.964454 -2.44506 -1.95783 1.78238 1.12202
1.87378 0.964128 -2.44519 -1.95719 1.78272 1.12118
1.8737 0.963802 -2.44532 -1.95655 1.78307 1.12034
1.87361 0.963476 -2.44546 -1.95591 1.78341 1.1195
1.87352 0.963149 -2.44559 -1.95527 1.78376 1.11866
1.87344 0.962823 -2.44573 -1.95463 1.7841 1.11782
1.87335 0.962497 -2.44586 -1.95399 1.78445 1.11698
1.87326 0.962171 -2.44599 -1.95335 1.78479 1.11614
1.87317 0.961845 -2.44613 -1.95272 1.78514 1.1153
1.87309 0.961518 -2.44626 -1.95208 1.78548 1.11446
1.873 0.961192 -2.44639 -1.95144 1.78583 1.11362
1.87291 0.960866 -2.44653 -1.9508 1.78617 1.11278
1.87283 0.96054 -2.44666 -1.95016 1.78651 1.11194
1.87274 0.960214 -2.4468 -1.94952 1.78686 1.1111
1.87265 0.959887 -2.44693 -1.94888 1.7872 1.11026
1.87257 0.959561 -2.44706 -1.94824 1.78755 1.10942
1.87248 0.959235 -2.4472 -1.9476 1.78789 1.10857
1.87239 0.958909 -2.44733 -1.94696 1.78824 1.10773
1.8723 0.958583 -2.44747 -1.94632 1.78858 1.10689
1.87222 0.958257 -2.4476 -1.94568 1.78893 1.10605
1.87213 0.95793 -2.44773 -1.94504 1.78927 1.10521
1.87204 0.957604 -2.44787 -1.9444 1.78961 1.10437
1.87196 0.957278 -2.448 -1.94376 1.78996 1.10353
1.87187 0.956952 -2.44814 -1.94312 1.7903 1.10269
1.87178 0.956626 -2.44827 -1.94248 1.79065 1.10185
1.8717 0.956299 -2.4484 -1.94184 1.79099 1.10101
1.87161 0.955973 -2.44854 -1.9412 1.79134 1.10017
1.87152 0.955647 -2.44867 -1.94056 1.79168 1.09933
1.87143 0.955321 -2.44881 -1.93992 1.79203 1.09849
1.87135 0.954995 -2.44894 -1.93928 1.79237 1.09765
1.87126 0.954669 -2.44907 -1.93864 1.79272 1.09681
1.87117 0.954342 -2.44921 -1.938 1.79306 1.09597
1.87109 0.954016 -2.44934 -1.93736 1.7934 1.09513
1.871 0.95369 -2.44947 -1.93672 1.79375 1.09429
1.87091 0.953364 -2.44961 -1.93608 1.79409 1.09345
1.87083 0.953038 -2.44974 -1.93544 1.79444 1.09261
1.87074 0.952711 -2.44988 -1.9348 1.79478 1.09177
1.87065 0.952385 -2.45001 -1.93416 1.79513 1.09092
1.87056 0.952059 -2.45014 -1.93352 1.79547 1.09008
1.87048 0.951733 -2.45028 -1.93288 1.79582 1.08924
1.87039 0.951407 -2.45041 -1.93224 1.79616 1.0884
1.8703 0.95108 -2.45055 -1.9316 1.79651 1.08756
1.87022 0.950754 -2.45068 -1.93096 1.79685 1.08672
1.87013 0.950428 -2.45081 -1.93032 1.79719 1.08588
1.87004 0.950102 -2.45095 -1.92968 1.79754 1.08504
1.86996 0.949776 -2.45108 -1.92904 1.79788 1.0842
1.86987 0.94945 -2.45122 -1.9284 1.79823 1.08336
1.86978 0.949123 -2.45135 -1.92776 1.79857 1.08252
1.86969 0.948797 -2.45148 -1.92712 1.79892 1.08168
1.86961 0.948471 -2.45162 -1.92648 1.79926 1.08084
1.86952 0.948145 -2.45175 -1.92584 1.79961 1.08
1.86943 0.947819 -2.45188 -1.9252 1.79995 1.07916
1.86935 0.947492 -2.45202 -1.92456 1.80029 1.07832
1.86926 0.947166 -2.45215 -1.92392 1.80064 1.07748
1.86917 0.94684 -2.45229 -1.92328 1.80098 1.07664
1.86909 0.946514 -2.45242 -1.92264 1.80133 1.0758
1.869 0.946188 -2.45255 -1.922 1.80167 1.07496
1.86891 0.945862 -2.45269 -1.92136 1.80202 1.07412
1.86882 0.945535 -2.45282 -1.92072 1.80236 1.07327
1.86874 0.945209 -2.45296 -1.92008 1.80271 1.07243
1.86865 0.944883 -2.45309 -1.91944 1.80305 1.07159
1.86856 0.944557 -2.45322 -1.9188 1.8034 1.07075
1.86848 0.944231 -2.45336 -1.91816 1.80374 1.06991
1.86839 0.943904 -2.45349 -1.91752 1.80408 1.06907
1.8683 0.943578 -2.45363 -1.91688 1.80443 1.06823
1.86822 0.943252 -2.45376 -1.91624 1.80477 1.06739
1.86813 0.942926 -2.45389 -1.9156 1.80512 1.06655
1.86804 0.9426 -2.45403 -1.91496 1.80546 1.06571
1.86796 0.942273 -2.45416 -1.91432 1.80581 1.06487
1.86787 0.941947 -2.45429 -1.91368 1.80615 1.06403
1.86778 0.941621 -2.45443 -1.91304 1.8065 1.06319
1.86769 0.941295 -2.45456 -1.9124 1.80684 1.06235
1.86761 0.940969 -2.4547 -1.91176 1.80718 1.06151
1.86752 0.940643 -2.45483 -1.91112 1.80753 1.06067
1.86743 0.940316 -2.45496 -1.91048 1.80787 1.05983
1.86735 0.93999 -2.4551 -1.90984 1.80822 1.05899
1.86726 0.939664 -2.45523 -1.9092 1.80856 1.05815
1.86717 0.939338 -2.45537 -1.90856 1.80891 1.05731
1.86709 0.939012 -2.4555 -1.90792 1.80925 1.05647
1.867 0.938685 -2.45563 -1.90728 1.8096 1.05562
1.86691 0.938359 -2.45577 -1.90664 1.80994 1.05478
1.86682 0.938033 -2.4559 -1.906 1.81029 1.05394
1.86674 0.937707 -2.45604 -1.90536 1.81063 1.0531
1.86665 0.937381 -2.45617 -1.90472 1.81097 1.05226
1.86656 0.937055 -2.4563 -1.90408 1.81132 1.05142
1.86648 0.936728 -2.45644 -1.90344 1.81166 1.05058
1.86639 0.936402 -2.45657 -1.9028 1.81201 1.04974
1.8663 0.936076 -2.45671 -1.90216 1.81235 1.0489
1.86622 0.93575 -2.45684 -1.90152 1.8127 1.04806
1.86613 0.935424 -2.45697 -1.90088 1.81304 1.04722
1.86604 0.935097 -2.45711 -1.90024 1.81339 1.04638
1.86595 0.934771 -2.45724 -1.8996 1.81373 1.04554
1.86587 0.934445 -2.45737 -1.89896 1.81408 1.0447
1.86578 0.934119 -2.45751 -1.89832 1.81442 1.04386
1.86569 0.933793 -2.45764 -1.89768 1.81476 1.04302
1.86561 0.933466 -2.45778 -1.89704 1.81511 1.04218
1.86552 0.93314 -2.45791 -1.8964 1.81545 1.04134
1.86543 0.932814 -2.45804 -1.89576 1.8158 1.0405
1.86535 0.932488 -2.45818 -1.89512 1.81614 1.03966
1.86526 0.932162 -2.45831 -1.89448 1.81649 1.03882
1.86517 0.931836 -2.45845 -1.89384 1.81683 1.03797
1.86508 0.931509 -2.45858 -1.8932 1.81718 1.03713
1.865 0.931183 -2.45871 -1.89256 1.81752 1.03629
1.86491 0.930857 -2.45885 -1.89192 1.81786 1.03545
1.86482 0.930531 -2.45898 -1.89128 1.81821 1.03461
1.86474 0.930205 -2.45912 -1.89064 1.81855 1.03377
1.86465 0.929878 -2.45925 -1.89 1.8189 1.03293
1.86456 0.929552 -2.45938 -1.88936 1.81924 1.03209
1.86448 0.929226 -2.45952 -1.88872 1.81959 1.03125
1.86439 0.9289 -2.45965 -1.88808 1.81993 1.03041
1.8643 0.928574 -2.45978 -1.88744 1.82028 1.02957
1.86421 0.928248 -2.45992 -1.8868 1.82062 1.02873
1.86413 0.927921 -2.46005 -1.88616 1.82097 1.02789
1.86404 0.927595 -2.46019 -1.88552 1.82131 1.02705
1.86395 0.927269 -2.46032 -1.88488 1.82165 1.02621
1.86387 0.926943 -2.46045 -1.88424 1.822 1.02537
1.86378 0.926617 -2.46059 -1.8836 1.82234 1.02453
1.86369 0.92629 -2.46072 -1.88296 1.82269 1.02369
1.86361 0.925964 -2.46086 -1.88232 1.82303 1.02285
1.86352 0.925638 -2.46099 -1.88168 1.82338 1.02201
1.86343 0.925312 -2.46112 -1.88104 1.82372 1.02117
1.86334 0.924986 -2.46126 -1.8804 1.82407 1.02032
1.86326 0.924659 -2.46139 -1.87976 1.82441 1.01948
1.86317 0.924333 -2.46153 -1.87912 1.82476 1.01864
1.86308 0.924007 -2.46166 -1.87848 1.8251 1.0178
1.863 0.923681 -2.46179 -1.87784 1.82544 1.01696
1.86291 0.923355 -2.46193 -1.8772 1.82579 1.01612
1.86282 0.923029 -2.46206 -1.87656 1.82613 1.01528
1.86274 0.922702 -2.46219 -1.87592 1.82648 1.01444
1.86265 0.922376 -2.46233 -1.87528 1.82682 1.0136
1.86256 0.92205 -2.46246 -1.87464 1.82717 1.01276
1.86247 0.921724 -2.4626 -1.874 1.82751 1.01192
1.86239 0.921398 -2.46273 -1.87336 1.82786 1.01108
1.8623 0.921071 -2.46286 -1.87272 1.8282 1.01024
1.86221 0.920745 -2.463 -1.87208 1.82854 1.0094
1.86213 0.920419 -2.46313 -1.87144 1.82889 1.00856
1.86204 0.920093 -2.46327 -1.8708 1.82923 1.00772
1.86195 0.919767 -2.4634 -1.87016 1.82958 1.00688
1.86187 0.919441 -2.46353 -1.86952 1.82992 1.00604
1.86178 0.919114 -2.46367 -1.86888 1.83027 1.0052
1.86169 0.918788 -2.4638 -1.86824 1.83061 1.00436
1.8616 0.918462 -2.46394 -1.8676 1.83096 1.00352
1.86152 0.918136 -2.46407 -1.86696 1.8313 1.00267
1.86143 0.91781 -2.4642 -1.86632 1.83165 1.00183
1.86134 0.917483 -2.46434 -1.86568 1.83199 1.00099
1.86126 0.917157 -2.46447 -1.86504 1.83233 1.00015
1.86117 0.916831 -2.46461 -1.8644 1.83268 0.999313
1.86108 0.916505 -2.46474 -1.86376 1.83302 0.998472
1.861 0.916179 -2.46487 -1.86312 1.83337 0.997632
1.86091 0.915852 -2.46501 -1.86248 1.83371 0.996792
1.86082 0.915526 -2.46514 -1.86184 1.83406 0.995951
1.86073 0.9152 -2.46527 -1.8612 1.8344 0.995111
1.86065 0.914874 -2.46541 -1.86056 1.83475 0.99427
1.86056 0.914548 -2.46554 -1.85992 1.83509 0.99343
1.86047 0.914222 -2.46568 -1.85928 1.83543 0.992589
1.86039 0.913895 -2.46581 -1.85864 1.83578 0.991749
1.8603 0.913569 -2.46594 -1.858 1.83612 0.990908
1.86021 0.913243 -2.46608 -1.85736 1.83647 0.990068
1.86013 0.912917 -2.46621 -1.85672 1.83681 0.989227
1.86004 0.912591 -2.46635 -1.85608 1.83716 0.988387
1.85995 0.912264 -2.46648 -1.85544 1.8375 0.987546
1.85986 0.911938 -2.46661 -1.8548 1.83785 0.986706
1.85978 0.911612 -2.46675 -1.85416 1.83819 0.985865
1.85969 0.911286 -2.46688 -1.85352 1.83854 0.985025
1.8596 0.91096 -2.46702 -1.85288 1.83888 0.984184
1.85952 0.910634 -2.46715 -1.85224 1.83922 0.983344
1.85943 0.910307 -2.46728 -1.8516 1.83957 0.982503
1.85934 0.909981 -2.46742 -1.85096 1.83991 0.981663
1.85926 0.909655 -2.46755 -1.85032 1.84026 0.980822
1.85917 0.909329 -2.46768 -1.84968 1.8406 0.979982
1.85908 0.909003 -2.46782 -1.84904 1.84095 0.979142
1.85899 0.908676 -2.46795 -1.8484 1.84129 0.978301
1.85891 0.90835 -2.46809 -1.84776 1.84164 0.977461
1.85882 0.908024 -2.46822 -1.84712 1.84198 0.97662
1.85873 0.907698 -2.46835 -1.84648 1.84233 0.97578
1.85865 0.907372 -2.46849 -1.84584 1.84267 0.974939
1.85856 0.907045 -2.46862 -1.8452 1.84301 0.974099
1.85847 0.906719 -2.46876 -1.84456 1.84336 0.973258
1.85839 0.906393 -2.46889 -1.84392 1.8437 0.972418
1.8583 0.906067 -2.46902 -1.84328 1.84405 0.971577
1.85821 0.905741 -2.46916 -1.84264 1.84439 0.970737
1.85813 0.905415 -2.46929 -1.842 1.84474 0.969896
1.85804 0.905088 -2.46943 -1.84136 1.84508 0.969056
1.85795 0.904762 -2.46956 -1.84072 1.84543 0.968215
1.85786 0.904436 -2.46969 -1.84008 1.84577 0.967375
1.85778 0.90411 -2.46983 -1.83944 1.84611 0.966534
1.85769 0.903784 -2.46996 -1.8388 1.84646 0.965694
1.8576 0.903457 -2.47009 -1.83816 1.8468 0.964853
1.85752 0.903131 -2.47023 -1.83752 1.84715 0.964013
1.85743 0.902805 -2.47036 -1.83689 1.84749 0.963172
1.85734 0.902479 -2.4705 -1.83625 1.84784 0.962332
1.85726 0.902153 -2.47063 -1.83561 1.84818 0.961492
1.85717 0.901827 -2.47076 -1.83497 1.84853 0.960651
1.85708 0.9015 -2.4709 -1.83433 1.84887 0.959811
1.85699 0.901174 -2.47103 -1.83369 1.84922 0.95897
1.85691 0.900848 -2.47117 -1.83305 1.84956 0.95813
1.85682 0.900522 -2.4713 -1.83241 1.8499 0.957289
1.85673 0.900196 -2.47143 -1.83177 1.85025 0.956449
1.85665 0.899869 -2.47157 -1.83113 1.85059 0.955608
1.85656 0.899543 -2.4717 -1.83049 1.85094 0.954768
1.85647 0.899217 -2.47184 -1.82985 1.85128 0.953927
1.85639 0.898891 -2.47197 -1.82921 1.85163 0.953087
1.8563 0.898565 -2.4721 -1.82857 1.85197 0.952246
1.85621 0.898238 -2.47224 -1.82793 1.85232 0.951406
1.85612 0.897912 -2.47237 -1.82729 1.85266 0.950565
1.85604 0.897586 -2.47251 -1.82665 1.85301 0.949725
1.85595 0.89726 -2.47264 -1.82601 1.85335 0.948884
1.85586 0.896934 -2.47277 -1.82537 1.85369 0.948044
1.85578 0.896608 -2.47291 -1.82473 1.85404 0.947203
1.85569 0.896281 -2.47304 -1.82409 1.85438 0.946363
1.8556 0.895955 -2.47317 -1.82345 1.85473 0.945522
1.85552 0.895629 -2.47331 -1.82281 1.85507 0.944682
1.85543 0.895303 -2.47344 -1.82217 1.85542 0.943842
1.85534 0.894977 -2.47358 -1.82153 1.85576 0.943001
1.85525 0.89465 -2.47371 -1.82089 1.85611 0.942161
1.85517 0.894324 -2.47384 -1.82025 1.85645 0.94132
1.85508 0.893998 -2.47398 -1.81961 1.85679 0.94048
1.85499 0.893672 -2.47411 -1.81897 1.85714 0.939639
1.85491 0.893346 -2.47425 -1.81833 1.85748 0.938799
1.85482 0.89302 -2.47438 -1.81769 1.85783 0.937958
1.85473 0.892693 -2.47451 -1.81705 1.85817 0.937118
1.85465 0.892367 -2.47465 -1.81641 1.85852 0.936277
1.85456 0.892041 -2.47478 -1.81577 1.85886 0.935437
1.85447 0.891715 -2.47492 -1.81513 1.85921 0.934596
1.85438 0.891389 -2.47505 -1.81449 1.85955 0.933756
1.8543 0.891062 -2.47518 -1.81385 1.8599 0.932915
1.85421 0.890736 -2.47532 -1.81321 1.86024 0.932075
1.85412 0.89041 -2.47545 -1.81257 1.86058 0.931234
1.85404 0.890084 -2.47558 -1.81193 1.86093 0.930394
1.85395 0.889758 -2.47572 -1.81129 1.86127 0.929553
1.85386 0.889431 -2.47585 -1.81065 1.86162 0.928713
1.85378 0.889105 -2.47599 -1.81001 1.86196 0.927872
1.85369 0.888779 -2.47612 -1.80937 1.86231 0.927032
1.8536 0.888453 -2.47625 -1.80873 1.86265 0.926192
1.85351 0.888127 -2.47639 -1.80809 1.863 0.925351
1.85343 0.887801 -2.47652 -1.80745 1.86334 0.924511
1.85334 0.887474 -2.47666 -1.80681 1.86368 0.92367
1.85325 0.887148 -2.47679 -1.80617 1.86403 0.92283
1.85317 0.886822 -2.47692 -1.80553 1.86437 0.921989
1.85308 0.886496 -2.47706 -1.80489 1.86472 0.921149
1.85299 0.88617 -2.47719 -1.80425 1.86506 0.920308
1.85291 0.885843 -2.47733 -1.80361 1.86541 0.919468
1.85282 0.885517 -2.47746 -1.80297 1.86575 0.918627
1.85273 0.885191 -2.47759 -1.80233 1.8661 0.917787
1.85264 0.884865 -2.47773 -1.80169 1.86644 0.916946
1.85256 0.884539 -2.47786 -1.80105 1.86679 0.916106
1.85247 0.884212 -2.47799 -1.80041 1.86713 0.915265
1.85238 0.883886 -2.47813 -1.79977 1.86747 0.914425
1.8523 0.88356 -2.47826 -1.79913 1.86782 0.913584
1.85221 0.883234 -2.4784 -1.79849 1.86816 0.912744
1.85212 0.882908 -2.47853 -1.79785 1.86851 0.911903
1.85204 0.882582 -2.47866 -1.79721 1.86885 0.911063
1.85195 0.882255 -2.4788 -1.79657 1.8692 0.910222
1.85186 0.881929 -2.47893 -1.79593 1.86954 0.909382
1.85177 0.881603 -2.47907 -1.79529 1.86989 0.908542
1.85169 0.881277 -2.4792 -1.79465 1.87023 0.907701
1.8516 0.880951 -2.47933 -1.79401 1.87058 0.906861
1.85151 0.880624 -2.47947 -1.79337 1.87092 0.90602
1.85143 0.880298 -2.4796 -1.79273 1.87126 0.90518
1.85134 0.879972 -2.47974 -1.79209 1.87161 0.904339
1.85125 0.879646 -2.47987 -1.79145 1.87195 0.903499
1.85117 0.87932 -2.48 -1.79081 1.8723 0.902658
1.85108 0.878994 -2.48014 -1.79017 1.87264 0.901818
1.85099 0.878667 -2.48027 -1.78953 1.87299 0.900977
1.8509 0.878341 -2.4804 -1.78889 1.87333 0.900137
1.85082 0.878015 -2.48054 -1.78825 1.87368 0.899296
1.85073 0.877689 -2.48067 -1.78761 1.87402 0.898456
1.85064 0.877363 -2.48081 -1.78697 1.87436 0.897615
1.85056 0.877036 -2.48094 -1.78633 1.87471 0.896775
1.85047 0.87671 -2.48107 -1.78569 1.87505 0.895934
1.85038 0.876384 -2.48121 -1.78505 1.8754 0.895094
1.8503 0.876058 -2.48134 -1.78441 1.87574 0.894253
1.85021 0.875732 -2.48148 -1.78377 1.87609 0.893413
1.85012 0.875405 -2.48161 -1.78313 1.87643 0.892572
1.85003 0.875079 -2.48174 -1.78249 1.87678 0.891732
1.84995 0.874753 -2.48188 -1.78185 1.87712 0.890892
1.84986 0.874427 -2.48201 -1.78121 1.87747 0.890051
1.84977 0.874101 -2.48215 -1.78057 1.87781 0.889211
1.84969 0.873775 -2.48228 -1.77993 1.87815 0.88837
1.8496 0.873448 -2.48241 -1.77929 1.8785 0.88753
1.84951 0.873122 -2.48255 -1.77865 1.87884 0.886689
1.84943 0.872796 -2.48268 -1.77801 1.87919 0.885849
1.84934 0.87247 -2.48282 -1.77737 1.87953 0.885008
1.84925 0.872144 -2.48295 -1.77673 1.87988 0.884168
1.84916 0.871817 -2.48308 -1.77609 1.88022 0.883327
1.84908 0.871491 -2.48322 -1.77545 1.88057 0.882487
1.84899 0.871165 -2.48335 -1.77481 1.88091 0.881646
1.8489 0.870839 -2.48348 -1.77417 1.88126 0.880806
1.84882 0.870513 -2.48362 -1.77353 1.8816 0.879965
1.84873 0.870187 -2.48375 -1.77289 1.88194 0.879125
1.84864 0.86986 -2.48389 -1.77225 1.88229 0.878284
1.84856 0.869534 -2.48402 -1.77161 1.88263 0.877444
1.84847 0.869208 -2.48415 -1.77097 1.88298 0.876603
1.84838 0.868882 -2.48429 -1.77033 1.88332 0.875763
1.8483 0.868556 -2.48442 -1.76969 1.88367 0.874922
1.84821 0.868229 -2.48456 -1.76905 1.88401 0.874082
1.84812 0.867903 -2.48469 -1.76841 1.88436 0.873242
1.84803 0.867577 -2.48482 -1.76777 1.8847 0.872401
1.84795 0.867251 -2.48496 -1.76713 1.88504 0.871561
1.84786 0.866925 -2.48509 -1.76649 1.88539 0.87072
1.84777 0.866598 -2.48523 -1.76585 1.88573 0.86988
1.84769 0.866272 -2.48536 -1.76521 1.88608 0.869039
1.8476 0.865946 -2.48549 -1.76457 1.88642 0.868199
1.84751 0.86562 -2.48563 -1.76393 1.88677 0.867358
1.84743 0.865294 -2.48576 -1.76329 1.88711 0.866518
1.84734 0.864968 -2.48589 -1.76265 1.88746 0.865677
1.84725 0.864641 -2.48603 -1.76201 1.8878 0.864837
1.84716 0.864315 -2.48616 -1.76137 1.88815 0.863996
1.84708 0.863989 -2.4863 -1.76073 1.88849 0.863156
1.84699 0.863663 -2.48643 -1.76009 1.88883 0.862315
1.8469 0.863337 -2.48656 -1.75945 1.88918 0.861475
1.84682 0.86301 -2.4867 -1.75881 1.88952 0.860634
1.84673 0.862684 -2.48683 -1.75817 1.88987 0.859794
1.84664 0.862358 -2.48697 -1.75753 1.89021 0.858953
1.84656 0.862032 -2.4871 -1.75689 1.89056 0.858113
1.84647 0.861706 -2.48723 -1.75625 1.8909 0.857272
1.84638 0.86138 -2.48737 -1.75561 1.89125 0.856432
1.84629 0.861053 -2.4875 -1.75497 1.89159 0.855592
1.84621 0.860727 -2.48764 -1.75433 1.89193 0.854751
1.84612 0.860401 -2.48777 -1.75369 1.89228 0.853911
1.84603 0.860075 -2.4879 -1.75305 1.89262 0.85307
1.84595 0.859749 -2.48804 -1.75241 1.89297 0.85223
1.84586 0.859422 -2.48817 -1.75177 1.89331 0.851389
1.84577 0.859096 -2.4883 -1.75113 1.89366 0.850549
1.84569 0.85877 -2.48844 -1.75049 1.894 0.849708
1.8456 0.858444 -2.48857 -1.74985 1.89435 0.848868
1.84551 0.858118 -2.48871 -1.74921 1.89469 0.848027
1.84542 0.857791 -2.48884 -1.74857 1.89504 0.847187
1.84534 0.857465 -2.48897 -1.74793 1.89538 0.846346
1.84525 0.857139 -2.48911 -1.74729 1.89572 0.845506
1.84516 0.856813 -2.48924 -1.74665 1.89607 0.844665
1.84508 0.856487 -2.48938 -1.74601 1.89641 0.843825
1.84499 0.856161 -2.48951 -1.74537 1.89676 0.842984
1.8449 0.855834 -2.48964 -1.74473 1.8971 0.842144
1.84482 0.855508 -2.48978 -1.74409 1.89745 0.841303
1.84473 0.855182 -2.48991 -1.74345 1.89779 0.840463
1.84464 0.854856 -2.49005 -1.74281 1.89814 0.839622
1.84455 0.85453 -2.49018 -1.74217 1.89848 0.838782
1.84447 0.854203 -2.49031 -1.74153 1.89883 0.837942
1.84438 0.853877 -2.49045 -1.74089 1.89917 0.837101
1.84429 0.853551 -2.49058 -1.74025 1.89951 0.836261
1.84421 0.853225 -2.49072 -1.73961 1.89986 0.83542
1.84412 0.852899 -2.49085 -1.73897 1.9002 0.83458
1.84403 0.852573 -2.49098 -1.73833 1.90055 0.833739
1.84395 0.852246 -2.49112 -1.73769 1.90089 0.832899
1.84386 0.85192 -2.49125 -1.73705 1.90124 0.832058
1.84377 0.851594 -2.49138 -1.73641 1.90158 0.831218
1.84368 0.851268 -2.49152 -1.73577 1.90193 0.830377
1.8436 0.850942 -2.49165 -1.73513 1.90227 0.829537
1.84351 0.850615 -2.49179 -1.73449 1.90261 0.828696
1.84342 0.850289 -2.49192 -1.73385 1.90296 0.827856
1.84334 0.849963 -2.49205 -1.73321 1.9033 0.827015
1.84325 0.849637 -2.49219 -1.73257 1.90365 0.826175
1.84316 0.849311 -2.49232 -1.73193 1.90399 0.825334
1.84308 0.848984 -2.49246 -1.73129 1.90434 0.824494
1.84299 0.848658 -2.49259 -1.73065 1.90468 0.823653
1.8429 0.848332 -2.49272 -1.73001 1.90503 0.822813
1.84281 0.848006 -2.49286 -1.72937 1.90537 0.821972
1.84273 0.84768 -2.49299 -1.72873 1.90572 0.821132
1.84264 0.847354 -2.49313 -1.72809 1.90606 0.820292
1.84255 0.847027 -2.49326 -1.72745 1.9064 0.819451
1.84247 0.846701 -2.49339 -1.72681 1.90675 0.818611
1.84238 0.846375 -2.49353 -1.72617 1.90709 0.81777
1.84229 0.846049 -2.49366 -1.72553 1.90744 0.81693
1.84221 0.845723 -2.49379 -1.72489 1.90778 0.816089
1.84212 0.845396 -2.49393 -1.72425 1.90813 0.815249
1.84203 0.84507 -2.49406 -1.72361 1.90847 0.814408
1.84194 0.844744 -2.4942 -1.72297 1.90882 0.813568
1.84186 0.844418 -2.49433 -1.72233 1.90916 0.812727
1.84177 0.844092 -2.49446 -1.72169 1.90951 0.811887
1.84168 0.843766 -2.4946 -1.72106 1.90985 0.811046
1.8416 0.843439 -2.49473 -1.72042 1.91019 0.810206
1.84151 0.843113 -2.49487 -1.71978 1.91054 0.809365
1.84142 0.842787 -2.495 -1.71914 1.91088 0.808525
1.84134 0.842461 -2.49513 -1.7185 1.91123 0.807684
