1.50759 1.90561 -1.89758 1.99039 0.788641 3.13123
1.50781 1.9056 -1.89673 1.99039 0.788641 3.13123
1.50803 1.9056 -1.89588 1.99039 0.788641 3.13123
1.50825 1.9056 -1.89504 1.99039 0.788641 3.13123
1.50847 1.9056 -1.89419 1.99039 0.788641 3.13123
1.50869 1.9056 -1.89334 1.99039 0.788641 3.13123
1.50891 1.9056 -1.8925 1.99039 0.788641 3.13123
1.50913 1.90559 -1.89165 1.99039 0.788641 3.13123
1.50935 1.90559 -1.8908 1.99039 0.788641 3.13123
1.50957 1.90559 -1.88995 1.99039 0.788641 3.13123
1.50979 1.90559 -1.88911 1.99039 0.788641 3.13123
1.51001 1.90559 -1.88826 1.99039 0.788641 3.13123
1.51023 1.90559 -1.88741 1.99039 0.788641 3.13123
1.51045 1.90558 -1.88656 1.99039 0.788641 3.13123
1.51067 1.90558 -1.88572 1.99039 0.788641 3.13123
1.51089 1.90558 -1.88487 1.99039 0.788641 3.13123
1.51111 1.90558 -1.88402 1.99039 0.788641 3.13123
1.51133 1.90558 -1.88317 1.99039 0.788641 3.13123
1.51155 1.90558 -1.88233 1.99039 0.788641 3.13123
1.51177 1.90557 -1.88148 1.99039 0.788641 3.13123
1.51199 1.90557 -1.88063 1.99039 0.788641 3.13123
1.51221 1.90557 -1.87978 1.99039 0.788641 3.13123
1.51243 1.90557 -1.87894 1.99039 0.788641 3.13123
1.51265 1.90557 -1.87809 1.99039 0.788641 3.13123
1.51287 1.90557 -1.87724 1.99039 0.788641 3.13123
1.51309 1.90556 -1.8764 1.99039 0.788641 3.13123
1.51331 1.90556 -1.87555 1.99039 0.788641 3.13123
1.51352 1.90556 -1.8747 1.99039 0.788641 3.13123
1.51374 1.90556 -1.87385 1.99039 0.788641 3.13123
1.51396 1.90556 -1.87301 1.99039 0.788641 3.13123
1.51418 1.90556 -1.87216 1.99039 0.788641 3.13123
1.5144 1.90555 -1.87131 1.99039 0.788641 3.13123
1.51462 1.90555 -1.87046 1.99039 0.788641 3.13123
1.51484 1.90555 -1.86962 1.99039 0.788641 3.13123
1.51506 1.90555 -1.86877 1.99039 0.788641 3.13123
1.51528 1.90555 -1.86792 1.99039 0.788641 3.13123
1.5155 1.90555 -1.86707 1.99039 0.788641 3.13123
1.51572 1.90554 -1.86623 1.99039 0.788641 3.13123
1.51594 1.90554 -1.86538 1.99039 0.788641 3.13123
1.51616 1.90554 -1.86453 1.99039 0.788641 3.13123
1.51638 1.90554 -1.86368 1.99039 0.788641 3.13123
1.5166 1.90554 -1.86284 1.99039 0.788641 3.13123
1.51682 1.90554 -1.86199 1.99039 0.788641 3.13123
1.51704 1.90553 -1.86114 1.99039 0.788641 3.13123
1.51726 1.90553 -1.8603 1.99039 0.788641 3.13123
1.51748 1.90553 -1.85945 1.99039 0.788641 3.13123
1.5177 1.90553 -1.8586 1.99039 0.788641 3.13123
1.51792 1.90553 -1.85775 1.99039 0.788641 3.13123
1.51814 1.90553 -1.85691 1.99039 0.788641 3.13123
1.51836 1.90552 -1.85606 1.99039 0.788641 3.13123
1.51858 1.90552 -1.85521 1.99039 0.788641 3.13123
1.5188 1.90552 -1.85436 1.99039 0.788641 3.13123
1.51902 1.90552 -1.85352 1.99039 0.788641 3.13123
1.51924 1.90552 -1.85267 1.99039 0.788641 3.13123
1.51946 1.90552 -1.85182 1.99039 0.788641 3.13123
1.51968 1.90551 -1.85097 1.99039 0.788641 3.13123
1.5199 1.90551 -1.85013 1.99039 0.788641 3.13123
1.52012 1.90551 -1.84928 1.99039 0.788641 3.13123
1.52034 1.90551 -1.84843 1.99039 0.788641 3.13123
1.52056 1.90551 -1.84758 1.99039 0.788641 3.13123
1.52078 1.90551 -1.84674 1.99039 0.788641 3.13123
1.521 1.9055 -1.84589 1.99039 0.788641 3.13123
1.52122 1.9055 -1.84504 1.99039 0.788641 3.13123
1.52144 1.9055 -1.84419 1.99039 0.788641 3.13123
1.52166 1.9055 -1.84335 1.99039 0.788641 3.13123
1.52188 1.9055 -1.8425 1.99039 0.788641 3.13123
1.5221 1.9055 -1.84165 1.99039 0.788641 3.13123
1.52232 1.90549 -1.84081 1.99039 0.788641 3.13123
1.52254 1.90549 -1.83996 1.99039 0.788641 3.13123
1.52276 1.90549 -1.83911 1.99039 0.788641 3.13123
1.52298 1.90549 -1.83826 1.99039 0.788641 3.13123
1.5232 1.90549 -1.83742 1.99039 0.788641 3.13123
1.52342 1.90549 -1.83657 1.99039 0.788641 3.13123
1.52364 1.90548 -1.83572 1.99039 0.788641 3.13123
1.52386 1.90548 -1.83487 1.99039 0.788641 3.13123
1.52408 1.90548 -1.83403 1.99039 0.788641 3.13123
1.5243 1.90548 -1.83318 1.99039 0.788641 3.13123
1.52451 1.90548 -1.83233 1.99039 0.788641 3.13123
1.52473 1.90548 -1.83148 1.99039 0.788641 3.13123
1.52495 1.90547 -1.83064 1.99039 0.788641 3.13123
1.52517 1.90547 -1.82979 1.99039 0.788641 3.13123
1.52539 1.90547 -1.82894 1.99039 0.788641 3.13123
1.52561 1.90547 -1.82809 1.99039 0.788641 3.13123
1.52583 1.90547 -1.82725 1.99039 0.788641 3.13123
1.52605 1.90546 -1.8264 1.99039 0.788641 3.13123
1.52627 1.90546 -1.82555 1.99039 0.788641 3.13123
1.52649 1.90546 -1.82471 1.99039 0.788641 3.13123
1.52671 1.90546 -1.82386 1.99039 0.788641 3.13123
1.52693 1.90546 -1.82301 1.99039 0.788641 3.13123
1.52715 1.90546 -1.82216 1.99039 0.788641 3.13123
1.52737 1.90545 -1.82132 1.99039 0.788641 3.13123
1.52759 1.90545 -1.82047 1.99039 0.788641 3.13123
1.52781 1.90545 -1.81962 1.99039 0.788641 3.13123
1.52803 1.90545 -1.81877 1.99039 0.788641 3.13123
1.52825 1.90545 -1.81793 1.99039 0.788641 3.13123
1.52847 1.90545 -1.81708 1.99039 0.788641 3.13123
1.52869 1.90544 -1.81623 1.99039 0.788641 3.13123
1.52891 1.90544 -1.81538 1.99039 0.788641 3.13123
1.52913 1.90544 -1.81454 1.99039 0.788641 3.13123
1.52935 1.90544 -1.81369 1.99039 0.788641 3.13123
1.52957 1.90544 -1.81284 1.99039 0.788641 3.13123
1.52979 1.90544 -1.81199 1.99039 0.788641 3.13123
1.53001 1.90543 -1.81115 1.99039 0.788641 3.13123
1.53023 1.90543 -1.8103 1.99039 0.788641 3.13123
1.53045 1.90543 -1.80945 1.99039 0.788641 3.13123
1.53067 1.90543 -1.8086 1.99039 0.788641 3.13123
1.53089 1.90543 -1.80776 1.99039 0.788641 3.13123
1.53111 1.90543 -1.80691 1.99039 0.788641 3.13123
1.53133 1.90542 -1.80606 1.99039 0.788641 3.13123
1.53155 1.90542 -1.80522 1.99039 0.788641 3.13123
1.53177 1.90542 -1.80437 1.99039 0.788641 3.13123
1.53199 1.90542 -1.80352 1.99039 0.788641 3.13123
1.53221 1.90542 -1.80267 1.99039 0.788641 3.13123
1.53243 1.90542 -1.80183 1.99039 0.788641 3.13123
1.53265 1.90541 -1.80098 1.99039 0.788641 3.13123
1.53287 1.90541 -1.80013 1.99039 0.788641 3.13123
1.53309 1.90541 -1.79928 1.99039 0.788641 3.13123
1.53331 1.90541 -1.79844 1.99039 0.788641 3.13123
1.53353 1.90541 -1.79759 1.99039 0.788641 3.13123
1.53375 1.90541 -1.79674 1.99039 0.788641 3.13123
1.53397 1.9054 -1.79589 1.99039 0.788641 3.13123
1.53419 1.9054 -1.79505 1.99039 0.788641 3.13123
1.53441 1.9054 -1.7942 1.99039 0.788641 3.13123
1.53463 1.9054 -1.79335 1.99039 0.788641 3.13123
1.53485 1.9054 -1.7925 1.99039 0.788641 3.13123
1.53507 1.9054 -1.79166 1.99039 0.788641 3.13123
1.53529 1.90539 -1.79081 1.99039 0.788641 3.13123
1.53551 1.90539 -1.78996 1.99039 0.788641 3.13123
1.53572 1.90539 -1.78912 1.99039 0.788641 3.13123
1.53594 1.90539 -1.78827 1.99039 0.788641 3.13123
1.53616 1.90539 -1.78742 1.99039 0.788641 3.13123
1.53638 1.90539 -1.78657 1.99039 0.788641 3.13123
1.5366 1.90538 -1.78573 1.99039 0.788641 3.13123
1.53682 1.90538 -1.78488 1.99039 0.788641 3.13123
1.53704 1.90538 -1.78403 1.99039 0.788641 3.13123
1.53726 1.90538 -1.78318 1.99039 0.788641 3.13123
1.53748 1.90538 -1.78234 1.99039 0.788641 3.13123
1.5377 1.90538 -1.78149 1.99039 0.788641 3.13123
1.53792 1.90537 -1.78064 1.99039 0.788641 3.13123
1.53814 1.90537 -1.77979 1.99039 0.788641 3.13123
1.53836 1.90537 -1.77895 1.99039 0.788641 3.13123
1.53858 1.90537 -1.7781 1.99039 0.788641 3.13123
1.5388 1.90537 -1.77725 1.99039 0.788641 3.13123
1.53902 1.90537 -1.7764 1.99039 0.788641 3.13123
1.53924 1.90536 -1.77556 1.99039 0.788641 3.13123
1.53946 1.90536 -1.77471 1.99039 0.788641 3.13123
1.53968 1.90536 -1.77386 1.99039 0.788641 3.13123
1.5399 1.90536 -1.77301 1.99039 0.788641 3.13123
1.54012 1.90536 -1.77217 1.99039 0.788641 3.13123
1.54034 1.90536 -1.77132 1.99039 0.788641 3.13123
1.54056 1.90535 -1.77047 1.99039 0.788641 3.13123
1.54078 1.90535 -1.76963 1.99039 0.788641 3.13123
1.541 1.90535 -1.76878 1.99039 0.788641 3.13123
1.54122 1.90535 -1.76793 1.99039 0.788641 3.13123
1.54144 1.90535 -1.76708 1.99039 0.788641 3.13123
1.54166 1.90535 -1.76624 1.99039 0.788641 3.13123
1.54188 1.90534 -1.76539 1.99039 0.788641 3.13123
1.5421 1.90534 -1.76454 1.99039 0.788641 3.13123
1.54232 1.90534 -1.76369 1.99039 0.788641 3.13123
1.54254 1.90534 -1.76285 1.99039 0.788641 3.13123
1.54276 1.90534 -1.762 1.99039 0.788641 3.13123
1.54298 1.90533 -1.76115 1.99039 0.788641 3.13123
1.5432 1.90533 -1.7603 1.99039 0.788641 3.13123
1.54342 1.90533 -1.75946 1.99039 0.788641 3.13123
1.54364 1.90533 -1.75861 1.99039 0.788641 3.13123
1.54386 1.90533 -1.75776 1.99039 0.788641 3.13123
1.54408 1.90533 -1.75691 1.99039 0.788641 3.13123
1.5443 1.90532 -1.75607 1.99039 0.788641 3.13123
1.54452 1.90532 -1.75522 1.99039 0.788641 3.13123
1.54474 1.90532 -1.75437 1.99039 0.788641 3.13123
1.54496 1.90532 -1.75353 1.99039 0.788641 3.13123
1.54518 1.90532 -1.75268 1.99039 0.788641 3.13123
1.5454 1.90532 -1.75183 1.99039 0.788641 3.13123
1.54562 1.90531 -1.75098 1.99039 0.788641 3.13123
1.54584 1.90531 -1.75014 1.99039 0.788641 3.13123
1.54606 1.90531 -1.74929 1.99039 0.788641 3.13123
1.54628 1.90531 -1.74844 1.99039 0.788641 3.13123
1.5465 1.90531 -1.74759 1.99039 0.788641 3.13123
1.54671 1.90531 -1.74675 1.99039 0.788641 3.13123
1.54693 1.9053 -1.7459 1.99039 0.788641 3.13123
1.54715 1.9053 -1.74505 1.99039 0.788641 3.13123
1.54737 1.9053 -1.7442 1.99039 0.788641 3.13123
1.54759 1.9053 -1.74336 1.99039 0.788641 3.13123
1.54781 1.9053 -1.74251 1.99039 0.788641 3.13123
1.54803 1.9053 -1.74166 1.99039 0.788641 3.13123
1.54825 1.90529 -1.74081 1.99039 0.788641 3.13123
1.54847 1.90529 -1.73997 1.99039 0.788641 3.13123
1.54869 1.90529 -1.73912 1.99039 0.788641 3.13123
1.54891 1.90529 -1.73827 1.99039 0.788641 3.13123
1.54913 1.90529 -1.73743 1.99039 0.788641 3.13123
1.54935 1.90529 -1.73658 1.99039 0.788641 3.13123
1.54957 1.90528 -1.73573 1.99039 0.788641 3.13123
1.54979 1.90528 -1.73488 1.99039 0.788641 3.13123
1.55001 1.90528 -1.73404 1.99039 0.788641 3.13123
1.55023 1.90528 -1.73319 1.99039 0.788641 3.13123
1.55045 1.90528 -1.73234 1.99039 0.788641 3.13123
1.55067 1.90528 -1.73149 1.99039 0.788641 3.13123
1.55089 1.90527 -1.73065 1.99039 0.788641 3.13123
1.55111 1.90527 -1.7298 1.99039 0.788641 3.13123
1.55133 1.90527 -1.72895 1.99039 0.788641 3.13123
1.55155 1.90527 -1.7281 1.99039 0.788641 3.13123
1.55177 1.90527 -1.72726 1.99039 0.788641 3.13123
1.55199 1.90527 -1.72641 1.99039 0.788641 3.13123
1.55221 1.90526 -1.72556 1.99039 0.788641 3.13123
1.55243 1.90526 -1.72471 1.99039 0.788641 3.13123
1.55265 1.90526 -1.72387 1.99039 0.788641 3.13123
1.55287 1.90526 -1.72302 1.99039 0.788641 3.13123
1.55309 1.90526 -1.72217 1.99039 0.788641 3.13123
1.55331 1.90526 -1.72132 1.99039 0.788641 3.13123
1.55353 1.90525 -1.72048 1.99039 0.788641 3.13123
1.55375 1.90525 -1.71963 1.99039 0.788641 3.13123
1.55397 1.90525 -1.71878 1.99039 0.788641 3.13123
1.55419 1.90525 -1.71794 1.99039 0.788641 3.13123
1.55441 1.90525 -1.71709 1.99039 0.788641 3.13123
1.55463 1.90525 -1.71624 1.99039 0.788641 3.13123
1.55485 1.90524 -1.71539 1.99039 0.788641 3.13123
1.55507 1.90524 -1.71455 1.99039 0.788641 3.13123
1.55529 1.90524 -1.7137 1.99039 0.788641 3.13123
1.55551 1.90524 -1.71285 1.99039 0.788641 3.13123
1.55573 1.90524 -1.712 1.99039 0.788641 3.13123
1.55595 1.90524 -1.71116 1.99039 0.788641 3.13123
1.55617 1.90523 -1.71031 1.99039 0.788641 3.13123
1.55639 1.90523 -1.70946 1.99039 0.788641 3.13123
1.55661 1.90523 -1.70861 1.99039 0.788641 3.13123
1.55683 1.90523 -1.70777 1.99039 0.788641 3.13123
1.55705 1.90523 -1.70692 1.99039 0.788641 3.13123
1.55727 1.90523 -1.70607 1.99039 0.788641 3.13123
1.55749 1.90522 -1.70522 1.99039 0.788641 3.13123
1.55771 1.90522 -1.70438 1.99039 0.788641 3.13123
1.55792 1.90522 -1.70353 1.99039 0.788641 3.13123
1.55814 1.90522 -1.70268 1.99039 0.788641 3.13123
1.55836 1.90522 -1.70184 1.99039 0.788641 3.13123
1.55858 1.90522 -1.70099 1.99039 0.788641 3.13123
1.5588 1.90521 -1.70014 1.99039 0.788641 3.13123
1.55902 1.90521 -1.69929 1.99039 0.788641 3.13123
1.55924 1.90521 -1.69845 1.99039 0.788641 3.13123
1.55946 1.90521 -1.6976 1.99039 0.788641 3.13123
1.55968 1.90521 -1.69675 1.99039 0.788641 3.13123
1.5599 1.9052 -1.6959 1.99039 0.788641 3.13123
1.56012 1.9052 -1.69506 1.99039 0.788641 3.13123
1.56034 1.9052 -1.69421 1.99039 0.788641 3.13123
1.56056 1.9052 -1.69336 1.99039 0.788641 3.13123
1.56078 1.9052 -1.69251 1.99039 0.788641 3.13123
1.561 1.9052 -1.69167 1.99039 0.788641 3.13123
1.56122 1.90519 -1.69082 1.99039 0.788641 3.13123
1.56144 1.90519 -1.68997 1.99039 0.788641 3.13123
1.56166 1.90519 -1.68912 1.99039 0.788641 3.13123
1.56188 1.90519 -1.68828 1.99039 0.788641 3.13123
1.5621 1.90519 -1.68743 1.99039 0.788641 3.13123
1.56232 1.90519 -1.68658 1.99039 0.788641 3.13123
1.56254 1.90518 -1.68573 1.99039 0.788641 3.13123
1.56276 1.90518 -1.68489 1.99039 0.788641 3.13123
1.56298 1.90518 -1.68404 1.99039 0.788641 3.13123
1.5632 1.90518 -1.68319 1.99039 0.788641 3.13123
1.56342 1.90518 -1.68235 1.99039 0.788641 3.13123
1.56364 1.90518 -1.6815 1.99039 0.788641 3.13123
1.56386 1.90517 -1.68065 1.99039 0.788641 3.13123
1.56408 1.90517 -1.6798 1.99039 0.788641 3.13123
1.5643 1.90517 -1.67896 1.99039 0.788641 3.13123
1.56452 1.90517 -1.67811 1.99039 0.788641 3.13123
1.56474 1.90517 -1.67726 1.99039 0.788641 3.13123
1.56496 1.90517 -1.67641 1.99039 0.788641 3.13123
1.56518 1.90516 -1.67557 1.99039 0.788641 3.13123
1.5654 1.90516 -1.67472 1.99039 0.788641 3.13123
1.56562 1.90516 -1.67387 1.99039 0.788641 3.13123
1.56584 1.90516 -1.67302 1.99039 0.788641 3.13123
1.56606 1.90516 -1.67218 1.99039 0.788641 3.13123
1.56628 1.90516 -1.67133 1.99039 0.788641 3.13123
1.5665 1.90515 -1.67048 1.99039 0.788641 3.13123
1.56672 1.90515 -1.66963 1.99039 0.788641 3.13123
1.56694 1.90515 -1.66879 1.99039 0.788641 3.13123
1.56716 1.90515 -1.66794 1.99039 0.788641 3.13123
1.56738 1.90515 -1.66709 1.99039 0.788641 3.13123
1.5676 1.90515 -1.66625 1.99039 0.788641 3.13123
1.56782 1.90514 -1.6654 1.99039 0.788641 3.13123
1.56804 1.90514 -1.66455 1.99039 0.788641 3.13123
1.56826 1.90514 -1.6637 1.99039 0.788641 3.13123
1.56848 1.90514 -1.66286 1.99039 0.788641 3.13123
1.5687 1.90514 -1.66201 1.99039 0.788641 3.13123
1.56891 1.90514 -1.66116 1.99039 0.788641 3.13123
1.56913 1.90513 -1.66031 1.99039 0.788641 3.13123
1.56935 1.90513 -1.65947 1.99039 0.788641 3.13123
1.56957 1.90513 -1.65862 1.99039 0.788641 3.13123
1.56979 1.90513 -1.65777 1.99039 0.788641 3.13123
1.57001 1.90513 -1.65692 1.99039 0.788641 3.13123
1.57023 1.90513 -1.65608 1.99039 0.788641 3.13123
1.57045 1.90512 -1.65523 1.99039 0.788641 3.13123
1.57067 1.90512 -1.65438 1.99039 0.788641 3.13123
1.57089 1.90512 -1.65353 1.99039 0.788641 3.13123
1.57111 1.90512 -1.65269 1.99039 0.788641 3.13123
1.57133 1.90512 -1.65184 1.99039 0.788641 3.13123
1.57155 1.90512 -1.65099 1.99039 0.788641 3.13123
1.57177 1.90511 -1.65014 1.99039 0.788641 3.13123
1.57199 1.90511 -1.6493 1.99039 0.788641 3.13123
1.57221 1.90511 -1.64845 1.99039 0.788641 3.13123
1.57243 1.90511 -1.6476 1.99039 0.788641 3.13123
1.57265 1.90511 -1.64676 1.99039 0.788641 3.13123
1.57287 1.90511 -1.64591 1.99039 0.788641 3.13123
1.57309 1.9051 -1.64506 1.99039 0.788641 3.13123
1.57331 1.9051 -1.64421 1.99039 0.788641 3.13123
1.57353 1.9051 -1.64337 1.99039 0.788641 3.13123
1.57375 1.9051 -1.64252 1.99039 0.788641 3.13123
1.57397 1.9051 -1.64167 1.99039 0.788641 3.13123
1.57419 1.9051 -1.64082 1.99039 0.788641 3.13123
1.57441 1.90509 -1.63998 1.99039 0.788641 3.13123
1.57463 1.90509 -1.63913 1.99039 0.788641 3.13123
1.57485 1.90509 -1.63828 1.99039 0.788641 3.13123
1.57507 1.90509 -1.63743 1.99039 0.788641 3.13123
1.57529 1.90509 -1.63659 1.99039 0.788641 3.13123
1.57551 1.90509 -1.63574 1.99039 0.788641 3.13123
1.57573 1.90508 -1.63489 1.99039 0.788641 3.13123
1.57595 1.90508 -1.63404 1.99039 0.788641 3.13123
1.57617 1.90508 -1.6332 1.99039 0.788641 3.13123
1.57639 1.90508 -1.63235 1.99039 0.788641 3.13123
1.57661 1.90508 -1.6315 1.99039 0.788641 3.13123
1.57683 1.90508 -1.63066 1.99039 0.788641 3.13123
1.57705 1.90507 -1.62981 1.99039 0.788641 3.13123
1.57727 1.90507 -1.62896 1.99039 0.788641 3.13123
1.57749 1.90507 -1.62811 1.99039 0.788641 3.13123
1.57771 1.90507 -1.62727 1.99039 0.788641 3.13123
1.57793 1.90507 -1.62642 1.99039 0.788641 3.13123
1.57815 1.90506 -1.62557 1.99039 0.788641 3.13123
1.57837 1.90506 -1.62472 1.99039 0.788641 3.13123
1.57859 1.90506 -1.62388 1.99039 0.788641 3.13123
1.57881 1.90506 -1.62303 1.99039 0.788641 3.13123
1.57903 1.90506 -1.62218 1.99039 0.788641 3.13123
1.57925 1.90506 -1.62133 1.99039 0.788641 3.13123
1.57947 1.90505 -1.62049 1.99039 0.788641 3.13123
1.57969 1.90505 -1.61964 1.99039 0.788641 3.13123
1.5799 1.90505 -1.61879 1.99039 0.788641 3.13123
1.58012 1.90505 -1.61794 1.99039 0.788641 3.13123
1.58034 1.90505 -1.6171 1.99039 0.788641 3.13123
1.58056 1.90505 -1.61625 1.99039 0.788641 3.13123
1.58078 1.90504 -1.6154 1.99039 0.788641 3.13123
1.581 1.90504 -1.61456 1.99039 0.788641 3.13123
1.58122 1.90504 -1.61371 1.99039 0.788641 3.13123
1.58144 1.90504 -1.61286 1.99039 0.788641 3.13123
1.58166 1.90504 -1.61201 1.99039 0.788641 3.13123
1.58188 1.90504 -1.61117 1.99039 0.788641 3.13123
1.5821 1.90503 -1.61032 1.99039 0.788641 3.13123
1.58232 1.90503 -1.60947 1.99039 0.788641 3.13123
1.58254 1.90503 -1.60862 1.99039 0.788641 3.13123
1.58276 1.90503 -1.60778 1.99039 0.788641 3.13123
1.58298 1.90503 -1.60693 1.99039 0.788641 3.13123
1.5832 1.90503 -1.60608 1.99039 0.788641 3.13123
1.58342 1.90502 -1.60523 1.99039 0.788641 3.13123
1.58364 1.90502 -1.60439 1.99039 0.788641 3.13123
1.58386 1.90502 -1.60354 1.99039 0.788641 3.13123
1.58408 1.90502 -1.60269 1.99039 0.788641 3.13123
1.5843 1.90502 -1.60184 1.99039 0.788641 3.13123
1.58452 1.90502 -1.601 1.99039 0.788641 3.13123
1.58474 1.90501 -1.60015 1.99039 0.788641 3.13123
1.58496 1.90501 -1.5993 1.99039 0.788641 3.13123
1.58518 1.90501 -1.59845 1.99039 0.788641 3.13123
1.5854 1.90501 -1.59761 1.99039 0.788641 3.13123
1.58562 1.90501 -1.59676 1.99039 0.788641 3.13123
1.58584 1.90501 -1.59591 1.99039 0.788641 3.13123
1.58606 1.905 -1.59507 1.99039 0.788641 3.13123
1.58628 1.905 -1.59422 1.99039 0.788641 3.13123
1.5865 1.905 -1.59337 1.99039 0.788641 3.13123
1.58672 1.905 -1.59252 1.99039 0.788641 3.13123
1.58694 1.905 -1.59168 1.99039 0.788641 3.13123
1.58716 1.905 -1.59083 1.99039 0.788641 3.13123
1.58738 1.90499 -1.58998 1.99039 0.788641 3.13123
1.5876 1.90499 -1.58913 1.99039 0.788641 3.13123
1.58782 1.90499 -1.58829 1.99039 0.788641 3.13123
1.58804 1.90499 -1.58744 1.99039 0.788641 3.13123
1.58826 1.90499 -1.58659 1.99039 0.788641 3.13123
1.58848 1.90499 -1.58574 1.99039 0.788641 3.13123
1.5887 1.90498 -1.5849 1.99039 0.788641 3.13123
1.58892 1.90498 -1.58405 1.99039 0.788641 3.13123
1.58914 1.90498 -1.5832 1.99039 0.788641 3.13123
1.58936 1.90498 -1.58235 1.99039 0.788641 3.13123
1.58958 1.90498 -1.58151 1.99039 0.788641 3.13123
1.5898 1.90498 -1.58066 1.99039 0.788641 3.13123
1.59002 1.90497 -1.57981 1.99039 0.788641 3.13123
1.59024 1.90497 -1.57897 1.99039 0.788641 3.13123
1.59046 1.90497 -1.57812 1.99039 0.788641 3.13123
1.59068 1.90497 -1.57727 1.99039 0.788641 3.13123
1.5909 1.90497 -1.57642 1.99039 0.788641 3.13123
1.59111 1.90497 -1.57558 1.99039 0.788641 3.13123
1.59133 1.90496 -1.57473 1.99039 0.788641 3.13123
1.59155 1.90496 -1.57388 1.99039 0.788641 3.13123
1.59177 1.90496 -1.57303 1.99039 0.788641 3.13123
1.59199 1.90496 -1.57219 1.99039 0.788641 3.13123
1.59221 1.90496 -1.57134 1.99039 0.788641 3.13123
1.59243 1.90496 -1.57049 1.99039 0.788641 3.13123
1.59265 1.90495 -1.56964 1.99039 0.788641 3.13123
1.59287 1.90495 -1.5688 1.99039 0.788641 3.13123
1.59309 1.90495 -1.56795 1.99039 0.788641 3.13123
1.59331 1.90495 -1.5671 1.99039 0.788641 3.13123
1.59353 1.90495 -1.56625 1.99039 0.788641 3.13123
1.59375 1.90495 -1.56541 1.99039 0.788641 3.13123
1.59397 1.90494 -1.56456 1.99039 0.788641 3.13123
1.59419 1.90494 -1.56371 1.99039 0.788641 3.13123
1.59441 1.90494 -1.56286 1.99039 0.788641 3.13123
1.59463 1.90494 -1.56202 1.99039 0.788641 3.13123
1.59485 1.90494 -1.56117 1.99039 0.788641 3.13123
1.59507 1.90493 -1.56032 1.99039 0.788641 3.13123
1.59529 1.90493 -1.55948 1.99039 0.788641 3.13123
1.59551 1.90493 -1.55863 1.99039 0.788641 3.13123
1.59573 1.90493 -1.55778 1.99039 0.788641 3.13123
1.59595 1.90493 -1.55693 1.99039 0.788641 3.13123
1.59617 1.90493 -1.55609 1.99039 0.788641 3.13123
1.59639 1.90492 -1.55524 1.99039 0.788641 3.13123
1.59661 1.90492 -1.55439 1.99039 0.788641 3.13123
1.59683 1.90492 -1.55354 1.99039 0.788641 3.13123
1.59705 1.90492 -1.5527 1.99039 0.788641 3.13123
1.59727 1.90492 -1.55185 1.99039 0.788641 3.13123
1.59749 1.90492 -1.551 1.99039 0.788641 3.13123
1.59771 1.90491 -1.55015 1.99039 0.788641 3.13123
1.59793 1.90491 -1.54931 1.99039 0.788641 3.13123
1.59815 1.90491 -1.54846 1.99039 0.788641 3.13123
1.59837 1.90491 -1.54761 1.99039 0.788641 3.13123
1.59859 1.90491 -1.54676 1.99039 0.788641 3.13123
1.59881 1.90491 -1.54592 1.99039 0.788641 3.13123
1.59903 1.9049 -1.54507 1.99039 0.788641 3.13123
1.59925 1.9049 -1.54422 1.99039 0.788641 3.13123
1.59947 1.9049 -1.54338 1.99039 0.788641 3.13123
1.59969 1.9049 -1.54253 1.99039 0.788641 3.13123
1.59991 1.9049 -1.54168 1.99039 0.788641 3.13123
1.60013 1.9049 -1.54083 1.99039 0.788641 3.13123
1.60035 1.90489 -1.53999 1.99039 0.788641 3.13123
1.60057 1.90489 -1.53914 1.99039 0.788641 3.13123
1.60079 1.90489 -1.53829 1.99039 0.788641 3.13123
1.60101 1.90489 -1.53744 1.99039 0.788641 3.13123
1.60123 1.90489 -1.5366 1.99039 0.788641 3.13123
1.60145 1.90489 -1.53575 1.99039 0.788641 3.13123
1.60167 1.90488 -1.5349 1.99039 0.788641 3.13123
1.60189 1.90488 -1.53405 1.99039 0.788641 3.13123
1.6021 1.90488 -1.53321 1.99039 0.788641 3.13123
1.60232 1.90488 -1.53236 1.99039 0.788641 3.13123
1.60254 1.90488 -1.53151 1.99039 0.788641 3.13123
1.60276 1.90488 -1.53066 1.99039 0.788641 3.13123
1.60298 1.90487 -1.52982 1.99039 0.788641 3.13123
1.6032 1.90487 -1.52897 1.99039 0.788641 3.13123
1.60342 1.90487 -1.52812 1.99039 0.788641 3.13123
1.60364 1.90487 -1.52728 1.99039 0.788641 3.13123
1.60386 1.90487 -1.52643 1.99039 0.788641 3.13123
1.60408 1.90487 -1.52558 1.99039 0.788641 3.13123
1.6043 1.90486 -1.52473 1.99039 0.788641 3.13123
1.60452 1.90486 -1.52389 1.99039 0.788641 3.13123
1.60474 1.90486 -1.52304 1.99039 0.788641 3.13123
1.60496 1.90486 -1.52219 1.99039 0.788641 3.13123
1.60518 1.90486 -1.52134 1.99039 0.788641 3.13123
1.6054 1.90486 -1.5205 1.99039 0.788641 3.13123
1.60562 1.90485 -1.51965 1.99039 0.788641 3.13123
1.60584 1.90485 -1.5188 1.99039 0.788641 3.13123
1.60606 1.90485 -1.51795 1.99039 0.788641 3.13123
1.60628 1.90485 -1.51711 1.99039 0.788641 3.13123
1.6065 1.90485 -1.51626 1.99039 0.788641 3.13123
1.60672 1.90485 -1.51541 1.99039 0.788641 3.13123
1.60694 1.90484 -1.51456 1.99039 0.788641 3.13123
1.60716 1.90484 -1.51372 1.99039 0.788641 3.13123
1.60738 1.90484 -1.51287 1.99039 0.788641 3.13123
1.6076 1.90484 -1.51202 1.99039 0.788641 3.13123
1.60782 1.90484 -1.51117 1.99039 0.788641 3.13123
1.60804 1.90484 -1.51033 1.99039 0.788641 3.13123
1.60826 1.90483 -1.50948 1.99039 0.788641 3.13123
1.60848 1.90483 -1.50863 1.99039 0.788641 3.13123
1.6087 1.90483 -1.50779 1.99039 0.788641 3.13123
1.60892 1.90483 -1.50694 1.99039 0.788641 3.13123
1.60914 1.90483 -1.50609 1.99039 0.788641 3.13123
1.60936 1.90483 -1.50524 1.99039 0.788641 3.13123
1.60958 1.90482 -1.5044 1.99039 0.788641 3.13123
1.6098 1.90482 -1.50355 1.99039 0.788641 3.13123
1.61002 1.90482 -1.5027 1.99039 0.788641 3.13123
1.61024 1.90482 -1.50185 1.99039 0.788641 3.13123
1.61046 1.90482 -1.50101 1.99039 0.788641 3.13123
1.61068 1.90482 -1.50016 1.99039 0.788641 3.13123
1.6109 1.90481 -1.49931 1.99039 0.788641 3.13123
1.61112 1.90481 -1.49846 1.99039 0.788641 3.13123
1.61134 1.90481 -1.49762 1.99039 0.788641 3.13123
1.61156 1.90481 -1.49677 1.99039 0.788641 3.13123
1.61178 1.90481 -1.49592 1.99039 0.788641 3.13123
1.612 1.90481 -1.49507 1.99039 0.788641 3.13123
1.61222 1.9048 -1.49423 1.99039 0.788641 3.13123
1.61244 1.9048 -1.49338 1.99039 0.788641 3.13123
1.61266 1.9048 -1.49253 1.99039 0.788641 3.13123
1.61288 1.9048 -1.49169 1.99039 0.788641 3.13123
1.6131 1.9048 -1.49084 1.99039 0.788641 3.13123
1.61331 1.90479 -1.48999 1.99039 0.788641 3.13123
1.61353 1.90479 -1.48914 1.99039 0.788641 3.13123
1.61375 1.90479 -1.4883 1.99039 0.788641 3.13123
1.61397 1.90479 -1.48745 1.99039 0.788641 3.13123
1.61419 1.90479 -1.4866 1.99039 0.788641 3.13123
1.61441 1.90479 -1.48575 1.99039 0.788641 3.13123
1.61463 1.90478 -1.48491 1.99039 0.788641 3.13123
1.61485 1.90478 -1.48406 1.99039 0.788641 3.13123
1.61507 1.90478 -1.48321 1.99039 0.788641 3.13123
1.61529 1.90478 -1.48236 1.99039 0.788641 3.13123
1.61551 1.90478 -1.48152 1.99039 0.788641 3.13123
1.61573 1.90478 -1.48067 1.99039 0.788641 3.13123
1.61595 1.90477 -1.47982 1.99039 0.788641 3.13123
1.61617 1.90477 -1.47897 1.99039 0.788641 3.13123
1.61639 1.90477 -1.47813 1.99039 0.788641 3.13123
1.61661 1.90477 -1.47728 1.99039 0.788641 3.13123
1.61683 1.90477 -1.47643 1.99039 0.788641 3.13123
1.61705 1.90477 -1.47558 1.99039 0.788641 3.13123
1.61727 1.90476 -1.47474 1.99039 0.788641 3.13123
1.61749 1.90476 -1.47389 1.99039 0.788641 3.13123
1.61771 1.90476 -1.47304 1.99039 0.788641 3.13123
1.61793 1.90476 -1.4722 1.99039 0.788641 3.13123
1.61815 1.90476 -1.47135 1.99039 0.788641 3.13123
1.61837 1.90476 -1.4705 1.99039 0.788641 3.13123
1.61859 1.90475 -1.46965 1.99039 0.788641 3.13123
1.61881 1.90475 -1.46881 1.99039 0.788641 3.13123
1.61903 1.90475 -1.46796 1.99039 0.788641 3.13123
1.61925 1.90475 -1.46711 1.99039 0.788641 3.13123
1.61947 1.90475 -1.46626 1.99039 0.788641 3.13123
1.61969 1.90475 -1.46542 1.99039 0.788641 3.13123
1.61991 1.90474 -1.46457 1.99039 0.788641 3.13123
1.62013 1.90474 -1.46372 1.99039 0.788641 3.13123
1.62035 1.90474 -1.46287 1.99039 0.788641 3.13123
1.62057 1.90474 -1.46203 1.99039 0.788641 3.13123
1.62079 1.90474 -1.46118 1.99039 0.788641 3.13123
1.62101 1.90474 -1.46033 1.99039 0.788641 3.13123
1.62123 1.90473 -1.45948 1.99039 0.788641 3.13123
1.62145 1.90473 -1.45864 1.99039 0.788641 3.13123
1.62167 1.90473 -1.45779 1.99039 0.788641 3.13123
1.62189 1.90473 -1.45694 1.99039 0.788641 3.13123
1.62211 1.90473 -1.4561 1.99039 0.788641 3.13123
1.62233 1.90473 -1.45525 1.99039 0.788641 3.13123
1.62255 1.90472 -1.4544 1.99039 0.788641 3.13123
1.62277 1.90472 -1.45355 1.99039 0.788641 3.13123
1.62299 1.90472 -1.45271 1.99039 0.788641 3.13123
1.62321 1.90472 -1.45186 1.99039 0.788641 3.13123
1.62343 1.90472 -1.45101 1.99039 0.788641 3.13123
1.62365 1.90472 -1.45016 1.99039 0.788641 3.13123
1.62387 1.90471 -1.44932 1.99039 0.788641 3.13123
1.62409 1.90471 -1.44847 1.99039 0.788641 3.13123
1.6243 1.90471 -1.44762 1.99039 0.788641 3.13123
1.62452 1.90471 -1.44677 1.99039 0.788641 3.13123
1.62474 1.90471 -1.44593 1.99039 0.788641 3.13123
1.62496 1.90471 -1.44508 1.99039 0.788641 3.13123
1.62518 1.9047 -1.44423 1.99039 0.788641 3.13123
1.6254 1.9047 -1.44338 1.99039 0.788641 3.13123
1.62562 1.9047 -1.44254 1.99039 0.788641 3.13123
1.62584 1.9047 -1.44169 1.99039 0.788641 3.13123
1.62606 1.9047 -1.44084 1.99039 0.788641 3.13123
1.62628 1.9047 -1.43999 1.99039 0.788641 3.13123
1.6265 1.90469 -1.43915 1.99039 0.788641 3.13123
1.62672 1.90469 -1.4383 1.99039 0.788641 3.13123
1.62694 1.90469 -1.43745 1.99039 0.788641 3.13123
1.62716 1.90469 -1.43661 1.99039 0.788641 3.13123
1.62738 1.90469 -1.43576 1.99039 0.788641 3.13123
1.6276 1.90469 -1.43491 1.99039 0.788641 3.13123
1.62782 1.90468 -1.43406 1.99039 0.788641 3.13123
1.62804 1.90468 -1.43322 1.99039 0.788641 3.13123
1.62826 1.90468 -1.43237 1.99039 0.788641 3.13123
1.62848 1.90468 -1.43152 1.99039 0.788641 3.13123
1.6287 1.90468 -1.43067 1.99039 0.788641 3.13123
1.62892 1.90468 -1.42983 1.99039 0.788641 3.13123
1.62914 1.90467 -1.42898 1.99039 0.788641 3.13123
1.62936 1.90467 -1.42813 1.99039 0.788641 3.13123
1.62958 1.90467 -1.42728 1.99039 0.788641 3.13123
1.6298 1.90467 -1.42644 1.99039 0.788641 3.13123
1.63002 1.90467 -1.42559 1.99039 0.788641 3.13123
1.63024 1.90466 -1.42474 1.99039 0.788641 3.13123
1.63046 1.90466 -1.42389 1.99039 0.788641 3.13123
1.63068 1.90466 -1.42305 1.99039 0.788641 3.13123
1.6309 1.90466 -1.4222 1.99039 0.788641 3.13123
1.63112 1.90466 -1.42135 1.99039 0.788641 3.13123
1.63134 1.90466 -1.42051 1.99039 0.788641 3.13123
1.63156 1.90465 -1.41966 1.99039 0.788641 3.13123
1.63178 1.90465 -1.41881 1.99039 0.788641 3.13123
1.632 1.90465 -1.41796 1.99039 0.788641 3.13123
1.63222 1.90465 -1.41712 1.99039 0.788641 3.13123
1.63244 1.90465 -1.41627 1.99039 0.788641 3.13123
1.63266 1.90465 -1.41542 1.99039 0.788641 3.13123
1.63288 1.90464 -1.41457 1.99039 0.788641 3.13123
1.6331 1.90464 -1.41373 1.99039 0.788641 3.13123
1.63332 1.90464 -1.41288 1.99039 0.788641 3.13123
1.63354 1.90464 -1.41203 1.99039 0.788641 3.13123
1.63376 1.90464 -1.41118 1.99039 0.788641 3.13123
1.63398 1.90464 -1.41034 1.99039 0.788641 3.13123
1.6342 1.90463 -1.40949 1.99039 0.788641 3.13123
1.63442 1.90463 -1.40864 1.99039 0.788641 3.13123
1.63464 1.90463 -1.40779 1.99039 0.788641 3.13123
1.63486 1.90463 -1.40695 1.99039 0.788641 3.13123
1.63508 1.90463 -1.4061 1.99039 0.788641 3.13123
1.63529 1.90463 -1.40525 1.99039 0.788641 3.13123
1.63551 1.90462 -1.40441 1.99039 0.788641 3.13123
1.63573 1.90462 -1.40356 1.99039 0.788641 3.13123
1.63595 1.90462 -1.40271 1.99039 0.788641 3.13123
1.63617 1.90462 -1.40186 1.99039 0.788641 3.13123
1.63639 1.90462 -1.40102 1.99039 0.788641 3.13123
1.63661 1.90462 -1.40017 1.99039 0.788641 3.13123
1.63683 1.90461 -1.39932 1.99039 0.788641 3.13123
1.63705 1.90461 -1.39847 1.99039 0.788641 3.13123
1.63727 1.90461 -1.39763 1.99039 0.788641 3.13123
1.63749 1.90461 -1.39678 1.99039 0.788641 3.13123
1.63771 1.90461 -1.39593 1.99039 0.788641 3.13123
1.63793 1.90461 -1.39508 1.99039 0.788641 3.13123
1.63815 1.9046 -1.39424 1.99039 0.788641 3.13123
1.63837 1.9046 -1.39339 1.99039 0.788641 3.13123
1.63859 1.9046 -1.39254 1.99039 0.788641 3.13123
1.63881 1.9046 -1.39169 1.99039 0.788641 3.13123
1.63903 1.9046 -1.39085 1.99039 0.788641 3.13123
1.63925 1.9046 -1.39 1.99039 0.788641 3.13123
1.63947 1.90459 -1.38915 1.99039 0.788641 3.13123
1.63969 1.90459 -1.3883 1.99039 0.788641 3.13123
1.63991 1.90459 -1.38746 1.99039 0.788641 3.13123
1.64013 1.90459 -1.38661 1.99039 0.788641 3.13123
1.64035 1.90459 -1.38576 1.99039 0.788641 3.13123
1.64057 1.90459 -1.38492 1.99039 0.788641 3.13123
1.64079 1.90458 -1.38407 1.99039 0.788641 3.13123
1.64101 1.90458 -1.38322 1.99039 0.788641 3.13123
1.64123 1.90458 -1.38237 1.99039 0.788641 3.13123
1.64145 1.90458 -1.38153 1.99039 0.788641 3.13123
1.64167 1.90458 -1.38068 1.99039 0.788641 3.13123
1.64189 1.90458 -1.37983 1.99039 0.788641 3.13123
1.64211 1.90457 -1.37898 1.99039 0.788641 3.13123
1.64233 1.90457 -1.37814 1.99039 0.788641 3.13123
1.64255 1.90457 -1.37729 1.99039 0.788641 3.13123
1.64277 1.90457 -1.37644 1.99039 0.788641 3.13123
1.64299 1.90457 -1.37559 1.99039 0.788641 3.13123
1.64321 1.90457 -1.37475 1.99039 0.788641 3.13123
1.64343 1.90456 -1.3739 1.99039 0.788641 3.13123
1.64365 1.90456 -1.37305 1.99039 0.788641 3.13123
1.64387 1.90456 -1.3722 1.99039 0.788641 3.13123
1.64409 1.90456 -1.37136 1.99039 0.788641 3.13123
1.64431 1.90456 -1.37051 1.99039 0.788641 3.13123
1.64453 1.90456 -1.36966 1.99039 0.788641 3.13123
1.64475 1.90455 -1.36882 1.99039 0.788641 3.13123
1.64497 1.90455 -1.36797 1.99039 0.788641 3.13123
1.64519 1.90455 -1.36712 1.99039 0.788641 3.13123
1.64541 1.90455 -1.36627 1.99039 0.788641 3.13123
1.64563 1.90455 -1.36543 1.99039 0.788641 3.13123
1.64585 1.90455 -1.36458 1.99039 0.788641 3.13123
1.64607 1.90454 -1.36373 1.99039 0.788641 3.13123
1.64629 1.90454 -1.36288 1.99039 0.788641 3.13123
1.6465 1.90454 -1.36204 1.99039 0.788641 3.13123
1.64672 1.90454 -1.36119 1.99039 0.788641 3.13123
1.64694 1.90454 -1.36034 1.99039 0.788641 3.13123
1.64716 1.90453 -1.35949 1.99039 0.788641 3.13123
1.64738 1.90453 -1.35865 1.99039 0.788641 3.13123
1.6476 1.90453 -1.3578 1.99039 0.788641 3.13123
1.64782 1.90453 -1.35695 1.99039 0.788641 3.13123
1.64804 1.90453 -1.3561 1.99039 0.788641 3.13123
1.64826 1.90453 -1.35526 1.99039 0.788641 3.13123
1.64848 1.90452 -1.35441 1.99039 0.788641 3.13123
1.6487 1.90452 -1.35356 1.99039 0.788641 3.13123
1.64892 1.90452 -1.35271 1.99039 0.788641 3.13123
1.64914 1.90452 -1.35187 1.99039 0.788641 3.13123
1.64936 1.90452 -1.35102 1.99039 0.788641 3.13123
1.64958 1.90452 -1.35017 1.99039 0.788641 3.13123
1.6498 1.90451 -1.34933 1.99039 0.788641 3.13123
1.65002 1.90451 -1.34848 1.99039 0.788641 3.13123
1.65024 1.90451 -1.34763 1.99039 0.788641 3.13123
1.65046 1.90451 -1.34678 1.99039 0.788641 3.13123
1.65068 1.90451 -1.34594 1.99039 0.788641 3.13123
1.6509 1.90451 -1.34509 1.99039 0.788641 3.13123
1.65112 1.9045 -1.34424 1.99039 0.788641 3.13123
1.65134 1.9045 -1.34339 1.99039 0.788641 3.13123
1.65156 1.9045 -1.34255 1.99039 0.788641 3.13123
1.65178 1.9045 -1.3417 1.99039 0.788641 3.13123
1.652 1.9045 -1.34085 1.99039 0.788641 3.13123
1.65222 1.9045 -1.34 1.99039 0.788641 3.13123
1.65244 1.90449 -1.33916 1.99039 0.788641 3.13123
1.65266 1.90449 -1.33831 1.99039 0.788641 3.13123
1.65288 1.90449 -1.33746 1.99039 0.788641 3.13123
1.6531 1.90449 -1.33661 1.99039 0.788641 3.13123
1.65332 1.90449 -1.33577 1.99039 0.788641 3.13123
1.65354 1.90449 -1.33492 1.99039 0.788641 3.13123
1.65376 1.90448 -1.33407 1.99039 0.788641 3.13123
1.65398 1.90448 -1.33323 1.99039 0.788641 3.13123
1.6542 1.90448 -1.33238 1.99039 0.788641 3.13123
1.65442 1.90448 -1.33153 1.99039 0.788641 3.13123
1.65464 1.90448 -1.33068 1.99039 0.788641 3.13123
1.65486 1.90448 -1.32984 1.99039 0.788641 3.13123
1.65508 1.90447 -1.32899 1.99039 0.788641 3.13123
1.6553 1.90447 -1.32814 1.99039 0.788641 3.13123
1.65552 1.90447 -1.32729 1.99039 0.788641 3.13123
1.65574 1.90447 -1.32645 1.99039 0.788641 3.13123
1.65596 1.90447 -1.3256 1.99039 0.788641 3.13123
1.65618 1.90447 -1.32475 1.99039 0.788641 3.13123
1.6564 1.90446 -1.3239 1.99039 0.788641 3.13123
1.65662 1.90446 -1.32306 1.99039 0.788641 3.13123
1.65684 1.90446 -1.32221 1.99039 0.788641 3.13123
1.65706 1.90446 -1.32136 1.99039 0.788641 3.13123
1.65728 1.90446 -1.32051 1.99039 0.788641 3.13123
1.65749 1.90446 -1.31967 1.99039 0.788641 3.13123
1.65771 1.90445 -1.31882 1.99039 0.788641 3.13123
1.65793 1.90445 -1.31797 1.99039 0.788641 3.13123
1.65815 1.90445 -1.31712 1.99039 0.788641 3.13123
1.65837 1.90445 -1.31628 1.99039 0.788641 3.13123
1.65859 1.90445 -1.31543 1.99039 0.788641 3.13123
1.65881 1.90445 -1.31458 1.99039 0.788641 3.13123
1.65903 1.90444 -1.31374 1.99039 0.788641 3.13123
1.65925 1.90444 -1.31289 1.99039 0.788641 3.13123
1.65947 1.90444 -1.31204 1.99039 0.788641 3.13123
1.65969 1.90444 -1.31119 1.99039 0.788641 3.13123
1.65991 1.90444 -1.31035 1.99039 0.788641 3.13123
1.66013 1.90444 -1.3095 1.99039 0.788641 3.13123
1.66035 1.90443 -1.30865 1.99039 0.788641 3.13123
1.66057 1.90443 -1.3078 1.99039 0.788641 3.13123
1.66079 1.90443 -1.30696 1.99039 0.788641 3.13123
1.66101 1.90443 -1.30611 1.99039 0.788641 3.13123
1.66123 1.90443 -1.30526 1.99039 0.788641 3.13123
1.66145 1.90443 -1.30441 1.99039 0.788641 3.13123
1.66167 1.90442 -1.30357 1.99039 0.788641 3.13123
1.66189 1.90442 -1.30272 1.99039 0.788641 3.13123
1.66211 1.90442 -1.30187 1.99039 0.788641 3.13123
1.66233 1.90442 -1.30102 1.99039 0.788641 3.13123
1.66255 1.90442 -1.30018 1.99039 0.788641 3.13123
1.66277 1.90442 -1.29933 1.99039 0.788641 3.13123
1.66299 1.90441 -1.29848 1.99039 0.788641 3.13123
1.66321 1.90441 -1.29764 1.99039 0.788641 3.13123
1.66343 1.90441 -1.29679 1.99039 0.788641 3.13123
1.66365 1.90441 -1.29594 1.99039 0.788641 3.13123
1.66387 1.90441 -1.29509 1.99039 0.788641 3.13123
1.66409 1.90441 -1.29425 1.99039 0.788641 3.13123
1.66431 1.9044 -1.2934 1.99039 0.788641 3.13123
1.66453 1.9044 -1.29255 1.99039 0.788641 3.13123
1.66475 1.9044 -1.2917 1.99039 0.788641 3.13123
1.66497 1.9044 -1.29086 1.99039 0.788641 3.13123
1.66519 1.9044 -1.29001 1.99039 0.788641 3.13123
1.66541 1.90439 -1.28916 1.99039 0.788641 3.13123
1.66563 1.90439 -1.28831 1.99039 0.788641 3.13123
1.66585 1.90439 -1.28747 1.99039 0.788641 3.13123
1.66607 1.90439 -1.28662 1.99039 0.788641 3.13123
1.66629 1.90439 -1.28577 1.99039 0.788641 3.13123
1.66651 1.90439 -1.28492 1.99039 0.788641 3.13123
1.66673 1.90438 -1.28408 1.99039 0.788641 3.13123
1.66695 1.90438 -1.28323 1.99039 0.788641 3.13123
1.66717 1.90438 -1.28238 1.99039 0.788641 3.13123
1.66739 1.90438 -1.28154 1.99039 0.788641 3.13123
1.66761 1.90438 -1.28069 1.99039 0.788641 3.13123
1.66783 1.90438 -1.27984 1.99039 0.788641 3.13123
1.66805 1.90437 -1.27899 1.99039 0.788641 3.13123
1.66827 1.90437 -1.27815 1.99039 0.788641 3.13123
1.66849 1.90437 -1.2773 1.99039 0.788641 3.13123
1.6687 1.90437 -1.27645 1.99039 0.788641 3.13123
1.66892 1.90437 -1.2756 1.99039 0.788641 3.13123
1.66914 1.90437 -1.27476 1.99039 0.788641 3.13123
1.66936 1.90436 -1.27391 1.99039 0.788641 3.13123
1.66958 1.90436 -1.27306 1.99039 0.788641 3.13123
1.6698 1.90436 -1.27221 1.99039 0.788641 3.13123
1.67002 1.90436 -1.27137 1.99039 0.788641 3.13123
1.67024 1.90436 -1.27052 1.99039 0.788641 3.13123
1.67046 1.90436 -1.26967 1.99039 0.788641 3.13123
1.67068 1.90435 -1.26882 1.99039 0.788641 3.13123
1.6709 1.90435 -1.26798 1.99039 0.788641 3.13123
1.67112 1.90435 -1.26713 1.99039 0.788641 3.13123
1.67134 1.90435 -1.26628 1.99039 0.788641 3.13123
1.67156 1.90435 -1.26543 1.99039 0.788641 3.13123
1.67178 1.90435 -1.26459 1.99039 0.788641 3.13123
1.672 1.90434 -1.26374 1.99039 0.788641 3.13123
1.67222 1.90434 -1.26289 1.99039 0.788641 3.13123
1.67244 1.90434 -1.26205 1.99039 0.788641 3.13123
1.67266 1.90434 -1.2612 1.99039 0.788641 3.13123
1.67288 1.90434 -1.26035 1.99039 0.788641 3.13123
1.6731 1.90434 -1.2595 1.99039 0.788641 3.13123
1.67332 1.90433 -1.25866 1.99039 0.788641 3.13123
1.67354 1.90433 -1.25781 1.99039 0.788641 3.13123
1.67376 1.90433 -1.25696 1.99039 0.788641 3.13123
1.67398 1.90433 -1.25611 1.99039 0.788641 3.13123
1.6742 1.90433 -1.25527 1.99039 0.788641 3.13123
1.67442 1.90433 -1.25442 1.99039 0.788641 3.13123
1.67464 1.90432 -1.25357 1.99039 0.788641 3.13123
1.67486 1.90432 -1.25272 1.99039 0.788641 3.13123
1.67508 1.90432 -1.25188 1.99039 0.788641 3.13123
1.6753 1.90432 -1.25103 1.99039 0.788641 3.13123
1.67552 1.90432 -1.25018 1.99039 0.788641 3.13123
1.67574 1.90432 -1.24933 1.99039 0.788641 3.13123
1.67596 1.90431 -1.24849 1.99039 0.788641 3.13123
1.67618 1.90431 -1.24764 1.99039 0.788641 3.13123
1.6764 1.90431 -1.24679 1.99039 0.788641 3.13123
1.67662 1.90431 -1.24595 1.99039 0.788641 3.13123
1.67684 1.90431 -1.2451 1.99039 0.788641 3.13123
1.67706 1.90431 -1.24425 1.99039 0.788641 3.13123
1.67728 1.9043 -1.2434 1.99039 0.788641 3.13123
1.6775 1.9043 -1.24256 1.99039 0.788641 3.13123
1.67772 1.9043 -1.24171 1.99039 0.788641 3.13123
1.67794 1.9043 -1.24086 1.99039 0.788641 3.13123
1.67816 1.9043 -1.24001 1.99039 0.788641 3.13123
1.67838 1.9043 -1.23917 1.99039 0.788641 3.13123
1.6786 1.90429 -1.23832 1.99039 0.788641 3.13123
1.67882 1.90429 -1.23747 1.99039 0.788641 3.13123
1.67904 1.90429 -1.23662 1.99039 0.788641 3.13123
1.67926 1.90429 -1.23578 1.99039 0.788641 3.13123
1.67948 1.90429 -1.23493 1.99039 0.788641 3.13123
1.67969 1.90429 -1.23408 1.99039 0.788641 3.13123
1.67991 1.90428 -1.23323 1.99039 0.788641 3.13123
1.68013 1.90428 -1.23239 1.99039 0.788641 3.13123
1.68035 1.90428 -1.23154 1.99039 0.788641 3.13123
1.68057 1.90428 -1.23069 1.99039 0.788641 3.13123
1.68079 1.90428 -1.22984 1.99039 0.788641 3.13123
1.68101 1.90428 -1.229 1.99039 0.788641 3.13123
1.68123 1.90427 -1.22815 1.99039 0.788641 3.13123
1.68145 1.90427 -1.2273 1.99039 0.788641 3.13123
1.68167 1.90427 -1.22646 1.99039 0.788641 3.13123
1.68189 1.90427 -1.22561 1.99039 0.788641 3.13123
1.68211 1.90427 -1.22476 1.99039 0.788641 3.13123
1.68233 1.90426 -1.22391 1.99039 0.788641 3.13123
1.68255 1.90426 -1.22307 1.99039 0.788641 3.13123
1.68277 1.90426 -1.22222 1.99039 0.788641 3.13123
1.68299 1.90426 -1.22137 1.99039 0.788641 3.13123
1.68321 1.90426 -1.22052 1.99039 0.788641 3.13123
1.68343 1.90426 -1.21968 1.99039 0.788641 3.13123
1.68365 1.90425 -1.21883 1.99039 0.788641 3.13123
1.68387 1.90425 -1.21798 1.99039 0.788641 3.13123
1.68409 1.90425 -1.21713 1.99039 0.788641 3.13123
1.68431 1.90425 -1.21629 1.99039 0.788641 3.13123
1.68453 1.90425 -1.21544 1.99039 0.788641 3.13123
1.68475 1.90425 -1.21459 1.99039 0.788641 3.13123
1.68497 1.90424 -1.21374 1.99039 0.788641 3.13123
1.68519 1.90424 -1.2129 1.99039 0.788641 3.13123
1.68541 1.90424 -1.21205 1.99039 0.788641 3.13123
1.68563 1.90424 -1.2112 1.99039 0.788641 3.13123
1.68585 1.90424 -1.21036 1.99039 0.788641 3.13123
1.68607 1.90424 -1.20951 1.99039 0.788641 3.13123
1.68629 1.90423 -1.20866 1.99039 0.788641 3.13123
1.68651 1.90423 -1.20781 1.99039 0.788641 3.13123
1.68673 1.90423 -1.20697 1.99039 0.788641 3.13123
1.68695 1.90423 -1.20612 1.99039 0.788641 3.13123
1.68717 1.90423 -1.20527 1.99039 0.788641 3.13123
1.68739 1.90423 -1.20442 1.99039 0.788641 3.13123
1.68761 1.90422 -1.20358 1.99039 0.788641 3.13123
1.68783 1.90422 -1.20273 1.99039 0.788641 3.13123
1.68805 1.90422 -1.20188 1.99039 0.788641 3.13123
1.68827 1.90422 -1.20103 1.99039 0.788641 3.13123
1.68849 1.90422 -1.20019 1.99039 0.788641 3.13123
1.68871 1.90422 -1.19934 1.99039 0.788641 3.13123
1.68893 1.90421 -1.19849 1.99039 0.788641 3.13123
1.68915 1.90421 -1.19764 1.99039 0.788641 3.13123
1.68937 1.90421 -1.1968 1.99039 0.788641 3.13123
1.68959 1.90421 -1.19595 1.99039 0.788641 3.13123
1.68981 1.90421 -1.1951 1.99039 0.788641 3.13123
1.69003 1.90421 -1.19425 1.99039 0.788641 3.13123
1.69025 1.9042 -1.19341 1.99039 0.788641 3.13123
1.69047 1.9042 -1.19256 1.99039 0.788641 3.13123
1.69068 1.9042 -1.19171 1.99039 0.788641 3.13123
1.6909 1.9042 -1.19087 1.99039 0.788641 3.13123
1.69112 1.9042 -1.19002 1.99039 0.788641 3.13123
1.69134 1.9042 -1.18917 1.99039 0.788641 3.13123
1.69156 1.90419 -1.18832 1.99039 0.788641 3.13123
1.69178 1.90419 -1.18748 1.99039 0.788641 3.13123
1.692 1.90419 -1.18663 1.99039 0.788641 3.13123
1.69222 1.90419 -1.18578 1.99039 0.788641 3.13123
1.69244 1.90419 -1.18493 1.99039 0.788641 3.13123
1.69266 1.90419 -1.18409 1.99039 0.788641 3.13123
1.69288 1.90418 -1.18324 1.99039 0.788641 3.13123
1.6931 1.90418 -1.18239 1.99039 0.788641 3.13123
1.69332 1.90418 -1.18154 1.99039 0.788641 3.13123
1.69354 1.90418 -1.1807 1.99039 0.788641 3.13123
1.69376 1.90418 -1.17985 1.99039 0.788641 3.13123
1.69398 1.90418 -1.179 1.99039 0.788641 3.13123
1.6942 1.90417 -1.17815 1.99039 0.788641 3.13123
1.69442 1.90417 -1.17731 1.99039 0.788641 3.13123
1.69464 1.90417 -1.17646 1.99039 0.788641 3.13123
1.69486 1.90417 -1.17561 1.99039 0.788641 3.13123
1.69508 1.90417 -1.17477 1.99039 0.788641 3.13123
1.6953 1.90417 -1.17392 1.99039 0.788641 3.13123
1.69552 1.90416 -1.17307 1.99039 0.788641 3.13123
1.69574 1.90416 -1.17222 1.99039 0.788641 3.13123
1.69596 1.90416 -1.17138 1.99039 0.788641 3.13123
1.69618 1.90416 -1.17053 1.99039 0.788641 3.13123
1.6964 1.90416 -1.16968 1.99039 0.788641 3.13123
1.69662 1.90416 -1.16883 1.99039 0.788641 3.13123
1.69684 1.90415 -1.16799 1.99039 0.788641 3.13123
1.69706 1.90415 -1.16714 1.99039 0.788641 3.13123
1.69728 1.90415 -1.16629 1.99039 0.788641 3.13123
1.6975 1.90415 -1.16544 1.99039 0.788641 3.13123
1.69772 1.90415 -1.1646 1.99039 0.788641 3.13123
1.69794 1.90415 -1.16375 1.99039 0.788641 3.13123
1.69816 1.90414 -1.1629 1.99039 0.788641 3.13123
1.69838 1.90414 -1.16205 1.99039 0.788641 3.13123
1.6986 1.90414 -1.16121 1.99039 0.788641 3.13123
1.69882 1.90414 -1.16036 1.99039 0.788641 3.13123
1.69904 1.90414 -1.15951 1.99039 0.788641 3.13123
1.69926 1.90413 -1.15867 1.99039 0.788641 3.13123
1.69948 1.90413 -1.15782 1.99039 0.788641 3.13123
1.6997 1.90413 -1.15697 1.99039 0.788641 3.13123
1.69992 1.90413 -1.15612 1.99039 0.788641 3.13123
1.70014 1.90413 -1.15528 1.99039 0.788641 3.13123
1.70036 1.90413 -1.15443 1.99039 0.788641 3.13123
1.70058 1.90412 -1.15358 1.99039 0.788641 3.13123
1.7008 1.90412 -1.15273 1.99039 0.788641 3.13123
1.70102 1.90412 -1.15189 1.99039 0.788641 3.13123
1.70124 1.90412 -1.15104 1.99039 0.788641 3.13123
1.70146 1.90412 -1.15019 1.99039 0.788641 3.13123
1.70168 1.90412 -1.14934 1.99039 0.788641 3.13123
1.70189 1.90411 -1.1485 1.99039 0.788641 3.13123
1.70211 1.90411 -1.14765 1.99039 0.788641 3.13123
1.70233 1.90411 -1.1468 1.99039 0.788641 3.13123
1.70255 1.90411 -1.14595 1.99039 0.788641 3.13123
1.70277 1.90411 -1.14511 1.99039 0.788641 3.13123
1.70299 1.90411 -1.14426 1.99039 0.788641 3.13123
1.70321 1.9041 -1.14341 1.99039 0.788641 3.13123
1.70343 1.9041 -1.14256 1.99039 0.788641 3.13123
1.70365 1.9041 -1.14172 1.99039 0.788641 3.13123
1.70387 1.9041 -1.14087 1.99039 0.788641 3.13123
1.70409 1.9041 -1.14002 1.99039 0.788641 3.13123
1.70431 1.9041 -1.13918 1.99039 0.788641 3.13123
1.70453 1.90409 -1.13833 1.99039 0.788641 3.13123
1.70475 1.90409 -1.13748 1.99039 0.788641 3.13123
1.70497 1.90409 -1.13663 1.99039 0.788641 3.13123
1.70519 1.90409 -1.13579 1.99039 0.788641 3.13123
1.70541 1.90409 -1.13494 1.99039 0.788641 3.13123
1.70563 1.90409 -1.13409 1.99039 0.788641 3.13123
1.70585 1.90408 -1.13324 1.99039 0.788641 3.13123
1.70607 1.90408 -1.1324 1.99039 0.788641 3.13123
1.70629 1.90408 -1.13155 1.99039 0.788641 3.13123
1.70651 1.90408 -1.1307 1.99039 0.788641 3.13123
1.70673 1.90408 -1.12985 1.99039 0.788641 3.13123
1.70695 1.90408 -1.12901 1.99039 0.788641 3.13123
1.70717 1.90407 -1.12816 1.99039 0.788641 3.13123
1.70739 1.90407 -1.12731 1.99039 0.788641 3.13123
1.70761 1.90407 -1.12646 1.99039 0.788641 3.13123
1.70783 1.90407 -1.12562 1.99039 0.788641 3.13123
1.70805 1.90407 -1.12477 1.99039 0.788641 3.13123
1.70827 1.90407 -1.12392 1.99039 0.788641 3.13123
1.70849 1.90406 -1.12308 1.99039 0.788641 3.13123
1.70871 1.90406 -1.12223 1.99039 0.788641 3.13123
1.70893 1.90406 -1.12138 1.99039 0.788641 3.13123
1.70915 1.90406 -1.12053 1.99039 0.788641 3.13123
1.70937 1.90406 -1.11969 1.99039 0.788641 3.13123
1.70959 1.90406 -1.11884 1.99039 0.788641 3.13123
1.70981 1.90405 -1.11799 1.99039 0.788641 3.13123
1.71003 1.90405 -1.11714 1.99039 0.788641 3.13123
1.71025 1.90405 -1.1163 1.99039 0.788641 3.13123
1.71047 1.90405 -1.11545 1.99039 0.788641 3.13123
1.71069 1.90405 -1.1146 1.99039 0.788641 3.13123
1.71091 1.90405 -1.11375 1.99039 0.788641 3.13123
1.71113 1.90404 -1.11291 1.99039 0.788641 3.13123
1.71135 1.90404 -1.11206 1.99039 0.788641 3.13123
1.71157 1.90404 -1.11121 1.99039 0.788641 3.13123
1.71179 1.90404 -1.11036 1.99039 0.788641 3.13123
1.71201 1.90404 -1.10952 1.99039 0.788641 3.13123
1.71223 1.90404 -1.10867 1.99039 0.788641 3.13123
1.71245 1.90403 -1.10782 1.99039 0.788641 3.13123
1.71267 1.90403 -1.10697 1.99039 0.788641 3.13123
1.71288 1.90403 -1.10613 1.99039 0.788641 3.13123
1.7131 1.90403 -1.10528 1.99039 0.788641 3.13123
1.71332 1.90403 -1.10443 1.99039 0.788641 3.13123
1.71354 1.90403 -1.10359 1.99039 0.788641 3.13123
1.71376 1.90402 -1.10274 1.99039 0.788641 3.13123
1.71398 1.90402 -1.10189 1.99039 0.788641 3.13123
1.7142 1.90402 -1.10104 1.99039 0.788641 3.13123
1.71442 1.90402 -1.1002 1.99039 0.788641 3.13123
1.71464 1.90402 -1.09935 1.99039 0.788641 3.13123
1.71486 1.90402 -1.0985 1.99039 0.788641 3.13123
1.71508 1.90401 -1.09765 1.99039 0.788641 3.13123
1.7153 1.90401 -1.09681 1.99039 0.788641 3.13123
1.71552 1.90401 -1.09596 1.99039 0.788641 3.13123
1.71574 1.90401 -1.09511 1.99039 0.788641 3.13123
1.71596 1.90401 -1.09426 1.99039 0.788641 3.13123
1.71618 1.90401 -1.09342 1.99039 0.788641 3.13123
1.7164 1.904 -1.09257 1.99039 0.788641 3.13123
1.71662 1.904 -1.09172 1.99039 0.788641 3.13123
1.71684 1.904 -1.09087 1.99039 0.788641 3.13123
1.71706 1.904 -1.09003 1.99039 0.788641 3.13123
1.71728 1.904 -1.08918 1.99039 0.788641 3.13123
1.7175 1.90399 -1.08833 1.99039 0.788641 3.13123
1.71772 1.90399 -1.08749 1.99039 0.788641 3.13123
1.71794 1.90399 -1.08664 1.99039 0.788641 3.13123
1.71816 1.90399 -1.08579 1.99039 0.788641 3.13123
1.71838 1.90399 -1.08494 1.99039 0.788641 3.13123
1.7186 1.90399 -1.0841 1.99039 0.788641 3.13123
1.71882 1.90398 -1.08325 1.99039 0.788641 3.13123
1.71904 1.90398 -1.0824 1.99039 0.788641 3.13123
1.71926 1.90398 -1.08155 1.99039 0.788641 3.13123
1.71948 1.90398 -1.08071 1.99039 0.788641 3.13123
1.7197 1.90398 -1.07986 1.99039 0.788641 3.13123
1.71992 1.90398 -1.07901 1.99039 0.788641 3.13123
1.72014 1.90397 -1.07816 1.99039 0.788641 3.13123
1.72036 1.90397 -1.07732 1.99039 0.788641 3.13123
1.72058 1.90397 -1.07647 1.99039 0.788641 3.13123
1.7208 1.90397 -1.07562 1.99039 0.788641 3.13123
1.72102 1.90397 -1.07477 1.99039 0.788641 3.13123
1.72124 1.90397 -1.07393 1.99039 0.788641 3.13123
1.72146 1.90396 -1.07308 1.99039 0.788641 3.13123
1.72168 1.90396 -1.07223 1.99039 0.788641 3.13123
1.7219 1.90396 -1.07139 1.99039 0.788641 3.13123
1.72212 1.90396 -1.07054 1.99039 0.788641 3.13123
1.72234 1.90396 -1.06969 1.99039 0.788641 3.13123
1.72256 1.90396 -1.06884 1.99039 0.788641 3.13123
1.72278 1.90395 -1.068 1.99039 0.788641 3.13123
1.723 1.90395 -1.06715 1.99039 0.788641 3.13123
1.72322 1.90395 -1.0663 1.99039 0.788641 3.13123
1.72344 1.90395 -1.06545 1.99039 0.788641 3.13123
1.72366 1.90395 -1.06461 1.99039 0.788641 3.13123
1.72388 1.90395 -1.06376 1.99039 0.788641 3.13123
1.72409 1.90394 -1.06291 1.99039 0.788641 3.13123
1.72431 1.90394 -1.06206 1.99039 0.788641 3.13123
1.72453 1.90394 -1.06122 1.99039 0.788641 3.13123
1.72475 1.90394 -1.06037 1.99039 0.788641 3.13123
1.72497 1.90394 -1.05952 1.99039 0.788641 3.13123
1.72519 1.90394 -1.05867 1.99039 0.788641 3.13123
1.72541 1.90393 -1.05783 1.99039 0.788641 3.13123
1.72563 1.90393 -1.05698 1.99039 0.788641 3.13123
1.72585 1.90393 -1.05613 1.99039 0.788641 3.13123
1.72607 1.90393 -1.05528 1.99039 0.788641 3.13123
1.72629 1.90393 -1.05444 1.99039 0.788641 3.13123
1.72651 1.90393 -1.05359 1.99039 0.788641 3.13123
1.72673 1.90392 -1.05274 1.99039 0.788641 3.13123
1.72695 1.90392 -1.0519 1.99039 0.788641 3.13123
1.72717 1.90392 -1.05105 1.99039 0.788641 3.13123
1.72717 1.90392 -1.05105 1.99039 0.788641 3.13123
1.72717 1.90392 -1.05105 1.9907 0.789052 3.12875
1.72717 1.90392 -1.05105 1.99101 0.789463 3.12627
1.72717 1.90392 -1.05105 1.99132 0.789874 3.12379
1.72717 1.90392 -1.05105 1.99163 0.790285 3.12131
1.72717 1.90392 -1.05105 1.99195 0.790696 3.11883
1.72717 1.90392 -1.05105 1.99226 0.791106 3.11635
1.72717 1.90392 -1.05105 1.99257 0.791517 3.11388
1.72717 1.90392 -1.05105 1.99288 0.791928 3.1114
1.72717 1.90392 -1.05105 1.99319 0.792339 3.10892
1.72717 1.90392 -1.05105 1.9935 0.79275 3.10644
1.72717 1.90392 -1.05105 1.99381 0.793161 3.10396
1.72717 1.90392 -1.05105 1.99412 0.793572 3.10148
1.72717 1.90392 -1.05105 1.99444 0.793983 3.099
1.72717 1.90392 -1.05105 1.99475 0.794394 3.09652
1.72717 1.90392 -1.05105 1.99506 0.794805 3.09404
1.72717 1.90392 -1.05105 1.99537 0.795215 3.09156
1.72717 1.90392 -1.05105 1.99568 0.795626 3.08908
1.72717 1.90392 -1.05105 1.99599 0.796037 3.0866
1.72717 1.90392 -1.05105 1.9963 0.796448 3.08412
1.72717 1.90392 -1.05105 1.99661 0.796859 3.08164
1.72717 1.90392 -1.05105 1.99692 0.79727 3.07916
1.72717 1.90392 -1.05105 1.99724 0.797681 3.07669
1.72717 1.90392 -1.05105 1.99755 0.798092 3.07421
1.72717 1.90392 -1.05105 1.99786 0.798503 3.07173
1.72717 1.90392 -1.05105 1.99817 0.798914 3.06925
1.72717 1.90392 -1.05105 1.99848 0.799325 3.06677
1.72717 1.90392 -1.05105 1.99879 0.799735 3.06429
1.72717 1.90392 -1.05105 1.9991 0.800146 3.06181
1.72717 1.90392 -1.05105 1.99941 0.800557 3.05933
1.72717 1.90392 -1.05105 1.99972 0.800968 3.05685
1.72717 1.90392 -1.05105 2.00004 0.801379 3.05437
1.72717 1.90392 -1.05105 2.00035 0.80179 3.05189
1.72717 1.90392 -1.05105 2.00066 0.802201 3.04941
1.72717 1.90392 -1.05105 2.00097 0.802612 3.04693
1.72717 1.90392 -1.05105 2.00128 0.803023 3.04445
1.72717 1.90392 -1.05105 2.00159 0.803434 3.04198
1.72717 1.90392 -1.05105 2.0019 0.803845 3.0395
1.72717 1.90392 -1.05105 2.00221 0.804255 3.03702
1.72717 1.90392 -1.05105 2.00253 0.804666 3.03454
1.72717 1.90392 -1.05105 2.00284 0.805077 3.03206
1.72717 1.90392 -1.05105 2.00315 0.805488 3.02958
1.72717 1.90392 -1.05105 2.00346 0.805899 3.0271
1.72717 1.90392 -1.05105 2.00377 0.80631 3.02462
1.72717 1.90392 -1.05105 2.00408 0.806721 3.02214
1.72717 1.90392 -1.05105 2.00439 0.807132 3.01966
1.72717 1.90392 -1.05105 2.0047 0.807543 3.01718
1.72717 1.90392 -1.05105 2.00501 0.807954 3.0147
1.72717 1.90392 -1.05105 2.00533 0.808364 3.01222
1.72717 1.90392 -1.05105 2.00564 0.808775 3.00974
1.72717 1.90392 -1.05105 2.00595 0.809186 3.00727
1.72717 1.90392 -1.05105 2.00626 0.809597 3.00479
1.72717 1.90392 -1.05105 2.00657 0.810008 3.00231
1.72717 1.90392 -1.05105 2.00688 0.810419 2.99983
1.72717 1.90392 -1.05105 2.00719 0.81083 2.99735
1.72717 1.90392 -1.05105 2.0075 0.811241 2.99487
1.72717 1.90392 -1.05105 2.00782 0.811652 2.99239
1.72717 1.90392 -1.05105 2.00813 0.812063 2.98991
1.72717 1.90392 -1.05105 2.00844 0.812474 2.98743
1.72717 1.90392 -1.05105 2.00875 0.812884 2.98495
1.72717 1.90392 -1.05105 2.00906 0.813295 2.98247
1.72717 1.90392 -1.05105 2.00937 0.813706 2.97999
1.72717 1.90392 -1.05105 2.00968 0.814117 2.97751
1.72717 1.90392 -1.05105 2.00999 0.814528 2.97503
1.72717 1.90392 -1.05105 2.0103 0.814939 2.97256
1.72717 1.90392 -1.05105 2.01062 0.81535 2.97008
1.72717 1.90392 -1.05105 2.01093 0.815761 2.9676
1.72717 1.90392 -1.05105 2.01124 0.816172 2.96512
1.72717 1.90392 -1.05105 2.01155 0.816583 2.96264
1.72717 1.90392 -1.05105 2.01186 0.816994 2.96016
1.72717 1.90392 -1.05105 2.01217 0.817404 2.95768
1.72717 1.90392 -1.05105 2.01248 0.817815 2.9552
1.72717 1.90392 -1.05105 2.01279 0.818226 2.95272
1.72717 1.90392 -1.05105 2.0131 0.818637 2.95024
1.72717 1.90392 -1.05105 2.01342 0.819048 2.94776
1.72717 1.90392 -1.05105 2.01373 0.819459 2.94528
1.72717 1.90392 -1.05105 2.01404 0.81987 2.9428
1.72717 1.90392 -1.05105 2.01435 0.820281 2.94032
1.72717 1.90392 -1.05105 2.01466 0.820692 2.93785
1.72717 1.90392 -1.05105 2.01497 0.821103 2.93537
1.72717 1.90392 -1.05105 2.01528 0.821513 2.93289
1.72717 1.90392 -1.05105 2.01559 0.821924 2.93041
1.72717 1.90392 -1.05105 2.01591 0.822335 2.92793
1.72717 1.90392 -1.05105 2.01622 0.822746 2.92545
1.72717 1.90392 -1.05105 2.01653 0.823157 2.92297
1.72717 1.90392 -1.05105 2.01684 0.823568 2.92049
1.72717 1.90392 -1.05105 2.01715 0.823979 2.91801
1.72717 1.90392 -1.05105 2.01746 0.82439 2.91553
1.72717 1.90392 -1.05105 2.01777 0.824801 2.91305
1.72717 1.90392 -1.05105 2.01808 0.825212 2.91057
1.72717 1.90392 -1.05105 2.01839 0.825623 2.90809
1.72717 1.90392 -1.05105 2.01871 0.826033 2.90561
1.72717 1.90392 -1.05105 2.01902 0.826444 2.90314
1.72717 1.90392 -1.05105 2.01933 0.826855 2.90066
1.72717 1.90392 -1.05105 2.01964 0.827266 2.89818
1.72717 1.90392 -1.05105 2.01995 0.827677 2.8957
1.72717 1.90392 -1.05105 2.02026 0.828088 2.89322
1.72717 1.90392 -1.05105 2.02057 0.828499 2.89074
1.72717 1.90392 -1.05105 2.02088 0.82891 2.88826
1.72717 1.90392 -1.05105 2.0212 0.829321 2.88578
1.72717 1.90392 -1.05105 2.02151 0.829732 2.8833
1.72717 1.90392 -1.05105 2.02182 0.830142 2.88082
1.72717 1.90392 -1.05105 2.02213 0.830553 2.87834
1.72717 1.90392 -1.05105 2.02244 0.830964 2.87586
1.72717 1.90392 -1.05105 2.02275 0.831375 2.87338
1.72717 1.90392 -1.05105 2.02306 0.831786 2.8709
1.72717 1.90392 -1.05105 2.02337 0.832197 2.86843
1.72717 1.90392 -1.05105 2.02368 0.832608 2.86595
1.72717 1.90392 -1.05105 2.024 0.833019 2.86347
1.72717 1.90392 -1.05105 2.02431 0.83343 2.86099
1.72717 1.90392 -1.05105 2.02462 0.833841 2.85851
1.72717 1.90392 -1.05105 2.02493 0.834252 2.85603
1.72717 1.90392 -1.05105 2.02524 0.834662 2.85355
1.72717 1.90392 -1.05105 2.02555 0.835073 2.85107
1.72717 1.90392 -1.05105 2.02586 0.835484 2.84859
1.72717 1.90392 -1.05105 2.02617 0.835895 2.84611
1.72717 1.90392 -1.05105 2.02649 0.836306 2.84363
1.72717 1.90392 -1.05105 2.0268 0.836717 2.84115
1.72717 1.90392 -1.05105 2.02711 0.837128 2.83867
1.72717 1.90392 -1.05105 2.02742 0.837539 2.83619
1.72717 1.90392 -1.05105 2.02773 0.83795 2.83372
1.72717 1.90392 -1.05105 2.02804 0.838361 2.83124
1.72717 1.90392 -1.05105 2.02835 0.838772 2.82876
1.72717 1.90392 -1.05105 2.02866 0.839182 2.82628
1.72717 1.90392 -1.05105 2.02897 0.839593 2.8238
1.72717 1.90392 -1.05105 2.02929 0.840004 2.82132
1.72717 1.90392 -1.05105 2.0296 0.840415 2.81884
1.72717 1.90392 -1.05105 2.02991 0.840826 2.81636
1.72717 1.90392 -1.05105 2.03022 0.841237 2.81388
1.72717 1.90392 -1.05105 2.03053 0.841648 2.8114
1.72717 1.90392 -1.05105 2.03084 0.842059 2.80892
1.72717 1.90392 -1.05105 2.03115 0.84247 2.80644
1.72717 1.90392 -1.05105 2.03146 0.842881 2.80396
1.72717 1.90392 -1.05105 2.03177 0.843291 2.80148
1.72717 1.90392 -1.05105 2.03209 0.843702 2.799
1.72717 1.90392 -1.05105 2.0324 0.844113 2.79653
1.72717 1.90392 -1.05105 2.03271 0.844524 2.79405
1.72717 1.90392 -1.05105 2.03302 0.844935 2.79157
1.72717 1.90392 -1.05105 2.03333 0.845346 2.78909
1.72717 1.90392 -1.05105 2.03364 0.845757 2.78661
1.72717 1.90392 -1.05105 2.03395 0.846168 2.78413
1.72717 1.90392 -1.05105 2.03426 0.846579 2.78165
1.72717 1.90392 -1.05105 2.03458 0.84699 2.77917
1.72717 1.90392 -1.05105 2.03489 0.847401 2.77669
1.72717 1.90392 -1.05105 2.0352 0.847811 2.77421
1.72717 1.90392 -1.05105 2.03551 0.848222 2.77173
1.72717 1.90392 -1.05105 2.03582 0.848633 2.76925
1.72717 1.90392 -1.05105 2.03613 0.849044 2.76677
1.72717 1.90392 -1.05105 2.03644 0.849455 2.76429
1.72717 1.90392 -1.05105 2.03675 0.849866 2.76182
1.72717 1.90392 -1.05105 2.03706 0.850277 2.75934
1.72717 1.90392 -1.05105 2.03738 0.850688 2.75686
1.72717 1.90392 -1.05105 2.03769 0.851099 2.75438
1.72717 1.90392 -1.05105 2.038 0.85151 2.7519
1.72717 1.90392 -1.05105 2.03831 0.851921 2.74942
1.72717 1.90392 -1.05105 2.03862 0.852331 2.74694
1.72717 1.90392 -1.05105 2.03893 0.852742 2.74446
1.72717 1.90392 -1.05105 2.03924 0.853153 2.74198
1.72717 1.90392 -1.05105 2.03955 0.853564 2.7395
1.72717 1.90392 -1.05105 2.03987 0.853975 2.73702
1.72717 1.90392 -1.05105 2.04018 0.854386 2.73454
1.72717 1.90392 -1.05105 2.04049 0.854797 2.73206
1.72717 1.90392 -1.05105 2.0408 0.855208 2.72958
1.72717 1.90392 -1.05105 2.04111 0.855619 2.72711
1.72717 1.90392 -1.05105 2.04142 0.85603 2.72463
1.72717 1.90392 -1.05105 2.04173 0.85644 2.72215
1.72717 1.90392 -1.05105 2.04204 0.856851 2.71967
1.72717 1.90392 -1.05105 2.04235 0.857262 2.71719
1.72717 1.90392 -1.05105 2.04267 0.857673 2.71471
1.72717 1.90392 -1.05105 2.04298 0.858084 2.71223
1.72717 1.90392 -1.05105 2.04329 0.858495 2.70975
1.72717 1.90392 -1.05105 2.0436 0.858906 2.70727
1.72717 1.90392 -1.05105 2.04391 0.859317 2.70479
1.72717 1.90392 -1.05105 2.04422 0.859728 2.70231
1.72717 1.90392 -1.05105 2.04453 0.860139 2.69983
1.72717 1.90392 -1.05105 2.04484 0.86055 2.69735
1.72717 1.90392 -1.05105 2.04515 0.86096 2.69487
1.72717 1.90392 -1.05105 2.04547 0.861371 2.6924
1.72717 1.90392 -1.05105 2.04578 0.861782 2.68992
1.72717 1.90392 -1.05105 2.04609 0.862193 2.68744
1.72717 1.90392 -1.05105 2.0464 0.862604 2.68496
1.72717 1.90392 -1.05105 2.04671 0.863015 2.68248
1.72717 1.90392 -1.05105 2.04702 0.863426 2.68
1.72717 1.90392 -1.05105 2.04733 0.863837 2.67752
1.72717 1.90392 -1.05105 2.04764 0.864248 2.67504
1.72717 1.90392 -1.05105 2.04796 0.864659 2.67256
1.72717 1.90392 -1.05105 2.04827 0.86507 2.67008
1.72717 1.90392 -1.05105 2.04858 0.86548 2.6676
1.72717 1.90392 -1.05105 2.04889 0.865891 2.66512
1.72717 1.90392 -1.05105 2.0492 0.866302 2.66264
1.72717 1.90392 -1.05105 2.04951 0.866713 2.66016
1.72717 1.90392 -1.05105 2.04982 0.867124 2.65769
1.72717 1.90392 -1.05105 2.05013 0.867535 2.65521
1.72717 1.90392 -1.05105 2.05044 0.867946 2.65273
1.72717 1.90392 -1.05105 2.05076 0.868357 2.65025
1.72717 1.90392 -1.05105 2.05107 0.868768 2.64777
1.72717 1.90392 -1.05105 2.05138 0.869179 2.64529
1.72717 1.90392 -1.05105 2.05169 0.869589 2.64281
1.72717 1.90392 -1.05105 2.052 0.87 2.64033
1.72717 1.90392 -1.05105 2.05231 0.870411 2.63785
1.72717 1.90392 -1.05105 2.05262 0.870822 2.63537
1.72717 1.90392 -1.05105 2.05293 0.871233 2.63289
1.72717 1.90392 -1.05105 2.05325 0.871644 2.63041
1.72717 1.90392 -1.05105 2.05356 0.872055 2.62793
1.72717 1.90392 -1.05105 2.05387 0.872466 2.62545
1.72717 1.90392 -1.05105 2.05418 0.872877 2.62298
1.72717 1.90392 -1.05105 2.05449 0.873288 2.6205
1.72717 1.90392 -1.05105 2.0548 0.873699 2.61802
1.72717 1.90392 -1.05105 2.05511 0.874109 2.61554
1.72717 1.90392 -1.05105 2.05542 0.87452 2.61306
1.72717 1.90392 -1.05105 2.05573 0.874931 2.61058
1.72717 1.90392 -1.05105 2.05605 0.875342 2.6081
1.72717 1.90392 -1.05105 2.05636 0.875753 2.60562
1.72717 1.90392 -1.05105 2.05667 0.876164 2.60314
1.72717 1.90392 -1.05105 2.05698 0.876575 2.60066
1.72717 1.90392 -1.05105 2.05729 0.876986 2.59818
1.72717 1.90392 -1.05105 2.0576 0.877397 2.5957
1.72717 1.90392 -1.05105 2.05791 0.877808 2.59322
1.72717 1.90392 -1.05105 2.05822 0.878219 2.59074
1.72717 1.90392 -1.05105 2.05854 0.878629 2.58827
1.72717 1.90392 -1.05105 2.05885 0.87904 2.58579
1.72717 1.90392 -1.05105 2.05916 0.879451 2.58331
1.72717 1.90392 -1.05105 2.05947 0.879862 2.58083
1.72717 1.90392 -1.05105 2.05978 0.880273 2.57835
1.72717 1.90392 -1.05105 2.06009 0.880684 2.57587
1.72717 1.90392 -1.05105 2.0604 0.881095 2.57339
1.72717 1.90392 -1.05105 2.06071 0.881506 2.57091
1.72717 1.90392 -1.05105 2.06102 0.881917 2.56843
1.72717 1.90392 -1.05105 2.06134 0.882328 2.56595
1.72717 1.90392 -1.05105 2.06165 0.882738 2.56347
1.72717 1.90392 -1.05105 2.06196 0.883149 2.56099
1.72717 1.90392 -1.05105 2.06227 0.88356 2.55851
1.72717 1.90392 -1.05105 2.06258 0.883971 2.55603
1.72717 1.90392 -1.05105 2.06289 0.884382 2.55355
1.72717 1.90392 -1.05105 2.0632 0.884793 2.55108
1.72717 1.90392 -1.05105 2.06351 0.885204 2.5486
1.72717 1.90392 -1.05105 2.06382 0.885615 2.54612
1.72717 1.90392 -1.05105 2.06414 0.886026 2.54364
1.72717 1.90392 -1.05105 2.06445 0.886437 2.54116
1.72717 1.90392 -1.05105 2.06476 0.886848 2.53868
1.72717 1.90392 -1.05105 2.06507 0.887258 2.5362
1.72717 1.90392 -1.05105 2.06538 0.887669 2.53372
1.72717 1.90392 -1.05105 2.06569 0.88808 2.53124
1.72717 1.90392 -1.05105 2.066 0.888491 2.52876
1.72717 1.90392 -1.05105 2.06631 0.888902 2.52628
1.72717 1.90392 -1.05105 2.06663 0.889313 2.5238
1.72717 1.90392 -1.05105 2.06694 0.889724 2.52132
1.72717 1.90392 -1.05105 2.06725 0.890135 2.51884
1.72717 1.90392 -1.05105 2.06756 0.890546 2.51637
1.72717 1.90392 -1.05105 2.06787 0.890957 2.51389
1.72717 1.90392 -1.05105 2.06818 0.891368 2.51141
1.72717 1.90392 -1.05105 2.06849 0.891778 2.50893
1.72717 1.90392 -1.05105 2.0688 0.892189 2.50645
1.72717 1.90392 -1.05105 2.06911 0.8926 2.50397
1.72717 1.90392 -1.05105 2.06943 0.893011 2.50149
1.72717 1.90392 -1.05105 2.06974 0.893422 2.49901
1.72717 1.90392 -1.05105 2.07005 0.893833 2.49653
1.72717 1.90392 -1.05105 2.07036 0.894244 2.49405
1.72717 1.90392 -1.05105 2.07067 0.894655 2.49157
1.72717 1.90392 -1.05105 2.07098 0.895066 2.48909
1.72717 1.90392 -1.05105 2.07129 0.895477 2.48661
1.72717 1.90392 -1.05105 2.0716 0.895887 2.48413
1.72717 1.90392 -1.05105 2.07192 0.896298 2.48166
1.72717 1.90392 -1.05105 2.07223 0.896709 2.47918
1.72717 1.90392 -1.05105 2.07254 0.89712 2.4767
1.72717 1.90392 -1.05105 2.07285 0.897531 2.47422
1.72717 1.90392 -1.05105 2.07316 0.897942 2.47174
1.72717 1.90392 -1.05105 2.07347 0.898353 2.46926
1.72717 1.90392 -1.05105 2.07378 0.898764 2.46678
1.72717 1.90392 -1.05105 2.07409 0.899175 2.4643
1.72717 1.90392 -1.05105 2.0744 0.899586 2.46182
1.72717 1.90392 -1.05105 2.07472 0.899997 2.45934
1.72717 1.90392 -1.05105 2.07503 0.900407 2.45686
1.72717 1.90392 -1.05105 2.07534 0.900818 2.45438
1.72717 1.90392 -1.05105 2.07565 0.901229 2.4519
1.72717 1.90392 -1.05105 2.07596 0.90164 2.44942
1.72717 1.90392 -1.05105 2.07627 0.902051 2.44695
1.72717 1.90392 -1.05105 2.07658 0.902462 2.44447
1.72717 1.90392 -1.05105 2.07689 0.902873 2.44199
1.72717 1.90392 -1.05105 2.0772 0.903284 2.43951
1.72717 1.90392 -1.05105 2.07752 0.903695 2.43703
1.72717 1.90392 -1.05105 2.07783 0.904106 2.43455
1.72717 1.90392 -1.05105 2.07814 0.904517 2.43207
1.72717 1.90392 -1.05105 2.07845 0.904927 2.42959
1.72717 1.90392 -1.05105 2.07876 0.905338 2.42711
1.72717 1.90392 -1.05105 2.07907 0.905749 2.42463
1.72717 1.90392 -1.05105 2.07938 0.90616 2.42215
1.72717 1.90392 -1.05105 2.07969 0.906571 2.41967
1.72717 1.90392 -1.05105 2.08001 0.906982 2.41719
1.72717 1.90392 -1.05105 2.08032 0.907393 2.41471
1.72717 1.90392 -1.05105 2.08063 0.907804 2.41224
1.72717 1.90392 -1.05105 2.08094 0.908215 2.40976
1.72717 1.90392 -1.05105 2.08125 0.908626 2.40728
1.72717 1.90392 -1.05105 2.08156 0.909036 2.4048
1.72717 1.90392 -1.05105 2.08187 0.909447 2.40232
1.72717 1.90392 -1.05105 2.08218 0.909858 2.39984
1.72717 1.90392 -1.05105 2.08249 0.910269 2.39736
1.72717 1.90392 -1.05105 2.08281 0.91068 2.39488
1.72717 1.90392 -1.05105 2.08312 0.911091 2.3924
1.72717 1.90392 -1.05105 2.08343 0.911502 2.38992
1.72717 1.90392 -1.05105 2.08374 0.911913 2.38744
1.72717 1.90392 -1.05105 2.08405 0.912324 2.38496
1.72717 1.90392 -1.05105 2.08436 0.912735 2.38248
1.72717 1.90392 -1.05105 2.08467 0.913146 2.38
1.72717 1.90392 -1.05105 2.08498 0.913556 2.37753
1.72717 1.90392 -1.05105 2.0853 0.913967 2.37505
1.72717 1.90392 -1.05105 2.08561 0.914378 2.37257
1.72717 1.90392 -1.05105 2.08592 0.914789 2.37009
1.72717 1.90392 -1.05105 2.08623 0.9152 2.36761
1.72717 1.90392 -1.05105 2.08654 0.915611 2.36513
1.72717 1.90392 -1.05105 2.08685 0.916022 2.36265
1.72717 1.90392 -1.05105 2.08716 0.916433 2.36017
1.72717 1.90392 -1.05105 2.08747 0.916844 2.35769
1.72717 1.90392 -1.05105 2.08778 0.917255 2.35521
1.72717 1.90392 -1.05105 2.0881 0.917666 2.35273
1.72717 1.90392 -1.05105 2.08841 0.918076 2.35025
1.72717 1.90392 -1.05105 2.08872 0.918487 2.34777
1.72717 1.90392 -1.05105 2.08903 0.918898 2.34529
1.72717 1.90392 -1.05105 2.08934 0.919309 2.34282
1.72717 1.90392 -1.05105 2.08965 0.91972 2.34034
1.72717 1.90392 -1.05105 2.08996 0.920131 2.33786
1.72717 1.90392 -1.05105 2.09027 0.920542 2.33538
1.72717 1.90392 -1.05105 2.09059 0.920953 2.3329
1.72717 1.90392 -1.05105 2.0909 0.921364 2.33042
1.72717 1.90392 -1.05105 2.09121 0.921775 2.32794
1.72717 1.90392 -1.05105 2.09152 0.922185 2.32546
1.72717 1.90392 -1.05105 2.09183 0.922596 2.32298
1.72717 1.90392 -1.05105 2.09214 0.923007 2.3205
1.72717 1.90392 -1.05105 2.09245 0.923418 2.31802
1.72717 1.90392 -1.05105 2.09276 0.923829 2.31554
1.72717 1.90392 -1.05105 2.09307 0.92424 2.31306
1.72717 1.90392 -1.05105 2.09339 0.924651 2.31058
1.72717 1.90392 -1.05105 2.0937 0.925062 2.30811
1.72717 1.90392 -1.05105 2.09401 0.925473 2.30563
1.72717 1.90392 -1.05105 2.09432 0.925884 2.30315
1.72717 1.90392 -1.05105 2.09463 0.926295 2.30067
1.72717 1.90392 -1.05105 2.09494 0.926705 2.29819
1.72717 1.90392 -1.05105 2.09525 0.927116 2.29571
1.72717 1.90392 -1.05105 2.09556 0.927527 2.29323
1.72717 1.90392 -1.05105 2.09587 0.927938 2.29075
1.72717 1.90392 -1.05105 2.09619 0.928349 2.28827
1.72717 1.90392 -1.05105 2.0965 0.92876 2.28579
1.72717 1.90392 -1.05105 2.09681 0.929171 2.28331
1.72717 1.90392 -1.05105 2.09712 0.929582 2.28083
1.72717 1.90392 -1.05105 2.09743 0.929993 2.27835
1.72717 1.90392 -1.05105 2.09774 0.930404 2.27587
1.72717 1.90392 -1.05105 2.09805 0.930815 2.27339
1.72717 1.90392 -1.05105 2.09836 0.931225 2.27092
1.72717 1.90392 -1.05105 2.09868 0.931636 2.26844
1.72717 1.90392 -1.05105 2.09899 0.932047 2.26596
1.72717 1.90392 -1.05105 2.0993 0.932458 2.26348
1.72717 1.90392 -1.05105 2.09961 0.932869 2.261
1.72717 1.90392 -1.05105 2.09992 0.93328 2.25852
1.72717 1.90392 -1.05105 2.10023 0.933691 2.25604
1.72717 1.90392 -1.05105 2.10054 0.934102 2.25356
1.72717 1.90392 -1.05105 2.10085 0.934513 2.25108
1.72717 1.90392 -1.05105 2.10116 0.934924 2.2486
1.72717 1.90392 -1.05105 2.10148 0.935334 2.24612
1.72717 1.90392 -1.05105 2.10179 0.935745 2.24364
1.72717 1.90392 -1.05105 2.1021 0.936156 2.24116
1.72717 1.90392 -1.05105 2.10241 0.936567 2.23868
1.72717 1.90392 -1.05105 2.10272 0.936978 2.23621
1.72717 1.90392 -1.05105 2.10303 0.937389 2.23373
1.72717 1.90392 -1.05105 2.10334 0.9378 2.23125
1.72717 1.90392 -1.05105 2.10365 0.938211 2.22877
1.72717 1.90392 -1.05105 2.10397 0.938622 2.22629
1.72717 1.90392 -1.05105 2.10428 0.939033 2.22381
1.72717 1.90392 -1.05105 2.10459 0.939444 2.22133
1.72717 1.90392 -1.05105 2.1049 0.939854 2.21885
1.72717 1.90392 -1.05105 2.10521 0.940265 2.21637
1.72717 1.90392 -1.05105 2.10552 0.940676 2.21389
1.72717 1.90392 -1.05105 2.10583 0.941087 2.21141
1.72717 1.90392 -1.05105 2.10614 0.941498 2.20893
1.72717 1.90392 -1.05105 2.10645 0.941909 2.20645
1.72717 1.90392 -1.05105 2.10677 0.94232 2.20397
1.72717 1.90392 -1.05105 2.10708 0.942731 2.2015
1.72717 1.90392 -1.05105 2.10739 0.943142 2.19902
1.72717 1.90392 -1.05105 2.1077 0.943553 2.19654
1.72717 1.90392 -1.05105 2.10801 0.943964 2.19406
1.72717 1.90392 -1.05105 2.10832 0.944374 2.19158
1.72717 1.90392 -1.05105 2.10863 0.944785 2.1891
1.72717 1.90392 -1.05105 2.10894 0.945196 2.18662
1.72717 1.90392 -1.05105 2.10925 0.945607 2.18414
1.72717 1.90392 -1.05105 2.10957 0.946018 2.18166
1.72717 1.90392 -1.05105 2.10988 0.946429 2.17918
1.72717 1.90392 -1.05105 2.11019 0.94684 2.1767
1.72717 1.90392 -1.05105 2.1105 0.947251 2.17422
1.72717 1.90392 -1.05105 2.11081 0.947662 2.17174
1.72717 1.90392 -1.05105 2.11112 0.948073 2.16926
1.72717 1.90392 -1.05105 2.11143 0.948483 2.16679
1.72717 1.90392 -1.05105 2.11174 0.948894 2.16431
1.72717 1.90392 -1.05105 2.11206 0.949305 2.16183
1.72717 1.90392 -1.05105 2.11237 0.949716 2.15935
1.72717 1.90392 -1.05105 2.11268 0.950127 2.15687
1.72717 1.90392 -1.05105 2.11299 0.950538 2.15439
1.72717 1.90392 -1.05105 2.1133 0.950949 2.15191
1.72717 1.90392 -1.05105 2.11361 0.95136 2.14943
1.72717 1.90392 -1.05105 2.11392 0.951771 2.14695
1.72717 1.90392 -1.05105 2.11423 0.952182 2.14447
1.72717 1.90392 -1.05105 2.11454 0.952593 2.14199
1.72717 1.90392 -1.05105 2.11486 0.953003 2.13951
1.72717 1.90392 -1.05105 2.11517 0.953414 2.13703
1.72717 1.90392 -1.05105 2.11548 0.953825 2.13455
1.72717 1.90392 -1.05105 2.11579 0.954236 2.13208
1.72717 1.90392 -1.05105 2.1161 0.954647 2.1296
1.72717 1.90392 -1.05105 2.11641 0.955058 2.12712
1.72717 1.90392 -1.05105 2.11672 0.955469 2.12464
1.72717 1.90392 -1.05105 2.11703 0.95588 2.12216
1.72717 1.90392 -1.05105 2.11735 0.956291 2.11968
1.72717 1.90392 -1.05105 2.11766 0.956702 2.1172
1.72717 1.90392 -1.05105 2.11797 0.957113 2.11472
1.72717 1.90392 -1.05105 2.11828 0.957523 2.11224
1.72717 1.90392 -1.05105 2.11859 0.957934 2.10976
1.72717 1.90392 -1.05105 2.1189 0.958345 2.10728
1.72717 1.90392 -1.05105 2.11921 0.958756 2.1048
1.72717 1.90392 -1.05105 2.11952 0.959167 2.10232
1.72717 1.90392 -1.05105 2.11983 0.959578 2.09984
1.72717 1.90392 -1.05105 2.12015 0.959989 2.09737
1.72717 1.90392 -1.05105 2.12046 0.9604 2.09489
1.72717 1.90392 -1.05105 2.12077 0.960811 2.09241
1.72717 1.90392 -1.05105 2.12108 0.961222 2.08993
1.72717 1.90392 -1.05105 2.12139 0.961632 2.08745
1.72717 1.90392 -1.05105 2.1217 0.962043 2.08497
1.72717 1.90392 -1.05105 2.12201 0.962454 2.08249
1.72717 1.90392 -1.05105 2.12232 0.962865 2.08001
1.72717 1.90392 -1.05105 2.12264 0.963276 2.07753
1.72717 1.90392 -1.05105 2.12295 0.963687 2.07505
1.72717 1.90392 -1.05105 2.12326 0.964098 2.07257
1.72717 1.90392 -1.05105 2.12357 0.964509 2.07009
1.72717 1.90392 -1.05105 2.12388 0.96492 2.06761
1.72717 1.90392 -1.05105 2.12419 0.965331 2.06513
1.72717 1.90392 -1.05105 2.1245 0.965742 2.06266
1.72717 1.90392 -1.05105 2.12481 0.966152 2.06018
1.72717 1.90392 -1.05105 2.12512 0.966563 2.0577
1.72717 1.90392 -1.05105 2.12544 0.966974 2.05522
1.72717 1.90392 -1.05105 2.12575 0.967385 2.05274
1.72717 1.90392 -1.05105 2.12606 0.967796 2.05026
1.72717 1.90392 -1.05105 2.12637 0.968207 2.04778
1.72717 1.90392 -1.05105 2.12668 0.968618 2.0453
1.72717 1.90392 -1.05105 2.12699 0.969029 2.04282
1.72717 1.90392 -1.05105 2.1273 0.96944 2.04034
1.72717 1.90392 -1.05105 2.12761 0.969851 2.03786
1.72717 1.90392 -1.05105 2.12792 0.970262 2.03538
1.72717 1.90392 -1.05105 2.12824 0.970672 2.0329
1.72717 1.90392 -1.05105 2.12855 0.971083 2.03042
1.72717 1.90392 -1.05105 2.12886 0.971494 2.02794
1.72717 1.90392 -1.05105 2.12917 0.971905 2.02547
1.72717 1.90392 -1.05105 2.12948 0.972316 2.02299
1.72717 1.90392 -1.05105 2.12979 0.972727 2.02051
1.72717 1.90392 -1.05105 2.1301 0.973138 2.01803
1.72717 1.90392 -1.05105 2.13041 0.973549 2.01555
1.72717 1.90392 -1.05105 2.13073 0.97396 2.01307
1.72717 1.90392 -1.05105 2.13104 0.974371 2.01059
1.72717 1.90392 -1.05105 2.13135 0.974781 2.00811
1.72717 1.90392 -1.05105 2.13166 0.975192 2.00563
1.72717 1.90392 -1.05105 2.13197 0.975603 2.00315
1.72717 1.90392 -1.05105 2.13228 0.976014 2.00067
1.72717 1.90392 -1.05105 2.13259 0.976425 1.99819
1.72717 1.90392 -1.05105 2.1329 0.976836 1.99571
1.72717 1.90392 -1.05105 2.13321 0.977247 1.99323
1.72717 1.90392 -1.05105 2.13353 0.977658 1.99076
1.72717 1.90392 -1.05105 2.13384 0.978069 1.98828
1.72717 1.90392 -1.05105 2.13415 0.97848 1.9858
1.72717 1.90392 -1.05105 2.13446 0.978891 1.98332
1.72717 1.90392 -1.05105 2.13477 0.979301 1.98084
1.72717 1.90392 -1.05105 2.13508 0.979712 1.97836
1.72717 1.90392 -1.05105 2.13539 0.980123 1.97588
1.72717 1.90392 -1.05105 2.1357 0.980534 1.9734
1.72717 1.90392 -1.05105 2.13602 0.980945 1.97092
1.72717 1.90392 -1.05105 2.13633 0.981356 1.96844
1.72717 1.90392 -1.05105 2.13664 0.981767 1.96596
1.72717 1.90392 -1.05105 2.13695 0.982178 1.96348
1.72717 1.90392 -1.05105 2.13726 0.982589 1.961
1.72717 1.90392 -1.05105 2.13757 0.983 1.95852
1.72717 1.90392 -1.05105 2.13788 0.98341 1.95605
1.72717 1.90392 -1.05105 2.13819 0.983821 1.95357
1.72717 1.90392 -1.05105 2.1385 0.984232 1.95109
1.72717 1.90392 -1.05105 2.13882 0.984643 1.94861
1.72717 1.90392 -1.05105 2.13913 0.985054 1.94613
1.72717 1.90392 -1.05105 2.13944 0.985465 1.94365
1.72717 1.90392 -1.05105 2.13975 0.985876 1.94117
1.72717 1.90392 -1.05105 2.14006 0.986287 1.93869
1.72717 1.90392 -1.05105 2.14037 0.986698 1.93621
1.72717 1.90392 -1.05105 2.14068 0.987109 1.93373
1.72717 1.90392 -1.05105 2.14099 0.98752 1.93125
1.72717 1.90392 -1.05105 2.1413 0.98793 1.92877
1.72717 1.90392 -1.05105 2.14162 0.988341 1.92629
1.72717 1.90392 -1.05105 2.14193 0.988752 1.92381
1.72717 1.90392 -1.05105 2.14224 0.989163 1.92134
1.72717 1.90392 -1.05105 2.14255 0.989574 1.91886
1.72717 1.90392 -1.05105 2.14286 0.989985 1.91638
1.72717 1.90392 -1.05105 2.14317 0.990396 1.9139
1.72717 1.90392 -1.05105 2.14348 0.990807 1.91142
1.72717 1.90392 -1.05105 2.14379 0.991218 1.90894
1.72717 1.90392 -1.05105 2.14411 0.991629 1.90646
1.72717 1.90392 -1.05105 2.14442 0.99204 1.90398
1.72717 1.90392 -1.05105 2.14473 0.99245 1.9015
1.72717 1.90392 -1.05105 2.14504 0.992861 1.89902
1.72717 1.90392 -1.05105 2.14535 0.993272 1.89654
1.72717 1.90392 -1.05105 2.14566 0.993683 1.89406
1.72717 1.90392 -1.05105 2.14597 0.994094 1.89158
1.72717 1.90392 -1.05105 2.14628 0.994505 1.8891
1.72717 1.90392 -1.05105 2.14659 0.994916 1.88663
1.72717 1.90392 -1.05105 2.14691 0.995327 1.88415
1.72717 1.90392 -1.05105 2.14722 0.995738 1.88167
1.72717 1.90392 -1.05105 2.14753 0.996149 1.87919
1.72717 1.90392 -1.05105 2.14784 0.996559 1.87671
1.72717 1.90392 -1.05105 2.14815 0.99697 1.87423
1.72717 1.90392 -1.05105 2.14846 0.997381 1.87175
1.72717 1.90392 -1.05105 2.14877 0.997792 1.86927
1.72717 1.90392 -1.05105 2.14908 0.998203 1.86679
1.72717 1.90392 -1.05105 2.1494 0.998614 1.86431
1.72717 1.90392 -1.05105 2.14971 0.999025 1.86183
1.72717 1.90392 -1.05105 2.15002 0.999436 1.85935
1.72717 1.90392 -1.05105 2.15033 0.999847 1.85687
1.72717 1.90392 -1.05105 2.15064 1.00026 1.85439
1.72717 1.90392 -1.05105 2.15095 1.00067 1.85192
1.72717 1.90392 -1.05105 2.15126 1.00108 1.84944
1.72717 1.90392 -1.05105 2.15157 1.00149 1.84696
1.72717 1.90392 -1.05105 2.15188 1.0019 1.84448
1.72717 1.90392 -1.05105 2.1522 1.00231 1.842
1.72717 1.90392 -1.05105 2.15251 1.00272 1.83952
1.72717 1.90392 -1.05105 2.15282 1.00313 1.83704
1.72717 1.90392 -1.05105 2.15313 1.00354 1.83456
1.72717 1.90392 -1.05105 2.15344 1.00396 1.83208
1.72717 1.90392 -1.05105 2.15375 1.00437 1.8296
1.72717 1.90392 -1.05105 2.15406 1.00478 1.82712
1.72717 1.90392 -1.05105 2.15437 1.00519 1.82464
1.72717 1.90392 -1.05105 2.15469 1.0056 1.82216
1.72717 1.90392 -1.05105 2.155 1.00601 1.81968
1.72717 1.90392 -1.05105 2.15531 1.00642 1.81721
1.72717 1.90392 -1.05105 2.15562 1.00683 1.81473
1.72717 1.90392 -1.05105 2.15593 1.00724 1.81225
1.72717 1.90392 -1.05105 2.15624 1.00765 1.80977
1.72717 1.90392 -1.05105 2.15655 1.00806 1.80729
1.72717 1.90392 -1.05105 2.15686 1.00848 1.80481
1.72717 1.90392 -1.05105 2.15717 1.00889 1.80233
1.72717 1.90392 -1.05105 2.15749 1.0093 1.79985
1.72717 1.90392 -1.05105 2.1578 1.00971 1.79737
1.72717 1.90392 -1.05105 2.15811 1.01012 1.79489
1.72717 1.90392 -1.05105 2.15842 1.01053 1.79241
1.72717 1.90392 -1.05105 2.15873 1.01094 1.78993
1.72717 1.90392 -1.05105 2.15904 1.01135 1.78745
1.72717 1.90392 -1.05105 2.15935 1.01176 1.78497
1.72717 1.90392 -1.05105 2.15966 1.01217 1.78249
1.72717 1.90392 -1.05105 2.15997 1.01258 1.78002
1.72717 1.90392 -1.05105 2.16029 1.013 1.77754
1.72717 1.90392 -1.05105 2.1606 1.01341 1.77506
1.72717 1.90392 -1.05105 2.16091 1.01382 1.77258
1.72717 1.90392 -1.05105 2.16122 1.01423 1.7701
1.72717 1.90392 -1.05105 2.16153 1.01464 1.76762
1.72717 1.90392 -1.05105 2.16184 1.01505 1.76514
1.72717 1.90392 -1.05105 2.16215 1.01546 1.76266
1.72717 1.90392 -1.05105 2.16246 1.01587 1.76018
1.72717 1.90392 -1.05105 2.16278 1.01628 1.7577
1.72717 1.90392 -1.05105 2.16309 1.01669 1.75522
1.72717 1.90392 -1.05105 2.1634 1.0171 1.75274
1.72717 1.90392 -1.05105 2.16371 1.01752 1.75026
1.72717 1.90392 -1.05105 2.16402 1.01793 1.74778
1.72717 1.90392 -1.05105 2.16433 1.01834 1.74531
1.72717 1.90392 -1.05105 2.16464 1.01875 1.74283
1.72717 1.90392 -1.05105 2.16495 1.01916 1.74035
1.72717 1.90392 -1.05105 2.16526 1.01957 1.73787
1.72717 1.90392 -1.05105 2.16558 1.01998 1.73539
1.72717 1.90392 -1.05105 2.16589 1.02039 1.73291
1.72717 1.90392 -1.05105 2.1662 1.0208 1.73043
1.72717 1.90392 -1.05105 2.16651 1.02121 1.72795
1.72717 1.90392 -1.05105 2.16682 1.02162 1.72547
1.72717 1.90392 -1.05105 2.16713 1.02204 1.72299
1.72717 1.90392 -1.05105 2.16744 1.02245 1.72051
1.72717 1.90392 -1.05105 2.16775 1.02286 1.71803
1.72717 1.90392 -1.05105 2.16807 1.02327 1.71555
1.72717 1.90392 -1.05105 2.16838 1.02368 1.71307
1.72717 1.90392 -1.05105 2.16869 1.02409 1.7106
1.72717 1.90392 -1.05105 2.169 1.0245 1.70812
1.72717 1.90392 -1.05105 2.16931 1.02491 1.70564
1.72717 1.90392 -1.05105 2.16962 1.02532 1.70316
1.72717 1.90392 -1.05105 2.16993 1.02573 1.70068
1.72717 1.90392 -1.05105 2.17024 1.02614 1.6982
1.72717 1.90392 -1.05105 2.17055 1.02656 1.69572
1.72717 1.90392 -1.05105 2.17087 1.02697 1.69324
1.72717 1.90392 -1.05105 2.17118 1.02738 1.69076
1.72717 1.90392 -1.05105 2.17149 1.02779 1.68828
1.72717 1.90392 -1.05105 2.1718 1.0282 1.6858
1.72717 1.90392 -1.05105 2.17211 1.02861 1.68332
1.72717 1.90392 -1.05105 2.17242 1.02902 1.68084
1.72717 1.90392 -1.05105 2.17273 1.02943 1.67836
1.72717 1.90392 -1.05105 2.17304 1.02984 1.67589
1.72717 1.90392 -1.05105 2.17335 1.03025 1.67341
1.72717 1.90392 -1.05105 2.17367 1.03066 1.67093
1.72717 1.90392 -1.05105 2.17398 1.03108 1.66845
1.72717 1.90392 -1.05105 2.17429 1.03149 1.66597
1.72717 1.90392 -1.05105 2.1746 1.0319 1.66349
1.72717 1.90392 -1.05105 2.17491 1.03231 1.66101
1.72717 1.90392 -1.05105 2.17522 1.03272 1.65853
1.72717 1.90392 -1.05105 2.17553 1.03313 1.65605
1.72717 1.90392 -1.05105 2.17584 1.03354 1.65357
1.72717 1.90392 -1.05105 2.17616 1.03395 1.65109
1.72717 1.90392 -1.05105 2.17647 1.03436 1.64861
1.72717 1.90392 -1.05105 2.17678 1.03477 1.64613
1.72717 1.90392 -1.05105 2.17709 1.03518 1.64365
1.72717 1.90392 -1.05105 2.1774 1.0356 1.64118
1.72717 1.90392 -1.05105 2.17771 1.03601 1.6387
1.72717 1.90392 -1.05105 2.17802 1.03642 1.63622
1.72717 1.90392 -1.05105 2.17833 1.03683 1.63374
1.72717 1.90392 -1.05105 2.17864 1.03724 1.63126
1.72717 1.90392 -1.05105 2.17896 1.03765 1.62878
1.72717 1.90392 -1.05105 2.17927 1.03806 1.6263
1.72717 1.90392 -1.05105 2.17958 1.03847 1.62382
1.72717 1.90392 -1.05105 2.17989 1.03888 1.62134
1.72717 1.90392 -1.05105 2.1802 1.03929 1.61886
1.72717 1.90392 -1.05105 2.18051 1.0397 1.61638
1.72717 1.90392 -1.05105 2.18082 1.04012 1.6139
1.72717 1.90392 -1.05105 2.18113 1.04053 1.61142
1.72717 1.90392 -1.05105 2.18145 1.04094 1.60894
1.72717 1.90392 -1.05105 2.18176 1.04135 1.60647
1.72717 1.90392 -1.05105 2.18207 1.04176 1.60399
1.72717 1.90392 -1.05105 2.18238 1.04217 1.60151
1.72717 1.90392 -1.05105 2.18269 1.04258 1.59903
1.72717 1.90392 -1.05105 2.183 1.04299 1.59655
1.72717 1.90392 -1.05105 2.18331 1.0434 1.59407
1.72717 1.90392 -1.05105 2.18362 1.04381 1.59159
1.72717 1.90392 -1.05105 2.18393 1.04422 1.58911
1.72717 1.90392 -1.05105 2.18425 1.04464 1.58663
1.72717 1.90392 -1.05105 2.18456 1.04505 1.58415
1.72717 1.90392 -1.05105 2.18487 1.04546 1.58167
1.72717 1.90392 -1.05105 2.18518 1.04587 1.57919
1.72717 1.90392 -1.05105 2.18549 1.04628 1.57671
1.72717 1.90392 -1.05105 2.1858 1.04669 1.57423
1.72717 1.90392 -1.05105 2.18611 1.0471 1.57176
1.72717 1.90392 -1.05105 2.18642 1.04751 1.56928
1.72717 1.90392 -1.05105 2.18674 1.04792 1.5668
1.72717 1.90392 -1.05105 2.18705 1.04833 1.56432
1.72717 1.90392 -1.05105 2.18736 1.04874 1.56184
1.72717 1.90392 -1.05105 2.18767 1.04916 1.55936
1.72717 1.90392 -1.05105 2.18798 1.04957 1.55688
1.72717 1.90392 -1.05105 2.18829 1.04998 1.5544
1.72717 1.90392 -1.05105 2.1886 1.05039 1.55192
1.72717 1.90392 -1.05105 2.18891 1.0508 1.54944
1.72717 1.90392 -1.05105 2.18922 1.05121 1.54696
1.72717 1.90392 -1.05105 2.18954 1.05162 1.54448
1.72717 1.90392 -1.05105 2.18985 1.05203 1.542
1.72717 1.90392 -1.05105 2.19016 1.05244 1.53952
1.72717 1.90392 -1.05105 2.19047 1.05285 1.53705
1.72717 1.90392 -1.05105 2.19078 1.05326 1.53457
1.72717 1.90392 -1.05105 2.19109 1.05368 1.53209
1.72717 1.90392 -1.05105 2.1914 1.05409 1.52961
1.72717 1.90392 -1.05105 2.19171 1.0545 1.52713
1.72717 1.90392 -1.05105 2.19202 1.05491 1.52465
1.72717 1.90392 -1.05105 2.19234 1.05532 1.52217
1.72717 1.90392 -1.05105 2.19265 1.05573 1.51969
1.72717 1.90392 -1.05105 2.19296 1.05614 1.51721
1.72717 1.90392 -1.05105 2.19327 1.05655 1.51473
1.72717 1.90392 -1.05105 2.19358 1.05696 1.51225
1.72717 1.90392 -1.05105 2.19389 1.05737 1.50977
1.72717 1.90392 -1.05105 2.1942 1.05778 1.50729
1.72717 1.90392 -1.05105 2.19451 1.0582 1.50481
1.72717 1.90392 -1.05105 2.19483 1.05861 1.50233
1.72717 1.90392 -1.05105 2.19514 1.05902 1.49986
1.72717 1.90392 -1.05105 2.19545 1.05943 1.49738
1.72717 1.90392 -1.05105 2.19576 1.05984 1.4949
1.72717 1.90392 -1.05105 2.19607 1.06025 1.49242
1.72717 1.90392 -1.05105 2.19638 1.06066 1.48994
1.72717 1.90392 -1.05105 2.19669 1.06107 1.48746
1.72717 1.90392 -1.05105 2.197 1.06148 1.48498
1.72717 1.90392 -1.05105 2.19731 1.06189 1.4825
1.72717 1.90392 -1.05105 2.19763 1.0623 1.48002
1.72717 1.90392 -1.05105 2.19794 1.06272 1.47754
1.72717 1.90392 -1.05105 2.19825 1.06313 1.47506
1.72717 1.90392 -1.05105 2.19856 1.06354 1.47258
1.72717 1.90392 -1.05105 2.19887 1.06395 1.4701
1.72717 1.90392 -1.05105 2.19918 1.06436 1.46762
1.72717 1.90392 -1.05105 2.19949 1.06477 1.46515
1.72717 1.90392 -1.05105 2.1998 1.06518 1.46267
1.72717 1.90392 -1.05105 2.20012 1.06559 1.46019
1.72717 1.90392 -1.05105 2.20043 1.066 1.45771
1.72717 1.90392 -1.05105 2.20074 1.06641 1.45523
1.72717 1.90392 -1.05105 2.20105 1.06682 1.45275
1.72717 1.90392 -1.05105 2.20136 1.06724 1.45027
1.72717 1.90392 -1.05105 2.20167 1.06765 1.44779
1.72717 1.90392 -1.05105 2.20198 1.06806 1.44531
1.72717 1.90392 -1.05105 2.20229 1.06847 1.44283
1.72717 1.90392 -1.05105 2.2026 1.06888 1.44035
1.72717 1.90392 -1.05105 2.20292 1.06929 1.43787
1.72717 1.90392 -1.05105 2.20323 1.0697 1.43539
1.72717 1.90392 -1.05105 2.20354 1.07011 1.43291
1.72717 1.90392 -1.05105 2.20385 1.07052 1.43044
1.72717 1.90392 -1.05105 2.20416 1.07093 1.42796
1.72717 1.90392 -1.05105 2.20447 1.07134 1.42548
1.72717 1.90392 -1.05105 2.20478 1.07176 1.423
1.72717 1.90392 -1.05105 2.20509 1.07217 1.42052
1.72717 1.90392 -1.05105 2.2054 1.07258 1.41804
1.72717 1.90392 -1.05105 2.20572 1.07299 1.41556
1.72717 1.90392 -1.05105 2.20603 1.0734 1.41308
1.72717 1.90392 -1.05105 2.20634 1.07381 1.4106
1.72717 1.90392 -1.05105 2.20665 1.07422 1.40812
1.72717 1.90392 -1.05105 2.20696 1.07463 1.40564
1.72717 1.90392 -1.05105 2.20727 1.07504 1.40316
1.72717 1.90392 -1.05105 2.20758 1.07545 1.40068
1.72717 1.90392 -1.05105 2.20789 1.07586 1.3982
1.72717 1.90392 -1.05105 2.20821 1.07628 1.39573
1.72717 1.90392 -1.05105 2.20852 1.07669 1.39325
1.72717 1.90392 -1.05105 2.20883 1.0771 1.39077
1.72717 1.90392 -1.05105 2.20914 1.07751 1.38829
1.72717 1.90392 -1.05105 2.20945 1.07792 1.38581
1.72717 1.90392 -1.05105 2.20976 1.07833 1.38333
1.72717 1.90392 -1.05105 2.21007 1.07874 1.38085
1.72717 1.90392 -1.05105 2.21038 1.07915 1.37837
1.72717 1.90392 -1.05105 2.21069 1.07956 1.37589
1.72717 1.90392 -1.05105 2.21101 1.07997 1.37341
1.72717 1.90392 -1.05105 2.21132 1.08038 1.37093
1.72717 1.90392 -1.05105 2.21163 1.0808 1.36845
1.72717 1.90392 -1.05105 2.21194 1.08121 1.36597
1.72717 1.90392 -1.05105 2.21225 1.08162 1.36349
1.72717 1.90392 -1.05105 2.21256 1.08203 1.36102
1.72717 1.90392 -1.05105 2.21287 1.08244 1.35854
1.72717 1.90392 -1.05105 2.21318 1.08285 1.35606
1.72717 1.90392 -1.05105 2.2135 1.08326 1.35358
1.72717 1.90392 -1.05105 2.21381 1.08367 1.3511
1.72717 1.90392 -1.05105 2.21412 1.08408 1.34862
1.72717 1.90392 -1.05105 2.21443 1.08449 1.34614
1.72717 1.90392 -1.05105 2.21474 1.0849 1.34366
1.72717 1.90392 -1.05105 2.21505 1.08532 1.34118
1.72717 1.90392 -1.05105 2.21536 1.08573 1.3387
1.72717 1.90392 -1.05105 2.21567 1.08614 1.33622
1.72717 1.90392 -1.05105 2.21598 1.08655 1.33374
1.72717 1.90392 -1.05105 2.2163 1.08696 1.33126
1.72717 1.90392 -1.05105 2.21661 1.08737 1.32878
1.72717 1.90392 -1.05105 2.21692 1.08778 1.32631
1.72717 1.90392 -1.05105 2.21723 1.08819 1.32383
1.72717 1.90392 -1.05105 2.21754 1.0886 1.32135
1.72717 1.90392 -1.05105 2.21785 1.08901 1.31887
1.72717 1.90392 -1.05105 2.21816 1.08942 1.31639
1.72717 1.90392 -1.05105 2.21847 1.08984 1.31391
1.72717 1.90392 -1.05105 2.21879 1.09025 1.31143
1.72717 1.90392 -1.05105 2.2191 1.09066 1.30895
1.72717 1.90392 -1.05105 2.21941 1.09107 1.30647
1.72717 1.90392 -1.05105 2.21972 1.09148 1.30399
1.72717 1.90392 -1.05105 2.22003 1.09189 1.30151
1.72717 1.90392 -1.05105 2.22034 1.0923 1.29903
1.72717 1.90392 -1.05105 2.22065 1.09271 1.29655
1.72717 1.90392 -1.05105 2.22096 1.09312 1.29407
1.72717 1.90392 -1.05105 2.22127 1.09353 1.2916
1.72717 1.90392 -1.05105 2.22159 1.09394 1.28912
1.72717 1.90392 -1.05105 2.2219 1.09436 1.28664
1.72717 1.90392 -1.05105 2.22221 1.09477 1.28416
1.72717 1.90392 -1.05105 2.22252 1.09518 1.28168
1.72717 1.90392 -1.05105 2.22283 1.09559 1.2792
1.72717 1.90392 -1.05105 2.22314 1.096 1.27672
1.72717 1.90392 -1.05105 2.22345 1.09641 1.27424
1.72717 1.90392 -1.05105 2.22376 1.09682 1.27176
1.72717 1.90392 -1.05105 2.22407 1.09723 1.26928
1.72717 1.90392 -1.05105 2.22439 1.09764 1.2668
1.72717 1.90392 -1.05105 2.2247 1.09805 1.26432
1.72717 1.90392 -1.05105 2.22501 1.09846 1.26184
1.72717 1.90392 -1.05105 2.22532 1.09888 1.25936
1.72717 1.90392 -1.05105 2.22563 1.09929 1.25688
1.72717 1.90392 -1.05105 2.22594 1.0997 1.25441
1.72717 1.90392 -1.05105 2.22625 1.10011 1.25193
1.72717 1.90392 -1.05105 2.22656 1.10052 1.24945
1.72717 1.90392 -1.05105 2.22688 1.10093 1.24697
1.72717 1.90392 -1.05105 2.22719 1.10134 1.24449
1.72717 1.90392 -1.05105 2.2275 1.10175 1.24201
1.72717 1.90392 -1.05105 2.22781 1.10216 1.23953
1.72717 1.90392 -1.05105 2.22812 1.10257 1.23705
1.72717 1.90392 -1.05105 2.22843 1.10298 1.23457
1.72717 1.90392 -1.05105 2.22874 1.1034 1.23209
1.72717 1.90392 -1.05105 2.22905 1.10381 1.22961
1.72717 1.90392 -1.05105 2.22936 1.10422 1.22713
1.72717 1.90392 -1.05105 2.22968 1.10463 1.22465
1.72717 1.90392 -1.05105 2.22999 1.10504 1.22217
1.72717 1.90392 -1.05105 2.2303 1.10545 1.2197
1.72717 1.90392 -1.05105 2.23061 1.10586 1.21722
1.72717 1.90392 -1.05105 2.23092 1.10627 1.21474
1.72717 1.90392 -1.05105 2.23123 1.10668 1.21226
1.72717 1.90392 -1.05105 2.23154 1.10709 1.20978
1.72717 1.90392 -1.05105 2.23185 1.1075 1.2073
1.72717 1.90392 -1.05105 2.23217 1.10792 1.20482
1.72717 1.90392 -1.05105 2.23248 1.10833 1.20234
1.72717 1.90392 -1.05105 2.23279 1.10874 1.19986
1.72717 1.90392 -1.05105 2.2331 1.10915 1.19738
1.72717 1.90392 -1.05105 2.23341 1.10956 1.1949
1.72717 1.90392 -1.05105 2.23372 1.10997 1.19242
1.72717 1.90392 -1.05105 2.23403 1.11038 1.18994
1.72717 1.90392 -1.05105 2.23434 1.11079 1.18746
1.72717 1.90392 -1.05105 2.23465 1.1112 1.18499
1.72717 1.90392 -1.05105 2.23497 1.11161 1.18251
1.72717 1.90392 -1.05105 2.23528 1.11202 1.18003
1.72717 1.90392 -1.05105 2.23559 1.11244 1.17755
1.72717 1.90392 -1.05105 2.2359 1.11285 1.17507
1.72717 1.90392 -1.05105 2.23621 1.11326 1.17259
1.72717 1.90392 -1.05105 2.23652 1.11367 1.17011
1.72717 1.90392 -1.05105 2.23683 1.11408 1.16763
1.72717 1.90392 -1.05105 2.23714 1.11449 1.16515
1.72717 1.90392 -1.05105 2.23745 1.1149 1.16267
1.72717 1.90392 -1.05105 2.23777 1.11531 1.16019
1.72717 1.90392 -1.05105 2.23808 1.11572 1.15771
1.72717 1.90392 -1.05105 2.23839 1.11613 1.15523
1.72717 1.90392 -1.05105 2.2387 1.11654 1.15275
1.72717 1.90392 -1.05105 2.23901 1.11696 1.15028
1.72717 1.90392 -1.05105 2.23932 1.11737 1.1478
1.72717 1.90392 -1.05105 2.23963 1.11778 1.14532
1.72717 1.90392 -1.05105 2.23994 1.11819 1.14284
1.72717 1.90392 -1.05105 2.24026 1.1186 1.14036
1.72717 1.90392 -1.05105 2.24057 1.11901 1.13788
1.72717 1.90392 -1.05105 2.24088 1.11942 1.1354
1.72717 1.90392 -1.05105 2.24119 1.11983 1.13292
1.72717 1.90392 -1.05105 2.2415 1.12024 1.13044
1.72717 1.90392 -1.05105 2.24181 1.12065 1.12796
1.72717 1.90392 -1.05105 2.24212 1.12106 1.12548
1.72717 1.90392 -1.05105 2.24243 1.12147 1.123
1.72717 1.90392 -1.05105 2.24274 1.12189 1.12052
1.72717 1.90392 -1.05105 2.24306 1.1223 1.11804
1.72717 1.90392 -1.05105 2.24337 1.12271 1.11557
1.72717 1.90392 -1.05105 2.24368 1.12312 1.11309
1.72717 1.90392 -1.05105 2.24399 1.12353 1.11061
1.72717 1.90392 -1.05105 2.2443 1.12394 1.10813
1.72717 1.90392 -1.05105 2.24461 1.12435 1.10565
1.72717 1.90392 -1.05105 2.24492 1.12476 1.10317
1.72717 1.90392 -1.05105 2.24523 1.12517 1.10069
1.72717 1.90392 -1.05105 2.24555 1.12558 1.09821
1.72717 1.90392 -1.05105 2.24586 1.12599 1.09573
1.72717 1.90392 -1.05105 2.24617 1.12641 1.09325
1.72717 1.90392 -1.05105 2.24648 1.12682 1.09077
1.72717 1.90392 -1.05105 2.24679 1.12723 1.08829
1.72717 1.90392 -1.05105 2.2471 1.12764 1.08581
1.72717 1.90392 -1.05105 2.24741 1.12805 1.08333
1.72717 1.90392 -1.05105 2.24772 1.12846 1.08086
1.72717 1.90392 -1.05105 2.24803 1.12887 1.07838
1.72717 1.90392 -1.05105 2.24835 1.12928 1.0759
1.72717 1.90392 -1.05105 2.24866 1.12969 1.07342
1.72717 1.90392 -1.05105 2.24897 1.1301 1.07094
1.72717 1.90392 -1.05105 2.24928 1.13051 1.06846
1.72717 1.90392 -1.05105 2.24959 1.13093 1.06598
1.72717 1.90392 -1.05105 2.2499 1.13134 1.0635
1.72717 1.90392 -1.05105 2.25021 1.13175 1.06102
1.72717 1.90392 -1.05105 2.25052 1.13216 1.05854
1.72717 1.90392 -1.05105 2.25084 1.13257 1.05606
1.72717 1.90392 -1.05105 2.25115 1.13298 1.05358
1.72717 1.90392 -1.05105 2.25146 1.13339 1.0511
1.72717 1.90392 -1.05105 2.25177 1.1338 1.04862
1.72717 1.90392 -1.05105 2.25208 1.13421 1.04615
1.72717 1.90392 -1.05105 2.25239 1.13462 1.04367
1.72717 1.90392 -1.05105 2.2527 1.13503 1.04119
1.72717 1.90392 -1.05105 2.25301 1.13545 1.03871
1.72717 1.90392 -1.05105 2.25332 1.13586 1.03623
1.72717 1.90392 -1.05105 2.25364 1.13627 1.03375
1.72717 1.90392 -1.05105 2.25395 1.13668 1.03127
1.72717 1.90392 -1.05105 2.25426 1.13709 1.02879
1.72717 1.90392 -1.05105 2.25457 1.1375 1.02631
1.72717 1.90392 -1.05105 2.25488 1.13791 1.02383
1.72717 1.90392 -1.05105 2.25519 1.13832 1.02135
1.72717 1.90392 -1.05105 2.2555 1.13873 1.01887
1.72717 1.90392 -1.05105 2.25581 1.13914 1.01639
1.72717 1.90392 -1.05105 2.25612 1.13955 1.01391
1.72717 1.90392 -1.05105 2.25644 1.13997 1.01144
1.72717 1.90392 -1.05105 2.25675 1.14038 1.00896
1.72717 1.90392 -1.05105 2.25706 1.14079 1.00648
1.72717 1.90392 -1.05105 2.25737 1.1412 1.004
1.72717 1.90392 -1.05105 2.25768 1.14161 1.00152
1.72717 1.90392 -1.05105 2.25799 1.14202 0.999039
1.72717 1.90392 -1.05105 2.2583 1.14243 0.996559
1.72717 1.90392 -1.05105 2.25861 1.14284 0.99408
1.72717 1.90392 -1.05105 2.25893 1.14325 0.991601
1.72717 1.90392 -1.05105 2.25924 1.14366 0.989121
1.72717 1.90392 -1.05105 2.25955 1.14407 0.986642
1.72717 1.90392 -1.05105 2.25986 1.14449 0.984163
1.72717 1.90392 -1.05105 2.26017 1.1449 0.981684
1.72717 1.90392 -1.05105 2.26048 1.14531 0.979204
1.72717 1.90392 -1.05105 2.26079 1.14572 0.976725
1.72717 1.90392 -1.05105 2.2611 1.14613 0.974246
1.72717 1.90392 -1.05105 2.26141 1.14654 0.971766
1.72717 1.90392 -1.05105 2.26173 1.14695 0.969287
1.72717 1.90392 -1.05105 2.26204 1.14736 0.966808
1.72717 1.90392 -1.05105 2.26235 1.14777 0.964328
1.72717 1.90392 -1.05105 2.26266 1.14818 0.961849
1.72717 1.90392 -1.05105 2.26297 1.14859 0.95937
1.72717 1.90392 -1.05105 2.26328 1.14901 0.956891
1.72717 1.90392 -1.05105 2.26359 1.14942 0.954411
1.72717 1.90392 -1.05105 2.2639 1.14983 0.951932
1.72717 1.90392 -1.05105 2.26422 1.15024 0.949453
1.72717 1.90392 -1.05105 2.26453 1.15065 0.946973
1.72717 1.90392 -1.05105 2.26484 1.15106 0.944494
1.72717 1.90392 -1.05105 2.26515 1.15147 0.942015
1.72717 1.90392 -1.05105 2.26546 1.15188 0.939536
1.72717 1.90392 -1.05105 2.26577 1.15229 0.937056
1.72717 1.90392 -1.05105 2.26608 1.1527 0.934577
1.72717 1.90392 -1.05105 2.26639 1.15311 0.932098
1.72717 1.90392 -1.05105 2.2667 1.15353 0.929618
1.72717 1.90392 -1.05105 2.26702 1.15394 0.927139
1.72717 1.90392 -1.05105 2.26733 1.15435 0.92466
1.72717 1.90392 -1.05105 2.26764 1.15476 0.92218
1.72717 1.90392 -1.05105 2.26795 1.15517 0.919701
1.72717 1.90392 -1.05105 2.26826 1.15558 0.917222
1.72717 1.90392 -1.05105 2.26857 1.15599 0.914743
1.72717 1.90392 -1.05105 2.26888 1.1564 0.912263
1.72717 1.90392 -1.05105 2.26919 1.15681 0.909784
1.72717 1.90392 -1.05105 2.2695 1.15722 0.907305
1.72717 1.90392 -1.05105 2.26982 1.15763 0.904825
1.72717 1.90392 -1.05105 2.27013 1.15805 0.902346
1.72717 1.90392 -1.05105 2.27044 1.15846 0.899867
1.72717 1.90392 -1.05105 2.27075 1.15887 0.897388
1.72717 1.90392 -1.05105 2.27106 1.15928 0.894908
1.72717 1.90392 -1.05105 2.27137 1.15969 0.892429
1.72717 1.90392 -1.05105 2.27168 1.1601 0.88995
1.72717 1.90392 -1.05105 2.27199 1.16051 0.88747
1.72717 1.90392 -1.05105 2.27231 1.16092 0.884991
1.72717 1.90392 -1.05105 2.27262 1.16133 0.882512
1.72717 1.90392 -1.05105 2.27293 1.16174 0.880033
1.72717 1.90392 -1.05105 2.27324 1.16215 0.877553
1.72717 1.90392 -1.05105 2.27355 1.16257 0.875074
1.72717 1.90392 -1.05105 2.27386 1.16298 0.872595
1.72717 1.90392 -1.05105 2.27417 1.16339 0.870115
1.72717 1.90392 -1.05105 2.27448 1.1638 0.867636
1.72717 1.90392 -1.05105 2.27479 1.16421 0.865157
1.72717 1.90392 -1.05105 2.27511 1.16462 0.862677
1.72717 1.90392 -1.05105 2.27542 1.16503 0.860198
1.72717 1.90392 -1.05105 2.27573 1.16544 0.857719
1.72717 1.90392 -1.05105 2.27604 1.16585 0.85524
1.72717 1.90392 -1.05105 2.27635 1.16626 0.85276
1.72717 1.90392 -1.05105 2.27666 1.16667 0.850281
1.72717 1.90392 -1.05105 2.27697 1.16709 0.847802
1.72717 1.90392 -1.05105 2.27728 1.1675 0.845322
1.72717 1.90392 -1.05105 2.2776 1.16791 0.842843
1.72717 1.90392 -1.05105 2.27791 1.16832 0.840364
1.72717 1.90392 -1.05105 2.27822 1.16873 0.837885
1.72717 1.90392 -1.05105 2.27853 1.16914 0.835405
1.72717 1.90392 -1.05105 2.27884 1.16955 0.832926
1.72717 1.90392 -1.05105 2.27915 1.16996 0.830447
1.72717 1.90392 -1.05105 2.27946 1.17037 0.827967
1.72717 1.90392 -1.05105 2.27977 1.17078 0.825488
1.72717 1.90392 -1.05105 2.28008 1.17119 0.823009
1.72717 1.90392 -1.05105 2.2804 1.17161 0.820529
1.72717 1.90392 -1.05105 2.28071 1.17202 0.81805
1.72717 1.90392 -1.05105 2.28102 1.17243 0.815571
1.72717 1.90392 -1.05105 2.28133 1.17284 0.813092
1.72717 1.90392 -1.05105 2.28164 1.17325 0.810612
1.72717 1.90392 -1.05105 2.28195 1.17366 0.808133
1.72717 1.90392 -1.05105 2.28226 1.17407 0.805654
1.72717 1.90392 -1.05105 2.28257 1.17448 0.803174
1.72717 1.90392 -1.05105 2.28289 1.17489 0.800695
1.72717 1.90392 -1.05105 2.2832 1.1753 0.798216
1.72717 1.90392 -1.05105 2.28351 1.17571 0.795737
1.72717 1.90392 -1.05105 2.28382 1.17613 0.793257
1.72717 1.90392 -1.05105 2.28413 1.17654 0.790778
1.72717 1.90392 -1.05105 2.28444 1.17695 0.788299
1.72717 1.90392 -1.05105 2.28475 1.17736 0.785819
1.72717 1.90392 -1.05105 2.28506 1.17777 0.78334
1.72717 1.90392 -1.05105 2.28537 1.17818 0.780861
1.72717 1.90392 -1.05105 2.28569 1.17859 0.778382
1.72717 1.90392 -1.05105 2.286 1.179 0.775902
1.72717 1.90392 -1.05105 2.28631 1.17941 0.773423
1.72717 1.90392 -1.05105 2.28662 1.17982 0.770944
1.72717 1.90392 -1.05105 2.28693 1.18023 0.768464
1.72717 1.90392 -1.05105 2.28724 1.18065 0.765985
1.72717 1.90392 -1.05105 2.28755 1.18106 0.763506
1.72717 1.90392 -1.05105 2.28786 1.18147 0.761026
1.72717 1.90392 -1.05105 2.28817 1.18188 0.758547
1.72717 1.90392 -1.05105 2.28849 1.18229 0.756068
1.72717 1.90392 -1.05105 2.2888 1.1827 0.753589
1.72717 1.90392 -1.05105 2.28911 1.18311 0.751109
1.72717 1.90392 -1.05105 2.28942 1.18352 0.74863
1.72717 1.90392 -1.05105 2.28973 1.18393 0.746151
1.72717 1.90392 -1.05105 2.29004 1.18434 0.743671
1.72717 1.90392 -1.05105 2.29035 1.18475 0.741192
1.72717 1.90392 -1.05105 2.29066 1.18517 0.738713
1.72717 1.90392 -1.05105 2.29098 1.18558 0.736234
1.72717 1.90392 -1.05105 2.29129 1.18599 0.733754
1.72717 1.90392 -1.05105 2.2916 1.1864 0.731275
1.72717 1.90392 -1.05105 2.29191 1.18681 0.728796
1.72717 1.90392 -1.05105 2.29222 1.18722 0.726316
1.72717 1.90392 -1.05105 2.29253 1.18763 0.723837
1.72717 1.90392 -1.05105 2.29284 1.18804 0.721358
1.72717 1.90392 -1.05105 2.29315 1.18845 0.718879
1.72717 1.90392 -1.05105 2.29346 1.18886 0.716399
1.72717 1.90392 -1.05105 2.29378 1.18927 0.71392
1.72717 1.90392 -1.05105 2.29409 1.18969 0.711441
1.72717 1.90392 -1.05105 2.2944 1.1901 0.708961
1.72717 1.90392 -1.05105 2.29471 1.19051 0.706482
1.72717 1.90392 -1.05105 2.29502 1.19092 0.704003
1.72717 1.90392 -1.05105 2.29533 1.19133 0.701523
1.72717 1.90392 -1.05105 2.29564 1.19174 0.699044
1.72717 1.90392 -1.05105 2.29595 1.19215 0.696565
1.72717 1.90392 -1.05105 2.29627 1.19256 0.694086
1.72717 1.90392 -1.05105 2.29658 1.19297 0.691606
1.72717 1.90392 -1.05105 2.29689 1.19338 0.689127
1.72717 1.90392 -1.05105 2.2972 1.19379 0.686648
1.72717 1.90392 -1.05105 2.29751 1.19421 0.684168
1.72717 1.90392 -1.05105 2.29782 1.19462 0.681689
1.72717 1.90392 -1.05105 2.29813 1.19503 0.67921
1.72717 1.90392 -1.05105 2.29844 1.19544 0.676731
1.72717 1.90392 -1.05105 2.29875 1.19585 0.674251
1.72717 1.90392 -1.05105 2.29907 1.19626 0.671772
1.72717 1.90392 -1.05105 2.29938 1.19667 0.669293
1.72717 1.90392 -1.05105 2.29969 1.19708 0.666813
1.72717 1.90392 -1.05105 2.3 1.19749 0.664334
1.72717 1.90392 -1.05105 2.30031 1.1979 0.661855
1.72717 1.90392 -1.05105 2.30062 1.19831 0.659375
1.72717 1.90392 -1.05105 2.30093 1.19873 0.656896
1.72717 1.90392 -1.05105 2.30124 1.19914 0.654417
