1.01728 -1.84928 1.28919 1.29783 1.73826 2.10783
1.01968 -1.85058 1.28624 1.29783 1.73826 2.10783
1.02208 -1.85187 1.28328 1.29783 1.73826 2.10783
1.02448 -1.85317 1.28032 1.29783 1.73826 2.10783
1.02689 -1.85446 1.27736 1.29783 1.73826 2.10783
1.02929 -1.85575 1.2744 1.29783 1.73826 2.10783
1.03169 -1.85705 1.27145 1.29783 1.73826 2.10783
1.0341 -1.85834 1.26849 1.29783 1.73826 2.10783
1.0365 -1.85964 1.26553 1.29783 1.73826 2.10783
1.0389 -1.86093 1.26257 1.29783 1.73826 2.10783
1.0413 -1.86223 1.25961 1.29783 1.73826 2.10783
1.04371 -1.86352 1.25665 1.29783 1.73826 2.10783
1.04611 -1.86482 1.2537 1.29783 1.73826 2.10783
1.04851 -1.86611 1.25074 1.29783 1.73826 2.10783
1.05092 -1.86741 1.24778 1.29783 1.73826 2.10783
1.05332 -1.8687 1.24482 1.29783 1.73826 2.10783
1.05572 -1.86999 1.24186 1.29783 1.73826 2.10783
1.05812 -1.87129 1.23891 1.29783 1.73826 2.10783
1.06053 -1.87258 1.23595 1.29783 1.73826 2.10783
1.06293 -1.87388 1.23299 1.29783 1.73826 2.10783
1.06533 -1.87517 1.23003 1.29783 1.73826 2.10783
1.06774 -1.87647 1.22707 1.29783 1.73826 2.10783
1.07014 -1.87776 1.22411 1.29783 1.73826 2.10783
1.07254 -1.87906 1.22116 1.29783 1.73826 2.10783
1.07494 -1.88035 1.2182 1.29783 1.73826 2.10783
1.07735 -1.88164 1.21524 1.29783 1.73826 2.10783
1.07975 -1.88294 1.21228 1.29783 1.73826 2.10783
1.08215 -1.88423 1.20932 1.29783 1.73826 2.10783
1.08456 -1.88553 1.20637 1.29783 1.73826 2.10783
1.08696 -1.88682 1.20341 1.29783 1.73826 2.10783
1.08936 -1.88812 1.20045 1.29783 1.73826 2.10783
1.09176 -1.88941 1.19749 1.29783 1.73826 2.10783
1.09417 -1.89071 1.19453 1.29783 1.73826 2.10783
1.09657 -1.892 1.19157 1.29783 1.73826 2.10783
1.09897 -1.8933 1.18862 1.29783 1.73826 2.10783
1.10138 -1.89459 1.18566 1.29783 1.73826 2.10783
1.10378 -1.89588 1.1827 1.29783 1.73826 2.10783
1.10618 -1.89718 1.17974 1.29783 1.73826 2.10783
1.10858 -1.89847 1.17678 1.29783 1.73826 2.10783
1.11099 -1.89977 1.17383 1.29783 1.73826 2.10783
1.11339 -1.90106 1.17087 1.29783 1.73826 2.10783
1.11579 -1.90236 1.16791 1.29783 1.73826 2.10783
1.1182 -1.90365 1.16495 1.29783 1.73826 2.10783
1.1206 -1.90495 1.16199 1.29783 1.73826 2.10783
1.123 -1.90624 1.15903 1.29783 1.73826 2.10783
1.1254 -1.90753 1.15608 1.29783 1.73826 2.10783
1.12781 -1.90883 1.15312 1.29783 1.73826 2.10783
1.13021 -1.91012 1.15016 1.29783 1.73826 2.10783
1.13261 -1.91142 1.1472 1.29783 1.73826 2.10783
1.13502 -1.91271 1.14424 1.29783 1.73826 2.10783
1.13742 -1.91401 1.14129 1.29783 1.73826 2.10783
1.13982 -1.9153 1.13833 1.29783 1.73826 2.10783
1.14222 -1.9166 1.13537 1.29783 1.73826 2.10783
1.14463 -1.91789 1.13241 1.29783 1.73826 2.10783
1.14703 -1.91918 1.12945 1.29783 1.73826 2.10783
1.14943 -1.92048 1.12649 1.29783 1.73826 2.10783
1.15184 -1.92177 1.12354 1.29783 1.73826 2.10783
1.15424 -1.92307 1.12058 1.29783 1.73826 2.10783
1.15664 -1.92436 1.11762 1.29783 1.73826 2.10783
1.15904 -1.92566 1.11466 1.29783 1.73826 2.10783
1.16145 -1.92695 1.1117 1.29783 1.73826 2.10783
1.16385 -1.92825 1.10875 1.29783 1.73826 2.10783
1.16625 -1.92954 1.10579 1.29783 1.73826 2.10783
1.16866 -1.93084 1.10283 1.29783 1.73826 2.10783
1.17106 -1.93213 1.09987 1.29783 1.73826 2.10783
1.17346 -1.93342 1.09691 1.29783 1.73826 2.10783
1.17586 -1.93472 1.09395 1.29783 1.73826 2.10783
1.17827 -1.93601 1.091 1.29783 1.73826 2.10783
1.18067 -1.93731 1.08804 1.29783 1.73826 2.10783
1.18307 -1.9386 1.08508 1.29783 1.73826 2.10783
1.18548 -1.9399 1.08212 1.29783 1.73826 2.10783
1.18788 -1.94119 1.07916 1.29783 1.73826 2.10783
1.19028 -1.94249 1.07621 1.29783 1.73826 2.10783
1.19268 -1.94378 1.07325 1.29783 1.73826 2.10783
1.19509 -1.94507 1.07029 1.29783 1.73826 2.10783
1.19749 -1.94637 1.06733 1.29783 1.73826 2.10783
1.19989 -1.94766 1.06437 1.29783 1.73826 2.10783
1.2023 -1.94896 1.06141 1.29783 1.73826 2.10783
1.2047 -1.95025 1.05846 1.29783 1.73826 2.10783
1.2071 -1.95155 1.0555 1.29783 1.73826 2.10783
1.2095 -1.95284 1.05254 1.29783 1.73826 2.10783
1.21191 -1.95414 1.04958 1.29783 1.73826 2.10783
1.21431 -1.95543 1.04662 1.29783 1.73826 2.10783
1.21671 -1.95673 1.04367 1.29783 1.73826 2.10783
1.21912 -1.95802 1.04071 1.29783 1.73826 2.10783
1.22152 -1.95931 1.03775 1.29783 1.73826 2.10783
1.22392 -1.96061 1.03479 1.29783 1.73826 2.10783
1.22632 -1.9619 1.03183 1.29783 1.73826 2.10783
1.22873 -1.9632 1.02888 1.29783 1.73826 2.10783
1.23113 -1.96449 1.02592 1.29783 1.73826 2.10783
1.23353 -1.96579 1.02296 1.29783 1.73826 2.10783
1.23594 -1.96708 1.02 1.29783 1.73826 2.10783
1.23834 -1.96838 1.01704 1.29783 1.73826 2.10783
1.24074 -1.96967 1.01408 1.29783 1.73826 2.10783
1.24314 -1.97096 1.01113 1.29783 1.73826 2.10783
1.24555 -1.97226 1.00817 1.29783 1.73826 2.10783
1.24795 -1.97355 1.00521 1.29783 1.73826 2.10783
1.25035 -1.97485 1.00225 1.29783 1.73826 2.10783
1.25276 -1.97614 0.999293 1.29783 1.73826 2.10783
1.25516 -1.97744 0.996335 1.29783 1.73826 2.10783
1.25756 -1.97873 0.99338 1.29783 1.73826 2.10783
1.25996 -1.98002 0.990424 1.29783 1.73826 2.10783
1.26236 -1.98132 0.987469 1.29783 1.73826 2.10783
1.26476 -1.98261 0.984519 1.29783 1.73826 2.10783
1.26715 -1.9839 0.981569 1.29783 1.73826 2.10783
1.26955 -1.98519 0.978619 1.29783 1.73826 2.10783
1.27194 -1.98648 0.975678 1.29783 1.73826 2.10783
1.27433 -1.98776 0.972736 1.29783 1.73826 2.10783
1.27672 -1.98905 0.969794 1.29783 1.73826 2.10783
1.2791 -1.99033 0.966864 1.29783 1.73826 2.10783
1.28148 -1.99161 0.963933 1.29783 1.73826 2.10783
1.28386 -1.99289 0.961003 1.29783 1.73826 2.10783
1.28624 -1.99417 0.958086 1.29783 1.73826 2.10783
1.28861 -1.99545 0.955169 1.29783 1.73826 2.10783
1.29098 -1.99672 0.952252 1.29783 1.73826 2.10783
1.29334 -1.99799 0.949352 1.29783 1.73826 2.10783
1.29569 -1.99926 0.946452 1.29783 1.73826 2.10783
1.29805 -2.00052 0.943552 1.29783 1.73826 2.10783
1.3004 -2.00178 0.940671 1.29783 1.73826 2.10783
1.30274 -2.00304 0.93779 1.29783 1.73826 2.10783
1.30508 -2.0043 0.934909 1.29783 1.73826 2.10783
1.30741 -2.00555 0.93205 1.29783 1.73826 2.10783
1.30973 -2.0068 0.929191 1.29783 1.73826 2.10783
1.31206 -2.00805 0.926332 1.29783 1.73826 2.10783
1.31437 -2.00929 0.923498 1.29783 1.73826 2.10783
1.31668 -2.01052 0.920664 1.29783 1.73826 2.10783
1.31898 -2.01176 0.91783 1.29783 1.73826 2.10783
1.32127 -2.01299 0.915024 1.29783 1.73826 2.10783
1.32355 -2.01421 0.912217 1.29783 1.73826 2.10783
1.32584 -2.01543 0.909411 1.29783 1.73826 2.10783
1.3281 -2.01665 0.906635 1.29783 1.73826 2.10783
1.33037 -2.01786 0.903858 1.29783 1.73826 2.10783
1.33263 -2.01907 0.901082 1.29783 1.73826 2.10783
1.33487 -2.02026 0.898339 1.29783 1.73826 2.10783
1.3371 -2.02146 0.895596 1.29783 1.73826 2.10783
1.33934 -2.02265 0.892853 1.29783 1.73826 2.10783
1.34155 -2.02383 0.890146 1.29783 1.73826 2.10783
1.34376 -2.02501 0.887439 1.29783 1.73826 2.10783
1.34597 -2.02619 0.884732 1.29783 1.73826 2.10783
1.34815 -2.02735 0.882063 1.29783 1.73826 2.10783
1.35033 -2.02851 0.879395 1.29783 1.73826 2.10783
1.35251 -2.02968 0.876726 1.29783 1.73826 2.10783
1.35465 -2.03082 0.874099 1.29783 1.73826 2.10783
1.3568 -2.03196 0.871472 1.29783 1.73826 2.10783
1.35895 -2.0331 0.868845 1.29783 1.73826 2.10783
1.36106 -2.03422 0.866262 1.29783 1.73826 2.10783
1.36318 -2.03535 0.863678 1.29783 1.73826 2.10783
1.36529 -2.03647 0.861095 1.29783 1.73826 2.10783
1.36737 -2.03757 0.858559 1.29783 1.73826 2.10783
1.36945 -2.03867 0.856023 1.29783 1.73826 2.10783
1.37152 -2.03977 0.853487 1.29783 1.73826 2.10783
1.37356 -2.04085 0.851 1.29783 1.73826 2.10783
1.3756 -2.04193 0.848514 1.29783 1.73826 2.10783
1.37764 -2.043 0.846027 1.29783 1.73826 2.10783
1.37964 -2.04406 0.843593 1.29783 1.73826 2.10783
1.38164 -2.04511 0.841159 1.29783 1.73826 2.10783
1.38364 -2.04616 0.838725 1.29783 1.73826 2.10783
1.38559 -2.04719 0.836346 1.29783 1.73826 2.10783
1.38755 -2.04822 0.833967 1.29783 1.73826 2.10783
1.38951 -2.04925 0.831588 1.29783 1.73826 2.10783
1.39142 -2.05025 0.829267 1.29783 1.73826 2.10783
1.39333 -2.05125 0.826946 1.29783 1.73826 2.10783
1.39524 -2.05225 0.824625 1.29783 1.73826 2.10783
1.39804 -2.05371 0.821235 1.29783 1.73826 2.10783
1.40084 -2.05517 0.817844 1.29783 1.73826 2.10783
1.40356 -2.05659 0.814549 1.29783 1.73826 2.10783
1.40628 -2.05801 0.811254 1.29783 1.73826 2.10783
1.40893 -2.05938 0.808058 1.29783 1.73826 2.10783
1.41158 -2.06075 0.804862 1.29783 1.73826 2.10783
1.41415 -2.06207 0.801769 1.29783 1.73826 2.10783
1.41672 -2.0634 0.798677 1.29783 1.73826 2.10783
1.4192 -2.06467 0.795692 1.29783 1.73826 2.10783
1.42168 -2.06595 0.792707 1.29783 1.73826 2.10783
1.42408 -2.06717 0.789833 1.29783 1.73826 2.10783
1.42648 -2.06839 0.78696 1.29783 1.73826 2.10783
1.42879 -2.06956 0.784203 1.29783 1.73826 2.10783
1.4311 -2.07073 0.781445 1.29783 1.73826 2.10783
1.43332 -2.07185 0.778808 1.29783 1.73826 2.10783
1.43554 -2.07296 0.77617 1.29783 1.73826 2.10783
1.43766 -2.07402 0.773657 1.29783 1.73826 2.10783
1.43978 -2.07508 0.771144 1.29783 1.73826 2.10783
1.4418 -2.07607 0.768758 1.29783 1.73826 2.10783
1.44382 -2.07707 0.766373 1.29783 1.73826 2.10783
1.44574 -2.07801 0.764121 1.29783 1.73826 2.10783
1.44766 -2.07895 0.761868 1.29783 1.73826 2.10783
1.44948 -2.07983 0.759744 1.29783 1.73826 2.10783
1.45131 -2.0807 0.757619 1.29783 1.73826 2.10783
1.45476 -2.08235 0.753619 1.29783 1.73826 2.10783
1.45802 -2.08388 0.749858 1.29783 1.73826 2.10783
1.46111 -2.08531 0.746329 1.29783 1.73826 2.10783
1.46403 -2.08663 0.743024 1.29783 1.73826 2.10783
1.46678 -2.08786 0.739933 1.29783 1.73826 2.10783
1.46937 -2.08899 0.73705 1.29783 1.73826 2.10783
1.47181 -2.09002 0.734365 1.29783 1.73826 2.10783
1.4741 -2.09097 0.73187 1.29783 1.73826 2.10783
1.47625 -2.09184 0.729558 1.29783 1.73826 2.10783
1.47826 -2.09263 0.727419 1.29783 1.73826 2.10783
1.48015 -2.09334 0.725446 1.29783 1.73826 2.10783
1.48192 -2.09398 0.72363 1.29783 1.73826 2.10783
1.48357 -2.09455 0.721963 1.29783 1.73826 2.10783
1.48512 -2.09506 0.720437 1.29783 1.73826 2.10783
1.48656 -2.0955 0.719043 1.29783 1.73826 2.10783
1.48791 -2.09589 0.717773 1.29783 1.73826 2.10783
1.48916 -2.09622 0.716619 1.29783 1.73826 2.10783
1.49034 -2.09651 0.715572 1.29783 1.73826 2.10783
1.49144 -2.09675 0.714625 1.29783 1.73826 2.10783
1.49247 -2.09695 0.713769 1.29783 1.73826 2.10783
1.49343 -2.09711 0.712996 1.29783 1.73826 2.10783
1.49434 -2.09723 0.712297 1.29783 1.73826 2.10783
1.49519 -2.09733 0.711664 1.29783 1.73826 2.10783
1.496 -2.0974 0.711089 1.29783 1.73826 2.10783
1.49678 -2.09744 0.710564 1.29783 1.73826 2.10783
1.49752 -2.09747 0.71008 1.29783 1.73826 2.10783
1.49823 -2.09748 0.70963 1.29783 1.73826 2.10783
1.49893 -2.09748 0.709204 1.29783 1.73826 2.10783
1.49961 -2.09747 0.708795 1.29783 1.73826 2.10783
1.50029 -2.09746 0.708394 1.29783 1.73826 2.10783
1.50096 -2.09745 0.707993 1.29783 1.73826 2.10783
1.50164 -2.09744 0.707593 1.29783 1.73826 2.10783
1.50232 -2.09743 0.707195 1.29783 1.73826 2.10783
1.503 -2.09742 0.706801 1.29783 1.73826 2.10783
1.50368 -2.0974 0.706412 1.29783 1.73826 2.10783
1.50437 -2.09739 0.706028 1.29783 1.73826 2.10783
1.50505 -2.09738 0.705651 1.29783 1.73826 2.10783
1.50575 -2.09737 0.705282 1.29783 1.73826 2.10783
1.50644 -2.09736 0.704922 1.29783 1.73826 2.10783
1.50714 -2.09735 0.704573 1.29783 1.73826 2.10783
1.50785 -2.09734 0.704235 1.29783 1.73826 2.10783
1.50856 -2.09733 0.70391 1.29783 1.73826 2.10783
1.50927 -2.09732 0.703598 1.29783 1.73826 2.10783
1.50999 -2.09731 0.703302 1.29783 1.73826 2.10783
1.51072 -2.0973 0.703021 1.29783 1.73826 2.10783
1.51146 -2.09729 0.702758 1.29783 1.73826 2.10783
1.51221 -2.09728 0.702513 1.29783 1.73826 2.10783
1.51296 -2.09727 0.702287 1.29783 1.73826 2.10783
1.51372 -2.09726 0.702082 1.29783 1.73826 2.10783
1.5145 -2.09725 0.701899 1.29783 1.73826 2.10783
1.51528 -2.09724 0.701739 1.29783 1.73826 2.10783
1.51607 -2.09724 0.701603 1.29783 1.73826 2.10783
1.51688 -2.09723 0.701492 1.29783 1.73826 2.10783
1.51769 -2.09722 0.701408 1.29783 1.73826 2.10783
1.51852 -2.09721 0.701351 1.29783 1.73826 2.10783
1.51936 -2.09721 0.701323 1.29783 1.73826 2.10783
1.52021 -2.0972 0.701324 1.29783 1.73826 2.10783
1.52108 -2.0972 0.701357 1.29783 1.73826 2.10783
1.52196 -2.09719 0.701422 1.29783 1.73826 2.10783
1.52285 -2.09719 0.70152 1.29783 1.73826 2.10783
1.52377 -2.09718 0.701652 1.29783 1.73826 2.10783
1.52469 -2.09718 0.70182 1.29783 1.73826 2.10783
1.52563 -2.09717 0.702025 1.29783 1.73826 2.10783
1.52659 -2.09717 0.702265 1.29783 1.73826 2.10783
1.52756 -2.09717 0.702539 1.29783 1.73826 2.10783
1.52855 -2.09717 0.702847 1.29783 1.73826 2.10783
1.52955 -2.09716 0.703187 1.29783 1.73826 2.10783
1.53057 -2.09716 0.703558 1.29783 1.73826 2.10783
1.5316 -2.09716 0.703959 1.29783 1.73826 2.10783
1.53264 -2.09716 0.704388 1.29783 1.73826 2.10783
1.53369 -2.09716 0.704845 1.29783 1.73826 2.10783
1.53475 -2.09716 0.705329 1.29783 1.73826 2.10783
1.53583 -2.09716 0.705837 1.29783 1.73826 2.10783
1.53691 -2.09716 0.70637 1.29783 1.73826 2.10783
1.53801 -2.09716 0.706926 1.29783 1.73826 2.10783
1.53911 -2.09716 0.707503 1.29783 1.73826 2.10783
1.54023 -2.09716 0.708101 1.29783 1.73826 2.10783
1.54135 -2.09717 0.708719 1.29783 1.73826 2.10783
1.54248 -2.09717 0.709355 1.29783 1.73826 2.10783
1.54362 -2.09717 0.710008 1.29783 1.73826 2.10783
1.54477 -2.09717 0.710677 1.29783 1.73826 2.10783
1.54592 -2.09718 0.711361 1.29783 1.73826 2.10783
1.54708 -2.09718 0.712059 1.29783 1.73826 2.10783
1.54824 -2.09718 0.712769 1.29783 1.73826 2.10783
1.54941 -2.09718 0.713491 1.29783 1.73826 2.10783
1.55058 -2.09719 0.714223 1.29783 1.73826 2.10783
1.55176 -2.09719 0.714965 1.29783 1.73826 2.10783
1.55294 -2.09719 0.715714 1.29783 1.73826 2.10783
1.55412 -2.0972 0.716471 1.29783 1.73826 2.10783
1.55531 -2.0972 0.717233 1.29783 1.73826 2.10783
1.5565 -2.09721 0.717999 1.29783 1.73826 2.10783
1.55769 -2.09721 0.718769 1.29783 1.73826 2.10783
1.55888 -2.09721 0.719542 1.29783 1.73826 2.10783
1.56007 -2.09722 0.720315 1.29783 1.73826 2.10783
1.56126 -2.09722 0.721089 1.29783 1.73826 2.10783
1.56245 -2.09722 0.721863 1.29783 1.73826 2.10783
1.56364 -2.09723 0.722639 1.29783 1.73826 2.10783
1.56483 -2.09723 0.723417 1.29783 1.73826 2.10783
1.56602 -2.09724 0.724199 1.29783 1.73826 2.10783
1.56721 -2.09724 0.724984 1.29783 1.73826 2.10783
1.5684 -2.09724 0.725773 1.29783 1.73826 2.10783
1.56959 -2.09725 0.726568 1.29783 1.73826 2.10783
1.57078 -2.09725 0.72737 1.29783 1.73826 2.10783
1.57197 -2.09726 0.728178 1.29783 1.73826 2.10783
1.57315 -2.09726 0.728994 1.29783 1.73826 2.10783
1.57434 -2.09727 0.729818 1.29783 1.73826 2.10783
1.57553 -2.09727 0.730652 1.29783 1.73826 2.10783
1.57671 -2.09728 0.731495 1.29783 1.73826 2.10783
1.57789 -2.09728 0.732349 1.29783 1.73826 2.10783
1.57907 -2.09729 0.733215 1.29783 1.73826 2.10783
1.58025 -2.09729 0.734093 1.29783 1.73826 2.10783
1.58143 -2.0973 0.734983 1.29783 1.73826 2.10783
1.58261 -2.0973 0.735884 1.29783 1.73826 2.10783
1.58379 -2.09731 0.736794 1.29783 1.73826 2.10783
1.58496 -2.09732 0.737714 1.29783 1.73826 2.10783
1.58614 -2.09732 0.738642 1.29783 1.73826 2.10783
1.58731 -2.09733 0.739578 1.29783 1.73826 2.10783
1.58849 -2.09733 0.740521 1.29783 1.73826 2.10783
1.58966 -2.09734 0.74147 1.29783 1.73826 2.10783
1.59083 -2.09735 0.74243 1.29783 1.73826 2.10783
1.592 -2.09736 0.743408 1.29783 1.73826 2.10783
1.59317 -2.09736 0.744407 1.29783 1.73826 2.10783
1.59434 -2.09737 0.745435 1.29783 1.73826 2.10783
1.5955 -2.09738 0.746495 1.29783 1.73826 2.10783
1.59665 -2.09739 0.747594 1.29783 1.73826 2.10783
1.59781 -2.0974 0.748737 1.29783 1.73826 2.10783
1.59896 -2.09741 0.749929 1.29783 1.73826 2.10783
1.6001 -2.09742 0.751164 1.29783 1.73826 2.10783
1.60124 -2.09743 0.752436 1.29783 1.73826 2.10783
1.60238 -2.09745 0.753739 1.29783 1.73826 2.10783
1.60351 -2.09746 0.755066 1.29783 1.73826 2.10783
1.60464 -2.09747 0.756412 1.29783 1.73826 2.10783
1.60577 -2.09749 0.757771 1.29783 1.73826 2.10783
1.6069 -2.0975 0.759135 1.29783 1.73826 2.10783
1.60803 -2.09751 0.760499 1.29783 1.73826 2.10783
1.60916 -2.09753 0.761864 1.29783 1.73826 2.10783
1.61029 -2.09754 0.763228 1.29783 1.73826 2.10783
1.61142 -2.09755 0.764605 1.29783 1.73826 2.10783
1.61255 -2.09757 0.766006 1.29783 1.73826 2.10783
1.61367 -2.09758 0.767426 1.29783 1.73826 2.10783
1.61479 -2.0976 0.768858 1.29783 1.73826 2.10783
1.61592 -2.09761 0.770308 1.29783 1.73826 2.10783
1.61703 -2.09763 0.771784 1.29783 1.73826 2.10783
1.61815 -2.09765 0.77328 1.29783 1.73826 2.10783
1.61927 -2.09766 0.774795 1.29783 1.73826 2.10783
1.62038 -2.09768 0.776326 1.29783 1.73826 2.10783
1.62149 -2.09769 0.777869 1.29783 1.73826 2.10783
1.6226 -2.09771 0.779421 1.29783 1.73826 2.10783
1.62371 -2.09773 0.780979 1.29783 1.73826 2.10783
1.62482 -2.09775 0.782541 1.29783 1.73826 2.10783
1.62593 -2.09776 0.784102 1.29783 1.73826 2.10783
1.62704 -2.09778 0.785663 1.29783 1.73826 2.10783
1.62815 -2.0978 0.787224 1.29783 1.73826 2.10783
1.62926 -2.09781 0.788786 1.29783 1.73826 2.10783
1.63037 -2.09783 0.790347 1.29783 1.73826 2.10783
1.63148 -2.09785 0.791908 1.29783 1.73826 2.10783
1.63259 -2.09786 0.79347 1.29783 1.73826 2.10783
1.6337 -2.09788 0.795031 1.29783 1.73826 2.10783
1.63481 -2.0979 0.796592 1.29783 1.73826 2.10783
1.63592 -2.09792 0.798154 1.29783 1.73826 2.10783
1.63703 -2.09793 0.799715 1.29783 1.73826 2.10783
1.63814 -2.09795 0.801276 1.29783 1.73826 2.10783
1.63925 -2.09797 0.802838 1.29783 1.73826 2.10783
1.64036 -2.09798 0.804399 1.29783 1.73826 2.10783
1.64147 -2.098 0.80596 1.29783 1.73826 2.10783
1.64258 -2.09802 0.807522 1.29783 1.73826 2.10783
1.64369 -2.09803 0.809083 1.29783 1.73826 2.10783
1.6448 -2.09805 0.810644 1.29783 1.73826 2.10783
1.64591 -2.09807 0.812205 1.29783 1.73826 2.10783
1.64702 -2.09809 0.813767 1.29783 1.73826 2.10783
1.64813 -2.0981 0.815328 1.29783 1.73826 2.10783
1.64924 -2.09812 0.816889 1.29783 1.73826 2.10783
1.65034 -2.09814 0.818451 1.29783 1.73826 2.10783
1.65145 -2.09815 0.820012 1.29783 1.73826 2.10783
1.65256 -2.09817 0.821573 1.29783 1.73826 2.10783
1.6537 -2.09814 0.823197 1.29783 1.73826 2.10783
1.65488 -2.09802 0.824944 1.29783 1.73826 2.10783
1.65613 -2.09776 0.826878 1.29783 1.73826 2.10783
1.65749 -2.09731 0.829059 1.29783 1.73826 2.10783
1.65896 -2.09664 0.831551 1.29783 1.73826 2.10783
1.66057 -2.09568 0.834414 1.29783 1.73826 2.10783
1.66236 -2.0944 0.837712 1.29783 1.73826 2.10783
1.66434 -2.09275 0.841507 1.29783 1.73826 2.10783
1.66653 -2.09069 0.845859 1.29783 1.73826 2.10783
1.66897 -2.08816 0.850831 1.29783 1.73826 2.10783
1.67032 -2.08664 0.853659 1.29783 1.73826 2.10783
1.67167 -2.08512 0.856486 1.29783 1.73826 2.10783
1.67317 -2.08332 0.859686 1.29783 1.73826 2.10783
1.67467 -2.08153 0.862885 1.29783 1.73826 2.10783
1.67632 -2.07943 0.866488 1.29783 1.73826 2.10783
1.67797 -2.07733 0.870091 1.29783 1.73826 2.10783
1.67979 -2.07491 0.874127 1.29783 1.73826 2.10783
1.68161 -2.07249 0.878164 1.29783 1.73826 2.10783
1.68295 -2.07065 0.881165 1.29783 1.73826 2.10783
1.68428 -2.0688 0.884167 1.29783 1.73826 2.10783
1.68562 -2.06695 0.887168 1.29783 1.73826 2.10783
1.68708 -2.06486 0.8905 1.29783 1.73826 2.10783
1.68855 -2.06277 0.893832 1.29783 1.73826 2.10783
1.69001 -2.06068 0.897164 1.29783 1.73826 2.10783
1.6916 -2.05835 0.900807 1.29783 1.73826 2.10783
1.69318 -2.05603 0.904449 1.29783 1.73826 2.10783
1.69477 -2.05371 0.908091 1.29783 1.73826 2.10783
1.69646 -2.05117 0.912023 1.29783 1.73826 2.10783
1.69816 -2.04863 0.915954 1.29783 1.73826 2.10783
1.69986 -2.04609 0.919886 1.29783 1.73826 2.10783
1.70121 -2.04403 0.923036 1.29783 1.73826 2.10783
1.70256 -2.04198 0.926187 1.29783 1.73826 2.10783
1.70391 -2.03992 0.929337 1.29783 1.73826 2.10783
1.70526 -2.03786 0.932487 1.29783 1.73826 2.10783
1.70669 -2.03567 0.935824 1.29783 1.73826 2.10783
1.70811 -2.03348 0.93916 1.29783 1.73826 2.10783
1.70953 -2.03128 0.942496 1.29783 1.73826 2.10783
1.71096 -2.02909 0.945833 1.29783 1.73826 2.10783
1.71245 -2.02677 0.94934 1.29783 1.73826 2.10783
1.71394 -2.02445 0.952847 1.29783 1.73826 2.10783
1.71543 -2.02212 0.956354 1.29783 1.73826 2.10783
1.71692 -2.0198 0.959861 1.29783 1.73826 2.10783
1.71847 -2.01737 0.963523 1.29783 1.73826 2.10783
1.72002 -2.01493 0.967185 1.29783 1.73826 2.10783
1.72157 -2.01249 0.970847 1.29783 1.73826 2.10783
1.72312 -2.01005 0.974509 1.29783 1.73826 2.10783
1.72472 -2.00751 0.97831 1.29783 1.73826 2.10783
1.72633 -2.00497 0.982112 1.29783 1.73826 2.10783
1.72793 -2.00243 0.985913 1.29783 1.73826 2.10783
1.72954 -1.99989 0.989715 1.29783 1.73826 2.10783
1.73086 -1.99778 0.992855 1.29783 1.73826 2.10783
1.73218 -1.99567 0.995996 1.29783 1.73826 2.10783
1.7335 -1.99357 0.999136 1.29783 1.73826 2.10783
1.73483 -1.99146 1.00228 1.29783 1.73826 2.10783
1.73615 -1.98935 1.00542 1.29783 1.73826 2.10783
1.7375 -1.98718 1.00864 1.29783 1.73826 2.10783
1.73886 -1.98501 1.01187 1.29783 1.73826 2.10783
1.74022 -1.98284 1.0151 1.29783 1.73826 2.10783
1.74157 -1.98067 1.01833 1.29783 1.73826 2.10783
1.74293 -1.97849 1.02155 1.29783 1.73826 2.10783
1.74431 -1.97627 1.02486 1.29783 1.73826 2.10783
1.7457 -1.97404 1.02816 1.29783 1.73826 2.10783
1.74708 -1.97181 1.03146 1.29783 1.73826 2.10783
1.74847 -1.96958 1.03476 1.29783 1.73826 2.10783
1.74986 -1.96736 1.03806 1.29783 1.73826 2.10783
1.75126 -1.96508 1.04143 1.29783 1.73826 2.10783
1.75267 -1.96281 1.04479 1.29783 1.73826 2.10783
1.75408 -1.96054 1.04815 1.29783 1.73826 2.10783
1.75549 -1.95826 1.05152 1.29783 1.73826 2.10783
1.7569 -1.95599 1.05488 1.29783 1.73826 2.10783
1.75833 -1.95368 1.05829 1.29783 1.73826 2.10783
1.75976 -1.95137 1.06171 1.29783 1.73826 2.10783
1.76119 -1.94906 1.06512 1.29783 1.73826 2.10783
1.76262 -1.94675 1.06853 1.29783 1.73826 2.10783
1.76404 -1.94444 1.07195 1.29783 1.73826 2.10783
1.76549 -1.9421 1.0754 1.29783 1.73826 2.10783
1.76693 -1.93976 1.07885 1.29783 1.73826 2.10783
1.76837 -1.93742 1.0823 1.29783 1.73826 2.10783
1.76982 -1.93508 1.08575 1.29783 1.73826 2.10783
1.77126 -1.93274 1.0892 1.29783 1.73826 2.10783
1.77271 -1.93039 1.09268 1.29783 1.73826 2.10783
1.77416 -1.92803 1.09615 1.29783 1.73826 2.10783
1.77562 -1.92567 1.09963 1.29783 1.73826 2.10783
1.77707 -1.92331 1.1031 1.29783 1.73826 2.10783
1.77852 -1.92096 1.10658 1.29783 1.73826 2.10783
1.77998 -1.91859 1.11007 1.29783 1.73826 2.10783
1.78144 -1.91623 1.11355 1.29783 1.73826 2.10783
1.78289 -1.91386 1.11704 1.29783 1.73826 2.10783
1.78435 -1.91149 1.12053 1.29783 1.73826 2.10783
1.78581 -1.90913 1.12402 1.29783 1.73826 2.10783
1.78727 -1.90676 1.1275 1.29783 1.73826 2.10783
1.78872 -1.90439 1.13099 1.29783 1.73826 2.10783
1.79018 -1.90203 1.13448 1.29783 1.73826 2.10783
1.79164 -1.89966 1.13797 1.29783 1.73826 2.10783
1.7931 -1.8973 1.14146 1.29783 1.73826 2.10783
1.79455 -1.89493 1.14494 1.29783 1.73826 2.10783
1.79601 -1.89256 1.14843 1.29783 1.73826 2.10783
1.79747 -1.8902 1.15192 1.29783 1.73826 2.10783
1.79893 -1.88783 1.15541 1.29783 1.73826 2.10783
1.80038 -1.88546 1.15889 1.29783 1.73826 2.10783
1.80184 -1.8831 1.16238 1.29783 1.73826 2.10783
1.8033 -1.88073 1.16587 1.29783 1.73826 2.10783
1.80476 -1.87837 1.16936 1.29783 1.73826 2.10783
1.80621 -1.876 1.17285 1.29783 1.73826 2.10783
1.80767 -1.87363 1.17633 1.29783 1.73826 2.10783
1.80913 -1.87127 1.17982 1.29783 1.73826 2.10783
1.81059 -1.8689 1.18331 1.29783 1.73826 2.10783
1.81204 -1.86653 1.1868 1.29783 1.73826 2.10783
1.8135 -1.86417 1.19028 1.29783 1.73826 2.10783
1.81496 -1.8618 1.19377 1.29783 1.73826 2.10783
1.81642 -1.85944 1.19726 1.29783 1.73826 2.10783
1.81787 -1.85707 1.20075 1.29783 1.73826 2.10783
1.81933 -1.8547 1.20424 1.29783 1.73826 2.10783
1.82079 -1.85234 1.20772 1.29783 1.73826 2.10783
1.82225 -1.84997 1.21121 1.29783 1.73826 2.10783
1.8237 -1.8476 1.2147 1.29783 1.73826 2.10783
1.82516 -1.84524 1.21819 1.29783 1.73826 2.10783
1.82662 -1.84287 1.22167 1.29783 1.73826 2.10783
1.82808 -1.84051 1.22516 1.29783 1.73826 2.10783
1.82953 -1.83814 1.22865 1.29783 1.73826 2.10783
1.83099 -1.83577 1.23214 1.29783 1.73826 2.10783
1.83245 -1.83341 1.23563 1.29783 1.73826 2.10783
1.83391 -1.83104 1.23911 1.29783 1.73826 2.10783
1.83536 -1.82867 1.2426 1.29783 1.73826 2.10783
1.83682 -1.82631 1.24609 1.29783 1.73826 2.10783
1.83828 -1.82394 1.24958 1.29783 1.73826 2.10783
1.83974 -1.82158 1.25306 1.29783 1.73826 2.10783
1.84119 -1.81921 1.25655 1.29783 1.73826 2.10783
1.84265 -1.81684 1.26004 1.29783 1.73826 2.10783
1.84411 -1.81448 1.26353 1.29783 1.73826 2.10783
1.84557 -1.81211 1.26702 1.29783 1.73826 2.10783
1.84702 -1.80974 1.2705 1.29783 1.73826 2.10783
1.84848 -1.80738 1.27399 1.29783 1.73826 2.10783
1.84994 -1.80501 1.27748 1.29783 1.73826 2.10783
1.8514 -1.80265 1.28097 1.29783 1.73826 2.10783
1.85285 -1.80028 1.28446 1.29783 1.73826 2.10783
1.85431 -1.79791 1.28794 1.29783 1.73826 2.10783
1.85577 -1.79555 1.29143 1.29783 1.73826 2.10783
1.85723 -1.79318 1.29492 1.29783 1.73826 2.10783
1.85868 -1.79081 1.29841 1.29783 1.73826 2.10783
1.86014 -1.78845 1.30189 1.29783 1.73826 2.10783
1.8616 -1.78608 1.30538 1.29783 1.73826 2.10783
1.86306 -1.78372 1.30887 1.29783 1.73826 2.10783
1.86451 -1.78135 1.31236 1.29783 1.73826 2.10783
1.86597 -1.77898 1.31585 1.29783 1.73826 2.10783
1.86743 -1.77662 1.31933 1.29783 1.73826 2.10783
1.86889 -1.77425 1.32282 1.29783 1.73826 2.10783
1.87034 -1.77188 1.32631 1.29783 1.73826 2.10783
1.8718 -1.76952 1.3298 1.29783 1.73826 2.10783
1.87326 -1.76715 1.33328 1.29783 1.73826 2.10783
1.87472 -1.76479 1.33677 1.29783 1.73826 2.10783
1.87617 -1.76242 1.34026 1.29783 1.73826 2.10783
1.87763 -1.76005 1.34375 1.29783 1.73826 2.10783
1.87909 -1.75769 1.34724 1.29783 1.73826 2.10783
1.88055 -1.75532 1.35072 1.29783 1.73826 2.10783
1.882 -1.75295 1.35421 1.29783 1.73826 2.10783
1.88346 -1.75059 1.3577 1.29783 1.73826 2.10783
1.88492 -1.74822 1.36119 1.29783 1.73826 2.10783
1.88638 -1.74586 1.36467 1.29783 1.73826 2.10783
1.88783 -1.74349 1.36816 1.29783 1.73826 2.10783
1.88929 -1.74112 1.37165 1.29783 1.73826 2.10783
1.89075 -1.73876 1.37514 1.29783 1.73826 2.10783
1.89221 -1.73639 1.37863 1.29783 1.73826 2.10783
1.89366 -1.73402 1.38211 1.29783 1.73826 2.10783
1.89512 -1.73166 1.3856 1.29783 1.73826 2.10783
1.89658 -1.72929 1.38909 1.29783 1.73826 2.10783
1.89804 -1.72693 1.39258 1.29783 1.73826 2.10783
1.89949 -1.72456 1.39606 1.29783 1.73826 2.10783
1.90095 -1.72219 1.39955 1.29783 1.73826 2.10783
1.90241 -1.71983 1.40304 1.29783 1.73826 2.10783
1.90387 -1.71746 1.40653 1.29783 1.73826 2.10783
1.90532 -1.71509 1.41002 1.29783 1.73826 2.10783
1.90678 -1.71273 1.4135 1.29783 1.73826 2.10783
1.90824 -1.71036 1.41699 1.29783 1.73826 2.10783
1.9097 -1.708 1.42048 1.29783 1.73826 2.10783
1.91115 -1.70563 1.42397 1.29783 1.73826 2.10783
1.91261 -1.70326 1.42745 1.29783 1.73826 2.10783
1.91407 -1.7009 1.43094 1.29783 1.73826 2.10783
1.91553 -1.69853 1.43443 1.29783 1.73826 2.10783
1.91698 -1.69616 1.43792 1.29783 1.73826 2.10783
1.91844 -1.6938 1.44141 1.29783 1.73826 2.10783
1.9199 -1.69143 1.44489 1.29783 1.73826 2.10783
1.92136 -1.68907 1.44838 1.29783 1.73826 2.10783
1.92281 -1.6867 1.45187 1.29783 1.73826 2.10783
1.92427 -1.68433 1.45536 1.29783 1.73826 2.10783
1.92573 -1.68197 1.45884 1.29783 1.73826 2.10783
1.92719 -1.6796 1.46233 1.29783 1.73826 2.10783
1.92864 -1.67723 1.46582 1.29783 1.73826 2.10783
1.9301 -1.67487 1.46931 1.29783 1.73826 2.10783
1.93156 -1.6725 1.4728 1.29783 1.73826 2.10783
1.93302 -1.67014 1.47628 1.29783 1.73826 2.10783
1.93447 -1.66777 1.47977 1.29783 1.73826 2.10783
1.93593 -1.6654 1.48326 1.29783 1.73826 2.10783
1.93739 -1.66304 1.48675 1.29783 1.73826 2.10783
1.93885 -1.66067 1.49023 1.29783 1.73826 2.10783
1.9403 -1.6583 1.49372 1.29783 1.73826 2.10783
1.94176 -1.65594 1.49721 1.29783 1.73826 2.10783
1.94322 -1.65357 1.5007 1.29783 1.73826 2.10783
1.94468 -1.65121 1.50419 1.29783 1.73826 2.10783
1.94613 -1.64884 1.50767 1.29783 1.73826 2.10783
1.94759 -1.64647 1.51116 1.29783 1.73826 2.10783
1.94905 -1.64411 1.51465 1.29783 1.73826 2.10783
1.95051 -1.64174 1.51814 1.29783 1.73826 2.10783
1.95196 -1.63937 1.52163 1.29783 1.73826 2.10783
1.95342 -1.63701 1.52511 1.29783 1.73826 2.10783
1.95488 -1.63464 1.5286 1.29783 1.73826 2.10783
1.95634 -1.63228 1.53209 1.29783 1.73826 2.10783
1.95779 -1.62991 1.53558 1.29783 1.73826 2.10783
1.95925 -1.62754 1.53906 1.29783 1.73826 2.10783
1.96071 -1.62518 1.54255 1.29783 1.73826 2.10783
1.96217 -1.62281 1.54604 1.29783 1.73826 2.10783
1.96362 -1.62044 1.54953 1.29783 1.73826 2.10783
1.96508 -1.61808 1.55302 1.29783 1.73826 2.10783
1.96654 -1.61571 1.5565 1.29783 1.73826 2.10783
1.968 -1.61335 1.55999 1.29783 1.73826 2.10783
1.96945 -1.61098 1.56348 1.29783 1.73826 2.10783
1.97091 -1.60861 1.56697 1.29783 1.73826 2.10783
1.97237 -1.60625 1.57045 1.29783 1.73826 2.10783
1.97383 -1.60388 1.57394 1.29783 1.73826 2.10783
1.97528 -1.60152 1.57743 1.29783 1.73826 2.10783
1.97674 -1.59915 1.58092 1.29783 1.73826 2.10783
1.9782 -1.59678 1.58441 1.29783 1.73826 2.10783
1.97966 -1.59442 1.58789 1.29783 1.73826 2.10783
1.98111 -1.59205 1.59138 1.29783 1.73826 2.10783
1.98257 -1.58968 1.59487 1.29783 1.73826 2.10783
1.98403 -1.58732 1.59836 1.29783 1.73826 2.10783
1.98549 -1.58495 1.60184 1.29783 1.73826 2.10783
1.98694 -1.58259 1.60533 1.29783 1.73826 2.10783
1.9884 -1.58022 1.60882 1.29783 1.73826 2.10783
1.98986 -1.57785 1.61231 1.29783 1.73826 2.10783
1.99132 -1.57549 1.6158 1.29783 1.73826 2.10783
1.99277 -1.57312 1.61928 1.29783 1.73826 2.10783
1.99423 -1.57075 1.62277 1.29783 1.73826 2.10783
1.99569 -1.56839 1.62626 1.29783 1.73826 2.10783
1.99715 -1.56602 1.62975 1.29783 1.73826 2.10783
2.00443 -1.55419 1.64719 1.29783 1.73826 2.10783
2.01172 -1.54236 1.66462 1.29783 1.73826 2.10783
2.01901 -1.53053 1.68206 1.29783 1.73826 2.10783
2.0263 -1.5187 1.6995 1.29783 1.73826 2.10783
2.03356 -1.5069 1.71688 1.29783 1.73826 2.10783
2.04077 -1.49519 1.73414 1.29783 1.73826 2.10783
2.04791 -1.4836 1.75122 1.29783 1.73826 2.10783
2.05495 -1.47216 1.76805 1.29783 1.73826 2.10783
2.06187 -1.46092 1.78458 1.29783 1.73826 2.10783
2.06864 -1.44992 1.80075 1.29783 1.73826 2.10783
2.07524 -1.43919 1.8165 1.29783 1.73826 2.10783
2.08164 -1.42877 1.83176 1.29783 1.73826 2.10783
2.08782 -1.41872 1.84648 1.29783 1.73826 2.10783
2.09375 -1.40905 1.8606 1.29783 1.73826 2.10783
2.09941 -1.39982 1.87405 1.29783 1.73826 2.10783
2.10477 -1.39106 1.88678 1.29783 1.73826 2.10783
2.10982 -1.38282 1.89872 1.29783 1.73826 2.10783
2.11452 -1.37512 1.90981 1.29783 1.73826 2.10783
2.11885 -1.36802 1.92 1.29783 1.73826 2.10783
2.12279 -1.36154 1.92922 1.29783 1.73826 2.10783
2.12635 -1.35566 1.93753 1.29783 1.73826 2.10783
2.12957 -1.35033 1.945 1.29783 1.73826 2.10783
2.13248 -1.34551 1.95169 1.29783 1.73826 2.10783
2.13508 -1.34117 1.95764 1.29783 1.73826 2.10783
2.13742 -1.33726 1.96294 1.29783 1.73826 2.10783
2.1395 -1.33374 1.96763 1.29783 1.73826 2.10783
2.14137 -1.33057 1.97177 1.29783 1.73826 2.10783
2.14304 -1.32772 1.97543 1.29783 1.73826 2.10783
2.14456 -1.32511 1.97873 1.29783 1.73826 2.10783
2.14598 -1.32266 1.98179 1.29783 1.73826 2.10783
2.14726 -1.32044 1.98449 1.29783 1.73826 2.10783
2.14834 -1.31854 1.9867 1.29783 1.73826 2.10783
2.14931 -1.31679 1.98867 1.29783 1.73826 2.10783
2.15029 -1.31504 1.99064 1.29783 1.73826 2.10783
2.15127 -1.3133 1.99261 1.29783 1.73826 2.10783
2.15225 -1.31155 1.99458 1.29783 1.73826 2.10783
2.15323 -1.30981 1.99655 1.29783 1.73826 2.10783
2.15421 -1.30806 1.99852 1.29783 1.73826 2.10783
2.15519 -1.30632 2.00049 1.29783 1.73826 2.10783
2.15617 -1.30457 2.00246 1.29783 1.73826 2.10783
2.15715 -1.30282 2.00443 1.29783 1.73826 2.10783
2.15813 -1.30108 2.0064 1.29783 1.73826 2.10783
2.15911 -1.29933 2.00837 1.29783 1.73826 2.10783
2.16008 -1.29759 2.01034 1.29783 1.73826 2.10783
2.16106 -1.29584 2.01231 1.29783 1.73826 2.10783
2.16204 -1.2941 2.01428 1.29783 1.73826 2.10783
2.16302 -1.29235 2.01625 1.29783 1.73826 2.10783
2.164 -1.29061 2.01822 1.29783 1.73826 2.10783
2.16498 -1.28886 2.02019 1.29783 1.73826 2.10783
2.16596 -1.28711 2.02216 1.29783 1.73826 2.10783
2.16694 -1.28537 2.02413 1.29783 1.73826 2.10783
2.16792 -1.28362 2.0261 1.29783 1.73826 2.10783
2.1689 -1.28188 2.02807 1.29783 1.73826 2.10783
2.16988 -1.28013 2.03004 1.29783 1.73826 2.10783
2.17086 -1.27839 2.03201 1.29783 1.73826 2.10783
2.17184 -1.27664 2.03397 1.29783 1.73826 2.10783
2.17282 -1.27489 2.03594 1.29783 1.73826 2.10783
2.1738 -1.27315 2.0379 1.29783 1.73826 2.10783
2.17479 -1.2714 2.03986 1.29783 1.73826 2.10783
2.17578 -1.26965 2.04182 1.29783 1.73826 2.10783
2.17676 -1.2679 2.04378 1.29783 1.73826 2.10783
2.17776 -1.26615 2.04573 1.29783 1.73826 2.10783
2.17875 -1.2644 2.04768 1.29783 1.73826 2.10783
2.17975 -1.26265 2.04962 1.29783 1.73826 2.10783
2.18074 -1.26089 2.05157 1.29783 1.73826 2.10783
2.18175 -1.25914 2.0535 1.29783 1.73826 2.10783
2.18275 -1.25738 2.05543 1.29783 1.73826 2.10783
2.18376 -1.25563 2.05736 1.29783 1.73826 2.10783
2.18477 -1.25387 2.05928 1.29783 1.73826 2.10783
2.18579 -1.25211 2.0612 1.29783 1.73826 2.10783
2.18681 -1.25035 2.06311 1.29783 1.73826 2.10783
2.18783 -1.24859 2.06501 1.29783 1.73826 2.10783
2.18886 -1.24682 2.0669 1.29783 1.73826 2.10783
2.1899 -1.24506 2.06879 1.29783 1.73826 2.10783
2.19093 -1.24329 2.07067 1.29783 1.73826 2.10783
2.19198 -1.24152 2.07255 1.29783 1.73826 2.10783
2.19303 -1.23975 2.07441 1.29783 1.73826 2.10783
2.19408 -1.23797 2.07627 1.29783 1.73826 2.10783
2.19514 -1.2362 2.07812 1.29783 1.73826 2.10783
2.19621 -1.23442 2.07996 1.29783 1.73826 2.10783
2.19728 -1.23264 2.08179 1.29783 1.73826 2.10783
2.19836 -1.23086 2.08361 1.29783 1.73826 2.10783
2.19945 -1.22907 2.08542 1.29783 1.73826 2.10783
2.20054 -1.22728 2.08722 1.29783 1.73826 2.10783
2.20164 -1.22549 2.08901 1.29783 1.73826 2.10783
2.20275 -1.2237 2.0908 1.29783 1.73826 2.10783
2.20386 -1.2219 2.09257 1.29783 1.73826 2.10783
2.20498 -1.22011 2.09433 1.29783 1.73826 2.10783
2.20611 -1.21831 2.09608 1.29783 1.73826 2.10783
2.20724 -1.2165 2.09783 1.29783 1.73826 2.10783
2.20837 -1.2147 2.09957 1.29783 1.73826 2.10783
2.20951 -1.21289 2.1013 1.29783 1.73826 2.10783
2.21066 -1.21109 2.10302 1.29783 1.73826 2.10783
2.21181 -1.20928 2.10474 1.29783 1.73826 2.10783
2.21296 -1.20747 2.10645 1.29783 1.73826 2.10783
2.21412 -1.20565 2.10815 1.29783 1.73826 2.10783
2.21529 -1.20384 2.10985 1.29783 1.73826 2.10783
2.21645 -1.20202 2.11154 1.29783 1.73826 2.10783
2.21763 -1.20021 2.11322 1.29783 1.73826 2.10783
2.2188 -1.19839 2.1149 1.29783 1.73826 2.10783
2.21998 -1.19657 2.11658 1.29783 1.73826 2.10783
2.22116 -1.19475 2.11825 1.29783 1.73826 2.10783
2.22234 -1.19293 2.11991 1.29783 1.73826 2.10783
2.22353 -1.1911 2.12158 1.29783 1.73826 2.10783
2.22472 -1.18928 2.12324 1.29783 1.73826 2.10783
2.22591 -1.18746 2.12489 1.29783 1.73826 2.10783
2.2271 -1.18563 2.12655 1.29783 1.73826 2.10783
2.2283 -1.1838 2.1282 1.29783 1.73826 2.10783
2.22949 -1.18198 2.12984 1.29783 1.73826 2.10783
2.23069 -1.18015 2.13149 1.29783 1.73826 2.10783
2.23189 -1.17832 2.13314 1.29783 1.73826 2.10783
2.23309 -1.1765 2.13478 1.29783 1.73826 2.10783
2.23429 -1.17467 2.13642 1.29783 1.73826 2.10783
2.23549 -1.17284 2.13806 1.29783 1.73826 2.10783
2.23669 -1.17101 2.13971 1.29783 1.73826 2.10783
2.23789 -1.16918 2.14135 1.29783 1.73826 2.10783
2.23909 -1.16736 2.14299 1.29783 1.73826 2.10783
2.24029 -1.16553 2.14462 1.29783 1.73826 2.10783
2.2415 -1.1637 2.14625 1.29783 1.73826 2.10783
2.24272 -1.16186 2.14786 1.29783 1.73826 2.10783
2.24393 -1.16003 2.14947 1.29783 1.73826 2.10783
2.24516 -1.15819 2.15106 1.29783 1.73826 2.10783
2.24639 -1.15635 2.15263 1.29783 1.73826 2.10783
2.24764 -1.1545 2.15419 1.29783 1.73826 2.10783
2.24889 -1.15265 2.15572 1.29783 1.73826 2.10783
2.25016 -1.1508 2.15723 1.29783 1.73826 2.10783
2.25143 -1.14894 2.15871 1.29783 1.73826 2.10783
2.25273 -1.14707 2.16017 1.29783 1.73826 2.10783
2.25403 -1.1452 2.16159 1.29783 1.73826 2.10783
2.25536 -1.14332 2.16297 1.29783 1.73826 2.10783
2.2567 -1.14143 2.16433 1.29783 1.73826 2.10783
2.25806 -1.13954 2.16564 1.29783 1.73826 2.10783
2.25944 -1.13763 2.16691 1.29783 1.73826 2.10783
2.26085 -1.13572 2.16814 1.29783 1.73826 2.10783
2.26227 -1.1338 2.16932 1.29783 1.73826 2.10783
2.26372 -1.13187 2.17045 1.29783 1.73826 2.10783
2.2652 -1.12993 2.17154 1.29783 1.73826 2.10783
2.26669 -1.12798 2.17256 1.29783 1.73826 2.10783
2.26822 -1.12602 2.17354 1.29783 1.73826 2.10783
2.26978 -1.12404 2.17445 1.29783 1.73826 2.10783
2.27136 -1.12206 2.17531 1.29783 1.73826 2.10783
2.27298 -1.12006 2.1761 1.29783 1.73826 2.10783
2.27462 -1.11804 2.17683 1.29783 1.73826 2.10783
2.27631 -1.11602 2.17749 1.29783 1.73826 2.10783
2.27802 -1.11398 2.17808 1.29783 1.73826 2.10783
2.27977 -1.11192 2.17859 1.29783 1.73826 2.10783
2.28156 -1.10985 2.17903 1.29783 1.73826 2.10783
2.28338 -1.10776 2.1794 1.29783 1.73826 2.10783
2.28524 -1.10566 2.17969 1.29783 1.73826 2.10783
2.28714 -1.10355 2.1799 1.29783 1.73826 2.10783
2.28907 -1.10142 2.18005 1.29783 1.73826 2.10783
2.29104 -1.09927 2.18013 1.29783 1.73826 2.10783
2.29303 -1.09712 2.18014 1.29783 1.73826 2.10783
2.29506 -1.09495 2.18009 1.29783 1.73826 2.10783
2.29712 -1.09277 2.17998 1.29783 1.73826 2.10783
2.2992 -1.09057 2.17981 1.29783 1.73826 2.10783
2.30131 -1.08837 2.17959 1.29783 1.73826 2.10783
2.30345 -1.08615 2.17931 1.29783 1.73826 2.10783
2.30561 -1.08393 2.17898 1.29783 1.73826 2.10783
2.3078 -1.08169 2.17861 1.29783 1.73826 2.10783
2.31001 -1.07945 2.17818 1.29783 1.73826 2.10783
2.31224 -1.07719 2.17772 1.29783 1.73826 2.10783
2.31449 -1.07493 2.17721 1.29783 1.73826 2.10783
2.31676 -1.07266 2.17666 1.29783 1.73826 2.10783
2.31905 -1.07039 2.17608 1.29783 1.73826 2.10783
2.32135 -1.0681 2.17547 1.29783 1.73826 2.10783
2.32367 -1.06581 2.17482 1.29783 1.73826 2.10783
2.326 -1.06352 2.17414 1.29783 1.73826 2.10783
2.32835 -1.06121 2.17344 1.29783 1.73826 2.10783
2.33071 -1.05891 2.17271 1.29783 1.73826 2.10783
2.33307 -1.0566 2.17196 1.29783 1.73826 2.10783
2.33545 -1.05428 2.17119 1.29783 1.73826 2.10783
2.33784 -1.05197 2.17041 1.29783 1.73826 2.10783
2.34023 -1.04964 2.16961 1.29783 1.73826 2.10783
2.34263 -1.04732 2.1688 1.29783 1.73826 2.10783
2.34504 -1.045 2.16797 1.29783 1.73826 2.10783
2.34744 -1.04267 2.16715 1.29783 1.73826 2.10783
2.34985 -1.04034 2.16631 1.29783 1.73826 2.10783
2.35226 -1.03801 2.16548 1.29783 1.73826 2.10783
2.35468 -1.03568 2.16464 1.29783 1.73826 2.10783
2.35709 -1.03335 2.1638 1.29783 1.73826 2.10783
2.35951 -1.03102 2.16296 1.29783 1.73826 2.10783
2.36194 -1.02867 2.16211 1.29783 1.73826 2.10783
2.36439 -1.02632 2.16126 1.29783 1.73826 2.10783
2.36685 -1.02395 2.1604 1.29783 1.73826 2.10783
2.36934 -1.02156 2.15952 1.29783 1.73826 2.10783
2.37184 -1.01916 2.15864 1.29783 1.73826 2.10783
2.37438 -1.01673 2.15774 1.29783 1.73826 2.10783
2.37695 -1.01428 2.15682 1.29783 1.73826 2.10783
2.37955 -1.0118 2.15588 1.29783 1.73826 2.10783
2.38219 -1.0093 2.15493 1.29783 1.73826 2.10783
2.38487 -1.00676 2.15396 1.29783 1.73826 2.10783
2.38759 -1.00418 2.15296 1.29783 1.73826 2.10783
2.39036 -1.00157 2.15193 1.29783 1.73826 2.10783
2.39319 -0.99891 2.15088 1.29783 1.73826 2.10783
2.39607 -0.996212 2.14981 1.29783 1.73826 2.10783
2.39901 -0.993467 2.1487 1.29783 1.73826 2.10783
2.40201 -0.990674 2.14756 1.29783 1.73826 2.10783
2.40508 -0.987828 2.14638 1.29783 1.73826 2.10783
2.40821 -0.984928 2.14517 1.29783 1.73826 2.10783
2.41142 -0.981971 2.14392 1.29783 1.73826 2.10783
2.41471 -0.978954 2.14264 1.29783 1.73826 2.10783
2.41807 -0.975875 2.14131 1.29783 1.73826 2.10783
2.42152 -0.97273 2.13994 1.29783 1.73826 2.10783
2.42505 -0.969517 2.13852 1.29783 1.73826 2.10783
2.42867 -0.966233 2.13706 1.29783 1.73826 2.10783
2.43239 -0.962876 2.13555 1.29783 1.73826 2.10783
2.4362 -0.959442 2.13399 1.29783 1.73826 2.10783
2.44011 -0.95593 2.13238 1.29783 1.73826 2.10783
2.44413 -0.952336 2.13072 1.29783 1.73826 2.10783
2.44825 -0.948657 2.129 1.29783 1.73826 2.10783
2.45249 -0.944892 2.12722 1.29783 1.73826 2.10783
2.45682 -0.941046 2.12539 1.29783 1.73826 2.10783
2.46125 -0.937126 2.12351 1.29783 1.73826 2.10783
2.46577 -0.933141 2.12158 1.29783 1.73826 2.10783
2.47036 -0.929095 2.1196 1.29783 1.73826 2.10783
2.47502 -0.924996 2.11758 1.29783 1.73826 2.10783
2.47974 -0.920852 2.11552 1.29783 1.73826 2.10783
2.48451 -0.916668 2.11343 1.29783 1.73826 2.10783
2.48933 -0.912452 2.11129 1.29783 1.73826 2.10783
2.49418 -0.908211 2.10913 1.29783 1.73826 2.10783
2.49906 -0.903951 2.10694 1.29783 1.73826 2.10783
2.50396 -0.899679 2.10472 1.29783 1.73826 2.10783
2.50886 -0.895402 2.10247 1.29783 1.73826 2.10783
2.51377 -0.891127 2.10021 1.29783 1.73826 2.10783
2.51868 -0.886861 2.09792 1.29783 1.73826 2.10783
2.52356 -0.882611 2.09562 1.29783 1.73826 2.10783
2.52843 -0.878383 2.09331 1.29783 1.73826 2.10783
2.53326 -0.874184 2.09099 1.29783 1.73826 2.10783
2.53805 -0.870022 2.08866 1.29783 1.73826 2.10783
2.5428 -0.865902 2.08633 1.29783 1.73826 2.10783
2.54749 -0.861833 2.08399 1.29783 1.73826 2.10783
2.55211 -0.85782 2.08166 1.29783 1.73826 2.10783
2.55666 -0.85387 2.07933 1.29783 1.73826 2.10783
2.56112 -0.849991 2.077 1.29783 1.73826 2.10783
2.5655 -0.84619 2.07469 1.29783 1.73826 2.10783
2.56978 -0.842472 2.07239 1.29783 1.73826 2.10783
2.57395 -0.838846 2.0701 1.29783 1.73826 2.10783
2.57801 -0.835317 2.06783 1.29783 1.73826 2.10783
2.58194 -0.831893 2.06558 1.29783 1.73826 2.10783
2.58574 -0.82858 2.06336 1.29783 1.73826 2.10783
2.5894 -0.825386 2.06116 1.29783 1.73826 2.10783
2.59292 -0.822317 2.05898 1.29783 1.73826 2.10783
2.59627 -0.81938 2.05684 1.29783 1.73826 2.10783
2.59947 -0.816569 2.05473 1.29783 1.73826 2.10783
2.60253 -0.813881 2.05266 1.29783 1.73826 2.10783
2.60545 -0.81131 2.05061 1.29783 1.73826 2.10783
2.60824 -0.808851 2.04858 1.29783 1.73826 2.10783
2.6109 -0.806498 2.04659 1.29783 1.73826 2.10783
2.61345 -0.804248 2.04462 1.29783 1.73826 2.10783
2.61587 -0.802094 2.04268 1.29783 1.73826 2.10783
2.61819 -0.800032 2.04076 1.29783 1.73826 2.10783
2.62041 -0.798056 2.03887 1.29783 1.73826 2.10783
2.62253 -0.796162 2.037 1.29783 1.73826 2.10783
2.62456 -0.794345 2.03515 1.29783 1.73826 2.10783
2.62651 -0.792599 2.03332 1.29783 1.73826 2.10783
2.62838 -0.790919 2.03152 1.29783 1.73826 2.10783
2.63017 -0.789301 2.02973 1.29783 1.73826 2.10783
2.6319 -0.78774 2.02797 1.29783 1.73826 2.10783
2.63358 -0.786229 2.02622 1.29783 1.73826 2.10783
2.6352 -0.784765 2.02449 1.29783 1.73826 2.10783
2.63677 -0.783343 2.02278 1.29783 1.73826 2.10783
2.6383 -0.781956 2.02108 1.29783 1.73826 2.10783
2.6398 -0.780601 2.0194 1.29783 1.73826 2.10783
2.64126 -0.779271 2.01773 1.29783 1.73826 2.10783
2.64271 -0.777963 2.01608 1.29783 1.73826 2.10783
2.64414 -0.776671 2.01444 1.29783 1.73826 2.10783
2.64555 -0.77539 2.01281 1.29783 1.73826 2.10783
2.64696 -0.774114 2.01119 1.29783 1.73826 2.10783
2.64838 -0.77284 2.00958 1.29783 1.73826 2.10783
2.6498 -0.771562 2.00798 1.29783 1.73826 2.10783
2.65124 -0.770274 2.00639 1.29783 1.73826 2.10783
2.65269 -0.768972 2.00481 1.29783 1.73826 2.10783
2.65417 -0.767651 2.00323 1.29783 1.73826 2.10783
2.65569 -0.766305 2.00166 1.29783 1.73826 2.10783
2.65724 -0.76493 2.0001 1.29783 1.73826 2.10783
2.65883 -0.763527 1.99854 1.29783 1.73826 2.10783
2.66045 -0.762096 1.99698 1.29783 1.73826 2.10783
2.66211 -0.760638 1.99543 1.29783 1.73826 2.10783
2.6638 -0.759155 1.99389 1.29783 1.73826 2.10783
2.66553 -0.757647 1.99235 1.29783 1.73826 2.10783
2.66728 -0.756115 1.99081 1.29783 1.73826 2.10783
2.66907 -0.75456 1.98928 1.29783 1.73826 2.10783
2.67089 -0.752983 1.98775 1.29783 1.73826 2.10783
2.67273 -0.751385 1.98623 1.29783 1.73826 2.10783
2.6746 -0.749767 1.98471 1.29783 1.73826 2.10783
2.67649 -0.74813 1.98319 1.29783 1.73826 2.10783
2.67841 -0.746474 1.98168 1.29783 1.73826 2.10783
2.68035 -0.744801 1.98017 1.29783 1.73826 2.10783
2.68231 -0.743111 1.97866 1.29783 1.73826 2.10783
2.68429 -0.741405 1.97715 1.29783 1.73826 2.10783
2.68629 -0.739685 1.97565 1.29783 1.73826 2.10783
2.68831 -0.737952 1.97415 1.29783 1.73826 2.10783
2.69034 -0.736205 1.97265 1.29783 1.73826 2.10783
2.69239 -0.734446 1.97116 1.29783 1.73826 2.10783
2.69446 -0.732677 1.96966 1.29783 1.73826 2.10783
2.69654 -0.730897 1.96817 1.29783 1.73826 2.10783
2.69863 -0.729108 1.96668 1.29783 1.73826 2.10783
2.70073 -0.727311 1.9652 1.29783 1.73826 2.10783
2.70284 -0.725506 1.96371 1.29783 1.73826 2.10783
2.70496 -0.723695 1.96222 1.29783 1.73826 2.10783
2.70708 -0.721879 1.96074 1.29783 1.73826 2.10783
2.70922 -0.720058 1.95925 1.29783 1.73826 2.10783
2.71135 -0.718233 1.95777 1.29783 1.73826 2.10783
2.71349 -0.716405 1.95629 1.29783 1.73826 2.10783
2.71564 -0.714576 1.9548 1.29783 1.73826 2.10783
2.71778 -0.712746 1.95332 1.29783 1.73826 2.10783
2.71992 -0.710916 1.95184 1.29783 1.73826 2.10783
2.72207 -0.709085 1.95036 1.29783 1.73826 2.10783
2.72421 -0.707254 1.94887 1.29783 1.73826 2.10783
2.72636 -0.705423 1.94739 1.29783 1.73826 2.10783
2.7285 -0.703591 1.94591 1.29783 1.73826 2.10783
2.73065 -0.701758 1.94442 1.29783 1.73826 2.10783
2.7328 -0.699924 1.94294 1.29783 1.73826 2.10783
2.73495 -0.698089 1.94145 1.29783 1.73826 2.10783
2.7371 -0.696253 1.93996 1.29783 1.73826 2.10783
2.73925 -0.694415 1.93847 1.29783 1.73826 2.10783
2.74141 -0.692575 1.93698 1.29783 1.73826 2.10783
2.74357 -0.690733 1.93548 1.29783 1.73826 2.10783
2.74573 -0.688889 1.93399 1.29783 1.73826 2.10783
2.74789 -0.687043 1.93249 1.29783 1.73826 2.10783
2.75006 -0.685195 1.93099 1.29783 1.73826 2.10783
2.75223 -0.683343 1.92948 1.29783 1.73826 2.10783
2.7544 -0.681489 1.92798 1.29783 1.73826 2.10783
2.75658 -0.679632 1.92647 1.29783 1.73826 2.10783
2.75876 -0.677772 1.92496 1.29783 1.73826 2.10783
2.76094 -0.675909 1.92344 1.29783 1.73826 2.10783
2.76313 -0.674042 1.92192 1.29783 1.73826 2.10783
2.76533 -0.672172 1.9204 1.29783 1.73826 2.10783
2.76752 -0.670297 1.91887 1.29783 1.73826 2.10783
2.76973 -0.668419 1.91734 1.29783 1.73826 2.10783
2.77194 -0.666536 1.91581 1.29783 1.73826 2.10783
2.77415 -0.664649 1.91427 1.29783 1.73826 2.10783
2.77637 -0.662758 1.91272 1.29783 1.73826 2.10783
2.77859 -0.660861 1.91117 1.29783 1.73826 2.10783
2.78083 -0.65896 1.90962 1.29783 1.73826 2.10783
2.78306 -0.657054 1.90806 1.29783 1.73826 2.10783
2.78531 -0.655143 1.9065 1.29783 1.73826 2.10783
2.78756 -0.653226 1.90493 1.29783 1.73826 2.10783
2.78982 -0.651304 1.90335 1.29783 1.73826 2.10783
2.79208 -0.649376 1.90177 1.29783 1.73826 2.10783
2.79435 -0.647443 1.90018 1.29783 1.73826 2.10783
2.79663 -0.645505 1.89859 1.29783 1.73826 2.10783
2.79891 -0.643562 1.897 1.29783 1.73826 2.10783
2.8012 -0.641614 1.8954 1.29783 1.73826 2.10783
2.80349 -0.639662 1.89379 1.29783 1.73826 2.10783
2.80579 -0.637705 1.89218 1.29783 1.73826 2.10783
2.8081 -0.635744 1.89057 1.29783 1.73826 2.10783
2.81041 -0.63378 1.88895 1.29783 1.73826 2.10783
2.81272 -0.631811 1.88733 1.29783 1.73826 2.10783
2.81504 -0.629839 1.8857 1.29783 1.73826 2.10783
2.81736 -0.627863 1.88407 1.29783 1.73826 2.10783
2.81969 -0.625884 1.88244 1.29783 1.73826 2.10783
2.82202 -0.623901 1.8808 1.29783 1.73826 2.10783
2.82436 -0.621916 1.87916 1.29783 1.73826 2.10783
2.8267 -0.619928 1.87752 1.29783 1.73826 2.10783
2.82904 -0.617938 1.87588 1.29783 1.73826 2.10783
2.83138 -0.615945 1.87423 1.29783 1.73826 2.10783
2.83373 -0.613949 1.87258 1.29783 1.73826 2.10783
2.83608 -0.611952 1.87093 1.29783 1.73826 2.10783
2.83843 -0.609952 1.86928 1.29783 1.73826 2.10783
2.84079 -0.607951 1.86762 1.29783 1.73826 2.10783
2.84314 -0.605949 1.86597 1.29783 1.73826 2.10783
2.8455 -0.603945 1.86431 1.29783 1.73826 2.10783
2.84786 -0.601939 1.86265 1.29783 1.73826 2.10783
2.85022 -0.599933 1.86099 1.29783 1.73826 2.10783
2.85258 -0.597926 1.85933 1.29783 1.73826 2.10783
2.85495 -0.595918 1.85767 1.29783 1.73826 2.10783
2.85731 -0.593909 1.856 1.29783 1.73826 2.10783
2.85967 -0.591901 1.85434 1.29783 1.73826 2.10783
2.86204 -0.589892 1.85268 1.29783 1.73826 2.10783
2.8644 -0.587883 1.85102 1.29783 1.73826 2.10783
2.86677 -0.585874 1.84935 1.29783 1.73826 2.10783
2.86913 -0.583865 1.84769 1.29783 1.73826 2.10783
2.87149 -0.581856 1.84603 1.29783 1.73826 2.10783
2.87386 -0.579847 1.84436 1.29783 1.73826 2.10783
2.87622 -0.577838 1.8427 1.29783 1.73826 2.10783
2.87859 -0.575829 1.84104 1.29783 1.73826 2.10783
2.88095 -0.57382 1.83938 1.29783 1.73826 2.10783
2.88331 -0.571811 1.83771 1.29783 1.73826 2.10783
2.88568 -0.569802 1.83605 1.29783 1.73826 2.10783
2.88804 -0.567793 1.83439 1.29783 1.73826 2.10783
2.89041 -0.565784 1.83273 1.29783 1.73826 2.10783
2.89277 -0.563775 1.83106 1.29783 1.73826 2.10783
2.89513 -0.561766 1.8294 1.29783 1.73826 2.10783
2.8975 -0.559757 1.82774 1.29783 1.73826 2.10783
2.89986 -0.557748 1.82607 1.29783 1.73826 2.10783
2.90223 -0.555739 1.82441 1.29783 1.73826 2.10783
2.90459 -0.55373 1.82275 1.29783 1.73826 2.10783
2.90696 -0.551721 1.82109 1.29783 1.73826 2.10783
2.90932 -0.549712 1.81942 1.29783 1.73826 2.10783
2.91168 -0.547703 1.81776 1.29783 1.73826 2.10783
2.91405 -0.545695 1.8161 1.29783 1.73826 2.10783
2.91641 -0.543686 1.81444 1.29783 1.73826 2.10783
2.91878 -0.541677 1.81277 1.29783 1.73826 2.10783
2.92114 -0.539668 1.81111 1.29783 1.73826 2.10783
2.9235 -0.537659 1.80945 1.29783 1.73826 2.10783
2.92587 -0.53565 1.80778 1.29783 1.73826 2.10783
2.92823 -0.533641 1.80612 1.29783 1.73826 2.10783
2.9306 -0.531632 1.80446 1.29783 1.73826 2.10783
2.93296 -0.529623 1.8028 1.29783 1.73826 2.10783
2.93532 -0.527614 1.80113 1.29783 1.73826 2.10783
2.93769 -0.525605 1.79947 1.29783 1.73826 2.10783
2.93769 -0.525605 1.79947 1.29783 1.73826 2.10783
2.93788 -0.525392 1.79915 1.29832 1.73821 2.10665
2.93808 -0.525179 1.79883 1.29881 1.73816 2.10546
2.93827 -0.524966 1.79852 1.29929 1.73811 2.10428
2.93847 -0.524754 1.7982 1.29978 1.73805 2.1031
2.93866 -0.524541 1.79788 1.30027 1.738 2.10192
2.93886 -0.524328 1.79756 1.30076 1.73795 2.10073
2.93905 -0.524115 1.79725 1.30124 1.7379 2.09955
2.93925 -0.523902 1.79693 1.30173 1.73785 2.09837
2.93944 -0.523689 1.79661 1.30222 1.7378 2.09719
2.93964 -0.523476 1.79629 1.30271 1.73774 2.096
2.93983 -0.523264 1.79597 1.30319 1.73769 2.09482
2.94003 -0.523051 1.79566 1.30368 1.73764 2.09364
2.94022 -0.522838 1.79534 1.30417 1.73759 2.09245
2.94042 -0.522625 1.79502 1.30466 1.73754 2.09127
2.94061 -0.522412 1.7947 1.30514 1.73749 2.09009
2.94081 -0.522199 1.79439 1.30563 1.73743 2.08891
2.941 -0.521986 1.79407 1.30612 1.73738 2.08772
2.9412 -0.521774 1.79375 1.30661 1.73733 2.08654
2.94139 -0.521561 1.79343 1.30709 1.73728 2.08536
2.94159 -0.521348 1.79311 1.30758 1.73723 2.08418
2.94178 -0.521135 1.7928 1.30807 1.73718 2.08299
2.94198 -0.520922 1.79248 1.30856 1.73713 2.08181
2.94217 -0.520709 1.79216 1.30904 1.73707 2.08063
2.94237 -0.520496 1.79184 1.30953 1.73702 2.07944
2.94256 -0.520283 1.79153 1.31002 1.73697 2.07826
2.94275 -0.520071 1.79121 1.31051 1.73692 2.07708
2.94295 -0.519858 1.79089 1.31099 1.73687 2.0759
2.94314 -0.519645 1.79057 1.31148 1.73682 2.07471
2.94334 -0.519432 1.79025 1.31197 1.73676 2.07353
2.94353 -0.519219 1.78994 1.31246 1.73671 2.07235
2.94373 -0.519006 1.78962 1.31294 1.73666 2.07117
2.94392 -0.518793 1.7893 1.31343 1.73661 2.06998
2.94412 -0.518581 1.78898 1.31392 1.73656 2.0688
2.94431 -0.518368 1.78867 1.31441 1.73651 2.06762
2.94451 -0.518155 1.78835 1.31489 1.73646 2.06643
2.9447 -0.517942 1.78803 1.31538 1.7364 2.06525
2.9449 -0.517729 1.78771 1.31587 1.73635 2.06407
2.94509 -0.517516 1.78739 1.31636 1.7363 2.06289
2.94529 -0.517303 1.78708 1.31684 1.73625 2.0617
2.94548 -0.517091 1.78676 1.31733 1.7362 2.06052
2.94568 -0.516878 1.78644 1.31782 1.73615 2.05934
2.94587 -0.516665 1.78612 1.31831 1.73609 2.05816
2.94607 -0.516452 1.78581 1.31879 1.73604 2.05697
2.94626 -0.516239 1.78549 1.31928 1.73599 2.05579
2.94646 -0.516026 1.78517 1.31977 1.73594 2.05461
2.94665 -0.515813 1.78485 1.32026 1.73589 2.05342
2.94685 -0.515601 1.78453 1.32074 1.73584 2.05224
2.94704 -0.515388 1.78422 1.32123 1.73578 2.05106
2.94724 -0.515175 1.7839 1.32172 1.73573 2.04988
2.94743 -0.514962 1.78358 1.32221 1.73568 2.04869
2.94762 -0.514749 1.78326 1.32269 1.73563 2.04751
2.94782 -0.514536 1.78295 1.32318 1.73558 2.04633
2.94801 -0.514323 1.78263 1.32367 1.73553 2.04515
2.94821 -0.514111 1.78231 1.32416 1.73548 2.04396
2.9484 -0.513898 1.78199 1.32464 1.73542 2.04278
2.9486 -0.513685 1.78167 1.32513 1.73537 2.0416
2.94879 -0.513472 1.78136 1.32562 1.73532 2.04041
2.94899 -0.513259 1.78104 1.32611 1.73527 2.03923
2.94918 -0.513046 1.78072 1.32659 1.73522 2.03805
2.94938 -0.512833 1.7804 1.32708 1.73517 2.03687
2.94957 -0.51262 1.78009 1.32757 1.73511 2.03568
2.94977 -0.512408 1.77977 1.32806 1.73506 2.0345
2.94996 -0.512195 1.77945 1.32854 1.73501 2.03332
2.95016 -0.511982 1.77913 1.32903 1.73496 2.03214
2.95035 -0.511769 1.77881 1.32952 1.73491 2.03095
2.95055 -0.511556 1.7785 1.33001 1.73486 2.02977
2.95074 -0.511343 1.77818 1.33049 1.7348 2.02859
2.95094 -0.51113 1.77786 1.33098 1.73475 2.0274
2.95113 -0.510918 1.77754 1.33147 1.7347 2.02622
2.95133 -0.510705 1.77722 1.33196 1.73465 2.02504
2.95152 -0.510492 1.77691 1.33244 1.7346 2.02386
2.95172 -0.510279 1.77659 1.33293 1.73455 2.02267
2.95191 -0.510066 1.77627 1.33342 1.7345 2.02149
2.95211 -0.509853 1.77595 1.33391 1.73444 2.02031
2.9523 -0.50964 1.77564 1.33439 1.73439 2.01913
2.95249 -0.509428 1.77532 1.33488 1.73434 2.01794
2.95269 -0.509215 1.775 1.33537 1.73429 2.01676
2.95288 -0.509002 1.77468 1.33586 1.73424 2.01558
2.95308 -0.508789 1.77436 1.33635 1.73419 2.01439
2.95327 -0.508576 1.77405 1.33683 1.73413 2.01321
2.95347 -0.508363 1.77373 1.33732 1.73408 2.01203
2.95366 -0.50815 1.77341 1.33781 1.73403 2.01085
2.95386 -0.507938 1.77309 1.3383 1.73398 2.00966
2.95405 -0.507725 1.77278 1.33878 1.73393 2.00848
2.95425 -0.507512 1.77246 1.33927 1.73388 2.0073
2.95444 -0.507299 1.77214 1.33976 1.73382 2.00612
2.95464 -0.507086 1.77182 1.34025 1.73377 2.00493
2.95483 -0.506873 1.7715 1.34073 1.73372 2.00375
2.95503 -0.50666 1.77119 1.34122 1.73367 2.00257
2.95522 -0.506448 1.77087 1.34171 1.73362 2.00138
2.95542 -0.506235 1.77055 1.3422 1.73357 2.0002
2.95561 -0.506022 1.77023 1.34268 1.73352 1.99902
2.95581 -0.505809 1.76992 1.34317 1.73346 1.99784
2.956 -0.505596 1.7696 1.34366 1.73341 1.99665
2.9562 -0.505383 1.76928 1.34415 1.73336 1.99547
2.95639 -0.50517 1.76896 1.34463 1.73331 1.99429
2.95659 -0.504957 1.76864 1.34512 1.73326 1.99311
2.95678 -0.504745 1.76833 1.34561 1.73321 1.99192
2.95698 -0.504532 1.76801 1.3461 1.73315 1.99074
2.95717 -0.504319 1.76769 1.34658 1.7331 1.98956
2.95736 -0.504106 1.76737 1.34707 1.73305 1.98837
2.95756 -0.503893 1.76706 1.34756 1.733 1.98719
2.95775 -0.50368 1.76674 1.34805 1.73295 1.98601
2.95795 -0.503467 1.76642 1.34853 1.7329 1.98483
2.95814 -0.503255 1.7661 1.34902 1.73285 1.98364
2.95834 -0.503042 1.76578 1.34951 1.73279 1.98246
2.95853 -0.502829 1.76547 1.35 1.73274 1.98128
2.95873 -0.502616 1.76515 1.35048 1.73269 1.9801
2.95892 -0.502403 1.76483 1.35097 1.73264 1.97891
2.95912 -0.50219 1.76451 1.35146 1.73259 1.97773
2.95931 -0.501977 1.7642 1.35195 1.73254 1.97655
2.95951 -0.501765 1.76388 1.35243 1.73248 1.97536
2.9597 -0.501552 1.76356 1.35292 1.73243 1.97418
2.9599 -0.501339 1.76324 1.35341 1.73238 1.973
2.96009 -0.501126 1.76292 1.3539 1.73233 1.97182
2.96029 -0.500913 1.76261 1.35438 1.73228 1.97063
2.96048 -0.5007 1.76229 1.35487 1.73223 1.96945
2.96068 -0.500487 1.76197 1.35536 1.73217 1.96827
2.96087 -0.500275 1.76165 1.35585 1.73212 1.96709
2.96107 -0.500062 1.76134 1.35633 1.73207 1.9659
2.96126 -0.499849 1.76102 1.35682 1.73202 1.96472
2.96146 -0.499636 1.7607 1.35731 1.73197 1.96354
2.96165 -0.499423 1.76038 1.3578 1.73192 1.96235
2.96185 -0.49921 1.76006 1.35828 1.73187 1.96117
2.96204 -0.498997 1.75975 1.35877 1.73181 1.95999
2.96223 -0.498785 1.75943 1.35926 1.73176 1.95881
2.96243 -0.498572 1.75911 1.35975 1.73171 1.95762
2.96262 -0.498359 1.75879 1.36023 1.73166 1.95644
2.96282 -0.498146 1.75848 1.36072 1.73161 1.95526
2.96301 -0.497933 1.75816 1.36121 1.73156 1.95408
2.96321 -0.49772 1.75784 1.3617 1.7315 1.95289
2.9634 -0.497507 1.75752 1.36218 1.73145 1.95171
2.9636 -0.497294 1.7572 1.36267 1.7314 1.95053
2.96379 -0.497082 1.75689 1.36316 1.73135 1.94934
2.96399 -0.496869 1.75657 1.36365 1.7313 1.94816
2.96418 -0.496656 1.75625 1.36413 1.73125 1.94698
2.96438 -0.496443 1.75593 1.36462 1.73119 1.9458
2.96457 -0.49623 1.75562 1.36511 1.73114 1.94461
2.96477 -0.496017 1.7553 1.3656 1.73109 1.94343
2.96496 -0.495804 1.75498 1.36608 1.73104 1.94225
2.96516 -0.495592 1.75466 1.36657 1.73099 1.94107
2.96535 -0.495379 1.75434 1.36706 1.73094 1.93988
2.96555 -0.495166 1.75403 1.36755 1.73089 1.9387
2.96574 -0.494953 1.75371 1.36803 1.73083 1.93752
2.96594 -0.49474 1.75339 1.36852 1.73078 1.93633
2.96613 -0.494527 1.75307 1.36901 1.73073 1.93515
2.96633 -0.494314 1.75276 1.3695 1.73068 1.93397
2.96652 -0.494102 1.75244 1.36998 1.73063 1.93279
2.96671 -0.493889 1.75212 1.37047 1.73058 1.9316
2.96691 -0.493676 1.7518 1.37096 1.73052 1.93042
2.9671 -0.493463 1.75148 1.37145 1.73047 1.92924
2.9673 -0.49325 1.75117 1.37194 1.73042 1.92806
2.96749 -0.493037 1.75085 1.37242 1.73037 1.92687
2.96769 -0.492824 1.75053 1.37291 1.73032 1.92569
2.96788 -0.492612 1.75021 1.3734 1.73027 1.92451
2.96808 -0.492399 1.7499 1.37389 1.73021 1.92332
2.96827 -0.492186 1.74958 1.37437 1.73016 1.92214
2.96847 -0.491973 1.74926 1.37486 1.73011 1.92096
2.96866 -0.49176 1.74894 1.37535 1.73006 1.91978
2.96886 -0.491547 1.74862 1.37584 1.73001 1.91859
2.96905 -0.491334 1.74831 1.37632 1.72996 1.91741
2.96925 -0.491122 1.74799 1.37681 1.72991 1.91623
2.96944 -0.490909 1.74767 1.3773 1.72985 1.91505
2.96964 -0.490696 1.74735 1.37779 1.7298 1.91386
2.96983 -0.490483 1.74704 1.37827 1.72975 1.91268
2.97003 -0.49027 1.74672 1.37876 1.7297 1.9115
2.97022 -0.490057 1.7464 1.37925 1.72965 1.91031
2.97042 -0.489844 1.74608 1.37974 1.7296 1.90913
2.97061 -0.489631 1.74576 1.38022 1.72954 1.90795
2.97081 -0.489419 1.74545 1.38071 1.72949 1.90677
2.971 -0.489206 1.74513 1.3812 1.72944 1.90558
2.9712 -0.488993 1.74481 1.38169 1.72939 1.9044
2.97139 -0.48878 1.74449 1.38217 1.72934 1.90322
2.97158 -0.488567 1.74418 1.38266 1.72929 1.90204
2.97178 -0.488354 1.74386 1.38315 1.72924 1.90085
2.97197 -0.488141 1.74354 1.38364 1.72918 1.89967
2.97217 -0.487929 1.74322 1.38412 1.72913 1.89849
2.97236 -0.487716 1.7429 1.38461 1.72908 1.8973
2.97256 -0.487503 1.74259 1.3851 1.72903 1.89612
2.97275 -0.48729 1.74227 1.38559 1.72898 1.89494
2.97295 -0.487077 1.74195 1.38607 1.72893 1.89376
2.97314 -0.486864 1.74163 1.38656 1.72887 1.89257
2.97334 -0.486651 1.74132 1.38705 1.72882 1.89139
2.97353 -0.486439 1.741 1.38754 1.72877 1.89021
2.97373 -0.486226 1.74068 1.38802 1.72872 1.88903
2.97392 -0.486013 1.74036 1.38851 1.72867 1.88784
2.97412 -0.4858 1.74004 1.389 1.72862 1.88666
2.97431 -0.485587 1.73973 1.38949 1.72856 1.88548
2.97451 -0.485374 1.73941 1.38997 1.72851 1.88429
2.9747 -0.485161 1.73909 1.39046 1.72846 1.88311
2.9749 -0.484949 1.73877 1.39095 1.72841 1.88193
2.97509 -0.484736 1.73846 1.39144 1.72836 1.88075
2.97529 -0.484523 1.73814 1.39192 1.72831 1.87956
2.97548 -0.48431 1.73782 1.39241 1.72826 1.87838
2.97568 -0.484097 1.7375 1.3929 1.7282 1.8772
2.97587 -0.483884 1.73718 1.39339 1.72815 1.87602
2.97607 -0.483671 1.73687 1.39387 1.7281 1.87483
2.97626 -0.483459 1.73655 1.39436 1.72805 1.87365
2.97645 -0.483246 1.73623 1.39485 1.728 1.87247
2.97665 -0.483033 1.73591 1.39534 1.72795 1.87128
2.97684 -0.48282 1.7356 1.39582 1.72789 1.8701
2.97704 -0.482607 1.73528 1.39631 1.72784 1.86892
2.97723 -0.482394 1.73496 1.3968 1.72779 1.86774
2.97743 -0.482181 1.73464 1.39729 1.72774 1.86655
2.97762 -0.481968 1.73432 1.39777 1.72769 1.86537
2.97782 -0.481756 1.73401 1.39826 1.72764 1.86419
2.97801 -0.481543 1.73369 1.39875 1.72758 1.86301
2.97821 -0.48133 1.73337 1.39924 1.72753 1.86182
2.9784 -0.481117 1.73305 1.39972 1.72748 1.86064
2.9786 -0.480904 1.73273 1.40021 1.72743 1.85946
2.97879 -0.480691 1.73242 1.4007 1.72738 1.85827
2.97899 -0.480478 1.7321 1.40119 1.72733 1.85709
2.97918 -0.480266 1.73178 1.40167 1.72728 1.85591
2.97938 -0.480053 1.73146 1.40216 1.72722 1.85473
2.97957 -0.47984 1.73115 1.40265 1.72717 1.85354
2.97977 -0.479627 1.73083 1.40314 1.72712 1.85236
2.97996 -0.479414 1.73051 1.40362 1.72707 1.85118
2.98016 -0.479201 1.73019 1.40411 1.72702 1.85
2.98035 -0.478988 1.72987 1.4046 1.72697 1.84881
2.98055 -0.478776 1.72956 1.40509 1.72691 1.84763
2.98074 -0.478563 1.72924 1.40557 1.72686 1.84645
2.98094 -0.47835 1.72892 1.40606 1.72681 1.84526
2.98113 -0.478137 1.7286 1.40655 1.72676 1.84408
2.98132 -0.477924 1.72829 1.40704 1.72671 1.8429
2.98152 -0.477711 1.72797 1.40752 1.72666 1.84172
2.98171 -0.477498 1.72765 1.40801 1.7266 1.84053
2.98191 -0.477286 1.72733 1.4085 1.72655 1.83935
2.9821 -0.477073 1.72701 1.40899 1.7265 1.83817
2.9823 -0.47686 1.7267 1.40948 1.72645 1.83698
2.98249 -0.476647 1.72638 1.40996 1.7264 1.8358
2.98269 -0.476434 1.72606 1.41045 1.72635 1.83462
2.98288 -0.476221 1.72574 1.41094 1.7263 1.83344
2.98308 -0.476008 1.72543 1.41143 1.72624 1.83225
2.98327 -0.475796 1.72511 1.41191 1.72619 1.83107
2.98347 -0.475583 1.72479 1.4124 1.72614 1.82989
2.98366 -0.47537 1.72447 1.41289 1.72609 1.82871
2.98386 -0.475157 1.72415 1.41338 1.72604 1.82752
2.98405 -0.474944 1.72384 1.41386 1.72599 1.82634
2.98425 -0.474731 1.72352 1.41435 1.72593 1.82516
2.98444 -0.474518 1.7232 1.41484 1.72588 1.82397
2.98464 -0.474305 1.72288 1.41533 1.72583 1.82279
2.98483 -0.474093 1.72257 1.41581 1.72578 1.82161
2.98503 -0.47388 1.72225 1.4163 1.72573 1.82043
2.98522 -0.473667 1.72193 1.41679 1.72568 1.81924
2.98542 -0.473454 1.72161 1.41728 1.72563 1.81806
2.98561 -0.473241 1.72129 1.41776 1.72557 1.81688
2.98581 -0.473028 1.72098 1.41825 1.72552 1.8157
2.986 -0.472815 1.72066 1.41874 1.72547 1.81451
2.98619 -0.472603 1.72034 1.41923 1.72542 1.81333
2.98639 -0.47239 1.72002 1.41971 1.72537 1.81215
2.98658 -0.472177 1.71971 1.4202 1.72532 1.81096
2.98678 -0.471964 1.71939 1.42069 1.72526 1.80978
2.98697 -0.471751 1.71907 1.42118 1.72521 1.8086
2.98717 -0.471538 1.71875 1.42166 1.72516 1.80742
2.98736 -0.471325 1.71843 1.42215 1.72511 1.80623
2.98756 -0.471113 1.71812 1.42264 1.72506 1.80505
2.98775 -0.4709 1.7178 1.42313 1.72501 1.80387
2.98795 -0.470687 1.71748 1.42361 1.72495 1.80269
2.98814 -0.470474 1.71716 1.4241 1.7249 1.8015
2.98834 -0.470261 1.71685 1.42459 1.72485 1.80032
2.98853 -0.470048 1.71653 1.42508 1.7248 1.79914
2.98873 -0.469835 1.71621 1.42556 1.72475 1.79795
2.98892 -0.469623 1.71589 1.42605 1.7247 1.79677
2.98912 -0.46941 1.71557 1.42654 1.72465 1.79559
2.98931 -0.469197 1.71526 1.42703 1.72459 1.79441
2.98951 -0.468984 1.71494 1.42751 1.72454 1.79322
2.9897 -0.468771 1.71462 1.428 1.72449 1.79204
2.9899 -0.468558 1.7143 1.42849 1.72444 1.79086
2.99009 -0.468345 1.71399 1.42898 1.72439 1.78968
2.99029 -0.468133 1.71367 1.42946 1.72434 1.78849
2.99048 -0.46792 1.71335 1.42995 1.72428 1.78731
2.99068 -0.467707 1.71303 1.43044 1.72423 1.78613
2.99087 -0.467494 1.71271 1.43093 1.72418 1.78494
2.99106 -0.467281 1.7124 1.43141 1.72413 1.78376
2.99126 -0.467068 1.71208 1.4319 1.72408 1.78258
2.99145 -0.466855 1.71176 1.43239 1.72403 1.7814
2.99165 -0.466642 1.71144 1.43288 1.72397 1.78021
2.99184 -0.46643 1.71113 1.43336 1.72392 1.77903
2.99204 -0.466217 1.71081 1.43385 1.72387 1.77785
2.99223 -0.466004 1.71049 1.43434 1.72382 1.77667
2.99243 -0.465791 1.71017 1.43483 1.72377 1.77548
2.99262 -0.465578 1.70985 1.43531 1.72372 1.7743
2.99282 -0.465365 1.70954 1.4358 1.72367 1.77312
2.99301 -0.465152 1.70922 1.43629 1.72361 1.77193
2.99321 -0.46494 1.7089 1.43678 1.72356 1.77075
2.9934 -0.464727 1.70858 1.43726 1.72351 1.76957
2.9936 -0.464514 1.70827 1.43775 1.72346 1.76839
2.99379 -0.464301 1.70795 1.43824 1.72341 1.7672
2.99399 -0.464088 1.70763 1.43873 1.72336 1.76602
2.99418 -0.463875 1.70731 1.43921 1.7233 1.76484
2.99438 -0.463662 1.70699 1.4397 1.72325 1.76366
2.99457 -0.46345 1.70668 1.44019 1.7232 1.76247
2.99477 -0.463237 1.70636 1.44068 1.72315 1.76129
2.99496 -0.463024 1.70604 1.44116 1.7231 1.76011
2.99516 -0.462811 1.70572 1.44165 1.72305 1.75892
2.99535 -0.462598 1.70541 1.44214 1.72299 1.75774
2.99555 -0.462385 1.70509 1.44263 1.72294 1.75656
2.99574 -0.462172 1.70477 1.44311 1.72289 1.75538
2.99593 -0.46196 1.70445 1.4436 1.72284 1.75419
2.99613 -0.461747 1.70413 1.44409 1.72279 1.75301
2.99632 -0.461534 1.70382 1.44458 1.72274 1.75183
2.99652 -0.461321 1.7035 1.44507 1.72269 1.75065
2.99671 -0.461108 1.70318 1.44555 1.72263 1.74946
2.99691 -0.460895 1.70286 1.44604 1.72258 1.74828
2.9971 -0.460682 1.70255 1.44653 1.72253 1.7471
2.9973 -0.46047 1.70223 1.44702 1.72248 1.74591
2.99749 -0.460257 1.70191 1.4475 1.72243 1.74473
2.99769 -0.460044 1.70159 1.44799 1.72238 1.74355
2.99788 -0.459831 1.70127 1.44848 1.72232 1.74237
2.99808 -0.459618 1.70096 1.44897 1.72227 1.74118
2.99827 -0.459405 1.70064 1.44945 1.72222 1.74
2.99847 -0.459192 1.70032 1.44994 1.72217 1.73882
2.99866 -0.458979 1.7 1.45043 1.72212 1.73764
2.99886 -0.458767 1.69969 1.45092 1.72207 1.73645
2.99905 -0.458554 1.69937 1.4514 1.72202 1.73527
2.99925 -0.458341 1.69905 1.45189 1.72196 1.73409
2.99944 -0.458128 1.69873 1.45238 1.72191 1.7329
2.99964 -0.457915 1.69841 1.45287 1.72186 1.73172
2.99983 -0.457702 1.6981 1.45335 1.72181 1.73054
3.00003 -0.457489 1.69778 1.45384 1.72176 1.72936
3.00022 -0.457277 1.69746 1.45433 1.72171 1.72817
3.00042 -0.457064 1.69714 1.45482 1.72165 1.72699
3.00061 -0.456851 1.69683 1.4553 1.7216 1.72581
3.0008 -0.456638 1.69651 1.45579 1.72155 1.72463
3.001 -0.456425 1.69619 1.45628 1.7215 1.72344
3.00119 -0.456212 1.69587 1.45677 1.72145 1.72226
3.00139 -0.455999 1.69555 1.45725 1.7214 1.72108
3.00158 -0.455787 1.69524 1.45774 1.72134 1.71989
3.00178 -0.455574 1.69492 1.45823 1.72129 1.71871
3.00197 -0.455361 1.6946 1.45872 1.72124 1.71753
3.00217 -0.455148 1.69428 1.4592 1.72119 1.71635
3.00236 -0.454935 1.69397 1.45969 1.72114 1.71516
3.00256 -0.454722 1.69365 1.46018 1.72109 1.71398
3.00275 -0.454509 1.69333 1.46067 1.72104 1.7128
3.00295 -0.454297 1.69301 1.46115 1.72098 1.71162
3.00314 -0.454084 1.69269 1.46164 1.72093 1.71043
3.00334 -0.453871 1.69238 1.46213 1.72088 1.70925
3.00353 -0.453658 1.69206 1.46262 1.72083 1.70807
3.00373 -0.453445 1.69174 1.4631 1.72078 1.70688
3.00392 -0.453232 1.69142 1.46359 1.72073 1.7057
3.00412 -0.453019 1.69111 1.46408 1.72067 1.70452
3.00431 -0.452806 1.69079 1.46457 1.72062 1.70334
3.00451 -0.452594 1.69047 1.46505 1.72057 1.70215
3.0047 -0.452381 1.69015 1.46554 1.72052 1.70097
3.0049 -0.452168 1.68983 1.46603 1.72047 1.69979
3.00509 -0.451955 1.68952 1.46652 1.72042 1.69861
3.00529 -0.451742 1.6892 1.467 1.72036 1.69742
3.00548 -0.451529 1.68888 1.46749 1.72031 1.69624
3.00567 -0.451316 1.68856 1.46798 1.72026 1.69506
3.00587 -0.451104 1.68824 1.46847 1.72021 1.69387
3.00606 -0.450891 1.68793 1.46895 1.72016 1.69269
3.00626 -0.450678 1.68761 1.46944 1.72011 1.69151
3.00645 -0.450465 1.68729 1.46993 1.72006 1.69033
3.00665 -0.450252 1.68697 1.47042 1.72 1.68914
3.00684 -0.450039 1.68666 1.4709 1.71995 1.68796
3.00704 -0.449826 1.68634 1.47139 1.7199 1.68678
3.00723 -0.449614 1.68602 1.47188 1.71985 1.6856
3.00743 -0.449401 1.6857 1.47237 1.7198 1.68441
3.00762 -0.449188 1.68538 1.47285 1.71975 1.68323
3.00782 -0.448975 1.68507 1.47334 1.71969 1.68205
3.00801 -0.448762 1.68475 1.47383 1.71964 1.68086
3.00821 -0.448549 1.68443 1.47432 1.71959 1.67968
3.0084 -0.448336 1.68411 1.4748 1.71954 1.6785
3.0086 -0.448124 1.6838 1.47529 1.71949 1.67732
3.00879 -0.447911 1.68348 1.47578 1.71944 1.67613
3.00899 -0.447698 1.68316 1.47627 1.71938 1.67495
3.00918 -0.447485 1.68284 1.47675 1.71933 1.67377
3.00938 -0.447272 1.68252 1.47724 1.71928 1.67259
3.00957 -0.447059 1.68221 1.47773 1.71923 1.6714
3.00977 -0.446846 1.68189 1.47822 1.71918 1.67022
3.00996 -0.446634 1.68157 1.4787 1.71913 1.66904
3.01015 -0.446421 1.68125 1.47919 1.71908 1.66785
3.01035 -0.446208 1.68094 1.47968 1.71902 1.66667
3.01054 -0.445995 1.68062 1.48017 1.71897 1.66549
3.01074 -0.445782 1.6803 1.48065 1.71892 1.66431
3.01093 -0.445569 1.67998 1.48114 1.71887 1.66312
3.01113 -0.445356 1.67966 1.48163 1.71882 1.66194
3.01132 -0.445143 1.67935 1.48212 1.71877 1.66076
3.01152 -0.444931 1.67903 1.48261 1.71871 1.65958
3.01171 -0.444718 1.67871 1.48309 1.71866 1.65839
3.01191 -0.444505 1.67839 1.48358 1.71861 1.65721
3.0121 -0.444292 1.67808 1.48407 1.71856 1.65603
3.0123 -0.444079 1.67776 1.48456 1.71851 1.65484
3.01249 -0.443866 1.67744 1.48504 1.71846 1.65366
3.01269 -0.443653 1.67712 1.48553 1.71841 1.65248
3.01288 -0.443441 1.6768 1.48602 1.71835 1.6513
3.01308 -0.443228 1.67649 1.48651 1.7183 1.65011
3.01327 -0.443015 1.67617 1.48699 1.71825 1.64893
3.01347 -0.442802 1.67585 1.48748 1.7182 1.64775
3.01366 -0.442589 1.67553 1.48797 1.71815 1.64657
3.01386 -0.442376 1.67522 1.48846 1.7181 1.64538
3.01405 -0.442163 1.6749 1.48894 1.71804 1.6442
3.01425 -0.441951 1.67458 1.48943 1.71799 1.64302
3.01444 -0.441738 1.67426 1.48992 1.71794 1.64183
3.01464 -0.441525 1.67394 1.49041 1.71789 1.64065
3.01483 -0.441312 1.67363 1.49089 1.71784 1.63947
3.01502 -0.441099 1.67331 1.49138 1.71779 1.63829
3.01522 -0.440886 1.67299 1.49187 1.71773 1.6371
3.01541 -0.440673 1.67267 1.49236 1.71768 1.63592
3.01561 -0.440461 1.67236 1.49284 1.71763 1.63474
3.0158 -0.440248 1.67204 1.49333 1.71758 1.63356
3.016 -0.440035 1.67172 1.49382 1.71753 1.63237
3.01619 -0.439822 1.6714 1.49431 1.71748 1.63119
3.01639 -0.439609 1.67108 1.49479 1.71743 1.63001
3.01658 -0.439396 1.67077 1.49528 1.71737 1.62882
3.01678 -0.439183 1.67045 1.49577 1.71732 1.62764
3.01697 -0.438971 1.67013 1.49626 1.71727 1.62646
3.01717 -0.438758 1.66981 1.49674 1.71722 1.62528
3.01736 -0.438545 1.6695 1.49723 1.71717 1.62409
3.01756 -0.438332 1.66918 1.49772 1.71712 1.62291
3.01775 -0.438119 1.66886 1.49821 1.71706 1.62173
3.01795 -0.437906 1.66854 1.49869 1.71701 1.62055
3.01814 -0.437693 1.66822 1.49918 1.71696 1.61936
3.01834 -0.43748 1.66791 1.49967 1.71691 1.61818
3.01853 -0.437268 1.66759 1.50016 1.71686 1.617
3.01873 -0.437055 1.66727 1.50064 1.71681 1.61581
3.01892 -0.436842 1.66695 1.50113 1.71675 1.61463
3.01912 -0.436629 1.66664 1.50162 1.7167 1.61345
3.01931 -0.436416 1.66632 1.50211 1.71665 1.61227
3.01951 -0.436203 1.666 1.50259 1.7166 1.61108
3.0197 -0.43599 1.66568 1.50308 1.71655 1.6099
3.01989 -0.435778 1.66536 1.50357 1.7165 1.60872
3.02009 -0.435565 1.66505 1.50406 1.71645 1.60754
3.02028 -0.435352 1.66473 1.50454 1.71639 1.60635
3.02048 -0.435139 1.66441 1.50503 1.71634 1.60517
3.02067 -0.434926 1.66409 1.50552 1.71629 1.60399
3.02087 -0.434713 1.66378 1.50601 1.71624 1.6028
3.02106 -0.4345 1.66346 1.50649 1.71619 1.60162
3.02126 -0.434288 1.66314 1.50698 1.71614 1.60044
3.02145 -0.434075 1.66282 1.50747 1.71608 1.59926
3.02165 -0.433862 1.6625 1.50796 1.71603 1.59807
3.02184 -0.433649 1.66219 1.50844 1.71598 1.59689
3.02204 -0.433436 1.66187 1.50893 1.71593 1.59571
3.02223 -0.433223 1.66155 1.50942 1.71588 1.59453
3.02243 -0.43301 1.66123 1.50991 1.71583 1.59334
3.02262 -0.432798 1.66092 1.51039 1.71578 1.59216
3.02282 -0.432585 1.6606 1.51088 1.71572 1.59098
3.02301 -0.432372 1.66028 1.51137 1.71567 1.58979
3.02321 -0.432159 1.65996 1.51186 1.71562 1.58861
3.0234 -0.431946 1.65964 1.51234 1.71557 1.58743
3.0236 -0.431733 1.65933 1.51283 1.71552 1.58625
3.02379 -0.43152 1.65901 1.51332 1.71547 1.58506
3.02399 -0.431308 1.65869 1.51381 1.71541 1.58388
3.02418 -0.431095 1.65837 1.51429 1.71536 1.5827
3.02438 -0.430882 1.65806 1.51478 1.71531 1.58152
3.02457 -0.430669 1.65774 1.51527 1.71526 1.58033
3.02476 -0.430456 1.65742 1.51576 1.71521 1.57915
3.02496 -0.430243 1.6571 1.51624 1.71516 1.57797
3.02515 -0.43003 1.65678 1.51673 1.7151 1.57678
3.02535 -0.429817 1.65647 1.51722 1.71505 1.5756
3.02554 -0.429605 1.65615 1.51771 1.715 1.57442
3.02574 -0.429392 1.65583 1.5182 1.71495 1.57324
3.02593 -0.429179 1.65551 1.51868 1.7149 1.57205
3.02613 -0.428966 1.6552 1.51917 1.71485 1.57087
3.02632 -0.428753 1.65488 1.51966 1.7148 1.56969
3.02652 -0.42854 1.65456 1.52015 1.71474 1.56851
3.02671 -0.428327 1.65424 1.52063 1.71469 1.56732
3.02691 -0.428115 1.65392 1.52112 1.71464 1.56614
3.0271 -0.427902 1.65361 1.52161 1.71459 1.56496
3.0273 -0.427689 1.65329 1.5221 1.71454 1.56377
3.02749 -0.427476 1.65297 1.52258 1.71449 1.56259
3.02769 -0.427263 1.65265 1.52307 1.71443 1.56141
3.02788 -0.42705 1.65234 1.52356 1.71438 1.56023
3.02808 -0.426837 1.65202 1.52405 1.71433 1.55904
3.02827 -0.426625 1.6517 1.52453 1.71428 1.55786
3.02847 -0.426412 1.65138 1.52502 1.71423 1.55668
3.02866 -0.426199 1.65106 1.52551 1.71418 1.5555
3.02886 -0.425986 1.65075 1.526 1.71412 1.55431
3.02905 -0.425773 1.65043 1.52648 1.71407 1.55313
3.02925 -0.42556 1.65011 1.52697 1.71402 1.55195
3.02944 -0.425347 1.64979 1.52746 1.71397 1.55076
3.02963 -0.425135 1.64948 1.52795 1.71392 1.54958
3.02983 -0.424922 1.64916 1.52843 1.71387 1.5484
3.03002 -0.424709 1.64884 1.52892 1.71382 1.54722
3.03022 -0.424496 1.64852 1.52941 1.71376 1.54603
3.03041 -0.424283 1.6482 1.5299 1.71371 1.54485
3.03061 -0.42407 1.64789 1.53038 1.71366 1.54367
3.0308 -0.423857 1.64757 1.53087 1.71361 1.54249
3.031 -0.423645 1.64725 1.53136 1.71356 1.5413
3.03119 -0.423432 1.64693 1.53185 1.71351 1.54012
3.03139 -0.423219 1.64662 1.53233 1.71345 1.53894
3.03158 -0.423006 1.6463 1.53282 1.7134 1.53775
3.03178 -0.422793 1.64598 1.53331 1.71335 1.53657
3.03197 -0.42258 1.64566 1.5338 1.7133 1.53539
3.03217 -0.422367 1.64534 1.53428 1.71325 1.53421
3.03236 -0.422154 1.64503 1.53477 1.7132 1.53302
3.03256 -0.421942 1.64471 1.53526 1.71314 1.53184
3.03275 -0.421729 1.64439 1.53575 1.71309 1.53066
3.03295 -0.421516 1.64407 1.53623 1.71304 1.52948
3.03314 -0.421303 1.64375 1.53672 1.71299 1.52829
3.03334 -0.42109 1.64344 1.53721 1.71294 1.52711
3.03353 -0.420877 1.64312 1.5377 1.71289 1.52593
3.03373 -0.420664 1.6428 1.53818 1.71284 1.52474
3.03392 -0.420452 1.64248 1.53867 1.71278 1.52356
3.03412 -0.420239 1.64217 1.53916 1.71273 1.52238
3.03431 -0.420026 1.64185 1.53965 1.71268 1.5212
3.0345 -0.419813 1.64153 1.54013 1.71263 1.52001
3.0347 -0.4196 1.64121 1.54062 1.71258 1.51883
3.03489 -0.419387 1.64089 1.54111 1.71253 1.51765
3.03509 -0.419174 1.64058 1.5416 1.71247 1.51647
3.03528 -0.418962 1.64026 1.54208 1.71242 1.51528
3.03548 -0.418749 1.63994 1.54257 1.71237 1.5141
3.03567 -0.418536 1.63962 1.54306 1.71232 1.51292
3.03587 -0.418323 1.63931 1.54355 1.71227 1.51173
3.03606 -0.41811 1.63899 1.54403 1.71222 1.51055
3.03626 -0.417897 1.63867 1.54452 1.71217 1.50937
3.03645 -0.417684 1.63835 1.54501 1.71211 1.50819
3.03665 -0.417472 1.63803 1.5455 1.71206 1.507
3.03684 -0.417259 1.63772 1.54598 1.71201 1.50582
3.03704 -0.417046 1.6374 1.54647 1.71196 1.50464
3.03723 -0.416833 1.63708 1.54696 1.71191 1.50346
3.03743 -0.41662 1.63676 1.54745 1.71186 1.50227
3.03762 -0.416407 1.63645 1.54793 1.7118 1.50109
3.03782 -0.416194 1.63613 1.54842 1.71175 1.49991
3.03801 -0.415982 1.63581 1.54891 1.7117 1.49872
3.03821 -0.415769 1.63549 1.5494 1.71165 1.49754
3.0384 -0.415556 1.63517 1.54988 1.7116 1.49636
3.0386 -0.415343 1.63486 1.55037 1.71155 1.49518
3.03879 -0.41513 1.63454 1.55086 1.71149 1.49399
3.03899 -0.414917 1.63422 1.55135 1.71144 1.49281
3.03918 -0.414704 1.6339 1.55183 1.71139 1.49163
3.03937 -0.414491 1.63359 1.55232 1.71134 1.49045
3.03957 -0.414279 1.63327 1.55281 1.71129 1.48926
3.03976 -0.414066 1.63295 1.5533 1.71124 1.48808
3.03996 -0.413853 1.63263 1.55378 1.71119 1.4869
3.04015 -0.41364 1.63231 1.55427 1.71113 1.48571
3.04035 -0.413427 1.632 1.55476 1.71108 1.48453
3.04054 -0.413214 1.63168 1.55525 1.71103 1.48335
3.04074 -0.413001 1.63136 1.55574 1.71098 1.48217
3.04093 -0.412789 1.63104 1.55622 1.71093 1.48098
3.04113 -0.412576 1.63073 1.55671 1.71088 1.4798
3.04132 -0.412363 1.63041 1.5572 1.71082 1.47862
3.04152 -0.41215 1.63009 1.55769 1.71077 1.47744
3.04171 -0.411937 1.62977 1.55817 1.71072 1.47625
3.04191 -0.411724 1.62945 1.55866 1.71067 1.47507
3.0421 -0.411511 1.62914 1.55915 1.71062 1.47389
3.0423 -0.411299 1.62882 1.55964 1.71057 1.4727
3.04249 -0.411086 1.6285 1.56012 1.71051 1.47152
3.04269 -0.410873 1.62818 1.56061 1.71046 1.47034
3.04288 -0.41066 1.62787 1.5611 1.71041 1.46916
3.04308 -0.410447 1.62755 1.56159 1.71036 1.46797
3.04327 -0.410234 1.62723 1.56207 1.71031 1.46679
3.04347 -0.410021 1.62691 1.56256 1.71026 1.46561
3.04366 -0.409809 1.62659 1.56305 1.71021 1.46443
3.04386 -0.409596 1.62628 1.56354 1.71015 1.46324
3.04405 -0.409383 1.62596 1.56402 1.7101 1.46206
3.04424 -0.40917 1.62564 1.56451 1.71005 1.46088
3.04444 -0.408957 1.62532 1.565 1.71 1.45969
3.04463 -0.408744 1.62501 1.56549 1.70995 1.45851
3.04483 -0.408531 1.62469 1.56597 1.7099 1.45733
3.04502 -0.408319 1.62437 1.56646 1.70984 1.45615
3.04522 -0.408106 1.62405 1.56695 1.70979 1.45496
3.04541 -0.407893 1.62373 1.56744 1.70974 1.45378
3.04561 -0.40768 1.62342 1.56792 1.70969 1.4526
3.0458 -0.407467 1.6231 1.56841 1.70964 1.45142
3.046 -0.407254 1.62278 1.5689 1.70959 1.45023
3.04619 -0.407041 1.62246 1.56939 1.70953 1.44905
3.04639 -0.406828 1.62215 1.56987 1.70948 1.44787
3.04658 -0.406616 1.62183 1.57036 1.70943 1.44668
3.04678 -0.406403 1.62151 1.57085 1.70938 1.4455
3.04697 -0.40619 1.62119 1.57134 1.70933 1.44432
3.04717 -0.405977 1.62087 1.57182 1.70928 1.44314
3.04736 -0.405764 1.62056 1.57231 1.70923 1.44195
3.04756 -0.405551 1.62024 1.5728 1.70917 1.44077
3.04775 -0.405338 1.61992 1.57329 1.70912 1.43959
3.04795 -0.405126 1.6196 1.57377 1.70907 1.43841
3.04814 -0.404913 1.61929 1.57426 1.70902 1.43722
3.04834 -0.4047 1.61897 1.57475 1.70897 1.43604
3.04853 -0.404487 1.61865 1.57524 1.70892 1.43486
3.04873 -0.404274 1.61833 1.57572 1.70886 1.43367
3.04892 -0.404061 1.61801 1.57621 1.70881 1.43249
3.04911 -0.403848 1.6177 1.5767 1.70876 1.43131
3.04931 -0.403636 1.61738 1.57719 1.70871 1.43013
3.0495 -0.403423 1.61706 1.57767 1.70866 1.42894
3.0497 -0.40321 1.61674 1.57816 1.70861 1.42776
3.04989 -0.402997 1.61643 1.57865 1.70856 1.42658
3.05009 -0.402784 1.61611 1.57914 1.7085 1.4254
3.05028 -0.402571 1.61579 1.57962 1.70845 1.42421
3.05048 -0.402358 1.61547 1.58011 1.7084 1.42303
3.05067 -0.402146 1.61515 1.5806 1.70835 1.42185
3.05087 -0.401933 1.61484 1.58109 1.7083 1.42066
3.05106 -0.40172 1.61452 1.58157 1.70825 1.41948
3.05126 -0.401507 1.6142 1.58206 1.70819 1.4183
3.05145 -0.401294 1.61388 1.58255 1.70814 1.41712
3.05165 -0.401081 1.61357 1.58304 1.70809 1.41593
3.05184 -0.400868 1.61325 1.58352 1.70804 1.41475
3.05204 -0.400656 1.61293 1.58401 1.70799 1.41357
3.05223 -0.400443 1.61261 1.5845 1.70794 1.41239
3.05243 -0.40023 1.61229 1.58499 1.70788 1.4112
3.05262 -0.400017 1.61198 1.58547 1.70783 1.41002
3.05282 -0.399804 1.61166 1.58596 1.70778 1.40884
3.05301 -0.399591 1.61134 1.58645 1.70773 1.40765
3.05321 -0.399378 1.61102 1.58694 1.70768 1.40647
3.0534 -0.399165 1.61071 1.58742 1.70763 1.40529
3.05359 -0.398953 1.61039 1.58791 1.70758 1.40411
3.05379 -0.39874 1.61007 1.5884 1.70752 1.40292
3.05398 -0.398527 1.60975 1.58889 1.70747 1.40174
3.05418 -0.398314 1.60943 1.58937 1.70742 1.40056
3.05437 -0.398101 1.60912 1.58986 1.70737 1.39938
3.05457 -0.397888 1.6088 1.59035 1.70732 1.39819
3.05476 -0.397675 1.60848 1.59084 1.70727 1.39701
3.05496 -0.397463 1.60816 1.59133 1.70721 1.39583
3.05515 -0.39725 1.60785 1.59181 1.70716 1.39464
3.05535 -0.397037 1.60753 1.5923 1.70711 1.39346
3.05554 -0.396824 1.60721 1.59279 1.70706 1.39228
3.05574 -0.396611 1.60689 1.59328 1.70701 1.3911
3.05593 -0.396398 1.60657 1.59376 1.70696 1.38991
3.05613 -0.396185 1.60626 1.59425 1.7069 1.38873
3.05632 -0.395973 1.60594 1.59474 1.70685 1.38755
3.05652 -0.39576 1.60562 1.59523 1.7068 1.38637
3.05671 -0.395547 1.6053 1.59571 1.70675 1.38518
3.05691 -0.395334 1.60499 1.5962 1.7067 1.384
3.0571 -0.395121 1.60467 1.59669 1.70665 1.38282
3.0573 -0.394908 1.60435 1.59718 1.7066 1.38163
3.05749 -0.394695 1.60403 1.59766 1.70654 1.38045
3.05769 -0.394483 1.60371 1.59815 1.70649 1.37927
3.05788 -0.39427 1.6034 1.59864 1.70644 1.37809
3.05808 -0.394057 1.60308 1.59913 1.70639 1.3769
3.05827 -0.393844 1.60276 1.59961 1.70634 1.37572
3.05846 -0.393631 1.60244 1.6001 1.70629 1.37454
3.05866 -0.393418 1.60213 1.60059 1.70623 1.37335
3.05885 -0.393205 1.60181 1.60108 1.70618 1.37217
3.05905 -0.392993 1.60149 1.60156 1.70613 1.37099
3.05924 -0.39278 1.60117 1.60205 1.70608 1.36981
3.05944 -0.392567 1.60085 1.60254 1.70603 1.36862
3.05963 -0.392354 1.60054 1.60303 1.70598 1.36744
3.05983 -0.392141 1.60022 1.60351 1.70592 1.36626
3.06002 -0.391928 1.5999 1.604 1.70587 1.36508
3.06022 -0.391715 1.59958 1.60449 1.70582 1.36389
3.06041 -0.391502 1.59926 1.60498 1.70577 1.36271
3.06061 -0.39129 1.59895 1.60546 1.70572 1.36153
3.0608 -0.391077 1.59863 1.60595 1.70567 1.36034
3.061 -0.390864 1.59831 1.60644 1.70562 1.35916
3.06119 -0.390651 1.59799 1.60693 1.70556 1.35798
3.06139 -0.390438 1.59768 1.60741 1.70551 1.3568
3.06158 -0.390225 1.59736 1.6079 1.70546 1.35561
3.06178 -0.390012 1.59704 1.60839 1.70541 1.35443
3.06197 -0.3898 1.59672 1.60888 1.70536 1.35325
3.06217 -0.389587 1.5964 1.60936 1.70531 1.35207
3.06236 -0.389374 1.59609 1.60985 1.70525 1.35088
3.06256 -0.389161 1.59577 1.61034 1.7052 1.3497
3.06275 -0.388948 1.59545 1.61083 1.70515 1.34852
3.06295 -0.388735 1.59513 1.61131 1.7051 1.34733
3.06314 -0.388522 1.59482 1.6118 1.70505 1.34615
3.06333 -0.38831 1.5945 1.61229 1.705 1.34497
3.06353 -0.388097 1.59418 1.61278 1.70495 1.34379
3.06372 -0.387884 1.59386 1.61326 1.70489 1.3426
3.06392 -0.387671 1.59354 1.61375 1.70484 1.34142
3.06411 -0.387458 1.59323 1.61424 1.70479 1.34024
3.06431 -0.387245 1.59291 1.61473 1.70474 1.33906
3.0645 -0.387032 1.59259 1.61521 1.70469 1.33787
3.0647 -0.38682 1.59227 1.6157 1.70464 1.33669
3.06489 -0.386607 1.59196 1.61619 1.70458 1.33551
3.06509 -0.386394 1.59164 1.61668 1.70453 1.33432
3.06528 -0.386181 1.59132 1.61716 1.70448 1.33314
3.06548 -0.385968 1.591 1.61765 1.70443 1.33196
3.06567 -0.385755 1.59068 1.61814 1.70438 1.33078
3.06587 -0.385542 1.59037 1.61863 1.70433 1.32959
3.06606 -0.38533 1.59005 1.61911 1.70427 1.32841
3.06626 -0.385117 1.58973 1.6196 1.70422 1.32723
3.06645 -0.384904 1.58941 1.62009 1.70417 1.32605
3.06665 -0.384691 1.5891 1.62058 1.70412 1.32486
3.06684 -0.384478 1.58878 1.62106 1.70407 1.32368
3.06704 -0.384265 1.58846 1.62155 1.70402 1.3225
3.06723 -0.384052 1.58814 1.62204 1.70397 1.32131
3.06743 -0.383839 1.58782 1.62253 1.70391 1.32013
3.06762 -0.383627 1.58751 1.62301 1.70386 1.31895
3.06782 -0.383414 1.58719 1.6235 1.70381 1.31777
3.06801 -0.383201 1.58687 1.62399 1.70376 1.31658
3.0682 -0.382988 1.58655 1.62448 1.70371 1.3154
3.0684 -0.382775 1.58624 1.62496 1.70366 1.31422
3.06859 -0.382562 1.58592 1.62545 1.7036 1.31304
3.06879 -0.382349 1.5856 1.62594 1.70355 1.31185
3.06898 -0.382137 1.58528 1.62643 1.7035 1.31067
3.06918 -0.381924 1.58496 1.62691 1.70345 1.30949
3.06937 -0.381711 1.58465 1.6274 1.7034 1.3083
3.06957 -0.381498 1.58433 1.62789 1.70335 1.30712
3.06976 -0.381285 1.58401 1.62838 1.70329 1.30594
3.06996 -0.381072 1.58369 1.62887 1.70324 1.30476
3.07015 -0.380859 1.58338 1.62935 1.70319 1.30357
3.07035 -0.380647 1.58306 1.62984 1.70314 1.30239
3.07054 -0.380434 1.58274 1.63033 1.70309 1.30121
3.07074 -0.380221 1.58242 1.63082 1.70304 1.30003
3.07093 -0.380008 1.5821 1.6313 1.70299 1.29884
3.07113 -0.379795 1.58179 1.63179 1.70293 1.29766
3.07132 -0.379582 1.58147 1.63228 1.70288 1.29648
3.07152 -0.379369 1.58115 1.63277 1.70283 1.29529
3.07171 -0.379157 1.58083 1.63325 1.70278 1.29411
3.07191 -0.378944 1.58052 1.63374 1.70273 1.29293
3.0721 -0.378731 1.5802 1.63423 1.70268 1.29175
3.0723 -0.378518 1.57988 1.63472 1.70262 1.29056
3.07249 -0.378305 1.57956 1.6352 1.70257 1.28938
3.07269 -0.378092 1.57924 1.63569 1.70252 1.2882
3.07288 -0.377879 1.57893 1.63618 1.70247 1.28702
3.07307 -0.377666 1.57861 1.63667 1.70242 1.28583
3.07327 -0.377454 1.57829 1.63715 1.70237 1.28465
3.07346 -0.377241 1.57797 1.63764 1.70231 1.28347
3.07366 -0.377028 1.57766 1.63813 1.70226 1.28228
3.07385 -0.376815 1.57734 1.63862 1.70221 1.2811
3.07405 -0.376602 1.57702 1.6391 1.70216 1.27992
3.07424 -0.376389 1.5767 1.63959 1.70211 1.27874
3.07444 -0.376176 1.57638 1.64008 1.70206 1.27755
3.07463 -0.375964 1.57607 1.64057 1.70201 1.27637
3.07483 -0.375751 1.57575 1.64105 1.70195 1.27519
3.07502 -0.375538 1.57543 1.64154 1.7019 1.27401
3.07522 -0.375325 1.57511 1.64203 1.70185 1.27282
3.07541 -0.375112 1.5748 1.64252 1.7018 1.27164
3.07561 -0.374899 1.57448 1.643 1.70175 1.27046
3.0758 -0.374686 1.57416 1.64349 1.7017 1.26927
3.076 -0.374474 1.57384 1.64398 1.70164 1.26809
3.07619 -0.374261 1.57352 1.64447 1.70159 1.26691
3.07639 -0.374048 1.57321 1.64495 1.70154 1.26573
3.07658 -0.373835 1.57289 1.64544 1.70149 1.26454
3.07678 -0.373622 1.57257 1.64593 1.70144 1.26336
3.07697 -0.373409 1.57225 1.64642 1.70139 1.26218
3.07717 -0.373196 1.57194 1.6469 1.70134 1.261
3.07736 -0.372984 1.57162 1.64739 1.70128 1.25981
3.07756 -0.372771 1.5713 1.64788 1.70123 1.25863
3.07775 -0.372558 1.57098 1.64837 1.70118 1.25745
3.07794 -0.372345 1.57066 1.64885 1.70113 1.25626
3.07814 -0.372132 1.57035 1.64934 1.70108 1.25508
3.07833 -0.371919 1.57003 1.64983 1.70103 1.2539
3.07853 -0.371706 1.56971 1.65032 1.70097 1.25272
3.07872 -0.371494 1.56939 1.6508 1.70092 1.25153
3.07892 -0.371281 1.56908 1.65129 1.70087 1.25035
3.07911 -0.371068 1.56876 1.65178 1.70082 1.24917
3.07931 -0.370855 1.56844 1.65227 1.70077 1.24799
3.0795 -0.370642 1.56812 1.65275 1.70072 1.2468
3.0797 -0.370429 1.5678 1.65324 1.70066 1.24562
3.07989 -0.370216 1.56749 1.65373 1.70061 1.24444
3.08009 -0.370003 1.56717 1.65422 1.70056 1.24325
3.08028 -0.369791 1.56685 1.6547 1.70051 1.24207
3.08048 -0.369578 1.56653 1.65519 1.70046 1.24089
3.08067 -0.369365 1.56622 1.65568 1.70041 1.23971
3.08087 -0.369152 1.5659 1.65617 1.70036 1.23852
3.08106 -0.368939 1.56558 1.65665 1.7003 1.23734
3.08126 -0.368726 1.56526 1.65714 1.70025 1.23616
3.08145 -0.368513 1.56494 1.65763 1.7002 1.23498
3.08165 -0.368301 1.56463 1.65812 1.70015 1.23379
3.08184 -0.368088 1.56431 1.6586 1.7001 1.23261
3.08204 -0.367875 1.56399 1.65909 1.70005 1.23143
3.08223 -0.367662 1.56367 1.65958 1.69999 1.23024
3.08243 -0.367449 1.56336 1.66007 1.69994 1.22906
3.08262 -0.367236 1.56304 1.66055 1.69989 1.22788
3.08281 -0.367023 1.56272 1.66104 1.69984 1.2267
3.08301 -0.366811 1.5624 1.66153 1.69979 1.22551
3.0832 -0.366598 1.56208 1.66202 1.69974 1.22433
3.0834 -0.366385 1.56177 1.6625 1.69968 1.22315
3.08359 -0.366172 1.56145 1.66299 1.69963 1.22197
3.08379 -0.365959 1.56113 1.66348 1.69958 1.22078
3.08398 -0.365746 1.56081 1.66397 1.69953 1.2196
3.08418 -0.365533 1.5605 1.66446 1.69948 1.21842
3.08437 -0.365321 1.56018 1.66494 1.69943 1.21723
3.08457 -0.365108 1.55986 1.66543 1.69938 1.21605
3.08476 -0.364895 1.55954 1.66592 1.69932 1.21487
3.08496 -0.364682 1.55922 1.66641 1.69927 1.21369
3.08515 -0.364469 1.55891 1.66689 1.69922 1.2125
3.08535 -0.364256 1.55859 1.66738 1.69917 1.21132
3.08554 -0.364043 1.55827 1.66787 1.69912 1.21014
3.08574 -0.363831 1.55795 1.66836 1.69907 1.20896
3.08593 -0.363618 1.55764 1.66884 1.69901 1.20777
3.08613 -0.363405 1.55732 1.66933 1.69896 1.20659
3.08632 -0.363192 1.557 1.66982 1.69891 1.20541
3.08652 -0.362979 1.55668 1.67031 1.69886 1.20422
3.08671 -0.362766 1.55636 1.67079 1.69881 1.20304
3.08691 -0.362553 1.55605 1.67128 1.69876 1.20186
3.0871 -0.36234 1.55573 1.67177 1.6987 1.20068
3.0873 -0.362128 1.55541 1.67226 1.69865 1.19949
3.08749 -0.361915 1.55509 1.67274 1.6986 1.19831
3.08768 -0.361702 1.55477 1.67323 1.69855 1.19713
3.08788 -0.361489 1.55446 1.67372 1.6985 1.19595
3.08807 -0.361276 1.55414 1.67421 1.69845 1.19476
3.08827 -0.361063 1.55382 1.67469 1.6984 1.19358
3.08846 -0.36085 1.5535 1.67518 1.69834 1.1924
3.08866 -0.360638 1.55319 1.67567 1.69829 1.19121
3.08885 -0.360425 1.55287 1.67616 1.69824 1.19003
3.08905 -0.360212 1.55255 1.67664 1.69819 1.18885
3.08924 -0.359999 1.55223 1.67713 1.69814 1.18767
3.08944 -0.359786 1.55191 1.67762 1.69809 1.18648
3.08963 -0.359573 1.5516 1.67811 1.69803 1.1853
3.08983 -0.35936 1.55128 1.67859 1.69798 1.18412
3.09002 -0.359148 1.55096 1.67908 1.69793 1.18294
3.09022 -0.358935 1.55064 1.67957 1.69788 1.18175
3.09041 -0.358722 1.55033 1.68006 1.69783 1.18057
3.09061 -0.358509 1.55001 1.68054 1.69778 1.17939
3.0908 -0.358296 1.54969 1.68103 1.69773 1.1782
3.091 -0.358083 1.54937 1.68152 1.69767 1.17702
3.09119 -0.35787 1.54905 1.68201 1.69762 1.17584
3.09139 -0.357658 1.54874 1.68249 1.69757 1.17466
3.09158 -0.357445 1.54842 1.68298 1.69752 1.17347
3.09178 -0.357232 1.5481 1.68347 1.69747 1.17229
3.09197 -0.357019 1.54778 1.68396 1.69742 1.17111
3.09217 -0.356806 1.54747 1.68444 1.69736 1.16993
3.09236 -0.356593 1.54715 1.68493 1.69731 1.16874
3.09255 -0.35638 1.54683 1.68542 1.69726 1.16756
3.09275 -0.356168 1.54651 1.68591 1.69721 1.16638
3.09294 -0.355955 1.54619 1.68639 1.69716 1.16519
3.09314 -0.355742 1.54588 1.68688 1.69711 1.16401
3.09333 -0.355529 1.54556 1.68737 1.69705 1.16283
3.09353 -0.355316 1.54524 1.68786 1.697 1.16165
3.09372 -0.355103 1.54492 1.68834 1.69695 1.16046
3.09392 -0.35489 1.54461 1.68883 1.6969 1.15928
3.09411 -0.354677 1.54429 1.68932 1.69685 1.1581
3.09431 -0.354465 1.54397 1.68981 1.6968 1.15692
3.0945 -0.354252 1.54365 1.69029 1.69675 1.15573
3.0947 -0.354039 1.54333 1.69078 1.69669 1.15455
3.09489 -0.353826 1.54302 1.69127 1.69664 1.15337
3.09509 -0.353613 1.5427 1.69176 1.69659 1.15218
3.09528 -0.3534 1.54238 1.69224 1.69654 1.151
3.09548 -0.353187 1.54206 1.69273 1.69649 1.14982
3.09567 -0.352975 1.54175 1.69322 1.69644 1.14864
3.09587 -0.352762 1.54143 1.69371 1.69638 1.14745
3.09606 -0.352549 1.54111 1.69419 1.69633 1.14627
3.09626 -0.352336 1.54079 1.69468 1.69628 1.14509
3.09645 -0.352123 1.54047 1.69517 1.69623 1.14391
3.09665 -0.35191 1.54016 1.69566 1.69618 1.14272
3.09684 -0.351697 1.53984 1.69614 1.69613 1.14154
3.09703 -0.351485 1.53952 1.69663 1.69607 1.14036
3.09723 -0.351272 1.5392 1.69712 1.69602 1.13917
3.09742 -0.351059 1.53889 1.69761 1.69597 1.13799
3.09762 -0.350846 1.53857 1.69809 1.69592 1.13681
3.09781 -0.350633 1.53825 1.69858 1.69587 1.13563
3.09801 -0.35042 1.53793 1.69907 1.69582 1.13444
3.0982 -0.350207 1.53761 1.69956 1.69577 1.13326
3.0984 -0.349995 1.5373 1.70004 1.69571 1.13208
3.09859 -0.349782 1.53698 1.70053 1.69566 1.1309
3.09879 -0.349569 1.53666 1.70102 1.69561 1.12971
3.09898 -0.349356 1.53634 1.70151 1.69556 1.12853
3.09918 -0.349143 1.53603 1.702 1.69551 1.12735
3.09937 -0.34893 1.53571 1.70248 1.69546 1.12616
3.09957 -0.348717 1.53539 1.70297 1.6954 1.12498
3.09976 -0.348505 1.53507 1.70346 1.69535 1.1238
3.09996 -0.348292 1.53475 1.70395 1.6953 1.12262
3.10015 -0.348079 1.53444 1.70443 1.69525 1.12143
3.10035 -0.347866 1.53412 1.70492 1.6952 1.12025
3.10054 -0.347653 1.5338 1.70541 1.69515 1.11907
3.10074 -0.34744 1.53348 1.7059 1.69509 1.11789
3.10093 -0.347227 1.53317 1.70638 1.69504 1.1167
3.10113 -0.347014 1.53285 1.70687 1.69499 1.11552
3.10132 -0.346802 1.53253 1.70736 1.69494 1.11434
3.10152 -0.346589 1.53221 1.70785 1.69489 1.11315
3.10171 -0.346376 1.53189 1.70833 1.69484 1.11197
3.1019 -0.346163 1.53158 1.70882 1.69479 1.11079
3.1021 -0.34595 1.53126 1.70931 1.69473 1.10961
3.10229 -0.345737 1.53094 1.7098 1.69468 1.10842
3.10249 -0.345524 1.53062 1.71028 1.69463 1.10724
3.10268 -0.345312 1.53031 1.71077 1.69458 1.10606
3.10288 -0.345099 1.52999 1.71126 1.69453 1.10488
3.10307 -0.344886 1.52967 1.71175 1.69448 1.10369
3.10327 -0.344673 1.52935 1.71223 1.69442 1.10251
3.10346 -0.34446 1.52903 1.71272 1.69437 1.10133
3.10366 -0.344247 1.52872 1.71321 1.69432 1.10014
3.10385 -0.344034 1.5284 1.7137 1.69427 1.09896
3.10405 -0.343822 1.52808 1.71418 1.69422 1.09778
3.10424 -0.343609 1.52776 1.71467 1.69417 1.0966
3.10444 -0.343396 1.52745 1.71516 1.69412 1.09541
3.10463 -0.343183 1.52713 1.71565 1.69406 1.09423
3.10483 -0.34297 1.52681 1.71613 1.69401 1.09305
3.10502 -0.342757 1.52649 1.71662 1.69396 1.09187
3.10522 -0.342544 1.52617 1.71711 1.69391 1.09068
3.10541 -0.342332 1.52586 1.7176 1.69386 1.0895
3.10561 -0.342119 1.52554 1.71808 1.69381 1.08832
3.1058 -0.341906 1.52522 1.71857 1.69375 1.08713
3.106 -0.341693 1.5249 1.71906 1.6937 1.08595
3.10619 -0.34148 1.52459 1.71955 1.69365 1.08477
3.10639 -0.341267 1.52427 1.72003 1.6936 1.08359
3.10658 -0.341054 1.52395 1.72052 1.69355 1.0824
3.10677 -0.340842 1.52363 1.72101 1.6935 1.08122
3.10697 -0.340629 1.52331 1.7215 1.69344 1.08004
3.10716 -0.340416 1.523 1.72198 1.69339 1.07886
3.10736 -0.340203 1.52268 1.72247 1.69334 1.07767
3.10755 -0.33999 1.52236 1.72296 1.69329 1.07649
3.10775 -0.339777 1.52204 1.72345 1.69324 1.07531
3.10794 -0.339564 1.52173 1.72393 1.69319 1.07412
3.10814 -0.339351 1.52141 1.72442 1.69314 1.07294
3.10833 -0.339139 1.52109 1.72491 1.69308 1.07176
3.10853 -0.338926 1.52077 1.7254 1.69303 1.07058
3.10872 -0.338713 1.52045 1.72588 1.69298 1.06939
3.10892 -0.3385 1.52014 1.72637 1.69293 1.06821
3.10911 -0.338287 1.51982 1.72686 1.69288 1.06703
3.10931 -0.338074 1.5195 1.72735 1.69283 1.06585
3.1095 -0.337861 1.51918 1.72783 1.69277 1.06466
3.1097 -0.337649 1.51887 1.72832 1.69272 1.06348
3.10989 -0.337436 1.51855 1.72881 1.69267 1.0623
3.11009 -0.337223 1.51823 1.7293 1.69262 1.06111
3.11028 -0.33701 1.51791 1.72978 1.69257 1.05993
3.11048 -0.336797 1.51759 1.73027 1.69252 1.05875
3.11067 -0.336584 1.51728 1.73076 1.69246 1.05757
3.11087 -0.336371 1.51696 1.73125 1.69241 1.05638
3.11106 -0.336159 1.51664 1.73173 1.69236 1.0552
3.11126 -0.335946 1.51632 1.73222 1.69231 1.05402
3.11145 -0.335733 1.51601 1.73271 1.69226 1.05284
3.11164 -0.33552 1.51569 1.7332 1.69221 1.05165
3.11184 -0.335307 1.51537 1.73368 1.69216 1.05047
3.11203 -0.335094 1.51505 1.73417 1.6921 1.04929
3.11223 -0.334881 1.51473 1.73466 1.69205 1.0481
3.11242 -0.334669 1.51442 1.73515 1.692 1.04692
3.11262 -0.334456 1.5141 1.73563 1.69195 1.04574
3.11281 -0.334243 1.51378 1.73612 1.6919 1.04456
3.11301 -0.33403 1.51346 1.73661 1.69185 1.04337
3.1132 -0.333817 1.51315 1.7371 1.69179 1.04219
3.1134 -0.333604 1.51283 1.73759 1.69174 1.04101
3.11359 -0.333391 1.51251 1.73807 1.69169 1.03983
3.11379 -0.333179 1.51219 1.73856 1.69164 1.03864
3.11398 -0.332966 1.51187 1.73905 1.69159 1.03746
3.11418 -0.332753 1.51156 1.73954 1.69154 1.03628
3.11437 -0.33254 1.51124 1.74002 1.69149 1.03509
3.11457 -0.332327 1.51092 1.74051 1.69143 1.03391
3.11476 -0.332114 1.5106 1.741 1.69138 1.03273
3.11496 -0.331901 1.51028 1.74149 1.69133 1.03155
3.11515 -0.331688 1.50997 1.74197 1.69128 1.03036
3.11535 -0.331476 1.50965 1.74246 1.69123 1.02918
3.11554 -0.331263 1.50933 1.74295 1.69118 1.028
3.11574 -0.33105 1.50901 1.74344 1.69112 1.02682
3.11593 -0.330837 1.5087 1.74392 1.69107 1.02563
3.11613 -0.330624 1.50838 1.74441 1.69102 1.02445
3.11632 -0.330411 1.50806 1.7449 1.69097 1.02327
3.11651 -0.330198 1.50774 1.74539 1.69092 1.02208
3.11671 -0.329986 1.50742 1.74587 1.69087 1.0209
3.1169 -0.329773 1.50711 1.74636 1.69081 1.01972
3.1171 -0.32956 1.50679 1.74685 1.69076 1.01854
3.11729 -0.329347 1.50647 1.74734 1.69071 1.01735
3.11749 -0.329134 1.50615 1.74782 1.69066 1.01617
3.11768 -0.328921 1.50584 1.74831 1.69061 1.01499
3.11788 -0.328708 1.50552 1.7488 1.69056 1.01381
3.11807 -0.328496 1.5052 1.74929 1.69051 1.01262
3.11827 -0.328283 1.50488 1.74977 1.69045 1.01144
3.11846 -0.32807 1.50456 1.75026 1.6904 1.01026
3.11866 -0.327857 1.50425 1.75075 1.69035 1.00907
3.11885 -0.327644 1.50393 1.75124 1.6903 1.00789
3.11905 -0.327431 1.50361 1.75172 1.69025 1.00671
3.11924 -0.327218 1.50329 1.75221 1.6902 1.00553
3.11944 -0.327006 1.50298 1.7527 1.69014 1.00434
3.11963 -0.326793 1.50266 1.75319 1.69009 1.00316
3.11983 -0.32658 1.50234 1.75367 1.69004 1.00198
3.12002 -0.326367 1.50202 1.75416 1.68999 1.0008
3.12022 -0.326154 1.5017 1.75465 1.68994 0.999612
3.12041 -0.325941 1.50139 1.75514 1.68989 0.99843
3.12061 -0.325728 1.50107 1.75562 1.68983 0.997247
3.1208 -0.325516 1.50075 1.75611 1.68978 0.996064
3.121 -0.325303 1.50043 1.7566 1.68973 0.994882
3.12119 -0.32509 1.50012 1.75709 1.68968 0.993699
3.12138 -0.324877 1.4998 1.75757 1.68963 0.992516
3.12158 -0.324664 1.49948 1.75806 1.68958 0.991333
3.12177 -0.324451 1.49916 1.75855 1.68953 0.990151
3.12197 -0.324238 1.49884 1.75904 1.68947 0.988968
3.12216 -0.324025 1.49853 1.75952 1.68942 0.987785
3.12236 -0.323813 1.49821 1.76001 1.68937 0.986602
3.12255 -0.3236 1.49789 1.7605 1.68932 0.98542
3.12275 -0.323387 1.49757 1.76099 1.68927 0.984237
3.12294 -0.323174 1.49726 1.76147 1.68922 0.983054
3.12314 -0.322961 1.49694 1.76196 1.68916 0.981872
3.12333 -0.322748 1.49662 1.76245 1.68911 0.980689
3.12353 -0.322535 1.4963 1.76294 1.68906 0.979506
3.12372 -0.322323 1.49598 1.76342 1.68901 0.978323
3.12392 -0.32211 1.49567 1.76391 1.68896 0.977141
3.12411 -0.321897 1.49535 1.7644 1.68891 0.975958
3.12431 -0.321684 1.49503 1.76489 1.68885 0.974775
3.1245 -0.321471 1.49471 1.76537 1.6888 0.973592
3.1247 -0.321258 1.4944 1.76586 1.68875 0.97241
3.12489 -0.321045 1.49408 1.76635 1.6887 0.971227
3.12509 -0.320833 1.49376 1.76684 1.68865 0.970044
3.12528 -0.32062 1.49344 1.76732 1.6886 0.968861
3.12548 -0.320407 1.49312 1.76781 1.68855 0.967679
3.12567 -0.320194 1.49281 1.7683 1.68849 0.966496
3.12587 -0.319981 1.49249 1.76879 1.68844 0.965313
3.12606 -0.319768 1.49217 1.76927 1.68839 0.964131
3.12625 -0.319555 1.49185 1.76976 1.68834 0.962948
3.12645 -0.319343 1.49154 1.77025 1.68829 0.961765
3.12664 -0.31913 1.49122 1.77074 1.68824 0.960582
3.12684 -0.318917 1.4909 1.77122 1.68818 0.9594
3.12703 -0.318704 1.49058 1.77171 1.68813 0.958217
3.12723 -0.318491 1.49026 1.7722 1.68808 0.957034
3.12742 -0.318278 1.48995 1.77269 1.68803 0.955851
3.12762 -0.318065 1.48963 1.77317 1.68798 0.954669
3.12781 -0.317853 1.48931 1.77366 1.68793 0.953486
3.12801 -0.31764 1.48899 1.77415 1.68788 0.952303
3.1282 -0.317427 1.48868 1.77464 1.68782 0.951121
3.1284 -0.317214 1.48836 1.77513 1.68777 0.949938
3.12859 -0.317001 1.48804 1.77561 1.68772 0.948755
3.12879 -0.316788 1.48772 1.7761 1.68767 0.947572
3.12898 -0.316575 1.4874 1.77659 1.68762 0.94639
3.12918 -0.316362 1.48709 1.77708 1.68757 0.945207
3.12937 -0.31615 1.48677 1.77756 1.68751 0.944024
3.12957 -0.315937 1.48645 1.77805 1.68746 0.942841
3.12976 -0.315724 1.48613 1.77854 1.68741 0.941659
3.12996 -0.315511 1.48582 1.77903 1.68736 0.940476
3.13015 -0.315298 1.4855 1.77951 1.68731 0.939293
3.13035 -0.315085 1.48518 1.78 1.68726 0.938111
3.13054 -0.314872 1.48486 1.78049 1.6872 0.936928
3.13074 -0.31466 1.48454 1.78098 1.68715 0.935745
3.13093 -0.314447 1.48423 1.78146 1.6871 0.934562
3.13112 -0.314234 1.48391 1.78195 1.68705 0.93338
3.13132 -0.314021 1.48359 1.78244 1.687 0.932197
3.13151 -0.313808 1.48327 1.78293 1.68695 0.931014
3.13171 -0.313595 1.48296 1.78341 1.6869 0.929831
3.1319 -0.313382 1.48264 1.7839 1.68684 0.928649
3.1321 -0.31317 1.48232 1.78439 1.68679 0.927466
3.13229 -0.312957 1.482 1.78488 1.68674 0.926283
