-1.0357 1.82074 -1.21075 2.08128 1.89987 1.0474
-1.03646 1.82124 -1.21007 2.08128 1.89987 1.0474
-1.03722 1.82173 -1.20939 2.08128 1.89987 1.0474
-1.03798 1.82223 -1.20872 2.08128 1.89987 1.0474
-1.03873 1.82273 -1.20804 2.08128 1.89987 1.0474
-1.03949 1.82323 -1.20736 2.08128 1.89987 1.0474
-1.04025 1.82373 -1.20669 2.08128 1.89987 1.0474
-1.04101 1.82423 -1.20601 2.08128 1.89987 1.0474
-1.04176 1.82473 -1.20533 2.08128 1.89987 1.0474
-1.04252 1.82523 -1.20466 2.08128 1.89987 1.0474
-1.04328 1.82573 -1.20398 2.08128 1.89987 1.0474
-1.04404 1.82623 -1.2033 2.08128 1.89987 1.0474
-1.0448 1.82672 -1.20263 2.08128 1.89987 1.0474
-1.04555 1.82722 -1.20195 2.08128 1.89987 1.0474
-1.04631 1.82772 -1.20127 2.08128 1.89987 1.0474
-1.04707 1.82822 -1.2006 2.08128 1.89987 1.0474
-1.04783 1.82872 -1.19992 2.08128 1.89987 1.0474
-1.04858 1.82922 -1.19924 2.08128 1.89987 1.0474
-1.04934 1.82972 -1.19857 2.08128 1.89987 1.0474
-1.0501 1.83022 -1.19789 2.08128 1.89987 1.0474
-1.05086 1.83072 -1.19721 2.08128 1.89987 1.0474
-1.05161 1.83121 -1.19654 2.08128 1.89987 1.0474
-1.05237 1.83171 -1.19586 2.08128 1.89987 1.0474
-1.05313 1.83221 -1.19518 2.08128 1.89987 1.0474
-1.05389 1.83271 -1.19451 2.08128 1.89987 1.0474
-1.05465 1.83321 -1.19383 2.08128 1.89987 1.0474
-1.0554 1.83371 -1.19315 2.08128 1.89987 1.0474
-1.05616 1.83421 -1.19248 2.08128 1.89987 1.0474
-1.05692 1.83471 -1.1918 2.08128 1.89987 1.0474
-1.05768 1.83521 -1.19112 2.08128 1.89987 1.0474
-1.05843 1.83571 -1.19045 2.08128 1.89987 1.0474
-1.05919 1.8362 -1.18977 2.08128 1.89987 1.0474
-1.05995 1.8367 -1.18909 2.08128 1.89987 1.0474
-1.06071 1.8372 -1.18842 2.08128 1.89987 1.0474
-1.06146 1.8377 -1.18774 2.08128 1.89987 1.0474
-1.06222 1.8382 -1.18706 2.08128 1.89987 1.0474
-1.06298 1.8387 -1.18639 2.08128 1.89987 1.0474
-1.06374 1.8392 -1.18571 2.08128 1.89987 1.0474
-1.0645 1.8397 -1.18503 2.08128 1.89987 1.0474
-1.06525 1.8402 -1.18436 2.08128 1.89987 1.0474
-1.06601 1.84069 -1.18368 2.08128 1.89987 1.0474
-1.06677 1.84119 -1.183 2.08128 1.89987 1.0474
-1.06753 1.84169 -1.18233 2.08128 1.89987 1.0474
-1.06828 1.84219 -1.18165 2.08128 1.89987 1.0474
-1.06904 1.84269 -1.18097 2.08128 1.89987 1.0474
-1.0698 1.84319 -1.18029 2.08128 1.89987 1.0474
-1.07056 1.84369 -1.17962 2.08128 1.89987 1.0474
-1.07131 1.84419 -1.17894 2.08128 1.89987 1.0474
-1.07207 1.84469 -1.17826 2.08128 1.89987 1.0474
-1.07283 1.84519 -1.17759 2.08128 1.89987 1.0474
-1.07359 1.84568 -1.17691 2.08128 1.89987 1.0474
-1.07435 1.84618 -1.17623 2.08128 1.89987 1.0474
-1.0751 1.84668 -1.17556 2.08128 1.89987 1.0474
-1.07586 1.84718 -1.17488 2.08128 1.89987 1.0474
-1.07662 1.84768 -1.1742 2.08128 1.89987 1.0474
-1.07738 1.84818 -1.17353 2.08128 1.89987 1.0474
-1.07813 1.84868 -1.17285 2.08128 1.89987 1.0474
-1.07889 1.84918 -1.17217 2.08128 1.89987 1.0474
-1.07965 1.84968 -1.1715 2.08128 1.89987 1.0474
-1.08041 1.85017 -1.17082 2.08128 1.89987 1.0474
-1.08117 1.85067 -1.17014 2.08128 1.89987 1.0474
-1.08192 1.85117 -1.16947 2.08128 1.89987 1.0474
-1.08268 1.85167 -1.16879 2.08128 1.89987 1.0474
-1.08344 1.85217 -1.16811 2.08128 1.89987 1.0474
-1.0842 1.85267 -1.16744 2.08128 1.89987 1.0474
-1.08495 1.85317 -1.16676 2.08128 1.89987 1.0474
-1.08571 1.85367 -1.16608 2.08128 1.89987 1.0474
-1.08647 1.85417 -1.16541 2.08128 1.89987 1.0474
-1.08723 1.85467 -1.16473 2.08128 1.89987 1.0474
-1.08798 1.85516 -1.16405 2.08128 1.89987 1.0474
-1.08874 1.85566 -1.16338 2.08128 1.89987 1.0474
-1.0895 1.85616 -1.1627 2.08128 1.89987 1.0474
-1.09026 1.85666 -1.16202 2.08128 1.89987 1.0474
-1.09102 1.85716 -1.16135 2.08128 1.89987 1.0474
-1.09177 1.85766 -1.16067 2.08128 1.89987 1.0474
-1.09253 1.85816 -1.15999 2.08128 1.89987 1.0474
-1.09329 1.85866 -1.15932 2.08128 1.89987 1.0474
-1.09405 1.85916 -1.15864 2.08128 1.89987 1.0474
-1.0948 1.85966 -1.15796 2.08128 1.89987 1.0474
-1.09556 1.86015 -1.15729 2.08128 1.89987 1.0474
-1.09632 1.86065 -1.15661 2.08128 1.89987 1.0474
-1.09708 1.86115 -1.15593 2.08128 1.89987 1.0474
-1.09783 1.86165 -1.15526 2.08128 1.89987 1.0474
-1.09859 1.86215 -1.15458 2.08128 1.89987 1.0474
-1.09935 1.86265 -1.1539 2.08128 1.89987 1.0474
-1.10011 1.86315 -1.15323 2.08128 1.89987 1.0474
-1.10087 1.86365 -1.15255 2.08128 1.89987 1.0474
-1.10162 1.86415 -1.15187 2.08128 1.89987 1.0474
-1.10238 1.86464 -1.1512 2.08128 1.89987 1.0474
-1.10314 1.86514 -1.15052 2.08128 1.89987 1.0474
-1.1039 1.86564 -1.14984 2.08128 1.89987 1.0474
-1.10465 1.86614 -1.14917 2.08128 1.89987 1.0474
-1.10541 1.86664 -1.14849 2.08128 1.89987 1.0474
-1.10617 1.86714 -1.14781 2.08128 1.89987 1.0474
-1.10693 1.86764 -1.14714 2.08128 1.89987 1.0474
-1.10769 1.86814 -1.14646 2.08128 1.89987 1.0474
-1.10844 1.86864 -1.14578 2.08128 1.89987 1.0474
-1.1092 1.86914 -1.14511 2.08128 1.89987 1.0474
-1.10996 1.86963 -1.14443 2.08128 1.89987 1.0474
-1.11072 1.87013 -1.14375 2.08128 1.89987 1.0474
-1.11147 1.87063 -1.14308 2.08128 1.89987 1.0474
-1.11223 1.87113 -1.1424 2.08128 1.89987 1.0474
-1.11299 1.87163 -1.14172 2.08128 1.89987 1.0474
-1.11375 1.87213 -1.14105 2.08128 1.89987 1.0474
-1.1145 1.87263 -1.14037 2.08128 1.89987 1.0474
-1.11526 1.87313 -1.13969 2.08128 1.89987 1.0474
-1.11602 1.87363 -1.13902 2.08128 1.89987 1.0474
-1.11678 1.87412 -1.13834 2.08128 1.89987 1.0474
-1.11754 1.87462 -1.13766 2.08128 1.89987 1.0474
-1.11829 1.87512 -1.13699 2.08128 1.89987 1.0474
-1.11905 1.87562 -1.13631 2.08128 1.89987 1.0474
-1.11981 1.87612 -1.13563 2.08128 1.89987 1.0474
-1.12057 1.87662 -1.13496 2.08128 1.89987 1.0474
-1.12132 1.87712 -1.13428 2.08128 1.89987 1.0474
-1.12208 1.87762 -1.1336 2.08128 1.89987 1.0474
-1.12284 1.87812 -1.13293 2.08128 1.89987 1.0474
-1.1236 1.87862 -1.13225 2.08128 1.89987 1.0474
-1.12435 1.87911 -1.13157 2.08128 1.89987 1.0474
-1.12511 1.87961 -1.1309 2.08128 1.89987 1.0474
-1.12587 1.88011 -1.13022 2.08128 1.89987 1.0474
-1.12663 1.88061 -1.12954 2.08128 1.89987 1.0474
-1.12739 1.88111 -1.12887 2.08128 1.89987 1.0474
-1.12814 1.88161 -1.12819 2.08128 1.89987 1.0474
-1.1289 1.88211 -1.12751 2.08128 1.89987 1.0474
-1.12966 1.88261 -1.12684 2.08128 1.89987 1.0474
-1.13042 1.88311 -1.12616 2.08128 1.89987 1.0474
-1.13117 1.8836 -1.12548 2.08128 1.89987 1.0474
-1.13193 1.8841 -1.12481 2.08128 1.89987 1.0474
-1.13269 1.8846 -1.12413 2.08128 1.89987 1.0474
-1.13345 1.8851 -1.12345 2.08128 1.89987 1.0474
-1.13421 1.8856 -1.12278 2.08128 1.89987 1.0474
-1.13496 1.8861 -1.1221 2.08128 1.89987 1.0474
-1.13572 1.8866 -1.12142 2.08128 1.89987 1.0474
-1.13648 1.8871 -1.12075 2.08128 1.89987 1.0474
-1.13724 1.8876 -1.12007 2.08128 1.89987 1.0474
-1.13799 1.8881 -1.11939 2.08128 1.89987 1.0474
-1.13875 1.88859 -1.11872 2.08128 1.89987 1.0474
-1.13951 1.88909 -1.11804 2.08128 1.89987 1.0474
-1.14027 1.88959 -1.11736 2.08128 1.89987 1.0474
-1.14102 1.89009 -1.11669 2.08128 1.89987 1.0474
-1.14178 1.89059 -1.11601 2.08128 1.89987 1.0474
-1.14254 1.89109 -1.11533 2.08128 1.89987 1.0474
-1.1433 1.89159 -1.11465 2.08128 1.89987 1.0474
-1.14406 1.89209 -1.11398 2.08128 1.89987 1.0474
-1.14481 1.89259 -1.1133 2.08128 1.89987 1.0474
-1.14557 1.89309 -1.11262 2.08128 1.89987 1.0474
-1.14633 1.89358 -1.11195 2.08128 1.89987 1.0474
-1.14709 1.89408 -1.11127 2.08128 1.89987 1.0474
-1.14784 1.89458 -1.11059 2.08128 1.89987 1.0474
-1.1486 1.89508 -1.10992 2.08128 1.89987 1.0474
-1.14936 1.89558 -1.10924 2.08128 1.89987 1.0474
-1.15012 1.89608 -1.10856 2.08128 1.89987 1.0474
-1.15087 1.89658 -1.10789 2.08128 1.89987 1.0474
-1.15163 1.89708 -1.10721 2.08128 1.89987 1.0474
-1.15239 1.89758 -1.10653 2.08128 1.89987 1.0474
-1.15315 1.89807 -1.10586 2.08128 1.89987 1.0474
-1.15391 1.89857 -1.10518 2.08128 1.89987 1.0474
-1.15466 1.89907 -1.1045 2.08128 1.89987 1.0474
-1.15542 1.89957 -1.10383 2.08128 1.89987 1.0474
-1.15618 1.90007 -1.10315 2.08128 1.89987 1.0474
-1.15694 1.90057 -1.10247 2.08128 1.89987 1.0474
-1.15769 1.90107 -1.1018 2.08128 1.89987 1.0474
-1.15845 1.90157 -1.10112 2.08128 1.89987 1.0474
-1.15921 1.90207 -1.10044 2.08128 1.89987 1.0474
-1.15997 1.90257 -1.09977 2.08128 1.89987 1.0474
-1.16073 1.90306 -1.09909 2.08128 1.89987 1.0474
-1.16148 1.90356 -1.09841 2.08128 1.89987 1.0474
-1.16224 1.90406 -1.09774 2.08128 1.89987 1.0474
-1.163 1.90456 -1.09706 2.08128 1.89987 1.0474
-1.16376 1.90506 -1.09638 2.08128 1.89987 1.0474
-1.16451 1.90556 -1.09571 2.08128 1.89987 1.0474
-1.16527 1.90606 -1.09503 2.08128 1.89987 1.0474
-1.16603 1.90656 -1.09435 2.08128 1.89987 1.0474
-1.16679 1.90706 -1.09368 2.08128 1.89987 1.0474
-1.16754 1.90755 -1.093 2.08128 1.89987 1.0474
-1.1683 1.90805 -1.09232 2.08128 1.89987 1.0474
-1.16906 1.90855 -1.09165 2.08128 1.89987 1.0474
-1.16982 1.90905 -1.09097 2.08128 1.89987 1.0474
-1.17058 1.90955 -1.09029 2.08128 1.89987 1.0474
-1.17133 1.91005 -1.08962 2.08128 1.89987 1.0474
-1.17209 1.91055 -1.08894 2.08128 1.89987 1.0474
-1.17285 1.91105 -1.08826 2.08128 1.89987 1.0474
-1.17361 1.91155 -1.08759 2.08128 1.89987 1.0474
-1.17436 1.91205 -1.08691 2.08128 1.89987 1.0474
-1.17512 1.91254 -1.08623 2.08128 1.89987 1.0474
-1.17588 1.91304 -1.08556 2.08128 1.89987 1.0474
-1.17664 1.91354 -1.08488 2.08128 1.89987 1.0474
-1.17739 1.91404 -1.0842 2.08128 1.89987 1.0474
-1.17815 1.91454 -1.08353 2.08128 1.89987 1.0474
-1.17891 1.91504 -1.08285 2.08128 1.89987 1.0474
-1.17967 1.91554 -1.08217 2.08128 1.89987 1.0474
-1.18043 1.91604 -1.0815 2.08128 1.89987 1.0474
-1.18118 1.91654 -1.08082 2.08128 1.89987 1.0474
-1.18194 1.91704 -1.08014 2.08128 1.89987 1.0474
-1.1827 1.91753 -1.07947 2.08128 1.89987 1.0474
-1.18346 1.91803 -1.07879 2.08128 1.89987 1.0474
-1.18421 1.91853 -1.07811 2.08128 1.89987 1.0474
-1.18497 1.91903 -1.07744 2.08128 1.89987 1.0474
-1.18573 1.91953 -1.07676 2.08128 1.89987 1.0474
-1.18649 1.92003 -1.07608 2.08128 1.89987 1.0474
-1.18724 1.92053 -1.07541 2.08128 1.89987 1.0474
-1.188 1.92103 -1.07473 2.08128 1.89987 1.0474
-1.18876 1.92153 -1.07405 2.08128 1.89987 1.0474
-1.18952 1.92202 -1.07338 2.08128 1.89987 1.0474
-1.19028 1.92252 -1.0727 2.08128 1.89987 1.0474
-1.19103 1.92302 -1.07202 2.08128 1.89987 1.0474
-1.19179 1.92352 -1.07135 2.08128 1.89987 1.0474
-1.19255 1.92402 -1.07067 2.08128 1.89987 1.0474
-1.19331 1.92452 -1.06999 2.08128 1.89987 1.0474
-1.19406 1.92502 -1.06932 2.08128 1.89987 1.0474
-1.19482 1.92552 -1.06864 2.08128 1.89987 1.0474
-1.19558 1.92602 -1.06796 2.08128 1.89987 1.0474
-1.19634 1.92652 -1.06729 2.08128 1.89987 1.0474
-1.1971 1.92701 -1.06661 2.08128 1.89987 1.0474
-1.19785 1.92751 -1.06593 2.08128 1.89987 1.0474
-1.19861 1.92801 -1.06526 2.08128 1.89987 1.0474
-1.19937 1.92851 -1.06458 2.08128 1.89987 1.0474
-1.20013 1.92901 -1.0639 2.08128 1.89987 1.0474
-1.20088 1.92951 -1.06323 2.08128 1.89987 1.0474
-1.20164 1.93001 -1.06255 2.08128 1.89987 1.0474
-1.2024 1.93051 -1.06187 2.08128 1.89987 1.0474
-1.20316 1.93101 -1.0612 2.08128 1.89987 1.0474
-1.20391 1.9315 -1.06052 2.08128 1.89987 1.0474
-1.20467 1.932 -1.05984 2.08128 1.89987 1.0474
-1.20543 1.9325 -1.05917 2.08128 1.89987 1.0474
-1.20619 1.933 -1.05849 2.08128 1.89987 1.0474
-1.20695 1.9335 -1.05781 2.08128 1.89987 1.0474
-1.2077 1.934 -1.05714 2.08128 1.89987 1.0474
-1.20846 1.9345 -1.05646 2.08128 1.89987 1.0474
-1.20922 1.935 -1.05578 2.08128 1.89987 1.0474
-1.20998 1.9355 -1.05511 2.08128 1.89987 1.0474
-1.21073 1.936 -1.05443 2.08128 1.89987 1.0474
-1.21149 1.93649 -1.05375 2.08128 1.89987 1.0474
-1.21225 1.93699 -1.05308 2.08128 1.89987 1.0474
-1.21301 1.93749 -1.0524 2.08128 1.89987 1.0474
-1.21376 1.93799 -1.05172 2.08128 1.89987 1.0474
-1.21452 1.93849 -1.05105 2.08128 1.89987 1.0474
-1.21528 1.93899 -1.05037 2.08128 1.89987 1.0474
-1.21604 1.93949 -1.04969 2.08128 1.89987 1.0474
-1.2168 1.93999 -1.04901 2.08128 1.89987 1.0474
-1.21755 1.94049 -1.04834 2.08128 1.89987 1.0474
-1.21831 1.94098 -1.04766 2.08128 1.89987 1.0474
-1.21907 1.94148 -1.04698 2.08128 1.89987 1.0474
-1.21983 1.94198 -1.04631 2.08128 1.89987 1.0474
-1.22058 1.94248 -1.04563 2.08128 1.89987 1.0474
-1.22134 1.94298 -1.04495 2.08128 1.89987 1.0474
-1.2221 1.94348 -1.04428 2.08128 1.89987 1.0474
-1.22286 1.94398 -1.0436 2.08128 1.89987 1.0474
-1.22362 1.94448 -1.04292 2.08128 1.89987 1.0474
-1.22437 1.94498 -1.04225 2.08128 1.89987 1.0474
-1.22513 1.94548 -1.04157 2.08128 1.89987 1.0474
-1.22589 1.94597 -1.04089 2.08128 1.89987 1.0474
-1.22665 1.94647 -1.04022 2.08128 1.89987 1.0474
-1.2274 1.94697 -1.03954 2.08128 1.89987 1.0474
-1.22816 1.94747 -1.03886 2.08128 1.89987 1.0474
-1.22892 1.94797 -1.03819 2.08128 1.89987 1.0474
-1.22968 1.94847 -1.03751 2.08128 1.89987 1.0474
-1.23043 1.94897 -1.03683 2.08128 1.89987 1.0474
-1.23119 1.94947 -1.03616 2.08128 1.89987 1.0474
-1.23195 1.94997 -1.03548 2.08128 1.89987 1.0474
-1.23271 1.95047 -1.0348 2.08128 1.89987 1.0474
-1.23347 1.95096 -1.03413 2.08128 1.89987 1.0474
-1.23422 1.95146 -1.03345 2.08128 1.89987 1.0474
-1.23498 1.95196 -1.03277 2.08128 1.89987 1.0474
-1.23574 1.95246 -1.0321 2.08128 1.89987 1.0474
-1.2365 1.95296 -1.03142 2.08128 1.89987 1.0474
-1.23725 1.95346 -1.03074 2.08128 1.89987 1.0474
-1.23801 1.95396 -1.03007 2.08128 1.89987 1.0474
-1.23877 1.95446 -1.02939 2.08128 1.89987 1.0474
-1.23953 1.95496 -1.02871 2.08128 1.89987 1.0474
-1.24028 1.95545 -1.02804 2.08128 1.89987 1.0474
-1.24104 1.95595 -1.02736 2.08128 1.89987 1.0474
-1.2418 1.95645 -1.02668 2.08128 1.89987 1.0474
-1.24256 1.95695 -1.02601 2.08128 1.89987 1.0474
-1.24332 1.95745 -1.02533 2.08128 1.89987 1.0474
-1.24407 1.95795 -1.02465 2.08128 1.89987 1.0474
-1.24483 1.95845 -1.02398 2.08128 1.89987 1.0474
-1.24559 1.95895 -1.0233 2.08128 1.89987 1.0474
-1.24635 1.95945 -1.02262 2.08128 1.89987 1.0474
-1.2471 1.95995 -1.02195 2.08128 1.89987 1.0474
-1.24786 1.96044 -1.02127 2.08128 1.89987 1.0474
-1.24862 1.96094 -1.02059 2.08128 1.89987 1.0474
-1.24938 1.96144 -1.01992 2.08128 1.89987 1.0474
-1.25014 1.96194 -1.01924 2.08128 1.89987 1.0474
-1.25089 1.96244 -1.01856 2.08128 1.89987 1.0474
-1.25165 1.96294 -1.01789 2.08128 1.89987 1.0474
-1.25241 1.96344 -1.01721 2.08128 1.89987 1.0474
-1.25317 1.96394 -1.01653 2.08128 1.89987 1.0474
-1.25392 1.96444 -1.01586 2.08128 1.89987 1.0474
-1.25468 1.96493 -1.01518 2.08128 1.89987 1.0474
-1.25544 1.96543 -1.0145 2.08128 1.89987 1.0474
-1.2562 1.96593 -1.01383 2.08128 1.89987 1.0474
-1.25695 1.96643 -1.01315 2.08128 1.89987 1.0474
-1.25771 1.96693 -1.01247 2.08128 1.89987 1.0474
-1.25847 1.96743 -1.0118 2.08128 1.89987 1.0474
-1.25923 1.96793 -1.01112 2.08128 1.89987 1.0474
-1.25999 1.96843 -1.01044 2.08128 1.89987 1.0474
-1.26074 1.96893 -1.00977 2.08128 1.89987 1.0474
-1.2615 1.96943 -1.00909 2.08128 1.89987 1.0474
-1.26226 1.96992 -1.00841 2.08128 1.89987 1.0474
-1.26302 1.97042 -1.00774 2.08128 1.89987 1.0474
-1.26377 1.97092 -1.00706 2.08128 1.89987 1.0474
-1.26453 1.97142 -1.00638 2.08128 1.89987 1.0474
-1.26529 1.97192 -1.00571 2.08128 1.89987 1.0474
-1.26605 1.97242 -1.00503 2.08128 1.89987 1.0474
-1.2668 1.97292 -1.00435 2.08128 1.89987 1.0474
-1.26756 1.97342 -1.00368 2.08128 1.89987 1.0474
-1.26832 1.97392 -1.003 2.08128 1.89987 1.0474
-1.26908 1.97441 -1.00232 2.08128 1.89987 1.0474
-1.26984 1.97491 -1.00165 2.08128 1.89987 1.0474
-1.27059 1.97541 -1.00097 2.08128 1.89987 1.0474
-1.27135 1.97591 -1.00029 2.08128 1.89987 1.0474
-1.27211 1.97641 -0.999616 2.08128 1.89987 1.0474
-1.27287 1.97691 -0.998939 2.08128 1.89987 1.0474
-1.27362 1.97741 -0.998262 2.08128 1.89987 1.0474
-1.27438 1.97791 -0.997586 2.08128 1.89987 1.0474
-1.27514 1.97841 -0.996909 2.08128 1.89987 1.0474
-1.2759 1.97891 -0.996232 2.08128 1.89987 1.0474
-1.27665 1.9794 -0.995556 2.08128 1.89987 1.0474
-1.27741 1.9799 -0.994879 2.08128 1.89987 1.0474
-1.27817 1.9804 -0.994202 2.08128 1.89987 1.0474
-1.27893 1.9809 -0.993525 2.08128 1.89987 1.0474
-1.27969 1.9814 -0.992849 2.08128 1.89987 1.0474
-1.28044 1.9819 -0.992172 2.08128 1.89987 1.0474
-1.2812 1.9824 -0.991495 2.08128 1.89987 1.0474
-1.28196 1.9829 -0.990819 2.08128 1.89987 1.0474
-1.28272 1.9834 -0.990142 2.08128 1.89987 1.0474
-1.28347 1.9839 -0.989465 2.08128 1.89987 1.0474
-1.28423 1.98439 -0.988789 2.08128 1.89987 1.0474
-1.28499 1.98489 -0.988112 2.08128 1.89987 1.0474
-1.28575 1.98539 -0.987435 2.08128 1.89987 1.0474
-1.28651 1.98589 -0.986758 2.08128 1.89987 1.0474
-1.28726 1.98639 -0.986082 2.08128 1.89987 1.0474
-1.28802 1.98689 -0.985405 2.08128 1.89987 1.0474
-1.28878 1.98739 -0.984728 2.08128 1.89987 1.0474
-1.28954 1.98789 -0.984052 2.08128 1.89987 1.0474
-1.29029 1.98839 -0.983375 2.08128 1.89987 1.0474
-1.29105 1.98888 -0.982698 2.08128 1.89987 1.0474
-1.29181 1.98938 -0.982022 2.08128 1.89987 1.0474
-1.29257 1.98988 -0.981345 2.08128 1.89987 1.0474
-1.29332 1.99038 -0.980668 2.08128 1.89987 1.0474
-1.29408 1.99088 -0.979991 2.08128 1.89987 1.0474
-1.29484 1.99138 -0.979315 2.08128 1.89987 1.0474
-1.2956 1.99188 -0.978638 2.08128 1.89987 1.0474
-1.29636 1.99238 -0.977961 2.08128 1.89987 1.0474
-1.29711 1.99288 -0.977285 2.08128 1.89987 1.0474
-1.29787 1.99338 -0.976608 2.08128 1.89987 1.0474
-1.29863 1.99387 -0.975931 2.08128 1.89987 1.0474
-1.29939 1.99437 -0.975255 2.08128 1.89987 1.0474
-1.30014 1.99487 -0.974578 2.08128 1.89987 1.0474
-1.3009 1.99537 -0.973901 2.08128 1.89987 1.0474
-1.30166 1.99587 -0.973224 2.08128 1.89987 1.0474
-1.30242 1.99637 -0.972548 2.08128 1.89987 1.0474
-1.30317 1.99687 -0.971871 2.08128 1.89987 1.0474
-1.30393 1.99737 -0.971194 2.08128 1.89987 1.0474
-1.30469 1.99787 -0.970518 2.08128 1.89987 1.0474
-1.30545 1.99836 -0.969841 2.08128 1.89987 1.0474
-1.30621 1.99886 -0.969164 2.08128 1.89987 1.0474
-1.30696 1.99936 -0.968488 2.08128 1.89987 1.0474
-1.30772 1.99986 -0.967811 2.08128 1.89987 1.0474
-1.30848 2.00036 -0.967134 2.08128 1.89987 1.0474
-1.30924 2.00086 -0.966457 2.08128 1.89987 1.0474
-1.30999 2.00136 -0.965781 2.08128 1.89987 1.0474
-1.31075 2.00186 -0.965104 2.08128 1.89987 1.0474
-1.31151 2.00236 -0.964427 2.08128 1.89987 1.0474
-1.31227 2.00286 -0.963751 2.08128 1.89987 1.0474
-1.31303 2.00335 -0.963074 2.08128 1.89987 1.0474
-1.31378 2.00385 -0.962397 2.08128 1.89987 1.0474
-1.31454 2.00435 -0.961721 2.08128 1.89987 1.0474
-1.3153 2.00485 -0.961044 2.08128 1.89987 1.0474
-1.31606 2.00535 -0.960367 2.08128 1.89987 1.0474
-1.31681 2.00585 -0.95969 2.08128 1.89987 1.0474
-1.31757 2.00635 -0.959014 2.08128 1.89987 1.0474
-1.31833 2.00685 -0.958337 2.08128 1.89987 1.0474
-1.31909 2.00735 -0.95766 2.08128 1.89987 1.0474
-1.31984 2.00785 -0.956984 2.08128 1.89987 1.0474
-1.3206 2.00834 -0.956307 2.08128 1.89987 1.0474
-1.32136 2.00884 -0.95563 2.08128 1.89987 1.0474
-1.32212 2.00934 -0.954954 2.08128 1.89987 1.0474
-1.32288 2.00984 -0.954277 2.08128 1.89987 1.0474
-1.32363 2.01034 -0.9536 2.08128 1.89987 1.0474
-1.32439 2.01084 -0.952923 2.08128 1.89987 1.0474
-1.32515 2.01134 -0.952247 2.08128 1.89987 1.0474
-1.32591 2.01184 -0.95157 2.08128 1.89987 1.0474
-1.32666 2.01234 -0.950893 2.08128 1.89987 1.0474
-1.32742 2.01283 -0.950217 2.08128 1.89987 1.0474
-1.32818 2.01333 -0.94954 2.08128 1.89987 1.0474
-1.32894 2.01383 -0.948863 2.08128 1.89987 1.0474
-1.32969 2.01433 -0.948186 2.08128 1.89987 1.0474
-1.33045 2.01483 -0.94751 2.08128 1.89987 1.0474
-1.33121 2.01533 -0.946833 2.08128 1.89987 1.0474
-1.33197 2.01583 -0.946156 2.08128 1.89987 1.0474
-1.33273 2.01633 -0.94548 2.08128 1.89987 1.0474
-1.33348 2.01683 -0.944803 2.08128 1.89987 1.0474
-1.33424 2.01733 -0.944126 2.08128 1.89987 1.0474
-1.335 2.01782 -0.94345 2.08128 1.89987 1.0474
-1.33576 2.01832 -0.942773 2.08128 1.89987 1.0474
-1.33651 2.01882 -0.942096 2.08128 1.89987 1.0474
-1.33727 2.01932 -0.941419 2.08128 1.89987 1.0474
-1.33803 2.01982 -0.940743 2.08128 1.89987 1.0474
-1.33879 2.02032 -0.940066 2.08128 1.89987 1.0474
-1.33955 2.02082 -0.939389 2.08128 1.89987 1.0474
-1.3403 2.02132 -0.938713 2.08128 1.89987 1.0474
-1.34106 2.02182 -0.938036 2.08128 1.89987 1.0474
-1.34182 2.02231 -0.937359 2.08128 1.89987 1.0474
-1.34258 2.02281 -0.936683 2.08128 1.89987 1.0474
-1.34333 2.02331 -0.936006 2.08128 1.89987 1.0474
-1.34409 2.02381 -0.935329 2.08128 1.89987 1.0474
-1.34485 2.02431 -0.934652 2.08128 1.89987 1.0474
-1.34561 2.02481 -0.933976 2.08128 1.89987 1.0474
-1.34636 2.02531 -0.933299 2.08128 1.89987 1.0474
-1.34712 2.02581 -0.932622 2.08128 1.89987 1.0474
-1.34788 2.02631 -0.931946 2.08128 1.89987 1.0474
-1.34864 2.02681 -0.931269 2.08128 1.89987 1.0474
-1.3494 2.0273 -0.930592 2.08128 1.89987 1.0474
-1.35015 2.0278 -0.929916 2.08128 1.89987 1.0474
-1.35091 2.0283 -0.929239 2.08128 1.89987 1.0474
-1.35167 2.0288 -0.928562 2.08128 1.89987 1.0474
-1.35243 2.0293 -0.927885 2.08128 1.89987 1.0474
-1.35318 2.0298 -0.927209 2.08128 1.89987 1.0474
-1.35394 2.0303 -0.926532 2.08128 1.89987 1.0474
-1.3547 2.0308 -0.925855 2.08128 1.89987 1.0474
-1.35546 2.0313 -0.925179 2.08128 1.89987 1.0474
-1.35621 2.03179 -0.924502 2.08128 1.89987 1.0474
-1.35697 2.03229 -0.923825 2.08128 1.89987 1.0474
-1.35773 2.03279 -0.923149 2.08128 1.89987 1.0474
-1.35849 2.03329 -0.922472 2.08128 1.89987 1.0474
-1.35925 2.03379 -0.921795 2.08128 1.89987 1.0474
-1.36 2.03429 -0.921118 2.08128 1.89987 1.0474
-1.36076 2.03479 -0.920442 2.08128 1.89987 1.0474
-1.36152 2.03529 -0.919765 2.08128 1.89987 1.0474
-1.36228 2.03579 -0.919088 2.08128 1.89987 1.0474
-1.36303 2.03629 -0.918412 2.08128 1.89987 1.0474
-1.36379 2.03678 -0.917735 2.08128 1.89987 1.0474
-1.36455 2.03728 -0.917058 2.08128 1.89987 1.0474
-1.36531 2.03778 -0.916382 2.08128 1.89987 1.0474
-1.36607 2.03828 -0.915705 2.08128 1.89987 1.0474
-1.36682 2.03878 -0.915028 2.08128 1.89987 1.0474
-1.36758 2.03928 -0.914351 2.08128 1.89987 1.0474
-1.36834 2.03978 -0.913675 2.08128 1.89987 1.0474
-1.3691 2.04028 -0.912998 2.08128 1.89987 1.0474
-1.36985 2.04078 -0.912321 2.08128 1.89987 1.0474
-1.37061 2.04128 -0.911645 2.08128 1.89987 1.0474
-1.37137 2.04177 -0.910968 2.08128 1.89987 1.0474
-1.37213 2.04227 -0.910291 2.08128 1.89987 1.0474
-1.37288 2.04277 -0.909615 2.08128 1.89987 1.0474
-1.37364 2.04327 -0.908938 2.08128 1.89987 1.0474
-1.3744 2.04377 -0.908261 2.08128 1.89987 1.0474
-1.37516 2.04427 -0.907584 2.08128 1.89987 1.0474
-1.37592 2.04477 -0.906908 2.08128 1.89987 1.0474
-1.37667 2.04527 -0.906231 2.08128 1.89987 1.0474
-1.37743 2.04577 -0.905554 2.08128 1.89987 1.0474
-1.37819 2.04626 -0.904878 2.08128 1.89987 1.0474
-1.37895 2.04676 -0.904201 2.08128 1.89987 1.0474
-1.3797 2.04726 -0.903524 2.08128 1.89987 1.0474
-1.38046 2.04776 -0.902848 2.08128 1.89987 1.0474
-1.38122 2.04826 -0.902171 2.08128 1.89987 1.0474
-1.38198 2.04876 -0.901494 2.08128 1.89987 1.0474
-1.38273 2.04926 -0.900817 2.08128 1.89987 1.0474
-1.38349 2.04976 -0.900141 2.08128 1.89987 1.0474
-1.38425 2.05026 -0.899464 2.08128 1.89987 1.0474
-1.38501 2.05076 -0.898787 2.08128 1.89987 1.0474
-1.38577 2.05125 -0.898111 2.08128 1.89987 1.0474
-1.38652 2.05175 -0.897434 2.08128 1.89987 1.0474
-1.38728 2.05225 -0.896757 2.08128 1.89987 1.0474
-1.38804 2.05275 -0.896081 2.08128 1.89987 1.0474
-1.3888 2.05325 -0.895404 2.08128 1.89987 1.0474
-1.38955 2.05375 -0.894727 2.08128 1.89987 1.0474
-1.39031 2.05425 -0.89405 2.08128 1.89987 1.0474
-1.39107 2.05475 -0.893374 2.08128 1.89987 1.0474
-1.39183 2.05525 -0.892697 2.08128 1.89987 1.0474
-1.39258 2.05574 -0.89202 2.08128 1.89987 1.0474
-1.39334 2.05624 -0.891344 2.08128 1.89987 1.0474
-1.3941 2.05674 -0.890667 2.08128 1.89987 1.0474
-1.39486 2.05724 -0.88999 2.08128 1.89987 1.0474
-1.39562 2.05774 -0.889314 2.08128 1.89987 1.0474
-1.39637 2.05824 -0.888637 2.08128 1.89987 1.0474
-1.39713 2.05874 -0.88796 2.08128 1.89987 1.0474
-1.39789 2.05924 -0.887283 2.08128 1.89987 1.0474
-1.39865 2.05974 -0.886607 2.08128 1.89987 1.0474
-1.3994 2.06024 -0.88593 2.08128 1.89987 1.0474
-1.40016 2.06073 -0.885253 2.08128 1.89987 1.0474
-1.40092 2.06123 -0.884577 2.08128 1.89987 1.0474
-1.40168 2.06173 -0.8839 2.08128 1.89987 1.0474
-1.40244 2.06223 -0.883223 2.08128 1.89987 1.0474
-1.40319 2.06273 -0.882546 2.08128 1.89987 1.0474
-1.40395 2.06323 -0.88187 2.08128 1.89987 1.0474
-1.40471 2.06373 -0.881193 2.08128 1.89987 1.0474
-1.40547 2.06423 -0.880516 2.08128 1.89987 1.0474
-1.40622 2.06473 -0.87984 2.08128 1.89987 1.0474
-1.40698 2.06522 -0.879163 2.08128 1.89987 1.0474
-1.40774 2.06572 -0.878486 2.08128 1.89987 1.0474
-1.4085 2.06622 -0.87781 2.08128 1.89987 1.0474
-1.40925 2.06672 -0.877133 2.08128 1.89987 1.0474
-1.41001 2.06722 -0.876456 2.08128 1.89987 1.0474
-1.41077 2.06772 -0.875779 2.08128 1.89987 1.0474
-1.41153 2.06822 -0.875103 2.08128 1.89987 1.0474
-1.41229 2.06872 -0.874426 2.08128 1.89987 1.0474
-1.41304 2.06922 -0.873749 2.08128 1.89987 1.0474
-1.4138 2.06972 -0.873073 2.08128 1.89987 1.0474
-1.41456 2.07021 -0.872396 2.08128 1.89987 1.0474
-1.41532 2.07071 -0.871719 2.08128 1.89987 1.0474
-1.41607 2.07121 -0.871043 2.08128 1.89987 1.0474
-1.41683 2.07171 -0.870366 2.08128 1.89987 1.0474
-1.41759 2.07221 -0.869689 2.08128 1.89987 1.0474
-1.41835 2.07271 -0.869012 2.08128 1.89987 1.0474
-1.4191 2.07321 -0.868336 2.08128 1.89987 1.0474
-1.41986 2.07371 -0.867659 2.08128 1.89987 1.0474
-1.42062 2.07421 -0.866982 2.08128 1.89987 1.0474
-1.42138 2.07471 -0.866306 2.08128 1.89987 1.0474
-1.42214 2.0752 -0.865629 2.08128 1.89987 1.0474
-1.42289 2.0757 -0.864952 2.08128 1.89987 1.0474
-1.42365 2.0762 -0.864276 2.08128 1.89987 1.0474
-1.42441 2.0767 -0.863599 2.08128 1.89987 1.0474
-1.42517 2.0772 -0.862922 2.08128 1.89987 1.0474
-1.42592 2.0777 -0.862245 2.08128 1.89987 1.0474
-1.42668 2.0782 -0.861569 2.08128 1.89987 1.0474
-1.42744 2.0787 -0.860892 2.08128 1.89987 1.0474
-1.4282 2.0792 -0.860215 2.08128 1.89987 1.0474
-1.42896 2.07969 -0.859539 2.08128 1.89987 1.0474
-1.42971 2.08019 -0.858862 2.08128 1.89987 1.0474
-1.43047 2.08069 -0.858185 2.08128 1.89987 1.0474
-1.43123 2.08119 -0.857509 2.08128 1.89987 1.0474
-1.43199 2.08169 -0.856832 2.08128 1.89987 1.0474
-1.43274 2.08219 -0.856155 2.08128 1.89987 1.0474
-1.4335 2.08269 -0.855478 2.08128 1.89987 1.0474
-1.43426 2.08319 -0.854802 2.08128 1.89987 1.0474
-1.43502 2.08369 -0.854125 2.08128 1.89987 1.0474
-1.43577 2.08419 -0.853448 2.08128 1.89987 1.0474
-1.43653 2.08468 -0.852772 2.08128 1.89987 1.0474
-1.43729 2.08518 -0.852095 2.08128 1.89987 1.0474
-1.43805 2.08568 -0.851418 2.08128 1.89987 1.0474
-1.43881 2.08618 -0.850742 2.08128 1.89987 1.0474
-1.43956 2.08668 -0.850065 2.08128 1.89987 1.0474
-1.44032 2.08718 -0.849388 2.08128 1.89987 1.0474
-1.44108 2.08768 -0.848711 2.08128 1.89987 1.0474
-1.44184 2.08818 -0.848035 2.08128 1.89987 1.0474
-1.44259 2.08868 -0.847358 2.08128 1.89987 1.0474
-1.44335 2.08917 -0.846681 2.08128 1.89987 1.0474
-1.44411 2.08967 -0.846005 2.08128 1.89987 1.0474
-1.44487 2.09017 -0.845328 2.08128 1.89987 1.0474
-1.44562 2.09067 -0.844651 2.08128 1.89987 1.0474
-1.44638 2.09117 -0.843975 2.08128 1.89987 1.0474
-1.44714 2.09167 -0.843298 2.08128 1.89987 1.0474
-1.4479 2.09217 -0.842621 2.08128 1.89987 1.0474
-1.44866 2.09267 -0.841944 2.08128 1.89987 1.0474
-1.44929 2.09308 -0.841381 2.08128 1.89987 1.0474
-1.44992 2.0935 -0.840817 2.08128 1.89987 1.0474
-1.45055 2.09391 -0.840253 2.08128 1.89987 1.0474
-1.45118 2.09433 -0.839689 2.08128 1.89987 1.0474
-1.45181 2.09475 -0.839125 2.08128 1.89987 1.0474
-1.45244 2.09516 -0.838561 2.08128 1.89987 1.0474
-1.4532 2.09566 -0.837884 2.08128 1.89987 1.0474
-1.45396 2.09616 -0.837208 2.08128 1.89987 1.0474
-1.45472 2.09666 -0.836531 2.08128 1.89987 1.0474
-1.45548 2.09716 -0.835854 2.08128 1.89987 1.0474
-1.45623 2.09766 -0.835177 2.08128 1.89987 1.0474
-1.45686 2.09807 -0.834614 2.08128 1.89987 1.0474
-1.4575 2.09849 -0.83405 2.08128 1.89987 1.0474
-1.45813 2.0989 -0.833486 2.08128 1.89987 1.0474
-1.45876 2.09932 -0.832922 2.08128 1.89987 1.0474
-1.45939 2.09974 -0.832358 2.08128 1.89987 1.0474
-1.46002 2.10015 -0.831794 2.08128 1.89987 1.0474
-1.46078 2.10065 -0.831117 2.08128 1.89987 1.0474
-1.46154 2.10115 -0.830441 2.08128 1.89987 1.0474
-1.46229 2.10165 -0.829764 2.08128 1.89987 1.0474
-1.46305 2.10215 -0.829087 2.08128 1.89987 1.0474
-1.46381 2.10265 -0.82841 2.08128 1.89987 1.0474
-1.46444 2.10306 -0.827846 2.08128 1.89987 1.0474
-1.46507 2.10348 -0.827283 2.08128 1.89987 1.0474
-1.4657 2.10389 -0.826719 2.08128 1.89987 1.0474
-1.46634 2.10431 -0.826155 2.08128 1.89987 1.0474
-1.46697 2.10473 -0.825591 2.08128 1.89987 1.0474
-1.4676 2.10514 -0.825027 2.08128 1.89987 1.0474
-1.46836 2.10564 -0.82435 2.08128 1.89987 1.0474
-1.46911 2.10614 -0.823674 2.08128 1.89987 1.0474
-1.46987 2.10664 -0.822997 2.08128 1.89987 1.0474
-1.47063 2.10714 -0.82232 2.08128 1.89987 1.0474
-1.47139 2.10764 -0.821643 2.08128 1.89987 1.0474
-1.47202 2.10805 -0.821079 2.08128 1.89987 1.0474
-1.47265 2.10847 -0.820516 2.08128 1.89987 1.0474
-1.47328 2.10888 -0.819952 2.08128 1.89987 1.0474
-1.47391 2.1093 -0.819388 2.08128 1.89987 1.0474
-1.47454 2.10972 -0.818824 2.08128 1.89987 1.0474
-1.47518 2.11013 -0.81826 2.08128 1.89987 1.0474
-1.47593 2.11063 -0.817583 2.08128 1.89987 1.0474
-1.47669 2.11113 -0.816906 2.08128 1.89987 1.0474
-1.47745 2.11163 -0.81623 2.08128 1.89987 1.0474
-1.47821 2.11213 -0.815553 2.08128 1.89987 1.0474
-1.47896 2.11263 -0.814876 2.08128 1.89987 1.0474
-1.4796 2.11304 -0.814312 2.08128 1.89987 1.0474
-1.48023 2.11346 -0.813749 2.08128 1.89987 1.0474
-1.48086 2.11387 -0.813185 2.08128 1.89987 1.0474
-1.48149 2.11429 -0.812621 2.08128 1.89987 1.0474
-1.48212 2.1147 -0.812057 2.08128 1.89987 1.0474
-1.48275 2.11512 -0.811493 2.08128 1.89987 1.0474
-1.48351 2.11562 -0.810816 2.08128 1.89987 1.0474
-1.48427 2.11612 -0.810139 2.08128 1.89987 1.0474
-1.48503 2.11662 -0.809463 2.08128 1.89987 1.0474
-1.48578 2.11712 -0.808786 2.08128 1.89987 1.0474
-1.48654 2.11762 -0.808109 2.08128 1.89987 1.0474
-1.48717 2.11803 -0.807545 2.08128 1.89987 1.0474
-1.4878 2.11845 -0.806982 2.08128 1.89987 1.0474
-1.48844 2.11886 -0.806418 2.08128 1.89987 1.0474
-1.48907 2.11928 -0.805854 2.08128 1.89987 1.0474
-1.4897 2.11969 -0.80529 2.08128 1.89987 1.0474
-1.49033 2.12011 -0.804726 2.08128 1.89987 1.0474
-1.49109 2.12061 -0.804049 2.08128 1.89987 1.0474
-1.49185 2.12111 -0.803372 2.08128 1.89987 1.0474
-1.4926 2.12161 -0.802696 2.08128 1.89987 1.0474
-1.49336 2.12211 -0.802019 2.08128 1.89987 1.0474
-1.49412 2.1226 -0.801342 2.08128 1.89987 1.0474
-1.49475 2.12302 -0.800778 2.08128 1.89987 1.0474
-1.49538 2.12344 -0.800215 2.08128 1.89987 1.0474
-1.49601 2.12385 -0.799651 2.08128 1.89987 1.0474
-1.49664 2.12427 -0.799087 2.08128 1.89987 1.0474
-1.49728 2.12468 -0.798523 2.08128 1.89987 1.0474
-1.49791 2.1251 -0.797959 2.08128 1.89987 1.0474
-1.49866 2.1256 -0.797282 2.08128 1.89987 1.0474
-1.49942 2.1261 -0.796605 2.08128 1.89987 1.0474
-1.50018 2.1266 -0.795929 2.08128 1.89987 1.0474
-1.50094 2.1271 -0.795252 2.08128 1.89987 1.0474
-1.5017 2.12759 -0.794575 2.08128 1.89987 1.0474
-1.50233 2.12801 -0.794011 2.08128 1.89987 1.0474
-1.50296 2.12843 -0.793448 2.08128 1.89987 1.0474
-1.50359 2.12884 -0.792884 2.08128 1.89987 1.0474
-1.50422 2.12926 -0.79232 2.08128 1.89987 1.0474
-1.50485 2.12967 -0.791756 2.08128 1.89987 1.0474
-1.50548 2.13009 -0.791192 2.08128 1.89987 1.0474
-1.50624 2.13059 -0.790515 2.08128 1.89987 1.0474
-1.507 2.13109 -0.789838 2.08128 1.89987 1.0474
-1.50776 2.13159 -0.789162 2.08128 1.89987 1.0474
-1.50851 2.13209 -0.788485 2.08128 1.89987 1.0474
-1.50927 2.13258 -0.787808 2.08128 1.89987 1.0474
-1.5099 2.133 -0.787244 2.08128 1.89987 1.0474
-1.51054 2.13342 -0.786681 2.08128 1.89987 1.0474
-1.51117 2.13383 -0.786117 2.08128 1.89987 1.0474
-1.5118 2.13425 -0.785553 2.08128 1.89987 1.0474
-1.51243 2.13466 -0.784989 2.08128 1.89987 1.0474
-1.51306 2.13508 -0.784425 2.08128 1.89987 1.0474
-1.51382 2.13558 -0.783748 2.08128 1.89987 1.0474
-1.51458 2.13608 -0.783071 2.08128 1.89987 1.0474
-1.51533 2.13658 -0.782395 2.08128 1.89987 1.0474
-1.51609 2.13707 -0.781718 2.08128 1.89987 1.0474
-1.51685 2.13757 -0.781041 2.08128 1.89987 1.0474
-1.51748 2.13799 -0.780477 2.08128 1.89987 1.0474
-1.51811 2.13841 -0.779914 2.08128 1.89987 1.0474
-1.51874 2.13882 -0.77935 2.08128 1.89987 1.0474
-1.51938 2.13924 -0.778786 2.08128 1.89987 1.0474
-1.52001 2.13965 -0.778222 2.08128 1.89987 1.0474
-1.52064 2.14007 -0.777658 2.08128 1.89987 1.0474
-1.52134 2.14032 -0.777272 2.08128 1.89987 1.0474
-1.52204 2.14058 -0.776887 2.08128 1.89987 1.0474
-1.52274 2.14083 -0.776501 2.08128 1.89987 1.0474
-1.52344 2.14108 -0.776116 2.08128 1.89987 1.0474
-1.52414 2.14134 -0.775731 2.08128 1.89987 1.0474
-1.52484 2.14159 -0.775345 2.08128 1.89987 1.0474
-1.52554 2.14185 -0.77496 2.08128 1.89987 1.0474
-1.52624 2.1421 -0.774574 2.08128 1.89987 1.0474
-1.52694 2.14235 -0.774189 2.08128 1.89987 1.0474
-1.52764 2.14261 -0.773803 2.08128 1.89987 1.0474
-1.52834 2.14286 -0.773418 2.08128 1.89987 1.0474
-1.52904 2.14312 -0.773032 2.08128 1.89987 1.0474
-1.52974 2.14337 -0.772647 2.08128 1.89987 1.0474
-1.53044 2.14362 -0.772262 2.08128 1.89987 1.0474
-1.53114 2.14388 -0.771876 2.08128 1.89987 1.0474
-1.53184 2.14413 -0.771491 2.08128 1.89987 1.0474
-1.53254 2.14439 -0.771105 2.08128 1.89987 1.0474
-1.53325 2.14464 -0.77072 2.08128 1.89987 1.0474
-1.53395 2.14489 -0.770334 2.08128 1.89987 1.0474
-1.53465 2.14515 -0.769949 2.08128 1.89987 1.0474
-1.53535 2.1454 -0.769563 2.08128 1.89987 1.0474
-1.53605 2.14566 -0.769178 2.08128 1.89987 1.0474
-1.53675 2.14591 -0.768793 2.08128 1.89987 1.0474
-1.53745 2.14616 -0.768407 2.08128 1.89987 1.0474
-1.53815 2.14642 -0.768022 2.08128 1.89987 1.0474
-1.53885 2.14667 -0.767636 2.08128 1.89987 1.0474
-1.53955 2.14693 -0.767251 2.08128 1.89987 1.0474
-1.54025 2.14718 -0.766865 2.08128 1.89987 1.0474
-1.54095 2.14743 -0.76648 2.08128 1.89987 1.0474
-1.54165 2.14769 -0.766094 2.08128 1.89987 1.0474
-1.54235 2.14794 -0.765709 2.08128 1.89987 1.0474
-1.54305 2.1482 -0.765324 2.08128 1.89987 1.0474
-1.54375 2.14845 -0.764938 2.08128 1.89987 1.0474
-1.54445 2.1487 -0.764553 2.08128 1.89987 1.0474
-1.54515 2.14896 -0.76417 2.08128 1.89987 1.0474
-1.54585 2.14921 -0.763788 2.08128 1.89987 1.0474
-1.54655 2.14946 -0.763409 2.08128 1.89987 1.0474
-1.54725 2.14971 -0.763034 2.08128 1.89987 1.0474
-1.54795 2.14997 -0.762662 2.08128 1.89987 1.0474
-1.54865 2.15022 -0.762294 2.08128 1.89987 1.0474
-1.54935 2.15047 -0.761932 2.08128 1.89987 1.0474
-1.55005 2.15071 -0.761576 2.08128 1.89987 1.0474
-1.55075 2.15096 -0.761226 2.08128 1.89987 1.0474
-1.55145 2.15121 -0.760883 2.08128 1.89987 1.0474
-1.55215 2.15145 -0.760548 2.08128 1.89987 1.0474
-1.55285 2.15169 -0.760221 2.08128 1.89987 1.0474
-1.55355 2.15193 -0.759904 2.08128 1.89987 1.0474
-1.55425 2.15217 -0.759596 2.08128 1.89987 1.0474
-1.55495 2.1524 -0.759298 2.08128 1.89987 1.0474
-1.55565 2.15264 -0.759012 2.08128 1.89987 1.0474
-1.55635 2.15287 -0.758737 2.08128 1.89987 1.0474
-1.55705 2.1531 -0.758474 2.08128 1.89987 1.0474
-1.55774 2.15332 -0.758224 2.08128 1.89987 1.0474
-1.55844 2.15355 -0.757988 2.08128 1.89987 1.0474
-1.55914 2.15377 -0.757766 2.08128 1.89987 1.0474
-1.55984 2.15398 -0.757559 2.08128 1.89987 1.0474
-1.56054 2.1542 -0.757367 2.08128 1.89987 1.0474
-1.56123 2.15441 -0.757192 2.08128 1.89987 1.0474
-1.56193 2.15462 -0.757033 2.08128 1.89987 1.0474
-1.56263 2.15482 -0.756892 2.08128 1.89987 1.0474
-1.56333 2.15502 -0.756769 2.08128 1.89987 1.0474
-1.56402 2.15521 -0.756664 2.08128 1.89987 1.0474
-1.56472 2.15541 -0.756579 2.08128 1.89987 1.0474
-1.56542 2.15559 -0.756514 2.08128 1.89987 1.0474
-1.56611 2.15578 -0.75647 2.08128 1.89987 1.0474
-1.56681 2.15596 -0.756445 2.08128 1.89987 1.0474
-1.5675 2.15613 -0.756441 2.08128 1.89987 1.0474
-1.5682 2.1563 -0.756454 2.08128 1.89987 1.0474
-1.56889 2.15647 -0.756486 2.08128 1.89987 1.0474
-1.56959 2.15663 -0.756536 2.08128 1.89987 1.0474
-1.57028 2.15679 -0.756602 2.08128 1.89987 1.0474
-1.57097 2.15695 -0.756684 2.08128 1.89987 1.0474
-1.57167 2.15711 -0.756782 2.08128 1.89987 1.0474
-1.57236 2.15726 -0.756894 2.08128 1.89987 1.0474
-1.57306 2.1574 -0.757021 2.08128 1.89987 1.0474
-1.57375 2.15755 -0.757162 2.08128 1.89987 1.0474
-1.57444 2.15769 -0.757315 2.08128 1.89987 1.0474
-1.57514 2.15783 -0.757481 2.08128 1.89987 1.0474
-1.57583 2.15797 -0.757658 2.08128 1.89987 1.0474
-1.57652 2.1581 -0.757846 2.08128 1.89987 1.0474
-1.57721 2.15824 -0.758045 2.08128 1.89987 1.0474
-1.57791 2.15837 -0.758253 2.08128 1.89987 1.0474
-1.5786 2.1585 -0.75847 2.08128 1.89987 1.0474
-1.57929 2.15862 -0.758696 2.08128 1.89987 1.0474
-1.57998 2.15875 -0.75893 2.08128 1.89987 1.0474
-1.58067 2.15888 -0.75917 2.08128 1.89987 1.0474
-1.58137 2.159 -0.759417 2.08128 1.89987 1.0474
-1.58206 2.15912 -0.75967 2.08128 1.89987 1.0474
-1.58275 2.15924 -0.759928 2.08128 1.89987 1.0474
-1.58344 2.15936 -0.760191 2.08128 1.89987 1.0474
-1.58413 2.15948 -0.760457 2.08128 1.89987 1.0474
-1.58483 2.1596 -0.760727 2.08128 1.89987 1.0474
-1.58552 2.15972 -0.760999 2.08128 1.89987 1.0474
-1.58621 2.15983 -0.761273 2.08128 1.89987 1.0474
-1.5869 2.15995 -0.761548 2.08128 1.89987 1.0474
-1.58759 2.16007 -0.761824 2.08128 1.89987 1.0474
-1.58828 2.16018 -0.762101 2.08128 1.89987 1.0474
-1.58897 2.1603 -0.762378 2.08128 1.89987 1.0474
-1.58967 2.16042 -0.762658 2.08128 1.89987 1.0474
-1.59036 2.16053 -0.762942 2.08128 1.89987 1.0474
-1.59105 2.16065 -0.763231 2.08128 1.89987 1.0474
-1.59174 2.16076 -0.763526 2.08128 1.89987 1.0474
-1.59243 2.16087 -0.76383 2.08128 1.89987 1.0474
-1.59312 2.16098 -0.764142 2.08128 1.89987 1.0474
-1.59381 2.16109 -0.764464 2.08128 1.89987 1.0474
-1.5945 2.16119 -0.764799 2.08128 1.89987 1.0474
-1.59519 2.1613 -0.765146 2.08128 1.89987 1.0474
-1.59588 2.16139 -0.765507 2.08128 1.89987 1.0474
-1.59658 2.16149 -0.765884 2.08128 1.89987 1.0474
-1.59727 2.16158 -0.766278 2.08128 1.89987 1.0474
-1.59795 2.16167 -0.76669 2.08128 1.89987 1.0474
-1.59864 2.16176 -0.767121 2.08128 1.89987 1.0474
-1.59933 2.16184 -0.767572 2.08128 1.89987 1.0474
-1.60002 2.16191 -0.768046 2.08128 1.89987 1.0474
-1.60071 2.16199 -0.768543 2.08128 1.89987 1.0474
-1.6014 2.16205 -0.769065 2.08128 1.89987 1.0474
-1.60209 2.16211 -0.769612 2.08128 1.89987 1.0474
-1.60277 2.16217 -0.770187 2.08128 1.89987 1.0474
-1.60346 2.16222 -0.77079 2.08128 1.89987 1.0474
-1.60415 2.16226 -0.771423 2.08128 1.89987 1.0474
-1.60483 2.1623 -0.772086 2.08128 1.89987 1.0474
-1.60552 2.16233 -0.772782 2.08128 1.89987 1.0474
-1.60621 2.16235 -0.773512 2.08128 1.89987 1.0474
-1.60689 2.16237 -0.774276 2.08128 1.89987 1.0474
-1.60758 2.16237 -0.775077 2.08128 1.89987 1.0474
-1.60826 2.16237 -0.775915 2.08128 1.89987 1.0474
-1.60894 2.16237 -0.776792 2.08128 1.89987 1.0474
-1.60963 2.16235 -0.777709 2.08128 1.89987 1.0474
-1.61031 2.16233 -0.778667 2.08128 1.89987 1.0474
-1.61099 2.16229 -0.779666 2.08128 1.89987 1.0474
-1.61167 2.16225 -0.780703 2.08128 1.89987 1.0474
-1.61235 2.16221 -0.781778 2.08128 1.89987 1.0474
-1.61303 2.16215 -0.782888 2.08128 1.89987 1.0474
-1.61371 2.16209 -0.784034 2.08128 1.89987 1.0474
-1.61439 2.16202 -0.785213 2.08128 1.89987 1.0474
-1.61507 2.16194 -0.786425 2.08128 1.89987 1.0474
-1.61575 2.16186 -0.787667 2.08128 1.89987 1.0474
-1.61643 2.16177 -0.78894 2.08128 1.89987 1.0474
-1.61711 2.16167 -0.79024 2.08128 1.89987 1.0474
-1.61778 2.16157 -0.791568 2.08128 1.89987 1.0474
-1.61846 2.16147 -0.792922 2.08128 1.89987 1.0474
-1.61914 2.16135 -0.7943 2.08128 1.89987 1.0474
-1.61981 2.16124 -0.795702 2.08128 1.89987 1.0474
-1.62049 2.16112 -0.797125 2.08128 1.89987 1.0474
-1.62117 2.16099 -0.798569 2.08128 1.89987 1.0474
-1.62184 2.16086 -0.800033 2.08128 1.89987 1.0474
-1.62252 2.16073 -0.801514 2.08128 1.89987 1.0474
-1.62319 2.1606 -0.803013 2.08128 1.89987 1.0474
-1.62387 2.16046 -0.804527 2.08128 1.89987 1.0474
-1.62454 2.16031 -0.806055 2.08128 1.89987 1.0474
-1.62488 2.16024 -0.806825 2.08128 1.89987 1.0474
-1.62522 2.16017 -0.807596 2.08128 1.89987 1.0474
-1.62555 2.1601 -0.808372 2.08128 1.89987 1.0474
-1.62589 2.16002 -0.809149 2.08128 1.89987 1.0474
-1.62623 2.15995 -0.80993 2.08128 1.89987 1.0474
-1.62657 2.15987 -0.810712 2.08128 1.89987 1.0474
-1.6269 2.1598 -0.811498 2.08128 1.89987 1.0474
-1.62724 2.15972 -0.812284 2.08128 1.89987 1.0474
-1.62758 2.15964 -0.813073 2.08128 1.89987 1.0474
-1.62791 2.15957 -0.813863 2.08128 1.89987 1.0474
-1.62825 2.15949 -0.814657 2.08128 1.89987 1.0474
-1.62859 2.15941 -0.81545 2.08128 1.89987 1.0474
-1.62893 2.15934 -0.816245 2.08128 1.89987 1.0474
-1.62926 2.15926 -0.817041 2.08128 1.89987 1.0474
-1.6296 2.15918 -0.817839 2.08128 1.89987 1.0474
-1.62994 2.1591 -0.818636 2.08128 1.89987 1.0474
-1.63027 2.15902 -0.819435 2.08128 1.89987 1.0474
-1.63061 2.15895 -0.820234 2.08128 1.89987 1.0474
-1.63095 2.15887 -0.821034 2.08128 1.89987 1.0474
-1.63128 2.15879 -0.821833 2.08128 1.89987 1.0474
-1.63162 2.15871 -0.822633 2.08128 1.89987 1.0474
-1.63196 2.15863 -0.823433 2.08128 1.89987 1.0474
-1.63229 2.15855 -0.824233 2.08128 1.89987 1.0474
-1.63263 2.15847 -0.825032 2.08128 1.89987 1.0474
-1.63297 2.1584 -0.825833 2.08128 1.89987 1.0474
-1.63331 2.15832 -0.826634 2.08128 1.89987 1.0474
-1.63364 2.15824 -0.827435 2.08128 1.89987 1.0474
-1.63398 2.15816 -0.828237 2.08128 1.89987 1.0474
-1.63465 2.158 -0.829842 2.08128 1.89987 1.0474
-1.63499 2.15792 -0.830647 2.08128 1.89987 1.0474
-1.63533 2.15784 -0.831451 2.08128 1.89987 1.0474
-1.63566 2.15776 -0.832258 2.08128 1.89987 1.0474
-1.636 2.15768 -0.833064 2.08128 1.89987 1.0474
-1.63634 2.1576 -0.833873 2.08128 1.89987 1.0474
-1.63667 2.15752 -0.834681 2.08128 1.89987 1.0474
-1.63701 2.15744 -0.835492 2.08128 1.89987 1.0474
-1.63735 2.15736 -0.836304 2.08128 1.89987 1.0474
-1.63768 2.15728 -0.837118 2.08128 1.89987 1.0474
-1.63802 2.1572 -0.837932 2.08128 1.89987 1.0474
-1.63836 2.15711 -0.838749 2.08128 1.89987 1.0474
-1.63869 2.15703 -0.839567 2.08128 1.89987 1.0474
-1.63903 2.15695 -0.840388 2.08128 1.89987 1.0474
-1.63937 2.15687 -0.841208 2.08128 1.89987 1.0474
-1.6397 2.15678 -0.842033 2.08128 1.89987 1.0474
-1.64004 2.1567 -0.842858 2.08128 1.89987 1.0474
-1.64038 2.15661 -0.843687 2.08128 1.89987 1.0474
-1.64071 2.15653 -0.844516 2.08128 1.89987 1.0474
-1.64105 2.15644 -0.845349 2.08128 1.89987 1.0474
-1.64139 2.15636 -0.846183 2.08128 1.89987 1.0474
-1.64172 2.15627 -0.847021 2.08128 1.89987 1.0474
-1.64206 2.15619 -0.84786 2.08128 1.89987 1.0474
-1.6424 2.1561 -0.848703 2.08128 1.89987 1.0474
-1.64273 2.15601 -0.849547 2.08128 1.89987 1.0474
-1.64307 2.15592 -0.850396 2.08128 1.89987 1.0474
-1.6434 2.15583 -0.851245 2.08128 1.89987 1.0474
-1.64374 2.15574 -0.8521 2.08128 1.89987 1.0474
-1.64408 2.15565 -0.852954 2.08128 1.89987 1.0474
-1.64441 2.15556 -0.853815 2.08128 1.89987 1.0474
-1.64475 2.15547 -0.854676 2.08128 1.89987 1.0474
-1.64509 2.15538 -0.855544 2.08128 1.89987 1.0474
-1.64542 2.15529 -0.856411 2.08128 1.89987 1.0474
-1.64576 2.15519 -0.857285 2.08128 1.89987 1.0474
-1.64609 2.1551 -0.85816 2.08128 1.89987 1.0474
-1.64643 2.155 -0.859041 2.08128 1.89987 1.0474
-1.64676 2.15491 -0.859922 2.08128 1.89987 1.0474
-1.6471 2.15481 -0.860811 2.08128 1.89987 1.0474
-1.64744 2.15471 -0.8617 2.08128 1.89987 1.0474
-1.64777 2.15462 -0.862596 2.08128 1.89987 1.0474
-1.64811 2.15452 -0.863493 2.08128 1.89987 1.0474
-1.64844 2.15442 -0.864397 2.08128 1.89987 1.0474
-1.64878 2.15432 -0.865302 2.08128 1.89987 1.0474
-1.64911 2.15421 -0.866215 2.08128 1.89987 1.0474
-1.64945 2.15411 -0.867128 2.08128 1.89987 1.0474
-1.64978 2.15401 -0.868049 2.08128 1.89987 1.0474
-1.65012 2.15391 -0.868971 2.08128 1.89987 1.0474
-1.65046 2.1538 -0.869902 2.08128 1.89987 1.0474
-1.65079 2.15369 -0.870833 2.08128 1.89987 1.0474
-1.65113 2.15359 -0.871773 2.08128 1.89987 1.0474
-1.65146 2.15348 -0.872713 2.08128 1.89987 1.0474
-1.6518 2.15337 -0.873663 2.08128 1.89987 1.0474
-1.65213 2.15326 -0.874612 2.08128 1.89987 1.0474
-1.65246 2.15315 -0.875572 2.08128 1.89987 1.0474
-1.6528 2.15304 -0.876532 2.08128 1.89987 1.0474
-1.65313 2.15292 -0.877502 2.08128 1.89987 1.0474
-1.65347 2.15281 -0.878472 2.08128 1.89987 1.0474
-1.6538 2.15269 -0.879453 2.08128 1.89987 1.0474
-1.65414 2.15258 -0.880433 2.08128 1.89987 1.0474
-1.65447 2.15246 -0.881423 2.08128 1.89987 1.0474
-1.65481 2.15234 -0.882412 2.08128 1.89987 1.0474
-1.65514 2.15222 -0.883412 2.08128 1.89987 1.0474
-1.65548 2.1521 -0.884411 2.08128 1.89987 1.0474
-1.65581 2.15198 -0.885419 2.08128 1.89987 1.0474
-1.65614 2.15186 -0.886427 2.08128 1.89987 1.0474
-1.65648 2.15173 -0.887444 2.08128 1.89987 1.0474
-1.65681 2.15161 -0.888461 2.08128 1.89987 1.0474
-1.65715 2.15149 -0.889487 2.08128 1.89987 1.0474
-1.65748 2.15136 -0.890512 2.08128 1.89987 1.0474
-1.65781 2.15123 -0.891546 2.08128 1.89987 1.0474
-1.65815 2.15111 -0.892579 2.08128 1.89987 1.0474
-1.65848 2.15098 -0.89362 2.08128 1.89987 1.0474
-1.65881 2.15085 -0.894661 2.08128 1.89987 1.0474
-1.65915 2.15072 -0.89571 2.08128 1.89987 1.0474
-1.65948 2.15059 -0.896759 2.08128 1.89987 1.0474
-1.65982 2.15046 -0.897814 2.08128 1.89987 1.0474
-1.66015 2.15033 -0.89887 2.08128 1.89987 1.0474
-1.66048 2.15019 -0.899933 2.08128 1.89987 1.0474
-1.66082 2.15006 -0.900995 2.08128 1.89987 1.0474
-1.66115 2.14993 -0.902064 2.08128 1.89987 1.0474
-1.66148 2.14979 -0.903133 2.08128 1.89987 1.0474
-1.66182 2.14966 -0.904208 2.08128 1.89987 1.0474
-1.66215 2.14952 -0.905283 2.08128 1.89987 1.0474
-1.66248 2.14938 -0.906364 2.08128 1.89987 1.0474
-1.66281 2.14925 -0.907445 2.08128 1.89987 1.0474
-1.66315 2.14911 -0.908532 2.08128 1.89987 1.0474
-1.66348 2.14897 -0.909618 2.08128 1.89987 1.0474
-1.66381 2.14883 -0.91071 2.08128 1.89987 1.0474
-1.66415 2.14869 -0.911801 2.08128 1.89987 1.0474
-1.66448 2.14855 -0.912898 2.08128 1.89987 1.0474
-1.66481 2.14841 -0.913994 2.08128 1.89987 1.0474
-1.66515 2.14827 -0.915095 2.08128 1.89987 1.0474
-1.66548 2.14813 -0.916196 2.08128 1.89987 1.0474
-1.66581 2.14799 -0.917301 2.08128 1.89987 1.0474
-1.66614 2.14785 -0.918407 2.08128 1.89987 1.0474
-1.66648 2.14771 -0.919516 2.08128 1.89987 1.0474
-1.66681 2.14756 -0.920625 2.08128 1.89987 1.0474
-1.66714 2.14742 -0.921737 2.08128 1.89987 1.0474
-1.66748 2.14728 -0.92285 2.08128 1.89987 1.0474
-1.66781 2.14713 -0.923966 2.08128 1.89987 1.0474
-1.66814 2.14699 -0.925082 2.08128 1.89987 1.0474
-1.66847 2.14684 -0.9262 2.08128 1.89987 1.0474
-1.66881 2.1467 -0.927319 2.08128 1.89987 1.0474
-1.66914 2.14656 -0.92844 2.08128 1.89987 1.0474
-1.66947 2.14641 -0.929562 2.08128 1.89987 1.0474
-1.6698 2.14626 -0.930685 2.08128 1.89987 1.0474
-1.67014 2.14612 -0.931809 2.08128 1.89987 1.0474
-1.67047 2.14597 -0.932934 2.08128 1.89987 1.0474
-1.6708 2.14583 -0.93406 2.08128 1.89987 1.0474
-1.67113 2.14568 -0.935187 2.08128 1.89987 1.0474
-1.67147 2.14553 -0.936314 2.08128 1.89987 1.0474
-1.6718 2.14539 -0.937442 2.08128 1.89987 1.0474
-1.67213 2.14524 -0.938571 2.08128 1.89987 1.0474
-1.67246 2.14509 -0.9397 2.08128 1.89987 1.0474
-1.6728 2.14495 -0.94083 2.08128 1.89987 1.0474
-1.67313 2.1448 -0.94196 2.08128 1.89987 1.0474
-1.67346 2.14465 -0.94309 2.08128 1.89987 1.0474
-1.67379 2.14451 -0.94422 2.08128 1.89987 1.0474
-1.67413 2.14436 -0.945351 2.08128 1.89987 1.0474
-1.67446 2.14421 -0.946481 2.08128 1.89987 1.0474
-1.67479 2.14407 -0.947611 2.08128 1.89987 1.0474
-1.67512 2.14392 -0.948742 2.08128 1.89987 1.0474
-1.67546 2.14377 -0.949872 2.08128 1.89987 1.0474
-1.67579 2.14363 -0.951002 2.08128 1.89987 1.0474
-1.67612 2.14348 -0.952133 2.08128 1.89987 1.0474
-1.67645 2.14333 -0.953263 2.08128 1.89987 1.0474
-1.67679 2.14318 -0.954393 2.08128 1.89987 1.0474
-1.67712 2.14304 -0.955524 2.08128 1.89987 1.0474
-1.67745 2.14289 -0.956654 2.08128 1.89987 1.0474
-1.67778 2.14274 -0.957784 2.08128 1.89987 1.0474
-1.67812 2.1426 -0.958915 2.08128 1.89987 1.0474
-1.67845 2.14245 -0.960045 2.08128 1.89987 1.0474
-1.67878 2.1423 -0.961176 2.08128 1.89987 1.0474
-1.67911 2.14216 -0.962306 2.08128 1.89987 1.0474
-1.67945 2.14201 -0.963436 2.08128 1.89987 1.0474
-1.67978 2.14186 -0.964567 2.08128 1.89987 1.0474
-1.68011 2.14171 -0.965697 2.08128 1.89987 1.0474
-1.68044 2.14157 -0.966827 2.08128 1.89987 1.0474
-1.68078 2.14142 -0.967958 2.08128 1.89987 1.0474
-1.68144 2.14113 -0.970218 2.08128 1.89987 1.0474
-1.68177 2.14098 -0.971349 2.08128 1.89987 1.0474
-1.68211 2.14083 -0.972479 2.08128 1.89987 1.0474
-1.68277 2.14054 -0.97474 2.08128 1.89987 1.0474
-1.6831 2.14039 -0.97587 2.08128 1.89987 1.0474
-1.68344 2.14025 -0.977001 2.08128 1.89987 1.0474
-1.6841 2.13995 -0.979261 2.08128 1.89987 1.0474
-1.68443 2.1398 -0.980392 2.08128 1.89987 1.0474
-1.68477 2.13966 -0.981522 2.08128 1.89987 1.0474
-1.68543 2.13936 -0.983783 2.08128 1.89987 1.0474
-1.68576 2.13922 -0.984913 2.08128 1.89987 1.0474
-1.6861 2.13907 -0.986044 2.08128 1.89987 1.0474
-1.68676 2.13878 -0.988304 2.08128 1.89987 1.0474
-1.68709 2.13863 -0.989435 2.08128 1.89987 1.0474
-1.68743 2.13848 -0.990565 2.08128 1.89987 1.0474
-1.68809 2.13819 -0.992826 2.08128 1.89987 1.0474
-1.68842 2.13804 -0.993956 2.08128 1.89987 1.0474
-1.68876 2.13789 -0.995086 2.08128 1.89987 1.0474
-1.68942 2.1376 -0.997347 2.08128 1.89987 1.0474
-1.68975 2.13745 -0.998478 2.08128 1.89987 1.0474
-1.69009 2.13731 -0.999608 2.08128 1.89987 1.0474
-1.69075 2.13701 -1.00187 2.08128 1.89987 1.0474
-1.69108 2.13686 -1.003 2.08128 1.89987 1.0474
-1.69142 2.13672 -1.00413 2.08128 1.89987 1.0474
-1.69208 2.13642 -1.00639 2.08128 1.89987 1.0474
-1.69241 2.13628 -1.00752 2.08128 1.89987 1.0474
-1.69275 2.13613 -1.00865 2.08128 1.89987 1.0474
-1.69341 2.13584 -1.01091 2.08128 1.89987 1.0474
-1.69374 2.13569 -1.01204 2.08128 1.89987 1.0474
-1.69408 2.13554 -1.01317 2.08128 1.89987 1.0474
-1.69474 2.13525 -1.01543 2.08128 1.89987 1.0474
-1.69541 2.13495 -1.01769 2.08128 1.89987 1.0474
-1.69541 2.13495 -1.01769 2.08128 1.89987 1.0474
-1.69541 2.13493 -1.01771 2.0804 1.90002 1.04762
-1.69541 2.13491 -1.01772 2.07952 1.90018 1.04785
-1.69541 2.1349 -1.01774 2.07864 1.90033 1.04807
-1.69541 2.13488 -1.01776 2.07776 1.90048 1.04829
-1.69541 2.13486 -1.01778 2.07688 1.90063 1.04851
-1.69541 2.13485 -1.01779 2.076 1.90079 1.04874
-1.69541 2.13483 -1.01781 2.07511 1.90094 1.04896
-1.69541 2.13481 -1.01783 2.07423 1.90109 1.04918
-1.69541 2.13479 -1.01785 2.07335 1.90125 1.04941
-1.69541 2.13478 -1.01786 2.07247 1.9014 1.04963
-1.69541 2.13476 -1.01788 2.07159 1.90155 1.04985
-1.69541 2.13474 -1.0179 2.07071 1.9017 1.05007
-1.69541 2.13472 -1.01792 2.06983 1.90186 1.0503
-1.69541 2.13471 -1.01793 2.06895 1.90201 1.05052
-1.69541 2.13469 -1.01795 2.06807 1.90216 1.05074
-1.69541 2.13467 -1.01797 2.06719 1.90232 1.05097
-1.69541 2.13465 -1.01799 2.06631 1.90247 1.05119
-1.69541 2.13464 -1.018 2.06543 1.90262 1.05141
-1.69541 2.13462 -1.01802 2.06454 1.90277 1.05163
-1.69541 2.1346 -1.01804 2.06366 1.90293 1.05186
-1.69541 2.13458 -1.01806 2.06278 1.90308 1.05208
-1.69541 2.13457 -1.01807 2.0619 1.90323 1.0523
-1.69541 2.13455 -1.01809 2.06102 1.90339 1.05253
-1.69541 2.13453 -1.01811 2.06014 1.90354 1.05275
-1.69541 2.13451 -1.01813 2.05926 1.90369 1.05297
-1.69541 2.1345 -1.01814 2.05838 1.90384 1.05319
-1.69541 2.13448 -1.01816 2.0575 1.904 1.05342
-1.69541 2.13446 -1.01818 2.05662 1.90415 1.05364
-1.69541 2.13444 -1.0182 2.05574 1.9043 1.05386
-1.69541 2.13443 -1.01821 2.05486 1.90446 1.05409
-1.69541 2.13441 -1.01823 2.05398 1.90461 1.05431
-1.69541 2.13439 -1.01825 2.05309 1.90476 1.05453
-1.69541 2.13437 -1.01827 2.05221 1.90491 1.05475
-1.69541 2.13436 -1.01828 2.05133 1.90507 1.05498
-1.69541 2.13434 -1.0183 2.05045 1.90522 1.0552
-1.69541 2.13432 -1.01832 2.04957 1.90537 1.05542
-1.69541 2.1343 -1.01834 2.04869 1.90553 1.05565
-1.69541 2.13429 -1.01835 2.04781 1.90568 1.05587
-1.69541 2.13427 -1.01837 2.04693 1.90583 1.05609
-1.69541 2.13425 -1.01839 2.04605 1.90599 1.05631
-1.69541 2.13423 -1.01841 2.04517 1.90614 1.05654
-1.69541 2.13422 -1.01842 2.04429 1.90629 1.05676
-1.69541 2.1342 -1.01844 2.04341 1.90644 1.05698
-1.69541 2.13418 -1.01846 2.04253 1.9066 1.05721
-1.69541 2.13416 -1.01848 2.04164 1.90675 1.05743
-1.69541 2.13415 -1.01849 2.04076 1.9069 1.05765
-1.69541 2.13413 -1.01851 2.03988 1.90706 1.05787
-1.69541 2.13411 -1.01853 2.039 1.90721 1.0581
-1.69541 2.13409 -1.01855 2.03812 1.90736 1.05832
-1.69541 2.13408 -1.01856 2.03724 1.90751 1.05854
-1.69541 2.13406 -1.01858 2.03636 1.90767 1.05877
-1.69541 2.13404 -1.0186 2.03548 1.90782 1.05899
-1.69541 2.13402 -1.01862 2.0346 1.90797 1.05921
-1.69541 2.13401 -1.01863 2.03372 1.90813 1.05943
-1.69541 2.13399 -1.01865 2.03284 1.90828 1.05966
-1.69541 2.13397 -1.01867 2.03196 1.90843 1.05988
-1.69541 2.13395 -1.01869 2.03107 1.90858 1.0601
-1.69541 2.13394 -1.0187 2.03019 1.90874 1.06033
-1.69541 2.13392 -1.01872 2.02931 1.90889 1.06055
-1.69541 2.1339 -1.01874 2.02843 1.90904 1.06077
-1.69541 2.13388 -1.01876 2.02755 1.9092 1.06099
-1.69541 2.13387 -1.01877 2.02667 1.90935 1.06122
-1.69541 2.13385 -1.01879 2.02579 1.9095 1.06144
-1.69541 2.13383 -1.01881 2.02491 1.90965 1.06166
-1.69541 2.13381 -1.01883 2.02403 1.90981 1.06189
-1.69541 2.1338 -1.01884 2.02315 1.90996 1.06211
-1.69541 2.13378 -1.01886 2.02227 1.91011 1.06233
-1.69541 2.13376 -1.01888 2.02139 1.91027 1.06255
-1.69541 2.13374 -1.0189 2.02051 1.91042 1.06278
-1.69541 2.13373 -1.01891 2.01962 1.91057 1.063
-1.69541 2.13371 -1.01893 2.01874 1.91072 1.06322
-1.69541 2.13369 -1.01895 2.01786 1.91088 1.06345
-1.69541 2.13367 -1.01897 2.01698 1.91103 1.06367
-1.69541 2.13366 -1.01898 2.0161 1.91118 1.06389
-1.69541 2.13364 -1.019 2.01522 1.91134 1.06411
-1.69541 2.13362 -1.01902 2.01434 1.91149 1.06434
-1.69541 2.13361 -1.01904 2.01346 1.91164 1.06456
-1.69541 2.13359 -1.01905 2.01258 1.91179 1.06478
-1.69541 2.13357 -1.01907 2.0117 1.91195 1.06501
-1.69541 2.13355 -1.01909 2.01082 1.9121 1.06523
-1.69541 2.13354 -1.01911 2.00994 1.91225 1.06545
-1.69541 2.13352 -1.01912 2.00905 1.91241 1.06567
-1.69541 2.1335 -1.01914 2.00817 1.91256 1.0659
-1.69541 2.13348 -1.01916 2.00729 1.91271 1.06612
-1.69541 2.13347 -1.01918 2.00641 1.91286 1.06634
-1.69541 2.13345 -1.01919 2.00553 1.91302 1.06657
-1.69541 2.13343 -1.01921 2.00465 1.91317 1.06679
-1.69541 2.13341 -1.01923 2.00377 1.91332 1.06701
-1.69541 2.1334 -1.01925 2.00289 1.91348 1.06723
-1.69541 2.13338 -1.01926 2.00201 1.91363 1.06746
-1.69541 2.13336 -1.01928 2.00113 1.91378 1.06768
-1.69541 2.13334 -1.0193 2.00025 1.91393 1.0679
-1.69541 2.13333 -1.01932 1.99937 1.91409 1.06813
-1.69541 2.13331 -1.01933 1.99849 1.91424 1.06835
-1.69541 2.13329 -1.01935 1.9976 1.91439 1.06857
-1.69541 2.13327 -1.01937 1.99672 1.91455 1.0688
-1.69541 2.13326 -1.01938 1.99584 1.9147 1.06902
-1.69541 2.13324 -1.0194 1.99496 1.91485 1.06924
-1.69541 2.13322 -1.01942 1.99408 1.915 1.06946
-1.69541 2.1332 -1.01944 1.9932 1.91516 1.06969
-1.69541 2.13319 -1.01945 1.99232 1.91531 1.06991
-1.69541 2.13317 -1.01947 1.99144 1.91546 1.07013
-1.69541 2.13315 -1.01949 1.99056 1.91562 1.07036
-1.69541 2.13313 -1.01951 1.98968 1.91577 1.07058
-1.69541 2.13312 -1.01952 1.9888 1.91592 1.0708
-1.69541 2.1331 -1.01954 1.98792 1.91607 1.07102
-1.69541 2.13308 -1.01956 1.98703 1.91623 1.07125
-1.69541 2.13306 -1.01958 1.98615 1.91638 1.07147
-1.69541 2.13305 -1.01959 1.98527 1.91653 1.07169
-1.69541 2.13303 -1.01961 1.98439 1.91669 1.07192
-1.69541 2.13301 -1.01963 1.98351 1.91684 1.07214
-1.69541 2.13299 -1.01965 1.98263 1.91699 1.07236
-1.69541 2.13298 -1.01966 1.98175 1.91714 1.07258
-1.69541 2.13296 -1.01968 1.98087 1.9173 1.07281
-1.69541 2.13294 -1.0197 1.97999 1.91745 1.07303
-1.69541 2.13292 -1.01972 1.97911 1.9176 1.07325
-1.69541 2.13291 -1.01973 1.97823 1.91776 1.07348
-1.69541 2.13289 -1.01975 1.97735 1.91791 1.0737
-1.69541 2.13287 -1.01977 1.97647 1.91806 1.07392
-1.69541 2.13285 -1.01979 1.97558 1.91821 1.07414
-1.69541 2.13284 -1.0198 1.9747 1.91837 1.07437
-1.69541 2.13282 -1.01982 1.97382 1.91852 1.07459
-1.69541 2.1328 -1.01984 1.97294 1.91867 1.07481
-1.69541 2.13278 -1.01986 1.97206 1.91883 1.07504
-1.69541 2.13277 -1.01987 1.97118 1.91898 1.07526
-1.69541 2.13275 -1.01989 1.9703 1.91913 1.07548
-1.69541 2.13273 -1.01991 1.96942 1.91929 1.0757
-1.69541 2.13271 -1.01993 1.96854 1.91944 1.07593
-1.69541 2.1327 -1.01994 1.96766 1.91959 1.07615
-1.69541 2.13268 -1.01996 1.96678 1.91974 1.07637
-1.69541 2.13266 -1.01998 1.9659 1.9199 1.0766
-1.69541 2.13264 -1.02 1.96502 1.92005 1.07682
-1.69541 2.13263 -1.02001 1.96413 1.9202 1.07704
-1.69541 2.13261 -1.02003 1.96325 1.92036 1.07726
-1.69541 2.13259 -1.02005 1.96237 1.92051 1.07749
-1.69541 2.13257 -1.02007 1.96149 1.92066 1.07771
-1.69541 2.13256 -1.02008 1.96061 1.92081 1.07793
-1.69541 2.13254 -1.0201 1.95973 1.92097 1.07816
-1.69541 2.13252 -1.02012 1.95885 1.92112 1.07838
-1.69541 2.1325 -1.02014 1.95797 1.92127 1.0786
-1.69541 2.13249 -1.02015 1.95709 1.92143 1.07882
-1.69541 2.13247 -1.02017 1.95621 1.92158 1.07905
-1.69541 2.13245 -1.02019 1.95533 1.92173 1.07927
-1.69541 2.13243 -1.02021 1.95445 1.92188 1.07949
-1.69541 2.13242 -1.02022 1.95356 1.92204 1.07972
-1.69541 2.1324 -1.02024 1.95268 1.92219 1.07994
-1.69541 2.13238 -1.02026 1.9518 1.92234 1.08016
-1.69541 2.13236 -1.02028 1.95092 1.9225 1.08038
-1.69541 2.13235 -1.02029 1.95004 1.92265 1.08061
-1.69541 2.13233 -1.02031 1.94916 1.9228 1.08083
-1.69541 2.13231 -1.02033 1.94828 1.92295 1.08105
-1.69541 2.1323 -1.02035 1.9474 1.92311 1.08128
-1.69541 2.13228 -1.02036 1.94652 1.92326 1.0815
-1.69541 2.13226 -1.02038 1.94564 1.92341 1.08172
-1.69541 2.13224 -1.0204 1.94476 1.92357 1.08194
-1.69541 2.13223 -1.02042 1.94388 1.92372 1.08217
-1.69541 2.13221 -1.02043 1.943 1.92387 1.08239
-1.69541 2.13219 -1.02045 1.94211 1.92402 1.08261
-1.69541 2.13217 -1.02047 1.94123 1.92418 1.08284
-1.69541 2.13216 -1.02049 1.94035 1.92433 1.08306
-1.69541 2.13214 -1.0205 1.93947 1.92448 1.08328
-1.69541 2.13212 -1.02052 1.93859 1.92464 1.0835
-1.69541 2.1321 -1.02054 1.93771 1.92479 1.08373
-1.69541 2.13209 -1.02056 1.93683 1.92494 1.08395
-1.69541 2.13207 -1.02057 1.93595 1.92509 1.08417
-1.69541 2.13205 -1.02059 1.93507 1.92525 1.0844
-1.69541 2.13203 -1.02061 1.93419 1.9254 1.08462
-1.69541 2.13202 -1.02063 1.93331 1.92555 1.08484
-1.69541 2.132 -1.02064 1.93243 1.92571 1.08506
-1.69541 2.13198 -1.02066 1.93154 1.92586 1.08529
-1.69541 2.13196 -1.02068 1.93066 1.92601 1.08551
-1.69541 2.13195 -1.0207 1.92978 1.92616 1.08573
-1.69541 2.13193 -1.02071 1.9289 1.92632 1.08596
-1.69541 2.13191 -1.02073 1.92802 1.92647 1.08618
-1.69541 2.13189 -1.02075 1.92714 1.92662 1.0864
-1.69541 2.13188 -1.02077 1.92626 1.92678 1.08662
-1.69541 2.13186 -1.02078 1.92538 1.92693 1.08685
-1.69541 2.13184 -1.0208 1.9245 1.92708 1.08707
-1.69541 2.13182 -1.02082 1.92362 1.92723 1.08729
-1.69541 2.13181 -1.02084 1.92274 1.92739 1.08752
-1.69541 2.13179 -1.02085 1.92186 1.92754 1.08774
-1.69541 2.13177 -1.02087 1.92098 1.92769 1.08796
-1.69541 2.13175 -1.02089 1.92009 1.92785 1.08818
-1.69541 2.13174 -1.02091 1.91921 1.928 1.08841
-1.69541 2.13172 -1.02092 1.91833 1.92815 1.08863
-1.69541 2.1317 -1.02094 1.91745 1.9283 1.08885
-1.69541 2.13168 -1.02096 1.91657 1.92846 1.08908
-1.69541 2.13167 -1.02098 1.91569 1.92861 1.0893
-1.69541 2.13165 -1.02099 1.91481 1.92876 1.08952
-1.69541 2.13163 -1.02101 1.91393 1.92892 1.08974
-1.69541 2.13161 -1.02103 1.91305 1.92907 1.08997
-1.69541 2.1316 -1.02105 1.91217 1.92922 1.09019
-1.69541 2.13158 -1.02106 1.91129 1.92937 1.09041
-1.69541 2.13156 -1.02108 1.91041 1.92953 1.09064
-1.69541 2.13154 -1.0211 1.90953 1.92968 1.09086
-1.69541 2.13153 -1.02111 1.90864 1.92983 1.09108
-1.69541 2.13151 -1.02113 1.90776 1.92999 1.0913
-1.69541 2.13149 -1.02115 1.90688 1.93014 1.09153
-1.69541 2.13147 -1.02117 1.906 1.93029 1.09175
-1.69541 2.13146 -1.02118 1.90512 1.93044 1.09197
-1.69541 2.13144 -1.0212 1.90424 1.9306 1.0922
-1.69541 2.13142 -1.02122 1.90336 1.93075 1.09242
-1.69541 2.1314 -1.02124 1.90248 1.9309 1.09264
-1.69541 2.13139 -1.02125 1.9016 1.93106 1.09286
-1.69541 2.13137 -1.02127 1.90072 1.93121 1.09309
-1.69541 2.13135 -1.02129 1.89984 1.93136 1.09331
-1.69541 2.13133 -1.02131 1.89896 1.93152 1.09353
-1.69541 2.13132 -1.02132 1.89807 1.93167 1.09376
-1.69541 2.1313 -1.02134 1.89719 1.93182 1.09398
-1.69541 2.13128 -1.02136 1.89631 1.93197 1.0942
-1.69541 2.13126 -1.02138 1.89543 1.93213 1.09442
-1.69541 2.13125 -1.02139 1.89455 1.93228 1.09465
-1.69541 2.13123 -1.02141 1.89367 1.93243 1.09487
-1.69541 2.13121 -1.02143 1.89279 1.93259 1.09509
-1.69541 2.13119 -1.02145 1.89191 1.93274 1.09532
-1.69541 2.13118 -1.02146 1.89103 1.93289 1.09554
-1.69541 2.13116 -1.02148 1.89015 1.93304 1.09576
-1.69541 2.13114 -1.0215 1.88927 1.9332 1.09598
-1.69541 2.13112 -1.02152 1.88839 1.93335 1.09621
-1.69541 2.13111 -1.02153 1.88751 1.9335 1.09643
-1.69541 2.13109 -1.02155 1.88662 1.93366 1.09665
-1.69541 2.13107 -1.02157 1.88574 1.93381 1.09688
-1.69541 2.13105 -1.02159 1.88486 1.93396 1.0971
-1.69541 2.13104 -1.0216 1.88398 1.93411 1.09732
-1.69541 2.13102 -1.02162 1.8831 1.93427 1.09754
-1.69541 2.131 -1.02164 1.88222 1.93442 1.09777
-1.69541 2.13099 -1.02166 1.88134 1.93457 1.09799
-1.69541 2.13097 -1.02167 1.88046 1.93473 1.09821
-1.69541 2.13095 -1.02169 1.87958 1.93488 1.09844
-1.69541 2.13093 -1.02171 1.8787 1.93503 1.09866
-1.69541 2.13092 -1.02173 1.87782 1.93518 1.09888
-1.69541 2.1309 -1.02174 1.87694 1.93534 1.0991
-1.69541 2.13088 -1.02176 1.87605 1.93549 1.09933
-1.69541 2.13086 -1.02178 1.87517 1.93564 1.09955
-1.69541 2.13085 -1.0218 1.87429 1.9358 1.09977
-1.69541 2.13083 -1.02181 1.87341 1.93595 1.1
-1.69541 2.13081 -1.02183 1.87253 1.9361 1.10022
-1.69541 2.13079 -1.02185 1.87165 1.93625 1.10044
-1.69541 2.13078 -1.02187 1.87077 1.93641 1.10066
-1.69541 2.13076 -1.02188 1.86989 1.93656 1.10089
-1.69541 2.13074 -1.0219 1.86901 1.93671 1.10111
-1.69541 2.13072 -1.02192 1.86813 1.93687 1.10133
-1.69541 2.13071 -1.02194 1.86725 1.93702 1.10156
-1.69541 2.13069 -1.02195 1.86637 1.93717 1.10178
-1.69541 2.13067 -1.02197 1.86549 1.93732 1.102
-1.69541 2.13065 -1.02199 1.8646 1.93748 1.10222
-1.69541 2.13064 -1.02201 1.86372 1.93763 1.10245
-1.69541 2.13062 -1.02202 1.86284 1.93778 1.10267
-1.69541 2.1306 -1.02204 1.86196 1.93794 1.10289
-1.69541 2.13058 -1.02206 1.86108 1.93809 1.10312
-1.69541 2.13057 -1.02208 1.8602 1.93824 1.10334
-1.69541 2.13055 -1.02209 1.85932 1.93839 1.10356
-1.69541 2.13053 -1.02211 1.85844 1.93855 1.10378
-1.69541 2.13051 -1.02213 1.85756 1.9387 1.10401
-1.69541 2.1305 -1.02215 1.85668 1.93885 1.10423
-1.69541 2.13048 -1.02216 1.8558 1.93901 1.10445
-1.69541 2.13046 -1.02218 1.85492 1.93916 1.10468
-1.69541 2.13044 -1.0222 1.85404 1.93931 1.1049
-1.69541 2.13043 -1.02222 1.85315 1.93946 1.10512
-1.69541 2.13041 -1.02223 1.85227 1.93962 1.10534
-1.69541 2.13039 -1.02225 1.85139 1.93977 1.10557
-1.69541 2.13037 -1.02227 1.85051 1.93992 1.10579
-1.69541 2.13036 -1.02229 1.84963 1.94008 1.10601
-1.69541 2.13034 -1.0223 1.84875 1.94023 1.10624
-1.69541 2.13032 -1.02232 1.84787 1.94038 1.10646
-1.69541 2.1303 -1.02234 1.84699 1.94053 1.10668
-1.69541 2.13029 -1.02236 1.84611 1.94069 1.1069
-1.69541 2.13027 -1.02237 1.84523 1.94084 1.10713
-1.69541 2.13025 -1.02239 1.84435 1.94099 1.10735
-1.69541 2.13023 -1.02241 1.84347 1.94115 1.10757
-1.69541 2.13022 -1.02243 1.84258 1.9413 1.1078
-1.69541 2.1302 -1.02244 1.8417 1.94145 1.10802
-1.69541 2.13018 -1.02246 1.84082 1.9416 1.10824
-1.69541 2.13016 -1.02248 1.83994 1.94176 1.10847
-1.69541 2.13015 -1.0225 1.83906 1.94191 1.10869
-1.69541 2.13013 -1.02251 1.83818 1.94206 1.10891
-1.69541 2.13011 -1.02253 1.8373 1.94222 1.10913
-1.69541 2.13009 -1.02255 1.83642 1.94237 1.10936
-1.69541 2.13008 -1.02257 1.83554 1.94252 1.10958
-1.69541 2.13006 -1.02258 1.83466 1.94267 1.1098
-1.69541 2.13004 -1.0226 1.83378 1.94283 1.11003
-1.69541 2.13002 -1.02262 1.8329 1.94298 1.11025
-1.69541 2.13001 -1.02264 1.83202 1.94313 1.11047
-1.69541 2.12999 -1.02265 1.83113 1.94329 1.11069
-1.69541 2.12997 -1.02267 1.83025 1.94344 1.11092
-1.69541 2.12995 -1.02269 1.82937 1.94359 1.11114
-1.69541 2.12994 -1.02271 1.82849 1.94374 1.11136
-1.69541 2.12992 -1.02272 1.82761 1.9439 1.11159
-1.69541 2.1299 -1.02274 1.82673 1.94405 1.11181
-1.69541 2.12988 -1.02276 1.82585 1.9442 1.11203
-1.69541 2.12987 -1.02278 1.82497 1.94436 1.11225
-1.69541 2.12985 -1.02279 1.82409 1.94451 1.11248
-1.69541 2.12983 -1.02281 1.82321 1.94466 1.1127
-1.69541 2.12981 -1.02283 1.82233 1.94482 1.11292
-1.69541 2.1298 -1.02284 1.82145 1.94497 1.11315
-1.69541 2.12978 -1.02286 1.82056 1.94512 1.11337
-1.69541 2.12976 -1.02288 1.81968 1.94527 1.11359
-1.69541 2.12974 -1.0229 1.8188 1.94543 1.11381
-1.69541 2.12973 -1.02291 1.81792 1.94558 1.11404
-1.69541 2.12971 -1.02293 1.81704 1.94573 1.11426
-1.69541 2.12969 -1.02295 1.81616 1.94589 1.11448
-1.69541 2.12968 -1.02297 1.81528 1.94604 1.11471
-1.69541 2.12966 -1.02298 1.8144 1.94619 1.11493
-1.69541 2.12964 -1.023 1.81352 1.94634 1.11515
-1.69541 2.12962 -1.02302 1.81264 1.9465 1.11537
-1.69541 2.12961 -1.02304 1.81176 1.94665 1.1156
-1.69541 2.12959 -1.02305 1.81088 1.9468 1.11582
-1.69541 2.12957 -1.02307 1.81 1.94696 1.11604
-1.69541 2.12955 -1.02309 1.80911 1.94711 1.11627
-1.69541 2.12954 -1.02311 1.80823 1.94726 1.11649
-1.69541 2.12952 -1.02312 1.80735 1.94741 1.11671
-1.69541 2.1295 -1.02314 1.80647 1.94757 1.11693
-1.69541 2.12948 -1.02316 1.80559 1.94772 1.11716
-1.69541 2.12947 -1.02318 1.80471 1.94787 1.11738
-1.69541 2.12945 -1.02319 1.80383 1.94803 1.1176
-1.69541 2.12943 -1.02321 1.80295 1.94818 1.11783
-1.69541 2.12941 -1.02323 1.80207 1.94833 1.11805
-1.69541 2.1294 -1.02325 1.80119 1.94848 1.11827
-1.69541 2.12938 -1.02326 1.80031 1.94864 1.11849
-1.69541 2.12936 -1.02328 1.79943 1.94879 1.11872
-1.69541 2.12934 -1.0233 1.79855 1.94894 1.11894
-1.69541 2.12933 -1.02332 1.79766 1.9491 1.11916
-1.69541 2.12931 -1.02333 1.79678 1.94925 1.11939
-1.69541 2.12929 -1.02335 1.7959 1.9494 1.11961
-1.69541 2.12927 -1.02337 1.79502 1.94955 1.11983
-1.69541 2.12926 -1.02339 1.79414 1.94971 1.12005
-1.69541 2.12924 -1.0234 1.79326 1.94986 1.12028
-1.69541 2.12922 -1.02342 1.79238 1.95001 1.1205
-1.69541 2.1292 -1.02344 1.7915 1.95017 1.12072
-1.69541 2.12919 -1.02346 1.79062 1.95032 1.12095
-1.69541 2.12917 -1.02347 1.78974 1.95047 1.12117
-1.69541 2.12915 -1.02349 1.78886 1.95062 1.12139
-1.69541 2.12913 -1.02351 1.78798 1.95078 1.12161
-1.69541 2.12912 -1.02353 1.78709 1.95093 1.12184
-1.69541 2.1291 -1.02354 1.78621 1.95108 1.12206
-1.69541 2.12908 -1.02356 1.78533 1.95124 1.12228
-1.69541 2.12906 -1.02358 1.78445 1.95139 1.12251
-1.69541 2.12905 -1.0236 1.78357 1.95154 1.12273
-1.69541 2.12903 -1.02361 1.78269 1.95169 1.12295
-1.69541 2.12901 -1.02363 1.78181 1.95185 1.12317
-1.69541 2.12899 -1.02365 1.78093 1.952 1.1234
-1.69541 2.12898 -1.02367 1.78005 1.95215 1.12362
-1.69541 2.12896 -1.02368 1.77917 1.95231 1.12384
-1.69541 2.12894 -1.0237 1.77829 1.95246 1.12407
-1.69541 2.12892 -1.02372 1.77741 1.95261 1.12429
-1.69541 2.12891 -1.02374 1.77653 1.95276 1.12451
-1.69541 2.12889 -1.02375 1.77564 1.95292 1.12473
-1.69541 2.12887 -1.02377 1.77476 1.95307 1.12496
-1.69541 2.12885 -1.02379 1.77388 1.95322 1.12518
-1.69541 2.12884 -1.02381 1.773 1.95338 1.1254
-1.69541 2.12882 -1.02382 1.77212 1.95353 1.12563
-1.69541 2.1288 -1.02384 1.77124 1.95368 1.12585
-1.69541 2.12878 -1.02386 1.77036 1.95383 1.12607
-1.69541 2.12877 -1.02388 1.76948 1.95399 1.12629
-1.69541 2.12875 -1.02389 1.7686 1.95414 1.12652
-1.69541 2.12873 -1.02391 1.76772 1.95429 1.12674
-1.69541 2.12871 -1.02393 1.76684 1.95445 1.12696
-1.69541 2.1287 -1.02395 1.76596 1.9546 1.12719
-1.69541 2.12868 -1.02396 1.76507 1.95475 1.12741
-1.69541 2.12866 -1.02398 1.76419 1.9549 1.12763
-1.69541 2.12864 -1.024 1.76331 1.95506 1.12785
-1.69541 2.12863 -1.02402 1.76243 1.95521 1.12808
-1.69541 2.12861 -1.02403 1.76155 1.95536 1.1283
-1.69541 2.12859 -1.02405 1.76067 1.95552 1.12852
-1.69541 2.12857 -1.02407 1.75979 1.95567 1.12875
-1.69541 2.12856 -1.02409 1.75891 1.95582 1.12897
-1.69541 2.12854 -1.0241 1.75803 1.95597 1.12919
-1.69541 2.12852 -1.02412 1.75715 1.95613 1.12941
-1.69541 2.1285 -1.02414 1.75627 1.95628 1.12964
-1.69541 2.12849 -1.02416 1.75539 1.95643 1.12986
-1.69541 2.12847 -1.02417 1.75451 1.95659 1.13008
-1.69541 2.12845 -1.02419 1.75362 1.95674 1.13031
-1.69541 2.12843 -1.02421 1.75274 1.95689 1.13053
-1.69541 2.12842 -1.02423 1.75186 1.95705 1.13075
-1.69541 2.1284 -1.02424 1.75098 1.9572 1.13097
-1.69541 2.12838 -1.02426 1.7501 1.95735 1.1312
-1.69541 2.12837 -1.02428 1.74922 1.9575 1.13142
-1.69541 2.12835 -1.0243 1.74834 1.95766 1.13164
-1.69541 2.12833 -1.02431 1.74746 1.95781 1.13187
-1.69541 2.12831 -1.02433 1.74658 1.95796 1.13209
-1.69541 2.1283 -1.02435 1.7457 1.95812 1.13231
-1.69541 2.12828 -1.02437 1.74482 1.95827 1.13253
-1.69541 2.12826 -1.02438 1.74394 1.95842 1.13276
-1.69541 2.12824 -1.0244 1.74305 1.95857 1.13298
-1.69541 2.12823 -1.02442 1.74217 1.95873 1.1332
-1.69541 2.12821 -1.02444 1.74129 1.95888 1.13343
-1.69541 2.12819 -1.02445 1.74041 1.95903 1.13365
-1.69541 2.12817 -1.02447 1.73953 1.95919 1.13387
-1.69541 2.12816 -1.02449 1.73865 1.95934 1.13409
-1.69541 2.12814 -1.02451 1.73777 1.95949 1.13432
-1.69541 2.12812 -1.02452 1.73689 1.95964 1.13454
-1.69541 2.1281 -1.02454 1.73601 1.9598 1.13476
-1.69541 2.12809 -1.02456 1.73513 1.95995 1.13499
-1.69541 2.12807 -1.02457 1.73425 1.9601 1.13521
-1.69541 2.12805 -1.02459 1.73337 1.96026 1.13543
-1.69541 2.12803 -1.02461 1.73249 1.96041 1.13565
-1.69541 2.12802 -1.02463 1.7316 1.96056 1.13588
-1.69541 2.128 -1.02464 1.73072 1.96071 1.1361
-1.69541 2.12798 -1.02466 1.72984 1.96087 1.13632
-1.69541 2.12796 -1.02468 1.72896 1.96102 1.13655
-1.69541 2.12795 -1.0247 1.72808 1.96117 1.13677
-1.69541 2.12793 -1.02471 1.7272 1.96133 1.13699
-1.69541 2.12791 -1.02473 1.72632 1.96148 1.13721
-1.69541 2.12789 -1.02475 1.72544 1.96163 1.13744
-1.69541 2.12788 -1.02477 1.72456 1.96178 1.13766
-1.69541 2.12786 -1.02478 1.72368 1.96194 1.13788
-1.69541 2.12784 -1.0248 1.7228 1.96209 1.13811
-1.69541 2.12782 -1.02482 1.72192 1.96224 1.13833
-1.69541 2.12781 -1.02484 1.72104 1.9624 1.13855
-1.69541 2.12779 -1.02485 1.72015 1.96255 1.13877
-1.69541 2.12777 -1.02487 1.71927 1.9627 1.139
-1.69541 2.12775 -1.02489 1.71839 1.96285 1.13922
-1.69541 2.12774 -1.02491 1.71751 1.96301 1.13944
-1.69541 2.12772 -1.02492 1.71663 1.96316 1.13967
-1.69541 2.1277 -1.02494 1.71575 1.96331 1.13989
-1.69541 2.12768 -1.02496 1.71487 1.96347 1.14011
-1.69541 2.12767 -1.02498 1.71399 1.96362 1.14033
-1.69541 2.12765 -1.02499 1.71311 1.96377 1.14056
-1.69541 2.12763 -1.02501 1.71223 1.96392 1.14078
-1.69541 2.12761 -1.02503 1.71135 1.96408 1.141
-1.69541 2.1276 -1.02505 1.71047 1.96423 1.14123
-1.69541 2.12758 -1.02506 1.70958 1.96438 1.14145
-1.69541 2.12756 -1.02508 1.7087 1.96454 1.14167
-1.69541 2.12754 -1.0251 1.70782 1.96469 1.14189
-1.69541 2.12753 -1.02512 1.70694 1.96484 1.14212
-1.69541 2.12751 -1.02513 1.70606 1.96499 1.14234
-1.69541 2.12749 -1.02515 1.70518 1.96515 1.14256
-1.69541 2.12747 -1.02517 1.7043 1.9653 1.14279
-1.69541 2.12746 -1.02519 1.70342 1.96545 1.14301
-1.69541 2.12744 -1.0252 1.70254 1.96561 1.14323
-1.69541 2.12742 -1.02522 1.70166 1.96576 1.14345
-1.69541 2.1274 -1.02524 1.70078 1.96591 1.14368
-1.69541 2.12739 -1.02526 1.6999 1.96606 1.1439
-1.69541 2.12737 -1.02527 1.69902 1.96622 1.14412
-1.69541 2.12735 -1.02529 1.69813 1.96637 1.14435
-1.69541 2.12733 -1.02531 1.69725 1.96652 1.14457
-1.69541 2.12732 -1.02533 1.69637 1.96668 1.14479
-1.69541 2.1273 -1.02534 1.69549 1.96683 1.14501
-1.69541 2.12728 -1.02536 1.69461 1.96698 1.14524
-1.69541 2.12726 -1.02538 1.69373 1.96713 1.14546
-1.69541 2.12725 -1.0254 1.69285 1.96729 1.14568
-1.69541 2.12723 -1.02541 1.69197 1.96744 1.14591
-1.69541 2.12721 -1.02543 1.69109 1.96759 1.14613
-1.69541 2.12719 -1.02545 1.69021 1.96775 1.14635
-1.69541 2.12718 -1.02547 1.68933 1.9679 1.14657
-1.69541 2.12716 -1.02548 1.68845 1.96805 1.1468
-1.69541 2.12714 -1.0255 1.68756 1.9682 1.14702
-1.69541 2.12712 -1.02552 1.68668 1.96836 1.14724
-1.69541 2.12711 -1.02554 1.6858 1.96851 1.14747
-1.69541 2.12709 -1.02555 1.68492 1.96866 1.14769
-1.69541 2.12707 -1.02557 1.68404 1.96882 1.14791
-1.69541 2.12706 -1.02559 1.68316 1.96897 1.14813
-1.69541 2.12704 -1.02561 1.68228 1.96912 1.14836
-1.69541 2.12702 -1.02562 1.6814 1.96928 1.14858
-1.69541 2.127 -1.02564 1.68052 1.96943 1.1488
-1.69541 2.12699 -1.02566 1.67964 1.96958 1.14903
-1.69541 2.12697 -1.02568 1.67876 1.96973 1.14925
-1.69541 2.12695 -1.02569 1.67788 1.96989 1.14947
-1.69541 2.12693 -1.02571 1.677 1.97004 1.1497
-1.69541 2.12692 -1.02573 1.67611 1.97019 1.14992
-1.69541 2.1269 -1.02575 1.67523 1.97035 1.15014
-1.69541 2.12688 -1.02576 1.67435 1.9705 1.15036
-1.69541 2.12686 -1.02578 1.67347 1.97065 1.15059
-1.69541 2.12685 -1.0258 1.67259 1.9708 1.15081
-1.69541 2.12683 -1.02582 1.67171 1.97096 1.15103
-1.69541 2.12681 -1.02583 1.67083 1.97111 1.15126
-1.69541 2.12679 -1.02585 1.66995 1.97126 1.15148
-1.69541 2.12678 -1.02587 1.66907 1.97142 1.1517
-1.69541 2.12676 -1.02589 1.66819 1.97157 1.15192
-1.69541 2.12674 -1.0259 1.66731 1.97172 1.15215
-1.69541 2.12672 -1.02592 1.66643 1.97187 1.15237
-1.69541 2.12671 -1.02594 1.66555 1.97203 1.15259
-1.69541 2.12669 -1.02596 1.66466 1.97218 1.15282
-1.69541 2.12667 -1.02597 1.66378 1.97233 1.15304
-1.69541 2.12665 -1.02599 1.6629 1.97249 1.15326
-1.69541 2.12664 -1.02601 1.66202 1.97264 1.15348
-1.69541 2.12662 -1.02603 1.66114 1.97279 1.15371
-1.69541 2.1266 -1.02604 1.66026 1.97294 1.15393
-1.69541 2.12658 -1.02606 1.65938 1.9731 1.15415
-1.69541 2.12657 -1.02608 1.6585 1.97325 1.15438
-1.69541 2.12655 -1.0261 1.65762 1.9734 1.1546
-1.69541 2.12653 -1.02611 1.65674 1.97356 1.15482
-1.69541 2.12651 -1.02613 1.65586 1.97371 1.15504
-1.69541 2.1265 -1.02615 1.65498 1.97386 1.15527
-1.69541 2.12648 -1.02617 1.65409 1.97401 1.15549
-1.69541 2.12646 -1.02618 1.65321 1.97417 1.15571
-1.69541 2.12644 -1.0262 1.65233 1.97432 1.15594
-1.69541 2.12643 -1.02622 1.65145 1.97447 1.15616
-1.69541 2.12641 -1.02623 1.65057 1.97463 1.15638
-1.69541 2.12639 -1.02625 1.64969 1.97478 1.1566
-1.69541 2.12637 -1.02627 1.64881 1.97493 1.15683
-1.69541 2.12636 -1.02629 1.64793 1.97508 1.15705
-1.69541 2.12634 -1.0263 1.64705 1.97524 1.15727
-1.69541 2.12632 -1.02632 1.64617 1.97539 1.1575
-1.69541 2.1263 -1.02634 1.64529 1.97554 1.15772
-1.69541 2.12629 -1.02636 1.64441 1.9757 1.15794
-1.69541 2.12627 -1.02637 1.64353 1.97585 1.15816
-1.69541 2.12625 -1.02639 1.64264 1.976 1.15839
-1.69541 2.12623 -1.02641 1.64176 1.97615 1.15861
-1.69541 2.12622 -1.02643 1.64088 1.97631 1.15883
-1.69541 2.1262 -1.02644 1.64 1.97646 1.15906
-1.69541 2.12618 -1.02646 1.63912 1.97661 1.15928
-1.69541 2.12616 -1.02648 1.63824 1.97677 1.1595
-1.69541 2.12615 -1.0265 1.63736 1.97692 1.15972
-1.69541 2.12613 -1.02651 1.63648 1.97707 1.15995
-1.69541 2.12611 -1.02653 1.6356 1.97722 1.16017
-1.69541 2.12609 -1.02655 1.63472 1.97738 1.16039
-1.69541 2.12608 -1.02657 1.63384 1.97753 1.16062
-1.69541 2.12606 -1.02658 1.63296 1.97768 1.16084
-1.69541 2.12604 -1.0266 1.63207 1.97784 1.16106
-1.69541 2.12602 -1.02662 1.63119 1.97799 1.16128
-1.69541 2.12601 -1.02664 1.63031 1.97814 1.16151
-1.69541 2.12599 -1.02665 1.62943 1.97829 1.16173
-1.69541 2.12597 -1.02667 1.62855 1.97845 1.16195
-1.69541 2.12595 -1.02669 1.62767 1.9786 1.16218
-1.69541 2.12594 -1.02671 1.62679 1.97875 1.1624
-1.69541 2.12592 -1.02672 1.62591 1.97891 1.16262
-1.69541 2.1259 -1.02674 1.62503 1.97906 1.16284
-1.69541 2.12588 -1.02676 1.62415 1.97921 1.16307
-1.69541 2.12587 -1.02678 1.62327 1.97936 1.16329
-1.69541 2.12585 -1.02679 1.62239 1.97952 1.16351
-1.69541 2.12583 -1.02681 1.62151 1.97967 1.16374
-1.69541 2.12581 -1.02683 1.62062 1.97982 1.16396
-1.69541 2.1258 -1.02685 1.61974 1.97998 1.16418
-1.69541 2.12578 -1.02686 1.61886 1.98013 1.1644
-1.69541 2.12576 -1.02688 1.61798 1.98028 1.16463
-1.69541 2.12575 -1.0269 1.6171 1.98043 1.16485
-1.69541 2.12573 -1.02692 1.61622 1.98059 1.16507
-1.69541 2.12571 -1.02693 1.61534 1.98074 1.1653
-1.69541 2.12569 -1.02695 1.61446 1.98089 1.16552
-1.69541 2.12568 -1.02697 1.61358 1.98105 1.16574
-1.69541 2.12566 -1.02699 1.6127 1.9812 1.16596
-1.69541 2.12564 -1.027 1.61182 1.98135 1.16619
-1.69541 2.12562 -1.02702 1.61094 1.9815 1.16641
-1.69541 2.12561 -1.02704 1.61006 1.98166 1.16663
-1.69541 2.12559 -1.02706 1.60917 1.98181 1.16686
-1.69541 2.12557 -1.02707 1.60829 1.98196 1.16708
-1.69541 2.12555 -1.02709 1.60741 1.98212 1.1673
-1.69541 2.12554 -1.02711 1.60653 1.98227 1.16752
-1.69541 2.12552 -1.02713 1.60565 1.98242 1.16775
-1.69541 2.1255 -1.02714 1.60477 1.98258 1.16797
-1.69541 2.12548 -1.02716 1.60389 1.98273 1.16819
-1.69541 2.12547 -1.02718 1.60301 1.98288 1.16842
-1.69541 2.12545 -1.0272 1.60213 1.98303 1.16864
-1.69541 2.12543 -1.02721 1.60125 1.98319 1.16886
-1.69541 2.12541 -1.02723 1.60037 1.98334 1.16908
-1.69541 2.1254 -1.02725 1.59949 1.98349 1.16931
-1.69541 2.12538 -1.02727 1.5986 1.98365 1.16953
-1.69541 2.12536 -1.02728 1.59772 1.9838 1.16975
-1.69541 2.12534 -1.0273 1.59684 1.98395 1.16998
-1.69541 2.12533 -1.02732 1.59596 1.9841 1.1702
-1.69541 2.12531 -1.02734 1.59508 1.98426 1.17042
-1.69541 2.12529 -1.02735 1.5942 1.98441 1.17064
-1.69541 2.12527 -1.02737 1.59332 1.98456 1.17087
-1.69541 2.12526 -1.02739 1.59244 1.98472 1.17109
-1.69541 2.12524 -1.02741 1.59156 1.98487 1.17131
-1.69541 2.12522 -1.02742 1.59068 1.98502 1.17154
-1.69541 2.1252 -1.02744 1.5898 1.98517 1.17176
-1.69541 2.12519 -1.02746 1.58892 1.98533 1.17198
-1.69541 2.12517 -1.02748 1.58804 1.98548 1.1722
-1.69541 2.12515 -1.02749 1.58715 1.98563 1.17243
-1.69541 2.12513 -1.02751 1.58627 1.98579 1.17265
-1.69541 2.12512 -1.02753 1.58539 1.98594 1.17287
-1.69541 2.1251 -1.02755 1.58451 1.98609 1.1731
-1.69541 2.12508 -1.02756 1.58363 1.98624 1.17332
-1.69541 2.12506 -1.02758 1.58275 1.9864 1.17354
-1.69541 2.12505 -1.0276 1.58187 1.98655 1.17376
-1.69541 2.12503 -1.02762 1.58099 1.9867 1.17399
-1.69541 2.12501 -1.02763 1.58011 1.98686 1.17421
-1.69541 2.12499 -1.02765 1.57923 1.98701 1.17443
-1.69541 2.12498 -1.02767 1.57835 1.98716 1.17466
-1.69541 2.12496 -1.02769 1.57747 1.98731 1.17488
-1.69541 2.12494 -1.0277 1.57658 1.98747 1.1751
-1.69541 2.12492 -1.02772 1.5757 1.98762 1.17532
-1.69541 2.12491 -1.02774 1.57482 1.98777 1.17555
-1.69541 2.12489 -1.02776 1.57394 1.98793 1.17577
-1.69541 2.12487 -1.02777 1.57306 1.98808 1.17599
-1.69541 2.12485 -1.02779 1.57218 1.98823 1.17622
-1.69541 2.12484 -1.02781 1.5713 1.98838 1.17644
-1.69541 2.12482 -1.02783 1.57042 1.98854 1.17666
-1.69541 2.1248 -1.02784 1.56954 1.98869 1.17688
-1.69541 2.12478 -1.02786 1.56866 1.98884 1.17711
-1.69541 2.12477 -1.02788 1.56778 1.989 1.17733
-1.69541 2.12475 -1.0279 1.5669 1.98915 1.17755
-1.69541 2.12473 -1.02791 1.56602 1.9893 1.17778
-1.69541 2.12471 -1.02793 1.56513 1.98945 1.178
-1.69541 2.1247 -1.02795 1.56425 1.98961 1.17822
-1.69541 2.12468 -1.02796 1.56337 1.98976 1.17844
-1.69541 2.12466 -1.02798 1.56249 1.98991 1.17867
-1.69541 2.12464 -1.028 1.56161 1.99007 1.17889
-1.69541 2.12463 -1.02802 1.56073 1.99022 1.17911
-1.69541 2.12461 -1.02803 1.55985 1.99037 1.17934
-1.69541 2.12459 -1.02805 1.55897 1.99052 1.17956
-1.69541 2.12457 -1.02807 1.55809 1.99068 1.17978
-1.69541 2.12456 -1.02809 1.55721 1.99083 1.18
-1.69541 2.12454 -1.0281 1.55633 1.99098 1.18023
-1.69541 2.12452 -1.02812 1.55545 1.99114 1.18045
-1.69541 2.12451 -1.02814 1.55456 1.99129 1.18067
-1.69541 2.12449 -1.02816 1.55368 1.99144 1.1809
-1.69541 2.12447 -1.02817 1.5528 1.99159 1.18112
-1.69541 2.12445 -1.02819 1.55192 1.99175 1.18134
-1.69541 2.12444 -1.02821 1.55104 1.9919 1.18156
-1.69541 2.12442 -1.02823 1.55016 1.99205 1.18179
-1.69541 2.1244 -1.02824 1.54928 1.99221 1.18201
-1.69541 2.12438 -1.02826 1.5484 1.99236 1.18223
-1.69541 2.12437 -1.02828 1.54752 1.99251 1.18246
-1.69541 2.12435 -1.0283 1.54664 1.99266 1.18268
-1.69541 2.12433 -1.02831 1.54576 1.99282 1.1829
-1.69541 2.12431 -1.02833 1.54488 1.99297 1.18312
-1.69541 2.1243 -1.02835 1.544 1.99312 1.18335
-1.69541 2.12428 -1.02837 1.54311 1.99328 1.18357
-1.69541 2.12426 -1.02838 1.54223 1.99343 1.18379
-1.69541 2.12424 -1.0284 1.54135 1.99358 1.18402
-1.69541 2.12423 -1.02842 1.54047 1.99373 1.18424
-1.69541 2.12421 -1.02844 1.53959 1.99389 1.18446
-1.69541 2.12419 -1.02845 1.53871 1.99404 1.18468
-1.69541 2.12417 -1.02847 1.53783 1.99419 1.18491
-1.69541 2.12416 -1.02849 1.53695 1.99435 1.18513
-1.69541 2.12414 -1.02851 1.53607 1.9945 1.18535
-1.69541 2.12412 -1.02852 1.53519 1.99465 1.18558
-1.69541 2.1241 -1.02854 1.53431 1.99481 1.1858
-1.69541 2.12409 -1.02856 1.53343 1.99496 1.18602
-1.69541 2.12407 -1.02858 1.53255 1.99511 1.18624
-1.69541 2.12405 -1.02859 1.53166 1.99526 1.18647
-1.69541 2.12403 -1.02861 1.53078 1.99542 1.18669
-1.69541 2.12402 -1.02863 1.5299 1.99557 1.18691
-1.69541 2.124 -1.02865 1.52902 1.99572 1.18714
-1.69541 2.12398 -1.02866 1.52814 1.99588 1.18736
-1.69541 2.12396 -1.02868 1.52726 1.99603 1.18758
-1.69541 2.12395 -1.0287 1.52638 1.99618 1.1878
-1.69541 2.12393 -1.02872 1.5255 1.99633 1.18803
-1.69541 2.12391 -1.02873 1.52462 1.99649 1.18825
-1.69541 2.12389 -1.02875 1.52374 1.99664 1.18847
-1.69541 2.12388 -1.02877 1.52286 1.99679 1.1887
-1.69541 2.12386 -1.02879 1.52198 1.99695 1.18892
-1.69541 2.12384 -1.0288 1.52109 1.9971 1.18914
-1.69541 2.12382 -1.02882 1.52021 1.99725 1.18937
-1.69541 2.12381 -1.02884 1.51933 1.9974 1.18959
-1.69541 2.12379 -1.02886 1.51845 1.99756 1.18981
-1.69541 2.12377 -1.02887 1.51757 1.99771 1.19003
-1.69541 2.12375 -1.02889 1.51669 1.99786 1.19026
-1.69541 2.12374 -1.02891 1.51581 1.99802 1.19048
-1.69541 2.12372 -1.02893 1.51493 1.99817 1.1907
-1.69541 2.1237 -1.02894 1.51405 1.99832 1.19093
-1.69541 2.12368 -1.02896 1.51317 1.99847 1.19115
-1.69541 2.12367 -1.02898 1.51229 1.99863 1.19137
-1.69541 2.12365 -1.029 1.51141 1.99878 1.19159
-1.69541 2.12363 -1.02901 1.51053 1.99893 1.19182
-1.69541 2.12361 -1.02903 1.50964 1.99909 1.19204
-1.69541 2.1236 -1.02905 1.50876 1.99924 1.19226
-1.69541 2.12358 -1.02907 1.50788 1.99939 1.19249
-1.69541 2.12356 -1.02908 1.507 1.99954 1.19271
-1.69541 2.12354 -1.0291 1.50612 1.9997 1.19293
-1.69541 2.12353 -1.02912 1.50524 1.99985 1.19315
-1.69541 2.12351 -1.02914 1.50436 2 1.19338
-1.69541 2.12349 -1.02915 1.50348 2.00016 1.1936
-1.69541 2.12347 -1.02917 1.5026 2.00031 1.19382
-1.69541 2.12346 -1.02919 1.50172 2.00046 1.19405
-1.69541 2.12344 -1.02921 1.50084 2.00061 1.19427
-1.69541 2.12342 -1.02922 1.49996 2.00077 1.19449
-1.69541 2.1234 -1.02924 1.49907 2.00092 1.19471
-1.69541 2.12339 -1.02926 1.49819 2.00107 1.19494
-1.69541 2.12337 -1.02928 1.49731 2.00123 1.19516
-1.69541 2.12335 -1.02929 1.49643 2.00138 1.19538
-1.69541 2.12333 -1.02931 1.49555 2.00153 1.19561
-1.69541 2.12332 -1.02933 1.49467 2.00168 1.19583
-1.69541 2.1233 -1.02935 1.49379 2.00184 1.19605
-1.69541 2.12328 -1.02936 1.49291 2.00199 1.19627
-1.69541 2.12326 -1.02938 1.49203 2.00214 1.1965
-1.69541 2.12325 -1.0294 1.49115 2.0023 1.19672
-1.69541 2.12323 -1.02942 1.49027 2.00245 1.19694
-1.69541 2.12321 -1.02943 1.48939 2.0026 1.19717
-1.69541 2.1232 -1.02945 1.48851 2.00275 1.19739
-1.69541 2.12318 -1.02947 1.48762 2.00291 1.19761
-1.69541 2.12316 -1.02949 1.48674 2.00306 1.19783
-1.69541 2.12314 -1.0295 1.48586 2.00321 1.19806
-1.69541 2.12313 -1.02952 1.48498 2.00337 1.19828
-1.69541 2.12311 -1.02954 1.4841 2.00352 1.1985
-1.69541 2.12309 -1.02956 1.48322 2.00367 1.19873
-1.69541 2.12307 -1.02957 1.48234 2.00382 1.19895
-1.69541 2.12306 -1.02959 1.48146 2.00398 1.19917
-1.69541 2.12304 -1.02961 1.48058 2.00413 1.19939
-1.69541 2.12302 -1.02963 1.4797 2.00428 1.19962
-1.69541 2.123 -1.02964 1.47882 2.00444 1.19984
-1.69541 2.12299 -1.02966 1.47794 2.00459 1.20006
-1.69541 2.12297 -1.02968 1.47706 2.00474 1.20029
-1.69541 2.12295 -1.02969 1.47617 2.00489 1.20051
-1.69541 2.12293 -1.02971 1.47529 2.00505 1.20073
-1.69541 2.12292 -1.02973 1.47441 2.0052 1.20095
-1.69541 2.1229 -1.02975 1.47353 2.00535 1.20118
-1.69541 2.12288 -1.02976 1.47265 2.00551 1.2014
-1.69541 2.12286 -1.02978 1.47177 2.00566 1.20162
-1.69541 2.12285 -1.0298 1.47089 2.00581 1.20185
-1.69541 2.12283 -1.02982 1.47001 2.00596 1.20207
-1.69541 2.12281 -1.02983 1.46913 2.00612 1.20229
-1.69541 2.12279 -1.02985 1.46825 2.00627 1.20251
-1.69541 2.12278 -1.02987 1.46737 2.00642 1.20274
-1.69541 2.12276 -1.02989 1.46649 2.00658 1.20296
-1.69541 2.12274 -1.0299 1.4656 2.00673 1.20318
-1.69541 2.12272 -1.02992 1.46472 2.00688 1.20341
-1.69541 2.12271 -1.02994 1.46384 2.00703 1.20363
-1.69541 2.12269 -1.02996 1.46296 2.00719 1.20385
-1.69541 2.12267 -1.02997 1.46208 2.00734 1.20407
-1.69541 2.12265 -1.02999 1.4612 2.00749 1.2043
-1.69541 2.12264 -1.03001 1.46032 2.00765 1.20452
-1.69541 2.12262 -1.03003 1.45944 2.0078 1.20474
-1.69541 2.1226 -1.03004 1.45856 2.00795 1.20497
-1.69541 2.12258 -1.03006 1.45768 2.00811 1.20519
-1.69541 2.12257 -1.03008 1.4568 2.00826 1.20541
-1.69541 2.12255 -1.0301 1.45592 2.00841 1.20563
-1.69541 2.12253 -1.03011 1.45504 2.00856 1.20586
-1.69541 2.12251 -1.03013 1.45415 2.00872 1.20608
-1.69541 2.1225 -1.03015 1.45327 2.00887 1.2063
-1.69541 2.12248 -1.03017 1.45239 2.00902 1.20653
-1.69541 2.12246 -1.03018 1.45151 2.00918 1.20675
-1.69541 2.12244 -1.0302 1.45063 2.00933 1.20697
-1.69541 2.12243 -1.03022 1.44975 2.00948 1.20719
-1.69541 2.12241 -1.03024 1.44887 2.00963 1.20742
-1.69541 2.12239 -1.03025 1.44799 2.00979 1.20764
-1.69541 2.12237 -1.03027 1.44711 2.00994 1.20786
-1.69541 2.12236 -1.03029 1.44623 2.01009 1.20809
-1.69541 2.12234 -1.03031 1.44535 2.01025 1.20831
-1.69541 2.12232 -1.03032 1.44447 2.0104 1.20853
-1.69541 2.1223 -1.03034 1.44358 2.01055 1.20875
-1.69541 2.12229 -1.03036 1.4427 2.0107 1.20898
-1.69541 2.12227 -1.03038 1.44182 2.01086 1.2092
-1.69541 2.12225 -1.03039 1.44094 2.01101 1.20942
-1.69541 2.12223 -1.03041 1.44006 2.01116 1.20965
-1.69541 2.12222 -1.03043 1.43918 2.01132 1.20987
-1.69541 2.1222 -1.03045 1.4383 2.01147 1.21009
-1.69541 2.12218 -1.03046 1.43742 2.01162 1.21031
-1.69541 2.12216 -1.03048 1.43654 2.01177 1.21054
-1.69541 2.12215 -1.0305 1.43566 2.01193 1.21076
-1.69541 2.12213 -1.03052 1.43478 2.01208 1.21098
-1.69541 2.12211 -1.03053 1.4339 2.01223 1.21121
-1.69541 2.12209 -1.03055 1.43302 2.01239 1.21143
-1.69541 2.12208 -1.03057 1.43213 2.01254 1.21165
-1.69541 2.12206 -1.03059 1.43125 2.01269 1.21187
-1.69541 2.12204 -1.0306 1.43037 2.01284 1.2121
-1.69541 2.12202 -1.03062 1.42949 2.013 1.21232
-1.69541 2.12201 -1.03064 1.42861 2.01315 1.21254
-1.69541 2.12199 -1.03066 1.42773 2.0133 1.21277
-1.69541 2.12197 -1.03067 1.42685 2.01346 1.21299
-1.69541 2.12195 -1.03069 1.42597 2.01361 1.21321
-1.69541 2.12194 -1.03071 1.42509 2.01376 1.21343
-1.69541 2.12192 -1.03073 1.42421 2.01391 1.21366
-1.69541 2.1219 -1.03074 1.42333 2.01407 1.21388
-1.69541 2.12189 -1.03076 1.42245 2.01422 1.2141
-1.69541 2.12187 -1.03078 1.42157 2.01437 1.21433
-1.69541 2.12185 -1.0308 1.42068 2.01453 1.21455
-1.69541 2.12183 -1.03081 1.4198 2.01468 1.21477
-1.69541 2.12182 -1.03083 1.41892 2.01483 1.21499
-1.69541 2.1218 -1.03085 1.41804 2.01498 1.21522
-1.69541 2.12178 -1.03087 1.41716 2.01514 1.21544
-1.69541 2.12176 -1.03088 1.41628 2.01529 1.21566
-1.69541 2.12175 -1.0309 1.4154 2.01544 1.21589
-1.69541 2.12173 -1.03092 1.41452 2.0156 1.21611
-1.69541 2.12171 -1.03094 1.41364 2.01575 1.21633
-1.69541 2.12169 -1.03095 1.41276 2.0159 1.21655
-1.69541 2.12168 -1.03097 1.41188 2.01605 1.21678
-1.69541 2.12166 -1.03099 1.411 2.01621 1.217
-1.69541 2.12164 -1.03101 1.41011 2.01636 1.21722
-1.69541 2.12162 -1.03102 1.40923 2.01651 1.21745
-1.69541 2.12161 -1.03104 1.40835 2.01667 1.21767
-1.69541 2.12159 -1.03106 1.40747 2.01682 1.21789
-1.69541 2.12157 -1.03108 1.40659 2.01697 1.21811
-1.69541 2.12155 -1.03109 1.40571 2.01712 1.21834
-1.69541 2.12154 -1.03111 1.40483 2.01728 1.21856
-1.69541 2.12152 -1.03113 1.40395 2.01743 1.21878
-1.69541 2.1215 -1.03115 1.40307 2.01758 1.21901
-1.69541 2.12148 -1.03116 1.40219 2.01774 1.21923
-1.69541 2.12147 -1.03118 1.40131 2.01789 1.21945
-1.69541 2.12145 -1.0312 1.40043 2.01804 1.21967
-1.69541 2.12143 -1.03122 1.39955 2.01819 1.2199
-1.69541 2.12141 -1.03123 1.39866 2.01835 1.22012
-1.69541 2.1214 -1.03125 1.39778 2.0185 1.22034
-1.69541 2.12138 -1.03127 1.3969 2.01865 1.22057
-1.69541 2.12136 -1.03129 1.39602 2.01881 1.22079
-1.69541 2.12134 -1.0313 1.39514 2.01896 1.22101
-1.69541 2.12133 -1.03132 1.39426 2.01911 1.22123
-1.69541 2.12131 -1.03134 1.39338 2.01926 1.22146
-1.69541 2.12129 -1.03136 1.3925 2.01942 1.22168
-1.69541 2.12127 -1.03137 1.39162 2.01957 1.2219
-1.69541 2.12126 -1.03139 1.39074 2.01972 1.22213
-1.69541 2.12124 -1.03141 1.38986 2.01988 1.22235
-1.69541 2.12122 -1.03142 1.38898 2.02003 1.22257
-1.69541 2.1212 -1.03144 1.38809 2.02018 1.22279
-1.69541 2.12119 -1.03146 1.38721 2.02034 1.22302
-1.69541 2.12117 -1.03148 1.38633 2.02049 1.22324
-1.69541 2.12115 -1.03149 1.38545 2.02064 1.22346
-1.69541 2.12113 -1.03151 1.38457 2.02079 1.22369
-1.69541 2.12112 -1.03153 1.38369 2.02095 1.22391
-1.69541 2.1211 -1.03155 1.38281 2.0211 1.22413
-1.69541 2.12108 -1.03156 1.38193 2.02125 1.22435
-1.69541 2.12106 -1.03158 1.38105 2.02141 1.22458
-1.69541 2.12105 -1.0316 1.38017 2.02156 1.2248
-1.69541 2.12103 -1.03162 1.37929 2.02171 1.22502
-1.69541 2.12101 -1.03163 1.37841 2.02186 1.22525
-1.69541 2.12099 -1.03165 1.37753 2.02202 1.22547
-1.69541 2.12098 -1.03167 1.37664 2.02217 1.22569
-1.69541 2.12096 -1.03169 1.37576 2.02232 1.22591
-1.69541 2.12094 -1.0317 1.37488 2.02248 1.22614
-1.69541 2.12092 -1.03172 1.374 2.02263 1.22636
-1.69541 2.12091 -1.03174 1.37312 2.02278 1.22658
-1.69541 2.12089 -1.03176 1.37224 2.02293 1.22681
-1.69541 2.12087 -1.03177 1.37136 2.02309 1.22703
-1.69541 2.12085 -1.03179 1.37048 2.02324 1.22725
-1.69541 2.12084 -1.03181 1.3696 2.02339 1.22747
-1.69541 2.12082 -1.03183 1.36872 2.02355 1.2277
-1.69541 2.1208 -1.03184 1.36784 2.0237 1.22792
-1.69541 2.12078 -1.03186 1.36696 2.02385 1.22814
-1.69541 2.12077 -1.03188 1.36607 2.024 1.22837
-1.69541 2.12075 -1.0319 1.36519 2.02416 1.22859
-1.69541 2.12073 -1.03191 1.36431 2.02431 1.22881
-1.69541 2.12071 -1.03193 1.36343 2.02446 1.22903
-1.69541 2.1207 -1.03195 1.36255 2.02462 1.22926
-1.69541 2.12068 -1.03197 1.36167 2.02477 1.22948
-1.69541 2.12066 -1.03198 1.36079 2.02492 1.2297
-1.69541 2.12064 -1.032 1.35991 2.02507 1.22993
-1.69541 2.12063 -1.03202 1.35903 2.02523 1.23015
-1.69541 2.12061 -1.03204 1.35815 2.02538 1.23037
-1.69541 2.12059 -1.03205 1.35727 2.02553 1.2306
-1.69541 2.12058 -1.03207 1.35639 2.02569 1.23082
-1.69541 2.12056 -1.03209 1.35551 2.02584 1.23104
-1.69541 2.12054 -1.03211 1.35462 2.02599 1.23126
-1.69541 2.12052 -1.03212 1.35374 2.02614 1.23149
-1.69541 2.12051 -1.03214 1.35286 2.0263 1.23171
-1.69541 2.12049 -1.03216 1.35198 2.02645 1.23193
-1.69541 2.12047 -1.03218 1.3511 2.0266 1.23216
-1.69541 2.12045 -1.03219 1.35022 2.02676 1.23238
-1.69541 2.12044 -1.03221 1.34934 2.02691 1.2326
-1.69541 2.12042 -1.03223 1.34846 2.02706 1.23282
-1.69541 2.1204 -1.03225 1.34758 2.02721 1.23305
-1.69541 2.12038 -1.03226 1.3467 2.02737 1.23327
-1.69541 2.12037 -1.03228 1.34582 2.02752 1.23349
-1.69541 2.12035 -1.0323 1.34494 2.02767 1.23372
-1.69541 2.12033 -1.03232 1.34406 2.02783 1.23394
-1.69541 2.12031 -1.03233 1.34317 2.02798 1.23416
-1.69541 2.1203 -1.03235 1.34229 2.02813 1.23438
-1.69541 2.12028 -1.03237 1.34141 2.02828 1.23461
-1.69541 2.12026 -1.03239 1.34053 2.02844 1.23483
-1.69541 2.12024 -1.0324 1.33965 2.02859 1.23505
-1.69541 2.12023 -1.03242 1.33877 2.02874 1.23528
-1.69541 2.12021 -1.03244 1.33789 2.0289 1.2355
-1.69541 2.12019 -1.03246 1.33701 2.02905 1.23572
-1.69541 2.12017 -1.03247 1.33613 2.0292 1.23594
-1.69541 2.12016 -1.03249 1.33525 2.02935 1.23617
-1.69541 2.12014 -1.03251 1.33437 2.02951 1.23639
-1.69541 2.12012 -1.03253 1.33349 2.02966 1.23661
-1.69541 2.1201 -1.03254 1.3326 2.02981 1.23684
-1.69541 2.12009 -1.03256 1.33172 2.02997 1.23706
-1.69541 2.12007 -1.03258 1.33084 2.03012 1.23728
-1.69541 2.12005 -1.0326 1.32996 2.03027 1.2375
-1.69541 2.12003 -1.03261 1.32908 2.03042 1.23773
-1.69541 2.12002 -1.03263 1.3282 2.03058 1.23795
-1.69541 2.12 -1.03265 1.32732 2.03073 1.23817
-1.69541 2.11998 -1.03267 1.32644 2.03088 1.2384
-1.69541 2.11996 -1.03268 1.32556 2.03104 1.23862
-1.69541 2.11995 -1.0327 1.32468 2.03119 1.23884
-1.69541 2.11993 -1.03272 1.3238 2.03134 1.23906
-1.69541 2.11991 -1.03274 1.32292 2.03149 1.23929
-1.69541 2.11989 -1.03275 1.32204 2.03165 1.23951
-1.69541 2.11988 -1.03277 1.32115 2.0318 1.23973
-1.69541 2.11986 -1.03279 1.32027 2.03195 1.23996
-1.69541 2.11984 -1.03281 1.31939 2.03211 1.24018
-1.69541 2.11982 -1.03282 1.31851 2.03226 1.2404
-1.69541 2.11981 -1.03284 1.31763 2.03241 1.24062
-1.69541 2.11979 -1.03286 1.31675 2.03257 1.24085
-1.69541 2.11977 -1.03288 1.31587 2.03272 1.24107
-1.69541 2.11975 -1.03289 1.31499 2.03287 1.24129
-1.69541 2.11974 -1.03291 1.31411 2.03302 1.24152
-1.69541 2.11972 -1.03293 1.31323 2.03318 1.24174
-1.69541 2.1197 -1.03295 1.31235 2.03333 1.24196
-1.69541 2.11968 -1.03296 1.31147 2.03348 1.24218
-1.69541 2.11967 -1.03298 1.31058 2.03364 1.24241
-1.69541 2.11965 -1.033 1.3097 2.03379 1.24263
-1.69541 2.11963 -1.03302 1.30882 2.03394 1.24285
-1.69541 2.11961 -1.03303 1.30794 2.03409 1.24308
-1.69541 2.1196 -1.03305 1.30706 2.03425 1.2433
-1.69541 2.11958 -1.03307 1.30618 2.0344 1.24352
-1.69541 2.11956 -1.03309 1.3053 2.03455 1.24374
-1.69541 2.11954 -1.0331 1.30442 2.03471 1.24397
-1.69541 2.11953 -1.03312 1.30354 2.03486 1.24419
-1.69541 2.11951 -1.03314 1.30266 2.03501 1.24441
-1.69541 2.11949 -1.03315 1.30178 2.03516 1.24464
-1.69541 2.11947 -1.03317 1.3009 2.03532 1.24486
-1.69541 2.11946 -1.03319 1.30002 2.03547 1.24508
-1.69541 2.11944 -1.03321 1.29913 2.03562 1.2453
-1.69541 2.11942 -1.03322 1.29825 2.03578 1.24553
-1.69541 2.1194 -1.03324 1.29737 2.03593 1.24575
-1.69541 2.11939 -1.03326 1.29649 2.03608 1.24597
-1.69541 2.11937 -1.03328 1.29561 2.03623 1.2462
-1.69541 2.11935 -1.03329 1.29473 2.03639 1.24642
-1.69541 2.11933 -1.03331 1.29385 2.03654 1.24664
-1.69541 2.11932 -1.03333 1.29297 2.03669 1.24686
-1.69541 2.1193 -1.03335 1.29209 2.03685 1.24709
-1.69541 2.11928 -1.03336 1.29121 2.037 1.24731
-1.69541 2.11927 -1.03338 1.29033 2.03715 1.24753
-1.69541 2.11925 -1.0334 1.28945 2.0373 1.24776
-1.69541 2.11923 -1.03342 1.28857 2.03746 1.24798
-1.69541 2.11921 -1.03343 1.28768 2.03761 1.2482
-1.69541 2.1192 -1.03345 1.2868 2.03776 1.24842
-1.69541 2.11918 -1.03347 1.28592 2.03792 1.24865
-1.69541 2.11916 -1.03349 1.28504 2.03807 1.24887
-1.69541 2.11914 -1.0335 1.28416 2.03822 1.24909
-1.69541 2.11913 -1.03352 1.28328 2.03837 1.24932
-1.69541 2.11911 -1.03354 1.2824 2.03853 1.24954
-1.69541 2.11909 -1.03356 1.28152 2.03868 1.24976
-1.69541 2.11907 -1.03357 1.28064 2.03883 1.24998
-1.69541 2.11906 -1.03359 1.27976 2.03899 1.25021
-1.69541 2.11904 -1.03361 1.27888 2.03914 1.25043
-1.69541 2.11902 -1.03363 1.278 2.03929 1.25065
-1.69541 2.119 -1.03364 1.27711 2.03944 1.25088
-1.69541 2.11899 -1.03366 1.27623 2.0396 1.2511
-1.69541 2.11897 -1.03368 1.27535 2.03975 1.25132
-1.69541 2.11895 -1.0337 1.27447 2.0399 1.25154
-1.69541 2.11893 -1.03371 1.27359 2.04006 1.25177
-1.69541 2.11892 -1.03373 1.27271 2.04021 1.25199
-1.69541 2.1189 -1.03375 1.27183 2.04036 1.25221
-1.69541 2.11888 -1.03377 1.27095 2.04051 1.25244
-1.69541 2.11886 -1.03378 1.27007 2.04067 1.25266
-1.69541 2.11885 -1.0338 1.26919 2.04082 1.25288
-1.69541 2.11883 -1.03382 1.26831 2.04097 1.2531
-1.69541 2.11881 -1.03384 1.26743 2.04113 1.25333
-1.69541 2.11879 -1.03385 1.26655 2.04128 1.25355
-1.69541 2.11878 -1.03387 1.26566 2.04143 1.25377
-1.69541 2.11876 -1.03389 1.26478 2.04158 1.254
-1.69541 2.11874 -1.03391 1.2639 2.04174 1.25422
-1.69541 2.11872 -1.03392 1.26302 2.04189 1.25444
-1.69541 2.11871 -1.03394 1.26214 2.04204 1.25466
-1.69541 2.11869 -1.03396 1.26126 2.0422 1.25489
-1.69541 2.11867 -1.03398 1.26038 2.04235 1.25511
-1.69541 2.11865 -1.03399 1.2595 2.0425 1.25533
-1.69541 2.11864 -1.03401 1.25862 2.04265 1.25556
-1.69541 2.11862 -1.03403 1.25774 2.04281 1.25578
-1.69541 2.1186 -1.03405 1.25686 2.04296 1.256
-1.69541 2.11858 -1.03406 1.25598 2.04311 1.25622
-1.69541 2.11857 -1.03408 1.25509 2.04327 1.25645
-1.69541 2.11855 -1.0341 1.25421 2.04342 1.25667
-1.69541 2.11853 -1.03412 1.25333 2.04357 1.25689
-1.69541 2.11851 -1.03413 1.25245 2.04372 1.25712
-1.69541 2.1185 -1.03415 1.25157 2.04388 1.25734
-1.69541 2.11848 -1.03417 1.25069 2.04403 1.25756
-1.69541 2.11846 -1.03419 1.24981 2.04418 1.25778
-1.69541 2.11844 -1.0342 1.24893 2.04434 1.25801
-1.69541 2.11843 -1.03422 1.24805 2.04449 1.25823
-1.69541 2.11841 -1.03424 1.24717 2.04464 1.25845
-1.69541 2.11839 -1.03426 1.24629 2.04479 1.25868
-1.69541 2.11837 -1.03427 1.24541 2.04495 1.2589
-1.69541 2.11836 -1.03429 1.24453 2.0451 1.25912
-1.69541 2.11834 -1.03431 1.24364 2.04525 1.25934
-1.69541 2.11832 -1.03433 1.24276 2.04541 1.25957
-1.69541 2.1183 -1.03434 1.24188 2.04556 1.25979
-1.69541 2.11829 -1.03436 1.241 2.04571 1.26001
-1.69541 2.11827 -1.03438 1.24012 2.04587 1.26024
-1.69541 2.11825 -1.0344 1.23924 2.04602 1.26046
-1.69541 2.11823 -1.03441 1.23836 2.04617 1.26068
-1.69541 2.11822 -1.03443 1.23748 2.04632 1.2609
-1.69541 2.1182 -1.03445 1.2366 2.04648 1.26113
-1.69541 2.11818 -1.03447 1.23572 2.04663 1.26135
-1.69541 2.11816 -1.03448 1.23484 2.04678 1.26157
-1.69541 2.11815 -1.0345 1.23396 2.04694 1.2618
-1.69541 2.11813 -1.03452 1.23308 2.04709 1.26202
-1.69541 2.11811 -1.03454 1.23219 2.04724 1.26224
-1.69541 2.11809 -1.03455 1.23131 2.04739 1.26246
-1.69541 2.11808 -1.03457 1.23043 2.04755 1.26269
-1.69541 2.11806 -1.03459 1.22955 2.0477 1.26291
-1.69541 2.11804 -1.03461 1.22867 2.04785 1.26313
-1.69541 2.11802 -1.03462 1.22779 2.04801 1.26336
-1.69541 2.11801 -1.03464 1.22691 2.04816 1.26358
-1.69541 2.11799 -1.03466 1.22603 2.04831 1.2638
-1.69541 2.11797 -1.03468 1.22515 2.04846 1.26402
-1.69541 2.11796 -1.03469 1.22427 2.04862 1.26425
-1.69541 2.11794 -1.03471 1.22339 2.04877 1.26447
-1.69541 2.11792 -1.03473 1.22251 2.04892 1.26469
-1.69541 2.1179 -1.03475 1.22162 2.04908 1.26492
-1.69541 2.11789 -1.03476 1.22074 2.04923 1.26514
-1.69541 2.11787 -1.03478 1.21986 2.04938 1.26536
-1.69541 2.11785 -1.0348 1.21898 2.04953 1.26558
-1.69541 2.11783 -1.03481 1.2181 2.04969 1.26581
-1.69541 2.11782 -1.03483 1.21722 2.04984 1.26603
-1.69541 2.1178 -1.03485 1.21634 2.04999 1.26625
-1.69541 2.11778 -1.03487 1.21546 2.05015 1.26648
-1.69541 2.11776 -1.03488 1.21458 2.0503 1.2667
-1.69541 2.11775 -1.0349 1.2137 2.05045 1.26692
-1.69541 2.11773 -1.03492 1.21282 2.0506 1.26714
-1.69541 2.11771 -1.03494 1.21194 2.05076 1.26737
-1.69541 2.11769 -1.03495 1.21106 2.05091 1.26759
-1.69541 2.11768 -1.03497 1.21017 2.05106 1.26781
-1.69541 2.11766 -1.03499 1.20929 2.05122 1.26804
-1.69541 2.11764 -1.03501 1.20841 2.05137 1.26826
-1.69541 2.11762 -1.03502 1.20753 2.05152 1.26848
-1.69541 2.11761 -1.03504 1.20665 2.05167 1.2687
-1.69541 2.11759 -1.03506 1.20577 2.05183 1.26893
-1.69541 2.11757 -1.03508 1.20489 2.05198 1.26915
-1.69541 2.11755 -1.03509 1.20401 2.05213 1.26937
-1.69541 2.11754 -1.03511 1.20313 2.05229 1.2696
-1.69541 2.11752 -1.03513 1.20225 2.05244 1.26982
-1.69541 2.1175 -1.03515 1.20137 2.05259 1.27004
