1.39865 1.90563 -1.90168 1.92118 0.786748 3.13634
1.39884 1.90562 -1.90081 1.92118 0.786748 3.13634
1.39904 1.90562 -1.89995 1.92118 0.786748 3.13634
1.39923 1.90561 -1.89908 1.92118 0.786748 3.13634
1.39942 1.9056 -1.89821 1.92118 0.786748 3.13634
1.39961 1.90559 -1.89735 1.92118 0.786748 3.13634
1.39981 1.90558 -1.89648 1.92118 0.786748 3.13634
1.4 1.90557 -1.89561 1.92118 0.786748 3.13634
1.40019 1.90556 -1.89475 1.92118 0.786748 3.13634
1.40038 1.90556 -1.89388 1.92118 0.786748 3.13634
1.40057 1.90555 -1.89301 1.92118 0.786748 3.13634
1.40077 1.90554 -1.89215 1.92118 0.786748 3.13634
1.40096 1.90553 -1.89128 1.92118 0.786748 3.13634
1.40115 1.90552 -1.89041 1.92118 0.786748 3.13634
1.40134 1.90551 -1.88955 1.92118 0.786748 3.13634
1.40154 1.9055 -1.88868 1.92118 0.786748 3.13634
1.40173 1.9055 -1.88781 1.92118 0.786748 3.13634
1.40192 1.90549 -1.88694 1.92118 0.786748 3.13634
1.40211 1.90548 -1.88608 1.92118 0.786748 3.13634
1.40231 1.90547 -1.88521 1.92118 0.786748 3.13634
1.4025 1.90546 -1.88434 1.92118 0.786748 3.13634
1.40269 1.90545 -1.88348 1.92118 0.786748 3.13634
1.40288 1.90544 -1.88261 1.92118 0.786748 3.13634
1.40307 1.90544 -1.88174 1.92118 0.786748 3.13634
1.40327 1.90543 -1.88088 1.92118 0.786748 3.13634
1.40346 1.90542 -1.88001 1.92118 0.786748 3.13634
1.40365 1.90541 -1.87914 1.92118 0.786748 3.13634
1.40384 1.9054 -1.87828 1.92118 0.786748 3.13634
1.40404 1.90539 -1.87741 1.92118 0.786748 3.13634
1.40423 1.90539 -1.87654 1.92118 0.786748 3.13634
1.40442 1.90538 -1.87568 1.92118 0.786748 3.13634
1.40461 1.90537 -1.87481 1.92118 0.786748 3.13634
1.40481 1.90536 -1.87394 1.92118 0.786748 3.13634
1.405 1.90535 -1.87308 1.92118 0.786748 3.13634
1.40519 1.90534 -1.87221 1.92118 0.786748 3.13634
1.40538 1.90533 -1.87134 1.92118 0.786748 3.13634
1.40557 1.90533 -1.87048 1.92118 0.786748 3.13634
1.40577 1.90532 -1.86961 1.92118 0.786748 3.13634
1.40596 1.90531 -1.86874 1.92118 0.786748 3.13634
1.40615 1.9053 -1.86787 1.92118 0.786748 3.13634
1.40634 1.90529 -1.86701 1.92118 0.786748 3.13634
1.40654 1.90528 -1.86614 1.92118 0.786748 3.13634
1.40673 1.90527 -1.86527 1.92118 0.786748 3.13634
1.40692 1.90527 -1.86441 1.92118 0.786748 3.13634
1.40711 1.90526 -1.86354 1.92118 0.786748 3.13634
1.40731 1.90525 -1.86267 1.92118 0.786748 3.13634
1.4075 1.90524 -1.86181 1.92118 0.786748 3.13634
1.40769 1.90523 -1.86094 1.92118 0.786748 3.13634
1.40788 1.90522 -1.86007 1.92118 0.786748 3.13634
1.40807 1.90521 -1.85921 1.92118 0.786748 3.13634
1.40827 1.90521 -1.85834 1.92118 0.786748 3.13634
1.40846 1.9052 -1.85747 1.92118 0.786748 3.13634
1.40865 1.90519 -1.85661 1.92118 0.786748 3.13634
1.40884 1.90518 -1.85574 1.92118 0.786748 3.13634
1.40904 1.90517 -1.85487 1.92118 0.786748 3.13634
1.40923 1.90516 -1.85401 1.92118 0.786748 3.13634
1.40942 1.90515 -1.85314 1.92118 0.786748 3.13634
1.40961 1.90515 -1.85227 1.92118 0.786748 3.13634
1.40981 1.90514 -1.8514 1.92118 0.786748 3.13634
1.41 1.90513 -1.85054 1.92118 0.786748 3.13634
1.41019 1.90512 -1.84967 1.92118 0.786748 3.13634
1.41038 1.90511 -1.8488 1.92118 0.786748 3.13634
1.41057 1.9051 -1.84794 1.92118 0.786748 3.13634
1.41077 1.9051 -1.84707 1.92118 0.786748 3.13634
1.41096 1.90509 -1.8462 1.92118 0.786748 3.13634
1.41115 1.90508 -1.84534 1.92118 0.786748 3.13634
1.41134 1.90507 -1.84447 1.92118 0.786748 3.13634
1.41154 1.90506 -1.8436 1.92118 0.786748 3.13634
1.41173 1.90505 -1.84274 1.92118 0.786748 3.13634
1.41192 1.90504 -1.84187 1.92118 0.786748 3.13634
1.41211 1.90504 -1.841 1.92118 0.786748 3.13634
1.41231 1.90503 -1.84014 1.92118 0.786748 3.13634
1.4125 1.90502 -1.83927 1.92118 0.786748 3.13634
1.41269 1.90501 -1.8384 1.92118 0.786748 3.13634
1.41288 1.905 -1.83754 1.92118 0.786748 3.13634
1.41307 1.90499 -1.83667 1.92118 0.786748 3.13634
1.41327 1.90498 -1.8358 1.92118 0.786748 3.13634
1.41346 1.90498 -1.83494 1.92118 0.786748 3.13634
1.41365 1.90497 -1.83407 1.92118 0.786748 3.13634
1.41384 1.90496 -1.8332 1.92118 0.786748 3.13634
1.41404 1.90495 -1.83233 1.92118 0.786748 3.13634
1.41423 1.90494 -1.83147 1.92118 0.786748 3.13634
1.41442 1.90493 -1.8306 1.92118 0.786748 3.13634
1.41461 1.90492 -1.82973 1.92118 0.786748 3.13634
1.41481 1.90492 -1.82887 1.92118 0.786748 3.13634
1.415 1.90491 -1.828 1.92118 0.786748 3.13634
1.41519 1.9049 -1.82713 1.92118 0.786748 3.13634
1.41538 1.90489 -1.82627 1.92118 0.786748 3.13634
1.41557 1.90488 -1.8254 1.92118 0.786748 3.13634
1.41577 1.90487 -1.82453 1.92118 0.786748 3.13634
1.41596 1.90486 -1.82367 1.92118 0.786748 3.13634
1.41615 1.90486 -1.8228 1.92118 0.786748 3.13634
1.41634 1.90485 -1.82193 1.92118 0.786748 3.13634
1.41654 1.90484 -1.82107 1.92118 0.786748 3.13634
1.41673 1.90483 -1.8202 1.92118 0.786748 3.13634
1.41692 1.90482 -1.81933 1.92118 0.786748 3.13634
1.41711 1.90481 -1.81847 1.92118 0.786748 3.13634
1.41731 1.90481 -1.8176 1.92118 0.786748 3.13634
1.4175 1.9048 -1.81673 1.92118 0.786748 3.13634
1.41769 1.90479 -1.81586 1.92118 0.786748 3.13634
1.41788 1.90478 -1.815 1.92118 0.786748 3.13634
1.41807 1.90477 -1.81413 1.92118 0.786748 3.13634
1.41827 1.90476 -1.81326 1.92118 0.786748 3.13634
1.41846 1.90475 -1.8124 1.92118 0.786748 3.13634
1.41865 1.90475 -1.81153 1.92118 0.786748 3.13634
1.41884 1.90474 -1.81066 1.92118 0.786748 3.13634
1.41904 1.90473 -1.8098 1.92118 0.786748 3.13634
1.41923 1.90472 -1.80893 1.92118 0.786748 3.13634
1.41942 1.90471 -1.80806 1.92118 0.786748 3.13634
1.41961 1.9047 -1.8072 1.92118 0.786748 3.13634
1.41981 1.90469 -1.80633 1.92118 0.786748 3.13634
1.42 1.90469 -1.80546 1.92118 0.786748 3.13634
1.42019 1.90468 -1.8046 1.92118 0.786748 3.13634
1.42038 1.90467 -1.80373 1.92118 0.786748 3.13634
1.42057 1.90466 -1.80286 1.92118 0.786748 3.13634
1.42077 1.90465 -1.802 1.92118 0.786748 3.13634
1.42096 1.90464 -1.80113 1.92118 0.786748 3.13634
1.42115 1.90463 -1.80026 1.92118 0.786748 3.13634
1.42134 1.90463 -1.7994 1.92118 0.786748 3.13634
1.42154 1.90462 -1.79853 1.92118 0.786748 3.13634
1.42173 1.90461 -1.79766 1.92118 0.786748 3.13634
1.42192 1.9046 -1.79679 1.92118 0.786748 3.13634
1.42211 1.90459 -1.79593 1.92118 0.786748 3.13634
1.42231 1.90458 -1.79506 1.92118 0.786748 3.13634
1.4225 1.90457 -1.79419 1.92118 0.786748 3.13634
1.42269 1.90457 -1.79333 1.92118 0.786748 3.13634
1.42288 1.90456 -1.79246 1.92118 0.786748 3.13634
1.42307 1.90455 -1.79159 1.92118 0.786748 3.13634
1.42327 1.90454 -1.79073 1.92118 0.786748 3.13634
1.42346 1.90453 -1.78986 1.92118 0.786748 3.13634
1.42365 1.90452 -1.78899 1.92118 0.786748 3.13634
1.42384 1.90452 -1.78813 1.92118 0.786748 3.13634
1.42404 1.90451 -1.78726 1.92118 0.786748 3.13634
1.42423 1.9045 -1.78639 1.92118 0.786748 3.13634
1.42442 1.90449 -1.78553 1.92118 0.786748 3.13634
1.42461 1.90448 -1.78466 1.92118 0.786748 3.13634
1.4248 1.90447 -1.78379 1.92118 0.786748 3.13634
1.425 1.90446 -1.78293 1.92118 0.786748 3.13634
1.42519 1.90446 -1.78206 1.92118 0.786748 3.13634
1.42538 1.90445 -1.78119 1.92118 0.786748 3.13634
1.42557 1.90444 -1.78032 1.92118 0.786748 3.13634
1.42577 1.90443 -1.77946 1.92118 0.786748 3.13634
1.42596 1.90442 -1.77859 1.92118 0.786748 3.13634
1.42615 1.90441 -1.77772 1.92118 0.786748 3.13634
1.42634 1.9044 -1.77686 1.92118 0.786748 3.13634
1.42654 1.9044 -1.77599 1.92118 0.786748 3.13634
1.42673 1.90439 -1.77512 1.92118 0.786748 3.13634
1.42692 1.90438 -1.77426 1.92118 0.786748 3.13634
1.42711 1.90437 -1.77339 1.92118 0.786748 3.13634
1.4273 1.90436 -1.77252 1.92118 0.786748 3.13634
1.4275 1.90435 -1.77166 1.92118 0.786748 3.13634
1.42769 1.90434 -1.77079 1.92118 0.786748 3.13634
1.42788 1.90434 -1.76992 1.92118 0.786748 3.13634
1.42807 1.90433 -1.76906 1.92118 0.786748 3.13634
1.42827 1.90432 -1.76819 1.92118 0.786748 3.13634
1.42846 1.90431 -1.76732 1.92118 0.786748 3.13634
1.42865 1.9043 -1.76646 1.92118 0.786748 3.13634
1.42884 1.90429 -1.76559 1.92118 0.786748 3.13634
1.42904 1.90428 -1.76472 1.92118 0.786748 3.13634
1.42923 1.90428 -1.76386 1.92118 0.786748 3.13634
1.42942 1.90427 -1.76299 1.92118 0.786748 3.13634
1.42961 1.90426 -1.76212 1.92118 0.786748 3.13634
1.4298 1.90425 -1.76125 1.92118 0.786748 3.13634
1.43 1.90424 -1.76039 1.92118 0.786748 3.13634
1.43019 1.90423 -1.75952 1.92118 0.786748 3.13634
1.43038 1.90423 -1.75865 1.92118 0.786748 3.13634
1.43057 1.90422 -1.75779 1.92118 0.786748 3.13634
1.43077 1.90421 -1.75692 1.92118 0.786748 3.13634
1.43096 1.9042 -1.75605 1.92118 0.786748 3.13634
1.43115 1.90419 -1.75519 1.92118 0.786748 3.13634
1.43134 1.90418 -1.75432 1.92118 0.786748 3.13634
1.43154 1.90417 -1.75345 1.92118 0.786748 3.13634
1.43173 1.90417 -1.75259 1.92118 0.786748 3.13634
1.43192 1.90416 -1.75172 1.92118 0.786748 3.13634
1.43211 1.90415 -1.75085 1.92118 0.786748 3.13634
1.4323 1.90414 -1.74999 1.92118 0.786748 3.13634
1.4325 1.90413 -1.74912 1.92118 0.786748 3.13634
1.43269 1.90412 -1.74825 1.92118 0.786748 3.13634
1.43288 1.90411 -1.74739 1.92118 0.786748 3.13634
1.43307 1.90411 -1.74652 1.92118 0.786748 3.13634
1.43327 1.9041 -1.74565 1.92118 0.786748 3.13634
1.43346 1.90409 -1.74478 1.92118 0.786748 3.13634
1.43365 1.90408 -1.74392 1.92118 0.786748 3.13634
1.43384 1.90407 -1.74305 1.92118 0.786748 3.13634
1.43404 1.90406 -1.74218 1.92118 0.786748 3.13634
1.43423 1.90405 -1.74132 1.92118 0.786748 3.13634
1.43442 1.90405 -1.74045 1.92118 0.786748 3.13634
1.43461 1.90404 -1.73958 1.92118 0.786748 3.13634
1.4348 1.90403 -1.73872 1.92118 0.786748 3.13634
1.435 1.90402 -1.73785 1.92118 0.786748 3.13634
1.43519 1.90401 -1.73698 1.92118 0.786748 3.13634
1.43538 1.904 -1.73612 1.92118 0.786748 3.13634
1.43557 1.904 -1.73525 1.92118 0.786748 3.13634
1.43577 1.90399 -1.73438 1.92118 0.786748 3.13634
1.43596 1.90398 -1.73352 1.92118 0.786748 3.13634
1.43615 1.90397 -1.73265 1.92118 0.786748 3.13634
1.43634 1.90396 -1.73178 1.92118 0.786748 3.13634
1.43654 1.90395 -1.73092 1.92118 0.786748 3.13634
1.43673 1.90394 -1.73005 1.92118 0.786748 3.13634
1.43692 1.90394 -1.72918 1.92118 0.786748 3.13634
1.43711 1.90393 -1.72832 1.92118 0.786748 3.13634
1.4373 1.90392 -1.72745 1.92118 0.786748 3.13634
1.4375 1.90391 -1.72658 1.92118 0.786748 3.13634
1.43769 1.9039 -1.72571 1.92118 0.786748 3.13634
1.43788 1.90389 -1.72485 1.92118 0.786748 3.13634
1.43807 1.90388 -1.72398 1.92118 0.786748 3.13634
1.43827 1.90388 -1.72311 1.92118 0.786748 3.13634
1.43846 1.90387 -1.72225 1.92118 0.786748 3.13634
1.43865 1.90386 -1.72138 1.92118 0.786748 3.13634
1.43884 1.90385 -1.72051 1.92118 0.786748 3.13634
1.43904 1.90384 -1.71965 1.92118 0.786748 3.13634
1.43923 1.90383 -1.71878 1.92118 0.786748 3.13634
1.43942 1.90382 -1.71791 1.92118 0.786748 3.13634
1.43961 1.90382 -1.71705 1.92118 0.786748 3.13634
1.4398 1.90381 -1.71618 1.92118 0.786748 3.13634
1.44 1.9038 -1.71531 1.92118 0.786748 3.13634
1.44019 1.90379 -1.71445 1.92118 0.786748 3.13634
1.44038 1.90378 -1.71358 1.92118 0.786748 3.13634
1.44057 1.90377 -1.71271 1.92118 0.786748 3.13634
1.44077 1.90376 -1.71185 1.92118 0.786748 3.13634
1.44096 1.90376 -1.71098 1.92118 0.786748 3.13634
1.44115 1.90375 -1.71011 1.92118 0.786748 3.13634
1.44134 1.90374 -1.70924 1.92118 0.786748 3.13634
1.44154 1.90373 -1.70838 1.92118 0.786748 3.13634
1.44173 1.90372 -1.70751 1.92118 0.786748 3.13634
1.44192 1.90371 -1.70664 1.92118 0.786748 3.13634
1.44211 1.90371 -1.70578 1.92118 0.786748 3.13634
1.4423 1.9037 -1.70491 1.92118 0.786748 3.13634
1.4425 1.90369 -1.70404 1.92118 0.786748 3.13634
1.44269 1.90368 -1.70318 1.92118 0.786748 3.13634
1.44288 1.90367 -1.70231 1.92118 0.786748 3.13634
1.44307 1.90366 -1.70144 1.92118 0.786748 3.13634
1.44327 1.90365 -1.70058 1.92118 0.786748 3.13634
1.44346 1.90365 -1.69971 1.92118 0.786748 3.13634
1.44365 1.90364 -1.69884 1.92118 0.786748 3.13634
1.44384 1.90363 -1.69798 1.92118 0.786748 3.13634
1.44404 1.90362 -1.69711 1.92118 0.786748 3.13634
1.44423 1.90361 -1.69624 1.92118 0.786748 3.13634
1.44442 1.9036 -1.69538 1.92118 0.786748 3.13634
1.44461 1.90359 -1.69451 1.92118 0.786748 3.13634
1.4448 1.90359 -1.69364 1.92118 0.786748 3.13634
1.445 1.90358 -1.69278 1.92118 0.786748 3.13634
1.44519 1.90357 -1.69191 1.92118 0.786748 3.13634
1.44538 1.90356 -1.69104 1.92118 0.786748 3.13634
1.44557 1.90355 -1.69017 1.92118 0.786748 3.13634
1.44577 1.90354 -1.68931 1.92118 0.786748 3.13634
1.44596 1.90353 -1.68844 1.92118 0.786748 3.13634
1.44615 1.90353 -1.68757 1.92118 0.786748 3.13634
1.44634 1.90352 -1.68671 1.92118 0.786748 3.13634
1.44654 1.90351 -1.68584 1.92118 0.786748 3.13634
1.44673 1.9035 -1.68497 1.92118 0.786748 3.13634
1.44692 1.90349 -1.68411 1.92118 0.786748 3.13634
1.44711 1.90348 -1.68324 1.92118 0.786748 3.13634
1.4473 1.90347 -1.68237 1.92118 0.786748 3.13634
1.4475 1.90347 -1.68151 1.92118 0.786748 3.13634
1.44769 1.90346 -1.68064 1.92118 0.786748 3.13634
1.44788 1.90345 -1.67977 1.92118 0.786748 3.13634
1.44807 1.90344 -1.67891 1.92118 0.786748 3.13634
1.44827 1.90343 -1.67804 1.92118 0.786748 3.13634
1.44846 1.90342 -1.67717 1.92118 0.786748 3.13634
1.44865 1.90342 -1.67631 1.92118 0.786748 3.13634
1.44884 1.90341 -1.67544 1.92118 0.786748 3.13634
1.44904 1.9034 -1.67457 1.92118 0.786748 3.13634
1.44923 1.90339 -1.6737 1.92118 0.786748 3.13634
1.44942 1.90338 -1.67284 1.92118 0.786748 3.13634
1.44961 1.90337 -1.67197 1.92118 0.786748 3.13634
1.4498 1.90336 -1.6711 1.92118 0.786748 3.13634
1.45 1.90336 -1.67024 1.92118 0.786748 3.13634
1.45019 1.90335 -1.66937 1.92118 0.786748 3.13634
1.45038 1.90334 -1.6685 1.92118 0.786748 3.13634
1.45057 1.90333 -1.66764 1.92118 0.786748 3.13634
1.45077 1.90332 -1.66677 1.92118 0.786748 3.13634
1.45096 1.90331 -1.6659 1.92118 0.786748 3.13634
1.45115 1.9033 -1.66504 1.92118 0.786748 3.13634
1.45134 1.9033 -1.66417 1.92118 0.786748 3.13634
1.45153 1.90329 -1.6633 1.92118 0.786748 3.13634
1.45173 1.90328 -1.66244 1.92118 0.786748 3.13634
1.45192 1.90327 -1.66157 1.92118 0.786748 3.13634
1.45211 1.90326 -1.6607 1.92118 0.786748 3.13634
1.4523 1.90325 -1.65984 1.92118 0.786748 3.13634
1.4525 1.90324 -1.65897 1.92118 0.786748 3.13634
1.45269 1.90324 -1.6581 1.92118 0.786748 3.13634
1.45288 1.90323 -1.65724 1.92118 0.786748 3.13634
1.45307 1.90322 -1.65637 1.92118 0.786748 3.13634
1.45327 1.90321 -1.6555 1.92118 0.786748 3.13634
1.45346 1.9032 -1.65463 1.92118 0.786748 3.13634
1.45365 1.90319 -1.65377 1.92118 0.786748 3.13634
1.45384 1.90318 -1.6529 1.92118 0.786748 3.13634
1.45403 1.90318 -1.65203 1.92118 0.786748 3.13634
1.45423 1.90317 -1.65117 1.92118 0.786748 3.13634
1.45442 1.90316 -1.6503 1.92118 0.786748 3.13634
1.45461 1.90315 -1.64943 1.92118 0.786748 3.13634
1.4548 1.90314 -1.64857 1.92118 0.786748 3.13634
1.455 1.90313 -1.6477 1.92118 0.786748 3.13634
1.45519 1.90313 -1.64683 1.92118 0.786748 3.13634
1.45538 1.90312 -1.64597 1.92118 0.786748 3.13634
1.45557 1.90311 -1.6451 1.92118 0.786748 3.13634
1.45577 1.9031 -1.64423 1.92118 0.786748 3.13634
1.45596 1.90309 -1.64337 1.92118 0.786748 3.13634
1.45615 1.90308 -1.6425 1.92118 0.786748 3.13634
1.45634 1.90307 -1.64163 1.92118 0.786748 3.13634
1.45653 1.90307 -1.64077 1.92118 0.786748 3.13634
1.45673 1.90306 -1.6399 1.92118 0.786748 3.13634
1.45692 1.90305 -1.63903 1.92118 0.786748 3.13634
1.45711 1.90304 -1.63816 1.92118 0.786748 3.13634
1.4573 1.90303 -1.6373 1.92118 0.786748 3.13634
1.4575 1.90302 -1.63643 1.92118 0.786748 3.13634
1.45769 1.90301 -1.63556 1.92118 0.786748 3.13634
1.45788 1.90301 -1.6347 1.92118 0.786748 3.13634
1.45807 1.903 -1.63383 1.92118 0.786748 3.13634
1.45827 1.90299 -1.63296 1.92118 0.786748 3.13634
1.45846 1.90298 -1.6321 1.92118 0.786748 3.13634
1.45865 1.90297 -1.63123 1.92118 0.786748 3.13634
1.45884 1.90296 -1.63036 1.92118 0.786748 3.13634
1.45903 1.90295 -1.6295 1.92118 0.786748 3.13634
1.45923 1.90295 -1.62863 1.92118 0.786748 3.13634
1.45942 1.90294 -1.62776 1.92118 0.786748 3.13634
1.45961 1.90293 -1.6269 1.92118 0.786748 3.13634
1.4598 1.90292 -1.62603 1.92118 0.786748 3.13634
1.46 1.90291 -1.62516 1.92118 0.786748 3.13634
1.46019 1.9029 -1.6243 1.92118 0.786748 3.13634
1.46038 1.90289 -1.62343 1.92118 0.786748 3.13634
1.46057 1.90289 -1.62256 1.92118 0.786748 3.13634
1.46077 1.90288 -1.6217 1.92118 0.786748 3.13634
1.46096 1.90287 -1.62083 1.92118 0.786748 3.13634
1.46115 1.90286 -1.61996 1.92118 0.786748 3.13634
1.46134 1.90285 -1.61909 1.92118 0.786748 3.13634
1.46153 1.90284 -1.61823 1.92118 0.786748 3.13634
1.46173 1.90284 -1.61736 1.92118 0.786748 3.13634
1.46192 1.90283 -1.61649 1.92118 0.786748 3.13634
1.46211 1.90282 -1.61563 1.92118 0.786748 3.13634
1.4623 1.90281 -1.61476 1.92118 0.786748 3.13634
1.4625 1.9028 -1.61389 1.92118 0.786748 3.13634
1.46269 1.90279 -1.61303 1.92118 0.786748 3.13634
1.46288 1.90278 -1.61216 1.92118 0.786748 3.13634
1.46307 1.90278 -1.61129 1.92118 0.786748 3.13634
1.46327 1.90277 -1.61043 1.92118 0.786748 3.13634
1.46346 1.90276 -1.60956 1.92118 0.786748 3.13634
1.46365 1.90275 -1.60869 1.92118 0.786748 3.13634
1.46384 1.90274 -1.60783 1.92118 0.786748 3.13634
1.46403 1.90273 -1.60696 1.92118 0.786748 3.13634
1.46423 1.90272 -1.60609 1.92118 0.786748 3.13634
1.46442 1.90272 -1.60523 1.92118 0.786748 3.13634
1.46461 1.90271 -1.60436 1.92118 0.786748 3.13634
1.4648 1.9027 -1.60349 1.92118 0.786748 3.13634
1.465 1.90269 -1.60262 1.92118 0.786748 3.13634
1.46519 1.90268 -1.60176 1.92118 0.786748 3.13634
1.46538 1.90267 -1.60089 1.92118 0.786748 3.13634
1.46557 1.90266 -1.60002 1.92118 0.786748 3.13634
1.46577 1.90266 -1.59916 1.92118 0.786748 3.13634
1.46596 1.90265 -1.59829 1.92118 0.786748 3.13634
1.46615 1.90264 -1.59742 1.92118 0.786748 3.13634
1.46634 1.90263 -1.59656 1.92118 0.786748 3.13634
1.46653 1.90262 -1.59569 1.92118 0.786748 3.13634
1.46673 1.90261 -1.59482 1.92118 0.786748 3.13634
1.46692 1.9026 -1.59396 1.92118 0.786748 3.13634
1.46711 1.9026 -1.59309 1.92118 0.786748 3.13634
1.4673 1.90259 -1.59222 1.92118 0.786748 3.13634
1.4675 1.90258 -1.59136 1.92118 0.786748 3.13634
1.46769 1.90257 -1.59049 1.92118 0.786748 3.13634
1.46788 1.90256 -1.58962 1.92118 0.786748 3.13634
1.46807 1.90255 -1.58876 1.92118 0.786748 3.13634
1.46827 1.90255 -1.58789 1.92118 0.786748 3.13634
1.46846 1.90254 -1.58702 1.92118 0.786748 3.13634
1.46865 1.90253 -1.58616 1.92118 0.786748 3.13634
1.46884 1.90252 -1.58529 1.92118 0.786748 3.13634
1.46903 1.90251 -1.58442 1.92118 0.786748 3.13634
1.46923 1.9025 -1.58355 1.92118 0.786748 3.13634
1.46942 1.90249 -1.58269 1.92118 0.786748 3.13634
1.46961 1.90249 -1.58182 1.92118 0.786748 3.13634
1.4698 1.90248 -1.58095 1.92118 0.786748 3.13634
1.47 1.90247 -1.58009 1.92118 0.786748 3.13634
1.47019 1.90246 -1.57922 1.92118 0.786748 3.13634
1.47038 1.90245 -1.57835 1.92118 0.786748 3.13634
1.47057 1.90244 -1.57749 1.92118 0.786748 3.13634
1.47077 1.90243 -1.57662 1.92118 0.786748 3.13634
1.47096 1.90243 -1.57575 1.92118 0.786748 3.13634
1.47115 1.90242 -1.57489 1.92118 0.786748 3.13634
1.47134 1.90241 -1.57402 1.92118 0.786748 3.13634
1.47153 1.9024 -1.57315 1.92118 0.786748 3.13634
1.47173 1.90239 -1.57229 1.92118 0.786748 3.13634
1.47192 1.90238 -1.57142 1.92118 0.786748 3.13634
1.47211 1.90237 -1.57055 1.92118 0.786748 3.13634
1.4723 1.90237 -1.56969 1.92118 0.786748 3.13634
1.4725 1.90236 -1.56882 1.92118 0.786748 3.13634
1.47269 1.90235 -1.56795 1.92118 0.786748 3.13634
1.47288 1.90234 -1.56708 1.92118 0.786748 3.13634
1.47307 1.90233 -1.56622 1.92118 0.786748 3.13634
1.47327 1.90232 -1.56535 1.92118 0.786748 3.13634
1.47346 1.90231 -1.56448 1.92118 0.786748 3.13634
1.47365 1.90231 -1.56362 1.92118 0.786748 3.13634
1.47384 1.9023 -1.56275 1.92118 0.786748 3.13634
1.47403 1.90229 -1.56188 1.92118 0.786748 3.13634
1.47423 1.90228 -1.56102 1.92118 0.786748 3.13634
1.47442 1.90227 -1.56015 1.92118 0.786748 3.13634
1.47461 1.90226 -1.55928 1.92118 0.786748 3.13634
1.4748 1.90226 -1.55842 1.92118 0.786748 3.13634
1.475 1.90225 -1.55755 1.92118 0.786748 3.13634
1.47519 1.90224 -1.55668 1.92118 0.786748 3.13634
1.47538 1.90223 -1.55582 1.92118 0.786748 3.13634
1.47557 1.90222 -1.55495 1.92118 0.786748 3.13634
1.47577 1.90221 -1.55408 1.92118 0.786748 3.13634
1.47596 1.9022 -1.55322 1.92118 0.786748 3.13634
1.47615 1.9022 -1.55235 1.92118 0.786748 3.13634
1.47634 1.90219 -1.55148 1.92118 0.786748 3.13634
1.47653 1.90218 -1.55062 1.92118 0.786748 3.13634
1.47673 1.90217 -1.54975 1.92118 0.786748 3.13634
1.47692 1.90216 -1.54888 1.92118 0.786748 3.13634
1.47711 1.90215 -1.54801 1.92118 0.786748 3.13634
1.4773 1.90214 -1.54715 1.92118 0.786748 3.13634
1.4775 1.90214 -1.54628 1.92118 0.786748 3.13634
1.47769 1.90213 -1.54541 1.92118 0.786748 3.13634
1.47788 1.90212 -1.54455 1.92118 0.786748 3.13634
1.47807 1.90211 -1.54368 1.92118 0.786748 3.13634
1.47826 1.9021 -1.54281 1.92118 0.786748 3.13634
1.47846 1.90209 -1.54195 1.92118 0.786748 3.13634
1.47865 1.90208 -1.54108 1.92118 0.786748 3.13634
1.47884 1.90208 -1.54021 1.92118 0.786748 3.13634
1.47903 1.90207 -1.53935 1.92118 0.786748 3.13634
1.47923 1.90206 -1.53848 1.92118 0.786748 3.13634
1.47942 1.90205 -1.53761 1.92118 0.786748 3.13634
1.47961 1.90204 -1.53675 1.92118 0.786748 3.13634
1.4798 1.90203 -1.53588 1.92118 0.786748 3.13634
1.48 1.90202 -1.53501 1.92118 0.786748 3.13634
1.48019 1.90202 -1.53415 1.92118 0.786748 3.13634
1.48038 1.90201 -1.53328 1.92118 0.786748 3.13634
1.48057 1.902 -1.53241 1.92118 0.786748 3.13634
1.48076 1.90199 -1.53154 1.92118 0.786748 3.13634
1.48096 1.90198 -1.53068 1.92118 0.786748 3.13634
1.48115 1.90197 -1.52981 1.92118 0.786748 3.13634
1.48134 1.90197 -1.52894 1.92118 0.786748 3.13634
1.48153 1.90196 -1.52808 1.92118 0.786748 3.13634
1.48173 1.90195 -1.52721 1.92118 0.786748 3.13634
1.48192 1.90194 -1.52634 1.92118 0.786748 3.13634
1.48211 1.90193 -1.52548 1.92118 0.786748 3.13634
1.4823 1.90192 -1.52461 1.92118 0.786748 3.13634
1.4825 1.90191 -1.52374 1.92118 0.786748 3.13634
1.48269 1.90191 -1.52288 1.92118 0.786748 3.13634
1.48288 1.9019 -1.52201 1.92118 0.786748 3.13634
1.48307 1.90189 -1.52114 1.92118 0.786748 3.13634
1.48326 1.90188 -1.52028 1.92118 0.786748 3.13634
1.48346 1.90187 -1.51941 1.92118 0.786748 3.13634
1.48365 1.90186 -1.51854 1.92118 0.786748 3.13634
1.48384 1.90185 -1.51768 1.92118 0.786748 3.13634
1.48403 1.90185 -1.51681 1.92118 0.786748 3.13634
1.48423 1.90184 -1.51594 1.92118 0.786748 3.13634
1.48442 1.90183 -1.51508 1.92118 0.786748 3.13634
1.48461 1.90182 -1.51421 1.92118 0.786748 3.13634
1.4848 1.90181 -1.51334 1.92118 0.786748 3.13634
1.485 1.9018 -1.51247 1.92118 0.786748 3.13634
1.48519 1.90179 -1.51161 1.92118 0.786748 3.13634
1.48538 1.90179 -1.51074 1.92118 0.786748 3.13634
1.48557 1.90178 -1.50987 1.92118 0.786748 3.13634
1.48576 1.90177 -1.50901 1.92118 0.786748 3.13634
1.48596 1.90176 -1.50814 1.92118 0.786748 3.13634
1.48615 1.90175 -1.50727 1.92118 0.786748 3.13634
1.48634 1.90174 -1.50641 1.92118 0.786748 3.13634
1.48653 1.90173 -1.50554 1.92118 0.786748 3.13634
1.48673 1.90173 -1.50467 1.92118 0.786748 3.13634
1.48692 1.90172 -1.50381 1.92118 0.786748 3.13634
1.48711 1.90171 -1.50294 1.92118 0.786748 3.13634
1.4873 1.9017 -1.50207 1.92118 0.786748 3.13634
1.4875 1.90169 -1.50121 1.92118 0.786748 3.13634
1.48769 1.90168 -1.50034 1.92118 0.786748 3.13634
1.48788 1.90168 -1.49947 1.92118 0.786748 3.13634
1.48807 1.90167 -1.49861 1.92118 0.786748 3.13634
1.48826 1.90166 -1.49774 1.92118 0.786748 3.13634
1.48846 1.90165 -1.49687 1.92118 0.786748 3.13634
1.48865 1.90164 -1.496 1.92118 0.786748 3.13634
1.48884 1.90163 -1.49514 1.92118 0.786748 3.13634
1.48903 1.90162 -1.49427 1.92118 0.786748 3.13634
1.48923 1.90162 -1.4934 1.92118 0.786748 3.13634
1.48942 1.90161 -1.49254 1.92118 0.786748 3.13634
1.48961 1.9016 -1.49167 1.92118 0.786748 3.13634
1.4898 1.90159 -1.4908 1.92118 0.786748 3.13634
1.49 1.90158 -1.48994 1.92118 0.786748 3.13634
1.49019 1.90157 -1.48907 1.92118 0.786748 3.13634
1.49038 1.90156 -1.4882 1.92118 0.786748 3.13634
1.49057 1.90156 -1.48734 1.92118 0.786748 3.13634
1.49076 1.90155 -1.48647 1.92118 0.786748 3.13634
1.49096 1.90154 -1.4856 1.92118 0.786748 3.13634
1.49115 1.90153 -1.48474 1.92118 0.786748 3.13634
1.49134 1.90152 -1.48387 1.92118 0.786748 3.13634
1.49153 1.90151 -1.483 1.92118 0.786748 3.13634
1.49173 1.9015 -1.48214 1.92118 0.786748 3.13634
1.49192 1.9015 -1.48127 1.92118 0.786748 3.13634
1.49211 1.90149 -1.4804 1.92118 0.786748 3.13634
1.4923 1.90148 -1.47954 1.92118 0.786748 3.13634
1.4925 1.90147 -1.47867 1.92118 0.786748 3.13634
1.49269 1.90146 -1.4778 1.92118 0.786748 3.13634
1.49288 1.90145 -1.47693 1.92118 0.786748 3.13634
1.49307 1.90144 -1.47607 1.92118 0.786748 3.13634
1.49326 1.90144 -1.4752 1.92118 0.786748 3.13634
1.49346 1.90143 -1.47433 1.92118 0.786748 3.13634
1.49365 1.90142 -1.47347 1.92118 0.786748 3.13634
1.49384 1.90141 -1.4726 1.92118 0.786748 3.13634
1.49403 1.9014 -1.47173 1.92118 0.786748 3.13634
1.49423 1.90139 -1.47087 1.92118 0.786748 3.13634
1.49442 1.90139 -1.47 1.92118 0.786748 3.13634
1.49461 1.90138 -1.46913 1.92118 0.786748 3.13634
1.4948 1.90137 -1.46827 1.92118 0.786748 3.13634
1.495 1.90136 -1.4674 1.92118 0.786748 3.13634
1.49519 1.90135 -1.46653 1.92118 0.786748 3.13634
1.49538 1.90134 -1.46567 1.92118 0.786748 3.13634
1.49557 1.90133 -1.4648 1.92118 0.786748 3.13634
1.49576 1.90133 -1.46393 1.92118 0.786748 3.13634
1.49596 1.90132 -1.46307 1.92118 0.786748 3.13634
1.49615 1.90131 -1.4622 1.92118 0.786748 3.13634
1.49634 1.9013 -1.46133 1.92118 0.786748 3.13634
1.49653 1.90129 -1.46046 1.92118 0.786748 3.13634
1.49673 1.90128 -1.4596 1.92118 0.786748 3.13634
1.49692 1.90127 -1.45873 1.92118 0.786748 3.13634
1.49711 1.90127 -1.45786 1.92118 0.786748 3.13634
1.4973 1.90126 -1.457 1.92118 0.786748 3.13634
1.4975 1.90125 -1.45613 1.92118 0.786748 3.13634
1.49769 1.90124 -1.45526 1.92118 0.786748 3.13634
1.49788 1.90123 -1.4544 1.92118 0.786748 3.13634
1.49807 1.90122 -1.45353 1.92118 0.786748 3.13634
1.49826 1.90121 -1.45266 1.92118 0.786748 3.13634
1.49846 1.90121 -1.4518 1.92118 0.786748 3.13634
1.49865 1.9012 -1.45093 1.92118 0.786748 3.13634
1.49884 1.90119 -1.45006 1.92118 0.786748 3.13634
1.49903 1.90118 -1.4492 1.92118 0.786748 3.13634
1.49923 1.90117 -1.44833 1.92118 0.786748 3.13634
1.49942 1.90116 -1.44746 1.92118 0.786748 3.13634
1.49961 1.90115 -1.4466 1.92118 0.786748 3.13634
1.4998 1.90115 -1.44573 1.92118 0.786748 3.13634
1.5 1.90114 -1.44486 1.92118 0.786748 3.13634
1.50019 1.90113 -1.444 1.92118 0.786748 3.13634
1.50038 1.90112 -1.44313 1.92118 0.786748 3.13634
1.50057 1.90111 -1.44226 1.92118 0.786748 3.13634
1.50076 1.9011 -1.44139 1.92118 0.786748 3.13634
1.50096 1.9011 -1.44053 1.92118 0.786748 3.13634
1.50115 1.90109 -1.43966 1.92118 0.786748 3.13634
1.50134 1.90108 -1.43879 1.92118 0.786748 3.13634
1.50153 1.90107 -1.43793 1.92118 0.786748 3.13634
1.50173 1.90106 -1.43706 1.92118 0.786748 3.13634
1.50192 1.90105 -1.43619 1.92118 0.786748 3.13634
1.50211 1.90104 -1.43533 1.92118 0.786748 3.13634
1.5023 1.90104 -1.43446 1.92118 0.786748 3.13634
1.5025 1.90103 -1.43359 1.92118 0.786748 3.13634
1.50269 1.90102 -1.43273 1.92118 0.786748 3.13634
1.50288 1.90101 -1.43186 1.92118 0.786748 3.13634
1.50307 1.901 -1.43099 1.92118 0.786748 3.13634
1.50326 1.90099 -1.43013 1.92118 0.786748 3.13634
1.50346 1.90098 -1.42926 1.92118 0.786748 3.13634
1.50365 1.90098 -1.42839 1.92118 0.786748 3.13634
1.50384 1.90097 -1.42753 1.92118 0.786748 3.13634
1.50403 1.90096 -1.42666 1.92118 0.786748 3.13634
1.50423 1.90095 -1.42579 1.92118 0.786748 3.13634
1.50442 1.90094 -1.42492 1.92118 0.786748 3.13634
1.50461 1.90093 -1.42406 1.92118 0.786748 3.13634
1.5048 1.90092 -1.42319 1.92118 0.786748 3.13634
1.50499 1.90092 -1.42232 1.92118 0.786748 3.13634
1.50519 1.90091 -1.42146 1.92118 0.786748 3.13634
1.50538 1.9009 -1.42059 1.92118 0.786748 3.13634
1.50557 1.90089 -1.41972 1.92118 0.786748 3.13634
1.50576 1.90088 -1.41886 1.92118 0.786748 3.13634
1.50596 1.90087 -1.41799 1.92118 0.786748 3.13634
1.50615 1.90086 -1.41712 1.92118 0.786748 3.13634
1.50634 1.90086 -1.41626 1.92118 0.786748 3.13634
1.50653 1.90085 -1.41539 1.92118 0.786748 3.13634
1.50673 1.90084 -1.41452 1.92118 0.786748 3.13634
1.50692 1.90083 -1.41366 1.92118 0.786748 3.13634
1.50711 1.90082 -1.41279 1.92118 0.786748 3.13634
1.5073 1.90081 -1.41192 1.92118 0.786748 3.13634
1.50749 1.90081 -1.41106 1.92118 0.786748 3.13634
1.50769 1.9008 -1.41019 1.92118 0.786748 3.13634
1.50788 1.90079 -1.40932 1.92118 0.786748 3.13634
1.50807 1.90078 -1.40846 1.92118 0.786748 3.13634
1.50826 1.90077 -1.40759 1.92118 0.786748 3.13634
1.50846 1.90076 -1.40672 1.92118 0.786748 3.13634
1.50865 1.90075 -1.40585 1.92118 0.786748 3.13634
1.50884 1.90075 -1.40499 1.92118 0.786748 3.13634
1.50903 1.90074 -1.40412 1.92118 0.786748 3.13634
1.50923 1.90073 -1.40325 1.92118 0.786748 3.13634
1.50942 1.90072 -1.40239 1.92118 0.786748 3.13634
1.50961 1.90071 -1.40152 1.92118 0.786748 3.13634
1.5098 1.9007 -1.40065 1.92118 0.786748 3.13634
1.50999 1.90069 -1.39979 1.92118 0.786748 3.13634
1.51019 1.90069 -1.39892 1.92118 0.786748 3.13634
1.51038 1.90068 -1.39805 1.92118 0.786748 3.13634
1.51057 1.90067 -1.39719 1.92118 0.786748 3.13634
1.51076 1.90066 -1.39632 1.92118 0.786748 3.13634
1.51096 1.90065 -1.39545 1.92118 0.786748 3.13634
1.51115 1.90064 -1.39459 1.92118 0.786748 3.13634
1.51134 1.90063 -1.39372 1.92118 0.786748 3.13634
1.51153 1.90063 -1.39285 1.92118 0.786748 3.13634
1.51173 1.90062 -1.39199 1.92118 0.786748 3.13634
1.51192 1.90061 -1.39112 1.92118 0.786748 3.13634
1.51211 1.9006 -1.39025 1.92118 0.786748 3.13634
1.5123 1.90059 -1.38938 1.92118 0.786748 3.13634
1.51249 1.90058 -1.38852 1.92118 0.786748 3.13634
1.51269 1.90057 -1.38765 1.92118 0.786748 3.13634
1.51288 1.90057 -1.38678 1.92118 0.786748 3.13634
1.51307 1.90056 -1.38592 1.92118 0.786748 3.13634
1.51326 1.90055 -1.38505 1.92118 0.786748 3.13634
1.51346 1.90054 -1.38418 1.92118 0.786748 3.13634
1.51365 1.90053 -1.38332 1.92118 0.786748 3.13634
1.51384 1.90052 -1.38245 1.92118 0.786748 3.13634
1.51403 1.90052 -1.38158 1.92118 0.786748 3.13634
1.51423 1.90051 -1.38072 1.92118 0.786748 3.13634
1.51442 1.9005 -1.37985 1.92118 0.786748 3.13634
1.51461 1.90049 -1.37898 1.92118 0.786748 3.13634
1.5148 1.90048 -1.37812 1.92118 0.786748 3.13634
1.51499 1.90047 -1.37725 1.92118 0.786748 3.13634
1.51519 1.90046 -1.37638 1.92118 0.786748 3.13634
1.51538 1.90046 -1.37552 1.92118 0.786748 3.13634
1.51557 1.90045 -1.37465 1.92118 0.786748 3.13634
1.51576 1.90044 -1.37378 1.92118 0.786748 3.13634
1.51596 1.90043 -1.37292 1.92118 0.786748 3.13634
1.51615 1.90042 -1.37205 1.92118 0.786748 3.13634
1.51634 1.90041 -1.37118 1.92118 0.786748 3.13634
1.51653 1.9004 -1.37031 1.92118 0.786748 3.13634
1.51673 1.9004 -1.36945 1.92118 0.786748 3.13634
1.51692 1.90039 -1.36858 1.92118 0.786748 3.13634
1.51711 1.90038 -1.36771 1.92118 0.786748 3.13634
1.5173 1.90037 -1.36685 1.92118 0.786748 3.13634
1.51749 1.90036 -1.36598 1.92118 0.786748 3.13634
1.51769 1.90035 -1.36511 1.92118 0.786748 3.13634
1.51788 1.90034 -1.36425 1.92118 0.786748 3.13634
1.51807 1.90034 -1.36338 1.92118 0.786748 3.13634
1.51826 1.90033 -1.36251 1.92118 0.786748 3.13634
1.51846 1.90032 -1.36165 1.92118 0.786748 3.13634
1.51865 1.90031 -1.36078 1.92118 0.786748 3.13634
1.51884 1.9003 -1.35991 1.92118 0.786748 3.13634
1.51903 1.90029 -1.35905 1.92118 0.786748 3.13634
1.51923 1.90028 -1.35818 1.92118 0.786748 3.13634
1.51942 1.90028 -1.35731 1.92118 0.786748 3.13634
1.51961 1.90027 -1.35645 1.92118 0.786748 3.13634
1.5198 1.90026 -1.35558 1.92118 0.786748 3.13634
1.51999 1.90025 -1.35471 1.92118 0.786748 3.13634
1.52019 1.90024 -1.35384 1.92118 0.786748 3.13634
1.52038 1.90023 -1.35298 1.92118 0.786748 3.13634
1.52057 1.90023 -1.35211 1.92118 0.786748 3.13634
1.52076 1.90022 -1.35124 1.92118 0.786748 3.13634
1.52096 1.90021 -1.35038 1.92118 0.786748 3.13634
1.52115 1.9002 -1.34951 1.92118 0.786748 3.13634
1.52134 1.90019 -1.34864 1.92118 0.786748 3.13634
1.52153 1.90018 -1.34778 1.92118 0.786748 3.13634
1.52173 1.90017 -1.34691 1.92118 0.786748 3.13634
1.52192 1.90017 -1.34604 1.92118 0.786748 3.13634
1.52211 1.90016 -1.34518 1.92118 0.786748 3.13634
1.5223 1.90015 -1.34431 1.92118 0.786748 3.13634
1.52249 1.90014 -1.34344 1.92118 0.786748 3.13634
1.52269 1.90013 -1.34258 1.92118 0.786748 3.13634
1.52288 1.90012 -1.34171 1.92118 0.786748 3.13634
1.52307 1.90011 -1.34084 1.92118 0.786748 3.13634
1.52326 1.90011 -1.33998 1.92118 0.786748 3.13634
1.52346 1.9001 -1.33911 1.92118 0.786748 3.13634
1.52365 1.90009 -1.33824 1.92118 0.786748 3.13634
1.52384 1.90008 -1.33738 1.92118 0.786748 3.13634
1.52403 1.90007 -1.33651 1.92118 0.786748 3.13634
1.52423 1.90006 -1.33564 1.92118 0.786748 3.13634
1.52442 1.90005 -1.33477 1.92118 0.786748 3.13634
1.52461 1.90005 -1.33391 1.92118 0.786748 3.13634
1.5248 1.90004 -1.33304 1.92118 0.786748 3.13634
1.52499 1.90003 -1.33217 1.92118 0.786748 3.13634
1.52519 1.90002 -1.33131 1.92118 0.786748 3.13634
1.52538 1.90001 -1.33044 1.92118 0.786748 3.13634
1.52557 1.9 -1.32957 1.92118 0.786748 3.13634
1.52576 1.9 -1.32871 1.92118 0.786748 3.13634
1.52596 1.89999 -1.32784 1.92118 0.786748 3.13634
1.52615 1.89998 -1.32697 1.92118 0.786748 3.13634
1.52634 1.89997 -1.32611 1.92118 0.786748 3.13634
1.52653 1.89996 -1.32524 1.92118 0.786748 3.13634
1.52673 1.89995 -1.32437 1.92118 0.786748 3.13634
1.52692 1.89994 -1.32351 1.92118 0.786748 3.13634
1.52711 1.89994 -1.32264 1.92118 0.786748 3.13634
1.5273 1.89993 -1.32177 1.92118 0.786748 3.13634
1.52749 1.89992 -1.32091 1.92118 0.786748 3.13634
1.52769 1.89991 -1.32004 1.92118 0.786748 3.13634
1.52788 1.8999 -1.31917 1.92118 0.786748 3.13634
1.52807 1.89989 -1.3183 1.92118 0.786748 3.13634
1.52826 1.89988 -1.31744 1.92118 0.786748 3.13634
1.52846 1.89988 -1.31657 1.92118 0.786748 3.13634
1.52865 1.89987 -1.3157 1.92118 0.786748 3.13634
1.52884 1.89986 -1.31484 1.92118 0.786748 3.13634
1.52903 1.89985 -1.31397 1.92118 0.786748 3.13634
1.52923 1.89984 -1.3131 1.92118 0.786748 3.13634
1.52942 1.89983 -1.31224 1.92118 0.786748 3.13634
1.52961 1.89982 -1.31137 1.92118 0.786748 3.13634
1.5298 1.89982 -1.3105 1.92118 0.786748 3.13634
1.52999 1.89981 -1.30964 1.92118 0.786748 3.13634
1.53019 1.8998 -1.30877 1.92118 0.786748 3.13634
1.53038 1.89979 -1.3079 1.92118 0.786748 3.13634
1.53057 1.89978 -1.30704 1.92118 0.786748 3.13634
1.53076 1.89977 -1.30617 1.92118 0.786748 3.13634
1.53096 1.89976 -1.3053 1.92118 0.786748 3.13634
1.53115 1.89976 -1.30444 1.92118 0.786748 3.13634
1.53134 1.89975 -1.30357 1.92118 0.786748 3.13634
1.53153 1.89974 -1.3027 1.92118 0.786748 3.13634
1.53172 1.89973 -1.30184 1.92118 0.786748 3.13634
1.53192 1.89972 -1.30097 1.92118 0.786748 3.13634
1.53211 1.89971 -1.3001 1.92118 0.786748 3.13634
1.5323 1.89971 -1.29923 1.92118 0.786748 3.13634
1.53249 1.8997 -1.29837 1.92118 0.786748 3.13634
1.53269 1.89969 -1.2975 1.92118 0.786748 3.13634
1.53288 1.89968 -1.29663 1.92118 0.786748 3.13634
1.53307 1.89967 -1.29577 1.92118 0.786748 3.13634
1.53326 1.89966 -1.2949 1.92118 0.786748 3.13634
1.53346 1.89965 -1.29403 1.92118 0.786748 3.13634
1.53365 1.89965 -1.29317 1.92118 0.786748 3.13634
1.53384 1.89964 -1.2923 1.92118 0.786748 3.13634
1.53403 1.89963 -1.29143 1.92118 0.786748 3.13634
1.53422 1.89962 -1.29057 1.92118 0.786748 3.13634
1.53442 1.89961 -1.2897 1.92118 0.786748 3.13634
1.53461 1.8996 -1.28883 1.92118 0.786748 3.13634
1.5348 1.89959 -1.28797 1.92118 0.786748 3.13634
1.53499 1.89959 -1.2871 1.92118 0.786748 3.13634
1.53519 1.89958 -1.28623 1.92118 0.786748 3.13634
1.53538 1.89957 -1.28537 1.92118 0.786748 3.13634
1.53557 1.89956 -1.2845 1.92118 0.786748 3.13634
1.53576 1.89955 -1.28363 1.92118 0.786748 3.13634
1.53596 1.89954 -1.28276 1.92118 0.786748 3.13634
1.53615 1.89953 -1.2819 1.92118 0.786748 3.13634
1.53634 1.89953 -1.28103 1.92118 0.786748 3.13634
1.53653 1.89952 -1.28016 1.92118 0.786748 3.13634
1.53672 1.89951 -1.2793 1.92118 0.786748 3.13634
1.53692 1.8995 -1.27843 1.92118 0.786748 3.13634
1.53711 1.89949 -1.27756 1.92118 0.786748 3.13634
1.5373 1.89948 -1.2767 1.92118 0.786748 3.13634
1.53749 1.89947 -1.27583 1.92118 0.786748 3.13634
1.53769 1.89947 -1.27496 1.92118 0.786748 3.13634
1.53788 1.89946 -1.2741 1.92118 0.786748 3.13634
1.53807 1.89945 -1.27323 1.92118 0.786748 3.13634
1.53826 1.89944 -1.27236 1.92118 0.786748 3.13634
1.53846 1.89943 -1.2715 1.92118 0.786748 3.13634
1.53865 1.89942 -1.27063 1.92118 0.786748 3.13634
1.53884 1.89942 -1.26976 1.92118 0.786748 3.13634
1.53903 1.89941 -1.2689 1.92118 0.786748 3.13634
1.53922 1.8994 -1.26803 1.92118 0.786748 3.13634
1.53942 1.89939 -1.26716 1.92118 0.786748 3.13634
1.53961 1.89938 -1.2663 1.92118 0.786748 3.13634
1.5398 1.89937 -1.26543 1.92118 0.786748 3.13634
1.53999 1.89936 -1.26456 1.92118 0.786748 3.13634
1.54019 1.89936 -1.26369 1.92118 0.786748 3.13634
1.54038 1.89935 -1.26283 1.92118 0.786748 3.13634
1.54057 1.89934 -1.26196 1.92118 0.786748 3.13634
1.54076 1.89933 -1.26109 1.92118 0.786748 3.13634
1.54096 1.89932 -1.26023 1.92118 0.786748 3.13634
1.54115 1.89931 -1.25936 1.92118 0.786748 3.13634
1.54134 1.8993 -1.25849 1.92118 0.786748 3.13634
1.54153 1.8993 -1.25763 1.92118 0.786748 3.13634
1.54172 1.89929 -1.25676 1.92118 0.786748 3.13634
1.54192 1.89928 -1.25589 1.92118 0.786748 3.13634
1.54211 1.89927 -1.25503 1.92118 0.786748 3.13634
1.5423 1.89926 -1.25416 1.92118 0.786748 3.13634
1.54249 1.89925 -1.25329 1.92118 0.786748 3.13634
1.54269 1.89924 -1.25243 1.92118 0.786748 3.13634
1.54288 1.89924 -1.25156 1.92118 0.786748 3.13634
1.54307 1.89923 -1.25069 1.92118 0.786748 3.13634
1.54326 1.89922 -1.24983 1.92118 0.786748 3.13634
1.54346 1.89921 -1.24896 1.92118 0.786748 3.13634
1.54365 1.8992 -1.24809 1.92118 0.786748 3.13634
1.54384 1.89919 -1.24722 1.92118 0.786748 3.13634
1.54403 1.89918 -1.24636 1.92118 0.786748 3.13634
1.54422 1.89918 -1.24549 1.92118 0.786748 3.13634
1.54442 1.89917 -1.24462 1.92118 0.786748 3.13634
1.54461 1.89916 -1.24376 1.92118 0.786748 3.13634
1.5448 1.89915 -1.24289 1.92118 0.786748 3.13634
1.54499 1.89914 -1.24202 1.92118 0.786748 3.13634
1.54519 1.89913 -1.24116 1.92118 0.786748 3.13634
1.54538 1.89913 -1.24029 1.92118 0.786748 3.13634
1.54557 1.89912 -1.23942 1.92118 0.786748 3.13634
1.54576 1.89911 -1.23856 1.92118 0.786748 3.13634
1.54596 1.8991 -1.23769 1.92118 0.786748 3.13634
1.54615 1.89909 -1.23682 1.92118 0.786748 3.13634
1.54634 1.89908 -1.23596 1.92118 0.786748 3.13634
1.54653 1.89907 -1.23509 1.92118 0.786748 3.13634
1.54672 1.89907 -1.23422 1.92118 0.786748 3.13634
1.54692 1.89906 -1.23336 1.92118 0.786748 3.13634
1.54711 1.89905 -1.23249 1.92118 0.786748 3.13634
1.5473 1.89904 -1.23162 1.92118 0.786748 3.13634
1.54749 1.89903 -1.23076 1.92118 0.786748 3.13634
1.54769 1.89902 -1.22989 1.92118 0.786748 3.13634
1.54788 1.89901 -1.22902 1.92118 0.786748 3.13634
1.54807 1.89901 -1.22815 1.92118 0.786748 3.13634
1.54826 1.899 -1.22729 1.92118 0.786748 3.13634
1.54846 1.89899 -1.22642 1.92118 0.786748 3.13634
1.54865 1.89898 -1.22555 1.92118 0.786748 3.13634
1.54884 1.89897 -1.22469 1.92118 0.786748 3.13634
1.54903 1.89896 -1.22382 1.92118 0.786748 3.13634
1.54922 1.89895 -1.22295 1.92118 0.786748 3.13634
1.54942 1.89895 -1.22209 1.92118 0.786748 3.13634
1.54961 1.89894 -1.22122 1.92118 0.786748 3.13634
1.5498 1.89893 -1.22035 1.92118 0.786748 3.13634
1.54999 1.89892 -1.21949 1.92118 0.786748 3.13634
1.55019 1.89891 -1.21862 1.92118 0.786748 3.13634
1.55038 1.8989 -1.21775 1.92118 0.786748 3.13634
1.55057 1.89889 -1.21689 1.92118 0.786748 3.13634
1.55076 1.89889 -1.21602 1.92118 0.786748 3.13634
1.55096 1.89888 -1.21515 1.92118 0.786748 3.13634
1.55115 1.89887 -1.21429 1.92118 0.786748 3.13634
1.55134 1.89886 -1.21342 1.92118 0.786748 3.13634
1.55153 1.89885 -1.21255 1.92118 0.786748 3.13634
1.55172 1.89884 -1.21168 1.92118 0.786748 3.13634
1.55192 1.89884 -1.21082 1.92118 0.786748 3.13634
1.55211 1.89883 -1.20995 1.92118 0.786748 3.13634
1.5523 1.89882 -1.20908 1.92118 0.786748 3.13634
1.55249 1.89881 -1.20822 1.92118 0.786748 3.13634
1.55269 1.8988 -1.20735 1.92118 0.786748 3.13634
1.55288 1.89879 -1.20648 1.92118 0.786748 3.13634
1.55307 1.89878 -1.20562 1.92118 0.786748 3.13634
1.55326 1.89878 -1.20475 1.92118 0.786748 3.13634
1.55346 1.89877 -1.20388 1.92118 0.786748 3.13634
1.55365 1.89876 -1.20302 1.92118 0.786748 3.13634
1.55384 1.89875 -1.20215 1.92118 0.786748 3.13634
1.55403 1.89874 -1.20128 1.92118 0.786748 3.13634
1.55422 1.89873 -1.20042 1.92118 0.786748 3.13634
1.55442 1.89872 -1.19955 1.92118 0.786748 3.13634
1.55461 1.89872 -1.19868 1.92118 0.786748 3.13634
1.5548 1.89871 -1.19782 1.92118 0.786748 3.13634
1.55499 1.8987 -1.19695 1.92118 0.786748 3.13634
1.55519 1.89869 -1.19608 1.92118 0.786748 3.13634
1.55538 1.89868 -1.19522 1.92118 0.786748 3.13634
1.55557 1.89867 -1.19435 1.92118 0.786748 3.13634
1.55576 1.89866 -1.19348 1.92118 0.786748 3.13634
1.55596 1.89866 -1.19261 1.92118 0.786748 3.13634
1.55615 1.89865 -1.19175 1.92118 0.786748 3.13634
1.55634 1.89864 -1.19088 1.92118 0.786748 3.13634
1.55653 1.89863 -1.19001 1.92118 0.786748 3.13634
1.55672 1.89862 -1.18915 1.92118 0.786748 3.13634
1.55692 1.89861 -1.18828 1.92118 0.786748 3.13634
1.55711 1.8986 -1.18741 1.92118 0.786748 3.13634
1.5573 1.8986 -1.18655 1.92118 0.786748 3.13634
1.55749 1.89859 -1.18568 1.92118 0.786748 3.13634
1.55769 1.89858 -1.18481 1.92118 0.786748 3.13634
1.55788 1.89857 -1.18395 1.92118 0.786748 3.13634
1.55807 1.89856 -1.18308 1.92118 0.786748 3.13634
1.55826 1.89855 -1.18221 1.92118 0.786748 3.13634
1.55845 1.89855 -1.18135 1.92118 0.786748 3.13634
1.55865 1.89854 -1.18048 1.92118 0.786748 3.13634
1.55884 1.89853 -1.17961 1.92118 0.786748 3.13634
1.55903 1.89852 -1.17875 1.92118 0.786748 3.13634
1.55922 1.89851 -1.17788 1.92118 0.786748 3.13634
1.55942 1.8985 -1.17701 1.92118 0.786748 3.13634
1.55961 1.89849 -1.17614 1.92118 0.786748 3.13634
1.5598 1.89849 -1.17528 1.92118 0.786748 3.13634
1.55999 1.89848 -1.17441 1.92118 0.786748 3.13634
1.56019 1.89847 -1.17354 1.92118 0.786748 3.13634
1.56038 1.89846 -1.17268 1.92118 0.786748 3.13634
1.56057 1.89845 -1.17181 1.92118 0.786748 3.13634
1.56076 1.89844 -1.17094 1.92118 0.786748 3.13634
1.56095 1.89843 -1.17008 1.92118 0.786748 3.13634
1.56115 1.89843 -1.16921 1.92118 0.786748 3.13634
1.56134 1.89842 -1.16834 1.92118 0.786748 3.13634
1.56153 1.89841 -1.16748 1.92118 0.786748 3.13634
1.56172 1.8984 -1.16661 1.92118 0.786748 3.13634
1.56192 1.89839 -1.16574 1.92118 0.786748 3.13634
1.56211 1.89838 -1.16488 1.92118 0.786748 3.13634
1.5623 1.89837 -1.16401 1.92118 0.786748 3.13634
1.56249 1.89837 -1.16314 1.92118 0.786748 3.13634
1.56269 1.89836 -1.16228 1.92118 0.786748 3.13634
1.56288 1.89835 -1.16141 1.92118 0.786748 3.13634
1.56307 1.89834 -1.16054 1.92118 0.786748 3.13634
1.56326 1.89833 -1.15968 1.92118 0.786748 3.13634
1.56345 1.89832 -1.15881 1.92118 0.786748 3.13634
1.56365 1.89831 -1.15794 1.92118 0.786748 3.13634
1.56384 1.89831 -1.15707 1.92118 0.786748 3.13634
1.56403 1.8983 -1.15621 1.92118 0.786748 3.13634
1.56422 1.89829 -1.15534 1.92118 0.786748 3.13634
1.56442 1.89828 -1.15447 1.92118 0.786748 3.13634
1.56461 1.89827 -1.15361 1.92118 0.786748 3.13634
1.5648 1.89826 -1.15274 1.92118 0.786748 3.13634
1.56499 1.89826 -1.15187 1.92118 0.786748 3.13634
1.56519 1.89825 -1.15101 1.92118 0.786748 3.13634
1.56538 1.89824 -1.15014 1.92118 0.786748 3.13634
1.56557 1.89823 -1.14927 1.92118 0.786748 3.13634
1.56576 1.89822 -1.14841 1.92118 0.786748 3.13634
1.56595 1.89821 -1.14754 1.92118 0.786748 3.13634
1.56615 1.8982 -1.14667 1.92118 0.786748 3.13634
1.56634 1.8982 -1.14581 1.92118 0.786748 3.13634
1.56653 1.89819 -1.14494 1.92118 0.786748 3.13634
1.56672 1.89818 -1.14407 1.92118 0.786748 3.13634
1.56692 1.89817 -1.14321 1.92118 0.786748 3.13634
1.56711 1.89816 -1.14234 1.92118 0.786748 3.13634
1.5673 1.89815 -1.14147 1.92118 0.786748 3.13634
1.56749 1.89814 -1.1406 1.92118 0.786748 3.13634
1.56769 1.89814 -1.13974 1.92118 0.786748 3.13634
1.56788 1.89813 -1.13887 1.92118 0.786748 3.13634
1.56807 1.89812 -1.138 1.92118 0.786748 3.13634
1.56826 1.89811 -1.13714 1.92118 0.786748 3.13634
1.56845 1.8981 -1.13627 1.92118 0.786748 3.13634
1.56865 1.89809 -1.1354 1.92118 0.786748 3.13634
1.56884 1.89808 -1.13454 1.92118 0.786748 3.13634
1.56903 1.89808 -1.13367 1.92118 0.786748 3.13634
1.56922 1.89807 -1.1328 1.92118 0.786748 3.13634
1.56942 1.89806 -1.13194 1.92118 0.786748 3.13634
1.56961 1.89805 -1.13107 1.92118 0.786748 3.13634
1.5698 1.89804 -1.1302 1.92118 0.786748 3.13634
1.56999 1.89803 -1.12934 1.92118 0.786748 3.13634
1.57019 1.89802 -1.12847 1.92118 0.786748 3.13634
1.57038 1.89802 -1.1276 1.92118 0.786748 3.13634
1.57057 1.89801 -1.12674 1.92118 0.786748 3.13634
1.57076 1.898 -1.12587 1.92118 0.786748 3.13634
1.57095 1.89799 -1.125 1.92118 0.786748 3.13634
1.57115 1.89798 -1.12414 1.92118 0.786748 3.13634
1.57134 1.89797 -1.12327 1.92118 0.786748 3.13634
1.57153 1.89797 -1.1224 1.92118 0.786748 3.13634
1.57172 1.89796 -1.12153 1.92118 0.786748 3.13634
1.57192 1.89795 -1.12067 1.92118 0.786748 3.13634
1.57211 1.89794 -1.1198 1.92118 0.786748 3.13634
1.5723 1.89793 -1.11893 1.92118 0.786748 3.13634
1.57249 1.89792 -1.11807 1.92118 0.786748 3.13634
1.57269 1.89791 -1.1172 1.92118 0.786748 3.13634
1.57288 1.89791 -1.11633 1.92118 0.786748 3.13634
1.57307 1.8979 -1.11547 1.92118 0.786748 3.13634
1.57326 1.89789 -1.1146 1.92118 0.786748 3.13634
1.57345 1.89788 -1.11373 1.92118 0.786748 3.13634
1.57365 1.89787 -1.11287 1.92118 0.786748 3.13634
1.57384 1.89786 -1.112 1.92118 0.786748 3.13634
1.57403 1.89785 -1.11113 1.92118 0.786748 3.13634
1.57422 1.89785 -1.11027 1.92118 0.786748 3.13634
1.57442 1.89784 -1.1094 1.92118 0.786748 3.13634
1.57461 1.89783 -1.10853 1.92118 0.786748 3.13634
1.5748 1.89782 -1.10767 1.92118 0.786748 3.13634
1.57499 1.89781 -1.1068 1.92118 0.786748 3.13634
1.57519 1.8978 -1.10593 1.92118 0.786748 3.13634
1.57538 1.89779 -1.10506 1.92118 0.786748 3.13634
1.57557 1.89779 -1.1042 1.92118 0.786748 3.13634
1.57576 1.89778 -1.10333 1.92118 0.786748 3.13634
1.57595 1.89777 -1.10246 1.92118 0.786748 3.13634
1.57615 1.89776 -1.1016 1.92118 0.786748 3.13634
1.57634 1.89775 -1.10073 1.92118 0.786748 3.13634
1.57653 1.89774 -1.09986 1.92118 0.786748 3.13634
1.57672 1.89773 -1.099 1.92118 0.786748 3.13634
1.57692 1.89773 -1.09813 1.92118 0.786748 3.13634
1.57711 1.89772 -1.09726 1.92118 0.786748 3.13634
1.5773 1.89771 -1.0964 1.92118 0.786748 3.13634
1.57749 1.8977 -1.09553 1.92118 0.786748 3.13634
1.57769 1.89769 -1.09466 1.92118 0.786748 3.13634
1.57788 1.89768 -1.0938 1.92118 0.786748 3.13634
1.57807 1.89768 -1.09293 1.92118 0.786748 3.13634
1.57826 1.89767 -1.09206 1.92118 0.786748 3.13634
1.57845 1.89766 -1.0912 1.92118 0.786748 3.13634
1.57865 1.89765 -1.09033 1.92118 0.786748 3.13634
1.57884 1.89764 -1.08946 1.92118 0.786748 3.13634
1.57903 1.89763 -1.0886 1.92118 0.786748 3.13634
1.57922 1.89762 -1.08773 1.92118 0.786748 3.13634
1.57942 1.89762 -1.08686 1.92118 0.786748 3.13634
1.57961 1.89761 -1.08599 1.92118 0.786748 3.13634
1.5798 1.8976 -1.08513 1.92118 0.786748 3.13634
1.57999 1.89759 -1.08426 1.92118 0.786748 3.13634
1.58019 1.89758 -1.08339 1.92118 0.786748 3.13634
1.58038 1.89757 -1.08253 1.92118 0.786748 3.13634
1.58057 1.89756 -1.08166 1.92118 0.786748 3.13634
1.58076 1.89756 -1.08079 1.92118 0.786748 3.13634
1.58095 1.89755 -1.07993 1.92118 0.786748 3.13634
1.58115 1.89754 -1.07906 1.92118 0.786748 3.13634
1.58134 1.89753 -1.07819 1.92118 0.786748 3.13634
1.58153 1.89752 -1.07733 1.92118 0.786748 3.13634
1.58172 1.89751 -1.07646 1.92118 0.786748 3.13634
1.58192 1.8975 -1.07559 1.92118 0.786748 3.13634
1.58211 1.8975 -1.07473 1.92118 0.786748 3.13634
1.5823 1.89749 -1.07386 1.92118 0.786748 3.13634
1.58249 1.89748 -1.07299 1.92118 0.786748 3.13634
1.58269 1.89747 -1.07213 1.92118 0.786748 3.13634
1.58288 1.89746 -1.07126 1.92118 0.786748 3.13634
1.58307 1.89745 -1.07039 1.92118 0.786748 3.13634
1.58326 1.89744 -1.06952 1.92118 0.786748 3.13634
1.58345 1.89744 -1.06866 1.92118 0.786748 3.13634
1.58365 1.89743 -1.06779 1.92118 0.786748 3.13634
1.58384 1.89742 -1.06692 1.92118 0.786748 3.13634
1.58403 1.89741 -1.06606 1.92118 0.786748 3.13634
1.58422 1.8974 -1.06519 1.92118 0.786748 3.13634
1.58442 1.89739 -1.06432 1.92118 0.786748 3.13634
1.58461 1.89739 -1.06346 1.92118 0.786748 3.13634
1.5848 1.89738 -1.06259 1.92118 0.786748 3.13634
1.58499 1.89737 -1.06172 1.92118 0.786748 3.13634
1.58518 1.89736 -1.06086 1.92118 0.786748 3.13634
1.58538 1.89735 -1.05999 1.92118 0.786748 3.13634
1.58557 1.89734 -1.05912 1.92118 0.786748 3.13634
1.58576 1.89733 -1.05826 1.92118 0.786748 3.13634
1.58595 1.89733 -1.05739 1.92118 0.786748 3.13634
1.58615 1.89732 -1.05652 1.92118 0.786748 3.13634
1.58634 1.89731 -1.05566 1.92118 0.786748 3.13634
1.58653 1.8973 -1.05479 1.92118 0.786748 3.13634
1.58672 1.89729 -1.05392 1.92118 0.786748 3.13634
1.58692 1.89728 -1.05306 1.92118 0.786748 3.13634
1.58711 1.89727 -1.05219 1.92118 0.786748 3.13634
1.5873 1.89727 -1.05132 1.92118 0.786748 3.13634
1.58749 1.89726 -1.05045 1.92118 0.786748 3.13634
1.58768 1.89725 -1.04959 1.92118 0.786748 3.13634
1.58788 1.89724 -1.04872 1.92118 0.786748 3.13634
1.58807 1.89723 -1.04785 1.92118 0.786748 3.13634
1.58826 1.89722 -1.04699 1.92118 0.786748 3.13634
1.58845 1.89721 -1.04612 1.92118 0.786748 3.13634
1.58865 1.89721 -1.04525 1.92118 0.786748 3.13634
1.58884 1.8972 -1.04439 1.92118 0.786748 3.13634
1.58903 1.89719 -1.04352 1.92118 0.786748 3.13634
1.58922 1.89718 -1.04265 1.92118 0.786748 3.13634
1.58942 1.89717 -1.04179 1.92118 0.786748 3.13634
1.58961 1.89716 -1.04092 1.92118 0.786748 3.13634
1.5898 1.89715 -1.04005 1.92118 0.786748 3.13634
1.58999 1.89715 -1.03919 1.92118 0.786748 3.13634
1.59018 1.89714 -1.03832 1.92118 0.786748 3.13634
1.59038 1.89713 -1.03745 1.92118 0.786748 3.13634
1.59057 1.89712 -1.03659 1.92118 0.786748 3.13634
1.59076 1.89711 -1.03572 1.92118 0.786748 3.13634
1.59076 1.89711 -1.03572 1.92118 0.786748 3.13634
1.59076 1.89711 -1.03572 1.92155 0.787145 3.13383
1.59076 1.89711 -1.03572 1.92191 0.787542 3.13132
1.59076 1.89711 -1.03572 1.92228 0.787938 3.1288
1.59076 1.89711 -1.03572 1.92264 0.788335 3.12629
1.59076 1.89711 -1.03572 1.92301 0.788732 3.12378
1.59076 1.89711 -1.03572 1.92337 0.789129 3.12127
1.59076 1.89711 -1.03572 1.92374 0.789526 3.11876
1.59076 1.89711 -1.03572 1.92411 0.789922 3.11625
1.59076 1.89711 -1.03572 1.92447 0.790319 3.11373
1.59076 1.89711 -1.03572 1.92484 0.790716 3.11122
1.59076 1.89711 -1.03572 1.9252 0.791113 3.10871
1.59076 1.89711 -1.03572 1.92557 0.79151 3.1062
1.59076 1.89711 -1.03572 1.92593 0.791907 3.10369
1.59076 1.89711 -1.03572 1.9263 0.792303 3.10117
1.59076 1.89711 -1.03572 1.92666 0.7927 3.09866
1.59076 1.89711 -1.03572 1.92703 0.793097 3.09615
1.59076 1.89711 -1.03572 1.9274 0.793494 3.09364
1.59076 1.89711 -1.03572 1.92776 0.793891 3.09113
1.59076 1.89711 -1.03572 1.92813 0.794287 3.08861
1.59076 1.89711 -1.03572 1.92849 0.794684 3.0861
1.59076 1.89711 -1.03572 1.92886 0.795081 3.08359
1.59076 1.89711 -1.03572 1.92922 0.795478 3.08108
1.59076 1.89711 -1.03572 1.92959 0.795875 3.07857
1.59076 1.89711 -1.03572 1.92996 0.796272 3.07606
1.59076 1.89711 -1.03572 1.93032 0.796668 3.07354
1.59076 1.89711 -1.03572 1.93069 0.797065 3.07103
1.59076 1.89711 -1.03572 1.93105 0.797462 3.06852
1.59076 1.89711 -1.03572 1.93142 0.797859 3.06601
1.59076 1.89711 -1.03572 1.93178 0.798256 3.0635
1.59076 1.89711 -1.03572 1.93215 0.798652 3.06098
1.59076 1.89711 -1.03572 1.93251 0.799049 3.05847
1.59076 1.89711 -1.03572 1.93288 0.799446 3.05596
1.59076 1.89711 -1.03572 1.93325 0.799843 3.05345
1.59076 1.89711 -1.03572 1.93361 0.80024 3.05094
1.59076 1.89711 -1.03572 1.93398 0.800636 3.04843
1.59076 1.89711 -1.03572 1.93434 0.801033 3.04591
1.59076 1.89711 -1.03572 1.93471 0.80143 3.0434
1.59076 1.89711 -1.03572 1.93507 0.801827 3.04089
1.59076 1.89711 -1.03572 1.93544 0.802224 3.03838
1.59076 1.89711 -1.03572 1.93581 0.802621 3.03587
1.59076 1.89711 -1.03572 1.93617 0.803017 3.03335
1.59076 1.89711 -1.03572 1.93654 0.803414 3.03084
1.59076 1.89711 -1.03572 1.9369 0.803811 3.02833
1.59076 1.89711 -1.03572 1.93727 0.804208 3.02582
1.59076 1.89711 -1.03572 1.93763 0.804605 3.02331
1.59076 1.89711 -1.03572 1.938 0.805001 3.0208
1.59076 1.89711 -1.03572 1.93836 0.805398 3.01828
1.59076 1.89711 -1.03572 1.93873 0.805795 3.01577
1.59076 1.89711 -1.03572 1.9391 0.806192 3.01326
1.59076 1.89711 -1.03572 1.93946 0.806589 3.01075
1.59076 1.89711 -1.03572 1.93983 0.806985 3.00824
1.59076 1.89711 -1.03572 1.94019 0.807382 3.00572
1.59076 1.89711 -1.03572 1.94056 0.807779 3.00321
1.59076 1.89711 -1.03572 1.94092 0.808176 3.0007
1.59076 1.89711 -1.03572 1.94129 0.808573 2.99819
1.59076 1.89711 -1.03572 1.94166 0.80897 2.99568
1.59076 1.89711 -1.03572 1.94202 0.809366 2.99316
1.59076 1.89711 -1.03572 1.94239 0.809763 2.99065
1.59076 1.89711 -1.03572 1.94275 0.81016 2.98814
1.59076 1.89711 -1.03572 1.94312 0.810557 2.98563
1.59076 1.89711 -1.03572 1.94348 0.810954 2.98312
1.59076 1.89711 -1.03572 1.94385 0.81135 2.98061
1.59076 1.89711 -1.03572 1.94421 0.811747 2.97809
1.59076 1.89711 -1.03572 1.94458 0.812144 2.97558
1.59076 1.89711 -1.03572 1.94495 0.812541 2.97307
1.59076 1.89711 -1.03572 1.94531 0.812938 2.97056
1.59076 1.89711 -1.03572 1.94568 0.813334 2.96805
1.59076 1.89711 -1.03572 1.94604 0.813731 2.96553
1.59076 1.89711 -1.03572 1.94641 0.814128 2.96302
1.59076 1.89711 -1.03572 1.94677 0.814525 2.96051
1.59076 1.89711 -1.03572 1.94714 0.814922 2.958
1.59076 1.89711 -1.03572 1.94751 0.815319 2.95549
1.59076 1.89711 -1.03572 1.94787 0.815715 2.95298
1.59076 1.89711 -1.03572 1.94824 0.816112 2.95046
1.59076 1.89711 -1.03572 1.9486 0.816509 2.94795
1.59076 1.89711 -1.03572 1.94897 0.816906 2.94544
1.59076 1.89711 -1.03572 1.94933 0.817303 2.94293
1.59076 1.89711 -1.03572 1.9497 0.817699 2.94042
1.59076 1.89711 -1.03572 1.95006 0.818096 2.9379
1.59076 1.89711 -1.03572 1.95043 0.818493 2.93539
1.59076 1.89711 -1.03572 1.9508 0.81889 2.93288
1.59076 1.89711 -1.03572 1.95116 0.819287 2.93037
1.59076 1.89711 -1.03572 1.95153 0.819683 2.92786
1.59076 1.89711 -1.03572 1.95189 0.82008 2.92535
1.59076 1.89711 -1.03572 1.95226 0.820477 2.92283
1.59076 1.89711 -1.03572 1.95262 0.820874 2.92032
1.59076 1.89711 -1.03572 1.95299 0.821271 2.91781
1.59076 1.89711 -1.03572 1.95336 0.821668 2.9153
1.59076 1.89711 -1.03572 1.95372 0.822064 2.91279
1.59076 1.89711 -1.03572 1.95409 0.822461 2.91027
1.59076 1.89711 -1.03572 1.95445 0.822858 2.90776
1.59076 1.89711 -1.03572 1.95482 0.823255 2.90525
1.59076 1.89711 -1.03572 1.95518 0.823652 2.90274
1.59076 1.89711 -1.03572 1.95555 0.824048 2.90023
1.59076 1.89711 -1.03572 1.95591 0.824445 2.89771
1.59076 1.89711 -1.03572 1.95628 0.824842 2.8952
1.59076 1.89711 -1.03572 1.95665 0.825239 2.89269
1.59076 1.89711 -1.03572 1.95701 0.825636 2.89018
1.59076 1.89711 -1.03572 1.95738 0.826032 2.88767
1.59076 1.89711 -1.03572 1.95774 0.826429 2.88516
1.59076 1.89711 -1.03572 1.95811 0.826826 2.88264
1.59076 1.89711 -1.03572 1.95847 0.827223 2.88013
1.59076 1.89711 -1.03572 1.95884 0.82762 2.87762
1.59076 1.89711 -1.03572 1.95921 0.828017 2.87511
1.59076 1.89711 -1.03572 1.95957 0.828413 2.8726
1.59076 1.89711 -1.03572 1.95994 0.82881 2.87008
1.59076 1.89711 -1.03572 1.9603 0.829207 2.86757
1.59076 1.89711 -1.03572 1.96067 0.829604 2.86506
1.59076 1.89711 -1.03572 1.96103 0.830001 2.86255
1.59076 1.89711 -1.03572 1.9614 0.830397 2.86004
1.59076 1.89711 -1.03572 1.96176 0.830794 2.85753
1.59076 1.89711 -1.03572 1.96213 0.831191 2.85501
1.59076 1.89711 -1.03572 1.9625 0.831588 2.8525
1.59076 1.89711 -1.03572 1.96286 0.831985 2.84999
1.59076 1.89711 -1.03572 1.96323 0.832382 2.84748
1.59076 1.89711 -1.03572 1.96359 0.832778 2.84497
1.59076 1.89711 -1.03572 1.96396 0.833175 2.84245
1.59076 1.89711 -1.03572 1.96432 0.833572 2.83994
1.59076 1.89711 -1.03572 1.96469 0.833969 2.83743
1.59076 1.89711 -1.03572 1.96506 0.834366 2.83492
1.59076 1.89711 -1.03572 1.96542 0.834762 2.83241
1.59076 1.89711 -1.03572 1.96579 0.835159 2.8299
1.59076 1.89711 -1.03572 1.96615 0.835556 2.82738
1.59076 1.89711 -1.03572 1.96652 0.835953 2.82487
1.59076 1.89711 -1.03572 1.96688 0.83635 2.82236
1.59076 1.89711 -1.03572 1.96725 0.836746 2.81985
1.59076 1.89711 -1.03572 1.96762 0.837143 2.81734
1.59076 1.89711 -1.03572 1.96798 0.83754 2.81482
1.59076 1.89711 -1.03572 1.96835 0.837937 2.81231
1.59076 1.89711 -1.03572 1.96871 0.838334 2.8098
1.59076 1.89711 -1.03572 1.96908 0.838731 2.80729
1.59076 1.89711 -1.03572 1.96944 0.839127 2.80478
1.59076 1.89711 -1.03572 1.96981 0.839524 2.80226
1.59076 1.89711 -1.03572 1.97017 0.839921 2.79975
1.59076 1.89711 -1.03572 1.97054 0.840318 2.79724
1.59076 1.89711 -1.03572 1.97091 0.840715 2.79473
1.59076 1.89711 -1.03572 1.97127 0.841111 2.79222
1.59076 1.89711 -1.03572 1.97164 0.841508 2.78971
1.59076 1.89711 -1.03572 1.972 0.841905 2.78719
1.59076 1.89711 -1.03572 1.97237 0.842302 2.78468
1.59076 1.89711 -1.03572 1.97273 0.842699 2.78217
1.59076 1.89711 -1.03572 1.9731 0.843095 2.77966
1.59076 1.89711 -1.03572 1.97347 0.843492 2.77715
1.59076 1.89711 -1.03572 1.97383 0.843889 2.77463
1.59076 1.89711 -1.03572 1.9742 0.844286 2.77212
1.59076 1.89711 -1.03572 1.97456 0.844683 2.76961
1.59076 1.89711 -1.03572 1.97493 0.84508 2.7671
1.59076 1.89711 -1.03572 1.97529 0.845476 2.76459
1.59076 1.89711 -1.03572 1.97566 0.845873 2.76208
1.59076 1.89711 -1.03572 1.97602 0.84627 2.75956
1.59076 1.89711 -1.03572 1.97639 0.846667 2.75705
1.59076 1.89711 -1.03572 1.97676 0.847064 2.75454
1.59076 1.89711 -1.03572 1.97712 0.84746 2.75203
1.59076 1.89711 -1.03572 1.97749 0.847857 2.74952
1.59076 1.89711 -1.03572 1.97785 0.848254 2.747
1.59076 1.89711 -1.03572 1.97822 0.848651 2.74449
1.59076 1.89711 -1.03572 1.97858 0.849048 2.74198
1.59076 1.89711 -1.03572 1.97895 0.849444 2.73947
1.59076 1.89711 -1.03572 1.97932 0.849841 2.73696
1.59076 1.89711 -1.03572 1.97968 0.850238 2.73445
1.59076 1.89711 -1.03572 1.98005 0.850635 2.73193
1.59076 1.89711 -1.03572 1.98041 0.851032 2.72942
1.59076 1.89711 -1.03572 1.98078 0.851429 2.72691
1.59076 1.89711 -1.03572 1.98114 0.851825 2.7244
1.59076 1.89711 -1.03572 1.98151 0.852222 2.72189
1.59076 1.89711 -1.03572 1.98187 0.852619 2.71937
1.59076 1.89711 -1.03572 1.98224 0.853016 2.71686
1.59076 1.89711 -1.03572 1.98261 0.853413 2.71435
1.59076 1.89711 -1.03572 1.98297 0.853809 2.71184
1.59076 1.89711 -1.03572 1.98334 0.854206 2.70933
1.59076 1.89711 -1.03572 1.9837 0.854603 2.70681
1.59076 1.89711 -1.03572 1.98407 0.855 2.7043
1.59076 1.89711 -1.03572 1.98443 0.855397 2.70179
1.59076 1.89711 -1.03572 1.9848 0.855793 2.69928
1.59076 1.89711 -1.03572 1.98517 0.85619 2.69677
1.59076 1.89711 -1.03572 1.98553 0.856587 2.69426
1.59076 1.89711 -1.03572 1.9859 0.856984 2.69174
1.59076 1.89711 -1.03572 1.98626 0.857381 2.68923
1.59076 1.89711 -1.03572 1.98663 0.857778 2.68672
1.59076 1.89711 -1.03572 1.98699 0.858174 2.68421
1.59076 1.89711 -1.03572 1.98736 0.858571 2.6817
1.59076 1.89711 -1.03572 1.98772 0.858968 2.67918
1.59076 1.89711 -1.03572 1.98809 0.859365 2.67667
1.59076 1.89711 -1.03572 1.98846 0.859762 2.67416
1.59076 1.89711 -1.03572 1.98882 0.860158 2.67165
1.59076 1.89711 -1.03572 1.98919 0.860555 2.66914
1.59076 1.89711 -1.03572 1.98955 0.860952 2.66663
1.59076 1.89711 -1.03572 1.98992 0.861349 2.66411
1.59076 1.89711 -1.03572 1.99028 0.861746 2.6616
1.59076 1.89711 -1.03572 1.99065 0.862142 2.65909
1.59076 1.89711 -1.03572 1.99102 0.862539 2.65658
1.59076 1.89711 -1.03572 1.99138 0.862936 2.65407
1.59076 1.89711 -1.03572 1.99175 0.863333 2.65155
1.59076 1.89711 -1.03572 1.99211 0.86373 2.64904
1.59076 1.89711 -1.03572 1.99248 0.864127 2.64653
1.59076 1.89711 -1.03572 1.99284 0.864523 2.64402
1.59076 1.89711 -1.03572 1.99321 0.86492 2.64151
1.59076 1.89711 -1.03572 1.99357 0.865317 2.639
1.59076 1.89711 -1.03572 1.99394 0.865714 2.63648
1.59076 1.89711 -1.03572 1.99431 0.866111 2.63397
1.59076 1.89711 -1.03572 1.99467 0.866507 2.63146
1.59076 1.89711 -1.03572 1.99504 0.866904 2.62895
1.59076 1.89711 -1.03572 1.9954 0.867301 2.62644
1.59076 1.89711 -1.03572 1.99577 0.867698 2.62392
1.59076 1.89711 -1.03572 1.99613 0.868095 2.62141
1.59076 1.89711 -1.03572 1.9965 0.868491 2.6189
1.59076 1.89711 -1.03572 1.99687 0.868888 2.61639
1.59076 1.89711 -1.03572 1.99723 0.869285 2.61388
1.59076 1.89711 -1.03572 1.9976 0.869682 2.61136
1.59076 1.89711 -1.03572 1.99796 0.870079 2.60885
1.59076 1.89711 -1.03572 1.99833 0.870476 2.60634
1.59076 1.89711 -1.03572 1.99869 0.870872 2.60383
1.59076 1.89711 -1.03572 1.99906 0.871269 2.60132
1.59076 1.89711 -1.03572 1.99942 0.871666 2.59881
1.59076 1.89711 -1.03572 1.99979 0.872063 2.59629
1.59076 1.89711 -1.03572 2.00016 0.87246 2.59378
1.59076 1.89711 -1.03572 2.00052 0.872856 2.59127
1.59076 1.89711 -1.03572 2.00089 0.873253 2.58876
1.59076 1.89711 -1.03572 2.00125 0.87365 2.58625
1.59076 1.89711 -1.03572 2.00162 0.874047 2.58373
1.59076 1.89711 -1.03572 2.00198 0.874444 2.58122
1.59076 1.89711 -1.03572 2.00235 0.874841 2.57871
1.59076 1.89711 -1.03572 2.00272 0.875237 2.5762
1.59076 1.89711 -1.03572 2.00308 0.875634 2.57369
1.59076 1.89711 -1.03572 2.00345 0.876031 2.57118
1.59076 1.89711 -1.03572 2.00381 0.876428 2.56866
1.59076 1.89711 -1.03572 2.00418 0.876825 2.56615
1.59076 1.89711 -1.03572 2.00454 0.877221 2.56364
1.59076 1.89711 -1.03572 2.00491 0.877618 2.56113
1.59076 1.89711 -1.03572 2.00527 0.878015 2.55862
1.59076 1.89711 -1.03572 2.00564 0.878412 2.5561
1.59076 1.89711 -1.03572 2.00601 0.878809 2.55359
1.59076 1.89711 -1.03572 2.00637 0.879205 2.55108
1.59076 1.89711 -1.03572 2.00674 0.879602 2.54857
1.59076 1.89711 -1.03572 2.0071 0.879999 2.54606
1.59076 1.89711 -1.03572 2.00747 0.880396 2.54354
1.59076 1.89711 -1.03572 2.00783 0.880793 2.54103
1.59076 1.89711 -1.03572 2.0082 0.88119 2.53852
1.59076 1.89711 -1.03572 2.00857 0.881586 2.53601
1.59076 1.89711 -1.03572 2.00893 0.881983 2.5335
1.59076 1.89711 -1.03572 2.0093 0.88238 2.53099
1.59076 1.89711 -1.03572 2.00966 0.882777 2.52847
1.59076 1.89711 -1.03572 2.01003 0.883174 2.52596
1.59076 1.89711 -1.03572 2.01039 0.88357 2.52345
1.59076 1.89711 -1.03572 2.01076 0.883967 2.52094
1.59076 1.89711 -1.03572 2.01113 0.884364 2.51843
1.59076 1.89711 -1.03572 2.01149 0.884761 2.51591
1.59076 1.89711 -1.03572 2.01186 0.885158 2.5134
1.59076 1.89711 -1.03572 2.01222 0.885554 2.51089
1.59076 1.89711 -1.03572 2.01259 0.885951 2.50838
1.59076 1.89711 -1.03572 2.01295 0.886348 2.50587
1.59076 1.89711 -1.03572 2.01332 0.886745 2.50336
1.59076 1.89711 -1.03572 2.01368 0.887142 2.50084
1.59076 1.89711 -1.03572 2.01405 0.887539 2.49833
1.59076 1.89711 -1.03572 2.01442 0.887935 2.49582
1.59076 1.89711 -1.03572 2.01478 0.888332 2.49331
1.59076 1.89711 -1.03572 2.01515 0.888729 2.4908
1.59076 1.89711 -1.03572 2.01551 0.889126 2.48828
1.59076 1.89711 -1.03572 2.01588 0.889523 2.48577
1.59076 1.89711 -1.03572 2.01624 0.889919 2.48326
1.59076 1.89711 -1.03572 2.01661 0.890316 2.48075
1.59076 1.89711 -1.03572 2.01698 0.890713 2.47824
1.59076 1.89711 -1.03572 2.01734 0.89111 2.47573
1.59076 1.89711 -1.03572 2.01771 0.891507 2.47321
1.59076 1.89711 -1.03572 2.01807 0.891903 2.4707
1.59076 1.89711 -1.03572 2.01844 0.8923 2.46819
1.59076 1.89711 -1.03572 2.0188 0.892697 2.46568
1.59076 1.89711 -1.03572 2.01917 0.893094 2.46317
1.59076 1.89711 -1.03572 2.01953 0.893491 2.46065
1.59076 1.89711 -1.03572 2.0199 0.893888 2.45814
1.59076 1.89711 -1.03572 2.02027 0.894284 2.45563
1.59076 1.89711 -1.03572 2.02063 0.894681 2.45312
1.59076 1.89711 -1.03572 2.021 0.895078 2.45061
1.59076 1.89711 -1.03572 2.02136 0.895475 2.44809
1.59076 1.89711 -1.03572 2.02173 0.895872 2.44558
1.59076 1.89711 -1.03572 2.02209 0.896268 2.44307
1.59076 1.89711 -1.03572 2.02246 0.896665 2.44056
1.59076 1.89711 -1.03572 2.02283 0.897062 2.43805
1.59076 1.89711 -1.03572 2.02319 0.897459 2.43554
1.59076 1.89711 -1.03572 2.02356 0.897856 2.43302
1.59076 1.89711 -1.03572 2.02392 0.898252 2.43051
1.59076 1.89711 -1.03572 2.02429 0.898649 2.428
1.59076 1.89711 -1.03572 2.02465 0.899046 2.42549
1.59076 1.89711 -1.03572 2.02502 0.899443 2.42298
1.59076 1.89711 -1.03572 2.02538 0.89984 2.42046
1.59076 1.89711 -1.03572 2.02575 0.900237 2.41795
1.59076 1.89711 -1.03572 2.02612 0.900633 2.41544
1.59076 1.89711 -1.03572 2.02648 0.90103 2.41293
1.59076 1.89711 -1.03572 2.02685 0.901427 2.41042
1.59076 1.89711 -1.03572 2.02721 0.901824 2.40791
1.59076 1.89711 -1.03572 2.02758 0.902221 2.40539
1.59076 1.89711 -1.03572 2.02794 0.902617 2.40288
1.59076 1.89711 -1.03572 2.02831 0.903014 2.40037
1.59076 1.89711 -1.03572 2.02868 0.903411 2.39786
1.59076 1.89711 -1.03572 2.02904 0.903808 2.39535
1.59076 1.89711 -1.03572 2.02941 0.904205 2.39283
1.59076 1.89711 -1.03572 2.02977 0.904601 2.39032
1.59076 1.89711 -1.03572 2.03014 0.904998 2.38781
1.59076 1.89711 -1.03572 2.0305 0.905395 2.3853
1.59076 1.89711 -1.03572 2.03087 0.905792 2.38279
1.59076 1.89711 -1.03572 2.03123 0.906189 2.38028
1.59076 1.89711 -1.03572 2.0316 0.906586 2.37776
1.59076 1.89711 -1.03572 2.03197 0.906982 2.37525
1.59076 1.89711 -1.03572 2.03233 0.907379 2.37274
1.59076 1.89711 -1.03572 2.0327 0.907776 2.37023
1.59076 1.89711 -1.03572 2.03306 0.908173 2.36772
1.59076 1.89711 -1.03572 2.03343 0.90857 2.3652
1.59076 1.89711 -1.03572 2.03379 0.908966 2.36269
1.59076 1.89711 -1.03572 2.03416 0.909363 2.36018
1.59076 1.89711 -1.03572 2.03453 0.90976 2.35767
1.59076 1.89711 -1.03572 2.03489 0.910157 2.35516
1.59076 1.89711 -1.03572 2.03526 0.910554 2.35264
1.59076 1.89711 -1.03572 2.03562 0.91095 2.35013
1.59076 1.89711 -1.03572 2.03599 0.911347 2.34762
1.59076 1.89711 -1.03572 2.03635 0.911744 2.34511
1.59076 1.89711 -1.03572 2.03672 0.912141 2.3426
1.59076 1.89711 -1.03572 2.03708 0.912538 2.34009
1.59076 1.89711 -1.03572 2.03745 0.912935 2.33757
1.59076 1.89711 -1.03572 2.03782 0.913331 2.33506
1.59076 1.89711 -1.03572 2.03818 0.913728 2.33255
1.59076 1.89711 -1.03572 2.03855 0.914125 2.33004
1.59076 1.89711 -1.03572 2.03891 0.914522 2.32753
1.59076 1.89711 -1.03572 2.03928 0.914919 2.32501
1.59076 1.89711 -1.03572 2.03964 0.915315 2.3225
1.59076 1.89711 -1.03572 2.04001 0.915712 2.31999
1.59076 1.89711 -1.03572 2.04038 0.916109 2.31748
1.59076 1.89711 -1.03572 2.04074 0.916506 2.31497
1.59076 1.89711 -1.03572 2.04111 0.916903 2.31246
1.59076 1.89711 -1.03572 2.04147 0.9173 2.30994
1.59076 1.89711 -1.03572 2.04184 0.917696 2.30743
1.59076 1.89711 -1.03572 2.0422 0.918093 2.30492
1.59076 1.89711 -1.03572 2.04257 0.91849 2.30241
1.59076 1.89711 -1.03572 2.04293 0.918887 2.2999
1.59076 1.89711 -1.03572 2.0433 0.919284 2.29738
1.59076 1.89711 -1.03572 2.04367 0.91968 2.29487
1.59076 1.89711 -1.03572 2.04403 0.920077 2.29236
1.59076 1.89711 -1.03572 2.0444 0.920474 2.28985
1.59076 1.89711 -1.03572 2.04476 0.920871 2.28734
1.59076 1.89711 -1.03572 2.04513 0.921268 2.28483
1.59076 1.89711 -1.03572 2.04549 0.921664 2.28231
1.59076 1.89711 -1.03572 2.04586 0.922061 2.2798
1.59076 1.89711 -1.03572 2.04623 0.922458 2.27729
1.59076 1.89711 -1.03572 2.04659 0.922855 2.27478
1.59076 1.89711 -1.03572 2.04696 0.923252 2.27227
1.59076 1.89711 -1.03572 2.04732 0.923649 2.26975
1.59076 1.89711 -1.03572 2.04769 0.924045 2.26724
1.59076 1.89711 -1.03572 2.04805 0.924442 2.26473
1.59076 1.89711 -1.03572 2.04842 0.924839 2.26222
1.59076 1.89711 -1.03572 2.04878 0.925236 2.25971
1.59076 1.89711 -1.03572 2.04915 0.925633 2.25719
1.59076 1.89711 -1.03572 2.04952 0.926029 2.25468
1.59076 1.89711 -1.03572 2.04988 0.926426 2.25217
1.59076 1.89711 -1.03572 2.05025 0.926823 2.24966
1.59076 1.89711 -1.03572 2.05061 0.92722 2.24715
1.59076 1.89711 -1.03572 2.05098 0.927617 2.24464
1.59076 1.89711 -1.03572 2.05134 0.928013 2.24212
1.59076 1.89711 -1.03572 2.05171 0.92841 2.23961
1.59076 1.89711 -1.03572 2.05208 0.928807 2.2371
1.59076 1.89711 -1.03572 2.05244 0.929204 2.23459
1.59076 1.89711 -1.03572 2.05281 0.929601 2.23208
1.59076 1.89711 -1.03572 2.05317 0.929998 2.22956
1.59076 1.89711 -1.03572 2.05354 0.930394 2.22705
1.59076 1.89711 -1.03572 2.0539 0.930791 2.22454
1.59076 1.89711 -1.03572 2.05427 0.931188 2.22203
1.59076 1.89711 -1.03572 2.05464 0.931585 2.21952
1.59076 1.89711 -1.03572 2.055 0.931982 2.21701
1.59076 1.89711 -1.03572 2.05537 0.932378 2.21449
1.59076 1.89711 -1.03572 2.05573 0.932775 2.21198
1.59076 1.89711 -1.03572 2.0561 0.933172 2.20947
1.59076 1.89711 -1.03572 2.05646 0.933569 2.20696
1.59076 1.89711 -1.03572 2.05683 0.933966 2.20445
1.59076 1.89711 -1.03572 2.05719 0.934362 2.20193
1.59076 1.89711 -1.03572 2.05756 0.934759 2.19942
1.59076 1.89711 -1.03572 2.05793 0.935156 2.19691
1.59076 1.89711 -1.03572 2.05829 0.935553 2.1944
1.59076 1.89711 -1.03572 2.05866 0.93595 2.19189
1.59076 1.89711 -1.03572 2.05902 0.936347 2.18938
1.59076 1.89711 -1.03572 2.05939 0.936743 2.18686
1.59076 1.89711 -1.03572 2.05975 0.93714 2.18435
1.59076 1.89711 -1.03572 2.06012 0.937537 2.18184
1.59076 1.89711 -1.03572 2.06049 0.937934 2.17933
1.59076 1.89711 -1.03572 2.06085 0.938331 2.17682
1.59076 1.89711 -1.03572 2.06122 0.938727 2.1743
1.59076 1.89711 -1.03572 2.06158 0.939124 2.17179
1.59076 1.89711 -1.03572 2.06195 0.939521 2.16928
1.59076 1.89711 -1.03572 2.06231 0.939918 2.16677
1.59076 1.89711 -1.03572 2.06268 0.940315 2.16426
1.59076 1.89711 -1.03572 2.06304 0.940711 2.16174
1.59076 1.89711 -1.03572 2.06341 0.941108 2.15923
1.59076 1.89711 -1.03572 2.06378 0.941505 2.15672
1.59076 1.89711 -1.03572 2.06414 0.941902 2.15421
1.59076 1.89711 -1.03572 2.06451 0.942299 2.1517
1.59076 1.89711 -1.03572 2.06487 0.942696 2.14919
1.59076 1.89711 -1.03572 2.06524 0.943092 2.14667
1.59076 1.89711 -1.03572 2.0656 0.943489 2.14416
1.59076 1.89711 -1.03572 2.06597 0.943886 2.14165
1.59076 1.89711 -1.03572 2.06634 0.944283 2.13914
1.59076 1.89711 -1.03572 2.0667 0.94468 2.13663
1.59076 1.89711 -1.03572 2.06707 0.945076 2.13411
1.59076 1.89711 -1.03572 2.06743 0.945473 2.1316
1.59076 1.89711 -1.03572 2.0678 0.94587 2.12909
1.59076 1.89711 -1.03572 2.06816 0.946267 2.12658
1.59076 1.89711 -1.03572 2.06853 0.946664 2.12407
1.59076 1.89711 -1.03572 2.06889 0.94706 2.12156
1.59076 1.89711 -1.03572 2.06926 0.947457 2.11904
1.59076 1.89711 -1.03572 2.06963 0.947854 2.11653
1.59076 1.89711 -1.03572 2.06999 0.948251 2.11402
1.59076 1.89711 -1.03572 2.07036 0.948648 2.11151
1.59076 1.89711 -1.03572 2.07072 0.949045 2.109
1.59076 1.89711 -1.03572 2.07109 0.949441 2.10648
1.59076 1.89711 -1.03572 2.07145 0.949838 2.10397
1.59076 1.89711 -1.03572 2.07182 0.950235 2.10146
1.59076 1.89711 -1.03572 2.07219 0.950632 2.09895
1.59076 1.89711 -1.03572 2.07255 0.951029 2.09644
1.59076 1.89711 -1.03572 2.07292 0.951425 2.09393
1.59076 1.89711 -1.03572 2.07328 0.951822 2.09141
1.59076 1.89711 -1.03572 2.07365 0.952219 2.0889
1.59076 1.89711 -1.03572 2.07401 0.952616 2.08639
1.59076 1.89711 -1.03572 2.07438 0.953013 2.08388
1.59076 1.89711 -1.03572 2.07474 0.953409 2.08137
1.59076 1.89711 -1.03572 2.07511 0.953806 2.07885
1.59076 1.89711 -1.03572 2.07548 0.954203 2.07634
1.59076 1.89711 -1.03572 2.07584 0.9546 2.07383
1.59076 1.89711 -1.03572 2.07621 0.954997 2.07132
1.59076 1.89711 -1.03572 2.07657 0.955394 2.06881
1.59076 1.89711 -1.03572 2.07694 0.95579 2.06629
1.59076 1.89711 -1.03572 2.0773 0.956187 2.06378
1.59076 1.89711 -1.03572 2.07767 0.956584 2.06127
1.59076 1.89711 -1.03572 2.07804 0.956981 2.05876
1.59076 1.89711 -1.03572 2.0784 0.957378 2.05625
1.59076 1.89711 -1.03572 2.07877 0.957774 2.05374
1.59076 1.89711 -1.03572 2.07913 0.958171 2.05122
1.59076 1.89711 -1.03572 2.0795 0.958568 2.04871
1.59076 1.89711 -1.03572 2.07986 0.958965 2.0462
1.59076 1.89711 -1.03572 2.08023 0.959362 2.04369
1.59076 1.89711 -1.03572 2.08059 0.959759 2.04118
1.59076 1.89711 -1.03572 2.08096 0.960155 2.03866
1.59076 1.89711 -1.03572 2.08133 0.960552 2.03615
1.59076 1.89711 -1.03572 2.08169 0.960949 2.03364
1.59076 1.89711 -1.03572 2.08206 0.961346 2.03113
1.59076 1.89711 -1.03572 2.08242 0.961743 2.02862
1.59076 1.89711 -1.03572 2.08279 0.962139 2.02611
1.59076 1.89711 -1.03572 2.08315 0.962536 2.02359
1.59076 1.89711 -1.03572 2.08352 0.962933 2.02108
1.59076 1.89711 -1.03572 2.08389 0.96333 2.01857
1.59076 1.89711 -1.03572 2.08425 0.963727 2.01606
1.59076 1.89711 -1.03572 2.08462 0.964123 2.01355
1.59076 1.89711 -1.03572 2.08498 0.96452 2.01103
1.59076 1.89711 -1.03572 2.08535 0.964917 2.00852
1.59076 1.89711 -1.03572 2.08571 0.965314 2.00601
1.59076 1.89711 -1.03572 2.08608 0.965711 2.0035
1.59076 1.89711 -1.03572 2.08644 0.966108 2.00099
1.59076 1.89711 -1.03572 2.08681 0.966504 1.99848
1.59076 1.89711 -1.03572 2.08718 0.966901 1.99596
1.59076 1.89711 -1.03572 2.08754 0.967298 1.99345
1.59076 1.89711 -1.03572 2.08791 0.967695 1.99094
1.59076 1.89711 -1.03572 2.08827 0.968092 1.98843
1.59076 1.89711 -1.03572 2.08864 0.968488 1.98592
1.59076 1.89711 -1.03572 2.089 0.968885 1.9834
1.59076 1.89711 -1.03572 2.08937 0.969282 1.98089
1.59076 1.89711 -1.03572 2.08974 0.969679 1.97838
1.59076 1.89711 -1.03572 2.0901 0.970076 1.97587
1.59076 1.89711 -1.03572 2.09047 0.970472 1.97336
1.59076 1.89711 -1.03572 2.09083 0.970869 1.97084
1.59076 1.89711 -1.03572 2.0912 0.971266 1.96833
1.59076 1.89711 -1.03572 2.09156 0.971663 1.96582
1.59076 1.89711 -1.03572 2.09193 0.97206 1.96331
1.59076 1.89711 -1.03572 2.09229 0.972457 1.9608
1.59076 1.89711 -1.03572 2.09266 0.972853 1.95829
1.59076 1.89711 -1.03572 2.09303 0.97325 1.95577
1.59076 1.89711 -1.03572 2.09339 0.973647 1.95326
1.59076 1.89711 -1.03572 2.09376 0.974044 1.95075
1.59076 1.89711 -1.03572 2.09412 0.974441 1.94824
1.59076 1.89711 -1.03572 2.09449 0.974837 1.94573
1.59076 1.89711 -1.03572 2.09485 0.975234 1.94321
1.59076 1.89711 -1.03572 2.09522 0.975631 1.9407
1.59076 1.89711 -1.03572 2.09559 0.976028 1.93819
1.59076 1.89711 -1.03572 2.09595 0.976425 1.93568
1.59076 1.89711 -1.03572 2.09632 0.976821 1.93317
1.59076 1.89711 -1.03572 2.09668 0.977218 1.93066
1.59076 1.89711 -1.03572 2.09705 0.977615 1.92814
1.59076 1.89711 -1.03572 2.09741 0.978012 1.92563
1.59076 1.89711 -1.03572 2.09778 0.978409 1.92312
1.59076 1.89711 -1.03572 2.09815 0.978806 1.92061
1.59076 1.89711 -1.03572 2.09851 0.979202 1.9181
1.59076 1.89711 -1.03572 2.09888 0.979599 1.91558
1.59076 1.89711 -1.03572 2.09924 0.979996 1.91307
1.59076 1.89711 -1.03572 2.09961 0.980393 1.91056
1.59076 1.89711 -1.03572 2.09997 0.98079 1.90805
1.59076 1.89711 -1.03572 2.10034 0.981186 1.90554
1.59076 1.89711 -1.03572 2.1007 0.981583 1.90303
1.59076 1.89711 -1.03572 2.10107 0.98198 1.90051
1.59076 1.89711 -1.03572 2.10144 0.982377 1.898
1.59076 1.89711 -1.03572 2.1018 0.982774 1.89549
1.59076 1.89711 -1.03572 2.10217 0.98317 1.89298
1.59076 1.89711 -1.03572 2.10253 0.983567 1.89047
1.59076 1.89711 -1.03572 2.1029 0.983964 1.88795
1.59076 1.89711 -1.03572 2.10326 0.984361 1.88544
1.59076 1.89711 -1.03572 2.10363 0.984758 1.88293
1.59076 1.89711 -1.03572 2.104 0.985155 1.88042
1.59076 1.89711 -1.03572 2.10436 0.985551 1.87791
1.59076 1.89711 -1.03572 2.10473 0.985948 1.87539
1.59076 1.89711 -1.03572 2.10509 0.986345 1.87288
1.59076 1.89711 -1.03572 2.10546 0.986742 1.87037
1.59076 1.89711 -1.03572 2.10582 0.987139 1.86786
1.59076 1.89711 -1.03572 2.10619 0.987535 1.86535
1.59076 1.89711 -1.03572 2.10655 0.987932 1.86284
1.59076 1.89711 -1.03572 2.10692 0.988329 1.86032
1.59076 1.89711 -1.03572 2.10729 0.988726 1.85781
1.59076 1.89711 -1.03572 2.10765 0.989123 1.8553
1.59076 1.89711 -1.03572 2.10802 0.989519 1.85279
1.59076 1.89711 -1.03572 2.10838 0.989916 1.85028
1.59076 1.89711 -1.03572 2.10875 0.990313 1.84776
1.59076 1.89711 -1.03572 2.10911 0.99071 1.84525
1.59076 1.89711 -1.03572 2.10948 0.991107 1.84274
1.59076 1.89711 -1.03572 2.10985 0.991504 1.84023
1.59076 1.89711 -1.03572 2.11021 0.9919 1.83772
1.59076 1.89711 -1.03572 2.11058 0.992297 1.83521
1.59076 1.89711 -1.03572 2.11094 0.992694 1.83269
1.59076 1.89711 -1.03572 2.11131 0.993091 1.83018
1.59076 1.89711 -1.03572 2.11167 0.993488 1.82767
1.59076 1.89711 -1.03572 2.11204 0.993884 1.82516
1.59076 1.89711 -1.03572 2.1124 0.994281 1.82265
1.59076 1.89711 -1.03572 2.11277 0.994678 1.82013
1.59076 1.89711 -1.03572 2.11314 0.995075 1.81762
1.59076 1.89711 -1.03572 2.1135 0.995472 1.81511
1.59076 1.89711 -1.03572 2.11387 0.995869 1.8126
1.59076 1.89711 -1.03572 2.11423 0.996265 1.81009
1.59076 1.89711 -1.03572 2.1146 0.996662 1.80758
1.59076 1.89711 -1.03572 2.11496 0.997059 1.80506
1.59076 1.89711 -1.03572 2.11533 0.997456 1.80255
1.59076 1.89711 -1.03572 2.1157 0.997853 1.80004
1.59076 1.89711 -1.03572 2.11606 0.998249 1.79753
1.59076 1.89711 -1.03572 2.11643 0.998646 1.79502
1.59076 1.89711 -1.03572 2.11679 0.999043 1.7925
1.59076 1.89711 -1.03572 2.11716 0.99944 1.78999
1.59076 1.89711 -1.03572 2.11752 0.999837 1.78748
1.59076 1.89711 -1.03572 2.11789 1.00023 1.78497
1.59076 1.89711 -1.03572 2.11825 1.00063 1.78246
1.59076 1.89711 -1.03572 2.11862 1.00103 1.77994
1.59076 1.89711 -1.03572 2.11899 1.00142 1.77743
1.59076 1.89711 -1.03572 2.11935 1.00182 1.77492
1.59076 1.89711 -1.03572 2.11972 1.00222 1.77241
1.59076 1.89711 -1.03572 2.12008 1.00261 1.7699
1.59076 1.89711 -1.03572 2.12045 1.00301 1.76739
1.59076 1.89711 -1.03572 2.12081 1.00341 1.76487
1.59076 1.89711 -1.03572 2.12118 1.0038 1.76236
1.59076 1.89711 -1.03572 2.12155 1.0042 1.75985
1.59076 1.89711 -1.03572 2.12191 1.0046 1.75734
1.59076 1.89711 -1.03572 2.12228 1.005 1.75483
1.59076 1.89711 -1.03572 2.12264 1.00539 1.75231
1.59076 1.89711 -1.03572 2.12301 1.00579 1.7498
1.59076 1.89711 -1.03572 2.12337 1.00619 1.74729
1.59076 1.89711 -1.03572 2.12374 1.00658 1.74478
1.59076 1.89711 -1.03572 2.1241 1.00698 1.74227
1.59076 1.89711 -1.03572 2.12447 1.00738 1.73976
1.59076 1.89711 -1.03572 2.12484 1.00777 1.73724
1.59076 1.89711 -1.03572 2.1252 1.00817 1.73473
1.59076 1.89711 -1.03572 2.12557 1.00857 1.73222
1.59076 1.89711 -1.03572 2.12593 1.00896 1.72971
1.59076 1.89711 -1.03572 2.1263 1.00936 1.7272
1.59076 1.89711 -1.03572 2.12666 1.00976 1.72468
1.59076 1.89711 -1.03572 2.12703 1.01015 1.72217
1.59076 1.89711 -1.03572 2.1274 1.01055 1.71966
1.59076 1.89711 -1.03572 2.12776 1.01095 1.71715
1.59076 1.89711 -1.03572 2.12813 1.01134 1.71464
1.59076 1.89711 -1.03572 2.12849 1.01174 1.71212
1.59076 1.89711 -1.03572 2.12886 1.01214 1.70961
1.59076 1.89711 -1.03572 2.12922 1.01253 1.7071
1.59076 1.89711 -1.03572 2.12959 1.01293 1.70459
1.59076 1.89711 -1.03572 2.12995 1.01333 1.70208
1.59076 1.89711 -1.03572 2.13032 1.01373 1.69957
1.59076 1.89711 -1.03572 2.13069 1.01412 1.69705
1.59076 1.89711 -1.03572 2.13105 1.01452 1.69454
1.59076 1.89711 -1.03572 2.13142 1.01492 1.69203
1.59076 1.89711 -1.03572 2.13178 1.01531 1.68952
1.59076 1.89711 -1.03572 2.13215 1.01571 1.68701
1.59076 1.89711 -1.03572 2.13251 1.01611 1.68449
1.59076 1.89711 -1.03572 2.13288 1.0165 1.68198
1.59076 1.89711 -1.03572 2.13325 1.0169 1.67947
1.59076 1.89711 -1.03572 2.13361 1.0173 1.67696
1.59076 1.89711 -1.03572 2.13398 1.01769 1.67445
1.59076 1.89711 -1.03572 2.13434 1.01809 1.67194
1.59076 1.89711 -1.03572 2.13471 1.01849 1.66942
1.59076 1.89711 -1.03572 2.13507 1.01888 1.66691
1.59076 1.89711 -1.03572 2.13544 1.01928 1.6644
1.59076 1.89711 -1.03572 2.1358 1.01968 1.66189
1.59076 1.89711 -1.03572 2.13617 1.02007 1.65938
1.59076 1.89711 -1.03572 2.13654 1.02047 1.65686
1.59076 1.89711 -1.03572 2.1369 1.02087 1.65435
1.59076 1.89711 -1.03572 2.13727 1.02126 1.65184
1.59076 1.89711 -1.03572 2.13763 1.02166 1.64933
1.59076 1.89711 -1.03572 2.138 1.02206 1.64682
1.59076 1.89711 -1.03572 2.13836 1.02245 1.64431
1.59076 1.89711 -1.03572 2.13873 1.02285 1.64179
1.59076 1.89711 -1.03572 2.1391 1.02325 1.63928
1.59076 1.89711 -1.03572 2.13946 1.02365 1.63677
1.59076 1.89711 -1.03572 2.13983 1.02404 1.63426
1.59076 1.89711 -1.03572 2.14019 1.02444 1.63175
1.59076 1.89711 -1.03572 2.14056 1.02484 1.62923
1.59076 1.89711 -1.03572 2.14092 1.02523 1.62672
1.59076 1.89711 -1.03572 2.14129 1.02563 1.62421
1.59076 1.89711 -1.03572 2.14166 1.02603 1.6217
1.59076 1.89711 -1.03572 2.14202 1.02642 1.61919
1.59076 1.89711 -1.03572 2.14239 1.02682 1.61667
1.59076 1.89711 -1.03572 2.14275 1.02722 1.61416
1.59076 1.89711 -1.03572 2.14312 1.02761 1.61165
1.59076 1.89711 -1.03572 2.14348 1.02801 1.60914
1.59076 1.89711 -1.03572 2.14385 1.02841 1.60663
1.59076 1.89711 -1.03572 2.14421 1.0288 1.60412
1.59076 1.89711 -1.03572 2.14458 1.0292 1.6016
1.59076 1.89711 -1.03572 2.14495 1.0296 1.59909
1.59076 1.89711 -1.03572 2.14531 1.02999 1.59658
1.59076 1.89711 -1.03572 2.14568 1.03039 1.59407
1.59076 1.89711 -1.03572 2.14604 1.03079 1.59156
1.59076 1.89711 -1.03572 2.14641 1.03118 1.58904
1.59076 1.89711 -1.03572 2.14677 1.03158 1.58653
1.59076 1.89711 -1.03572 2.14714 1.03198 1.58402
1.59076 1.89711 -1.03572 2.14751 1.03238 1.58151
1.59076 1.89711 -1.03572 2.14787 1.03277 1.579
1.59076 1.89711 -1.03572 2.14824 1.03317 1.57649
1.59076 1.89711 -1.03572 2.1486 1.03357 1.57397
1.59076 1.89711 -1.03572 2.14897 1.03396 1.57146
1.59076 1.89711 -1.03572 2.14933 1.03436 1.56895
1.59076 1.89711 -1.03572 2.1497 1.03476 1.56644
1.59076 1.89711 -1.03572 2.15006 1.03515 1.56393
1.59076 1.89711 -1.03572 2.15043 1.03555 1.56141
1.59076 1.89711 -1.03572 2.1508 1.03595 1.5589
1.59076 1.89711 -1.03572 2.15116 1.03634 1.55639
1.59076 1.89711 -1.03572 2.15153 1.03674 1.55388
1.59076 1.89711 -1.03572 2.15189 1.03714 1.55137
1.59076 1.89711 -1.03572 2.15226 1.03753 1.54886
1.59076 1.89711 -1.03572 2.15262 1.03793 1.54634
1.59076 1.89711 -1.03572 2.15299 1.03833 1.54383
1.59076 1.89711 -1.03572 2.15336 1.03872 1.54132
1.59076 1.89711 -1.03572 2.15372 1.03912 1.53881
1.59076 1.89711 -1.03572 2.15409 1.03952 1.5363
1.59076 1.89711 -1.03572 2.15445 1.03991 1.53378
1.59076 1.89711 -1.03572 2.15482 1.04031 1.53127
1.59076 1.89711 -1.03572 2.15518 1.04071 1.52876
1.59076 1.89711 -1.03572 2.15555 1.04111 1.52625
1.59076 1.89711 -1.03572 2.15591 1.0415 1.52374
1.59076 1.89711 -1.03572 2.15628 1.0419 1.52122
1.59076 1.89711 -1.03572 2.15665 1.0423 1.51871
1.59076 1.89711 -1.03572 2.15701 1.04269 1.5162
1.59076 1.89711 -1.03572 2.15738 1.04309 1.51369
1.59076 1.89711 -1.03572 2.15774 1.04349 1.51118
1.59076 1.89711 -1.03572 2.15811 1.04388 1.50867
1.59076 1.89711 -1.03572 2.15847 1.04428 1.50615
1.59076 1.89711 -1.03572 2.15884 1.04468 1.50364
1.59076 1.89711 -1.03572 2.15921 1.04507 1.50113
1.59076 1.89711 -1.03572 2.15957 1.04547 1.49862
1.59076 1.89711 -1.03572 2.15994 1.04587 1.49611
1.59076 1.89711 -1.03572 2.1603 1.04626 1.49359
1.59076 1.89711 -1.03572 2.16067 1.04666 1.49108
1.59076 1.89711 -1.03572 2.16103 1.04706 1.48857
1.59076 1.89711 -1.03572 2.1614 1.04745 1.48606
1.59076 1.89711 -1.03572 2.16176 1.04785 1.48355
1.59076 1.89711 -1.03572 2.16213 1.04825 1.48104
1.59076 1.89711 -1.03572 2.1625 1.04864 1.47852
1.59076 1.89711 -1.03572 2.16286 1.04904 1.47601
1.59076 1.89711 -1.03572 2.16323 1.04944 1.4735
1.59076 1.89711 -1.03572 2.16359 1.04984 1.47099
1.59076 1.89711 -1.03572 2.16396 1.05023 1.46848
1.59076 1.89711 -1.03572 2.16432 1.05063 1.46596
1.59076 1.89711 -1.03572 2.16469 1.05103 1.46345
1.59076 1.89711 -1.03572 2.16506 1.05142 1.46094
1.59076 1.89711 -1.03572 2.16542 1.05182 1.45843
1.59076 1.89711 -1.03572 2.16579 1.05222 1.45592
1.59076 1.89711 -1.03572 2.16615 1.05261 1.45341
1.59076 1.89711 -1.03572 2.16652 1.05301 1.45089
1.59076 1.89711 -1.03572 2.16688 1.05341 1.44838
1.59076 1.89711 -1.03572 2.16725 1.0538 1.44587
1.59076 1.89711 -1.03572 2.16761 1.0542 1.44336
1.59076 1.89711 -1.03572 2.16798 1.0546 1.44085
1.59076 1.89711 -1.03572 2.16835 1.05499 1.43833
1.59076 1.89711 -1.03572 2.16871 1.05539 1.43582
1.59076 1.89711 -1.03572 2.16908 1.05579 1.43331
1.59076 1.89711 -1.03572 2.16944 1.05618 1.4308
1.59076 1.89711 -1.03572 2.16981 1.05658 1.42829
1.59076 1.89711 -1.03572 2.17017 1.05698 1.42577
1.59076 1.89711 -1.03572 2.17054 1.05737 1.42326
1.59076 1.89711 -1.03572 2.17091 1.05777 1.42075
1.59076 1.89711 -1.03572 2.17127 1.05817 1.41824
1.59076 1.89711 -1.03572 2.17164 1.05856 1.41573
1.59076 1.89711 -1.03572 2.172 1.05896 1.41322
1.59076 1.89711 -1.03572 2.17237 1.05936 1.4107
1.59076 1.89711 -1.03572 2.17273 1.05976 1.40819
1.59076 1.89711 -1.03572 2.1731 1.06015 1.40568
1.59076 1.89711 -1.03572 2.17346 1.06055 1.40317
1.59076 1.89711 -1.03572 2.17383 1.06095 1.40066
1.59076 1.89711 -1.03572 2.1742 1.06134 1.39814
1.59076 1.89711 -1.03572 2.17456 1.06174 1.39563
1.59076 1.89711 -1.03572 2.17493 1.06214 1.39312
1.59076 1.89711 -1.03572 2.17529 1.06253 1.39061
1.59076 1.89711 -1.03572 2.17566 1.06293 1.3881
1.59076 1.89711 -1.03572 2.17602 1.06333 1.38559
1.59076 1.89711 -1.03572 2.17639 1.06372 1.38307
1.59076 1.89711 -1.03572 2.17676 1.06412 1.38056
1.59076 1.89711 -1.03572 2.17712 1.06452 1.37805
1.59076 1.89711 -1.03572 2.17749 1.06491 1.37554
1.59076 1.89711 -1.03572 2.17785 1.06531 1.37303
1.59076 1.89711 -1.03572 2.17822 1.06571 1.37051
1.59076 1.89711 -1.03572 2.17858 1.0661 1.368
1.59076 1.89711 -1.03572 2.17895 1.0665 1.36549
1.59076 1.89711 -1.03572 2.17931 1.0669 1.36298
1.59076 1.89711 -1.03572 2.17968 1.06729 1.36047
1.59076 1.89711 -1.03572 2.18005 1.06769 1.35796
1.59076 1.89711 -1.03572 2.18041 1.06809 1.35544
1.59076 1.89711 -1.03572 2.18078 1.06849 1.35293
1.59076 1.89711 -1.03572 2.18114 1.06888 1.35042
1.59076 1.89711 -1.03572 2.18151 1.06928 1.34791
1.59076 1.89711 -1.03572 2.18187 1.06968 1.3454
1.59076 1.89711 -1.03572 2.18224 1.07007 1.34288
1.59076 1.89711 -1.03572 2.18261 1.07047 1.34037
1.59076 1.89711 -1.03572 2.18297 1.07087 1.33786
1.59076 1.89711 -1.03572 2.18334 1.07126 1.33535
1.59076 1.89711 -1.03572 2.1837 1.07166 1.33284
1.59076 1.89711 -1.03572 2.18407 1.07206 1.33032
1.59076 1.89711 -1.03572 2.18443 1.07245 1.32781
1.59076 1.89711 -1.03572 2.1848 1.07285 1.3253
1.59076 1.89711 -1.03572 2.18517 1.07325 1.32279
1.59076 1.89711 -1.03572 2.18553 1.07364 1.32028
1.59076 1.89711 -1.03572 2.1859 1.07404 1.31777
1.59076 1.89711 -1.03572 2.18626 1.07444 1.31525
1.59076 1.89711 -1.03572 2.18663 1.07483 1.31274
1.59076 1.89711 -1.03572 2.18699 1.07523 1.31023
1.59076 1.89711 -1.03572 2.18736 1.07563 1.30772
1.59076 1.89711 -1.03572 2.18772 1.07602 1.30521
1.59076 1.89711 -1.03572 2.18809 1.07642 1.30269
1.59076 1.89711 -1.03572 2.18846 1.07682 1.30018
1.59076 1.89711 -1.03572 2.18882 1.07722 1.29767
1.59076 1.89711 -1.03572 2.18919 1.07761 1.29516
1.59076 1.89711 -1.03572 2.18955 1.07801 1.29265
1.59076 1.89711 -1.03572 2.18992 1.07841 1.29014
1.59076 1.89711 -1.03572 2.19028 1.0788 1.28762
1.59076 1.89711 -1.03572 2.19065 1.0792 1.28511
1.59076 1.89711 -1.03572 2.19102 1.0796 1.2826
1.59076 1.89711 -1.03572 2.19138 1.07999 1.28009
1.59076 1.89711 -1.03572 2.19175 1.08039 1.27758
1.59076 1.89711 -1.03572 2.19211 1.08079 1.27506
1.59076 1.89711 -1.03572 2.19248 1.08118 1.27255
1.59076 1.89711 -1.03572 2.19284 1.08158 1.27004
1.59076 1.89711 -1.03572 2.19321 1.08198 1.26753
1.59076 1.89711 -1.03572 2.19357 1.08237 1.26502
1.59076 1.89711 -1.03572 2.19394 1.08277 1.26251
1.59076 1.89711 -1.03572 2.19431 1.08317 1.25999
1.59076 1.89711 -1.03572 2.19467 1.08356 1.25748
1.59076 1.89711 -1.03572 2.19504 1.08396 1.25497
1.59076 1.89711 -1.03572 2.1954 1.08436 1.25246
1.59076 1.89711 -1.03572 2.19577 1.08475 1.24995
1.59076 1.89711 -1.03572 2.19613 1.08515 1.24743
1.59076 1.89711 -1.03572 2.1965 1.08555 1.24492
1.59076 1.89711 -1.03572 2.19687 1.08595 1.24241
1.59076 1.89711 -1.03572 2.19723 1.08634 1.2399
1.59076 1.89711 -1.03572 2.1976 1.08674 1.23739
1.59076 1.89711 -1.03572 2.19796 1.08714 1.23487
1.59076 1.89711 -1.03572 2.19833 1.08753 1.23236
1.59076 1.89711 -1.03572 2.19869 1.08793 1.22985
1.59076 1.89711 -1.03572 2.19906 1.08833 1.22734
1.59076 1.89711 -1.03572 2.19942 1.08872 1.22483
1.59076 1.89711 -1.03572 2.19979 1.08912 1.22232
1.59076 1.89711 -1.03572 2.20016 1.08952 1.2198
1.59076 1.89711 -1.03572 2.20052 1.08991 1.21729
1.59076 1.89711 -1.03572 2.20089 1.09031 1.21478
1.59076 1.89711 -1.03572 2.20125 1.09071 1.21227
1.59076 1.89711 -1.03572 2.20162 1.0911 1.20976
1.59076 1.89711 -1.03572 2.20198 1.0915 1.20724
1.59076 1.89711 -1.03572 2.20235 1.0919 1.20473
1.59076 1.89711 -1.03572 2.20272 1.09229 1.20222
1.59076 1.89711 -1.03572 2.20308 1.09269 1.19971
1.59076 1.89711 -1.03572 2.20345 1.09309 1.1972
1.59076 1.89711 -1.03572 2.20381 1.09348 1.19469
1.59076 1.89711 -1.03572 2.20418 1.09388 1.19217
1.59076 1.89711 -1.03572 2.20454 1.09428 1.18966
1.59076 1.89711 -1.03572 2.20491 1.09467 1.18715
1.59076 1.89711 -1.03572 2.20527 1.09507 1.18464
1.59076 1.89711 -1.03572 2.20564 1.09547 1.18213
1.59076 1.89711 -1.03572 2.20601 1.09587 1.17961
1.59076 1.89711 -1.03572 2.20637 1.09626 1.1771
1.59076 1.89711 -1.03572 2.20674 1.09666 1.17459
1.59076 1.89711 -1.03572 2.2071 1.09706 1.17208
1.59076 1.89711 -1.03572 2.20747 1.09745 1.16957
1.59076 1.89711 -1.03572 2.20783 1.09785 1.16706
1.59076 1.89711 -1.03572 2.2082 1.09825 1.16454
1.59076 1.89711 -1.03572 2.20857 1.09864 1.16203
1.59076 1.89711 -1.03572 2.20893 1.09904 1.15952
1.59076 1.89711 -1.03572 2.2093 1.09944 1.15701
1.59076 1.89711 -1.03572 2.20966 1.09983 1.1545
1.59076 1.89711 -1.03572 2.21003 1.10023 1.15198
1.59076 1.89711 -1.03572 2.21039 1.10063 1.14947
1.59076 1.89711 -1.03572 2.21076 1.10102 1.14696
1.59076 1.89711 -1.03572 2.21112 1.10142 1.14445
1.59076 1.89711 -1.03572 2.21149 1.10182 1.14194
1.59076 1.89711 -1.03572 2.21186 1.10221 1.13942
1.59076 1.89711 -1.03572 2.21222 1.10261 1.13691
1.59076 1.89711 -1.03572 2.21259 1.10301 1.1344
1.59076 1.89711 -1.03572 2.21295 1.1034 1.13189
1.59076 1.89711 -1.03572 2.21332 1.1038 1.12938
1.59076 1.89711 -1.03572 2.21368 1.1042 1.12687
1.59076 1.89711 -1.03572 2.21405 1.1046 1.12435
1.59076 1.89711 -1.03572 2.21442 1.10499 1.12184
1.59076 1.89711 -1.03572 2.21478 1.10539 1.11933
1.59076 1.89711 -1.03572 2.21515 1.10579 1.11682
1.59076 1.89711 -1.03572 2.21551 1.10618 1.11431
1.59076 1.89711 -1.03572 2.21588 1.10658 1.11179
1.59076 1.89711 -1.03572 2.21624 1.10698 1.10928
1.59076 1.89711 -1.03572 2.21661 1.10737 1.10677
1.59076 1.89711 -1.03572 2.21697 1.10777 1.10426
1.59076 1.89711 -1.03572 2.21734 1.10817 1.10175
1.59076 1.89711 -1.03572 2.21771 1.10856 1.09924
1.59076 1.89711 -1.03572 2.21807 1.10896 1.09672
1.59076 1.89711 -1.03572 2.21844 1.10936 1.09421
1.59076 1.89711 -1.03572 2.2188 1.10975 1.0917
1.59076 1.89711 -1.03572 2.21917 1.11015 1.08919
1.59076 1.89711 -1.03572 2.21953 1.11055 1.08668
1.59076 1.89711 -1.03572 2.2199 1.11094 1.08416
1.59076 1.89711 -1.03572 2.22027 1.11134 1.08165
1.59076 1.89711 -1.03572 2.22063 1.11174 1.07914
1.59076 1.89711 -1.03572 2.221 1.11213 1.07663
1.59076 1.89711 -1.03572 2.22136 1.11253 1.07412
1.59076 1.89711 -1.03572 2.22173 1.11293 1.07161
1.59076 1.89711 -1.03572 2.22209 1.11333 1.06909
1.59076 1.89711 -1.03572 2.22246 1.11372 1.06658
1.59076 1.89711 -1.03572 2.22282 1.11412 1.06407
1.59076 1.89711 -1.03572 2.22319 1.11452 1.06156
1.59076 1.89711 -1.03572 2.22356 1.11491 1.05905
1.59076 1.89711 -1.03572 2.22392 1.11531 1.05653
1.59076 1.89711 -1.03572 2.22429 1.11571 1.05402
1.59076 1.89711 -1.03572 2.22465 1.1161 1.05151
1.59076 1.89711 -1.03572 2.22502 1.1165 1.049
1.59076 1.89711 -1.03572 2.22538 1.1169 1.04649
1.59076 1.89711 -1.03572 2.22575 1.11729 1.04397
1.59076 1.89711 -1.03572 2.22612 1.11769 1.04146
1.59076 1.89711 -1.03572 2.22648 1.11809 1.03895
1.59076 1.89711 -1.03572 2.22685 1.11848 1.03644
1.59076 1.89711 -1.03572 2.22721 1.11888 1.03393
1.59076 1.89711 -1.03572 2.22758 1.11928 1.03142
1.59076 1.89711 -1.03572 2.22794 1.11967 1.0289
1.59076 1.89711 -1.03572 2.22831 1.12007 1.02639
1.59076 1.89711 -1.03572 2.22868 1.12047 1.02388
1.59076 1.89711 -1.03572 2.22904 1.12086 1.02137
1.59076 1.89711 -1.03572 2.22941 1.12126 1.01886
1.59076 1.89711 -1.03572 2.22977 1.12166 1.01634
1.59076 1.89711 -1.03572 2.23014 1.12206 1.01383
1.59076 1.89711 -1.03572 2.2305 1.12245 1.01132
1.59076 1.89711 -1.03572 2.23087 1.12285 1.00881
1.59076 1.89711 -1.03572 2.23123 1.12325 1.0063
1.59076 1.89711 -1.03572 2.2316 1.12364 1.00379
1.59076 1.89711 -1.03572 2.23197 1.12404 1.00127
1.59076 1.89711 -1.03572 2.23233 1.12444 0.998762
1.59076 1.89711 -1.03572 2.2327 1.12483 0.99625
1.59076 1.89711 -1.03572 2.23306 1.12523 0.993738
1.59076 1.89711 -1.03572 2.23343 1.12563 0.991226
1.59076 1.89711 -1.03572 2.23379 1.12602 0.988714
1.59076 1.89711 -1.03572 2.23416 1.12642 0.986202
1.59076 1.89711 -1.03572 2.23453 1.12682 0.983691
1.59076 1.89711 -1.03572 2.23489 1.12721 0.981179
1.59076 1.89711 -1.03572 2.23526 1.12761 0.978667
1.59076 1.89711 -1.03572 2.23562 1.12801 0.976155
1.59076 1.89711 -1.03572 2.23599 1.1284 0.973643
1.59076 1.89711 -1.03572 2.23635 1.1288 0.971131
1.59076 1.89711 -1.03572 2.23672 1.1292 0.968619
1.59076 1.89711 -1.03572 2.23708 1.12959 0.966108
1.59076 1.89711 -1.03572 2.23745 1.12999 0.963596
1.59076 1.89711 -1.03572 2.23782 1.13039 0.961084
1.59076 1.89711 -1.03572 2.23818 1.13078 0.958572
1.59076 1.89711 -1.03572 2.23855 1.13118 0.95606
1.59076 1.89711 -1.03572 2.23891 1.13158 0.953548
1.59076 1.89711 -1.03572 2.23928 1.13198 0.951037
1.59076 1.89711 -1.03572 2.23964 1.13237 0.948525
1.59076 1.89711 -1.03572 2.24001 1.13277 0.946013
1.59076 1.89711 -1.03572 2.24038 1.13317 0.943501
1.59076 1.89711 -1.03572 2.24074 1.13356 0.940989
1.59076 1.89711 -1.03572 2.24111 1.13396 0.938477
1.59076 1.89711 -1.03572 2.24147 1.13436 0.935966
1.59076 1.89711 -1.03572 2.24184 1.13475 0.933454
1.59076 1.89711 -1.03572 2.2422 1.13515 0.930942
1.59076 1.89711 -1.03572 2.24257 1.13555 0.92843
1.59076 1.89711 -1.03572 2.24293 1.13594 0.925918
1.59076 1.89711 -1.03572 2.2433 1.13634 0.923406
1.59076 1.89711 -1.03572 2.24367 1.13674 0.920894
1.59076 1.89711 -1.03572 2.24403 1.13713 0.918383
1.59076 1.89711 -1.03572 2.2444 1.13753 0.915871
1.59076 1.89711 -1.03572 2.24476 1.13793 0.913359
1.59076 1.89711 -1.03572 2.24513 1.13832 0.910847
1.59076 1.89711 -1.03572 2.24549 1.13872 0.908335
1.59076 1.89711 -1.03572 2.24586 1.13912 0.905823
1.59076 1.89711 -1.03572 2.24623 1.13951 0.903312
1.59076 1.89711 -1.03572 2.24659 1.13991 0.9008
1.59076 1.89711 -1.03572 2.24696 1.14031 0.898288
1.59076 1.89711 -1.03572 2.24732 1.14071 0.895776
1.59076 1.89711 -1.03572 2.24769 1.1411 0.893264
1.59076 1.89711 -1.03572 2.24805 1.1415 0.890752
1.59076 1.89711 -1.03572 2.24842 1.1419 0.888241
1.59076 1.89711 -1.03572 2.24878 1.14229 0.885729
1.59076 1.89711 -1.03572 2.24915 1.14269 0.883217
1.59076 1.89711 -1.03572 2.24952 1.14309 0.880705
1.59076 1.89711 -1.03572 2.24988 1.14348 0.878193
1.59076 1.89711 -1.03572 2.25025 1.14388 0.875681
1.59076 1.89711 -1.03572 2.25061 1.14428 0.873169
1.59076 1.89711 -1.03572 2.25098 1.14467 0.870658
1.59076 1.89711 -1.03572 2.25134 1.14507 0.868146
1.59076 1.89711 -1.03572 2.25171 1.14547 0.865634
1.59076 1.89711 -1.03572 2.25208 1.14586 0.863122
1.59076 1.89711 -1.03572 2.25244 1.14626 0.86061
1.59076 1.89711 -1.03572 2.25281 1.14666 0.858098
1.59076 1.89711 -1.03572 2.25317 1.14705 0.855587
1.59076 1.89711 -1.03572 2.25354 1.14745 0.853075
1.59076 1.89711 -1.03572 2.2539 1.14785 0.850563
1.59076 1.89711 -1.03572 2.25427 1.14824 0.848051
1.59076 1.89711 -1.03572 2.25463 1.14864 0.845539
1.59076 1.89711 -1.03572 2.255 1.14904 0.843027
1.59076 1.89711 -1.03572 2.25537 1.14944 0.840515
1.59076 1.89711 -1.03572 2.25573 1.14983 0.838004
1.59076 1.89711 -1.03572 2.2561 1.15023 0.835492
1.59076 1.89711 -1.03572 2.25646 1.15063 0.83298
1.59076 1.89711 -1.03572 2.25683 1.15102 0.830468
1.59076 1.89711 -1.03572 2.25719 1.15142 0.827956
1.59076 1.89711 -1.03572 2.25756 1.15182 0.825444
1.59076 1.89711 -1.03572 2.25793 1.15221 0.822933
1.59076 1.89711 -1.03572 2.25829 1.15261 0.820421
1.59076 1.89711 -1.03572 2.25866 1.15301 0.817909
1.59076 1.89711 -1.03572 2.25902 1.1534 0.815397
1.59076 1.89711 -1.03572 2.25939 1.1538 0.812885
1.59076 1.89711 -1.03572 2.25975 1.1542 0.810373
1.59076 1.89711 -1.03572 2.26012 1.15459 0.807862
1.59076 1.89711 -1.03572 2.26048 1.15499 0.80535
1.59076 1.89711 -1.03572 2.26085 1.15539 0.802838
1.59076 1.89711 -1.03572 2.26122 1.15578 0.800326
1.59076 1.89711 -1.03572 2.26158 1.15618 0.797814
1.59076 1.89711 -1.03572 2.26195 1.15658 0.795302
1.59076 1.89711 -1.03572 2.26231 1.15697 0.79279
1.59076 1.89711 -1.03572 2.26268 1.15737 0.790279
1.59076 1.89711 -1.03572 2.26304 1.15777 0.787767
1.59076 1.89711 -1.03572 2.26341 1.15817 0.785255
1.59076 1.89711 -1.03572 2.26378 1.15856 0.782743
1.59076 1.89711 -1.03572 2.26414 1.15896 0.780231
1.59076 1.89711 -1.03572 2.26451 1.15936 0.777719
1.59076 1.89711 -1.03572 2.26487 1.15975 0.775208
1.59076 1.89711 -1.03572 2.26524 1.16015 0.772696
1.59076 1.89711 -1.03572 2.2656 1.16055 0.770184
1.59076 1.89711 -1.03572 2.26597 1.16094 0.767672
1.59076 1.89711 -1.03572 2.26633 1.16134 0.76516
1.59076 1.89711 -1.03572 2.2667 1.16174 0.762648
1.59076 1.89711 -1.03572 2.26707 1.16213 0.760137
1.59076 1.89711 -1.03572 2.26743 1.16253 0.757625
1.59076 1.89711 -1.03572 2.2678 1.16293 0.755113
1.59076 1.89711 -1.03572 2.26816 1.16332 0.752601
1.59076 1.89711 -1.03572 2.26853 1.16372 0.750089
1.59076 1.89711 -1.03572 2.26889 1.16412 0.747577
1.59076 1.89711 -1.03572 2.26926 1.16451 0.745065
1.59076 1.89711 -1.03572 2.26963 1.16491 0.742554
1.59076 1.89711 -1.03572 2.26999 1.16531 0.740042
1.59076 1.89711 -1.03572 2.27036 1.1657 0.73753
1.59076 1.89711 -1.03572 2.27072 1.1661 0.735018
1.59076 1.89711 -1.03572 2.27109 1.1665 0.732506
1.59076 1.89711 -1.03572 2.27145 1.16689 0.729994
1.59076 1.89711 -1.03572 2.27182 1.16729 0.727483
1.59076 1.89711 -1.03572 2.27218 1.16769 0.724971
1.59076 1.89711 -1.03572 2.27255 1.16809 0.722459
1.59076 1.89711 -1.03572 2.27292 1.16848 0.719947
1.59076 1.89711 -1.03572 2.27328 1.16888 0.717435
1.59076 1.89711 -1.03572 2.27365 1.16928 0.714923
1.59076 1.89711 -1.03572 2.27401 1.16967 0.712412
1.59076 1.89711 -1.03572 2.27438 1.17007 0.7099
1.59076 1.89711 -1.03572 2.27474 1.17047 0.707388
1.59076 1.89711 -1.03572 2.27511 1.17086 0.704876
1.59076 1.89711 -1.03572 2.27548 1.17126 0.702364
1.59076 1.89711 -1.03572 2.27584 1.17166 0.699852
1.59076 1.89711 -1.03572 2.27621 1.17205 0.69734
1.59076 1.89711 -1.03572 2.27657 1.17245 0.694829
1.59076 1.89711 -1.03572 2.27694 1.17285 0.692317
1.59076 1.89711 -1.03572 2.2773 1.17324 0.689805
1.59076 1.89711 -1.03572 2.27767 1.17364 0.687293
1.59076 1.89711 -1.03572 2.27804 1.17404 0.684781
1.59076 1.89711 -1.03572 2.2784 1.17443 0.682269
1.59076 1.89711 -1.03572 2.27877 1.17483 0.679758
1.59076 1.89711 -1.03572 2.27913 1.17523 0.677246
1.59076 1.89711 -1.03572 2.2795 1.17562 0.674734
1.59076 1.89711 -1.03572 2.27986 1.17602 0.672222
1.59076 1.89711 -1.03572 2.28023 1.17642 0.66971
1.59076 1.89711 -1.03572 2.28059 1.17682 0.667198
1.59076 1.89711 -1.03572 2.28096 1.17721 0.664686
1.59076 1.89711 -1.03572 2.28133 1.17761 0.662175
1.59076 1.89711 -1.03572 2.28169 1.17801 0.659663
1.59076 1.89711 -1.03572 2.28206 1.1784 0.657151
1.59076 1.89711 -1.03572 2.28242 1.1788 0.654639
1.59076 1.89711 -1.03572 2.28279 1.1792 0.652127
1.59076 1.89711 -1.03572 2.28315 1.17959 0.649615
1.59076 1.89711 -1.03572 2.28352 1.17999 0.647104
1.59076 1.89711 -1.03572 2.28389 1.18039 0.644592
1.59076 1.89711 -1.03572 2.28425 1.18078 0.64208
1.59076 1.89711 -1.03572 2.28462 1.18118 0.639568
1.59076 1.89711 -1.03572 2.28498 1.18158 0.637056
1.59076 1.89711 -1.03572 2.28535 1.18197 0.634544
1.59076 1.89711 -1.03572 2.28571 1.18237 0.632033
1.59076 1.89711 -1.03572 2.28608 1.18277 0.629521
1.59076 1.89711 -1.03572 2.28644 1.18316 0.627009
