1.47247 -1.93251 1.54589 -1.47968 1.60782 1.18586
1.47207 -1.93253 1.54552 -1.47968 1.60782 1.18586
1.47167 -1.93255 1.54516 -1.47968 1.60782 1.18586
1.47127 -1.93256 1.54479 -1.47968 1.60782 1.18586
1.47087 -1.93258 1.54442 -1.47968 1.60782 1.18586
1.47047 -1.9326 1.54405 -1.47968 1.60782 1.18586
1.47008 -1.93261 1.54368 -1.47968 1.60782 1.18586
1.46968 -1.93263 1.54331 -1.47968 1.60782 1.18586
1.46928 -1.93265 1.54295 -1.47968 1.60782 1.18586
1.46888 -1.93266 1.54258 -1.47968 1.60782 1.18586
1.46848 -1.93268 1.54221 -1.47968 1.60782 1.18586
1.46809 -1.9327 1.54184 -1.47968 1.60782 1.18586
1.46769 -1.93271 1.54147 -1.47968 1.60782 1.18586
1.46729 -1.93273 1.5411 -1.47968 1.60782 1.18586
1.46689 -1.93275 1.54073 -1.47968 1.60782 1.18586
1.46649 -1.93276 1.54037 -1.47968 1.60782 1.18586
1.4661 -1.93278 1.54 -1.47968 1.60782 1.18586
1.4657 -1.9328 1.53963 -1.47968 1.60782 1.18586
1.4653 -1.93281 1.53926 -1.47968 1.60782 1.18586
1.4649 -1.93283 1.53889 -1.47968 1.60782 1.18586
1.4645 -1.93285 1.53852 -1.47968 1.60782 1.18586
1.46411 -1.93286 1.53816 -1.47968 1.60782 1.18586
1.46371 -1.93288 1.53779 -1.47968 1.60782 1.18586
1.46331 -1.9329 1.53742 -1.47968 1.60782 1.18586
1.46291 -1.93292 1.53705 -1.47968 1.60782 1.18586
1.46251 -1.93293 1.53668 -1.47968 1.60782 1.18586
1.46212 -1.93295 1.53631 -1.47968 1.60782 1.18586
1.46172 -1.93297 1.53595 -1.47968 1.60782 1.18586
1.46132 -1.93298 1.53558 -1.47968 1.60782 1.18586
1.46092 -1.933 1.53521 -1.47968 1.60782 1.18586
1.46052 -1.93302 1.53484 -1.47968 1.60782 1.18586
1.46012 -1.93303 1.53447 -1.47968 1.60782 1.18586
1.45973 -1.93305 1.5341 -1.47968 1.60782 1.18586
1.45933 -1.93307 1.53373 -1.47968 1.60782 1.18586
1.45893 -1.93308 1.53337 -1.47968 1.60782 1.18586
1.45853 -1.9331 1.533 -1.47968 1.60782 1.18586
1.45813 -1.93312 1.53263 -1.47968 1.60782 1.18586
1.45774 -1.93313 1.53226 -1.47968 1.60782 1.18586
1.45734 -1.93315 1.53189 -1.47968 1.60782 1.18586
1.45694 -1.93317 1.53152 -1.47968 1.60782 1.18586
1.45654 -1.93318 1.53116 -1.47968 1.60782 1.18586
1.45614 -1.9332 1.53079 -1.47968 1.60782 1.18586
1.45575 -1.93322 1.53042 -1.47968 1.60782 1.18586
1.45535 -1.93323 1.53005 -1.47968 1.60782 1.18586
1.45495 -1.93325 1.52968 -1.47968 1.60782 1.18586
1.45455 -1.93327 1.52931 -1.47968 1.60782 1.18586
1.45415 -1.93328 1.52895 -1.47968 1.60782 1.18586
1.45376 -1.9333 1.52858 -1.47968 1.60782 1.18586
1.45336 -1.93332 1.52821 -1.47968 1.60782 1.18586
1.45296 -1.93333 1.52784 -1.47968 1.60782 1.18586
1.45256 -1.93335 1.52747 -1.47968 1.60782 1.18586
1.45216 -1.93337 1.5271 -1.47968 1.60782 1.18586
1.45176 -1.93338 1.52673 -1.47968 1.60782 1.18586
1.45137 -1.9334 1.52637 -1.47968 1.60782 1.18586
1.45097 -1.93342 1.526 -1.47968 1.60782 1.18586
1.45057 -1.93343 1.52563 -1.47968 1.60782 1.18586
1.45017 -1.93345 1.52526 -1.47968 1.60782 1.18586
1.44977 -1.93347 1.52489 -1.47968 1.60782 1.18586
1.44938 -1.93348 1.52452 -1.47968 1.60782 1.18586
1.44898 -1.9335 1.52416 -1.47968 1.60782 1.18586
1.44858 -1.93352 1.52379 -1.47968 1.60782 1.18586
1.44818 -1.93353 1.52342 -1.47968 1.60782 1.18586
1.44778 -1.93355 1.52305 -1.47968 1.60782 1.18586
1.44739 -1.93357 1.52268 -1.47968 1.60782 1.18586
1.44699 -1.93358 1.52231 -1.47968 1.60782 1.18586
1.44659 -1.9336 1.52195 -1.47968 1.60782 1.18586
1.44619 -1.93362 1.52158 -1.47968 1.60782 1.18586
1.44579 -1.93363 1.52121 -1.47968 1.60782 1.18586
1.4454 -1.93365 1.52084 -1.47968 1.60782 1.18586
1.445 -1.93367 1.52047 -1.47968 1.60782 1.18586
1.4446 -1.93368 1.5201 -1.47968 1.60782 1.18586
1.4442 -1.9337 1.51974 -1.47968 1.60782 1.18586
1.4438 -1.93372 1.51937 -1.47968 1.60782 1.18586
1.44341 -1.93373 1.519 -1.47968 1.60782 1.18586
1.44301 -1.93375 1.51863 -1.47968 1.60782 1.18586
1.44261 -1.93377 1.51826 -1.47968 1.60782 1.18586
1.44221 -1.93379 1.51789 -1.47968 1.60782 1.18586
1.44181 -1.9338 1.51752 -1.47968 1.60782 1.18586
1.44141 -1.93382 1.51716 -1.47968 1.60782 1.18586
1.44102 -1.93384 1.51679 -1.47968 1.60782 1.18586
1.44062 -1.93385 1.51642 -1.47968 1.60782 1.18586
1.44022 -1.93387 1.51605 -1.47968 1.60782 1.18586
1.43982 -1.93389 1.51568 -1.47968 1.60782 1.18586
1.43942 -1.9339 1.51531 -1.47968 1.60782 1.18586
1.43903 -1.93392 1.51495 -1.47968 1.60782 1.18586
1.43863 -1.93394 1.51458 -1.47968 1.60782 1.18586
1.43823 -1.93395 1.51421 -1.47968 1.60782 1.18586
1.43783 -1.93397 1.51384 -1.47968 1.60782 1.18586
1.43743 -1.93399 1.51347 -1.47968 1.60782 1.18586
1.43704 -1.934 1.5131 -1.47968 1.60782 1.18586
1.43664 -1.93402 1.51274 -1.47968 1.60782 1.18586
1.43624 -1.93404 1.51237 -1.47968 1.60782 1.18586
1.43584 -1.93405 1.512 -1.47968 1.60782 1.18586
1.43544 -1.93407 1.51163 -1.47968 1.60782 1.18586
1.43505 -1.93409 1.51126 -1.47968 1.60782 1.18586
1.43465 -1.9341 1.51089 -1.47968 1.60782 1.18586
1.43425 -1.93412 1.51052 -1.47968 1.60782 1.18586
1.43385 -1.93414 1.51016 -1.47968 1.60782 1.18586
1.43345 -1.93415 1.50979 -1.47968 1.60782 1.18586
1.43305 -1.93417 1.50942 -1.47968 1.60782 1.18586
1.43266 -1.93419 1.50905 -1.47968 1.60782 1.18586
1.43226 -1.9342 1.50868 -1.47968 1.60782 1.18586
1.43186 -1.93422 1.50831 -1.47968 1.60782 1.18586
1.43146 -1.93424 1.50795 -1.47968 1.60782 1.18586
1.43106 -1.93425 1.50758 -1.47968 1.60782 1.18586
1.43067 -1.93427 1.50721 -1.47968 1.60782 1.18586
1.43027 -1.93429 1.50684 -1.47968 1.60782 1.18586
1.42987 -1.9343 1.50647 -1.47968 1.60782 1.18586
1.42947 -1.93432 1.5061 -1.47968 1.60782 1.18586
1.42907 -1.93434 1.50574 -1.47968 1.60782 1.18586
1.42868 -1.93435 1.50537 -1.47968 1.60782 1.18586
1.42828 -1.93437 1.505 -1.47968 1.60782 1.18586
1.42788 -1.93439 1.50463 -1.47968 1.60782 1.18586
1.42748 -1.9344 1.50426 -1.47968 1.60782 1.18586
1.42708 -1.93442 1.50389 -1.47968 1.60782 1.18586
1.42669 -1.93444 1.50352 -1.47968 1.60782 1.18586
1.42629 -1.93445 1.50316 -1.47968 1.60782 1.18586
1.42589 -1.93447 1.50279 -1.47968 1.60782 1.18586
1.42549 -1.93449 1.50242 -1.47968 1.60782 1.18586
1.42509 -1.9345 1.50205 -1.47968 1.60782 1.18586
1.42469 -1.93452 1.50168 -1.47968 1.60782 1.18586
1.4243 -1.93454 1.50131 -1.47968 1.60782 1.18586
1.4239 -1.93455 1.50095 -1.47968 1.60782 1.18586
1.4235 -1.93457 1.50058 -1.47968 1.60782 1.18586
1.4231 -1.93459 1.50021 -1.47968 1.60782 1.18586
1.4227 -1.93461 1.49984 -1.47968 1.60782 1.18586
1.42231 -1.93462 1.49947 -1.47968 1.60782 1.18586
1.42191 -1.93464 1.4991 -1.47968 1.60782 1.18586
1.42151 -1.93466 1.49874 -1.47968 1.60782 1.18586
1.42111 -1.93467 1.49837 -1.47968 1.60782 1.18586
1.42071 -1.93469 1.498 -1.47968 1.60782 1.18586
1.42032 -1.93471 1.49763 -1.47968 1.60782 1.18586
1.41992 -1.93472 1.49726 -1.47968 1.60782 1.18586
1.41952 -1.93474 1.49689 -1.47968 1.60782 1.18586
1.41912 -1.93476 1.49653 -1.47968 1.60782 1.18586
1.41872 -1.93477 1.49616 -1.47968 1.60782 1.18586
1.41833 -1.93479 1.49579 -1.47968 1.60782 1.18586
1.41793 -1.93481 1.49542 -1.47968 1.60782 1.18586
1.41753 -1.93482 1.49505 -1.47968 1.60782 1.18586
1.41713 -1.93484 1.49468 -1.47968 1.60782 1.18586
1.41673 -1.93486 1.49431 -1.47968 1.60782 1.18586
1.41634 -1.93487 1.49395 -1.47968 1.60782 1.18586
1.41594 -1.93489 1.49358 -1.47968 1.60782 1.18586
1.41554 -1.93491 1.49321 -1.47968 1.60782 1.18586
1.41514 -1.93492 1.49284 -1.47968 1.60782 1.18586
1.41474 -1.93494 1.49247 -1.47968 1.60782 1.18586
1.41434 -1.93496 1.4921 -1.47968 1.60782 1.18586
1.41395 -1.93497 1.49174 -1.47968 1.60782 1.18586
1.41355 -1.93499 1.49137 -1.47968 1.60782 1.18586
1.41315 -1.93501 1.491 -1.47968 1.60782 1.18586
1.41275 -1.93502 1.49063 -1.47968 1.60782 1.18586
1.41235 -1.93504 1.49026 -1.47968 1.60782 1.18586
1.41196 -1.93506 1.48989 -1.47968 1.60782 1.18586
1.41156 -1.93507 1.48953 -1.47968 1.60782 1.18586
1.41116 -1.93509 1.48916 -1.47968 1.60782 1.18586
1.41076 -1.93511 1.48879 -1.47968 1.60782 1.18586
1.41036 -1.93512 1.48842 -1.47968 1.60782 1.18586
1.40997 -1.93514 1.48805 -1.47968 1.60782 1.18586
1.40957 -1.93516 1.48768 -1.47968 1.60782 1.18586
1.40917 -1.93517 1.48731 -1.47968 1.60782 1.18586
1.40877 -1.93519 1.48695 -1.47968 1.60782 1.18586
1.40837 -1.93521 1.48658 -1.47968 1.60782 1.18586
1.40798 -1.93522 1.48621 -1.47968 1.60782 1.18586
1.40758 -1.93524 1.48584 -1.47968 1.60782 1.18586
1.40718 -1.93526 1.48547 -1.47968 1.60782 1.18586
1.40678 -1.93527 1.4851 -1.47968 1.60782 1.18586
1.40638 -1.93529 1.48474 -1.47968 1.60782 1.18586
1.40598 -1.93531 1.48437 -1.47968 1.60782 1.18586
1.40559 -1.93532 1.484 -1.47968 1.60782 1.18586
1.40519 -1.93534 1.48363 -1.47968 1.60782 1.18586
1.40479 -1.93536 1.48326 -1.47968 1.60782 1.18586
1.40439 -1.93537 1.48289 -1.47968 1.60782 1.18586
1.40399 -1.93539 1.48253 -1.47968 1.60782 1.18586
1.4036 -1.93541 1.48216 -1.47968 1.60782 1.18586
1.4032 -1.93543 1.48179 -1.47968 1.60782 1.18586
1.4028 -1.93544 1.48142 -1.47968 1.60782 1.18586
1.4024 -1.93546 1.48105 -1.47968 1.60782 1.18586
1.402 -1.93548 1.48068 -1.47968 1.60782 1.18586
1.40161 -1.93549 1.48031 -1.47968 1.60782 1.18586
1.40121 -1.93551 1.47995 -1.47968 1.60782 1.18586
1.40081 -1.93553 1.47958 -1.47968 1.60782 1.18586
1.40041 -1.93554 1.47921 -1.47968 1.60782 1.18586
1.40001 -1.93556 1.47884 -1.47968 1.60782 1.18586
1.39962 -1.93558 1.47847 -1.47968 1.60782 1.18586
1.39922 -1.93559 1.4781 -1.47968 1.60782 1.18586
1.39882 -1.93561 1.47774 -1.47968 1.60782 1.18586
1.39842 -1.93563 1.47737 -1.47968 1.60782 1.18586
1.39802 -1.93564 1.477 -1.47968 1.60782 1.18586
1.39763 -1.93566 1.47663 -1.47968 1.60782 1.18586
1.39723 -1.93568 1.47626 -1.47968 1.60782 1.18586
1.39683 -1.93569 1.47589 -1.47968 1.60782 1.18586
1.39643 -1.93571 1.47553 -1.47968 1.60782 1.18586
1.39603 -1.93573 1.47516 -1.47968 1.60782 1.18586
1.39563 -1.93574 1.47479 -1.47968 1.60782 1.18586
1.39524 -1.93576 1.47442 -1.47968 1.60782 1.18586
1.39484 -1.93578 1.47405 -1.47968 1.60782 1.18586
1.39444 -1.93579 1.47368 -1.47968 1.60782 1.18586
1.39404 -1.93581 1.47332 -1.47968 1.60782 1.18586
1.39364 -1.93583 1.47295 -1.47968 1.60782 1.18586
1.39325 -1.93584 1.47258 -1.47968 1.60782 1.18586
1.39285 -1.93586 1.47221 -1.47968 1.60782 1.18586
1.39245 -1.93588 1.47184 -1.47968 1.60782 1.18586
1.39205 -1.93589 1.47147 -1.47968 1.60782 1.18586
1.39165 -1.93591 1.4711 -1.47968 1.60782 1.18586
1.39126 -1.93593 1.47074 -1.47968 1.60782 1.18586
1.39086 -1.93594 1.47037 -1.47968 1.60782 1.18586
1.39046 -1.93596 1.47 -1.47968 1.60782 1.18586
1.39006 -1.93598 1.46963 -1.47968 1.60782 1.18586
1.38966 -1.93599 1.46926 -1.47968 1.60782 1.18586
1.38927 -1.93601 1.46889 -1.47968 1.60782 1.18586
1.38887 -1.93603 1.46853 -1.47968 1.60782 1.18586
1.38847 -1.93604 1.46816 -1.47968 1.60782 1.18586
1.38807 -1.93606 1.46779 -1.47968 1.60782 1.18586
1.38767 -1.93608 1.46742 -1.47968 1.60782 1.18586
1.38727 -1.93609 1.46705 -1.47968 1.60782 1.18586
1.38688 -1.93611 1.46668 -1.47968 1.60782 1.18586
1.38648 -1.93613 1.46632 -1.47968 1.60782 1.18586
1.38608 -1.93614 1.46595 -1.47968 1.60782 1.18586
1.38568 -1.93616 1.46558 -1.47968 1.60782 1.18586
1.38528 -1.93618 1.46521 -1.47968 1.60782 1.18586
1.38489 -1.93619 1.46484 -1.47968 1.60782 1.18586
1.38449 -1.93621 1.46447 -1.47968 1.60782 1.18586
1.38409 -1.93623 1.4641 -1.47968 1.60782 1.18586
1.38369 -1.93624 1.46374 -1.47968 1.60782 1.18586
1.38329 -1.93626 1.46337 -1.47968 1.60782 1.18586
1.3829 -1.93628 1.463 -1.47968 1.60782 1.18586
1.3825 -1.9363 1.46263 -1.47968 1.60782 1.18586
1.3821 -1.93631 1.46226 -1.47968 1.60782 1.18586
1.3817 -1.93633 1.46189 -1.47968 1.60782 1.18586
1.3813 -1.93635 1.46153 -1.47968 1.60782 1.18586
1.38091 -1.93636 1.46116 -1.47968 1.60782 1.18586
1.38051 -1.93638 1.46079 -1.47968 1.60782 1.18586
1.38011 -1.9364 1.46042 -1.47968 1.60782 1.18586
1.37971 -1.93641 1.46005 -1.47968 1.60782 1.18586
1.37931 -1.93643 1.45968 -1.47968 1.60782 1.18586
1.37892 -1.93645 1.45932 -1.47968 1.60782 1.18586
1.37852 -1.93646 1.45895 -1.47968 1.60782 1.18586
1.37812 -1.93648 1.45858 -1.47968 1.60782 1.18586
1.37772 -1.9365 1.45821 -1.47968 1.60782 1.18586
1.37732 -1.93651 1.45784 -1.47968 1.60782 1.18586
1.37692 -1.93653 1.45747 -1.47968 1.60782 1.18586
1.37653 -1.93655 1.4571 -1.47968 1.60782 1.18586
1.37613 -1.93656 1.45674 -1.47968 1.60782 1.18586
1.37573 -1.93658 1.45637 -1.47968 1.60782 1.18586
1.37533 -1.9366 1.456 -1.47968 1.60782 1.18586
1.37493 -1.93661 1.45563 -1.47968 1.60782 1.18586
1.37454 -1.93663 1.45526 -1.47968 1.60782 1.18586
1.37414 -1.93665 1.45489 -1.47968 1.60782 1.18586
1.37374 -1.93666 1.45453 -1.47968 1.60782 1.18586
1.37334 -1.93668 1.45416 -1.47968 1.60782 1.18586
1.37294 -1.9367 1.45379 -1.47968 1.60782 1.18586
1.37255 -1.93671 1.45342 -1.47968 1.60782 1.18586
1.37215 -1.93673 1.45305 -1.47968 1.60782 1.18586
1.37175 -1.93675 1.45268 -1.47968 1.60782 1.18586
1.37135 -1.93676 1.45232 -1.47968 1.60782 1.18586
1.37095 -1.93678 1.45195 -1.47968 1.60782 1.18586
1.37056 -1.9368 1.45158 -1.47968 1.60782 1.18586
1.37016 -1.93681 1.45121 -1.47968 1.60782 1.18586
1.36976 -1.93683 1.45084 -1.47968 1.60782 1.18586
1.36936 -1.93685 1.45047 -1.47968 1.60782 1.18586
1.36896 -1.93686 1.45011 -1.47968 1.60782 1.18586
1.36856 -1.93688 1.44974 -1.47968 1.60782 1.18586
1.36817 -1.9369 1.44937 -1.47968 1.60782 1.18586
1.36777 -1.93691 1.449 -1.47968 1.60782 1.18586
1.36737 -1.93693 1.44863 -1.47968 1.60782 1.18586
1.36697 -1.93695 1.44826 -1.47968 1.60782 1.18586
1.36657 -1.93696 1.44789 -1.47968 1.60782 1.18586
1.36618 -1.93698 1.44753 -1.47968 1.60782 1.18586
1.36578 -1.937 1.44716 -1.47968 1.60782 1.18586
1.36538 -1.93701 1.44679 -1.47968 1.60782 1.18586
1.36498 -1.93703 1.44642 -1.47968 1.60782 1.18586
1.36458 -1.93705 1.44605 -1.47968 1.60782 1.18586
1.36419 -1.93706 1.44568 -1.47968 1.60782 1.18586
1.36379 -1.93708 1.44532 -1.47968 1.60782 1.18586
1.36339 -1.9371 1.44495 -1.47968 1.60782 1.18586
1.36299 -1.93712 1.44458 -1.47968 1.60782 1.18586
1.36259 -1.93713 1.44421 -1.47968 1.60782 1.18586
1.3622 -1.93715 1.44384 -1.47968 1.60782 1.18586
1.3618 -1.93717 1.44347 -1.47968 1.60782 1.18586
1.3614 -1.93718 1.44311 -1.47968 1.60782 1.18586
1.361 -1.9372 1.44274 -1.47968 1.60782 1.18586
1.3606 -1.93722 1.44237 -1.47968 1.60782 1.18586
1.36021 -1.93723 1.442 -1.47968 1.60782 1.18586
1.35981 -1.93725 1.44163 -1.47968 1.60782 1.18586
1.35941 -1.93727 1.44126 -1.47968 1.60782 1.18586
1.35901 -1.93728 1.44089 -1.47968 1.60782 1.18586
1.35861 -1.9373 1.44053 -1.47968 1.60782 1.18586
1.35821 -1.93732 1.44016 -1.47968 1.60782 1.18586
1.35782 -1.93733 1.43979 -1.47968 1.60782 1.18586
1.35742 -1.93735 1.43942 -1.47968 1.60782 1.18586
1.35702 -1.93737 1.43905 -1.47968 1.60782 1.18586
1.35662 -1.93738 1.43868 -1.47968 1.60782 1.18586
1.35622 -1.9374 1.43832 -1.47968 1.60782 1.18586
1.35583 -1.93742 1.43795 -1.47968 1.60782 1.18586
1.35543 -1.93743 1.43758 -1.47968 1.60782 1.18586
1.35503 -1.93745 1.43721 -1.47968 1.60782 1.18586
1.35463 -1.93747 1.43684 -1.47968 1.60782 1.18586
1.35423 -1.93748 1.43647 -1.47968 1.60782 1.18586
1.35384 -1.9375 1.43611 -1.47968 1.60782 1.18586
1.35344 -1.93752 1.43574 -1.47968 1.60782 1.18586
1.35304 -1.93753 1.43537 -1.47968 1.60782 1.18586
1.35264 -1.93755 1.435 -1.47968 1.60782 1.18586
1.35224 -1.93757 1.43463 -1.47968 1.60782 1.18586
1.35185 -1.93758 1.43426 -1.47968 1.60782 1.18586
1.35145 -1.9376 1.43389 -1.47968 1.60782 1.18586
1.35105 -1.93762 1.43353 -1.47968 1.60782 1.18586
1.35065 -1.93763 1.43316 -1.47968 1.60782 1.18586
1.35025 -1.93765 1.43279 -1.47968 1.60782 1.18586
1.34985 -1.93767 1.43242 -1.47968 1.60782 1.18586
1.34946 -1.93768 1.43205 -1.47968 1.60782 1.18586
1.34906 -1.9377 1.43168 -1.47968 1.60782 1.18586
1.34866 -1.93772 1.43132 -1.47968 1.60782 1.18586
1.34826 -1.93773 1.43095 -1.47968 1.60782 1.18586
1.34786 -1.93775 1.43058 -1.47968 1.60782 1.18586
1.34747 -1.93777 1.43021 -1.47968 1.60782 1.18586
1.34707 -1.93778 1.42984 -1.47968 1.60782 1.18586
1.34667 -1.9378 1.42947 -1.47968 1.60782 1.18586
1.34627 -1.93782 1.42911 -1.47968 1.60782 1.18586
1.34587 -1.93783 1.42874 -1.47968 1.60782 1.18586
1.34548 -1.93785 1.42837 -1.47968 1.60782 1.18586
1.34508 -1.93787 1.428 -1.47968 1.60782 1.18586
1.34468 -1.93788 1.42763 -1.47968 1.60782 1.18586
1.34428 -1.9379 1.42726 -1.47968 1.60782 1.18586
1.34388 -1.93792 1.42689 -1.47968 1.60782 1.18586
1.34349 -1.93794 1.42653 -1.47968 1.60782 1.18586
1.34309 -1.93795 1.42616 -1.47968 1.60782 1.18586
1.34269 -1.93797 1.42579 -1.47968 1.60782 1.18586
1.34229 -1.93799 1.42542 -1.47968 1.60782 1.18586
1.34189 -1.938 1.42505 -1.47968 1.60782 1.18586
1.34149 -1.93802 1.42468 -1.47968 1.60782 1.18586
1.3411 -1.93804 1.42432 -1.47968 1.60782 1.18586
1.3407 -1.93805 1.42395 -1.47968 1.60782 1.18586
1.3403 -1.93807 1.42358 -1.47968 1.60782 1.18586
1.3399 -1.93809 1.42321 -1.47968 1.60782 1.18586
1.3395 -1.9381 1.42284 -1.47968 1.60782 1.18586
1.33911 -1.93812 1.42247 -1.47968 1.60782 1.18586
1.33871 -1.93814 1.42211 -1.47968 1.60782 1.18586
1.33831 -1.93815 1.42174 -1.47968 1.60782 1.18586
1.33791 -1.93817 1.42137 -1.47968 1.60782 1.18586
1.33751 -1.93819 1.421 -1.47968 1.60782 1.18586
1.33712 -1.9382 1.42063 -1.47968 1.60782 1.18586
1.33672 -1.93822 1.42026 -1.47968 1.60782 1.18586
1.33632 -1.93824 1.4199 -1.47968 1.60782 1.18586
1.33592 -1.93825 1.41953 -1.47968 1.60782 1.18586
1.33552 -1.93827 1.41916 -1.47968 1.60782 1.18586
1.33513 -1.93829 1.41879 -1.47968 1.60782 1.18586
1.33473 -1.9383 1.41842 -1.47968 1.60782 1.18586
1.33433 -1.93832 1.41805 -1.47968 1.60782 1.18586
1.33393 -1.93834 1.41768 -1.47968 1.60782 1.18586
1.33353 -1.93835 1.41732 -1.47968 1.60782 1.18586
1.33314 -1.93837 1.41695 -1.47968 1.60782 1.18586
1.33274 -1.93839 1.41658 -1.47968 1.60782 1.18586
1.33234 -1.9384 1.41621 -1.47968 1.60782 1.18586
1.33194 -1.93842 1.41584 -1.47968 1.60782 1.18586
1.33154 -1.93844 1.41547 -1.47968 1.60782 1.18586
1.33114 -1.93845 1.41511 -1.47968 1.60782 1.18586
1.33075 -1.93847 1.41474 -1.47968 1.60782 1.18586
1.33035 -1.93849 1.41437 -1.47968 1.60782 1.18586
1.32995 -1.9385 1.414 -1.47968 1.60782 1.18586
1.32955 -1.93852 1.41363 -1.47968 1.60782 1.18586
1.32915 -1.93854 1.41326 -1.47968 1.60782 1.18586
1.32876 -1.93855 1.4129 -1.47968 1.60782 1.18586
1.32836 -1.93857 1.41253 -1.47968 1.60782 1.18586
1.32796 -1.93859 1.41216 -1.47968 1.60782 1.18586
1.32756 -1.9386 1.41179 -1.47968 1.60782 1.18586
1.32716 -1.93862 1.41142 -1.47968 1.60782 1.18586
1.32677 -1.93864 1.41105 -1.47968 1.60782 1.18586
1.32637 -1.93865 1.41068 -1.47968 1.60782 1.18586
1.32597 -1.93867 1.41032 -1.47968 1.60782 1.18586
1.32557 -1.93869 1.40995 -1.47968 1.60782 1.18586
1.32517 -1.9387 1.40958 -1.47968 1.60782 1.18586
1.32478 -1.93872 1.40921 -1.47968 1.60782 1.18586
1.32438 -1.93874 1.40884 -1.47968 1.60782 1.18586
1.32398 -1.93876 1.40847 -1.47968 1.60782 1.18586
1.32358 -1.93877 1.40811 -1.47968 1.60782 1.18586
1.32318 -1.93879 1.40774 -1.47968 1.60782 1.18586
1.32278 -1.93881 1.40737 -1.47968 1.60782 1.18586
1.32239 -1.93882 1.407 -1.47968 1.60782 1.18586
1.32199 -1.93884 1.40663 -1.47968 1.60782 1.18586
1.32159 -1.93886 1.40626 -1.47968 1.60782 1.18586
1.32119 -1.93887 1.4059 -1.47968 1.60782 1.18586
1.32079 -1.93889 1.40553 -1.47968 1.60782 1.18586
1.3204 -1.93891 1.40516 -1.47968 1.60782 1.18586
1.32 -1.93892 1.40479 -1.47968 1.60782 1.18586
1.3196 -1.93894 1.40442 -1.47968 1.60782 1.18586
1.3192 -1.93896 1.40405 -1.47968 1.60782 1.18586
1.3188 -1.93897 1.40368 -1.47968 1.60782 1.18586
1.31841 -1.93899 1.40332 -1.47968 1.60782 1.18586
1.31801 -1.93901 1.40295 -1.47968 1.60782 1.18586
1.31761 -1.93902 1.40258 -1.47968 1.60782 1.18586
1.31721 -1.93904 1.40221 -1.47968 1.60782 1.18586
1.31681 -1.93906 1.40184 -1.47968 1.60782 1.18586
1.31642 -1.93907 1.40147 -1.47968 1.60782 1.18586
1.31602 -1.93909 1.40111 -1.47968 1.60782 1.18586
1.31562 -1.93911 1.40074 -1.47968 1.60782 1.18586
1.31522 -1.93912 1.40037 -1.47968 1.60782 1.18586
1.31482 -1.93914 1.4 -1.47968 1.60782 1.18586
1.31443 -1.93916 1.39963 -1.47968 1.60782 1.18586
1.31403 -1.93917 1.39926 -1.47968 1.60782 1.18586
1.31363 -1.93919 1.3989 -1.47968 1.60782 1.18586
1.31323 -1.93921 1.39853 -1.47968 1.60782 1.18586
1.31283 -1.93922 1.39816 -1.47968 1.60782 1.18586
1.31243 -1.93924 1.39779 -1.47968 1.60782 1.18586
1.31204 -1.93926 1.39742 -1.47968 1.60782 1.18586
1.31164 -1.93927 1.39705 -1.47968 1.60782 1.18586
1.31124 -1.93929 1.39669 -1.47968 1.60782 1.18586
1.31084 -1.93931 1.39632 -1.47968 1.60782 1.18586
1.31044 -1.93932 1.39595 -1.47968 1.60782 1.18586
1.31005 -1.93934 1.39558 -1.47968 1.60782 1.18586
1.30965 -1.93936 1.39521 -1.47968 1.60782 1.18586
1.30925 -1.93937 1.39484 -1.47968 1.60782 1.18586
1.30885 -1.93939 1.39447 -1.47968 1.60782 1.18586
1.30845 -1.93941 1.39411 -1.47968 1.60782 1.18586
1.30806 -1.93942 1.39374 -1.47968 1.60782 1.18586
1.30766 -1.93944 1.39337 -1.47968 1.60782 1.18586
1.30726 -1.93946 1.393 -1.47968 1.60782 1.18586
1.30686 -1.93947 1.39263 -1.47968 1.60782 1.18586
1.30646 -1.93949 1.39226 -1.47968 1.60782 1.18586
1.30607 -1.93951 1.3919 -1.47968 1.60782 1.18586
1.30567 -1.93952 1.39153 -1.47968 1.60782 1.18586
1.30527 -1.93954 1.39116 -1.47968 1.60782 1.18586
1.30487 -1.93956 1.39079 -1.47968 1.60782 1.18586
1.30447 -1.93957 1.39042 -1.47968 1.60782 1.18586
1.30407 -1.93959 1.39005 -1.47968 1.60782 1.18586
1.30368 -1.93961 1.38969 -1.47968 1.60782 1.18586
1.30328 -1.93963 1.38932 -1.47968 1.60782 1.18586
1.30288 -1.93964 1.38895 -1.47968 1.60782 1.18586
1.30248 -1.93966 1.38858 -1.47968 1.60782 1.18586
1.30208 -1.93968 1.38821 -1.47968 1.60782 1.18586
1.30169 -1.93969 1.38784 -1.47968 1.60782 1.18586
1.30129 -1.93971 1.38747 -1.47968 1.60782 1.18586
1.30089 -1.93973 1.38711 -1.47968 1.60782 1.18586
1.30049 -1.93974 1.38674 -1.47968 1.60782 1.18586
1.30009 -1.93976 1.38637 -1.47968 1.60782 1.18586
1.2997 -1.93978 1.386 -1.47968 1.60782 1.18586
1.2993 -1.93979 1.38563 -1.47968 1.60782 1.18586
1.2989 -1.93981 1.38526 -1.47968 1.60782 1.18586
1.2985 -1.93983 1.3849 -1.47968 1.60782 1.18586
1.2981 -1.93984 1.38453 -1.47968 1.60782 1.18586
1.29771 -1.93986 1.38416 -1.47968 1.60782 1.18586
1.29731 -1.93988 1.38379 -1.47968 1.60782 1.18586
1.29691 -1.93989 1.38342 -1.47968 1.60782 1.18586
1.29651 -1.93991 1.38305 -1.47968 1.60782 1.18586
1.29611 -1.93993 1.38269 -1.47968 1.60782 1.18586
1.29572 -1.93994 1.38232 -1.47968 1.60782 1.18586
1.29532 -1.93996 1.38195 -1.47968 1.60782 1.18586
1.29492 -1.93998 1.38158 -1.47968 1.60782 1.18586
1.29452 -1.93999 1.38121 -1.47968 1.60782 1.18586
1.29412 -1.94001 1.38084 -1.47968 1.60782 1.18586
1.29372 -1.94003 1.38047 -1.47968 1.60782 1.18586
1.29333 -1.94004 1.38011 -1.47968 1.60782 1.18586
1.29293 -1.94006 1.37974 -1.47968 1.60782 1.18586
1.29253 -1.94008 1.37937 -1.47968 1.60782 1.18586
1.29213 -1.94009 1.379 -1.47968 1.60782 1.18586
1.29173 -1.94011 1.37863 -1.47968 1.60782 1.18586
1.29134 -1.94013 1.37826 -1.47968 1.60782 1.18586
1.29094 -1.94014 1.3779 -1.47968 1.60782 1.18586
1.29054 -1.94016 1.37753 -1.47968 1.60782 1.18586
1.29014 -1.94018 1.37716 -1.47968 1.60782 1.18586
1.28974 -1.94019 1.37679 -1.47968 1.60782 1.18586
1.28935 -1.94021 1.37642 -1.47968 1.60782 1.18586
1.28895 -1.94023 1.37605 -1.47968 1.60782 1.18586
1.28855 -1.94024 1.37569 -1.47968 1.60782 1.18586
1.28815 -1.94026 1.37532 -1.47968 1.60782 1.18586
1.28775 -1.94028 1.37495 -1.47968 1.60782 1.18586
1.28736 -1.94029 1.37458 -1.47968 1.60782 1.18586
1.28696 -1.94031 1.37421 -1.47968 1.60782 1.18586
1.28656 -1.94033 1.37384 -1.47968 1.60782 1.18586
1.28616 -1.94034 1.37348 -1.47968 1.60782 1.18586
1.28576 -1.94036 1.37311 -1.47968 1.60782 1.18586
1.28536 -1.94038 1.37274 -1.47968 1.60782 1.18586
1.28497 -1.94039 1.37237 -1.47968 1.60782 1.18586
1.28457 -1.94041 1.372 -1.47968 1.60782 1.18586
1.28417 -1.94043 1.37163 -1.47968 1.60782 1.18586
1.28377 -1.94045 1.37126 -1.47968 1.60782 1.18586
1.28337 -1.94046 1.3709 -1.47968 1.60782 1.18586
1.28298 -1.94048 1.37053 -1.47968 1.60782 1.18586
1.28258 -1.9405 1.37016 -1.47968 1.60782 1.18586
1.28218 -1.94051 1.36979 -1.47968 1.60782 1.18586
1.28178 -1.94053 1.36942 -1.47968 1.60782 1.18586
1.28138 -1.94055 1.36905 -1.47968 1.60782 1.18586
1.28099 -1.94056 1.36869 -1.47968 1.60782 1.18586
1.28059 -1.94058 1.36832 -1.47968 1.60782 1.18586
1.28019 -1.9406 1.36795 -1.47968 1.60782 1.18586
1.27979 -1.94061 1.36758 -1.47968 1.60782 1.18586
1.27939 -1.94063 1.36721 -1.47968 1.60782 1.18586
1.279 -1.94065 1.36684 -1.47968 1.60782 1.18586
1.2786 -1.94066 1.36648 -1.47968 1.60782 1.18586
1.2782 -1.94068 1.36611 -1.47968 1.60782 1.18586
1.2778 -1.9407 1.36574 -1.47968 1.60782 1.18586
1.2774 -1.94071 1.36537 -1.47968 1.60782 1.18586
1.27701 -1.94073 1.365 -1.47968 1.60782 1.18586
1.27661 -1.94075 1.36463 -1.47968 1.60782 1.18586
1.27621 -1.94076 1.36426 -1.47968 1.60782 1.18586
1.27581 -1.94078 1.3639 -1.47968 1.60782 1.18586
1.27541 -1.9408 1.36353 -1.47968 1.60782 1.18586
1.27501 -1.94081 1.36316 -1.47968 1.60782 1.18586
1.27462 -1.94083 1.36279 -1.47968 1.60782 1.18586
1.27422 -1.94085 1.36242 -1.47968 1.60782 1.18586
1.27382 -1.94086 1.36205 -1.47968 1.60782 1.18586
1.27342 -1.94088 1.36169 -1.47968 1.60782 1.18586
1.27302 -1.9409 1.36132 -1.47968 1.60782 1.18586
1.27263 -1.94091 1.36095 -1.47968 1.60782 1.18586
1.27223 -1.94093 1.36058 -1.47968 1.60782 1.18586
1.27183 -1.94095 1.36021 -1.47968 1.60782 1.18586
1.27143 -1.94096 1.35984 -1.47968 1.60782 1.18586
1.27103 -1.94098 1.35948 -1.47968 1.60782 1.18586
1.27064 -1.941 1.35911 -1.47968 1.60782 1.18586
1.27024 -1.94101 1.35874 -1.47968 1.60782 1.18586
1.26984 -1.94103 1.35837 -1.47968 1.60782 1.18586
1.26944 -1.94105 1.358 -1.47968 1.60782 1.18586
1.26904 -1.94106 1.35763 -1.47968 1.60782 1.18586
1.26865 -1.94108 1.35726 -1.47968 1.60782 1.18586
1.26825 -1.9411 1.3569 -1.47968 1.60782 1.18586
1.26785 -1.94111 1.35653 -1.47968 1.60782 1.18586
1.26745 -1.94113 1.35616 -1.47968 1.60782 1.18586
1.26705 -1.94115 1.35579 -1.47968 1.60782 1.18586
1.26665 -1.94116 1.35542 -1.47968 1.60782 1.18586
1.26626 -1.94118 1.35505 -1.47968 1.60782 1.18586
1.26586 -1.9412 1.35469 -1.47968 1.60782 1.18586
1.26546 -1.94121 1.35432 -1.47968 1.60782 1.18586
1.26506 -1.94123 1.35395 -1.47968 1.60782 1.18586
1.26466 -1.94125 1.35358 -1.47968 1.60782 1.18586
1.26427 -1.94127 1.35321 -1.47968 1.60782 1.18586
1.26387 -1.94128 1.35284 -1.47968 1.60782 1.18586
1.26347 -1.9413 1.35248 -1.47968 1.60782 1.18586
1.26307 -1.94132 1.35211 -1.47968 1.60782 1.18586
1.26267 -1.94133 1.35174 -1.47968 1.60782 1.18586
1.26228 -1.94135 1.35137 -1.47968 1.60782 1.18586
1.26188 -1.94137 1.351 -1.47968 1.60782 1.18586
1.26148 -1.94138 1.35063 -1.47968 1.60782 1.18586
1.26108 -1.9414 1.35027 -1.47968 1.60782 1.18586
1.26068 -1.94142 1.3499 -1.47968 1.60782 1.18586
1.26029 -1.94143 1.34953 -1.47968 1.60782 1.18586
1.25989 -1.94145 1.34916 -1.47968 1.60782 1.18586
1.25949 -1.94147 1.34879 -1.47968 1.60782 1.18586
1.25909 -1.94148 1.34842 -1.47968 1.60782 1.18586
1.25869 -1.9415 1.34805 -1.47968 1.60782 1.18586
1.2583 -1.94152 1.34769 -1.47968 1.60782 1.18586
1.2579 -1.94153 1.34732 -1.47968 1.60782 1.18586
1.2575 -1.94155 1.34695 -1.47968 1.60782 1.18586
1.2571 -1.94157 1.34658 -1.47968 1.60782 1.18586
1.2567 -1.94158 1.34621 -1.47968 1.60782 1.18586
1.2563 -1.9416 1.34584 -1.47968 1.60782 1.18586
1.25591 -1.94162 1.34548 -1.47968 1.60782 1.18586
1.25551 -1.94163 1.34511 -1.47968 1.60782 1.18586
1.25511 -1.94165 1.34474 -1.47968 1.60782 1.18586
1.25471 -1.94167 1.34437 -1.47968 1.60782 1.18586
1.25431 -1.94168 1.344 -1.47968 1.60782 1.18586
1.25392 -1.9417 1.34363 -1.47968 1.60782 1.18586
1.25352 -1.94172 1.34327 -1.47968 1.60782 1.18586
1.25312 -1.94173 1.3429 -1.47968 1.60782 1.18586
1.25272 -1.94175 1.34253 -1.47968 1.60782 1.18586
1.25232 -1.94177 1.34216 -1.47968 1.60782 1.18586
1.25193 -1.94178 1.34179 -1.47968 1.60782 1.18586
1.25153 -1.9418 1.34142 -1.47968 1.60782 1.18586
1.25113 -1.94182 1.34105 -1.47968 1.60782 1.18586
1.25073 -1.94183 1.34069 -1.47968 1.60782 1.18586
1.25033 -1.94185 1.34032 -1.47968 1.60782 1.18586
1.24994 -1.94187 1.33995 -1.47968 1.60782 1.18586
1.24954 -1.94188 1.33958 -1.47968 1.60782 1.18586
1.24914 -1.9419 1.33921 -1.47968 1.60782 1.18586
1.24874 -1.94192 1.33884 -1.47968 1.60782 1.18586
1.24834 -1.94193 1.33848 -1.47968 1.60782 1.18586
1.24794 -1.94195 1.33811 -1.47968 1.60782 1.18586
1.24755 -1.94197 1.33774 -1.47968 1.60782 1.18586
1.24715 -1.94198 1.33737 -1.47968 1.60782 1.18586
1.24675 -1.942 1.337 -1.47968 1.60782 1.18586
1.24635 -1.94202 1.33663 -1.47968 1.60782 1.18586
1.24595 -1.94203 1.33627 -1.47968 1.60782 1.18586
1.24556 -1.94205 1.3359 -1.47968 1.60782 1.18586
1.24516 -1.94207 1.33553 -1.47968 1.60782 1.18586
1.24476 -1.94208 1.33516 -1.47968 1.60782 1.18586
1.24436 -1.9421 1.33479 -1.47968 1.60782 1.18586
1.24396 -1.94212 1.33442 -1.47968 1.60782 1.18586
1.24357 -1.94214 1.33405 -1.47968 1.60782 1.18586
1.24317 -1.94215 1.33369 -1.47968 1.60782 1.18586
1.24277 -1.94217 1.33332 -1.47968 1.60782 1.18586
1.24237 -1.94219 1.33295 -1.47968 1.60782 1.18586
1.24197 -1.9422 1.33258 -1.47968 1.60782 1.18586
1.24158 -1.94222 1.33221 -1.47968 1.60782 1.18586
1.24118 -1.94224 1.33184 -1.47968 1.60782 1.18586
1.24078 -1.94225 1.33148 -1.47968 1.60782 1.18586
1.24038 -1.94227 1.33111 -1.47968 1.60782 1.18586
1.23998 -1.94229 1.33074 -1.47968 1.60782 1.18586
1.23958 -1.9423 1.33037 -1.47968 1.60782 1.18586
1.23919 -1.94232 1.33 -1.47968 1.60782 1.18586
1.23879 -1.94234 1.32963 -1.47968 1.60782 1.18586
1.23839 -1.94235 1.32927 -1.47968 1.60782 1.18586
1.23799 -1.94237 1.3289 -1.47968 1.60782 1.18586
1.23759 -1.94239 1.32853 -1.47968 1.60782 1.18586
1.2372 -1.9424 1.32816 -1.47968 1.60782 1.18586
1.2368 -1.94242 1.32779 -1.47968 1.60782 1.18586
1.2364 -1.94244 1.32742 -1.47968 1.60782 1.18586
1.236 -1.94245 1.32706 -1.47968 1.60782 1.18586
1.2356 -1.94247 1.32669 -1.47968 1.60782 1.18586
1.23521 -1.94249 1.32632 -1.47968 1.60782 1.18586
1.23481 -1.9425 1.32595 -1.47968 1.60782 1.18586
1.23441 -1.94252 1.32558 -1.47968 1.60782 1.18586
1.23401 -1.94254 1.32521 -1.47968 1.60782 1.18586
1.23361 -1.94255 1.32484 -1.47968 1.60782 1.18586
1.23322 -1.94257 1.32448 -1.47968 1.60782 1.18586
1.23282 -1.94259 1.32411 -1.47968 1.60782 1.18586
1.23242 -1.9426 1.32374 -1.47968 1.60782 1.18586
1.23202 -1.94262 1.32337 -1.47968 1.60782 1.18586
1.23162 -1.94264 1.323 -1.47968 1.60782 1.18586
1.23123 -1.94265 1.32263 -1.47968 1.60782 1.18586
1.23083 -1.94267 1.32227 -1.47968 1.60782 1.18586
1.23043 -1.94269 1.3219 -1.47968 1.60782 1.18586
1.23003 -1.9427 1.32153 -1.47968 1.60782 1.18586
1.22963 -1.94272 1.32116 -1.47968 1.60782 1.18586
1.22923 -1.94274 1.32079 -1.47968 1.60782 1.18586
1.22884 -1.94275 1.32042 -1.47968 1.60782 1.18586
1.22844 -1.94277 1.32006 -1.47968 1.60782 1.18586
1.22804 -1.94279 1.31969 -1.47968 1.60782 1.18586
1.22764 -1.9428 1.31932 -1.47968 1.60782 1.18586
1.22724 -1.94282 1.31895 -1.47968 1.60782 1.18586
1.22685 -1.94284 1.31858 -1.47968 1.60782 1.18586
1.22645 -1.94285 1.31821 -1.47968 1.60782 1.18586
1.22605 -1.94287 1.31784 -1.47968 1.60782 1.18586
1.22565 -1.94289 1.31748 -1.47968 1.60782 1.18586
1.22525 -1.9429 1.31711 -1.47968 1.60782 1.18586
1.22486 -1.94292 1.31674 -1.47968 1.60782 1.18586
1.22446 -1.94294 1.31637 -1.47968 1.60782 1.18586
1.22406 -1.94296 1.316 -1.47968 1.60782 1.18586
1.22366 -1.94297 1.31563 -1.47968 1.60782 1.18586
1.22326 -1.94299 1.31527 -1.47968 1.60782 1.18586
1.22287 -1.94301 1.3149 -1.47968 1.60782 1.18586
1.22247 -1.94302 1.31453 -1.47968 1.60782 1.18586
1.22207 -1.94304 1.31416 -1.47968 1.60782 1.18586
1.22167 -1.94306 1.31379 -1.47968 1.60782 1.18586
1.22127 -1.94307 1.31342 -1.47968 1.60782 1.18586
1.22087 -1.94309 1.31306 -1.47968 1.60782 1.18586
1.22048 -1.94311 1.31269 -1.47968 1.60782 1.18586
1.22008 -1.94312 1.31232 -1.47968 1.60782 1.18586
1.21968 -1.94314 1.31195 -1.47968 1.60782 1.18586
1.21928 -1.94316 1.31158 -1.47968 1.60782 1.18586
1.21888 -1.94317 1.31121 -1.47968 1.60782 1.18586
1.21849 -1.94319 1.31084 -1.47968 1.60782 1.18586
1.21809 -1.94321 1.31048 -1.47968 1.60782 1.18586
1.21769 -1.94322 1.31011 -1.47968 1.60782 1.18586
1.21729 -1.94324 1.30974 -1.47968 1.60782 1.18586
1.21689 -1.94326 1.30937 -1.47968 1.60782 1.18586
1.2165 -1.94327 1.309 -1.47968 1.60782 1.18586
1.2161 -1.94329 1.30863 -1.47968 1.60782 1.18586
1.2157 -1.94331 1.30827 -1.47968 1.60782 1.18586
1.2153 -1.94332 1.3079 -1.47968 1.60782 1.18586
1.2149 -1.94334 1.30753 -1.47968 1.60782 1.18586
1.21451 -1.94336 1.30716 -1.47968 1.60782 1.18586
1.21411 -1.94337 1.30679 -1.47968 1.60782 1.18586
1.21371 -1.94339 1.30642 -1.47968 1.60782 1.18586
1.21331 -1.94341 1.30606 -1.47968 1.60782 1.18586
1.21291 -1.94342 1.30569 -1.47968 1.60782 1.18586
1.21252 -1.94344 1.30532 -1.47968 1.60782 1.18586
1.21212 -1.94346 1.30495 -1.47968 1.60782 1.18586
1.21172 -1.94347 1.30458 -1.47968 1.60782 1.18586
1.21132 -1.94349 1.30421 -1.47968 1.60782 1.18586
1.21092 -1.94351 1.30384 -1.47968 1.60782 1.18586
1.21052 -1.94352 1.30348 -1.47968 1.60782 1.18586
1.21013 -1.94354 1.30311 -1.47968 1.60782 1.18586
1.20973 -1.94356 1.30274 -1.47968 1.60782 1.18586
1.20933 -1.94357 1.30237 -1.47968 1.60782 1.18586
1.20893 -1.94359 1.302 -1.47968 1.60782 1.18586
1.20853 -1.94361 1.30163 -1.47968 1.60782 1.18586
1.20814 -1.94362 1.30127 -1.47968 1.60782 1.18586
1.20774 -1.94364 1.3009 -1.47968 1.60782 1.18586
1.20734 -1.94366 1.30053 -1.47968 1.60782 1.18586
1.20694 -1.94367 1.30016 -1.47968 1.60782 1.18586
1.20654 -1.94369 1.29979 -1.47968 1.60782 1.18586
1.20615 -1.94371 1.29942 -1.47968 1.60782 1.18586
1.20575 -1.94372 1.29906 -1.47968 1.60782 1.18586
1.20535 -1.94374 1.29869 -1.47968 1.60782 1.18586
1.20495 -1.94376 1.29832 -1.47968 1.60782 1.18586
1.20455 -1.94378 1.29795 -1.47968 1.60782 1.18586
1.20416 -1.94379 1.29758 -1.47968 1.60782 1.18586
1.20376 -1.94381 1.29721 -1.47968 1.60782 1.18586
1.20336 -1.94383 1.29685 -1.47968 1.60782 1.18586
1.20296 -1.94384 1.29648 -1.47968 1.60782 1.18586
1.20256 -1.94386 1.29611 -1.47968 1.60782 1.18586
1.20216 -1.94388 1.29574 -1.47968 1.60782 1.18586
1.20177 -1.94389 1.29537 -1.47968 1.60782 1.18586
1.20137 -1.94391 1.295 -1.47968 1.60782 1.18586
1.20097 -1.94393 1.29463 -1.47968 1.60782 1.18586
1.20057 -1.94394 1.29427 -1.47968 1.60782 1.18586
1.20017 -1.94396 1.2939 -1.47968 1.60782 1.18586
1.19978 -1.94398 1.29353 -1.47968 1.60782 1.18586
1.19938 -1.94399 1.29316 -1.47968 1.60782 1.18586
1.19898 -1.94401 1.29279 -1.47968 1.60782 1.18586
1.19858 -1.94403 1.29242 -1.47968 1.60782 1.18586
1.19818 -1.94404 1.29206 -1.47968 1.60782 1.18586
1.19779 -1.94406 1.29169 -1.47968 1.60782 1.18586
1.19739 -1.94408 1.29132 -1.47968 1.60782 1.18586
1.19699 -1.94409 1.29095 -1.47968 1.60782 1.18586
1.19659 -1.94411 1.29058 -1.47968 1.60782 1.18586
1.19619 -1.94413 1.29021 -1.47968 1.60782 1.18586
1.1958 -1.94414 1.28985 -1.47968 1.60782 1.18586
1.1954 -1.94416 1.28948 -1.47968 1.60782 1.18586
1.195 -1.94418 1.28911 -1.47968 1.60782 1.18586
1.1946 -1.94419 1.28874 -1.47968 1.60782 1.18586
1.1942 -1.94421 1.28837 -1.47968 1.60782 1.18586
1.19381 -1.94423 1.288 -1.47968 1.60782 1.18586
1.19341 -1.94424 1.28763 -1.47968 1.60782 1.18586
1.19301 -1.94426 1.28727 -1.47968 1.60782 1.18586
1.19261 -1.94428 1.2869 -1.47968 1.60782 1.18586
1.19221 -1.94429 1.28653 -1.47968 1.60782 1.18586
1.19181 -1.94431 1.28616 -1.47968 1.60782 1.18586
1.19142 -1.94433 1.28579 -1.47968 1.60782 1.18586
1.19102 -1.94434 1.28542 -1.47968 1.60782 1.18586
1.19062 -1.94436 1.28506 -1.47968 1.60782 1.18586
1.19022 -1.94438 1.28469 -1.47968 1.60782 1.18586
1.18982 -1.94439 1.28432 -1.47968 1.60782 1.18586
1.18943 -1.94441 1.28395 -1.47968 1.60782 1.18586
1.18903 -1.94443 1.28358 -1.47968 1.60782 1.18586
1.18863 -1.94444 1.28321 -1.47968 1.60782 1.18586
1.18823 -1.94446 1.28285 -1.47968 1.60782 1.18586
1.18783 -1.94448 1.28248 -1.47968 1.60782 1.18586
1.18744 -1.94449 1.28211 -1.47968 1.60782 1.18586
1.18704 -1.94451 1.28174 -1.47968 1.60782 1.18586
1.18664 -1.94453 1.28137 -1.47968 1.60782 1.18586
1.18624 -1.94454 1.281 -1.47968 1.60782 1.18586
1.18584 -1.94456 1.28063 -1.47968 1.60782 1.18586
1.18545 -1.94458 1.28027 -1.47968 1.60782 1.18586
1.18505 -1.94459 1.2799 -1.47968 1.60782 1.18586
1.18465 -1.94461 1.27953 -1.47968 1.60782 1.18586
1.18425 -1.94463 1.27916 -1.47968 1.60782 1.18586
1.18385 -1.94465 1.27879 -1.47968 1.60782 1.18586
1.18345 -1.94466 1.27842 -1.47968 1.60782 1.18586
1.18306 -1.94468 1.27806 -1.47968 1.60782 1.18586
1.18266 -1.9447 1.27769 -1.47968 1.60782 1.18586
1.18226 -1.94471 1.27732 -1.47968 1.60782 1.18586
1.18186 -1.94473 1.27695 -1.47968 1.60782 1.18586
1.18146 -1.94475 1.27658 -1.47968 1.60782 1.18586
1.18107 -1.94476 1.27621 -1.47968 1.60782 1.18586
1.18067 -1.94478 1.27585 -1.47968 1.60782 1.18586
1.18027 -1.9448 1.27548 -1.47968 1.60782 1.18586
1.17987 -1.94481 1.27511 -1.47968 1.60782 1.18586
1.17947 -1.94483 1.27474 -1.47968 1.60782 1.18586
1.17908 -1.94485 1.27437 -1.47968 1.60782 1.18586
1.17868 -1.94486 1.274 -1.47968 1.60782 1.18586
1.17828 -1.94488 1.27364 -1.47968 1.60782 1.18586
1.17788 -1.9449 1.27327 -1.47968 1.60782 1.18586
1.17748 -1.94491 1.2729 -1.47968 1.60782 1.18586
1.17709 -1.94493 1.27253 -1.47968 1.60782 1.18586
1.17669 -1.94495 1.27216 -1.47968 1.60782 1.18586
1.17629 -1.94496 1.27179 -1.47968 1.60782 1.18586
1.17589 -1.94498 1.27142 -1.47968 1.60782 1.18586
1.17549 -1.945 1.27106 -1.47968 1.60782 1.18586
1.1751 -1.94501 1.27069 -1.47968 1.60782 1.18586
1.1747 -1.94503 1.27032 -1.47968 1.60782 1.18586
1.1743 -1.94505 1.26995 -1.47968 1.60782 1.18586
1.1739 -1.94506 1.26958 -1.47968 1.60782 1.18586
1.1735 -1.94508 1.26921 -1.47968 1.60782 1.18586
1.1731 -1.9451 1.26885 -1.47968 1.60782 1.18586
1.17271 -1.94511 1.26848 -1.47968 1.60782 1.18586
1.17231 -1.94513 1.26811 -1.47968 1.60782 1.18586
1.17191 -1.94515 1.26774 -1.47968 1.60782 1.18586
1.17151 -1.94516 1.26737 -1.47968 1.60782 1.18586
1.17111 -1.94518 1.267 -1.47968 1.60782 1.18586
1.17072 -1.9452 1.26664 -1.47968 1.60782 1.18586
1.17032 -1.94521 1.26627 -1.47968 1.60782 1.18586
1.16992 -1.94523 1.2659 -1.47968 1.60782 1.18586
1.16952 -1.94525 1.26553 -1.47968 1.60782 1.18586
1.16912 -1.94526 1.26516 -1.47968 1.60782 1.18586
1.16873 -1.94528 1.26479 -1.47968 1.60782 1.18586
1.16833 -1.9453 1.26442 -1.47968 1.60782 1.18586
1.16793 -1.94531 1.26406 -1.47968 1.60782 1.18586
1.16753 -1.94533 1.26369 -1.47968 1.60782 1.18586
1.16713 -1.94535 1.26332 -1.47968 1.60782 1.18586
1.16674 -1.94536 1.26295 -1.47968 1.60782 1.18586
1.16634 -1.94538 1.26258 -1.47968 1.60782 1.18586
1.16594 -1.9454 1.26221 -1.47968 1.60782 1.18586
1.16554 -1.94541 1.26185 -1.47968 1.60782 1.18586
1.16514 -1.94543 1.26148 -1.47968 1.60782 1.18586
1.16474 -1.94545 1.26111 -1.47968 1.60782 1.18586
1.16435 -1.94547 1.26074 -1.47968 1.60782 1.18586
1.16395 -1.94548 1.26037 -1.47968 1.60782 1.18586
1.16355 -1.9455 1.26 -1.47968 1.60782 1.18586
1.16315 -1.94552 1.25964 -1.47968 1.60782 1.18586
1.16275 -1.94553 1.25927 -1.47968 1.60782 1.18586
1.16236 -1.94555 1.2589 -1.47968 1.60782 1.18586
1.16196 -1.94557 1.25853 -1.47968 1.60782 1.18586
1.16156 -1.94558 1.25816 -1.47968 1.60782 1.18586
1.16116 -1.9456 1.25779 -1.47968 1.60782 1.18586
1.16076 -1.94562 1.25742 -1.47968 1.60782 1.18586
1.16037 -1.94563 1.25706 -1.47968 1.60782 1.18586
1.15997 -1.94565 1.25669 -1.47968 1.60782 1.18586
1.15957 -1.94567 1.25632 -1.47968 1.60782 1.18586
1.15917 -1.94568 1.25595 -1.47968 1.60782 1.18586
1.15877 -1.9457 1.25558 -1.47968 1.60782 1.18586
1.15838 -1.94572 1.25521 -1.47968 1.60782 1.18586
1.15798 -1.94573 1.25485 -1.47968 1.60782 1.18586
1.15758 -1.94575 1.25448 -1.47968 1.60782 1.18586
1.15718 -1.94577 1.25411 -1.47968 1.60782 1.18586
1.15678 -1.94578 1.25374 -1.47968 1.60782 1.18586
1.15638 -1.9458 1.25337 -1.47968 1.60782 1.18586
1.15599 -1.94582 1.253 -1.47968 1.60782 1.18586
1.15559 -1.94583 1.25264 -1.47968 1.60782 1.18586
1.15519 -1.94585 1.25227 -1.47968 1.60782 1.18586
1.15479 -1.94587 1.2519 -1.47968 1.60782 1.18586
1.15439 -1.94588 1.25153 -1.47968 1.60782 1.18586
1.154 -1.9459 1.25116 -1.47968 1.60782 1.18586
1.1536 -1.94592 1.25079 -1.47968 1.60782 1.18586
1.1532 -1.94593 1.25043 -1.47968 1.60782 1.18586
1.1528 -1.94595 1.25006 -1.47968 1.60782 1.18586
1.1524 -1.94597 1.24969 -1.47968 1.60782 1.18586
1.15201 -1.94598 1.24932 -1.47968 1.60782 1.18586
1.15161 -1.946 1.24895 -1.47968 1.60782 1.18586
1.15121 -1.94602 1.24858 -1.47968 1.60782 1.18586
1.15081 -1.94603 1.24821 -1.47968 1.60782 1.18586
1.15041 -1.94605 1.24785 -1.47968 1.60782 1.18586
1.15002 -1.94607 1.24748 -1.47968 1.60782 1.18586
1.14962 -1.94608 1.24711 -1.47968 1.60782 1.18586
1.14922 -1.9461 1.24674 -1.47968 1.60782 1.18586
1.14882 -1.94612 1.24637 -1.47968 1.60782 1.18586
1.14842 -1.94613 1.246 -1.47968 1.60782 1.18586
1.14803 -1.94615 1.24564 -1.47968 1.60782 1.18586
1.14763 -1.94617 1.24527 -1.47968 1.60782 1.18586
1.14723 -1.94618 1.2449 -1.47968 1.60782 1.18586
1.14683 -1.9462 1.24453 -1.47968 1.60782 1.18586
1.14643 -1.94622 1.24416 -1.47968 1.60782 1.18586
1.14603 -1.94623 1.24379 -1.47968 1.60782 1.18586
1.14564 -1.94625 1.24343 -1.47968 1.60782 1.18586
1.14524 -1.94627 1.24306 -1.47968 1.60782 1.18586
1.14484 -1.94629 1.24269 -1.47968 1.60782 1.18586
1.14444 -1.9463 1.24232 -1.47968 1.60782 1.18586
1.14404 -1.94632 1.24195 -1.47968 1.60782 1.18586
1.14365 -1.94634 1.24158 -1.47968 1.60782 1.18586
1.14325 -1.94635 1.24121 -1.47968 1.60782 1.18586
1.14285 -1.94637 1.24085 -1.47968 1.60782 1.18586
1.14245 -1.94639 1.24048 -1.47968 1.60782 1.18586
1.14205 -1.9464 1.24011 -1.47968 1.60782 1.18586
1.14166 -1.94642 1.23974 -1.47968 1.60782 1.18586
1.14126 -1.94644 1.23937 -1.47968 1.60782 1.18586
1.14086 -1.94645 1.239 -1.47968 1.60782 1.18586
1.14046 -1.94647 1.23864 -1.47968 1.60782 1.18586
1.14006 -1.94649 1.23827 -1.47968 1.60782 1.18586
1.13967 -1.9465 1.2379 -1.47968 1.60782 1.18586
1.13927 -1.94652 1.23753 -1.47968 1.60782 1.18586
1.13887 -1.94654 1.23716 -1.47968 1.60782 1.18586
1.13847 -1.94655 1.23679 -1.47968 1.60782 1.18586
1.13807 -1.94657 1.23643 -1.47968 1.60782 1.18586
1.13767 -1.94659 1.23606 -1.47968 1.60782 1.18586
1.13728 -1.9466 1.23569 -1.47968 1.60782 1.18586
1.13688 -1.94662 1.23532 -1.47968 1.60782 1.18586
1.13648 -1.94664 1.23495 -1.47968 1.60782 1.18586
1.13608 -1.94665 1.23458 -1.47968 1.60782 1.18586
1.13568 -1.94667 1.23421 -1.47968 1.60782 1.18586
1.13529 -1.94669 1.23385 -1.47968 1.60782 1.18586
1.13489 -1.9467 1.23348 -1.47968 1.60782 1.18586
1.13449 -1.94672 1.23311 -1.47968 1.60782 1.18586
1.13409 -1.94674 1.23274 -1.47968 1.60782 1.18586
1.13369 -1.94675 1.23237 -1.47968 1.60782 1.18586
1.1333 -1.94677 1.232 -1.47968 1.60782 1.18586
1.1329 -1.94679 1.23164 -1.47968 1.60782 1.18586
1.1325 -1.9468 1.23127 -1.47968 1.60782 1.18586
1.1321 -1.94682 1.2309 -1.47968 1.60782 1.18586
1.1317 -1.94684 1.23053 -1.47968 1.60782 1.18586
1.13131 -1.94685 1.23016 -1.47968 1.60782 1.18586
1.13091 -1.94687 1.22979 -1.47968 1.60782 1.18586
1.13051 -1.94689 1.22943 -1.47968 1.60782 1.18586
1.13011 -1.9469 1.22906 -1.47968 1.60782 1.18586
1.12971 -1.94692 1.22869 -1.47968 1.60782 1.18586
1.12932 -1.94694 1.22832 -1.47968 1.60782 1.18586
1.12892 -1.94695 1.22795 -1.47968 1.60782 1.18586
1.12852 -1.94697 1.22758 -1.47968 1.60782 1.18586
1.12812 -1.94699 1.22722 -1.47968 1.60782 1.18586
1.12772 -1.947 1.22685 -1.47968 1.60782 1.18586
1.12732 -1.94702 1.22648 -1.47968 1.60782 1.18586
1.12693 -1.94704 1.22611 -1.47968 1.60782 1.18586
1.12653 -1.94705 1.22574 -1.47968 1.60782 1.18586
1.12613 -1.94707 1.22537 -1.47968 1.60782 1.18586
1.12573 -1.94709 1.225 -1.47968 1.60782 1.18586
1.12533 -1.94711 1.22464 -1.47968 1.60782 1.18586
1.12494 -1.94712 1.22427 -1.47968 1.60782 1.18586
1.12454 -1.94714 1.2239 -1.47968 1.60782 1.18586
1.12414 -1.94716 1.22353 -1.47968 1.60782 1.18586
1.12374 -1.94717 1.22316 -1.47968 1.60782 1.18586
1.12334 -1.94719 1.22279 -1.47968 1.60782 1.18586
1.12295 -1.94721 1.22243 -1.47968 1.60782 1.18586
1.12255 -1.94722 1.22206 -1.47968 1.60782 1.18586
1.12215 -1.94724 1.22169 -1.47968 1.60782 1.18586
1.12175 -1.94726 1.22132 -1.47968 1.60782 1.18586
1.12135 -1.94727 1.22095 -1.47968 1.60782 1.18586
1.12096 -1.94729 1.22058 -1.47968 1.60782 1.18586
1.12056 -1.94731 1.22022 -1.47968 1.60782 1.18586
1.12016 -1.94732 1.21985 -1.47968 1.60782 1.18586
1.11976 -1.94734 1.21948 -1.47968 1.60782 1.18586
1.11936 -1.94736 1.21911 -1.47968 1.60782 1.18586
1.11896 -1.94737 1.21874 -1.47968 1.60782 1.18586
1.11857 -1.94739 1.21837 -1.47968 1.60782 1.18586
1.11817 -1.94741 1.218 -1.47968 1.60782 1.18586
1.11777 -1.94742 1.21764 -1.47968 1.60782 1.18586
1.11737 -1.94744 1.21727 -1.47968 1.60782 1.18586
1.11697 -1.94746 1.2169 -1.47968 1.60782 1.18586
1.11658 -1.94747 1.21653 -1.47968 1.60782 1.18586
1.11618 -1.94749 1.21616 -1.47968 1.60782 1.18586
1.11578 -1.94751 1.21579 -1.47968 1.60782 1.18586
1.11538 -1.94752 1.21543 -1.47968 1.60782 1.18586
1.11498 -1.94754 1.21506 -1.47968 1.60782 1.18586
1.11459 -1.94756 1.21469 -1.47968 1.60782 1.18586
1.11419 -1.94757 1.21432 -1.47968 1.60782 1.18586
1.11379 -1.94759 1.21395 -1.47968 1.60782 1.18586
1.11339 -1.94761 1.21358 -1.47968 1.60782 1.18586
1.11299 -1.94762 1.21322 -1.47968 1.60782 1.18586
1.1126 -1.94764 1.21285 -1.47968 1.60782 1.18586
1.1122 -1.94766 1.21248 -1.47968 1.60782 1.18586
1.1118 -1.94767 1.21211 -1.47968 1.60782 1.18586
1.1114 -1.94769 1.21174 -1.47968 1.60782 1.18586
1.111 -1.94771 1.21137 -1.47968 1.60782 1.18586
1.11061 -1.94772 1.211 -1.47968 1.60782 1.18586
1.11021 -1.94774 1.21064 -1.47968 1.60782 1.18586
1.10981 -1.94776 1.21027 -1.47968 1.60782 1.18586
1.10941 -1.94777 1.2099 -1.47968 1.60782 1.18586
1.10901 -1.94779 1.20953 -1.47968 1.60782 1.18586
1.10861 -1.94781 1.20916 -1.47968 1.60782 1.18586
1.10822 -1.94782 1.20879 -1.47968 1.60782 1.18586
1.10782 -1.94784 1.20843 -1.47968 1.60782 1.18586
1.10742 -1.94786 1.20806 -1.47968 1.60782 1.18586
1.10702 -1.94787 1.20769 -1.47968 1.60782 1.18586
1.10662 -1.94789 1.20732 -1.47968 1.60782 1.18586
1.10623 -1.94791 1.20695 -1.47968 1.60782 1.18586
1.10583 -1.94792 1.20658 -1.47968 1.60782 1.18586
1.10543 -1.94794 1.20622 -1.47968 1.60782 1.18586
1.10503 -1.94796 1.20585 -1.47968 1.60782 1.18586
1.10463 -1.94798 1.20548 -1.47968 1.60782 1.18586
1.10424 -1.94799 1.20511 -1.47968 1.60782 1.18586
1.10384 -1.94801 1.20474 -1.47968 1.60782 1.18586
1.10344 -1.94803 1.20437 -1.47968 1.60782 1.18586
1.10304 -1.94804 1.204 -1.47968 1.60782 1.18586
1.10264 -1.94806 1.20364 -1.47968 1.60782 1.18586
1.10225 -1.94808 1.20327 -1.47968 1.60782 1.18586
1.10185 -1.94809 1.2029 -1.47968 1.60782 1.18586
1.10145 -1.94811 1.20253 -1.47968 1.60782 1.18586
1.10105 -1.94813 1.20216 -1.47968 1.60782 1.18586
1.10065 -1.94814 1.20179 -1.47968 1.60782 1.18586
1.10025 -1.94816 1.20143 -1.47968 1.60782 1.18586
1.09986 -1.94818 1.20106 -1.47968 1.60782 1.18586
1.09946 -1.94819 1.20069 -1.47968 1.60782 1.18586
1.09906 -1.94821 1.20032 -1.47968 1.60782 1.18586
1.09866 -1.94823 1.19995 -1.47968 1.60782 1.18586
1.09826 -1.94824 1.19958 -1.47968 1.60782 1.18586
1.09787 -1.94826 1.19922 -1.47968 1.60782 1.18586
1.09747 -1.94828 1.19885 -1.47968 1.60782 1.18586
1.09707 -1.94829 1.19848 -1.47968 1.60782 1.18586
1.09667 -1.94831 1.19811 -1.47968 1.60782 1.18586
1.09627 -1.94833 1.19774 -1.47968 1.60782 1.18586
1.09588 -1.94834 1.19737 -1.47968 1.60782 1.18586
1.09548 -1.94836 1.19701 -1.47968 1.60782 1.18586
1.09508 -1.94838 1.19664 -1.47968 1.60782 1.18586
1.09468 -1.94839 1.19627 -1.47968 1.60782 1.18586
1.09428 -1.94841 1.1959 -1.47968 1.60782 1.18586
1.09389 -1.94843 1.19553 -1.47968 1.60782 1.18586
1.09349 -1.94844 1.19516 -1.47968 1.60782 1.18586
1.09309 -1.94846 1.19479 -1.47968 1.60782 1.18586
1.09269 -1.94848 1.19443 -1.47968 1.60782 1.18586
1.09229 -1.94849 1.19406 -1.47968 1.60782 1.18586
1.0919 -1.94851 1.19369 -1.47968 1.60782 1.18586
1.0915 -1.94853 1.19332 -1.47968 1.60782 1.18586
1.0911 -1.94854 1.19295 -1.47968 1.60782 1.18586
1.0907 -1.94856 1.19258 -1.47968 1.60782 1.18586
1.0903 -1.94858 1.19222 -1.47968 1.60782 1.18586
1.0899 -1.94859 1.19185 -1.47968 1.60782 1.18586
1.08951 -1.94861 1.19148 -1.47968 1.60782 1.18586
1.08911 -1.94863 1.19111 -1.47968 1.60782 1.18586
1.08871 -1.94864 1.19074 -1.47968 1.60782 1.18586
1.08831 -1.94866 1.19037 -1.47968 1.60782 1.18586
1.08791 -1.94868 1.19001 -1.47968 1.60782 1.18586
1.08752 -1.94869 1.18964 -1.47968 1.60782 1.18586
1.08712 -1.94871 1.18927 -1.47968 1.60782 1.18586
1.08672 -1.94873 1.1889 -1.47968 1.60782 1.18586
1.08632 -1.94874 1.18853 -1.47968 1.60782 1.18586
1.08592 -1.94876 1.18816 -1.47968 1.60782 1.18586
1.08553 -1.94878 1.18779 -1.47968 1.60782 1.18586
1.08513 -1.9488 1.18743 -1.47968 1.60782 1.18586
1.08473 -1.94881 1.18706 -1.47968 1.60782 1.18586
1.08433 -1.94883 1.18669 -1.47968 1.60782 1.18586
1.08393 -1.94885 1.18632 -1.47968 1.60782 1.18586
1.08354 -1.94886 1.18595 -1.47968 1.60782 1.18586
1.08314 -1.94888 1.18558 -1.47968 1.60782 1.18586
1.08274 -1.9489 1.18522 -1.47968 1.60782 1.18586
1.08234 -1.94891 1.18485 -1.47968 1.60782 1.18586
1.08194 -1.94893 1.18448 -1.47968 1.60782 1.18586
1.08154 -1.94895 1.18411 -1.47968 1.60782 1.18586
1.08115 -1.94896 1.18374 -1.47968 1.60782 1.18586
1.08075 -1.94898 1.18337 -1.47968 1.60782 1.18586
1.08035 -1.949 1.18301 -1.47968 1.60782 1.18586
1.07995 -1.94901 1.18264 -1.47968 1.60782 1.18586
1.07955 -1.94903 1.18227 -1.47968 1.60782 1.18586
1.07916 -1.94905 1.1819 -1.47968 1.60782 1.18586
1.07876 -1.94906 1.18153 -1.47968 1.60782 1.18586
1.07836 -1.94908 1.18116 -1.47968 1.60782 1.18586
1.07796 -1.9491 1.18079 -1.47968 1.60782 1.18586
1.07756 -1.94911 1.18043 -1.47968 1.60782 1.18586
1.07717 -1.94913 1.18006 -1.47968 1.60782 1.18586
1.07677 -1.94915 1.17969 -1.47968 1.60782 1.18586
1.07637 -1.94916 1.17932 -1.47968 1.60782 1.18586
1.07597 -1.94918 1.17895 -1.47968 1.60782 1.18586
1.07557 -1.9492 1.17858 -1.47968 1.60782 1.18586
1.07518 -1.94921 1.17822 -1.47968 1.60782 1.18586
1.07478 -1.94923 1.17785 -1.47968 1.60782 1.18586
1.07478 -1.94923 1.17785 -1.47968 1.60782 1.18586
1.07509 -1.94921 1.17822 -1.47956 1.60773 1.18849
1.0754 -1.9492 1.17859 -1.47945 1.60763 1.19111
1.0757 -1.94918 1.17896 -1.47933 1.60754 1.19374
1.07601 -1.94916 1.17933 -1.47921 1.60744 1.19636
1.07632 -1.94915 1.1797 -1.4791 1.60735 1.19899
1.07663 -1.94913 1.18007 -1.47898 1.60725 1.20162
1.07694 -1.94911 1.18045 -1.47886 1.60716 1.20424
1.07724 -1.9491 1.18082 -1.47875 1.60706 1.20687
1.07755 -1.94908 1.18119 -1.47863 1.60697 1.20949
1.07786 -1.94906 1.18156 -1.47851 1.60687 1.21212
1.07817 -1.94904 1.18193 -1.4784 1.60678 1.21475
1.07848 -1.94903 1.1823 -1.47828 1.60668 1.21737
1.07879 -1.94901 1.18267 -1.47816 1.60659 1.22
1.07909 -1.94899 1.18304 -1.47804 1.60649 1.22262
1.0794 -1.94898 1.18341 -1.47793 1.6064 1.22525
1.07971 -1.94896 1.18378 -1.47781 1.6063 1.22788
1.08002 -1.94894 1.18415 -1.47769 1.60621 1.2305
1.08033 -1.94893 1.18452 -1.47758 1.60611 1.23313
1.08063 -1.94891 1.1849 -1.47746 1.60602 1.23575
1.08094 -1.94889 1.18527 -1.47734 1.60592 1.23838
1.08125 -1.94888 1.18564 -1.47723 1.60583 1.24101
1.08156 -1.94886 1.18601 -1.47711 1.60573 1.24363
1.08187 -1.94884 1.18638 -1.47699 1.60564 1.24626
1.08218 -1.94883 1.18675 -1.47688 1.60554 1.24888
1.08248 -1.94881 1.18712 -1.47676 1.60545 1.25151
1.08279 -1.94879 1.18749 -1.47664 1.60535 1.25414
1.0831 -1.94878 1.18786 -1.47653 1.60526 1.25676
1.08341 -1.94876 1.18823 -1.47641 1.60516 1.25939
1.08372 -1.94874 1.1886 -1.47629 1.60507 1.26201
1.08402 -1.94872 1.18897 -1.47618 1.60497 1.26464
1.08433 -1.94871 1.18934 -1.47606 1.60488 1.26727
1.08464 -1.94869 1.18972 -1.47594 1.60478 1.26989
1.08495 -1.94867 1.19009 -1.47583 1.60469 1.27252
1.08526 -1.94866 1.19046 -1.47571 1.60459 1.27514
1.08556 -1.94864 1.19083 -1.47559 1.6045 1.27777
1.08587 -1.94862 1.1912 -1.47548 1.6044 1.2804
1.08618 -1.94861 1.19157 -1.47536 1.60431 1.28302
1.08649 -1.94859 1.19194 -1.47524 1.60421 1.28565
1.0868 -1.94857 1.19231 -1.47513 1.60412 1.28827
1.08711 -1.94856 1.19268 -1.47501 1.60402 1.2909
1.08741 -1.94854 1.19305 -1.47489 1.60393 1.29353
1.08772 -1.94852 1.19342 -1.47477 1.60383 1.29615
1.08803 -1.94851 1.19379 -1.47466 1.60374 1.29878
1.08834 -1.94849 1.19417 -1.47454 1.60364 1.3014
1.08865 -1.94847 1.19454 -1.47442 1.60355 1.30403
1.08895 -1.94846 1.19491 -1.47431 1.60345 1.30666
1.08926 -1.94844 1.19528 -1.47419 1.60336 1.30928
1.08957 -1.94842 1.19565 -1.47407 1.60326 1.31191
1.08988 -1.9484 1.19602 -1.47396 1.60317 1.31453
1.09019 -1.94839 1.19639 -1.47384 1.60307 1.31716
1.09049 -1.94837 1.19676 -1.47372 1.60298 1.31979
1.0908 -1.94835 1.19713 -1.47361 1.60288 1.32241
1.09111 -1.94834 1.1975 -1.47349 1.60279 1.32504
1.09142 -1.94832 1.19787 -1.47337 1.60269 1.32766
1.09173 -1.9483 1.19824 -1.47326 1.6026 1.33029
1.09204 -1.94829 1.19861 -1.47314 1.6025 1.33292
1.09234 -1.94827 1.19899 -1.47302 1.60241 1.33554
1.09265 -1.94825 1.19936 -1.47291 1.60231 1.33817
1.09296 -1.94824 1.19973 -1.47279 1.60222 1.34079
1.09327 -1.94822 1.2001 -1.47267 1.60213 1.34342
1.09358 -1.9482 1.20047 -1.47256 1.60203 1.34605
1.09388 -1.94819 1.20084 -1.47244 1.60194 1.34867
1.09419 -1.94817 1.20121 -1.47232 1.60184 1.3513
1.0945 -1.94815 1.20158 -1.47221 1.60175 1.35392
1.09481 -1.94814 1.20195 -1.47209 1.60165 1.35655
1.09512 -1.94812 1.20232 -1.47197 1.60156 1.35918
1.09542 -1.9481 1.20269 -1.47185 1.60146 1.3618
1.09573 -1.94808 1.20306 -1.47174 1.60137 1.36443
1.09604 -1.94807 1.20344 -1.47162 1.60127 1.36706
1.09635 -1.94805 1.20381 -1.4715 1.60118 1.36968
1.09666 -1.94803 1.20418 -1.47139 1.60108 1.37231
1.09697 -1.94802 1.20455 -1.47127 1.60099 1.37493
1.09727 -1.948 1.20492 -1.47115 1.60089 1.37756
1.09758 -1.94798 1.20529 -1.47104 1.6008 1.38019
1.09789 -1.94797 1.20566 -1.47092 1.6007 1.38281
1.0982 -1.94795 1.20603 -1.4708 1.60061 1.38544
1.09851 -1.94793 1.2064 -1.47069 1.60051 1.38806
1.09881 -1.94792 1.20677 -1.47057 1.60042 1.39069
1.09912 -1.9479 1.20714 -1.47045 1.60032 1.39332
1.09943 -1.94788 1.20751 -1.47034 1.60023 1.39594
1.09974 -1.94787 1.20788 -1.47022 1.60013 1.39857
1.10005 -1.94785 1.20826 -1.4701 1.60004 1.40119
1.10035 -1.94783 1.20863 -1.46999 1.59994 1.40382
1.10066 -1.94782 1.209 -1.46987 1.59985 1.40645
1.10097 -1.9478 1.20937 -1.46975 1.59975 1.40907
1.10128 -1.94778 1.20974 -1.46964 1.59966 1.4117
1.10159 -1.94776 1.21011 -1.46952 1.59956 1.41432
1.1019 -1.94775 1.21048 -1.4694 1.59947 1.41695
1.1022 -1.94773 1.21085 -1.46929 1.59937 1.41958
1.10251 -1.94771 1.21122 -1.46917 1.59928 1.4222
1.10282 -1.9477 1.21159 -1.46905 1.59918 1.42483
1.10313 -1.94768 1.21196 -1.46894 1.59909 1.42745
1.10344 -1.94766 1.21233 -1.46882 1.59899 1.43008
1.10374 -1.94765 1.21271 -1.4687 1.5989 1.43271
1.10405 -1.94763 1.21308 -1.46858 1.5988 1.43533
1.10436 -1.94761 1.21345 -1.46847 1.59871 1.43796
1.10467 -1.9476 1.21382 -1.46835 1.59861 1.44058
1.10498 -1.94758 1.21419 -1.46823 1.59852 1.44321
1.10528 -1.94756 1.21456 -1.46812 1.59842 1.44584
1.10559 -1.94755 1.21493 -1.468 1.59833 1.44846
1.1059 -1.94753 1.2153 -1.46788 1.59823 1.45109
1.10621 -1.94751 1.21567 -1.46777 1.59814 1.45371
1.10652 -1.9475 1.21604 -1.46765 1.59804 1.45634
1.10683 -1.94748 1.21641 -1.46753 1.59795 1.45897
1.10713 -1.94746 1.21678 -1.46742 1.59785 1.46159
1.10744 -1.94744 1.21715 -1.4673 1.59776 1.46422
1.10775 -1.94743 1.21753 -1.46718 1.59766 1.46684
1.10806 -1.94741 1.2179 -1.46707 1.59757 1.46947
1.10837 -1.94739 1.21827 -1.46695 1.59747 1.4721
1.10867 -1.94738 1.21864 -1.46683 1.59738 1.47472
1.10898 -1.94736 1.21901 -1.46672 1.59728 1.47735
1.10929 -1.94734 1.21938 -1.4666 1.59719 1.47997
1.1096 -1.94733 1.21975 -1.46648 1.59709 1.4826
1.10991 -1.94731 1.22012 -1.46637 1.597 1.48523
1.11021 -1.94729 1.22049 -1.46625 1.5969 1.48785
1.11052 -1.94728 1.22086 -1.46613 1.59681 1.49048
1.11083 -1.94726 1.22123 -1.46602 1.59671 1.4931
1.11114 -1.94724 1.2216 -1.4659 1.59662 1.49573
1.11145 -1.94723 1.22198 -1.46578 1.59653 1.49836
1.11176 -1.94721 1.22235 -1.46566 1.59643 1.50098
1.11206 -1.94719 1.22272 -1.46555 1.59634 1.50361
1.11237 -1.94718 1.22309 -1.46543 1.59624 1.50623
1.11268 -1.94716 1.22346 -1.46531 1.59615 1.50886
1.11299 -1.94714 1.22383 -1.4652 1.59605 1.51149
1.1133 -1.94712 1.2242 -1.46508 1.59596 1.51411
1.1136 -1.94711 1.22457 -1.46496 1.59586 1.51674
1.11391 -1.94709 1.22494 -1.46485 1.59577 1.51936
1.11422 -1.94707 1.22531 -1.46473 1.59567 1.52199
1.11453 -1.94706 1.22568 -1.46461 1.59558 1.52462
1.11484 -1.94704 1.22605 -1.4645 1.59548 1.52724
1.11514 -1.94702 1.22642 -1.46438 1.59539 1.52987
1.11545 -1.94701 1.2268 -1.46426 1.59529 1.53249
1.11576 -1.94699 1.22717 -1.46415 1.5952 1.53512
1.11607 -1.94697 1.22754 -1.46403 1.5951 1.53775
1.11638 -1.94696 1.22791 -1.46391 1.59501 1.54037
1.11669 -1.94694 1.22828 -1.4638 1.59491 1.543
1.11699 -1.94692 1.22865 -1.46368 1.59482 1.54562
1.1173 -1.94691 1.22902 -1.46356 1.59472 1.54825
1.11761 -1.94689 1.22939 -1.46345 1.59463 1.55088
1.11792 -1.94687 1.22976 -1.46333 1.59453 1.5535
1.11823 -1.94686 1.23013 -1.46321 1.59444 1.55613
1.11853 -1.94684 1.2305 -1.4631 1.59434 1.55875
1.11884 -1.94682 1.23087 -1.46298 1.59425 1.56138
1.11915 -1.9468 1.23124 -1.46286 1.59415 1.56401
1.11946 -1.94679 1.23162 -1.46275 1.59406 1.56663
1.11977 -1.94677 1.23199 -1.46263 1.59396 1.56926
1.12007 -1.94675 1.23236 -1.46251 1.59387 1.57188
1.12038 -1.94674 1.23273 -1.46239 1.59377 1.57451
1.12069 -1.94672 1.2331 -1.46228 1.59368 1.57714
1.121 -1.9467 1.23347 -1.46216 1.59358 1.57976
1.12131 -1.94669 1.23384 -1.46204 1.59349 1.58239
1.12162 -1.94667 1.23421 -1.46193 1.59339 1.58501
1.12192 -1.94665 1.23458 -1.46181 1.5933 1.58764
1.12223 -1.94664 1.23495 -1.46169 1.5932 1.59027
1.12254 -1.94662 1.23532 -1.46158 1.59311 1.59289
1.12285 -1.9466 1.23569 -1.46146 1.59301 1.59552
1.12316 -1.94659 1.23607 -1.46134 1.59292 1.59814
1.12346 -1.94657 1.23644 -1.46123 1.59282 1.60077
1.12377 -1.94655 1.23681 -1.46111 1.59273 1.6034
1.12408 -1.94654 1.23718 -1.46099 1.59263 1.60602
1.12439 -1.94652 1.23755 -1.46088 1.59254 1.60865
1.1247 -1.9465 1.23792 -1.46076 1.59244 1.61127
1.125 -1.94648 1.23829 -1.46064 1.59235 1.6139
1.12531 -1.94647 1.23866 -1.46053 1.59225 1.61653
1.12562 -1.94645 1.23903 -1.46041 1.59216 1.61915
1.12593 -1.94643 1.2394 -1.46029 1.59206 1.62178
1.12624 -1.94642 1.23977 -1.46018 1.59197 1.6244
1.12655 -1.9464 1.24014 -1.46006 1.59187 1.62703
1.12685 -1.94638 1.24051 -1.45994 1.59178 1.62966
1.12716 -1.94637 1.24089 -1.45983 1.59168 1.63228
1.12747 -1.94635 1.24126 -1.45971 1.59159 1.63491
1.12778 -1.94633 1.24163 -1.45959 1.59149 1.63753
1.12809 -1.94632 1.242 -1.45948 1.5914 1.64016
1.12839 -1.9463 1.24237 -1.45936 1.5913 1.64279
1.1287 -1.94628 1.24274 -1.45924 1.59121 1.64541
1.12901 -1.94627 1.24311 -1.45912 1.59111 1.64804
1.12932 -1.94625 1.24348 -1.45901 1.59102 1.65066
1.12963 -1.94623 1.24385 -1.45889 1.59092 1.65329
1.12993 -1.94622 1.24422 -1.45877 1.59083 1.65592
1.13024 -1.9462 1.24459 -1.45866 1.59074 1.65854
1.13055 -1.94618 1.24496 -1.45854 1.59064 1.66117
1.13086 -1.94617 1.24534 -1.45842 1.59055 1.66379
1.13117 -1.94615 1.24571 -1.45831 1.59045 1.66642
1.13148 -1.94613 1.24608 -1.45819 1.59036 1.66905
1.13178 -1.94611 1.24645 -1.45807 1.59026 1.67167
1.13209 -1.9461 1.24682 -1.45796 1.59017 1.6743
1.1324 -1.94608 1.24719 -1.45784 1.59007 1.67692
1.13271 -1.94606 1.24756 -1.45772 1.58998 1.67955
1.13302 -1.94605 1.24793 -1.45761 1.58988 1.68218
1.13332 -1.94603 1.2483 -1.45749 1.58979 1.6848
1.13363 -1.94601 1.24867 -1.45737 1.58969 1.68743
1.13394 -1.946 1.24904 -1.45726 1.5896 1.69005
1.13425 -1.94598 1.24941 -1.45714 1.5895 1.69268
1.13456 -1.94596 1.24978 -1.45702 1.58941 1.69531
1.13486 -1.94595 1.25016 -1.45691 1.58931 1.69793
1.13517 -1.94593 1.25053 -1.45679 1.58922 1.70056
1.13548 -1.94591 1.2509 -1.45667 1.58912 1.70318
1.13579 -1.9459 1.25127 -1.45656 1.58903 1.70581
1.1361 -1.94588 1.25164 -1.45644 1.58893 1.70844
1.13641 -1.94586 1.25201 -1.45632 1.58884 1.71106
1.13671 -1.94585 1.25238 -1.4562 1.58874 1.71369
1.13702 -1.94583 1.25275 -1.45609 1.58865 1.71631
1.13733 -1.94581 1.25312 -1.45597 1.58855 1.71894
1.13764 -1.94579 1.25349 -1.45585 1.58846 1.72157
1.13795 -1.94578 1.25386 -1.45574 1.58836 1.72419
1.13825 -1.94576 1.25423 -1.45562 1.58827 1.72682
1.13856 -1.94574 1.25461 -1.4555 1.58817 1.72945
1.13887 -1.94573 1.25498 -1.45539 1.58808 1.73207
1.13918 -1.94571 1.25535 -1.45527 1.58798 1.7347
1.13949 -1.94569 1.25572 -1.45515 1.58789 1.73732
1.13979 -1.94568 1.25609 -1.45504 1.58779 1.73995
1.1401 -1.94566 1.25646 -1.45492 1.5877 1.74258
1.14041 -1.94564 1.25683 -1.4548 1.5876 1.7452
1.14072 -1.94563 1.2572 -1.45469 1.58751 1.74783
1.14103 -1.94561 1.25757 -1.45457 1.58741 1.75045
1.14134 -1.94559 1.25794 -1.45445 1.58732 1.75308
1.14164 -1.94558 1.25831 -1.45434 1.58722 1.75571
1.14195 -1.94556 1.25868 -1.45422 1.58713 1.75833
1.14226 -1.94554 1.25905 -1.4541 1.58703 1.76096
1.14257 -1.94553 1.25943 -1.45399 1.58694 1.76358
1.14288 -1.94551 1.2598 -1.45387 1.58684 1.76621
1.14318 -1.94549 1.26017 -1.45375 1.58675 1.76884
1.14349 -1.94547 1.26054 -1.45364 1.58665 1.77146
1.1438 -1.94546 1.26091 -1.45352 1.58656 1.77409
1.14411 -1.94544 1.26128 -1.4534 1.58646 1.77671
1.14442 -1.94542 1.26165 -1.45329 1.58637 1.77934
1.14472 -1.94541 1.26202 -1.45317 1.58627 1.78197
1.14503 -1.94539 1.26239 -1.45305 1.58618 1.78459
1.14534 -1.94537 1.26276 -1.45293 1.58608 1.78722
1.14565 -1.94536 1.26313 -1.45282 1.58599 1.78984
1.14596 -1.94534 1.2635 -1.4527 1.58589 1.79247
1.14627 -1.94532 1.26388 -1.45258 1.5858 1.7951
1.14657 -1.94531 1.26425 -1.45247 1.5857 1.79772
1.14688 -1.94529 1.26462 -1.45235 1.58561 1.80035
1.14719 -1.94527 1.26499 -1.45223 1.58551 1.80297
1.1475 -1.94526 1.26536 -1.45212 1.58542 1.8056
1.14781 -1.94524 1.26573 -1.452 1.58532 1.80823
1.14811 -1.94522 1.2661 -1.45188 1.58523 1.81085
1.14842 -1.94521 1.26647 -1.45177 1.58514 1.81348
1.14873 -1.94519 1.26684 -1.45165 1.58504 1.8161
1.14904 -1.94517 1.26721 -1.45153 1.58495 1.81873
1.14935 -1.94515 1.26758 -1.45142 1.58485 1.82136
1.14965 -1.94514 1.26795 -1.4513 1.58476 1.82398
1.14996 -1.94512 1.26832 -1.45118 1.58466 1.82661
1.15027 -1.9451 1.2687 -1.45107 1.58457 1.82923
1.15058 -1.94509 1.26907 -1.45095 1.58447 1.83186
1.15089 -1.94507 1.26944 -1.45083 1.58438 1.83449
1.1512 -1.94505 1.26981 -1.45072 1.58428 1.83711
1.1515 -1.94504 1.27018 -1.4506 1.58419 1.83974
1.15181 -1.94502 1.27055 -1.45048 1.58409 1.84236
1.15212 -1.945 1.27092 -1.45037 1.584 1.84499
1.15243 -1.94499 1.27129 -1.45025 1.5839 1.84762
1.15274 -1.94497 1.27166 -1.45013 1.58381 1.85024
1.15304 -1.94495 1.27203 -1.45001 1.58371 1.85287
1.15335 -1.94494 1.2724 -1.4499 1.58362 1.85549
1.15366 -1.94492 1.27277 -1.44978 1.58352 1.85812
1.15397 -1.9449 1.27315 -1.44966 1.58343 1.86075
1.15428 -1.94489 1.27352 -1.44955 1.58333 1.86337
1.15458 -1.94487 1.27389 -1.44943 1.58324 1.866
1.15489 -1.94485 1.27426 -1.44931 1.58314 1.86862
1.1552 -1.94483 1.27463 -1.4492 1.58305 1.87125
1.15551 -1.94482 1.275 -1.44908 1.58295 1.87388
1.15582 -1.9448 1.27537 -1.44896 1.58286 1.8765
1.15613 -1.94478 1.27574 -1.44885 1.58276 1.87913
1.15643 -1.94477 1.27611 -1.44873 1.58267 1.88175
1.15674 -1.94475 1.27648 -1.44861 1.58257 1.88438
1.15705 -1.94473 1.27685 -1.4485 1.58248 1.88701
1.15736 -1.94472 1.27722 -1.44838 1.58238 1.88963
1.15767 -1.9447 1.27759 -1.44826 1.58229 1.89226
1.15797 -1.94468 1.27797 -1.44815 1.58219 1.89488
1.15828 -1.94467 1.27834 -1.44803 1.5821 1.89751
1.15859 -1.94465 1.27871 -1.44791 1.582 1.90014
1.1589 -1.94463 1.27908 -1.4478 1.58191 1.90276
1.15921 -1.94462 1.27945 -1.44768 1.58181 1.90539
1.15951 -1.9446 1.27982 -1.44756 1.58172 1.90801
1.15982 -1.94458 1.28019 -1.44745 1.58162 1.91064
1.16013 -1.94457 1.28056 -1.44733 1.58153 1.91327
1.16044 -1.94455 1.28093 -1.44721 1.58143 1.91589
1.16075 -1.94453 1.2813 -1.4471 1.58134 1.91852
1.16106 -1.94451 1.28167 -1.44698 1.58124 1.92114
1.16136 -1.9445 1.28204 -1.44686 1.58115 1.92377
1.16167 -1.94448 1.28242 -1.44674 1.58105 1.9264
1.16198 -1.94446 1.28279 -1.44663 1.58096 1.92902
1.16229 -1.94445 1.28316 -1.44651 1.58086 1.93165
1.1626 -1.94443 1.28353 -1.44639 1.58077 1.93427
1.1629 -1.94441 1.2839 -1.44628 1.58067 1.9369
1.16321 -1.9444 1.28427 -1.44616 1.58058 1.93953
1.16352 -1.94438 1.28464 -1.44604 1.58048 1.94215
1.16383 -1.94436 1.28501 -1.44593 1.58039 1.94478
1.16414 -1.94435 1.28538 -1.44581 1.58029 1.9474
1.16444 -1.94433 1.28575 -1.44569 1.5802 1.95003
1.16475 -1.94431 1.28612 -1.44558 1.5801 1.95266
1.16506 -1.9443 1.28649 -1.44546 1.58001 1.95528
1.16537 -1.94428 1.28686 -1.44534 1.57991 1.95791
1.16568 -1.94426 1.28724 -1.44523 1.57982 1.96053
1.16599 -1.94425 1.28761 -1.44511 1.57972 1.96316
1.16629 -1.94423 1.28798 -1.44499 1.57963 1.96579
1.1666 -1.94421 1.28835 -1.44488 1.57954 1.96841
1.16691 -1.94419 1.28872 -1.44476 1.57944 1.97104
1.16722 -1.94418 1.28909 -1.44464 1.57935 1.97366
1.16753 -1.94416 1.28946 -1.44453 1.57925 1.97629
1.16783 -1.94414 1.28983 -1.44441 1.57916 1.97892
1.16814 -1.94413 1.2902 -1.44429 1.57906 1.98154
1.16845 -1.94411 1.29057 -1.44418 1.57897 1.98417
1.16876 -1.94409 1.29094 -1.44406 1.57887 1.98679
1.16907 -1.94408 1.29131 -1.44394 1.57878 1.98942
1.16937 -1.94406 1.29169 -1.44382 1.57868 1.99205
1.16968 -1.94404 1.29206 -1.44371 1.57859 1.99467
1.16999 -1.94403 1.29243 -1.44359 1.57849 1.9973
1.1703 -1.94401 1.2928 -1.44347 1.5784 1.99992
1.17061 -1.94399 1.29317 -1.44336 1.5783 2.00255
1.17092 -1.94398 1.29354 -1.44324 1.57821 2.00518
1.17122 -1.94396 1.29391 -1.44312 1.57811 2.0078
1.17153 -1.94394 1.29428 -1.44301 1.57802 2.01043
1.17184 -1.94393 1.29465 -1.44289 1.57792 2.01305
1.17215 -1.94391 1.29502 -1.44277 1.57783 2.01568
1.17246 -1.94389 1.29539 -1.44266 1.57773 2.01831
1.17276 -1.94387 1.29576 -1.44254 1.57764 2.02093
1.17307 -1.94386 1.29613 -1.44242 1.57754 2.02356
1.17338 -1.94384 1.29651 -1.44231 1.57745 2.02618
1.17369 -1.94382 1.29688 -1.44219 1.57735 2.02881
1.174 -1.94381 1.29725 -1.44207 1.57726 2.03144
1.1743 -1.94379 1.29762 -1.44196 1.57716 2.03406
1.17461 -1.94377 1.29799 -1.44184 1.57707 2.03669
1.17492 -1.94376 1.29836 -1.44172 1.57697 2.03931
1.17523 -1.94374 1.29873 -1.44161 1.57688 2.04194
1.17554 -1.94372 1.2991 -1.44149 1.57678 2.04457
1.17585 -1.94371 1.29947 -1.44137 1.57669 2.04719
1.17615 -1.94369 1.29984 -1.44126 1.57659 2.04982
1.17646 -1.94367 1.30021 -1.44114 1.5765 2.05244
1.17677 -1.94366 1.30058 -1.44102 1.5764 2.05507
1.17708 -1.94364 1.30096 -1.44091 1.57631 2.0577
1.17739 -1.94362 1.30133 -1.44079 1.57621 2.06032
1.17769 -1.94361 1.3017 -1.44067 1.57612 2.06295
1.178 -1.94359 1.30207 -1.44055 1.57602 2.06557
1.17831 -1.94357 1.30244 -1.44044 1.57593 2.0682
1.17862 -1.94355 1.30281 -1.44032 1.57583 2.07083
1.17893 -1.94354 1.30318 -1.4402 1.57574 2.07345
1.17923 -1.94352 1.30355 -1.44009 1.57564 2.07608
1.17954 -1.9435 1.30392 -1.43997 1.57555 2.0787
1.17985 -1.94349 1.30429 -1.43985 1.57545 2.08133
1.18016 -1.94347 1.30466 -1.43974 1.57536 2.08396
1.18047 -1.94345 1.30503 -1.43962 1.57526 2.08658
1.18078 -1.94344 1.3054 -1.4395 1.57517 2.08921
1.18108 -1.94342 1.30578 -1.43939 1.57507 2.09183
1.18139 -1.9434 1.30615 -1.43927 1.57498 2.09446
1.1817 -1.94339 1.30652 -1.43915 1.57488 2.09709
1.18201 -1.94337 1.30689 -1.43904 1.57479 2.09971
1.18232 -1.94335 1.30726 -1.43892 1.57469 2.10234
1.18262 -1.94334 1.30763 -1.4388 1.5746 2.10497
1.18293 -1.94332 1.308 -1.43869 1.5745 2.10759
1.18324 -1.9433 1.30837 -1.43857 1.57441 2.11022
1.18355 -1.94329 1.30874 -1.43845 1.57431 2.11284
1.18386 -1.94327 1.30911 -1.43834 1.57422 2.11547
1.18416 -1.94325 1.30948 -1.43822 1.57412 2.1181
1.18447 -1.94323 1.30985 -1.4381 1.57403 2.12072
1.18478 -1.94322 1.31023 -1.43799 1.57394 2.12335
1.18509 -1.9432 1.3106 -1.43787 1.57384 2.12597
1.1854 -1.94318 1.31097 -1.43775 1.57375 2.1286
1.18571 -1.94317 1.31134 -1.43763 1.57365 2.13123
1.18601 -1.94315 1.31171 -1.43752 1.57356 2.13385
1.18632 -1.94313 1.31208 -1.4374 1.57346 2.13648
1.18663 -1.94312 1.31245 -1.43728 1.57337 2.1391
1.18694 -1.9431 1.31282 -1.43717 1.57327 2.14173
1.18725 -1.94308 1.31319 -1.43705 1.57318 2.14436
1.18755 -1.94307 1.31356 -1.43693 1.57308 2.14698
1.18786 -1.94305 1.31393 -1.43682 1.57299 2.14961
1.18817 -1.94303 1.3143 -1.4367 1.57289 2.15223
1.18848 -1.94302 1.31467 -1.43658 1.5728 2.15486
1.18879 -1.943 1.31505 -1.43647 1.5727 2.15749
1.18909 -1.94298 1.31542 -1.43635 1.57261 2.16011
1.1894 -1.94297 1.31579 -1.43623 1.57251 2.16274
1.18971 -1.94295 1.31616 -1.43612 1.57242 2.16536
1.19002 -1.94293 1.31653 -1.436 1.57232 2.16799
1.19033 -1.94291 1.3169 -1.43588 1.57223 2.17062
1.19064 -1.9429 1.31727 -1.43577 1.57213 2.17324
1.19094 -1.94288 1.31764 -1.43565 1.57204 2.17587
1.19125 -1.94286 1.31801 -1.43553 1.57194 2.17849
1.19156 -1.94285 1.31838 -1.43542 1.57185 2.18112
1.19187 -1.94283 1.31875 -1.4353 1.57175 2.18375
1.19218 -1.94281 1.31912 -1.43518 1.57166 2.18637
1.19248 -1.9428 1.3195 -1.43507 1.57156 2.189
1.19279 -1.94278 1.31987 -1.43495 1.57147 2.19162
1.1931 -1.94276 1.32024 -1.43483 1.57137 2.19425
1.19341 -1.94275 1.32061 -1.43472 1.57128 2.19688
1.19372 -1.94273 1.32098 -1.4346 1.57118 2.1995
1.19402 -1.94271 1.32135 -1.43448 1.57109 2.20213
1.19433 -1.9427 1.32172 -1.43436 1.57099 2.20475
1.19464 -1.94268 1.32209 -1.43425 1.5709 2.20738
1.19495 -1.94266 1.32246 -1.43413 1.5708 2.21001
1.19526 -1.94265 1.32283 -1.43401 1.57071 2.21263
1.19557 -1.94263 1.3232 -1.4339 1.57061 2.21526
1.19587 -1.94261 1.32357 -1.43378 1.57052 2.21788
1.19618 -1.94259 1.32394 -1.43366 1.57042 2.22051
1.19649 -1.94258 1.32432 -1.43355 1.57033 2.22314
1.1968 -1.94256 1.32469 -1.43343 1.57023 2.22576
1.19711 -1.94254 1.32506 -1.43331 1.57014 2.22839
1.19741 -1.94253 1.32543 -1.4332 1.57004 2.23101
1.19772 -1.94251 1.3258 -1.43308 1.56995 2.23364
1.19803 -1.94249 1.32617 -1.43296 1.56985 2.23627
1.19834 -1.94248 1.32654 -1.43285 1.56976 2.23889
1.19865 -1.94246 1.32691 -1.43273 1.56966 2.24152
1.19895 -1.94244 1.32728 -1.43261 1.56957 2.24414
1.19926 -1.94243 1.32765 -1.4325 1.56947 2.24677
1.19957 -1.94241 1.32802 -1.43238 1.56938 2.2494
1.19988 -1.94239 1.32839 -1.43226 1.56928 2.25202
1.20019 -1.94238 1.32877 -1.43215 1.56919 2.25465
1.2005 -1.94236 1.32914 -1.43203 1.56909 2.25727
1.2008 -1.94234 1.32951 -1.43191 1.569 2.2599
1.20111 -1.94233 1.32988 -1.4318 1.5689 2.26253
1.20142 -1.94231 1.33025 -1.43168 1.56881 2.26515
1.20173 -1.94229 1.33062 -1.43156 1.56871 2.26778
1.20204 -1.94227 1.33099 -1.43145 1.56862 2.2704
1.20234 -1.94226 1.33136 -1.43133 1.56852 2.27303
1.20265 -1.94224 1.33173 -1.43121 1.56843 2.27566
1.20296 -1.94222 1.3321 -1.43109 1.56833 2.27828
1.20327 -1.94221 1.33247 -1.43098 1.56824 2.28091
1.20358 -1.94219 1.33284 -1.43086 1.56815 2.28353
1.20388 -1.94217 1.33321 -1.43074 1.56805 2.28616
1.20419 -1.94216 1.33359 -1.43063 1.56796 2.28879
1.2045 -1.94214 1.33396 -1.43051 1.56786 2.29141
1.20481 -1.94212 1.33433 -1.43039 1.56777 2.29404
1.20512 -1.94211 1.3347 -1.43028 1.56767 2.29666
1.20543 -1.94209 1.33507 -1.43016 1.56758 2.29929
1.20573 -1.94207 1.33544 -1.43004 1.56748 2.30192
1.20604 -1.94206 1.33581 -1.42993 1.56739 2.30454
1.20635 -1.94204 1.33618 -1.42981 1.56729 2.30717
1.20666 -1.94202 1.33655 -1.42969 1.5672 2.30979
1.20697 -1.94201 1.33692 -1.42958 1.5671 2.31242
1.20727 -1.94199 1.33729 -1.42946 1.56701 2.31505
1.20758 -1.94197 1.33766 -1.42934 1.56691 2.31767
1.20789 -1.94195 1.33803 -1.42923 1.56682 2.3203
1.2082 -1.94194 1.33841 -1.42911 1.56672 2.32292
1.20851 -1.94192 1.33878 -1.42899 1.56663 2.32555
1.20881 -1.9419 1.33915 -1.42888 1.56653 2.32818
1.20912 -1.94189 1.33952 -1.42876 1.56644 2.3308
1.20943 -1.94187 1.33989 -1.42864 1.56634 2.33343
1.20974 -1.94185 1.34026 -1.42853 1.56625 2.33605
1.21005 -1.94184 1.34063 -1.42841 1.56615 2.33868
1.21036 -1.94182 1.341 -1.42829 1.56606 2.34131
1.21066 -1.9418 1.34137 -1.42817 1.56596 2.34393
1.21097 -1.94179 1.34174 -1.42806 1.56587 2.34656
1.21128 -1.94177 1.34211 -1.42794 1.56577 2.34918
1.21159 -1.94175 1.34248 -1.42782 1.56568 2.35181
1.2119 -1.94174 1.34286 -1.42771 1.56558 2.35444
1.2122 -1.94172 1.34323 -1.42759 1.56549 2.35706
1.21251 -1.9417 1.3436 -1.42747 1.56539 2.35969
1.21282 -1.94169 1.34397 -1.42736 1.5653 2.36231
1.21313 -1.94167 1.34434 -1.42724 1.5652 2.36494
1.21344 -1.94165 1.34471 -1.42712 1.56511 2.36757
1.21374 -1.94163 1.34508 -1.42701 1.56501 2.37019
1.21405 -1.94162 1.34545 -1.42689 1.56492 2.37282
1.21436 -1.9416 1.34582 -1.42677 1.56482 2.37544
1.21467 -1.94158 1.34619 -1.42666 1.56473 2.37807
1.21498 -1.94157 1.34656 -1.42654 1.56463 2.3807
1.21529 -1.94155 1.34693 -1.42642 1.56454 2.38332
1.21559 -1.94153 1.3473 -1.42631 1.56444 2.38595
1.2159 -1.94152 1.34768 -1.42619 1.56435 2.38857
1.21621 -1.9415 1.34805 -1.42607 1.56425 2.3912
1.21652 -1.94148 1.34842 -1.42596 1.56416 2.39383
1.21683 -1.94147 1.34879 -1.42584 1.56406 2.39645
1.21713 -1.94145 1.34916 -1.42572 1.56397 2.39908
1.21744 -1.94143 1.34953 -1.42561 1.56387 2.4017
1.21775 -1.94142 1.3499 -1.42549 1.56378 2.40433
1.21806 -1.9414 1.35027 -1.42537 1.56368 2.40696
1.21837 -1.94138 1.35064 -1.42526 1.56359 2.40958
1.21867 -1.94137 1.35101 -1.42514 1.56349 2.41221
1.21898 -1.94135 1.35138 -1.42502 1.5634 2.41483
1.21929 -1.94133 1.35175 -1.4249 1.5633 2.41746
1.2196 -1.94131 1.35213 -1.42479 1.56321 2.42009
1.21991 -1.9413 1.3525 -1.42467 1.56311 2.42271
1.22022 -1.94128 1.35287 -1.42455 1.56302 2.42534
1.22052 -1.94126 1.35324 -1.42444 1.56292 2.42796
1.22083 -1.94125 1.35361 -1.42432 1.56283 2.43059
1.22114 -1.94123 1.35398 -1.4242 1.56273 2.43322
1.22145 -1.94121 1.35435 -1.42409 1.56264 2.43584
1.22176 -1.9412 1.35472 -1.42397 1.56255 2.43847
1.22206 -1.94118 1.35509 -1.42385 1.56245 2.44109
1.22237 -1.94116 1.35546 -1.42374 1.56236 2.44372
1.22268 -1.94115 1.35583 -1.42362 1.56226 2.44635
1.22299 -1.94113 1.3562 -1.4235 1.56217 2.44897
1.2233 -1.94111 1.35657 -1.42339 1.56207 2.4516
1.2236 -1.9411 1.35695 -1.42327 1.56198 2.45422
1.22391 -1.94108 1.35732 -1.42315 1.56188 2.45685
1.22422 -1.94106 1.35769 -1.42304 1.56179 2.45948
1.22453 -1.94105 1.35806 -1.42292 1.56169 2.4621
1.22484 -1.94103 1.35843 -1.4228 1.5616 2.46473
1.22515 -1.94101 1.3588 -1.42269 1.5615 2.46736
1.22545 -1.941 1.35917 -1.42257 1.56141 2.46998
1.22576 -1.94098 1.35954 -1.42245 1.56131 2.47261
1.22607 -1.94096 1.35991 -1.42234 1.56122 2.47523
1.22638 -1.94094 1.36028 -1.42222 1.56112 2.47786
1.22669 -1.94093 1.36065 -1.4221 1.56103 2.48049
1.22699 -1.94091 1.36102 -1.42198 1.56093 2.48311
1.2273 -1.94089 1.3614 -1.42187 1.56084 2.48574
1.22761 -1.94088 1.36177 -1.42175 1.56074 2.48836
1.22792 -1.94086 1.36214 -1.42163 1.56065 2.49099
1.22823 -1.94084 1.36251 -1.42152 1.56055 2.49362
1.22853 -1.94083 1.36288 -1.4214 1.56046 2.49624
1.22884 -1.94081 1.36325 -1.42128 1.56036 2.49887
1.22915 -1.94079 1.36362 -1.42117 1.56027 2.50149
1.22946 -1.94078 1.36399 -1.42105 1.56017 2.50412
1.22977 -1.94076 1.36436 -1.42093 1.56008 2.50675
1.23008 -1.94074 1.36473 -1.42082 1.55998 2.50937
1.23038 -1.94073 1.3651 -1.4207 1.55989 2.512
1.23069 -1.94071 1.36547 -1.42058 1.55979 2.51462
1.231 -1.94069 1.36584 -1.42047 1.5597 2.51725
1.23131 -1.94068 1.36622 -1.42035 1.5596 2.51988
1.23162 -1.94066 1.36659 -1.42023 1.55951 2.5225
1.23192 -1.94064 1.36696 -1.42012 1.55941 2.52513
1.23223 -1.94062 1.36733 -1.42 1.55932 2.52775
1.23254 -1.94061 1.3677 -1.41988 1.55922 2.53038
1.23285 -1.94059 1.36807 -1.41977 1.55913 2.53301
1.23316 -1.94057 1.36844 -1.41965 1.55903 2.53563
1.23346 -1.94056 1.36881 -1.41953 1.55894 2.53826
1.23377 -1.94054 1.36918 -1.41942 1.55884 2.54088
1.23408 -1.94052 1.36955 -1.4193 1.55875 2.54351
1.23439 -1.94051 1.36992 -1.41918 1.55865 2.54614
1.2347 -1.94049 1.37029 -1.41907 1.55856 2.54876
1.23501 -1.94047 1.37067 -1.41895 1.55846 2.55139
1.23531 -1.94046 1.37104 -1.41883 1.55837 2.55401
1.23562 -1.94044 1.37141 -1.41871 1.55827 2.55664
1.23593 -1.94042 1.37178 -1.4186 1.55818 2.55927
1.23624 -1.94041 1.37215 -1.41848 1.55808 2.56189
1.23655 -1.94039 1.37252 -1.41836 1.55799 2.56452
1.23685 -1.94037 1.37289 -1.41825 1.55789 2.56714
1.23716 -1.94036 1.37326 -1.41813 1.5578 2.56977
1.23747 -1.94034 1.37363 -1.41801 1.5577 2.5724
1.23778 -1.94032 1.374 -1.4179 1.55761 2.57502
1.23809 -1.9403 1.37437 -1.41778 1.55751 2.57765
1.23839 -1.94029 1.37474 -1.41766 1.55742 2.58027
1.2387 -1.94027 1.37511 -1.41755 1.55732 2.5829
1.23901 -1.94025 1.37549 -1.41743 1.55723 2.58553
1.23932 -1.94024 1.37586 -1.41731 1.55713 2.58815
1.23963 -1.94022 1.37623 -1.4172 1.55704 2.59078
1.23994 -1.9402 1.3766 -1.41708 1.55695 2.5934
1.24024 -1.94019 1.37697 -1.41696 1.55685 2.59603
1.24055 -1.94017 1.37734 -1.41685 1.55676 2.59866
1.24086 -1.94015 1.37771 -1.41673 1.55666 2.60128
1.24117 -1.94014 1.37808 -1.41661 1.55657 2.60391
1.24148 -1.94012 1.37845 -1.4165 1.55647 2.60653
1.24178 -1.9401 1.37882 -1.41638 1.55638 2.60916
1.24209 -1.94009 1.37919 -1.41626 1.55628 2.61179
1.2424 -1.94007 1.37956 -1.41615 1.55619 2.61441
1.24271 -1.94005 1.37994 -1.41603 1.55609 2.61704
1.24302 -1.94004 1.38031 -1.41591 1.556 2.61966
1.24332 -1.94002 1.38068 -1.41579 1.5559 2.62229
1.24363 -1.94 1.38105 -1.41568 1.55581 2.62492
1.24394 -1.93998 1.38142 -1.41556 1.55571 2.62754
1.24425 -1.93997 1.38179 -1.41544 1.55562 2.63017
1.24456 -1.93995 1.38216 -1.41533 1.55552 2.63279
1.24487 -1.93993 1.38253 -1.41521 1.55543 2.63542
1.24517 -1.93992 1.3829 -1.41509 1.55533 2.63805
1.24548 -1.9399 1.38327 -1.41498 1.55524 2.64067
1.24579 -1.93988 1.38364 -1.41486 1.55514 2.6433
1.2461 -1.93987 1.38401 -1.41474 1.55505 2.64592
1.24641 -1.93985 1.38438 -1.41463 1.55495 2.64855
1.24671 -1.93983 1.38476 -1.41451 1.55486 2.65118
1.24702 -1.93982 1.38513 -1.41439 1.55476 2.6538
1.24733 -1.9398 1.3855 -1.41428 1.55467 2.65643
1.24764 -1.93978 1.38587 -1.41416 1.55457 2.65905
1.24795 -1.93977 1.38624 -1.41404 1.55448 2.66168
1.24825 -1.93975 1.38661 -1.41393 1.55438 2.66431
1.24856 -1.93973 1.38698 -1.41381 1.55429 2.66693
1.24887 -1.93972 1.38735 -1.41369 1.55419 2.66956
1.24918 -1.9397 1.38772 -1.41358 1.5541 2.67218
1.24949 -1.93968 1.38809 -1.41346 1.554 2.67481
1.2498 -1.93966 1.38846 -1.41334 1.55391 2.67744
1.2501 -1.93965 1.38883 -1.41323 1.55381 2.68006
1.25041 -1.93963 1.38921 -1.41311 1.55372 2.68269
1.25072 -1.93961 1.38958 -1.41299 1.55362 2.68531
1.25103 -1.9396 1.38995 -1.41288 1.55353 2.68794
1.25134 -1.93958 1.39032 -1.41276 1.55343 2.69057
1.25164 -1.93956 1.39069 -1.41264 1.55334 2.69319
1.25195 -1.93955 1.39106 -1.41252 1.55324 2.69582
1.25226 -1.93953 1.39143 -1.41241 1.55315 2.69844
1.25257 -1.93951 1.3918 -1.41229 1.55305 2.70107
1.25288 -1.9395 1.39217 -1.41217 1.55296 2.7037
1.25318 -1.93948 1.39254 -1.41206 1.55286 2.70632
1.25349 -1.93946 1.39291 -1.41194 1.55277 2.70895
1.2538 -1.93945 1.39328 -1.41182 1.55267 2.71157
1.25411 -1.93943 1.39365 -1.41171 1.55258 2.7142
1.25442 -1.93941 1.39403 -1.41159 1.55248 2.71683
1.25473 -1.9394 1.3944 -1.41147 1.55239 2.71945
1.25503 -1.93938 1.39477 -1.41136 1.55229 2.72208
1.25534 -1.93936 1.39514 -1.41124 1.5522 2.7247
1.25565 -1.93934 1.39551 -1.41112 1.5521 2.72733
1.25596 -1.93933 1.39588 -1.41101 1.55201 2.72996
1.25627 -1.93931 1.39625 -1.41089 1.55191 2.73258
1.25657 -1.93929 1.39662 -1.41077 1.55182 2.73521
1.25688 -1.93928 1.39699 -1.41066 1.55172 2.73783
1.25719 -1.93926 1.39736 -1.41054 1.55163 2.74046
1.2575 -1.93924 1.39773 -1.41042 1.55153 2.74309
1.25781 -1.93923 1.3981 -1.41031 1.55144 2.74571
1.25811 -1.93921 1.39848 -1.41019 1.55135 2.74834
1.25842 -1.93919 1.39885 -1.41007 1.55125 2.75096
1.25873 -1.93918 1.39922 -1.40996 1.55116 2.75359
1.25904 -1.93916 1.39959 -1.40984 1.55106 2.75622
1.25935 -1.93914 1.39996 -1.40972 1.55097 2.75884
1.25966 -1.93913 1.40033 -1.40961 1.55087 2.76147
1.25996 -1.93911 1.4007 -1.40949 1.55078 2.76409
1.26027 -1.93909 1.40107 -1.40937 1.55068 2.76672
1.26058 -1.93908 1.40144 -1.40925 1.55059 2.76935
1.26089 -1.93906 1.40181 -1.40914 1.55049 2.77197
1.2612 -1.93904 1.40218 -1.40902 1.5504 2.7746
1.2615 -1.93902 1.40255 -1.4089 1.5503 2.77722
1.26181 -1.93901 1.40292 -1.40879 1.55021 2.77985
1.26212 -1.93899 1.4033 -1.40867 1.55011 2.78248
1.26243 -1.93897 1.40367 -1.40855 1.55002 2.7851
1.26274 -1.93896 1.40404 -1.40844 1.54992 2.78773
1.26304 -1.93894 1.40441 -1.40832 1.54983 2.79035
1.26335 -1.93892 1.40478 -1.4082 1.54973 2.79298
1.26366 -1.93891 1.40515 -1.40809 1.54964 2.79561
1.26397 -1.93889 1.40552 -1.40797 1.54954 2.79823
1.26428 -1.93887 1.40589 -1.40785 1.54945 2.80086
1.26459 -1.93886 1.40626 -1.40774 1.54935 2.80348
1.26489 -1.93884 1.40663 -1.40762 1.54926 2.80611
1.2652 -1.93882 1.407 -1.4075 1.54916 2.80874
1.26551 -1.93881 1.40737 -1.40739 1.54907 2.81136
1.26582 -1.93879 1.40775 -1.40727 1.54897 2.81399
1.26613 -1.93877 1.40812 -1.40715 1.54888 2.81661
1.26643 -1.93876 1.40849 -1.40704 1.54878 2.81924
1.26674 -1.93874 1.40886 -1.40692 1.54869 2.82187
1.26705 -1.93872 1.40923 -1.4068 1.54859 2.82449
1.26736 -1.9387 1.4096 -1.40669 1.5485 2.82712
1.26767 -1.93869 1.40997 -1.40657 1.5484 2.82974
1.26797 -1.93867 1.41034 -1.40645 1.54831 2.83237
1.26828 -1.93865 1.41071 -1.40633 1.54821 2.835
1.26859 -1.93864 1.41108 -1.40622 1.54812 2.83762
1.2689 -1.93862 1.41145 -1.4061 1.54802 2.84025
1.26921 -1.9386 1.41182 -1.40598 1.54793 2.84288
1.26952 -1.93859 1.41219 -1.40587 1.54783 2.8455
1.26982 -1.93857 1.41257 -1.40575 1.54774 2.84813
1.27013 -1.93855 1.41294 -1.40563 1.54764 2.85075
1.27044 -1.93854 1.41331 -1.40552 1.54755 2.85338
1.27075 -1.93852 1.41368 -1.4054 1.54745 2.85601
1.27106 -1.9385 1.41405 -1.40528 1.54736 2.85863
1.27136 -1.93849 1.41442 -1.40517 1.54726 2.86126
1.27167 -1.93847 1.41479 -1.40505 1.54717 2.86388
1.27198 -1.93845 1.41516 -1.40493 1.54707 2.86651
1.27229 -1.93844 1.41553 -1.40482 1.54698 2.86914
1.2726 -1.93842 1.4159 -1.4047 1.54688 2.87176
1.27291 -1.9384 1.41627 -1.40458 1.54679 2.87439
1.27321 -1.93838 1.41664 -1.40447 1.54669 2.87701
1.27352 -1.93837 1.41702 -1.40435 1.5466 2.87964
1.27383 -1.93835 1.41739 -1.40423 1.5465 2.88227
1.27414 -1.93833 1.41776 -1.40412 1.54641 2.88489
1.27445 -1.93832 1.41813 -1.404 1.54631 2.88752
1.27475 -1.9383 1.4185 -1.40388 1.54622 2.89014
1.27506 -1.93828 1.41887 -1.40377 1.54612 2.89277
1.27537 -1.93827 1.41924 -1.40365 1.54603 2.8954
1.27568 -1.93825 1.41961 -1.40353 1.54593 2.89802
1.27599 -1.93823 1.41998 -1.40342 1.54584 2.90065
1.27629 -1.93822 1.42035 -1.4033 1.54574 2.90327
1.2766 -1.9382 1.42072 -1.40318 1.54565 2.9059
1.27691 -1.93818 1.42109 -1.40306 1.54556 2.90853
1.27722 -1.93817 1.42146 -1.40295 1.54546 2.91115
1.27753 -1.93815 1.42184 -1.40283 1.54537 2.91378
1.27784 -1.93813 1.42221 -1.40271 1.54527 2.9164
1.27814 -1.93812 1.42258 -1.4026 1.54518 2.91903
1.27845 -1.9381 1.42295 -1.40248 1.54508 2.92166
1.27876 -1.93808 1.42332 -1.40236 1.54499 2.92428
1.27907 -1.93806 1.42369 -1.40225 1.54489 2.92691
1.27938 -1.93805 1.42406 -1.40213 1.5448 2.92953
1.27968 -1.93803 1.42443 -1.40201 1.5447 2.93216
1.27999 -1.93801 1.4248 -1.4019 1.54461 2.93479
1.2803 -1.938 1.42517 -1.40178 1.54451 2.93741
1.28061 -1.93798 1.42554 -1.40166 1.54442 2.94004
1.28092 -1.93796 1.42591 -1.40155 1.54432 2.94266
1.28122 -1.93795 1.42629 -1.40143 1.54423 2.94529
1.28153 -1.93793 1.42666 -1.40131 1.54413 2.94792
1.28184 -1.93791 1.42703 -1.4012 1.54404 2.95054
1.28215 -1.9379 1.4274 -1.40108 1.54394 2.95317
1.28246 -1.93788 1.42777 -1.40096 1.54385 2.95579
1.28277 -1.93786 1.42814 -1.40085 1.54375 2.95842
1.28307 -1.93785 1.42851 -1.40073 1.54366 2.96105
1.28338 -1.93783 1.42888 -1.40061 1.54356 2.96367
1.28369 -1.93781 1.42925 -1.4005 1.54347 2.9663
1.284 -1.9378 1.42962 -1.40038 1.54337 2.96892
1.28431 -1.93778 1.42999 -1.40026 1.54328 2.97155
1.28461 -1.93776 1.43036 -1.40014 1.54318 2.97418
1.28492 -1.93774 1.43073 -1.40003 1.54309 2.9768
1.28523 -1.93773 1.43111 -1.39991 1.54299 2.97943
1.28554 -1.93771 1.43148 -1.39979 1.5429 2.98205
1.28585 -1.93769 1.43185 -1.39968 1.5428 2.98468
1.28615 -1.93768 1.43222 -1.39956 1.54271 2.98731
1.28646 -1.93766 1.43259 -1.39944 1.54261 2.98993
1.28677 -1.93764 1.43296 -1.39933 1.54252 2.99256
1.28708 -1.93763 1.43333 -1.39921 1.54242 2.99518
1.28739 -1.93761 1.4337 -1.39909 1.54233 2.99781
1.2877 -1.93759 1.43407 -1.39898 1.54223 3.00044
1.288 -1.93758 1.43444 -1.39886 1.54214 3.00306
1.28831 -1.93756 1.43481 -1.39874 1.54204 3.00569
1.28862 -1.93754 1.43518 -1.39863 1.54195 3.00831
1.28893 -1.93753 1.43555 -1.39851 1.54185 3.01094
1.28924 -1.93751 1.43593 -1.39839 1.54176 3.01357
1.28954 -1.93749 1.4363 -1.39828 1.54166 3.01619
1.28985 -1.93748 1.43667 -1.39816 1.54157 3.01882
1.29016 -1.93746 1.43704 -1.39804 1.54147 3.02144
1.29047 -1.93744 1.43741 -1.39793 1.54138 3.02407
1.29078 -1.93742 1.43778 -1.39781 1.54128 3.0267
1.29108 -1.93741 1.43815 -1.39769 1.54119 3.02932
1.29139 -1.93739 1.43852 -1.39758 1.54109 3.03195
1.2917 -1.93737 1.43889 -1.39746 1.541 3.03457
1.29201 -1.93736 1.43926 -1.39734 1.5409 3.0372
1.29232 -1.93734 1.43963 -1.39723 1.54081 3.03983
1.29263 -1.93732 1.44 -1.39711 1.54071 3.04245
1.29293 -1.93731 1.44038 -1.39699 1.54062 3.04508
1.29324 -1.93729 1.44075 -1.39687 1.54052 3.0477
1.29355 -1.93727 1.44112 -1.39676 1.54043 3.05033
1.29386 -1.93726 1.44149 -1.39664 1.54033 3.05296
1.29417 -1.93724 1.44186 -1.39652 1.54024 3.05558
1.29447 -1.93722 1.44223 -1.39641 1.54014 3.05821
1.29478 -1.93721 1.4426 -1.39629 1.54005 3.06083
1.29509 -1.93719 1.44297 -1.39617 1.53996 3.06346
1.2954 -1.93717 1.44334 -1.39606 1.53986 3.06609
1.29571 -1.93716 1.44371 -1.39594 1.53977 3.06871
1.29601 -1.93714 1.44408 -1.39582 1.53967 3.07134
1.29632 -1.93712 1.44445 -1.39571 1.53958 3.07396
1.29663 -1.9371 1.44482 -1.39559 1.53948 3.07659
1.29694 -1.93709 1.4452 -1.39547 1.53939 3.07922
1.29725 -1.93707 1.44557 -1.39536 1.53929 3.08184
1.29756 -1.93705 1.44594 -1.39524 1.5392 3.08447
1.29786 -1.93704 1.44631 -1.39512 1.5391 3.08709
1.29817 -1.93702 1.44668 -1.39501 1.53901 3.08972
1.29848 -1.937 1.44705 -1.39489 1.53891 3.09235
1.29879 -1.93699 1.44742 -1.39477 1.53882 3.09497
1.2991 -1.93697 1.44779 -1.39466 1.53872 3.0976
1.2994 -1.93695 1.44816 -1.39454 1.53863 3.10022
1.29971 -1.93694 1.44853 -1.39442 1.53853 3.10285
1.30002 -1.93692 1.4489 -1.39431 1.53844 3.10548
1.30033 -1.9369 1.44927 -1.39419 1.53834 3.1081
1.30064 -1.93689 1.44965 -1.39407 1.53825 3.11073
1.30094 -1.93687 1.45002 -1.39395 1.53815 3.11335
1.30125 -1.93685 1.45039 -1.39384 1.53806 3.11598
1.30156 -1.93684 1.45076 -1.39372 1.53796 3.11861
1.30187 -1.93682 1.45113 -1.3936 1.53787 3.12123
1.30218 -1.9368 1.4515 -1.39349 1.53777 3.12386
1.30249 -1.93678 1.45187 -1.39337 1.53768 3.12648
1.30279 -1.93677 1.45224 -1.39325 1.53758 3.12911
1.3031 -1.93675 1.45261 -1.39314 1.53749 3.13174
1.30341 -1.93673 1.45298 -1.39302 1.53739 3.13436
1.30372 -1.93672 1.45335 -1.3929 1.5373 3.13699
1.30403 -1.9367 1.45372 -1.39279 1.5372 3.13961
1.30433 -1.93668 1.45409 -1.39267 1.53711 3.14224
1.30464 -1.93667 1.45447 -1.39255 1.53701 3.14487
1.30495 -1.93665 1.45484 -1.39244 1.53692 3.14749
1.30526 -1.93663 1.45521 -1.39232 1.53682 3.15012
1.30557 -1.93662 1.45558 -1.3922 1.53673 3.15274
1.30587 -1.9366 1.45595 -1.39209 1.53663 3.15537
1.30618 -1.93658 1.45632 -1.39197 1.53654 3.158
1.30649 -1.93657 1.45669 -1.39185 1.53644 3.16062
1.3068 -1.93655 1.45706 -1.39174 1.53635 3.16325
1.30711 -1.93653 1.45743 -1.39162 1.53625 3.16587
1.30742 -1.93652 1.4578 -1.3915 1.53616 3.1685
1.30772 -1.9365 1.45817 -1.39139 1.53606 3.17113
1.30803 -1.93648 1.45854 -1.39127 1.53597 3.17375
1.30834 -1.93646 1.45892 -1.39115 1.53587 3.17638
1.30865 -1.93645 1.45929 -1.39104 1.53578 3.179
1.30896 -1.93643 1.45966 -1.39092 1.53568 3.18163
1.30926 -1.93641 1.46003 -1.3908 1.53559 3.18426
1.30957 -1.9364 1.4604 -1.39068 1.53549 3.18688
1.30988 -1.93638 1.46077 -1.39057 1.5354 3.18951
1.31019 -1.93636 1.46114 -1.39045 1.5353 3.19213
1.3105 -1.93635 1.46151 -1.39033 1.53521 3.19476
1.3108 -1.93633 1.46188 -1.39022 1.53511 3.19739
1.31111 -1.93631 1.46225 -1.3901 1.53502 3.20001
1.31142 -1.9363 1.46262 -1.38998 1.53492 3.20264
1.31173 -1.93628 1.46299 -1.38987 1.53483 3.20527
1.31204 -1.93626 1.46336 -1.38975 1.53473 3.20789
1.31235 -1.93625 1.46374 -1.38963 1.53464 3.21052
1.31265 -1.93623 1.46411 -1.38952 1.53454 3.21314
1.31296 -1.93621 1.46448 -1.3894 1.53445 3.21577
1.31327 -1.9362 1.46485 -1.38928 1.53436 3.2184
1.31358 -1.93618 1.46522 -1.38917 1.53426 3.22102
1.31389 -1.93616 1.46559 -1.38905 1.53417 3.22365
1.31419 -1.93614 1.46596 -1.38893 1.53407 3.22627
1.3145 -1.93613 1.46633 -1.38882 1.53398 3.2289
1.31481 -1.93611 1.4667 -1.3887 1.53388 3.23153
1.31512 -1.93609 1.46707 -1.38858 1.53379 3.23415
1.31543 -1.93608 1.46744 -1.38847 1.53369 3.23678
1.31573 -1.93606 1.46781 -1.38835 1.5336 3.2394
1.31604 -1.93604 1.46819 -1.38823 1.5335 3.24203
1.31635 -1.93603 1.46856 -1.38812 1.53341 3.24466
1.31666 -1.93601 1.46893 -1.388 1.53331 3.24728
1.31697 -1.93599 1.4693 -1.38788 1.53322 3.24991
1.31728 -1.93598 1.46967 -1.38777 1.53312 3.25253
1.31758 -1.93596 1.47004 -1.38765 1.53303 3.25516
1.31789 -1.93594 1.47041 -1.38753 1.53293 3.25779
1.3182 -1.93593 1.47078 -1.38741 1.53284 3.26041
1.31851 -1.93591 1.47115 -1.3873 1.53274 3.26304
1.31882 -1.93589 1.47152 -1.38718 1.53265 3.26566
1.31912 -1.93588 1.47189 -1.38706 1.53255 3.26829
1.31943 -1.93586 1.47226 -1.38695 1.53246 3.27092
1.31974 -1.93584 1.47263 -1.38683 1.53236 3.27354
1.32005 -1.93583 1.47301 -1.38671 1.53227 3.27617
1.32036 -1.93581 1.47338 -1.3866 1.53217 3.27879
1.32066 -1.93579 1.47375 -1.38648 1.53208 3.28142
1.32097 -1.93577 1.47412 -1.38636 1.53198 3.28405
1.32128 -1.93576 1.47449 -1.38625 1.53189 3.28667
1.32159 -1.93574 1.47486 -1.38613 1.53179 3.2893
1.3219 -1.93572 1.47523 -1.38601 1.5317 3.29192
1.32221 -1.93571 1.4756 -1.3859 1.5316 3.29455
1.32251 -1.93569 1.47597 -1.38578 1.53151 3.29718
1.32282 -1.93567 1.47634 -1.38566 1.53141 3.2998
1.32313 -1.93566 1.47671 -1.38555 1.53132 3.30243
1.32344 -1.93564 1.47708 -1.38543 1.53122 3.30505
1.32375 -1.93562 1.47746 -1.38531 1.53113 3.30768
1.32405 -1.93561 1.47783 -1.3852 1.53103 3.31031
1.32436 -1.93559 1.4782 -1.38508 1.53094 3.31293
1.32467 -1.93557 1.47857 -1.38496 1.53084 3.31556
1.32498 -1.93556 1.47894 -1.38485 1.53075 3.31818
1.32529 -1.93554 1.47931 -1.38473 1.53065 3.32081
1.32559 -1.93552 1.47968 -1.38461 1.53056 3.32344
1.3259 -1.93551 1.48005 -1.38449 1.53046 3.32606
1.32621 -1.93549 1.48042 -1.38438 1.53037 3.32869
1.32652 -1.93547 1.48079 -1.38426 1.53027 3.33131
1.32683 -1.93545 1.48116 -1.38414 1.53018 3.33394
1.32714 -1.93544 1.48153 -1.38403 1.53008 3.33657
1.32744 -1.93542 1.4819 -1.38391 1.52999 3.33919
1.32775 -1.9354 1.48228 -1.38379 1.52989 3.34182
1.32806 -1.93539 1.48265 -1.38368 1.5298 3.34444
1.32837 -1.93537 1.48302 -1.38356 1.5297 3.34707
1.32868 -1.93535 1.48339 -1.38344 1.52961 3.3497
1.32898 -1.93534 1.48376 -1.38333 1.52951 3.35232
1.32929 -1.93532 1.48413 -1.38321 1.52942 3.35495
1.3296 -1.9353 1.4845 -1.38309 1.52932 3.35757
1.32991 -1.93529 1.48487 -1.38298 1.52923 3.3602
1.33022 -1.93527 1.48524 -1.38286 1.52913 3.36283
1.33052 -1.93525 1.48561 -1.38274 1.52904 3.36545
1.33083 -1.93524 1.48598 -1.38263 1.52894 3.36808
1.33114 -1.93522 1.48635 -1.38251 1.52885 3.3707
1.33145 -1.9352 1.48673 -1.38239 1.52876 3.37333
1.33176 -1.93519 1.4871 -1.38228 1.52866 3.37596
1.33207 -1.93517 1.48747 -1.38216 1.52857 3.37858
1.33237 -1.93515 1.48784 -1.38204 1.52847 3.38121
1.33268 -1.93513 1.48821 -1.38193 1.52838 3.38383
1.33299 -1.93512 1.48858 -1.38181 1.52828 3.38646
1.3333 -1.9351 1.48895 -1.38169 1.52819 3.38909
1.33361 -1.93508 1.48932 -1.38158 1.52809 3.39171
1.33391 -1.93507 1.48969 -1.38146 1.528 3.39434
1.33422 -1.93505 1.49006 -1.38134 1.5279 3.39696
1.33453 -1.93503 1.49043 -1.38122 1.52781 3.39959
1.33484 -1.93502 1.4908 -1.38111 1.52771 3.40222
1.33515 -1.935 1.49117 -1.38099 1.52762 3.40484
1.33545 -1.93498 1.49155 -1.38087 1.52752 3.40747
1.33576 -1.93497 1.49192 -1.38076 1.52743 3.41009
1.33607 -1.93495 1.49229 -1.38064 1.52733 3.41272
1.33638 -1.93493 1.49266 -1.38052 1.52724 3.41535
1.33669 -1.93492 1.49303 -1.38041 1.52714 3.41797
1.337 -1.9349 1.4934 -1.38029 1.52705 3.4206
1.3373 -1.93488 1.49377 -1.38017 1.52695 3.42322
1.33761 -1.93487 1.49414 -1.38006 1.52686 3.42585
1.33792 -1.93485 1.49451 -1.37994 1.52676 3.42848
1.33823 -1.93483 1.49488 -1.37982 1.52667 3.4311
1.33854 -1.93481 1.49525 -1.37971 1.52657 3.43373
1.33884 -1.9348 1.49562 -1.37959 1.52648 3.43635
1.33915 -1.93478 1.496 -1.37947 1.52638 3.43898
1.33946 -1.93476 1.49637 -1.37936 1.52629 3.44161
1.33977 -1.93475 1.49674 -1.37924 1.52619 3.44423
1.34008 -1.93473 1.49711 -1.37912 1.5261 3.44686
1.34038 -1.93471 1.49748 -1.37901 1.526 3.44948
1.34069 -1.9347 1.49785 -1.37889 1.52591 3.45211
1.341 -1.93468 1.49822 -1.37877 1.52581 3.45474
1.34131 -1.93466 1.49859 -1.37866 1.52572 3.45736
1.34162 -1.93465 1.49896 -1.37854 1.52562 3.45999
1.34193 -1.93463 1.49933 -1.37842 1.52553 3.46261
1.34223 -1.93461 1.4997 -1.3783 1.52543 3.46524
1.34254 -1.9346 1.50007 -1.37819 1.52534 3.46787
1.34285 -1.93458 1.50044 -1.37807 1.52524 3.47049
1.34316 -1.93456 1.50082 -1.37795 1.52515 3.47312
1.34347 -1.93455 1.50119 -1.37784 1.52505 3.47574
1.34377 -1.93453 1.50156 -1.37772 1.52496 3.47837
1.34408 -1.93451 1.50193 -1.3776 1.52486 3.481
1.34439 -1.93449 1.5023 -1.37749 1.52477 3.48362
1.3447 -1.93448 1.50267 -1.37737 1.52467 3.48625
1.34501 -1.93446 1.50304 -1.37725 1.52458 3.48887
1.34531 -1.93444 1.50341 -1.37714 1.52448 3.4915
1.34562 -1.93443 1.50378 -1.37702 1.52439 3.49413
1.34593 -1.93441 1.50415 -1.3769 1.52429 3.49675
1.34624 -1.93439 1.50452 -1.37679 1.5242 3.49938
1.34655 -1.93438 1.50489 -1.37667 1.5241 3.502
1.34686 -1.93436 1.50527 -1.37655 1.52401 3.50463
1.34716 -1.93434 1.50564 -1.37644 1.52391 3.50726
1.34747 -1.93433 1.50601 -1.37632 1.52382 3.50988
1.34778 -1.93431 1.50638 -1.3762 1.52372 3.51251
1.34809 -1.93429 1.50675 -1.37609 1.52363 3.51513
1.3484 -1.93428 1.50712 -1.37597 1.52353 3.51776
1.3487 -1.93426 1.50749 -1.37585 1.52344 3.52039
1.34901 -1.93424 1.50786 -1.37574 1.52334 3.52301
1.34932 -1.93423 1.50823 -1.37562 1.52325 3.52564
1.34963 -1.93421 1.5086 -1.3755 1.52315 3.52826
1.34994 -1.93419 1.50897 -1.37539 1.52306 3.53089
1.35024 -1.93417 1.50934 -1.37527 1.52297 3.53352
1.35055 -1.93416 1.50971 -1.37515 1.52287 3.53614
1.35086 -1.93414 1.51009 -1.37503 1.52278 3.53877
1.35117 -1.93412 1.51046 -1.37492 1.52268 3.54139
1.35148 -1.93411 1.51083 -1.3748 1.52259 3.54402
1.35179 -1.93409 1.5112 -1.37468 1.52249 3.54665
1.35209 -1.93407 1.51157 -1.37457 1.5224 3.54927
1.3524 -1.93406 1.51194 -1.37445 1.5223 3.5519
1.35271 -1.93404 1.51231 -1.37433 1.52221 3.55452
1.35302 -1.93402 1.51268 -1.37422 1.52211 3.55715
1.35333 -1.93401 1.51305 -1.3741 1.52202 3.55978
1.35363 -1.93399 1.51342 -1.37398 1.52192 3.5624
1.35394 -1.93397 1.51379 -1.37387 1.52183 3.56503
1.35425 -1.93396 1.51416 -1.37375 1.52173 3.56766
1.35456 -1.93394 1.51454 -1.37363 1.52164 3.57028
1.35487 -1.93392 1.51491 -1.37352 1.52154 3.57291
1.35517 -1.93391 1.51528 -1.3734 1.52145 3.57553
1.35548 -1.93389 1.51565 -1.37328 1.52135 3.57816
1.35579 -1.93387 1.51602 -1.37317 1.52126 3.58079
1.3561 -1.93385 1.51639 -1.37305 1.52116 3.58341
1.35641 -1.93384 1.51676 -1.37293 1.52107 3.58604
1.35672 -1.93382 1.51713 -1.37282 1.52097 3.58866
1.35702 -1.9338 1.5175 -1.3727 1.52088 3.59129
1.35733 -1.93379 1.51787 -1.37258 1.52078 3.59392
1.35764 -1.93377 1.51824 -1.37247 1.52069 3.59654
1.35795 -1.93375 1.51861 -1.37235 1.52059 3.59917
1.35826 -1.93374 1.51898 -1.37223 1.5205 3.60179
1.35856 -1.93372 1.51936 -1.37211 1.5204 3.60442
1.35887 -1.9337 1.51973 -1.372 1.52031 3.60705
1.35918 -1.93369 1.5201 -1.37188 1.52021 3.60967
1.35949 -1.93367 1.52047 -1.37176 1.52012 3.6123
1.3598 -1.93365 1.52084 -1.37165 1.52002 3.61492
1.3601 -1.93364 1.52121 -1.37153 1.51993 3.61755
1.36041 -1.93362 1.52158 -1.37141 1.51983 3.62018
1.36072 -1.9336 1.52195 -1.3713 1.51974 3.6228
1.36103 -1.93359 1.52232 -1.37118 1.51964 3.62543
1.36134 -1.93357 1.52269 -1.37106 1.51955 3.62805
1.36165 -1.93355 1.52306 -1.37095 1.51945 3.63068
1.36195 -1.93353 1.52343 -1.37083 1.51936 3.63331
1.36226 -1.93352 1.52381 -1.37071 1.51926 3.63593
1.36257 -1.9335 1.52418 -1.3706 1.51917 3.63856
1.36288 -1.93348 1.52455 -1.37048 1.51907 3.64118
1.36319 -1.93347 1.52492 -1.37036 1.51898 3.64381
1.36349 -1.93345 1.52529 -1.37025 1.51888 3.64644
1.3638 -1.93343 1.52566 -1.37013 1.51879 3.64906
1.36411 -1.93342 1.52603 -1.37001 1.51869 3.65169
1.36442 -1.9334 1.5264 -1.3699 1.5186 3.65431
1.36473 -1.93338 1.52677 -1.36978 1.5185 3.65694
1.36503 -1.93337 1.52714 -1.36966 1.51841 3.65957
1.36534 -1.93335 1.52751 -1.36955 1.51831 3.66219
1.36565 -1.93333 1.52788 -1.36943 1.51822 3.66482
1.36596 -1.93332 1.52825 -1.36931 1.51812 3.66744
1.36627 -1.9333 1.52863 -1.3692 1.51803 3.67007
1.36658 -1.93328 1.529 -1.36908 1.51793 3.6727
1.36688 -1.93327 1.52937 -1.36896 1.51784 3.67532
1.36719 -1.93325 1.52974 -1.36884 1.51774 3.67795
1.3675 -1.93323 1.53011 -1.36873 1.51765 3.68057
1.36781 -1.93321 1.53048 -1.36861 1.51755 3.6832
1.36812 -1.9332 1.53085 -1.36849 1.51746 3.68583
1.36842 -1.93318 1.53122 -1.36838 1.51737 3.68845
1.36873 -1.93316 1.53159 -1.36826 1.51727 3.69108
1.36904 -1.93315 1.53196 -1.36814 1.51718 3.6937
1.36935 -1.93313 1.53233 -1.36803 1.51708 3.69633
1.36966 -1.93311 1.5327 -1.36791 1.51699 3.69896
1.36996 -1.9331 1.53308 -1.36779 1.51689 3.70158
1.37027 -1.93308 1.53345 -1.36768 1.5168 3.70421
1.37058 -1.93306 1.53382 -1.36756 1.5167 3.70683
1.37089 -1.93305 1.53419 -1.36744 1.51661 3.70946
1.3712 -1.93303 1.53456 -1.36733 1.51651 3.71209
1.37151 -1.93301 1.53493 -1.36721 1.51642 3.71471
1.37181 -1.933 1.5353 -1.36709 1.51632 3.71734
1.37212 -1.93298 1.53567 -1.36698 1.51623 3.71996
1.37243 -1.93296 1.53604 -1.36686 1.51613 3.72259
1.37274 -1.93295 1.53641 -1.36674 1.51604 3.72522
1.37305 -1.93293 1.53678 -1.36663 1.51594 3.72784
1.37335 -1.93291 1.53715 -1.36651 1.51585 3.73047
1.37366 -1.93289 1.53752 -1.36639 1.51575 3.73309
1.37397 -1.93288 1.5379 -1.36628 1.51566 3.73572
1.37428 -1.93286 1.53827 -1.36616 1.51556 3.73835
1.37459 -1.93284 1.53864 -1.36604 1.51547 3.74097
1.37489 -1.93283 1.53901 -1.36592 1.51537 3.7436
1.3752 -1.93281 1.53938 -1.36581 1.51528 3.74622
1.37551 -1.93279 1.53975 -1.36569 1.51518 3.74885
1.37582 -1.93278 1.54012 -1.36557 1.51509 3.75148
1.37613 -1.93276 1.54049 -1.36546 1.51499 3.7541
1.37644 -1.93274 1.54086 -1.36534 1.5149 3.75673
1.37674 -1.93273 1.54123 -1.36522 1.5148 3.75935
1.37705 -1.93271 1.5416 -1.36511 1.51471 3.76198
1.37736 -1.93269 1.54197 -1.36499 1.51461 3.76461
1.37767 -1.93268 1.54234 -1.36487 1.51452 3.76723
1.37798 -1.93266 1.54272 -1.36476 1.51442 3.76986
1.37828 -1.93264 1.54309 -1.36464 1.51433 3.77248
1.37859 -1.93263 1.54346 -1.36452 1.51423 3.77511
1.3789 -1.93261 1.54383 -1.36441 1.51414 3.77774
1.37921 -1.93259 1.5442 -1.36429 1.51404 3.78036
1.37952 -1.93257 1.54457 -1.36417 1.51395 3.78299
1.37982 -1.93256 1.54494 -1.36406 1.51385 3.78561
1.38013 -1.93254 1.54531 -1.36394 1.51376 3.78824
1.38044 -1.93252 1.54568 -1.36382 1.51366 3.79087
1.38075 -1.93251 1.54605 -1.36371 1.51357 3.79349
1.38106 -1.93249 1.54642 -1.36359 1.51347 3.79612
1.38137 -1.93247 1.54679 -1.36347 1.51338 3.79874
1.38167 -1.93246 1.54717 -1.36336 1.51328 3.80137
1.38198 -1.93244 1.54754 -1.36324 1.51319 3.804
1.38229 -1.93242 1.54791 -1.36312 1.51309 3.80662
1.3826 -1.93241 1.54828 -1.36301 1.513 3.80925
