2.08752 -1.9312 1.54134 -1.48368 1.60653 1.18249
2.08716 -1.93125 1.54108 -1.48368 1.60653 1.18249
2.0868 -1.93129 1.54083 -1.48368 1.60653 1.18249
2.08644 -1.93133 1.54058 -1.48368 1.60653 1.18249
2.08607 -1.93138 1.54032 -1.48368 1.60653 1.18249
2.08571 -1.93142 1.54007 -1.48368 1.60653 1.18249
2.08535 -1.93147 1.53982 -1.48368 1.60653 1.18249
2.08499 -1.93151 1.53956 -1.48368 1.60653 1.18249
2.08463 -1.93156 1.53931 -1.48368 1.60653 1.18249
2.08427 -1.9316 1.53905 -1.48368 1.60653 1.18249
2.0839 -1.93165 1.5388 -1.48368 1.60653 1.18249
2.08354 -1.93169 1.53855 -1.48368 1.60653 1.18249
2.08318 -1.93174 1.53829 -1.48368 1.60653 1.18249
2.08282 -1.93178 1.53804 -1.48368 1.60653 1.18249
2.08246 -1.93182 1.53779 -1.48368 1.60653 1.18249
2.0821 -1.93187 1.53753 -1.48368 1.60653 1.18249
2.08173 -1.93191 1.53728 -1.48368 1.60653 1.18249
2.08137 -1.93196 1.53703 -1.48368 1.60653 1.18249
2.08101 -1.932 1.53677 -1.48368 1.60653 1.18249
2.08065 -1.93205 1.53652 -1.48368 1.60653 1.18249
2.08029 -1.93209 1.53626 -1.48368 1.60653 1.18249
2.07992 -1.93214 1.53601 -1.48368 1.60653 1.18249
2.07956 -1.93218 1.53576 -1.48368 1.60653 1.18249
2.0792 -1.93223 1.5355 -1.48368 1.60653 1.18249
2.07884 -1.93227 1.53525 -1.48368 1.60653 1.18249
2.07848 -1.93231 1.535 -1.48368 1.60653 1.18249
2.07812 -1.93236 1.53474 -1.48368 1.60653 1.18249
2.07775 -1.9324 1.53449 -1.48368 1.60653 1.18249
2.07739 -1.93245 1.53424 -1.48368 1.60653 1.18249
2.07703 -1.93249 1.53398 -1.48368 1.60653 1.18249
2.07667 -1.93254 1.53373 -1.48368 1.60653 1.18249
2.07631 -1.93258 1.53348 -1.48368 1.60653 1.18249
2.07595 -1.93263 1.53322 -1.48368 1.60653 1.18249
2.07558 -1.93267 1.53297 -1.48368 1.60653 1.18249
2.07522 -1.93272 1.53271 -1.48368 1.60653 1.18249
2.07486 -1.93276 1.53246 -1.48368 1.60653 1.18249
2.0745 -1.9328 1.53221 -1.48368 1.60653 1.18249
2.07414 -1.93285 1.53195 -1.48368 1.60653 1.18249
2.07378 -1.93289 1.5317 -1.48368 1.60653 1.18249
2.07341 -1.93294 1.53145 -1.48368 1.60653 1.18249
2.07305 -1.93298 1.53119 -1.48368 1.60653 1.18249
2.07269 -1.93303 1.53094 -1.48368 1.60653 1.18249
2.07233 -1.93307 1.53069 -1.48368 1.60653 1.18249
2.07197 -1.93312 1.53043 -1.48368 1.60653 1.18249
2.0716 -1.93316 1.53018 -1.48368 1.60653 1.18249
2.07124 -1.93321 1.52992 -1.48368 1.60653 1.18249
2.07088 -1.93325 1.52967 -1.48368 1.60653 1.18249
2.07052 -1.93329 1.52942 -1.48368 1.60653 1.18249
2.07016 -1.93334 1.52916 -1.48368 1.60653 1.18249
2.0698 -1.93338 1.52891 -1.48368 1.60653 1.18249
2.06943 -1.93343 1.52866 -1.48368 1.60653 1.18249
2.06907 -1.93347 1.5284 -1.48368 1.60653 1.18249
2.06871 -1.93352 1.52815 -1.48368 1.60653 1.18249
2.06835 -1.93356 1.5279 -1.48368 1.60653 1.18249
2.06799 -1.93361 1.52764 -1.48368 1.60653 1.18249
2.06763 -1.93365 1.52739 -1.48368 1.60653 1.18249
2.06726 -1.9337 1.52714 -1.48368 1.60653 1.18249
2.0669 -1.93374 1.52688 -1.48368 1.60653 1.18249
2.06654 -1.93378 1.52663 -1.48368 1.60653 1.18249
2.06618 -1.93383 1.52637 -1.48368 1.60653 1.18249
2.06582 -1.93387 1.52612 -1.48368 1.60653 1.18249
2.06546 -1.93392 1.52587 -1.48368 1.60653 1.18249
2.06509 -1.93396 1.52561 -1.48368 1.60653 1.18249
2.06473 -1.93401 1.52536 -1.48368 1.60653 1.18249
2.06437 -1.93405 1.52511 -1.48368 1.60653 1.18249
2.06401 -1.9341 1.52485 -1.48368 1.60653 1.18249
2.06365 -1.93414 1.5246 -1.48368 1.60653 1.18249
2.06328 -1.93419 1.52435 -1.48368 1.60653 1.18249
2.06292 -1.93423 1.52409 -1.48368 1.60653 1.18249
2.06256 -1.93427 1.52384 -1.48368 1.60653 1.18249
2.0622 -1.93432 1.52358 -1.48368 1.60653 1.18249
2.06184 -1.93436 1.52333 -1.48368 1.60653 1.18249
2.06148 -1.93441 1.52308 -1.48368 1.60653 1.18249
2.06111 -1.93445 1.52282 -1.48368 1.60653 1.18249
2.06075 -1.9345 1.52257 -1.48368 1.60653 1.18249
2.06039 -1.93454 1.52232 -1.48368 1.60653 1.18249
2.06003 -1.93459 1.52206 -1.48368 1.60653 1.18249
2.05967 -1.93463 1.52181 -1.48368 1.60653 1.18249
2.05931 -1.93468 1.52156 -1.48368 1.60653 1.18249
2.05894 -1.93472 1.5213 -1.48368 1.60653 1.18249
2.05858 -1.93476 1.52105 -1.48368 1.60653 1.18249
2.05822 -1.93481 1.5208 -1.48368 1.60653 1.18249
2.05786 -1.93485 1.52054 -1.48368 1.60653 1.18249
2.0575 -1.9349 1.52029 -1.48368 1.60653 1.18249
2.05714 -1.93494 1.52003 -1.48368 1.60653 1.18249
2.05677 -1.93499 1.51978 -1.48368 1.60653 1.18249
2.05641 -1.93503 1.51953 -1.48368 1.60653 1.18249
2.05605 -1.93508 1.51927 -1.48368 1.60653 1.18249
2.05569 -1.93512 1.51902 -1.48368 1.60653 1.18249
2.05533 -1.93517 1.51877 -1.48368 1.60653 1.18249
2.05496 -1.93521 1.51851 -1.48368 1.60653 1.18249
2.0546 -1.93525 1.51826 -1.48368 1.60653 1.18249
2.05424 -1.9353 1.51801 -1.48368 1.60653 1.18249
2.05388 -1.93534 1.51775 -1.48368 1.60653 1.18249
2.05352 -1.93539 1.5175 -1.48368 1.60653 1.18249
2.05316 -1.93543 1.51724 -1.48368 1.60653 1.18249
2.05279 -1.93548 1.51699 -1.48368 1.60653 1.18249
2.05243 -1.93552 1.51674 -1.48368 1.60653 1.18249
2.05207 -1.93557 1.51648 -1.48368 1.60653 1.18249
2.05171 -1.93561 1.51623 -1.48368 1.60653 1.18249
2.05135 -1.93566 1.51598 -1.48368 1.60653 1.18249
2.05099 -1.9357 1.51572 -1.48368 1.60653 1.18249
2.05062 -1.93574 1.51547 -1.48368 1.60653 1.18249
2.05026 -1.93579 1.51522 -1.48368 1.60653 1.18249
2.0499 -1.93583 1.51496 -1.48368 1.60653 1.18249
2.04954 -1.93588 1.51471 -1.48368 1.60653 1.18249
2.04918 -1.93592 1.51446 -1.48368 1.60653 1.18249
2.04881 -1.93597 1.5142 -1.48368 1.60653 1.18249
2.04845 -1.93601 1.51395 -1.48368 1.60653 1.18249
2.04809 -1.93606 1.51369 -1.48368 1.60653 1.18249
2.04773 -1.9361 1.51344 -1.48368 1.60653 1.18249
2.04737 -1.93615 1.51319 -1.48368 1.60653 1.18249
2.04701 -1.93619 1.51293 -1.48368 1.60653 1.18249
2.04664 -1.93623 1.51268 -1.48368 1.60653 1.18249
2.04628 -1.93628 1.51243 -1.48368 1.60653 1.18249
2.04592 -1.93632 1.51217 -1.48368 1.60653 1.18249
2.04556 -1.93637 1.51192 -1.48368 1.60653 1.18249
2.0452 -1.93641 1.51167 -1.48368 1.60653 1.18249
2.04484 -1.93646 1.51141 -1.48368 1.60653 1.18249
2.04447 -1.9365 1.51116 -1.48368 1.60653 1.18249
2.04411 -1.93655 1.5109 -1.48368 1.60653 1.18249
2.04375 -1.93659 1.51065 -1.48368 1.60653 1.18249
2.04339 -1.93664 1.5104 -1.48368 1.60653 1.18249
2.04303 -1.93668 1.51014 -1.48368 1.60653 1.18249
2.04267 -1.93672 1.50989 -1.48368 1.60653 1.18249
2.0423 -1.93677 1.50964 -1.48368 1.60653 1.18249
2.04194 -1.93681 1.50938 -1.48368 1.60653 1.18249
2.04158 -1.93686 1.50913 -1.48368 1.60653 1.18249
2.04122 -1.9369 1.50888 -1.48368 1.60653 1.18249
2.04086 -1.93695 1.50862 -1.48368 1.60653 1.18249
2.04049 -1.93699 1.50837 -1.48368 1.60653 1.18249
2.04013 -1.93704 1.50811 -1.48368 1.60653 1.18249
2.03977 -1.93708 1.50786 -1.48368 1.60653 1.18249
2.03941 -1.93713 1.50761 -1.48368 1.60653 1.18249
2.03905 -1.93717 1.50735 -1.48368 1.60653 1.18249
2.03869 -1.93721 1.5071 -1.48368 1.60653 1.18249
2.03832 -1.93726 1.50685 -1.48368 1.60653 1.18249
2.03796 -1.9373 1.50659 -1.48368 1.60653 1.18249
2.0376 -1.93735 1.50634 -1.48368 1.60653 1.18249
2.03724 -1.93739 1.50609 -1.48368 1.60653 1.18249
2.03688 -1.93744 1.50583 -1.48368 1.60653 1.18249
2.03652 -1.93748 1.50558 -1.48368 1.60653 1.18249
2.03615 -1.93753 1.50533 -1.48368 1.60653 1.18249
2.03579 -1.93757 1.50507 -1.48368 1.60653 1.18249
2.03543 -1.93762 1.50482 -1.48368 1.60653 1.18249
2.03507 -1.93766 1.50456 -1.48368 1.60653 1.18249
2.03471 -1.9377 1.50431 -1.48368 1.60653 1.18249
2.03435 -1.93775 1.50406 -1.48368 1.60653 1.18249
2.03398 -1.93779 1.5038 -1.48368 1.60653 1.18249
2.03362 -1.93784 1.50355 -1.48368 1.60653 1.18249
2.03326 -1.93788 1.5033 -1.48368 1.60653 1.18249
2.0329 -1.93793 1.50304 -1.48368 1.60653 1.18249
2.03254 -1.93797 1.50279 -1.48368 1.60653 1.18249
2.03217 -1.93802 1.50254 -1.48368 1.60653 1.18249
2.03181 -1.93806 1.50228 -1.48368 1.60653 1.18249
2.03145 -1.93811 1.50203 -1.48368 1.60653 1.18249
2.03109 -1.93815 1.50177 -1.48368 1.60653 1.18249
2.03073 -1.93819 1.50152 -1.48368 1.60653 1.18249
2.03037 -1.93824 1.50127 -1.48368 1.60653 1.18249
2.03 -1.93828 1.50101 -1.48368 1.60653 1.18249
2.02964 -1.93833 1.50076 -1.48368 1.60653 1.18249
2.02928 -1.93837 1.50051 -1.48368 1.60653 1.18249
2.02892 -1.93842 1.50025 -1.48368 1.60653 1.18249
2.02856 -1.93846 1.5 -1.48368 1.60653 1.18249
2.0282 -1.93851 1.49975 -1.48368 1.60653 1.18249
2.02783 -1.93855 1.49949 -1.48368 1.60653 1.18249
2.02747 -1.9386 1.49924 -1.48368 1.60653 1.18249
2.02711 -1.93864 1.49899 -1.48368 1.60653 1.18249
2.02675 -1.93868 1.49873 -1.48368 1.60653 1.18249
2.02639 -1.93873 1.49848 -1.48368 1.60653 1.18249
2.02603 -1.93877 1.49822 -1.48368 1.60653 1.18249
2.02566 -1.93882 1.49797 -1.48368 1.60653 1.18249
2.0253 -1.93886 1.49772 -1.48368 1.60653 1.18249
2.02494 -1.93891 1.49746 -1.48368 1.60653 1.18249
2.02458 -1.93895 1.49721 -1.48368 1.60653 1.18249
2.02422 -1.939 1.49696 -1.48368 1.60653 1.18249
2.02385 -1.93904 1.4967 -1.48368 1.60653 1.18249
2.02349 -1.93909 1.49645 -1.48368 1.60653 1.18249
2.02313 -1.93913 1.4962 -1.48368 1.60653 1.18249
2.02277 -1.93917 1.49594 -1.48368 1.60653 1.18249
2.02241 -1.93922 1.49569 -1.48368 1.60653 1.18249
2.02205 -1.93926 1.49543 -1.48368 1.60653 1.18249
2.02168 -1.93931 1.49518 -1.48368 1.60653 1.18249
2.02132 -1.93935 1.49493 -1.48368 1.60653 1.18249
2.02096 -1.9394 1.49467 -1.48368 1.60653 1.18249
2.0206 -1.93944 1.49442 -1.48368 1.60653 1.18249
2.02024 -1.93949 1.49417 -1.48368 1.60653 1.18249
2.01988 -1.93953 1.49391 -1.48368 1.60653 1.18249
2.01951 -1.93958 1.49366 -1.48368 1.60653 1.18249
2.01915 -1.93962 1.49341 -1.48368 1.60653 1.18249
2.01879 -1.93966 1.49315 -1.48368 1.60653 1.18249
2.01843 -1.93971 1.4929 -1.48368 1.60653 1.18249
2.01807 -1.93975 1.49265 -1.48368 1.60653 1.18249
2.01771 -1.9398 1.49239 -1.48368 1.60653 1.18249
2.01734 -1.93984 1.49214 -1.48368 1.60653 1.18249
2.01698 -1.93989 1.49188 -1.48368 1.60653 1.18249
2.01662 -1.93993 1.49163 -1.48368 1.60653 1.18249
2.01626 -1.93998 1.49138 -1.48368 1.60653 1.18249
2.0159 -1.94002 1.49112 -1.48368 1.60653 1.18249
2.01553 -1.94007 1.49087 -1.48368 1.60653 1.18249
2.01517 -1.94011 1.49062 -1.48368 1.60653 1.18249
2.01481 -1.94015 1.49036 -1.48368 1.60653 1.18249
2.01445 -1.9402 1.49011 -1.48368 1.60653 1.18249
2.01409 -1.94024 1.48986 -1.48368 1.60653 1.18249
2.01373 -1.94029 1.4896 -1.48368 1.60653 1.18249
2.01336 -1.94033 1.48935 -1.48368 1.60653 1.18249
2.013 -1.94038 1.48909 -1.48368 1.60653 1.18249
2.01264 -1.94042 1.48884 -1.48368 1.60653 1.18249
2.01228 -1.94047 1.48859 -1.48368 1.60653 1.18249
2.01192 -1.94051 1.48833 -1.48368 1.60653 1.18249
2.01156 -1.94056 1.48808 -1.48368 1.60653 1.18249
2.01119 -1.9406 1.48783 -1.48368 1.60653 1.18249
2.01083 -1.94064 1.48757 -1.48368 1.60653 1.18249
2.01047 -1.94069 1.48732 -1.48368 1.60653 1.18249
2.01011 -1.94073 1.48707 -1.48368 1.60653 1.18249
2.00975 -1.94078 1.48681 -1.48368 1.60653 1.18249
2.00939 -1.94082 1.48656 -1.48368 1.60653 1.18249
2.00902 -1.94087 1.48631 -1.48368 1.60653 1.18249
2.00866 -1.94091 1.48605 -1.48368 1.60653 1.18249
2.0083 -1.94096 1.4858 -1.48368 1.60653 1.18249
2.00794 -1.941 1.48554 -1.48368 1.60653 1.18249
2.00758 -1.94105 1.48529 -1.48368 1.60653 1.18249
2.00721 -1.94109 1.48504 -1.48368 1.60653 1.18249
2.00685 -1.94113 1.48478 -1.48368 1.60653 1.18249
2.00649 -1.94118 1.48453 -1.48368 1.60653 1.18249
2.00613 -1.94122 1.48428 -1.48368 1.60653 1.18249
2.00577 -1.94127 1.48402 -1.48368 1.60653 1.18249
2.00541 -1.94131 1.48377 -1.48368 1.60653 1.18249
2.00504 -1.94136 1.48352 -1.48368 1.60653 1.18249
2.00468 -1.9414 1.48326 -1.48368 1.60653 1.18249
2.00432 -1.94145 1.48301 -1.48368 1.60653 1.18249
2.00396 -1.94149 1.48275 -1.48368 1.60653 1.18249
2.0036 -1.94154 1.4825 -1.48368 1.60653 1.18249
2.00324 -1.94158 1.48225 -1.48368 1.60653 1.18249
2.00287 -1.94162 1.48199 -1.48368 1.60653 1.18249
2.00251 -1.94167 1.48174 -1.48368 1.60653 1.18249
2.00215 -1.94171 1.48149 -1.48368 1.60653 1.18249
2.00179 -1.94176 1.48123 -1.48368 1.60653 1.18249
2.00143 -1.9418 1.48098 -1.48368 1.60653 1.18249
2.00107 -1.94185 1.48073 -1.48368 1.60653 1.18249
2.0007 -1.94189 1.48047 -1.48368 1.60653 1.18249
2.00034 -1.94194 1.48022 -1.48368 1.60653 1.18249
1.99998 -1.94198 1.47997 -1.48368 1.60653 1.18249
1.99962 -1.94203 1.47971 -1.48368 1.60653 1.18249
1.99926 -1.94207 1.47946 -1.48368 1.60653 1.18249
1.99889 -1.94211 1.4792 -1.48368 1.60653 1.18249
1.99853 -1.94216 1.47895 -1.48368 1.60653 1.18249
1.99817 -1.9422 1.4787 -1.48368 1.60653 1.18249
1.99781 -1.94225 1.47844 -1.48368 1.60653 1.18249
1.99745 -1.94229 1.47819 -1.48368 1.60653 1.18249
1.99709 -1.94234 1.47794 -1.48368 1.60653 1.18249
1.99672 -1.94238 1.47768 -1.48368 1.60653 1.18249
1.99636 -1.94243 1.47743 -1.48368 1.60653 1.18249
1.996 -1.94247 1.47718 -1.48368 1.60653 1.18249
1.99564 -1.94252 1.47692 -1.48368 1.60653 1.18249
1.99528 -1.94256 1.47667 -1.48368 1.60653 1.18249
1.99492 -1.9426 1.47641 -1.48368 1.60653 1.18249
1.99455 -1.94265 1.47616 -1.48368 1.60653 1.18249
1.99419 -1.94269 1.47591 -1.48368 1.60653 1.18249
1.99383 -1.94274 1.47565 -1.48368 1.60653 1.18249
1.99347 -1.94278 1.4754 -1.48368 1.60653 1.18249
1.99311 -1.94283 1.47515 -1.48368 1.60653 1.18249
1.99274 -1.94287 1.47489 -1.48368 1.60653 1.18249
1.99238 -1.94292 1.47464 -1.48368 1.60653 1.18249
1.99202 -1.94296 1.47439 -1.48368 1.60653 1.18249
1.99166 -1.94301 1.47413 -1.48368 1.60653 1.18249
1.9913 -1.94305 1.47388 -1.48368 1.60653 1.18249
1.99094 -1.94309 1.47363 -1.48368 1.60653 1.18249
1.99057 -1.94314 1.47337 -1.48368 1.60653 1.18249
1.99021 -1.94318 1.47312 -1.48368 1.60653 1.18249
1.98985 -1.94323 1.47286 -1.48368 1.60653 1.18249
1.98949 -1.94327 1.47261 -1.48368 1.60653 1.18249
1.98913 -1.94332 1.47236 -1.48368 1.60653 1.18249
1.98877 -1.94336 1.4721 -1.48368 1.60653 1.18249
1.9884 -1.94341 1.47185 -1.48368 1.60653 1.18249
1.98804 -1.94345 1.4716 -1.48368 1.60653 1.18249
1.98768 -1.9435 1.47134 -1.48368 1.60653 1.18249
1.98732 -1.94354 1.47109 -1.48368 1.60653 1.18249
1.98696 -1.94358 1.47084 -1.48368 1.60653 1.18249
1.9866 -1.94363 1.47058 -1.48368 1.60653 1.18249
1.98623 -1.94367 1.47033 -1.48368 1.60653 1.18249
1.98587 -1.94372 1.47007 -1.48368 1.60653 1.18249
1.98551 -1.94376 1.46982 -1.48368 1.60653 1.18249
1.98515 -1.94381 1.46957 -1.48368 1.60653 1.18249
1.98479 -1.94385 1.46931 -1.48368 1.60653 1.18249
1.98442 -1.9439 1.46906 -1.48368 1.60653 1.18249
1.98406 -1.94394 1.46881 -1.48368 1.60653 1.18249
1.9837 -1.94399 1.46855 -1.48368 1.60653 1.18249
1.98334 -1.94403 1.4683 -1.48368 1.60653 1.18249
1.98298 -1.94407 1.46805 -1.48368 1.60653 1.18249
1.98262 -1.94412 1.46779 -1.48368 1.60653 1.18249
1.98225 -1.94416 1.46754 -1.48368 1.60653 1.18249
1.98189 -1.94421 1.46729 -1.48368 1.60653 1.18249
1.98153 -1.94425 1.46703 -1.48368 1.60653 1.18249
1.98117 -1.9443 1.46678 -1.48368 1.60653 1.18249
1.98081 -1.94434 1.46652 -1.48368 1.60653 1.18249
1.98045 -1.94439 1.46627 -1.48368 1.60653 1.18249
1.98008 -1.94443 1.46602 -1.48368 1.60653 1.18249
1.97972 -1.94448 1.46576 -1.48368 1.60653 1.18249
1.97936 -1.94452 1.46551 -1.48368 1.60653 1.18249
1.979 -1.94456 1.46526 -1.48368 1.60653 1.18249
1.97864 -1.94461 1.465 -1.48368 1.60653 1.18249
1.97828 -1.94465 1.46475 -1.48368 1.60653 1.18249
1.97791 -1.9447 1.4645 -1.48368 1.60653 1.18249
1.97755 -1.94474 1.46424 -1.48368 1.60653 1.18249
1.97719 -1.94479 1.46399 -1.48368 1.60653 1.18249
1.97683 -1.94483 1.46373 -1.48368 1.60653 1.18249
1.97647 -1.94488 1.46348 -1.48368 1.60653 1.18249
1.9761 -1.94492 1.46323 -1.48368 1.60653 1.18249
1.97574 -1.94497 1.46297 -1.48368 1.60653 1.18249
1.97538 -1.94501 1.46272 -1.48368 1.60653 1.18249
1.97502 -1.94505 1.46247 -1.48368 1.60653 1.18249
1.97466 -1.9451 1.46221 -1.48368 1.60653 1.18249
1.9743 -1.94514 1.46196 -1.48368 1.60653 1.18249
1.97393 -1.94519 1.46171 -1.48368 1.60653 1.18249
1.97357 -1.94523 1.46145 -1.48368 1.60653 1.18249
1.97321 -1.94528 1.4612 -1.48368 1.60653 1.18249
1.97285 -1.94532 1.46095 -1.48368 1.60653 1.18249
1.97249 -1.94537 1.46069 -1.48368 1.60653 1.18249
1.97213 -1.94541 1.46044 -1.48368 1.60653 1.18249
1.97176 -1.94546 1.46018 -1.48368 1.60653 1.18249
1.9714 -1.9455 1.45993 -1.48368 1.60653 1.18249
1.97104 -1.94554 1.45968 -1.48368 1.60653 1.18249
1.97068 -1.94559 1.45942 -1.48368 1.60653 1.18249
1.97032 -1.94563 1.45917 -1.48368 1.60653 1.18249
1.96996 -1.94568 1.45892 -1.48368 1.60653 1.18249
1.96959 -1.94572 1.45866 -1.48368 1.60653 1.18249
1.96923 -1.94577 1.45841 -1.48368 1.60653 1.18249
1.96887 -1.94581 1.45816 -1.48368 1.60653 1.18249
1.96851 -1.94586 1.4579 -1.48368 1.60653 1.18249
1.96815 -1.9459 1.45765 -1.48368 1.60653 1.18249
1.96778 -1.94595 1.45739 -1.48368 1.60653 1.18249
1.96742 -1.94599 1.45714 -1.48368 1.60653 1.18249
1.96706 -1.94603 1.45689 -1.48368 1.60653 1.18249
1.9667 -1.94608 1.45663 -1.48368 1.60653 1.18249
1.96634 -1.94612 1.45638 -1.48368 1.60653 1.18249
1.96598 -1.94617 1.45613 -1.48368 1.60653 1.18249
1.96561 -1.94621 1.45587 -1.48368 1.60653 1.18249
1.96525 -1.94626 1.45562 -1.48368 1.60653 1.18249
1.96489 -1.9463 1.45537 -1.48368 1.60653 1.18249
1.96453 -1.94635 1.45511 -1.48368 1.60653 1.18249
1.96417 -1.94639 1.45486 -1.48368 1.60653 1.18249
1.96381 -1.94644 1.45461 -1.48368 1.60653 1.18249
1.96344 -1.94648 1.45435 -1.48368 1.60653 1.18249
1.96308 -1.94652 1.4541 -1.48368 1.60653 1.18249
1.96272 -1.94657 1.45384 -1.48368 1.60653 1.18249
1.96236 -1.94661 1.45359 -1.48368 1.60653 1.18249
1.962 -1.94666 1.45334 -1.48368 1.60653 1.18249
1.96164 -1.9467 1.45308 -1.48368 1.60653 1.18249
1.96127 -1.94675 1.45283 -1.48368 1.60653 1.18249
1.96091 -1.94679 1.45258 -1.48368 1.60653 1.18249
1.96055 -1.94684 1.45232 -1.48368 1.60653 1.18249
1.96019 -1.94688 1.45207 -1.48368 1.60653 1.18249
1.95983 -1.94693 1.45182 -1.48368 1.60653 1.18249
1.95946 -1.94697 1.45156 -1.48368 1.60653 1.18249
1.9591 -1.94701 1.45131 -1.48368 1.60653 1.18249
1.95874 -1.94706 1.45105 -1.48368 1.60653 1.18249
1.95838 -1.9471 1.4508 -1.48368 1.60653 1.18249
1.95802 -1.94715 1.45055 -1.48368 1.60653 1.18249
1.95766 -1.94719 1.45029 -1.48368 1.60653 1.18249
1.95729 -1.94724 1.45004 -1.48368 1.60653 1.18249
1.95693 -1.94728 1.44979 -1.48368 1.60653 1.18249
1.95657 -1.94733 1.44953 -1.48368 1.60653 1.18249
1.95621 -1.94737 1.44928 -1.48368 1.60653 1.18249
1.95585 -1.94741 1.44903 -1.48368 1.60653 1.18249
1.95549 -1.94746 1.44877 -1.48368 1.60653 1.18249
1.95512 -1.9475 1.44852 -1.48368 1.60653 1.18249
1.95476 -1.94755 1.44827 -1.48368 1.60653 1.18249
1.9544 -1.94759 1.44801 -1.48368 1.60653 1.18249
1.95404 -1.94764 1.44776 -1.48368 1.60653 1.18249
1.95368 -1.94768 1.4475 -1.48368 1.60653 1.18249
1.95332 -1.94773 1.44725 -1.48368 1.60653 1.18249
1.95295 -1.94777 1.447 -1.48368 1.60653 1.18249
1.95259 -1.94782 1.44674 -1.48368 1.60653 1.18249
1.95223 -1.94786 1.44649 -1.48368 1.60653 1.18249
1.95187 -1.9479 1.44624 -1.48368 1.60653 1.18249
1.95151 -1.94795 1.44598 -1.48368 1.60653 1.18249
1.95114 -1.94799 1.44573 -1.48368 1.60653 1.18249
1.95078 -1.94804 1.44548 -1.48368 1.60653 1.18249
1.95042 -1.94808 1.44522 -1.48368 1.60653 1.18249
1.95006 -1.94813 1.44497 -1.48368 1.60653 1.18249
1.9497 -1.94817 1.44471 -1.48368 1.60653 1.18249
1.94934 -1.94822 1.44446 -1.48368 1.60653 1.18249
1.94897 -1.94826 1.44421 -1.48368 1.60653 1.18249
1.94861 -1.94831 1.44395 -1.48368 1.60653 1.18249
1.94825 -1.94835 1.4437 -1.48368 1.60653 1.18249
1.94789 -1.94839 1.44345 -1.48368 1.60653 1.18249
1.94753 -1.94844 1.44319 -1.48368 1.60653 1.18249
1.94717 -1.94848 1.44294 -1.48368 1.60653 1.18249
1.9468 -1.94853 1.44269 -1.48368 1.60653 1.18249
1.94644 -1.94857 1.44243 -1.48368 1.60653 1.18249
1.94608 -1.94862 1.44218 -1.48368 1.60653 1.18249
1.94572 -1.94866 1.44193 -1.48368 1.60653 1.18249
1.94536 -1.94871 1.44167 -1.48368 1.60653 1.18249
1.945 -1.94875 1.44142 -1.48368 1.60653 1.18249
1.94463 -1.9488 1.44116 -1.48368 1.60653 1.18249
1.94427 -1.94884 1.44091 -1.48368 1.60653 1.18249
1.94391 -1.94888 1.44066 -1.48368 1.60653 1.18249
1.94355 -1.94893 1.4404 -1.48368 1.60653 1.18249
1.94319 -1.94897 1.44015 -1.48368 1.60653 1.18249
1.94282 -1.94902 1.4399 -1.48368 1.60653 1.18249
1.94246 -1.94906 1.43964 -1.48368 1.60653 1.18249
1.9421 -1.94911 1.43939 -1.48368 1.60653 1.18249
1.94174 -1.94915 1.43914 -1.48368 1.60653 1.18249
1.94138 -1.9492 1.43888 -1.48368 1.60653 1.18249
1.94102 -1.94924 1.43863 -1.48368 1.60653 1.18249
1.94065 -1.94929 1.43837 -1.48368 1.60653 1.18249
1.94029 -1.94933 1.43812 -1.48368 1.60653 1.18249
1.93993 -1.94937 1.43787 -1.48368 1.60653 1.18249
1.93957 -1.94942 1.43761 -1.48368 1.60653 1.18249
1.93921 -1.94946 1.43736 -1.48368 1.60653 1.18249
1.93885 -1.94951 1.43711 -1.48368 1.60653 1.18249
1.93848 -1.94955 1.43685 -1.48368 1.60653 1.18249
1.93812 -1.9496 1.4366 -1.48368 1.60653 1.18249
1.93776 -1.94964 1.43635 -1.48368 1.60653 1.18249
1.9374 -1.94969 1.43609 -1.48368 1.60653 1.18249
1.93704 -1.94973 1.43584 -1.48368 1.60653 1.18249
1.93668 -1.94978 1.43559 -1.48368 1.60653 1.18249
1.93631 -1.94982 1.43533 -1.48368 1.60653 1.18249
1.93595 -1.94986 1.43508 -1.48368 1.60653 1.18249
1.93559 -1.94991 1.43482 -1.48368 1.60653 1.18249
1.93523 -1.94995 1.43457 -1.48368 1.60653 1.18249
1.93487 -1.95 1.43432 -1.48368 1.60653 1.18249
1.9345 -1.95004 1.43406 -1.48368 1.60653 1.18249
1.93414 -1.95009 1.43381 -1.48368 1.60653 1.18249
1.93378 -1.95013 1.43356 -1.48368 1.60653 1.18249
1.93342 -1.95018 1.4333 -1.48368 1.60653 1.18249
1.93306 -1.95022 1.43305 -1.48368 1.60653 1.18249
1.9327 -1.95027 1.4328 -1.48368 1.60653 1.18249
1.93233 -1.95031 1.43254 -1.48368 1.60653 1.18249
1.93197 -1.95035 1.43229 -1.48368 1.60653 1.18249
1.93161 -1.9504 1.43203 -1.48368 1.60653 1.18249
1.93125 -1.95044 1.43178 -1.48368 1.60653 1.18249
1.93089 -1.95049 1.43153 -1.48368 1.60653 1.18249
1.93053 -1.95053 1.43127 -1.48368 1.60653 1.18249
1.93016 -1.95058 1.43102 -1.48368 1.60653 1.18249
1.9298 -1.95062 1.43077 -1.48368 1.60653 1.18249
1.92944 -1.95067 1.43051 -1.48368 1.60653 1.18249
1.92908 -1.95071 1.43026 -1.48368 1.60653 1.18249
1.92872 -1.95076 1.43001 -1.48368 1.60653 1.18249
1.92835 -1.9508 1.42975 -1.48368 1.60653 1.18249
1.92799 -1.95084 1.4295 -1.48368 1.60653 1.18249
1.92763 -1.95089 1.42925 -1.48368 1.60653 1.18249
1.92727 -1.95093 1.42899 -1.48368 1.60653 1.18249
1.92691 -1.95098 1.42874 -1.48368 1.60653 1.18249
1.92655 -1.95102 1.42848 -1.48368 1.60653 1.18249
1.92618 -1.95107 1.42823 -1.48368 1.60653 1.18249
1.92582 -1.95111 1.42798 -1.48368 1.60653 1.18249
1.92546 -1.95116 1.42772 -1.48368 1.60653 1.18249
1.9251 -1.9512 1.42747 -1.48368 1.60653 1.18249
1.92474 -1.95125 1.42722 -1.48368 1.60653 1.18249
1.92438 -1.95129 1.42696 -1.48368 1.60653 1.18249
1.92401 -1.95133 1.42671 -1.48368 1.60653 1.18249
1.92365 -1.95138 1.42646 -1.48368 1.60653 1.18249
1.92329 -1.95142 1.4262 -1.48368 1.60653 1.18249
1.92293 -1.95147 1.42595 -1.48368 1.60653 1.18249
1.92257 -1.95151 1.42569 -1.48368 1.60653 1.18249
1.92221 -1.95156 1.42544 -1.48368 1.60653 1.18249
1.92184 -1.9516 1.42519 -1.48368 1.60653 1.18249
1.92148 -1.95165 1.42493 -1.48368 1.60653 1.18249
1.92112 -1.95169 1.42468 -1.48368 1.60653 1.18249
1.92076 -1.95174 1.42443 -1.48368 1.60653 1.18249
1.9204 -1.95178 1.42417 -1.48368 1.60653 1.18249
1.92003 -1.95182 1.42392 -1.48368 1.60653 1.18249
1.91967 -1.95187 1.42367 -1.48368 1.60653 1.18249
1.91931 -1.95191 1.42341 -1.48368 1.60653 1.18249
1.91895 -1.95196 1.42316 -1.48368 1.60653 1.18249
1.91859 -1.952 1.42291 -1.48368 1.60653 1.18249
1.91823 -1.95205 1.42265 -1.48368 1.60653 1.18249
1.91786 -1.95209 1.4224 -1.48368 1.60653 1.18249
1.9175 -1.95214 1.42214 -1.48368 1.60653 1.18249
1.91714 -1.95218 1.42189 -1.48368 1.60653 1.18249
1.91678 -1.95223 1.42164 -1.48368 1.60653 1.18249
1.91642 -1.95227 1.42138 -1.48368 1.60653 1.18249
1.91606 -1.95231 1.42113 -1.48368 1.60653 1.18249
1.91569 -1.95236 1.42088 -1.48368 1.60653 1.18249
1.91533 -1.9524 1.42062 -1.48368 1.60653 1.18249
1.91497 -1.95245 1.42037 -1.48368 1.60653 1.18249
1.91461 -1.95249 1.42012 -1.48368 1.60653 1.18249
1.91425 -1.95254 1.41986 -1.48368 1.60653 1.18249
1.91389 -1.95258 1.41961 -1.48368 1.60653 1.18249
1.91352 -1.95263 1.41935 -1.48368 1.60653 1.18249
1.91316 -1.95267 1.4191 -1.48368 1.60653 1.18249
1.9128 -1.95272 1.41885 -1.48368 1.60653 1.18249
1.91244 -1.95276 1.41859 -1.48368 1.60653 1.18249
1.91208 -1.9528 1.41834 -1.48368 1.60653 1.18249
1.91171 -1.95285 1.41809 -1.48368 1.60653 1.18249
1.91135 -1.95289 1.41783 -1.48368 1.60653 1.18249
1.91099 -1.95294 1.41758 -1.48368 1.60653 1.18249
1.91063 -1.95298 1.41733 -1.48368 1.60653 1.18249
1.91027 -1.95303 1.41707 -1.48368 1.60653 1.18249
1.90991 -1.95307 1.41682 -1.48368 1.60653 1.18249
1.90954 -1.95312 1.41656 -1.48368 1.60653 1.18249
1.90918 -1.95316 1.41631 -1.48368 1.60653 1.18249
1.90882 -1.95321 1.41606 -1.48368 1.60653 1.18249
1.90846 -1.95325 1.4158 -1.48368 1.60653 1.18249
1.9081 -1.95329 1.41555 -1.48368 1.60653 1.18249
1.90774 -1.95334 1.4153 -1.48368 1.60653 1.18249
1.90737 -1.95338 1.41504 -1.48368 1.60653 1.18249
1.90701 -1.95343 1.41479 -1.48368 1.60653 1.18249
1.90665 -1.95347 1.41454 -1.48368 1.60653 1.18249
1.90629 -1.95352 1.41428 -1.48368 1.60653 1.18249
1.90593 -1.95356 1.41403 -1.48368 1.60653 1.18249
1.90557 -1.95361 1.41378 -1.48368 1.60653 1.18249
1.9052 -1.95365 1.41352 -1.48368 1.60653 1.18249
1.90484 -1.9537 1.41327 -1.48368 1.60653 1.18249
1.90448 -1.95374 1.41301 -1.48368 1.60653 1.18249
1.90412 -1.95378 1.41276 -1.48368 1.60653 1.18249
1.90376 -1.95383 1.41251 -1.48368 1.60653 1.18249
1.90339 -1.95387 1.41225 -1.48368 1.60653 1.18249
1.90303 -1.95392 1.412 -1.48368 1.60653 1.18249
1.90267 -1.95396 1.41175 -1.48368 1.60653 1.18249
1.90231 -1.95401 1.41149 -1.48368 1.60653 1.18249
1.90195 -1.95405 1.41124 -1.48368 1.60653 1.18249
1.90159 -1.9541 1.41099 -1.48368 1.60653 1.18249
1.90122 -1.95414 1.41073 -1.48368 1.60653 1.18249
1.90086 -1.95419 1.41048 -1.48368 1.60653 1.18249
1.9005 -1.95423 1.41022 -1.48368 1.60653 1.18249
1.90014 -1.95427 1.40997 -1.48368 1.60653 1.18249
1.89978 -1.95432 1.40972 -1.48368 1.60653 1.18249
1.89942 -1.95436 1.40946 -1.48368 1.60653 1.18249
1.89905 -1.95441 1.40921 -1.48368 1.60653 1.18249
1.89869 -1.95445 1.40896 -1.48368 1.60653 1.18249
1.89833 -1.9545 1.4087 -1.48368 1.60653 1.18249
1.89797 -1.95454 1.40845 -1.48368 1.60653 1.18249
1.89761 -1.95459 1.4082 -1.48368 1.60653 1.18249
1.89725 -1.95463 1.40794 -1.48368 1.60653 1.18249
1.89688 -1.95468 1.40769 -1.48368 1.60653 1.18249
1.89652 -1.95472 1.40744 -1.48368 1.60653 1.18249
1.89616 -1.95476 1.40718 -1.48368 1.60653 1.18249
1.8958 -1.95481 1.40693 -1.48368 1.60653 1.18249
1.89544 -1.95485 1.40667 -1.48368 1.60653 1.18249
1.89507 -1.9549 1.40642 -1.48368 1.60653 1.18249
1.89471 -1.95494 1.40617 -1.48368 1.60653 1.18249
1.89435 -1.95499 1.40591 -1.48368 1.60653 1.18249
1.89399 -1.95503 1.40566 -1.48368 1.60653 1.18249
1.89363 -1.95508 1.40541 -1.48368 1.60653 1.18249
1.89327 -1.95512 1.40515 -1.48368 1.60653 1.18249
1.8929 -1.95517 1.4049 -1.48368 1.60653 1.18249
1.89254 -1.95521 1.40465 -1.48368 1.60653 1.18249
1.89218 -1.95525 1.40439 -1.48368 1.60653 1.18249
1.89182 -1.9553 1.40414 -1.48368 1.60653 1.18249
1.89146 -1.95534 1.40388 -1.48368 1.60653 1.18249
1.8911 -1.95539 1.40363 -1.48368 1.60653 1.18249
1.89073 -1.95543 1.40338 -1.48368 1.60653 1.18249
1.89037 -1.95548 1.40312 -1.48368 1.60653 1.18249
1.89001 -1.95552 1.40287 -1.48368 1.60653 1.18249
1.88965 -1.95557 1.40262 -1.48368 1.60653 1.18249
1.88929 -1.95561 1.40236 -1.48368 1.60653 1.18249
1.88893 -1.95566 1.40211 -1.48368 1.60653 1.18249
1.88856 -1.9557 1.40186 -1.48368 1.60653 1.18249
1.8882 -1.95574 1.4016 -1.48368 1.60653 1.18249
1.88784 -1.95579 1.40135 -1.48368 1.60653 1.18249
1.88748 -1.95583 1.4011 -1.48368 1.60653 1.18249
1.88712 -1.95588 1.40084 -1.48368 1.60653 1.18249
1.88675 -1.95592 1.40059 -1.48368 1.60653 1.18249
1.88639 -1.95597 1.40033 -1.48368 1.60653 1.18249
1.88603 -1.95601 1.40008 -1.48368 1.60653 1.18249
1.88567 -1.95606 1.39983 -1.48368 1.60653 1.18249
1.88531 -1.9561 1.39957 -1.48368 1.60653 1.18249
1.88495 -1.95615 1.39932 -1.48368 1.60653 1.18249
1.88458 -1.95619 1.39907 -1.48368 1.60653 1.18249
1.88422 -1.95623 1.39881 -1.48368 1.60653 1.18249
1.88386 -1.95628 1.39856 -1.48368 1.60653 1.18249
1.8835 -1.95632 1.39831 -1.48368 1.60653 1.18249
1.88314 -1.95637 1.39805 -1.48368 1.60653 1.18249
1.88278 -1.95641 1.3978 -1.48368 1.60653 1.18249
1.88241 -1.95646 1.39754 -1.48368 1.60653 1.18249
1.88205 -1.9565 1.39729 -1.48368 1.60653 1.18249
1.88169 -1.95655 1.39704 -1.48368 1.60653 1.18249
1.88133 -1.95659 1.39678 -1.48368 1.60653 1.18249
1.88097 -1.95664 1.39653 -1.48368 1.60653 1.18249
1.88061 -1.95668 1.39628 -1.48368 1.60653 1.18249
1.88024 -1.95672 1.39602 -1.48368 1.60653 1.18249
1.87988 -1.95677 1.39577 -1.48368 1.60653 1.18249
1.87952 -1.95681 1.39552 -1.48368 1.60653 1.18249
1.87916 -1.95686 1.39526 -1.48368 1.60653 1.18249
1.8788 -1.9569 1.39501 -1.48368 1.60653 1.18249
1.87843 -1.95695 1.39476 -1.48368 1.60653 1.18249
1.87807 -1.95699 1.3945 -1.48368 1.60653 1.18249
1.87771 -1.95704 1.39425 -1.48368 1.60653 1.18249
1.87735 -1.95708 1.39399 -1.48368 1.60653 1.18249
1.87699 -1.95713 1.39374 -1.48368 1.60653 1.18249
1.87663 -1.95717 1.39349 -1.48368 1.60653 1.18249
1.87626 -1.95721 1.39323 -1.48368 1.60653 1.18249
1.8759 -1.95726 1.39298 -1.48368 1.60653 1.18249
1.87554 -1.9573 1.39273 -1.48368 1.60653 1.18249
1.87518 -1.95735 1.39247 -1.48368 1.60653 1.18249
1.87482 -1.95739 1.39222 -1.48368 1.60653 1.18249
1.87446 -1.95744 1.39197 -1.48368 1.60653 1.18249
1.87409 -1.95748 1.39171 -1.48368 1.60653 1.18249
1.87373 -1.95753 1.39146 -1.48368 1.60653 1.18249
1.87337 -1.95757 1.3912 -1.48368 1.60653 1.18249
1.87301 -1.95762 1.39095 -1.48368 1.60653 1.18249
1.87265 -1.95766 1.3907 -1.48368 1.60653 1.18249
1.87228 -1.9577 1.39044 -1.48368 1.60653 1.18249
1.87192 -1.95775 1.39019 -1.48368 1.60653 1.18249
1.87156 -1.95779 1.38994 -1.48368 1.60653 1.18249
1.8712 -1.95784 1.38968 -1.48368 1.60653 1.18249
1.87084 -1.95788 1.38943 -1.48368 1.60653 1.18249
1.87048 -1.95793 1.38918 -1.48368 1.60653 1.18249
1.87011 -1.95797 1.38892 -1.48368 1.60653 1.18249
1.86975 -1.95802 1.38867 -1.48368 1.60653 1.18249
1.86939 -1.95806 1.38842 -1.48368 1.60653 1.18249
1.86903 -1.95811 1.38816 -1.48368 1.60653 1.18249
1.86867 -1.95815 1.38791 -1.48368 1.60653 1.18249
1.86831 -1.95819 1.38765 -1.48368 1.60653 1.18249
1.86794 -1.95824 1.3874 -1.48368 1.60653 1.18249
1.86758 -1.95828 1.38715 -1.48368 1.60653 1.18249
1.86722 -1.95833 1.38689 -1.48368 1.60653 1.18249
1.86686 -1.95837 1.38664 -1.48368 1.60653 1.18249
1.8665 -1.95842 1.38639 -1.48368 1.60653 1.18249
1.86614 -1.95846 1.38613 -1.48368 1.60653 1.18249
1.86577 -1.95851 1.38588 -1.48368 1.60653 1.18249
1.86541 -1.95855 1.38563 -1.48368 1.60653 1.18249
1.86505 -1.9586 1.38537 -1.48368 1.60653 1.18249
1.86469 -1.95864 1.38512 -1.48368 1.60653 1.18249
1.86433 -1.95868 1.38486 -1.48368 1.60653 1.18249
1.86396 -1.95873 1.38461 -1.48368 1.60653 1.18249
1.8636 -1.95877 1.38436 -1.48368 1.60653 1.18249
1.86324 -1.95882 1.3841 -1.48368 1.60653 1.18249
1.86288 -1.95886 1.38385 -1.48368 1.60653 1.18249
1.86252 -1.95891 1.3836 -1.48368 1.60653 1.18249
1.86216 -1.95895 1.38334 -1.48368 1.60653 1.18249
1.86179 -1.959 1.38309 -1.48368 1.60653 1.18249
1.86143 -1.95904 1.38284 -1.48368 1.60653 1.18249
1.86107 -1.95909 1.38258 -1.48368 1.60653 1.18249
1.86071 -1.95913 1.38233 -1.48368 1.60653 1.18249
1.86035 -1.95917 1.38208 -1.48368 1.60653 1.18249
1.85999 -1.95922 1.38182 -1.48368 1.60653 1.18249
1.85962 -1.95926 1.38157 -1.48368 1.60653 1.18249
1.85926 -1.95931 1.38131 -1.48368 1.60653 1.18249
1.8589 -1.95935 1.38106 -1.48368 1.60653 1.18249
1.85854 -1.9594 1.38081 -1.48368 1.60653 1.18249
1.85818 -1.95944 1.38055 -1.48368 1.60653 1.18249
1.85782 -1.95949 1.3803 -1.48368 1.60653 1.18249
1.85745 -1.95953 1.38005 -1.48368 1.60653 1.18249
1.85709 -1.95958 1.37979 -1.48368 1.60653 1.18249
1.85673 -1.95962 1.37954 -1.48368 1.60653 1.18249
1.85637 -1.95966 1.37929 -1.48368 1.60653 1.18249
1.85601 -1.95971 1.37903 -1.48368 1.60653 1.18249
1.85564 -1.95975 1.37878 -1.48368 1.60653 1.18249
1.85528 -1.9598 1.37852 -1.48368 1.60653 1.18249
1.85492 -1.95984 1.37827 -1.48368 1.60653 1.18249
1.85456 -1.95989 1.37802 -1.48368 1.60653 1.18249
1.8542 -1.95993 1.37776 -1.48368 1.60653 1.18249
1.85384 -1.95998 1.37751 -1.48368 1.60653 1.18249
1.85347 -1.96002 1.37726 -1.48368 1.60653 1.18249
1.85311 -1.96007 1.377 -1.48368 1.60653 1.18249
1.85275 -1.96011 1.37675 -1.48368 1.60653 1.18249
1.85239 -1.96015 1.3765 -1.48368 1.60653 1.18249
1.85203 -1.9602 1.37624 -1.48368 1.60653 1.18249
1.85167 -1.96024 1.37599 -1.48368 1.60653 1.18249
1.8513 -1.96029 1.37574 -1.48368 1.60653 1.18249
1.85094 -1.96033 1.37548 -1.48368 1.60653 1.18249
1.85058 -1.96038 1.37523 -1.48368 1.60653 1.18249
1.85022 -1.96042 1.37497 -1.48368 1.60653 1.18249
1.84986 -1.96047 1.37472 -1.48368 1.60653 1.18249
1.8495 -1.96051 1.37447 -1.48368 1.60653 1.18249
1.84913 -1.96056 1.37421 -1.48368 1.60653 1.18249
1.84877 -1.9606 1.37396 -1.48368 1.60653 1.18249
1.84841 -1.96064 1.37371 -1.48368 1.60653 1.18249
1.84805 -1.96069 1.37345 -1.48368 1.60653 1.18249
1.84769 -1.96073 1.3732 -1.48368 1.60653 1.18249
1.84732 -1.96078 1.37295 -1.48368 1.60653 1.18249
1.84696 -1.96082 1.37269 -1.48368 1.60653 1.18249
1.8466 -1.96087 1.37244 -1.48368 1.60653 1.18249
1.84624 -1.96091 1.37218 -1.48368 1.60653 1.18249
1.84588 -1.96096 1.37193 -1.48368 1.60653 1.18249
1.84552 -1.961 1.37168 -1.48368 1.60653 1.18249
1.84515 -1.96105 1.37142 -1.48368 1.60653 1.18249
1.84479 -1.96109 1.37117 -1.48368 1.60653 1.18249
1.84443 -1.96113 1.37092 -1.48368 1.60653 1.18249
1.84407 -1.96118 1.37066 -1.48368 1.60653 1.18249
1.84371 -1.96122 1.37041 -1.48368 1.60653 1.18249
1.84335 -1.96127 1.37016 -1.48368 1.60653 1.18249
1.84298 -1.96131 1.3699 -1.48368 1.60653 1.18249
1.84262 -1.96136 1.36965 -1.48368 1.60653 1.18249
1.84226 -1.9614 1.3694 -1.48368 1.60653 1.18249
1.8419 -1.96145 1.36914 -1.48368 1.60653 1.18249
1.84154 -1.96149 1.36889 -1.48368 1.60653 1.18249
1.84118 -1.96154 1.36863 -1.48368 1.60653 1.18249
1.84081 -1.96158 1.36838 -1.48368 1.60653 1.18249
1.84045 -1.96162 1.36813 -1.48368 1.60653 1.18249
1.84009 -1.96167 1.36787 -1.48368 1.60653 1.18249
1.83973 -1.96171 1.36762 -1.48368 1.60653 1.18249
1.83937 -1.96176 1.36737 -1.48368 1.60653 1.18249
1.839 -1.9618 1.36711 -1.48368 1.60653 1.18249
1.83864 -1.96185 1.36686 -1.48368 1.60653 1.18249
1.83828 -1.96189 1.36661 -1.48368 1.60653 1.18249
1.83792 -1.96194 1.36635 -1.48368 1.60653 1.18249
1.83756 -1.96198 1.3661 -1.48368 1.60653 1.18249
1.8372 -1.96203 1.36584 -1.48368 1.60653 1.18249
1.83683 -1.96207 1.36559 -1.48368 1.60653 1.18249
1.83647 -1.96211 1.36534 -1.48368 1.60653 1.18249
1.83611 -1.96216 1.36508 -1.48368 1.60653 1.18249
1.83575 -1.9622 1.36483 -1.48368 1.60653 1.18249
1.83539 -1.96225 1.36458 -1.48368 1.60653 1.18249
1.83503 -1.96229 1.36432 -1.48368 1.60653 1.18249
1.83466 -1.96234 1.36407 -1.48368 1.60653 1.18249
1.8343 -1.96238 1.36382 -1.48368 1.60653 1.18249
1.83394 -1.96243 1.36356 -1.48368 1.60653 1.18249
1.83358 -1.96247 1.36331 -1.48368 1.60653 1.18249
1.83322 -1.96252 1.36306 -1.48368 1.60653 1.18249
1.83286 -1.96256 1.3628 -1.48368 1.60653 1.18249
1.83249 -1.9626 1.36255 -1.48368 1.60653 1.18249
1.83213 -1.96265 1.36229 -1.48368 1.60653 1.18249
1.83177 -1.96269 1.36204 -1.48368 1.60653 1.18249
1.83141 -1.96274 1.36179 -1.48368 1.60653 1.18249
1.83105 -1.96278 1.36153 -1.48368 1.60653 1.18249
1.83068 -1.96283 1.36128 -1.48368 1.60653 1.18249
1.83032 -1.96287 1.36103 -1.48368 1.60653 1.18249
1.82996 -1.96292 1.36077 -1.48368 1.60653 1.18249
1.8296 -1.96296 1.36052 -1.48368 1.60653 1.18249
1.82924 -1.96301 1.36027 -1.48368 1.60653 1.18249
1.82888 -1.96305 1.36001 -1.48368 1.60653 1.18249
1.82851 -1.96309 1.35976 -1.48368 1.60653 1.18249
1.82815 -1.96314 1.3595 -1.48368 1.60653 1.18249
1.82779 -1.96318 1.35925 -1.48368 1.60653 1.18249
1.82743 -1.96323 1.359 -1.48368 1.60653 1.18249
1.82707 -1.96327 1.35874 -1.48368 1.60653 1.18249
1.82671 -1.96332 1.35849 -1.48368 1.60653 1.18249
1.82634 -1.96336 1.35824 -1.48368 1.60653 1.18249
1.82598 -1.96341 1.35798 -1.48368 1.60653 1.18249
1.82562 -1.96345 1.35773 -1.48368 1.60653 1.18249
1.82526 -1.9635 1.35748 -1.48368 1.60653 1.18249
1.8249 -1.96354 1.35722 -1.48368 1.60653 1.18249
1.82454 -1.96358 1.35697 -1.48368 1.60653 1.18249
1.82417 -1.96363 1.35672 -1.48368 1.60653 1.18249
1.82381 -1.96367 1.35646 -1.48368 1.60653 1.18249
1.82345 -1.96372 1.35621 -1.48368 1.60653 1.18249
1.82309 -1.96376 1.35595 -1.48368 1.60653 1.18249
1.82273 -1.96381 1.3557 -1.48368 1.60653 1.18249
1.82236 -1.96385 1.35545 -1.48368 1.60653 1.18249
1.822 -1.9639 1.35519 -1.48368 1.60653 1.18249
1.82164 -1.96394 1.35494 -1.48368 1.60653 1.18249
1.82128 -1.96399 1.35469 -1.48368 1.60653 1.18249
1.82092 -1.96403 1.35443 -1.48368 1.60653 1.18249
1.82056 -1.96407 1.35418 -1.48368 1.60653 1.18249
1.82019 -1.96412 1.35393 -1.48368 1.60653 1.18249
1.81983 -1.96416 1.35367 -1.48368 1.60653 1.18249
1.81947 -1.96421 1.35342 -1.48368 1.60653 1.18249
1.81911 -1.96425 1.35316 -1.48368 1.60653 1.18249
1.81875 -1.9643 1.35291 -1.48368 1.60653 1.18249
1.81839 -1.96434 1.35266 -1.48368 1.60653 1.18249
1.81802 -1.96439 1.3524 -1.48368 1.60653 1.18249
1.81766 -1.96443 1.35215 -1.48368 1.60653 1.18249
1.8173 -1.96448 1.3519 -1.48368 1.60653 1.18249
1.81694 -1.96452 1.35164 -1.48368 1.60653 1.18249
1.81658 -1.96456 1.35139 -1.48368 1.60653 1.18249
1.81621 -1.96461 1.35114 -1.48368 1.60653 1.18249
1.81585 -1.96465 1.35088 -1.48368 1.60653 1.18249
1.81549 -1.9647 1.35063 -1.48368 1.60653 1.18249
1.81513 -1.96474 1.35038 -1.48368 1.60653 1.18249
1.81477 -1.96479 1.35012 -1.48368 1.60653 1.18249
1.81441 -1.96483 1.34987 -1.48368 1.60653 1.18249
1.81404 -1.96488 1.34961 -1.48368 1.60653 1.18249
1.81368 -1.96492 1.34936 -1.48368 1.60653 1.18249
1.81332 -1.96497 1.34911 -1.48368 1.60653 1.18249
1.81296 -1.96501 1.34885 -1.48368 1.60653 1.18249
1.8126 -1.96505 1.3486 -1.48368 1.60653 1.18249
1.81224 -1.9651 1.34835 -1.48368 1.60653 1.18249
1.81187 -1.96514 1.34809 -1.48368 1.60653 1.18249
1.81151 -1.96519 1.34784 -1.48368 1.60653 1.18249
1.81115 -1.96523 1.34759 -1.48368 1.60653 1.18249
1.81079 -1.96528 1.34733 -1.48368 1.60653 1.18249
1.81043 -1.96532 1.34708 -1.48368 1.60653 1.18249
1.81007 -1.96537 1.34682 -1.48368 1.60653 1.18249
1.8097 -1.96541 1.34657 -1.48368 1.60653 1.18249
1.80934 -1.96546 1.34632 -1.48368 1.60653 1.18249
1.80898 -1.9655 1.34606 -1.48368 1.60653 1.18249
1.80862 -1.96554 1.34581 -1.48368 1.60653 1.18249
1.80826 -1.96559 1.34556 -1.48368 1.60653 1.18249
1.80789 -1.96563 1.3453 -1.48368 1.60653 1.18249
1.80753 -1.96568 1.34505 -1.48368 1.60653 1.18249
1.80717 -1.96572 1.3448 -1.48368 1.60653 1.18249
1.80681 -1.96577 1.34454 -1.48368 1.60653 1.18249
1.80645 -1.96581 1.34429 -1.48368 1.60653 1.18249
1.80609 -1.96586 1.34404 -1.48368 1.60653 1.18249
1.80572 -1.9659 1.34378 -1.48368 1.60653 1.18249
1.80536 -1.96595 1.34353 -1.48368 1.60653 1.18249
1.805 -1.96599 1.34327 -1.48368 1.60653 1.18249
1.80464 -1.96603 1.34302 -1.48368 1.60653 1.18249
1.80428 -1.96608 1.34277 -1.48368 1.60653 1.18249
1.80392 -1.96612 1.34251 -1.48368 1.60653 1.18249
1.80355 -1.96617 1.34226 -1.48368 1.60653 1.18249
1.80319 -1.96621 1.34201 -1.48368 1.60653 1.18249
1.80283 -1.96626 1.34175 -1.48368 1.60653 1.18249
1.80247 -1.9663 1.3415 -1.48368 1.60653 1.18249
1.80211 -1.96635 1.34125 -1.48368 1.60653 1.18249
1.80175 -1.96639 1.34099 -1.48368 1.60653 1.18249
1.80138 -1.96644 1.34074 -1.48368 1.60653 1.18249
1.80102 -1.96648 1.34048 -1.48368 1.60653 1.18249
1.80066 -1.96652 1.34023 -1.48368 1.60653 1.18249
1.8003 -1.96657 1.33998 -1.48368 1.60653 1.18249
1.79994 -1.96661 1.33972 -1.48368 1.60653 1.18249
1.79957 -1.96666 1.33947 -1.48368 1.60653 1.18249
1.79921 -1.9667 1.33922 -1.48368 1.60653 1.18249
1.79885 -1.96675 1.33896 -1.48368 1.60653 1.18249
1.79849 -1.96679 1.33871 -1.48368 1.60653 1.18249
1.79813 -1.96684 1.33846 -1.48368 1.60653 1.18249
1.79777 -1.96688 1.3382 -1.48368 1.60653 1.18249
1.7974 -1.96693 1.33795 -1.48368 1.60653 1.18249
1.79704 -1.96697 1.3377 -1.48368 1.60653 1.18249
1.79668 -1.96701 1.33744 -1.48368 1.60653 1.18249
1.79632 -1.96706 1.33719 -1.48368 1.60653 1.18249
1.79596 -1.9671 1.33693 -1.48368 1.60653 1.18249
1.7956 -1.96715 1.33668 -1.48368 1.60653 1.18249
1.79523 -1.96719 1.33643 -1.48368 1.60653 1.18249
1.79487 -1.96724 1.33617 -1.48368 1.60653 1.18249
1.79451 -1.96728 1.33592 -1.48368 1.60653 1.18249
1.79415 -1.96733 1.33567 -1.48368 1.60653 1.18249
1.79379 -1.96737 1.33541 -1.48368 1.60653 1.18249
1.79343 -1.96742 1.33516 -1.48368 1.60653 1.18249
1.79306 -1.96746 1.33491 -1.48368 1.60653 1.18249
1.7927 -1.9675 1.33465 -1.48368 1.60653 1.18249
1.79234 -1.96755 1.3344 -1.48368 1.60653 1.18249
1.79198 -1.96759 1.33414 -1.48368 1.60653 1.18249
1.79162 -1.96764 1.33389 -1.48368 1.60653 1.18249
1.79125 -1.96768 1.33364 -1.48368 1.60653 1.18249
1.79089 -1.96773 1.33338 -1.48368 1.60653 1.18249
1.79053 -1.96777 1.33313 -1.48368 1.60653 1.18249
1.79017 -1.96782 1.33288 -1.48368 1.60653 1.18249
1.78981 -1.96786 1.33262 -1.48368 1.60653 1.18249
1.78945 -1.96791 1.33237 -1.48368 1.60653 1.18249
1.78908 -1.96795 1.33212 -1.48368 1.60653 1.18249
1.78872 -1.96799 1.33186 -1.48368 1.60653 1.18249
1.78836 -1.96804 1.33161 -1.48368 1.60653 1.18249
1.788 -1.96808 1.33135 -1.48368 1.60653 1.18249
1.78764 -1.96813 1.3311 -1.48368 1.60653 1.18249
1.78728 -1.96817 1.33085 -1.48368 1.60653 1.18249
1.78691 -1.96822 1.33059 -1.48368 1.60653 1.18249
1.78655 -1.96826 1.33034 -1.48368 1.60653 1.18249
1.78619 -1.96831 1.33009 -1.48368 1.60653 1.18249
1.78583 -1.96835 1.32983 -1.48368 1.60653 1.18249
1.78547 -1.9684 1.32958 -1.48368 1.60653 1.18249
1.78511 -1.96844 1.32933 -1.48368 1.60653 1.18249
1.78474 -1.96848 1.32907 -1.48368 1.60653 1.18249
1.78438 -1.96853 1.32882 -1.48368 1.60653 1.18249
1.78402 -1.96857 1.32857 -1.48368 1.60653 1.18249
1.78366 -1.96862 1.32831 -1.48368 1.60653 1.18249
1.7833 -1.96866 1.32806 -1.48368 1.60653 1.18249
1.78293 -1.96871 1.3278 -1.48368 1.60653 1.18249
1.78257 -1.96875 1.32755 -1.48368 1.60653 1.18249
1.78221 -1.9688 1.3273 -1.48368 1.60653 1.18249
1.78185 -1.96884 1.32704 -1.48368 1.60653 1.18249
1.78149 -1.96889 1.32679 -1.48368 1.60653 1.18249
1.78113 -1.96893 1.32654 -1.48368 1.60653 1.18249
1.78076 -1.96897 1.32628 -1.48368 1.60653 1.18249
1.7804 -1.96902 1.32603 -1.48368 1.60653 1.18249
1.78004 -1.96906 1.32578 -1.48368 1.60653 1.18249
1.77968 -1.96911 1.32552 -1.48368 1.60653 1.18249
1.77932 -1.96915 1.32527 -1.48368 1.60653 1.18249
1.77896 -1.9692 1.32501 -1.48368 1.60653 1.18249
1.77859 -1.96924 1.32476 -1.48368 1.60653 1.18249
1.77823 -1.96929 1.32451 -1.48368 1.60653 1.18249
1.77787 -1.96933 1.32425 -1.48368 1.60653 1.18249
1.77751 -1.96938 1.324 -1.48368 1.60653 1.18249
1.77715 -1.96942 1.32375 -1.48368 1.60653 1.18249
1.77679 -1.96946 1.32349 -1.48368 1.60653 1.18249
1.77642 -1.96951 1.32324 -1.48368 1.60653 1.18249
1.77606 -1.96955 1.32299 -1.48368 1.60653 1.18249
1.7757 -1.9696 1.32273 -1.48368 1.60653 1.18249
1.77534 -1.96964 1.32248 -1.48368 1.60653 1.18249
1.77498 -1.96969 1.32223 -1.48368 1.60653 1.18249
1.77461 -1.96973 1.32197 -1.48368 1.60653 1.18249
1.77425 -1.96978 1.32172 -1.48368 1.60653 1.18249
1.77389 -1.96982 1.32146 -1.48368 1.60653 1.18249
1.77353 -1.96987 1.32121 -1.48368 1.60653 1.18249
1.77317 -1.96991 1.32096 -1.48368 1.60653 1.18249
1.77281 -1.96995 1.3207 -1.48368 1.60653 1.18249
1.77244 -1.97 1.32045 -1.48368 1.60653 1.18249
1.77208 -1.97004 1.3202 -1.48368 1.60653 1.18249
1.77172 -1.97009 1.31994 -1.48368 1.60653 1.18249
1.77136 -1.97013 1.31969 -1.48368 1.60653 1.18249
1.771 -1.97018 1.31944 -1.48368 1.60653 1.18249
1.77064 -1.97022 1.31918 -1.48368 1.60653 1.18249
1.77027 -1.97027 1.31893 -1.48368 1.60653 1.18249
1.76991 -1.97031 1.31867 -1.48368 1.60653 1.18249
1.76955 -1.97036 1.31842 -1.48368 1.60653 1.18249
1.76919 -1.9704 1.31817 -1.48368 1.60653 1.18249
1.76883 -1.97044 1.31791 -1.48368 1.60653 1.18249
1.76847 -1.97049 1.31766 -1.48368 1.60653 1.18249
1.7681 -1.97053 1.31741 -1.48368 1.60653 1.18249
1.76774 -1.97058 1.31715 -1.48368 1.60653 1.18249
1.76738 -1.97062 1.3169 -1.48368 1.60653 1.18249
1.76702 -1.97067 1.31665 -1.48368 1.60653 1.18249
1.76666 -1.97071 1.31639 -1.48368 1.60653 1.18249
1.76629 -1.97076 1.31614 -1.48368 1.60653 1.18249
1.76593 -1.9708 1.31589 -1.48368 1.60653 1.18249
1.76557 -1.97085 1.31563 -1.48368 1.60653 1.18249
1.76521 -1.97089 1.31538 -1.48368 1.60653 1.18249
1.76485 -1.97093 1.31512 -1.48368 1.60653 1.18249
1.76449 -1.97098 1.31487 -1.48368 1.60653 1.18249
1.76412 -1.97102 1.31462 -1.48368 1.60653 1.18249
1.76376 -1.97107 1.31436 -1.48368 1.60653 1.18249
1.7634 -1.97111 1.31411 -1.48368 1.60653 1.18249
1.76304 -1.97116 1.31386 -1.48368 1.60653 1.18249
1.76268 -1.9712 1.3136 -1.48368 1.60653 1.18249
1.76232 -1.97125 1.31335 -1.48368 1.60653 1.18249
1.76195 -1.97129 1.3131 -1.48368 1.60653 1.18249
1.76159 -1.97134 1.31284 -1.48368 1.60653 1.18249
1.76123 -1.97138 1.31259 -1.48368 1.60653 1.18249
1.76087 -1.97142 1.31233 -1.48368 1.60653 1.18249
1.76051 -1.97147 1.31208 -1.48368 1.60653 1.18249
1.76015 -1.97151 1.31183 -1.48368 1.60653 1.18249
1.75978 -1.97156 1.31157 -1.48368 1.60653 1.18249
1.75942 -1.9716 1.31132 -1.48368 1.60653 1.18249
1.75906 -1.97165 1.31107 -1.48368 1.60653 1.18249
1.7587 -1.97169 1.31081 -1.48368 1.60653 1.18249
1.75834 -1.97174 1.31056 -1.48368 1.60653 1.18249
1.75797 -1.97178 1.31031 -1.48368 1.60653 1.18249
1.75761 -1.97183 1.31005 -1.48368 1.60653 1.18249
1.75725 -1.97187 1.3098 -1.48368 1.60653 1.18249
1.75689 -1.97191 1.30955 -1.48368 1.60653 1.18249
1.75653 -1.97196 1.30929 -1.48368 1.60653 1.18249
1.75617 -1.972 1.30904 -1.48368 1.60653 1.18249
1.7558 -1.97205 1.30878 -1.48368 1.60653 1.18249
1.75544 -1.97209 1.30853 -1.48368 1.60653 1.18249
1.75508 -1.97214 1.30828 -1.48368 1.60653 1.18249
1.75472 -1.97218 1.30802 -1.48368 1.60653 1.18249
1.75436 -1.97223 1.30777 -1.48368 1.60653 1.18249
1.754 -1.97227 1.30752 -1.48368 1.60653 1.18249
1.75363 -1.97232 1.30726 -1.48368 1.60653 1.18249
1.75327 -1.97236 1.30701 -1.48368 1.60653 1.18249
1.75291 -1.9724 1.30676 -1.48368 1.60653 1.18249
1.75255 -1.97245 1.3065 -1.48368 1.60653 1.18249
1.75219 -1.97249 1.30625 -1.48368 1.60653 1.18249
1.75182 -1.97254 1.30599 -1.48368 1.60653 1.18249
1.75146 -1.97258 1.30574 -1.48368 1.60653 1.18249
1.7511 -1.97263 1.30549 -1.48368 1.60653 1.18249
1.75074 -1.97267 1.30523 -1.48368 1.60653 1.18249
1.75038 -1.97272 1.30498 -1.48368 1.60653 1.18249
1.75002 -1.97276 1.30473 -1.48368 1.60653 1.18249
1.74965 -1.97281 1.30447 -1.48368 1.60653 1.18249
1.74929 -1.97285 1.30422 -1.48368 1.60653 1.18249
1.74893 -1.97289 1.30397 -1.48368 1.60653 1.18249
1.74857 -1.97294 1.30371 -1.48368 1.60653 1.18249
1.74821 -1.97298 1.30346 -1.48368 1.60653 1.18249
1.74785 -1.97303 1.30321 -1.48368 1.60653 1.18249
1.74748 -1.97307 1.30295 -1.48368 1.60653 1.18249
1.74712 -1.97312 1.3027 -1.48368 1.60653 1.18249
1.74676 -1.97316 1.30244 -1.48368 1.60653 1.18249
1.7464 -1.97321 1.30219 -1.48368 1.60653 1.18249
1.74604 -1.97325 1.30194 -1.48368 1.60653 1.18249
1.74568 -1.97329 1.30168 -1.48368 1.60653 1.18249
1.74531 -1.97334 1.30143 -1.48368 1.60653 1.18249
1.74495 -1.97338 1.30118 -1.48368 1.60653 1.18249
1.74459 -1.97343 1.30092 -1.48368 1.60653 1.18249
1.74423 -1.97347 1.30067 -1.48368 1.60653 1.18249
1.74387 -1.97352 1.30042 -1.48368 1.60653 1.18249
1.7435 -1.97356 1.30016 -1.48368 1.60653 1.18249
1.74314 -1.97361 1.29991 -1.48368 1.60653 1.18249
1.74278 -1.97365 1.29965 -1.48368 1.60653 1.18249
1.74242 -1.9737 1.2994 -1.48368 1.60653 1.18249
1.74206 -1.97374 1.29915 -1.48368 1.60653 1.18249
1.7417 -1.97378 1.29889 -1.48368 1.60653 1.18249
1.74133 -1.97383 1.29864 -1.48368 1.60653 1.18249
1.74097 -1.97387 1.29839 -1.48368 1.60653 1.18249
1.74061 -1.97392 1.29813 -1.48368 1.60653 1.18249
1.74025 -1.97396 1.29788 -1.48368 1.60653 1.18249
1.73989 -1.97401 1.29763 -1.48368 1.60653 1.18249
1.73953 -1.97405 1.29737 -1.48368 1.60653 1.18249
1.73916 -1.9741 1.29712 -1.48368 1.60653 1.18249
1.7388 -1.97414 1.29687 -1.48368 1.60653 1.18249
1.73844 -1.97419 1.29661 -1.48368 1.60653 1.18249
1.73808 -1.97423 1.29636 -1.48368 1.60653 1.18249
1.73772 -1.97427 1.2961 -1.48368 1.60653 1.18249
1.73736 -1.97432 1.29585 -1.48368 1.60653 1.18249
1.73699 -1.97436 1.2956 -1.48368 1.60653 1.18249
1.73663 -1.97441 1.29534 -1.48368 1.60653 1.18249
1.73627 -1.97445 1.29509 -1.48368 1.60653 1.18249
1.73591 -1.9745 1.29484 -1.48368 1.60653 1.18249
1.73555 -1.97454 1.29458 -1.48368 1.60653 1.18249
1.73518 -1.97459 1.29433 -1.48368 1.60653 1.18249
1.73482 -1.97463 1.29408 -1.48368 1.60653 1.18249
1.73446 -1.97468 1.29382 -1.48368 1.60653 1.18249
1.7341 -1.97472 1.29357 -1.48368 1.60653 1.18249
1.73374 -1.97476 1.29331 -1.48368 1.60653 1.18249
1.73338 -1.97481 1.29306 -1.48368 1.60653 1.18249
1.73301 -1.97485 1.29281 -1.48368 1.60653 1.18249
1.73265 -1.9749 1.29255 -1.48368 1.60653 1.18249
1.73229 -1.97494 1.2923 -1.48368 1.60653 1.18249
1.73193 -1.97499 1.29205 -1.48368 1.60653 1.18249
1.73157 -1.97503 1.29179 -1.48368 1.60653 1.18249
1.73121 -1.97508 1.29154 -1.48368 1.60653 1.18249
1.73084 -1.97512 1.29129 -1.48368 1.60653 1.18249
1.73048 -1.97517 1.29103 -1.48368 1.60653 1.18249
1.73012 -1.97521 1.29078 -1.48368 1.60653 1.18249
1.72976 -1.97525 1.29053 -1.48368 1.60653 1.18249
1.7294 -1.9753 1.29027 -1.48368 1.60653 1.18249
1.72904 -1.97534 1.29002 -1.48368 1.60653 1.18249
1.72867 -1.97539 1.28976 -1.48368 1.60653 1.18249
1.72831 -1.97543 1.28951 -1.48368 1.60653 1.18249
1.72795 -1.97548 1.28926 -1.48368 1.60653 1.18249
1.72759 -1.97552 1.289 -1.48368 1.60653 1.18249
1.72723 -1.97557 1.28875 -1.48368 1.60653 1.18249
1.72686 -1.97561 1.2885 -1.48368 1.60653 1.18249
1.7265 -1.97566 1.28824 -1.48368 1.60653 1.18249
1.72614 -1.9757 1.28799 -1.48368 1.60653 1.18249
1.72614 -1.9757 1.28799 -1.48368 1.60653 1.18249
1.72644 -1.97547 1.28797 -1.48396 1.60614 1.18485
1.72673 -1.97524 1.28796 -1.48424 1.60575 1.18721
1.72703 -1.97501 1.28794 -1.48451 1.60536 1.18957
1.72733 -1.97478 1.28793 -1.48479 1.60498 1.19192
1.72763 -1.97455 1.28791 -1.48507 1.60459 1.19428
1.72792 -1.97432 1.28789 -1.48535 1.6042 1.19664
1.72822 -1.97409 1.28788 -1.48563 1.60381 1.199
1.72852 -1.97386 1.28786 -1.48591 1.60342 1.20136
1.72881 -1.97364 1.28785 -1.48618 1.60303 1.20372
1.72911 -1.97341 1.28783 -1.48646 1.60264 1.20608
1.72941 -1.97318 1.28781 -1.48674 1.60226 1.20843
1.72971 -1.97295 1.2878 -1.48702 1.60187 1.21079
1.73 -1.97272 1.28778 -1.4873 1.60148 1.21315
1.7303 -1.97249 1.28777 -1.48757 1.60109 1.21551
1.7306 -1.97226 1.28775 -1.48785 1.6007 1.21787
1.7309 -1.97203 1.28773 -1.48813 1.60031 1.22023
1.73119 -1.9718 1.28772 -1.48841 1.59992 1.22259
1.73149 -1.97157 1.2877 -1.48869 1.59954 1.22494
1.73179 -1.97134 1.28769 -1.48896 1.59915 1.2273
1.73208 -1.97111 1.28767 -1.48924 1.59876 1.22966
1.73238 -1.97088 1.28765 -1.48952 1.59837 1.23202
1.73268 -1.97065 1.28764 -1.4898 1.59798 1.23438
1.73298 -1.97042 1.28762 -1.49008 1.59759 1.23674
1.73327 -1.97019 1.28761 -1.49036 1.5972 1.2391
1.73357 -1.96997 1.28759 -1.49063 1.59682 1.24145
1.73387 -1.96974 1.28757 -1.49091 1.59643 1.24381
1.73416 -1.96951 1.28756 -1.49119 1.59604 1.24617
1.73446 -1.96928 1.28754 -1.49147 1.59565 1.24853
1.73476 -1.96905 1.28753 -1.49175 1.59526 1.25089
1.73506 -1.96882 1.28751 -1.49202 1.59487 1.25325
1.73535 -1.96859 1.28749 -1.4923 1.59448 1.25561
1.73565 -1.96836 1.28748 -1.49258 1.5941 1.25796
1.73595 -1.96813 1.28746 -1.49286 1.59371 1.26032
1.73624 -1.9679 1.28745 -1.49314 1.59332 1.26268
1.73654 -1.96767 1.28743 -1.49342 1.59293 1.26504
1.73684 -1.96744 1.28741 -1.49369 1.59254 1.2674
1.73714 -1.96721 1.2874 -1.49397 1.59215 1.26976
1.73743 -1.96698 1.28738 -1.49425 1.59176 1.27212
1.73773 -1.96675 1.28737 -1.49453 1.59137 1.27447
1.73803 -1.96652 1.28735 -1.49481 1.59099 1.27683
1.73832 -1.9663 1.28733 -1.49508 1.5906 1.27919
1.73862 -1.96607 1.28732 -1.49536 1.59021 1.28155
1.73892 -1.96584 1.2873 -1.49564 1.58982 1.28391
1.73922 -1.96561 1.28729 -1.49592 1.58943 1.28627
1.73951 -1.96538 1.28727 -1.4962 1.58904 1.28862
1.73981 -1.96515 1.28725 -1.49648 1.58865 1.29098
1.74011 -1.96492 1.28724 -1.49675 1.58827 1.29334
1.74041 -1.96469 1.28722 -1.49703 1.58788 1.2957
1.7407 -1.96446 1.28721 -1.49731 1.58749 1.29806
1.741 -1.96423 1.28719 -1.49759 1.5871 1.30042
1.7413 -1.964 1.28717 -1.49787 1.58671 1.30278
1.74159 -1.96377 1.28716 -1.49814 1.58632 1.30513
1.74189 -1.96354 1.28714 -1.49842 1.58593 1.30749
1.74219 -1.96331 1.28713 -1.4987 1.58555 1.30985
1.74249 -1.96308 1.28711 -1.49898 1.58516 1.31221
1.74278 -1.96285 1.28709 -1.49926 1.58477 1.31457
1.74308 -1.96263 1.28708 -1.49953 1.58438 1.31693
1.74338 -1.9624 1.28706 -1.49981 1.58399 1.31929
1.74367 -1.96217 1.28705 -1.50009 1.5836 1.32164
1.74397 -1.96194 1.28703 -1.50037 1.58321 1.324
1.74427 -1.96171 1.28701 -1.50065 1.58283 1.32636
1.74457 -1.96148 1.287 -1.50093 1.58244 1.32872
1.74486 -1.96125 1.28698 -1.5012 1.58205 1.33108
1.74516 -1.96102 1.28697 -1.50148 1.58166 1.33344
1.74546 -1.96079 1.28695 -1.50176 1.58127 1.3358
1.74575 -1.96056 1.28693 -1.50204 1.58088 1.33815
1.74605 -1.96033 1.28692 -1.50232 1.58049 1.34051
1.74635 -1.9601 1.2869 -1.50259 1.58011 1.34287
1.74665 -1.95987 1.28689 -1.50287 1.57972 1.34523
1.74694 -1.95964 1.28687 -1.50315 1.57933 1.34759
1.74724 -1.95941 1.28685 -1.50343 1.57894 1.34995
1.74754 -1.95918 1.28684 -1.50371 1.57855 1.35231
1.74783 -1.95896 1.28682 -1.50399 1.57816 1.35466
1.74813 -1.95873 1.28681 -1.50426 1.57777 1.35702
1.74843 -1.9585 1.28679 -1.50454 1.57739 1.35938
1.74873 -1.95827 1.28678 -1.50482 1.577 1.36174
1.74902 -1.95804 1.28676 -1.5051 1.57661 1.3641
1.74932 -1.95781 1.28674 -1.50538 1.57622 1.36646
1.74962 -1.95758 1.28673 -1.50565 1.57583 1.36882
1.74992 -1.95735 1.28671 -1.50593 1.57544 1.37117
1.75021 -1.95712 1.2867 -1.50621 1.57505 1.37353
1.75051 -1.95689 1.28668 -1.50649 1.57467 1.37589
1.75081 -1.95666 1.28666 -1.50677 1.57428 1.37825
1.7511 -1.95643 1.28665 -1.50705 1.57389 1.38061
1.7514 -1.9562 1.28663 -1.50732 1.5735 1.38297
1.7517 -1.95597 1.28662 -1.5076 1.57311 1.38533
1.752 -1.95574 1.2866 -1.50788 1.57272 1.38768
1.75229 -1.95551 1.28658 -1.50816 1.57233 1.39004
1.75259 -1.95529 1.28657 -1.50844 1.57195 1.3924
1.75289 -1.95506 1.28655 -1.50871 1.57156 1.39476
1.75318 -1.95483 1.28654 -1.50899 1.57117 1.39712
1.75348 -1.9546 1.28652 -1.50927 1.57078 1.39948
1.75378 -1.95437 1.2865 -1.50955 1.57039 1.40184
1.75408 -1.95414 1.28649 -1.50983 1.57 1.40419
1.75437 -1.95391 1.28647 -1.5101 1.56961 1.40655
1.75467 -1.95368 1.28646 -1.51038 1.56923 1.40891
1.75497 -1.95345 1.28644 -1.51066 1.56884 1.41127
1.75526 -1.95322 1.28642 -1.51094 1.56845 1.41363
1.75556 -1.95299 1.28641 -1.51122 1.56806 1.41599
1.75586 -1.95276 1.28639 -1.5115 1.56767 1.41835
1.75616 -1.95253 1.28638 -1.51177 1.56728 1.4207
1.75645 -1.9523 1.28636 -1.51205 1.56689 1.42306
1.75675 -1.95207 1.28634 -1.51233 1.56651 1.42542
1.75705 -1.95184 1.28633 -1.51261 1.56612 1.42778
1.75735 -1.95161 1.28631 -1.51289 1.56573 1.43014
1.75764 -1.95139 1.2863 -1.51316 1.56534 1.4325
1.75794 -1.95116 1.28628 -1.51344 1.56495 1.43486
1.75824 -1.95093 1.28626 -1.51372 1.56456 1.43721
1.75853 -1.9507 1.28625 -1.514 1.56417 1.43957
1.75883 -1.95047 1.28623 -1.51428 1.56379 1.44193
1.75913 -1.95024 1.28622 -1.51456 1.5634 1.44429
1.75943 -1.95001 1.2862 -1.51483 1.56301 1.44665
1.75972 -1.94978 1.28618 -1.51511 1.56262 1.44901
1.76002 -1.94955 1.28617 -1.51539 1.56223 1.45137
1.76032 -1.94932 1.28615 -1.51567 1.56184 1.45372
1.76061 -1.94909 1.28614 -1.51595 1.56145 1.45608
1.76091 -1.94886 1.28612 -1.51622 1.56106 1.45844
1.76121 -1.94863 1.2861 -1.5165 1.56068 1.4608
1.76151 -1.9484 1.28609 -1.51678 1.56029 1.46316
1.7618 -1.94817 1.28607 -1.51706 1.5599 1.46552
1.7621 -1.94794 1.28606 -1.51734 1.55951 1.46787
1.7624 -1.94772 1.28604 -1.51761 1.55912 1.47023
1.76269 -1.94749 1.28602 -1.51789 1.55873 1.47259
1.76299 -1.94726 1.28601 -1.51817 1.55834 1.47495
1.76329 -1.94703 1.28599 -1.51845 1.55796 1.47731
1.76359 -1.9468 1.28598 -1.51873 1.55757 1.47967
1.76388 -1.94657 1.28596 -1.51901 1.55718 1.48203
1.76418 -1.94634 1.28594 -1.51928 1.55679 1.48438
1.76448 -1.94611 1.28593 -1.51956 1.5564 1.48674
1.76477 -1.94588 1.28591 -1.51984 1.55601 1.4891
1.76507 -1.94565 1.2859 -1.52012 1.55562 1.49146
1.76537 -1.94542 1.28588 -1.5204 1.55524 1.49382
1.76567 -1.94519 1.28586 -1.52067 1.55485 1.49618
1.76596 -1.94496 1.28585 -1.52095 1.55446 1.49854
1.76626 -1.94473 1.28583 -1.52123 1.55407 1.50089
1.76656 -1.9445 1.28582 -1.52151 1.55368 1.50325
1.76686 -1.94427 1.2858 -1.52179 1.55329 1.50561
1.76715 -1.94405 1.28578 -1.52207 1.5529 1.50797
1.76745 -1.94382 1.28577 -1.52234 1.55252 1.51033
1.76775 -1.94359 1.28575 -1.52262 1.55213 1.51269
1.76804 -1.94336 1.28574 -1.5229 1.55174 1.51505
1.76834 -1.94313 1.28572 -1.52318 1.55135 1.5174
1.76864 -1.9429 1.2857 -1.52346 1.55096 1.51976
1.76894 -1.94267 1.28569 -1.52373 1.55057 1.52212
1.76923 -1.94244 1.28567 -1.52401 1.55018 1.52448
1.76953 -1.94221 1.28566 -1.52429 1.5498 1.52684
1.76983 -1.94198 1.28564 -1.52457 1.54941 1.5292
1.77012 -1.94175 1.28562 -1.52485 1.54902 1.53156
1.77042 -1.94152 1.28561 -1.52513 1.54863 1.53391
1.77072 -1.94129 1.28559 -1.5254 1.54824 1.53627
1.77102 -1.94106 1.28558 -1.52568 1.54785 1.53863
1.77131 -1.94083 1.28556 -1.52596 1.54746 1.54099
1.77161 -1.9406 1.28554 -1.52624 1.54708 1.54335
1.77191 -1.94038 1.28553 -1.52652 1.54669 1.54571
1.7722 -1.94015 1.28551 -1.52679 1.5463 1.54807
1.7725 -1.93992 1.2855 -1.52707 1.54591 1.55042
1.7728 -1.93969 1.28548 -1.52735 1.54552 1.55278
1.7731 -1.93946 1.28546 -1.52763 1.54513 1.55514
1.77339 -1.93923 1.28545 -1.52791 1.54474 1.5575
1.77369 -1.939 1.28543 -1.52818 1.54436 1.55986
1.77399 -1.93877 1.28542 -1.52846 1.54397 1.56222
1.77428 -1.93854 1.2854 -1.52874 1.54358 1.56458
1.77458 -1.93831 1.28538 -1.52902 1.54319 1.56693
1.77488 -1.93808 1.28537 -1.5293 1.5428 1.56929
1.77518 -1.93785 1.28535 -1.52958 1.54241 1.57165
1.77547 -1.93762 1.28534 -1.52985 1.54202 1.57401
1.77577 -1.93739 1.28532 -1.53013 1.54164 1.57637
1.77607 -1.93716 1.2853 -1.53041 1.54125 1.57873
1.77637 -1.93693 1.28529 -1.53069 1.54086 1.58109
1.77666 -1.93671 1.28527 -1.53097 1.54047 1.58344
1.77696 -1.93648 1.28526 -1.53124 1.54008 1.5858
1.77726 -1.93625 1.28524 -1.53152 1.53969 1.58816
1.77755 -1.93602 1.28522 -1.5318 1.5393 1.59052
1.77785 -1.93579 1.28521 -1.53208 1.53892 1.59288
1.77815 -1.93556 1.28519 -1.53236 1.53853 1.59524
1.77845 -1.93533 1.28518 -1.53264 1.53814 1.5976
1.77874 -1.9351 1.28516 -1.53291 1.53775 1.59995
1.77904 -1.93487 1.28514 -1.53319 1.53736 1.60231
1.77934 -1.93464 1.28513 -1.53347 1.53697 1.60467
1.77963 -1.93441 1.28511 -1.53375 1.53658 1.60703
1.77993 -1.93418 1.2851 -1.53403 1.5362 1.60939
1.78023 -1.93395 1.28508 -1.5343 1.53581 1.61175
1.78053 -1.93372 1.28506 -1.53458 1.53542 1.61411
1.78082 -1.93349 1.28505 -1.53486 1.53503 1.61646
1.78112 -1.93326 1.28503 -1.53514 1.53464 1.61882
1.78142 -1.93304 1.28502 -1.53542 1.53425 1.62118
1.78171 -1.93281 1.285 -1.5357 1.53386 1.62354
1.78201 -1.93258 1.28498 -1.53597 1.53348 1.6259
1.78231 -1.93235 1.28497 -1.53625 1.53309 1.62826
1.78261 -1.93212 1.28495 -1.53653 1.5327 1.63062
1.7829 -1.93189 1.28494 -1.53681 1.53231 1.63297
1.7832 -1.93166 1.28492 -1.53709 1.53192 1.63533
1.7835 -1.93143 1.2849 -1.53736 1.53153 1.63769
1.78379 -1.9312 1.28489 -1.53764 1.53114 1.64005
1.78409 -1.93097 1.28487 -1.53792 1.53075 1.64241
1.78439 -1.93074 1.28486 -1.5382 1.53037 1.64477
1.78469 -1.93051 1.28484 -1.53848 1.52998 1.64712
1.78498 -1.93028 1.28482 -1.53875 1.52959 1.64948
1.78528 -1.93005 1.28481 -1.53903 1.5292 1.65184
1.78558 -1.92982 1.28479 -1.53931 1.52881 1.6542
1.78588 -1.92959 1.28478 -1.53959 1.52842 1.65656
1.78617 -1.92936 1.28476 -1.53987 1.52803 1.65892
1.78647 -1.92914 1.28474 -1.54015 1.52765 1.66128
1.78677 -1.92891 1.28473 -1.54042 1.52726 1.66363
1.78706 -1.92868 1.28471 -1.5407 1.52687 1.66599
1.78736 -1.92845 1.2847 -1.54098 1.52648 1.66835
1.78766 -1.92822 1.28468 -1.54126 1.52609 1.67071
1.78796 -1.92799 1.28466 -1.54154 1.5257 1.67307
1.78825 -1.92776 1.28465 -1.54181 1.52531 1.67543
1.78855 -1.92753 1.28463 -1.54209 1.52493 1.67779
1.78885 -1.9273 1.28462 -1.54237 1.52454 1.68014
1.78914 -1.92707 1.2846 -1.54265 1.52415 1.6825
1.78944 -1.92684 1.28458 -1.54293 1.52376 1.68486
1.78974 -1.92661 1.28457 -1.54321 1.52337 1.68722
1.79004 -1.92638 1.28455 -1.54348 1.52298 1.68958
1.79033 -1.92615 1.28454 -1.54376 1.52259 1.69194
1.79063 -1.92592 1.28452 -1.54404 1.52221 1.6943
1.79093 -1.92569 1.28451 -1.54432 1.52182 1.69665
1.79122 -1.92547 1.28449 -1.5446 1.52143 1.69901
1.79152 -1.92524 1.28447 -1.54487 1.52104 1.70137
1.79182 -1.92501 1.28446 -1.54515 1.52065 1.70373
1.79212 -1.92478 1.28444 -1.54543 1.52026 1.70609
1.79241 -1.92455 1.28443 -1.54571 1.51987 1.70845
1.79271 -1.92432 1.28441 -1.54599 1.51949 1.71081
1.79301 -1.92409 1.28439 -1.54627 1.5191 1.71316
1.79331 -1.92386 1.28438 -1.54654 1.51871 1.71552
1.7936 -1.92363 1.28436 -1.54682 1.51832 1.71788
1.7939 -1.9234 1.28435 -1.5471 1.51793 1.72024
1.7942 -1.92317 1.28433 -1.54738 1.51754 1.7226
1.79449 -1.92294 1.28431 -1.54766 1.51715 1.72496
1.79479 -1.92271 1.2843 -1.54793 1.51677 1.72732
1.79509 -1.92248 1.28428 -1.54821 1.51638 1.72967
1.79539 -1.92225 1.28427 -1.54849 1.51599 1.73203
1.79568 -1.92202 1.28425 -1.54877 1.5156 1.73439
1.79598 -1.9218 1.28423 -1.54905 1.51521 1.73675
1.79628 -1.92157 1.28422 -1.54932 1.51482 1.73911
1.79657 -1.92134 1.2842 -1.5496 1.51443 1.74147
1.79687 -1.92111 1.28419 -1.54988 1.51405 1.74383
1.79717 -1.92088 1.28417 -1.55016 1.51366 1.74618
1.79747 -1.92065 1.28415 -1.55044 1.51327 1.74854
1.79776 -1.92042 1.28414 -1.55072 1.51288 1.7509
1.79806 -1.92019 1.28412 -1.55099 1.51249 1.75326
1.79836 -1.91996 1.28411 -1.55127 1.5121 1.75562
1.79865 -1.91973 1.28409 -1.55155 1.51171 1.75798
1.79895 -1.9195 1.28407 -1.55183 1.51133 1.76034
1.79925 -1.91927 1.28406 -1.55211 1.51094 1.76269
1.79955 -1.91904 1.28404 -1.55238 1.51055 1.76505
1.79984 -1.91881 1.28403 -1.55266 1.51016 1.76741
1.80014 -1.91858 1.28401 -1.55294 1.50977 1.76977
1.80044 -1.91835 1.28399 -1.55322 1.50938 1.77213
1.80073 -1.91813 1.28398 -1.5535 1.50899 1.77449
1.80103 -1.9179 1.28396 -1.55378 1.50861 1.77685
1.80133 -1.91767 1.28395 -1.55405 1.50822 1.7792
1.80163 -1.91744 1.28393 -1.55433 1.50783 1.78156
1.80192 -1.91721 1.28391 -1.55461 1.50744 1.78392
1.80222 -1.91698 1.2839 -1.55489 1.50705 1.78628
1.80252 -1.91675 1.28388 -1.55517 1.50666 1.78864
1.80282 -1.91652 1.28387 -1.55544 1.50627 1.791
1.80311 -1.91629 1.28385 -1.55572 1.50589 1.79336
1.80341 -1.91606 1.28383 -1.556 1.5055 1.79571
1.80371 -1.91583 1.28382 -1.55628 1.50511 1.79807
1.804 -1.9156 1.2838 -1.55656 1.50472 1.80043
1.8043 -1.91537 1.28379 -1.55683 1.50433 1.80279
1.8046 -1.91514 1.28377 -1.55711 1.50394 1.80515
1.8049 -1.91491 1.28375 -1.55739 1.50355 1.80751
1.80519 -1.91468 1.28374 -1.55767 1.50317 1.80987
1.80549 -1.91446 1.28372 -1.55795 1.50278 1.81222
1.80579 -1.91423 1.28371 -1.55823 1.50239 1.81458
1.80608 -1.914 1.28369 -1.5585 1.502 1.81694
1.80638 -1.91377 1.28367 -1.55878 1.50161 1.8193
1.80668 -1.91354 1.28366 -1.55906 1.50122 1.82166
1.80698 -1.91331 1.28364 -1.55934 1.50083 1.82402
1.80727 -1.91308 1.28363 -1.55962 1.50044 1.82637
1.80757 -1.91285 1.28361 -1.55989 1.50006 1.82873
1.80787 -1.91262 1.28359 -1.56017 1.49967 1.83109
1.80816 -1.91239 1.28358 -1.56045 1.49928 1.83345
1.80846 -1.91216 1.28356 -1.56073 1.49889 1.83581
1.80876 -1.91193 1.28355 -1.56101 1.4985 1.83817
1.80906 -1.9117 1.28353 -1.56129 1.49811 1.84053
1.80935 -1.91147 1.28351 -1.56156 1.49772 1.84288
1.80965 -1.91124 1.2835 -1.56184 1.49734 1.84524
1.80995 -1.91101 1.28348 -1.56212 1.49695 1.8476
1.81024 -1.91079 1.28347 -1.5624 1.49656 1.84996
1.81054 -1.91056 1.28345 -1.56268 1.49617 1.85232
1.81084 -1.91033 1.28343 -1.56295 1.49578 1.85468
1.81114 -1.9101 1.28342 -1.56323 1.49539 1.85704
1.81143 -1.90987 1.2834 -1.56351 1.495 1.85939
1.81173 -1.90964 1.28339 -1.56379 1.49462 1.86175
1.81203 -1.90941 1.28337 -1.56407 1.49423 1.86411
1.81233 -1.90918 1.28335 -1.56435 1.49384 1.86647
1.81262 -1.90895 1.28334 -1.56462 1.49345 1.86883
1.81292 -1.90872 1.28332 -1.5649 1.49306 1.87119
1.81322 -1.90849 1.28331 -1.56518 1.49267 1.87355
1.81351 -1.90826 1.28329 -1.56546 1.49228 1.8759
1.81381 -1.90803 1.28327 -1.56574 1.4919 1.87826
1.81411 -1.9078 1.28326 -1.56601 1.49151 1.88062
1.81441 -1.90757 1.28324 -1.56629 1.49112 1.88298
1.8147 -1.90734 1.28323 -1.56657 1.49073 1.88534
1.815 -1.90711 1.28321 -1.56685 1.49034 1.8877
1.8153 -1.90689 1.28319 -1.56713 1.48995 1.89006
1.81559 -1.90666 1.28318 -1.5674 1.48956 1.89241
1.81589 -1.90643 1.28316 -1.56768 1.48918 1.89477
1.81619 -1.9062 1.28315 -1.56796 1.48879 1.89713
1.81649 -1.90597 1.28313 -1.56824 1.4884 1.89949
1.81678 -1.90574 1.28311 -1.56852 1.48801 1.90185
1.81708 -1.90551 1.2831 -1.5688 1.48762 1.90421
1.81738 -1.90528 1.28308 -1.56907 1.48723 1.90657
1.81767 -1.90505 1.28307 -1.56935 1.48684 1.90892
1.81797 -1.90482 1.28305 -1.56963 1.48646 1.91128
1.81827 -1.90459 1.28303 -1.56991 1.48607 1.91364
1.81857 -1.90436 1.28302 -1.57019 1.48568 1.916
1.81886 -1.90413 1.283 -1.57046 1.48529 1.91836
1.81916 -1.9039 1.28299 -1.57074 1.4849 1.92072
1.81946 -1.90367 1.28297 -1.57102 1.48451 1.92308
1.81976 -1.90344 1.28295 -1.5713 1.48412 1.92543
1.82005 -1.90322 1.28294 -1.57158 1.48374 1.92779
1.82035 -1.90299 1.28292 -1.57186 1.48335 1.93015
1.82065 -1.90276 1.28291 -1.57213 1.48296 1.93251
1.82094 -1.90253 1.28289 -1.57241 1.48257 1.93487
1.82124 -1.9023 1.28287 -1.57269 1.48218 1.93723
1.82154 -1.90207 1.28286 -1.57297 1.48179 1.93959
1.82184 -1.90184 1.28284 -1.57325 1.4814 1.94194
1.82213 -1.90161 1.28283 -1.57352 1.48102 1.9443
1.82243 -1.90138 1.28281 -1.5738 1.48063 1.94666
1.82273 -1.90115 1.28279 -1.57408 1.48024 1.94902
1.82302 -1.90092 1.28278 -1.57436 1.47985 1.95138
1.82332 -1.90069 1.28276 -1.57464 1.47946 1.95374
1.82362 -1.90046 1.28275 -1.57492 1.47907 1.9561
1.82392 -1.90023 1.28273 -1.57519 1.47868 1.95845
1.82421 -1.9 1.28271 -1.57547 1.4783 1.96081
1.82451 -1.89977 1.2827 -1.57575 1.47791 1.96317
1.82481 -1.89955 1.28268 -1.57603 1.47752 1.96553
1.8251 -1.89932 1.28267 -1.57631 1.47713 1.96789
1.8254 -1.89909 1.28265 -1.57658 1.47674 1.97025
1.8257 -1.89886 1.28263 -1.57686 1.47635 1.97261
1.826 -1.89863 1.28262 -1.57714 1.47596 1.97496
1.82629 -1.8984 1.2826 -1.57742 1.47558 1.97732
1.82659 -1.89817 1.28259 -1.5777 1.47519 1.97968
1.82689 -1.89794 1.28257 -1.57797 1.4748 1.98204
1.82718 -1.89771 1.28255 -1.57825 1.47441 1.9844
1.82748 -1.89748 1.28254 -1.57853 1.47402 1.98676
1.82778 -1.89725 1.28252 -1.57881 1.47363 1.98912
1.82808 -1.89702 1.28251 -1.57909 1.47324 1.99147
1.82837 -1.89679 1.28249 -1.57937 1.47286 1.99383
1.82867 -1.89656 1.28247 -1.57964 1.47247 1.99619
1.82897 -1.89633 1.28246 -1.57992 1.47208 1.99855
1.82927 -1.8961 1.28244 -1.5802 1.47169 2.00091
1.82956 -1.89588 1.28243 -1.58048 1.4713 2.00327
1.82986 -1.89565 1.28241 -1.58076 1.47091 2.00563
1.83016 -1.89542 1.28239 -1.58103 1.47052 2.00798
1.83045 -1.89519 1.28238 -1.58131 1.47013 2.01034
1.83075 -1.89496 1.28236 -1.58159 1.46975 2.0127
1.83105 -1.89473 1.28235 -1.58187 1.46936 2.01506
1.83135 -1.8945 1.28233 -1.58215 1.46897 2.01742
1.83164 -1.89427 1.28231 -1.58243 1.46858 2.01978
1.83194 -1.89404 1.2823 -1.5827 1.46819 2.02213
1.83224 -1.89381 1.28228 -1.58298 1.4678 2.02449
1.83253 -1.89358 1.28227 -1.58326 1.46741 2.02685
1.83283 -1.89335 1.28225 -1.58354 1.46703 2.02921
1.83313 -1.89312 1.28224 -1.58382 1.46664 2.03157
1.83343 -1.89289 1.28222 -1.58409 1.46625 2.03393
1.83372 -1.89266 1.2822 -1.58437 1.46586 2.03629
1.83402 -1.89243 1.28219 -1.58465 1.46547 2.03864
1.83432 -1.89221 1.28217 -1.58493 1.46508 2.041
1.83461 -1.89198 1.28216 -1.58521 1.46469 2.04336
1.83491 -1.89175 1.28214 -1.58548 1.46431 2.04572
1.83521 -1.89152 1.28212 -1.58576 1.46392 2.04808
1.83551 -1.89129 1.28211 -1.58604 1.46353 2.05044
1.8358 -1.89106 1.28209 -1.58632 1.46314 2.0528
1.8361 -1.89083 1.28208 -1.5866 1.46275 2.05515
1.8364 -1.8906 1.28206 -1.58688 1.46236 2.05751
1.83669 -1.89037 1.28204 -1.58715 1.46197 2.05987
1.83699 -1.89014 1.28203 -1.58743 1.46159 2.06223
1.83729 -1.88991 1.28201 -1.58771 1.4612 2.06459
1.83759 -1.88968 1.282 -1.58799 1.46081 2.06695
1.83788 -1.88945 1.28198 -1.58827 1.46042 2.06931
1.83818 -1.88922 1.28196 -1.58854 1.46003 2.07166
1.83848 -1.88899 1.28195 -1.58882 1.45964 2.07402
1.83878 -1.88876 1.28193 -1.5891 1.45925 2.07638
1.83907 -1.88854 1.28192 -1.58938 1.45887 2.07874
1.83937 -1.88831 1.2819 -1.58966 1.45848 2.0811
1.83967 -1.88808 1.28188 -1.58994 1.45809 2.08346
1.83996 -1.88785 1.28187 -1.59021 1.4577 2.08582
1.84026 -1.88762 1.28185 -1.59049 1.45731 2.08817
1.84056 -1.88739 1.28184 -1.59077 1.45692 2.09053
1.84086 -1.88716 1.28182 -1.59105 1.45653 2.09289
1.84115 -1.88693 1.2818 -1.59133 1.45615 2.09525
1.84145 -1.8867 1.28179 -1.5916 1.45576 2.09761
1.84175 -1.88647 1.28177 -1.59188 1.45537 2.09997
1.84204 -1.88624 1.28176 -1.59216 1.45498 2.10233
1.84234 -1.88601 1.28174 -1.59244 1.45459 2.10468
1.84264 -1.88578 1.28172 -1.59272 1.4542 2.10704
1.84294 -1.88555 1.28171 -1.593 1.45381 2.1094
1.84323 -1.88532 1.28169 -1.59327 1.45343 2.11176
1.84353 -1.88509 1.28168 -1.59355 1.45304 2.11412
1.84383 -1.88487 1.28166 -1.59383 1.45265 2.11648
1.84412 -1.88464 1.28164 -1.59411 1.45226 2.11884
1.84442 -1.88441 1.28163 -1.59439 1.45187 2.12119
1.84472 -1.88418 1.28161 -1.59466 1.45148 2.12355
1.84502 -1.88395 1.2816 -1.59494 1.45109 2.12591
1.84531 -1.88372 1.28158 -1.59522 1.45071 2.12827
1.84561 -1.88349 1.28156 -1.5955 1.45032 2.13063
1.84591 -1.88326 1.28155 -1.59578 1.44993 2.13299
1.8462 -1.88303 1.28153 -1.59605 1.44954 2.13535
1.8465 -1.8828 1.28152 -1.59633 1.44915 2.1377
1.8468 -1.88257 1.2815 -1.59661 1.44876 2.14006
1.8471 -1.88234 1.28148 -1.59689 1.44837 2.14242
1.84739 -1.88211 1.28147 -1.59717 1.44799 2.14478
1.84769 -1.88188 1.28145 -1.59745 1.4476 2.14714
1.84799 -1.88165 1.28144 -1.59772 1.44721 2.1495
1.84829 -1.88142 1.28142 -1.598 1.44682 2.15186
1.84858 -1.88119 1.2814 -1.59828 1.44643 2.15421
1.84888 -1.88097 1.28139 -1.59856 1.44604 2.15657
1.84918 -1.88074 1.28137 -1.59884 1.44565 2.15893
1.84947 -1.88051 1.28136 -1.59911 1.44527 2.16129
1.84977 -1.88028 1.28134 -1.59939 1.44488 2.16365
1.85007 -1.88005 1.28132 -1.59967 1.44449 2.16601
1.85037 -1.87982 1.28131 -1.59995 1.4441 2.16837
1.85066 -1.87959 1.28129 -1.60023 1.44371 2.17072
1.85096 -1.87936 1.28128 -1.60051 1.44332 2.17308
1.85126 -1.87913 1.28126 -1.60078 1.44293 2.17544
1.85155 -1.8789 1.28124 -1.60106 1.44255 2.1778
1.85185 -1.87867 1.28123 -1.60134 1.44216 2.18016
1.85215 -1.87844 1.28121 -1.60162 1.44177 2.18252
1.85245 -1.87821 1.2812 -1.6019 1.44138 2.18488
1.85274 -1.87798 1.28118 -1.60217 1.44099 2.18723
1.85304 -1.87775 1.28116 -1.60245 1.4406 2.18959
1.85334 -1.87752 1.28115 -1.60273 1.44021 2.19195
1.85363 -1.8773 1.28113 -1.60301 1.43982 2.19431
1.85393 -1.87707 1.28112 -1.60329 1.43944 2.19667
1.85423 -1.87684 1.2811 -1.60357 1.43905 2.19903
1.85453 -1.87661 1.28108 -1.60384 1.43866 2.20138
1.85482 -1.87638 1.28107 -1.60412 1.43827 2.20374
1.85512 -1.87615 1.28105 -1.6044 1.43788 2.2061
1.85542 -1.87592 1.28104 -1.60468 1.43749 2.20846
1.85572 -1.87569 1.28102 -1.60496 1.4371 2.21082
1.85601 -1.87546 1.281 -1.60523 1.43672 2.21318
1.85631 -1.87523 1.28099 -1.60551 1.43633 2.21554
1.85661 -1.875 1.28097 -1.60579 1.43594 2.21789
1.8569 -1.87477 1.28096 -1.60607 1.43555 2.22025
1.8572 -1.87454 1.28094 -1.60635 1.43516 2.22261
1.8575 -1.87431 1.28092 -1.60662 1.43477 2.22497
1.8578 -1.87408 1.28091 -1.6069 1.43438 2.22733
1.85809 -1.87385 1.28089 -1.60718 1.434 2.22969
1.85839 -1.87363 1.28088 -1.60746 1.43361 2.23205
1.85869 -1.8734 1.28086 -1.60774 1.43322 2.2344
1.85898 -1.87317 1.28084 -1.60802 1.43283 2.23676
1.85928 -1.87294 1.28083 -1.60829 1.43244 2.23912
1.85958 -1.87271 1.28081 -1.60857 1.43205 2.24148
1.85988 -1.87248 1.2808 -1.60885 1.43166 2.24384
1.86017 -1.87225 1.28078 -1.60913 1.43128 2.2462
1.86047 -1.87202 1.28076 -1.60941 1.43089 2.24856
1.86077 -1.87179 1.28075 -1.60968 1.4305 2.25091
1.86106 -1.87156 1.28073 -1.60996 1.43011 2.25327
1.86136 -1.87133 1.28072 -1.61024 1.42972 2.25563
1.86166 -1.8711 1.2807 -1.61052 1.42933 2.25799
1.86196 -1.87087 1.28068 -1.6108 1.42894 2.26035
1.86225 -1.87064 1.28067 -1.61108 1.42856 2.26271
1.86255 -1.87041 1.28065 -1.61135 1.42817 2.26507
1.86285 -1.87018 1.28064 -1.61163 1.42778 2.26742
1.86314 -1.86996 1.28062 -1.61191 1.42739 2.26978
1.86344 -1.86973 1.2806 -1.61219 1.427 2.27214
1.86374 -1.8695 1.28059 -1.61247 1.42661 2.2745
1.86404 -1.86927 1.28057 -1.61274 1.42622 2.27686
1.86433 -1.86904 1.28056 -1.61302 1.42584 2.27922
1.86463 -1.86881 1.28054 -1.6133 1.42545 2.28158
1.86493 -1.86858 1.28052 -1.61358 1.42506 2.28393
1.86523 -1.86835 1.28051 -1.61386 1.42467 2.28629
1.86552 -1.86812 1.28049 -1.61413 1.42428 2.28865
1.86582 -1.86789 1.28048 -1.61441 1.42389 2.29101
1.86612 -1.86766 1.28046 -1.61469 1.4235 2.29337
1.86641 -1.86743 1.28044 -1.61497 1.42312 2.29573
1.86671 -1.8672 1.28043 -1.61525 1.42273 2.29809
1.86701 -1.86697 1.28041 -1.61553 1.42234 2.30044
1.86731 -1.86674 1.2804 -1.6158 1.42195 2.3028
1.8676 -1.86651 1.28038 -1.61608 1.42156 2.30516
1.8679 -1.86629 1.28036 -1.61636 1.42117 2.30752
1.8682 -1.86606 1.28035 -1.61664 1.42078 2.30988
1.86849 -1.86583 1.28033 -1.61692 1.4204 2.31224
1.86879 -1.8656 1.28032 -1.61719 1.42001 2.3146
1.86909 -1.86537 1.2803 -1.61747 1.41962 2.31695
1.86939 -1.86514 1.28028 -1.61775 1.41923 2.31931
1.86968 -1.86491 1.28027 -1.61803 1.41884 2.32167
1.86998 -1.86468 1.28025 -1.61831 1.41845 2.32403
1.87028 -1.86445 1.28024 -1.61859 1.41806 2.32639
1.87057 -1.86422 1.28022 -1.61886 1.41768 2.32875
1.87087 -1.86399 1.2802 -1.61914 1.41729 2.33111
1.87117 -1.86376 1.28019 -1.61942 1.4169 2.33346
1.87147 -1.86353 1.28017 -1.6197 1.41651 2.33582
1.87176 -1.8633 1.28016 -1.61998 1.41612 2.33818
1.87206 -1.86307 1.28014 -1.62025 1.41573 2.34054
1.87236 -1.86284 1.28012 -1.62053 1.41534 2.3429
1.87265 -1.86262 1.28011 -1.62081 1.41496 2.34526
1.87295 -1.86239 1.28009 -1.62109 1.41457 2.34762
1.87325 -1.86216 1.28008 -1.62137 1.41418 2.34997
1.87355 -1.86193 1.28006 -1.62165 1.41379 2.35233
1.87384 -1.8617 1.28004 -1.62192 1.4134 2.35469
1.87414 -1.86147 1.28003 -1.6222 1.41301 2.35705
1.87444 -1.86124 1.28001 -1.62248 1.41262 2.35941
1.87474 -1.86101 1.28 -1.62276 1.41223 2.36177
1.87503 -1.86078 1.27998 -1.62304 1.41185 2.36413
1.87533 -1.86055 1.27997 -1.62331 1.41146 2.36648
1.87563 -1.86032 1.27995 -1.62359 1.41107 2.36884
1.87592 -1.86009 1.27993 -1.62387 1.41068 2.3712
1.87622 -1.85986 1.27992 -1.62415 1.41029 2.37356
1.87652 -1.85963 1.2799 -1.62443 1.4099 2.37592
1.87682 -1.8594 1.27989 -1.6247 1.40951 2.37828
1.87711 -1.85917 1.27987 -1.62498 1.40913 2.38063
1.87741 -1.85894 1.27985 -1.62526 1.40874 2.38299
1.87771 -1.85872 1.27984 -1.62554 1.40835 2.38535
1.878 -1.85849 1.27982 -1.62582 1.40796 2.38771
1.8783 -1.85826 1.27981 -1.6261 1.40757 2.39007
1.8786 -1.85803 1.27979 -1.62637 1.40718 2.39243
1.8789 -1.8578 1.27977 -1.62665 1.40679 2.39479
1.87919 -1.85757 1.27976 -1.62693 1.40641 2.39714
1.87949 -1.85734 1.27974 -1.62721 1.40602 2.3995
1.87979 -1.85711 1.27973 -1.62749 1.40563 2.40186
1.88008 -1.85688 1.27971 -1.62776 1.40524 2.40422
1.88038 -1.85665 1.27969 -1.62804 1.40485 2.40658
1.88068 -1.85642 1.27968 -1.62832 1.40446 2.40894
1.88098 -1.85619 1.27966 -1.6286 1.40407 2.4113
1.88127 -1.85596 1.27965 -1.62888 1.40369 2.41365
1.88157 -1.85573 1.27963 -1.62916 1.4033 2.41601
1.88187 -1.8555 1.27961 -1.62943 1.40291 2.41837
1.88217 -1.85527 1.2796 -1.62971 1.40252 2.42073
1.88246 -1.85505 1.27958 -1.62999 1.40213 2.42309
1.88276 -1.85482 1.27957 -1.63027 1.40174 2.42545
1.88306 -1.85459 1.27955 -1.63055 1.40135 2.42781
1.88335 -1.85436 1.27953 -1.63082 1.40097 2.43016
1.88365 -1.85413 1.27952 -1.6311 1.40058 2.43252
1.88395 -1.8539 1.2795 -1.63138 1.40019 2.43488
1.88425 -1.85367 1.27949 -1.63166 1.3998 2.43724
1.88454 -1.85344 1.27947 -1.63194 1.39941 2.4396
1.88484 -1.85321 1.27945 -1.63222 1.39902 2.44196
1.88514 -1.85298 1.27944 -1.63249 1.39863 2.44432
1.88543 -1.85275 1.27942 -1.63277 1.39825 2.44667
1.88573 -1.85252 1.27941 -1.63305 1.39786 2.44903
1.88603 -1.85229 1.27939 -1.63333 1.39747 2.45139
1.88633 -1.85206 1.27937 -1.63361 1.39708 2.45375
1.88662 -1.85183 1.27936 -1.63388 1.39669 2.45611
1.88692 -1.8516 1.27934 -1.63416 1.3963 2.45847
1.88722 -1.85138 1.27933 -1.63444 1.39591 2.46083
1.88751 -1.85115 1.27931 -1.63472 1.39553 2.46318
1.88781 -1.85092 1.27929 -1.635 1.39514 2.46554
1.88811 -1.85069 1.27928 -1.63527 1.39475 2.4679
1.88841 -1.85046 1.27926 -1.63555 1.39436 2.47026
1.8887 -1.85023 1.27925 -1.63583 1.39397 2.47262
1.889 -1.85 1.27923 -1.63611 1.39358 2.47498
1.8893 -1.84977 1.27921 -1.63639 1.39319 2.47734
1.88959 -1.84954 1.2792 -1.63667 1.39281 2.47969
1.88989 -1.84931 1.27918 -1.63694 1.39242 2.48205
1.89019 -1.84908 1.27917 -1.63722 1.39203 2.48441
1.89049 -1.84885 1.27915 -1.6375 1.39164 2.48677
1.89078 -1.84862 1.27913 -1.63778 1.39125 2.48913
1.89108 -1.84839 1.27912 -1.63806 1.39086 2.49149
1.89138 -1.84816 1.2791 -1.63833 1.39047 2.49385
1.89168 -1.84793 1.27909 -1.63861 1.39009 2.4962
1.89197 -1.84771 1.27907 -1.63889 1.3897 2.49856
1.89227 -1.84748 1.27905 -1.63917 1.38931 2.50092
1.89257 -1.84725 1.27904 -1.63945 1.38892 2.50328
1.89286 -1.84702 1.27902 -1.63973 1.38853 2.50564
1.89316 -1.84679 1.27901 -1.64 1.38814 2.508
1.89346 -1.84656 1.27899 -1.64028 1.38775 2.51036
1.89376 -1.84633 1.27897 -1.64056 1.38737 2.51271
1.89405 -1.8461 1.27896 -1.64084 1.38698 2.51507
1.89435 -1.84587 1.27894 -1.64112 1.38659 2.51743
1.89465 -1.84564 1.27893 -1.64139 1.3862 2.51979
1.89494 -1.84541 1.27891 -1.64167 1.38581 2.52215
1.89524 -1.84518 1.27889 -1.64195 1.38542 2.52451
1.89554 -1.84495 1.27888 -1.64223 1.38503 2.52687
1.89584 -1.84472 1.27886 -1.64251 1.38465 2.52922
1.89613 -1.84449 1.27885 -1.64278 1.38426 2.53158
1.89643 -1.84426 1.27883 -1.64306 1.38387 2.53394
1.89673 -1.84404 1.27881 -1.64334 1.38348 2.5363
1.89702 -1.84381 1.2788 -1.64362 1.38309 2.53866
1.89732 -1.84358 1.27878 -1.6439 1.3827 2.54102
1.89762 -1.84335 1.27877 -1.64418 1.38231 2.54338
1.89792 -1.84312 1.27875 -1.64445 1.38192 2.54573
1.89821 -1.84289 1.27873 -1.64473 1.38154 2.54809
1.89851 -1.84266 1.27872 -1.64501 1.38115 2.55045
1.89881 -1.84243 1.2787 -1.64529 1.38076 2.55281
1.8991 -1.8422 1.27869 -1.64557 1.38037 2.55517
1.8994 -1.84197 1.27867 -1.64584 1.37998 2.55753
1.8997 -1.84174 1.27865 -1.64612 1.37959 2.55988
1.9 -1.84151 1.27864 -1.6464 1.3792 2.56224
1.90029 -1.84128 1.27862 -1.64668 1.37882 2.5646
1.90059 -1.84105 1.27861 -1.64696 1.37843 2.56696
1.90089 -1.84082 1.27859 -1.64724 1.37804 2.56932
1.90119 -1.84059 1.27857 -1.64751 1.37765 2.57168
1.90148 -1.84037 1.27856 -1.64779 1.37726 2.57404
1.90178 -1.84014 1.27854 -1.64807 1.37687 2.57639
1.90208 -1.83991 1.27853 -1.64835 1.37648 2.57875
1.90237 -1.83968 1.27851 -1.64863 1.3761 2.58111
1.90267 -1.83945 1.27849 -1.6489 1.37571 2.58347
1.90297 -1.83922 1.27848 -1.64918 1.37532 2.58583
1.90327 -1.83899 1.27846 -1.64946 1.37493 2.58819
1.90356 -1.83876 1.27845 -1.64974 1.37454 2.59055
1.90386 -1.83853 1.27843 -1.65002 1.37415 2.5929
1.90416 -1.8383 1.27841 -1.6503 1.37376 2.59526
1.90445 -1.83807 1.2784 -1.65057 1.37338 2.59762
1.90475 -1.83784 1.27838 -1.65085 1.37299 2.59998
1.90505 -1.83761 1.27837 -1.65113 1.3726 2.60234
1.90535 -1.83738 1.27835 -1.65141 1.37221 2.6047
1.90564 -1.83715 1.27833 -1.65169 1.37182 2.60706
1.90594 -1.83692 1.27832 -1.65196 1.37143 2.60941
1.90624 -1.83669 1.2783 -1.65224 1.37104 2.61177
1.90653 -1.83647 1.27829 -1.65252 1.37066 2.61413
1.90683 -1.83624 1.27827 -1.6528 1.37027 2.61649
1.90713 -1.83601 1.27825 -1.65308 1.36988 2.61885
1.90743 -1.83578 1.27824 -1.65335 1.36949 2.62121
1.90772 -1.83555 1.27822 -1.65363 1.3691 2.62357
1.90802 -1.83532 1.27821 -1.65391 1.36871 2.62592
1.90832 -1.83509 1.27819 -1.65419 1.36832 2.62828
1.90861 -1.83486 1.27817 -1.65447 1.36794 2.63064
1.90891 -1.83463 1.27816 -1.65475 1.36755 2.633
1.90921 -1.8344 1.27814 -1.65502 1.36716 2.63536
1.90951 -1.83417 1.27813 -1.6553 1.36677 2.63772
1.9098 -1.83394 1.27811 -1.65558 1.36638 2.64008
1.9101 -1.83371 1.27809 -1.65586 1.36599 2.64243
1.9104 -1.83348 1.27808 -1.65614 1.3656 2.64479
1.9107 -1.83325 1.27806 -1.65641 1.36522 2.64715
1.91099 -1.83302 1.27805 -1.65669 1.36483 2.64951
1.91129 -1.8328 1.27803 -1.65697 1.36444 2.65187
1.91159 -1.83257 1.27801 -1.65725 1.36405 2.65423
1.91188 -1.83234 1.278 -1.65753 1.36366 2.65659
1.91218 -1.83211 1.27798 -1.65781 1.36327 2.65894
1.91248 -1.83188 1.27797 -1.65808 1.36288 2.6613
1.91278 -1.83165 1.27795 -1.65836 1.3625 2.66366
1.91307 -1.83142 1.27793 -1.65864 1.36211 2.66602
1.91337 -1.83119 1.27792 -1.65892 1.36172 2.66838
1.91367 -1.83096 1.2779 -1.6592 1.36133 2.67074
1.91396 -1.83073 1.27789 -1.65947 1.36094 2.6731
1.91426 -1.8305 1.27787 -1.65975 1.36055 2.67545
1.91456 -1.83027 1.27785 -1.66003 1.36016 2.67781
1.91486 -1.83004 1.27784 -1.66031 1.35978 2.68017
1.91515 -1.82981 1.27782 -1.66059 1.35939 2.68253
1.91545 -1.82958 1.27781 -1.66087 1.359 2.68489
1.91575 -1.82935 1.27779 -1.66114 1.35861 2.68725
1.91604 -1.82913 1.27777 -1.66142 1.35822 2.68961
1.91634 -1.8289 1.27776 -1.6617 1.35783 2.69196
1.91664 -1.82867 1.27774 -1.66198 1.35744 2.69432
1.91694 -1.82844 1.27773 -1.66226 1.35706 2.69668
1.91723 -1.82821 1.27771 -1.66253 1.35667 2.69904
1.91753 -1.82798 1.2777 -1.66281 1.35628 2.7014
1.91783 -1.82775 1.27768 -1.66309 1.35589 2.70376
1.91813 -1.82752 1.27766 -1.66337 1.3555 2.70612
1.91842 -1.82729 1.27765 -1.66365 1.35511 2.70847
1.91872 -1.82706 1.27763 -1.66392 1.35472 2.71083
1.91902 -1.82683 1.27762 -1.6642 1.35434 2.71319
1.91931 -1.8266 1.2776 -1.66448 1.35395 2.71555
1.91961 -1.82637 1.27758 -1.66476 1.35356 2.71791
1.91991 -1.82614 1.27757 -1.66504 1.35317 2.72027
1.92021 -1.82591 1.27755 -1.66532 1.35278 2.72263
1.9205 -1.82568 1.27754 -1.66559 1.35239 2.72498
1.9208 -1.82546 1.27752 -1.66587 1.352 2.72734
1.9211 -1.82523 1.2775 -1.66615 1.35161 2.7297
1.92139 -1.825 1.27749 -1.66643 1.35123 2.73206
1.92169 -1.82477 1.27747 -1.66671 1.35084 2.73442
1.92199 -1.82454 1.27746 -1.66698 1.35045 2.73678
1.92229 -1.82431 1.27744 -1.66726 1.35006 2.73913
1.92258 -1.82408 1.27742 -1.66754 1.34967 2.74149
1.92288 -1.82385 1.27741 -1.66782 1.34928 2.74385
1.92318 -1.82362 1.27739 -1.6681 1.34889 2.74621
1.92347 -1.82339 1.27738 -1.66838 1.34851 2.74857
1.92377 -1.82316 1.27736 -1.66865 1.34812 2.75093
1.92407 -1.82293 1.27734 -1.66893 1.34773 2.75329
1.92437 -1.8227 1.27733 -1.66921 1.34734 2.75564
1.92466 -1.82247 1.27731 -1.66949 1.34695 2.758
1.92496 -1.82224 1.2773 -1.66977 1.34656 2.76036
1.92526 -1.82201 1.27728 -1.67004 1.34617 2.76272
1.92555 -1.82179 1.27726 -1.67032 1.34579 2.76508
1.92585 -1.82156 1.27725 -1.6706 1.3454 2.76744
1.92615 -1.82133 1.27723 -1.67088 1.34501 2.7698
1.92645 -1.8211 1.27722 -1.67116 1.34462 2.77215
1.92674 -1.82087 1.2772 -1.67143 1.34423 2.77451
1.92704 -1.82064 1.27718 -1.67171 1.34384 2.77687
1.92734 -1.82041 1.27717 -1.67199 1.34345 2.77923
1.92764 -1.82018 1.27715 -1.67227 1.34307 2.78159
1.92793 -1.81995 1.27714 -1.67255 1.34268 2.78395
1.92823 -1.81972 1.27712 -1.67283 1.34229 2.78631
1.92853 -1.81949 1.2771 -1.6731 1.3419 2.78866
1.92882 -1.81926 1.27709 -1.67338 1.34151 2.79102
1.92912 -1.81903 1.27707 -1.67366 1.34112 2.79338
1.92942 -1.8188 1.27706 -1.67394 1.34073 2.79574
1.92972 -1.81857 1.27704 -1.67422 1.34035 2.7981
1.93001 -1.81834 1.27702 -1.67449 1.33996 2.80046
1.93031 -1.81812 1.27701 -1.67477 1.33957 2.80282
1.93061 -1.81789 1.27699 -1.67505 1.33918 2.80517
1.9309 -1.81766 1.27698 -1.67533 1.33879 2.80753
1.9312 -1.81743 1.27696 -1.67561 1.3384 2.80989
1.9315 -1.8172 1.27694 -1.67589 1.33801 2.81225
1.9318 -1.81697 1.27693 -1.67616 1.33763 2.81461
1.93209 -1.81674 1.27691 -1.67644 1.33724 2.81697
1.93239 -1.81651 1.2769 -1.67672 1.33685 2.81933
1.93269 -1.81628 1.27688 -1.677 1.33646 2.82168
1.93298 -1.81605 1.27686 -1.67728 1.33607 2.82404
1.93328 -1.81582 1.27685 -1.67755 1.33568 2.8264
1.93358 -1.81559 1.27683 -1.67783 1.33529 2.82876
1.93388 -1.81536 1.27682 -1.67811 1.33491 2.83112
1.93417 -1.81513 1.2768 -1.67839 1.33452 2.83348
1.93447 -1.8149 1.27678 -1.67867 1.33413 2.83584
1.93477 -1.81467 1.27677 -1.67895 1.33374 2.83819
1.93506 -1.81444 1.27675 -1.67922 1.33335 2.84055
1.93536 -1.81422 1.27674 -1.6795 1.33296 2.84291
1.93566 -1.81399 1.27672 -1.67978 1.33257 2.84527
1.93596 -1.81376 1.2767 -1.68006 1.33219 2.84763
1.93625 -1.81353 1.27669 -1.68034 1.3318 2.84999
1.93655 -1.8133 1.27667 -1.68061 1.33141 2.85235
1.93685 -1.81307 1.27666 -1.68089 1.33102 2.8547
1.93715 -1.81284 1.27664 -1.68117 1.33063 2.85706
1.93744 -1.81261 1.27662 -1.68145 1.33024 2.85942
1.93774 -1.81238 1.27661 -1.68173 1.32985 2.86178
1.93804 -1.81215 1.27659 -1.682 1.32947 2.86414
1.93833 -1.81192 1.27658 -1.68228 1.32908 2.8665
1.93863 -1.81169 1.27656 -1.68256 1.32869 2.86886
1.93893 -1.81146 1.27654 -1.68284 1.3283 2.87121
1.93923 -1.81123 1.27653 -1.68312 1.32791 2.87357
1.93952 -1.811 1.27651 -1.6834 1.32752 2.87593
1.93982 -1.81077 1.2765 -1.68367 1.32713 2.87829
1.94012 -1.81055 1.27648 -1.68395 1.32675 2.88065
1.94041 -1.81032 1.27646 -1.68423 1.32636 2.88301
1.94071 -1.81009 1.27645 -1.68451 1.32597 2.88537
1.94101 -1.80986 1.27643 -1.68479 1.32558 2.88772
1.94131 -1.80963 1.27642 -1.68506 1.32519 2.89008
1.9416 -1.8094 1.2764 -1.68534 1.3248 2.89244
1.9419 -1.80917 1.27638 -1.68562 1.32441 2.8948
1.9422 -1.80894 1.27637 -1.6859 1.32403 2.89716
1.94249 -1.80871 1.27635 -1.68618 1.32364 2.89952
1.94279 -1.80848 1.27634 -1.68646 1.32325 2.90188
1.94309 -1.80825 1.27632 -1.68673 1.32286 2.90423
1.94339 -1.80802 1.2763 -1.68701 1.32247 2.90659
1.94368 -1.80779 1.27629 -1.68729 1.32208 2.90895
1.94398 -1.80756 1.27627 -1.68757 1.32169 2.91131
1.94428 -1.80733 1.27626 -1.68785 1.3213 2.91367
1.94458 -1.8071 1.27624 -1.68812 1.32092 2.91603
1.94487 -1.80688 1.27622 -1.6884 1.32053 2.91839
1.94517 -1.80665 1.27621 -1.68868 1.32014 2.92074
1.94547 -1.80642 1.27619 -1.68896 1.31975 2.9231
1.94576 -1.80619 1.27618 -1.68924 1.31936 2.92546
1.94606 -1.80596 1.27616 -1.68952 1.31897 2.92782
1.94636 -1.80573 1.27614 -1.68979 1.31858 2.93018
1.94666 -1.8055 1.27613 -1.69007 1.3182 2.93254
1.94695 -1.80527 1.27611 -1.69035 1.31781 2.93489
1.94725 -1.80504 1.2761 -1.69063 1.31742 2.93725
1.94755 -1.80481 1.27608 -1.69091 1.31703 2.93961
1.94784 -1.80458 1.27606 -1.69118 1.31664 2.94197
1.94814 -1.80435 1.27605 -1.69146 1.31625 2.94433
1.94844 -1.80412 1.27603 -1.69174 1.31586 2.94669
1.94874 -1.80389 1.27602 -1.69202 1.31548 2.94905
1.94903 -1.80366 1.276 -1.6923 1.31509 2.9514
1.94933 -1.80343 1.27598 -1.69257 1.3147 2.95376
1.94963 -1.80321 1.27597 -1.69285 1.31431 2.95612
1.94992 -1.80298 1.27595 -1.69313 1.31392 2.95848
1.95022 -1.80275 1.27594 -1.69341 1.31353 2.96084
1.95052 -1.80252 1.27592 -1.69369 1.31314 2.9632
1.95082 -1.80229 1.2759 -1.69397 1.31276 2.96556
1.95111 -1.80206 1.27589 -1.69424 1.31237 2.96791
1.95141 -1.80183 1.27587 -1.69452 1.31198 2.97027
1.95171 -1.8016 1.27586 -1.6948 1.31159 2.97263
1.952 -1.80137 1.27584 -1.69508 1.3112 2.97499
1.9523 -1.80114 1.27582 -1.69536 1.31081 2.97735
1.9526 -1.80091 1.27581 -1.69563 1.31042 2.97971
1.9529 -1.80068 1.27579 -1.69591 1.31004 2.98207
1.95319 -1.80045 1.27578 -1.69619 1.30965 2.98442
1.95349 -1.80022 1.27576 -1.69647 1.30926 2.98678
1.95379 -1.79999 1.27574 -1.69675 1.30887 2.98914
1.95409 -1.79976 1.27573 -1.69703 1.30848 2.9915
1.95438 -1.79954 1.27571 -1.6973 1.30809 2.99386
1.95468 -1.79931 1.2757 -1.69758 1.3077 2.99622
1.95498 -1.79908 1.27568 -1.69786 1.30732 2.99858
1.95527 -1.79885 1.27566 -1.69814 1.30693 3.00093
1.95557 -1.79862 1.27565 -1.69842 1.30654 3.00329
1.95587 -1.79839 1.27563 -1.69869 1.30615 3.00565
1.95617 -1.79816 1.27562 -1.69897 1.30576 3.00801
1.95646 -1.79793 1.2756 -1.69925 1.30537 3.01037
1.95676 -1.7977 1.27558 -1.69953 1.30498 3.01273
1.95706 -1.79747 1.27557 -1.69981 1.3046 3.01509
1.95735 -1.79724 1.27555 -1.70009 1.30421 3.01744
1.95765 -1.79701 1.27554 -1.70036 1.30382 3.0198
1.95795 -1.79678 1.27552 -1.70064 1.30343 3.02216
1.95825 -1.79655 1.2755 -1.70092 1.30304 3.02452
1.95854 -1.79632 1.27549 -1.7012 1.30265 3.02688
1.95884 -1.79609 1.27547 -1.70148 1.30226 3.02924
1.95914 -1.79587 1.27546 -1.70175 1.30188 3.0316
1.95943 -1.79564 1.27544 -1.70203 1.30149 3.03395
1.95973 -1.79541 1.27543 -1.70231 1.3011 3.03631
1.96003 -1.79518 1.27541 -1.70259 1.30071 3.03867
1.96033 -1.79495 1.27539 -1.70287 1.30032 3.04103
1.96062 -1.79472 1.27538 -1.70314 1.29993 3.04339
1.96092 -1.79449 1.27536 -1.70342 1.29954 3.04575
1.96122 -1.79426 1.27535 -1.7037 1.29916 3.04811
1.96151 -1.79403 1.27533 -1.70398 1.29877 3.05046
1.96181 -1.7938 1.27531 -1.70426 1.29838 3.05282
1.96211 -1.79357 1.2753 -1.70454 1.29799 3.05518
1.96241 -1.79334 1.27528 -1.70481 1.2976 3.05754
1.9627 -1.79311 1.27527 -1.70509 1.29721 3.0599
1.963 -1.79288 1.27525 -1.70537 1.29682 3.06226
1.9633 -1.79265 1.27523 -1.70565 1.29644 3.06462
1.9636 -1.79242 1.27522 -1.70593 1.29605 3.06697
1.96389 -1.79219 1.2752 -1.7062 1.29566 3.06933
1.96419 -1.79197 1.27519 -1.70648 1.29527 3.07169
1.96449 -1.79174 1.27517 -1.70676 1.29488 3.07405
1.96478 -1.79151 1.27515 -1.70704 1.29449 3.07641
1.96508 -1.79128 1.27514 -1.70732 1.2941 3.07877
1.96538 -1.79105 1.27512 -1.7076 1.29372 3.08113
1.96568 -1.79082 1.27511 -1.70787 1.29333 3.08348
1.96597 -1.79059 1.27509 -1.70815 1.29294 3.08584
1.96627 -1.79036 1.27507 -1.70843 1.29255 3.0882
1.96657 -1.79013 1.27506 -1.70871 1.29216 3.09056
1.96686 -1.7899 1.27504 -1.70899 1.29177 3.09292
1.96716 -1.78967 1.27503 -1.70926 1.29138 3.09528
1.96746 -1.78944 1.27501 -1.70954 1.29099 3.09764
1.96776 -1.78921 1.27499 -1.70982 1.29061 3.09999
1.96805 -1.78898 1.27498 -1.7101 1.29022 3.10235
1.96835 -1.78875 1.27496 -1.71038 1.28983 3.10471
1.96865 -1.78852 1.27495 -1.71065 1.28944 3.10707
1.96894 -1.7883 1.27493 -1.71093 1.28905 3.10943
1.96924 -1.78807 1.27491 -1.71121 1.28866 3.11179
1.96954 -1.78784 1.2749 -1.71149 1.28827 3.11414
1.96984 -1.78761 1.27488 -1.71177 1.28789 3.1165
1.97013 -1.78738 1.27487 -1.71205 1.2875 3.11886
1.97043 -1.78715 1.27485 -1.71232 1.28711 3.12122
1.97073 -1.78692 1.27483 -1.7126 1.28672 3.12358
1.97102 -1.78669 1.27482 -1.71288 1.28633 3.12594
1.97132 -1.78646 1.2748 -1.71316 1.28594 3.1283
1.97162 -1.78623 1.27479 -1.71344 1.28555 3.13065
1.97192 -1.786 1.27477 -1.71371 1.28517 3.13301
1.97221 -1.78577 1.27475 -1.71399 1.28478 3.13537
1.97251 -1.78554 1.27474 -1.71427 1.28439 3.13773
1.97281 -1.78531 1.27472 -1.71455 1.284 3.14009
1.97311 -1.78508 1.27471 -1.71483 1.28361 3.14245
1.9734 -1.78485 1.27469 -1.71511 1.28322 3.14481
1.9737 -1.78463 1.27467 -1.71538 1.28283 3.14716
1.974 -1.7844 1.27466 -1.71566 1.28245 3.14952
1.97429 -1.78417 1.27464 -1.71594 1.28206 3.15188
1.97459 -1.78394 1.27463 -1.71622 1.28167 3.15424
1.97489 -1.78371 1.27461 -1.7165 1.28128 3.1566
1.97519 -1.78348 1.27459 -1.71677 1.28089 3.15896
1.97548 -1.78325 1.27458 -1.71705 1.2805 3.16132
1.97578 -1.78302 1.27456 -1.71733 1.28011 3.16367
1.97608 -1.78279 1.27455 -1.71761 1.27973 3.16603
1.97637 -1.78256 1.27453 -1.71789 1.27934 3.16839
1.97667 -1.78233 1.27451 -1.71817 1.27895 3.17075
1.97697 -1.7821 1.2745 -1.71844 1.27856 3.17311
1.97727 -1.78187 1.27448 -1.71872 1.27817 3.17547
1.97756 -1.78164 1.27447 -1.719 1.27778 3.17783
1.97786 -1.78141 1.27445 -1.71928 1.27739 3.18018
1.97816 -1.78118 1.27443 -1.71956 1.27701 3.18254
1.97845 -1.78096 1.27442 -1.71983 1.27662 3.1849
1.97875 -1.78073 1.2744 -1.72011 1.27623 3.18726
1.97905 -1.7805 1.27439 -1.72039 1.27584 3.18962
1.97935 -1.78027 1.27437 -1.72067 1.27545 3.19198
1.97964 -1.78004 1.27435 -1.72095 1.27506 3.19434
1.97994 -1.77981 1.27434 -1.72122 1.27467 3.19669
1.98024 -1.77958 1.27432 -1.7215 1.27429 3.19905
1.98054 -1.77935 1.27431 -1.72178 1.2739 3.20141
1.98083 -1.77912 1.27429 -1.72206 1.27351 3.20377
1.98113 -1.77889 1.27427 -1.72234 1.27312 3.20613
1.98143 -1.77866 1.27426 -1.72262 1.27273 3.20849
1.98172 -1.77843 1.27424 -1.72289 1.27234 3.21085
1.98202 -1.7782 1.27423 -1.72317 1.27195 3.2132
1.98232 -1.77797 1.27421 -1.72345 1.27157 3.21556
1.98262 -1.77774 1.27419 -1.72373 1.27118 3.21792
1.98291 -1.77751 1.27418 -1.72401 1.27079 3.22028
1.98321 -1.77729 1.27416 -1.72428 1.2704 3.22264
1.98351 -1.77706 1.27415 -1.72456 1.27001 3.225
1.9838 -1.77683 1.27413 -1.72484 1.26962 3.22736
1.9841 -1.7766 1.27411 -1.72512 1.26923 3.22971
1.9844 -1.77637 1.2741 -1.7254 1.26885 3.23207
1.9847 -1.77614 1.27408 -1.72568 1.26846 3.23443
1.98499 -1.77591 1.27407 -1.72595 1.26807 3.23679
1.98529 -1.77568 1.27405 -1.72623 1.26768 3.23915
1.98559 -1.77545 1.27403 -1.72651 1.26729 3.24151
1.98588 -1.77522 1.27402 -1.72679 1.2669 3.24387
1.98618 -1.77499 1.274 -1.72707 1.26651 3.24622
1.98648 -1.77476 1.27399 -1.72734 1.26613 3.24858
1.98678 -1.77453 1.27397 -1.72762 1.26574 3.25094
1.98707 -1.7743 1.27395 -1.7279 1.26535 3.2533
1.98737 -1.77407 1.27394 -1.72818 1.26496 3.25566
1.98767 -1.77384 1.27392 -1.72846 1.26457 3.25802
1.98796 -1.77362 1.27391 -1.72874 1.26418 3.26038
1.98826 -1.77339 1.27389 -1.72901 1.26379 3.26273
1.98856 -1.77316 1.27387 -1.72929 1.26341 3.26509
1.98886 -1.77293 1.27386 -1.72957 1.26302 3.26745
1.98915 -1.7727 1.27384 -1.72985 1.26263 3.26981
1.98945 -1.77247 1.27383 -1.73013 1.26224 3.27217
1.98975 -1.77224 1.27381 -1.7304 1.26185 3.27453
1.99005 -1.77201 1.27379 -1.73068 1.26146 3.27689
1.99034 -1.77178 1.27378 -1.73096 1.26107 3.27924
1.99064 -1.77155 1.27376 -1.73124 1.26068 3.2816
1.99094 -1.77132 1.27375 -1.73152 1.2603 3.28396
1.99123 -1.77109 1.27373 -1.73179 1.25991 3.28632
1.99153 -1.77086 1.27371 -1.73207 1.25952 3.28868
1.99183 -1.77063 1.2737 -1.73235 1.25913 3.29104
1.99213 -1.7704 1.27368 -1.73263 1.25874 3.29339
1.99242 -1.77017 1.27367 -1.73291 1.25835 3.29575
1.99272 -1.76994 1.27365 -1.73319 1.25796 3.29811
1.99302 -1.76972 1.27363 -1.73346 1.25758 3.30047
1.99331 -1.76949 1.27362 -1.73374 1.25719 3.30283
1.99361 -1.76926 1.2736 -1.73402 1.2568 3.30519
1.99391 -1.76903 1.27359 -1.7343 1.25641 3.30755
1.99421 -1.7688 1.27357 -1.73458 1.25602 3.3099
1.9945 -1.76857 1.27355 -1.73485 1.25563 3.31226
1.9948 -1.76834 1.27354 -1.73513 1.25524 3.31462
1.9951 -1.76811 1.27352 -1.73541 1.25486 3.31698
1.99539 -1.76788 1.27351 -1.73569 1.25447 3.31934
1.99569 -1.76765 1.27349 -1.73597 1.25408 3.3217
1.99599 -1.76742 1.27347 -1.73625 1.25369 3.32406
1.99629 -1.76719 1.27346 -1.73652 1.2533 3.32641
1.99658 -1.76696 1.27344 -1.7368 1.25291 3.32877
1.99688 -1.76673 1.27343 -1.73708 1.25252 3.33113
1.99718 -1.7665 1.27341 -1.73736 1.25214 3.33349
1.99747 -1.76627 1.27339 -1.73764 1.25175 3.33585
1.99777 -1.76605 1.27338 -1.73791 1.25136 3.33821
1.99807 -1.76582 1.27336 -1.73819 1.25097 3.34057
1.99837 -1.76559 1.27335 -1.73847 1.25058 3.34292
1.99866 -1.76536 1.27333 -1.73875 1.25019 3.34528
1.99896 -1.76513 1.27331 -1.73903 1.2498 3.34764
1.99926 -1.7649 1.2733 -1.7393 1.24942 3.35
1.99956 -1.76467 1.27328 -1.73958 1.24903 3.35236
1.99985 -1.76444 1.27327 -1.73986 1.24864 3.35472
2.00015 -1.76421 1.27325 -1.74014 1.24825 3.35708
2.00045 -1.76398 1.27323 -1.74042 1.24786 3.35943
2.00074 -1.76375 1.27322 -1.7407 1.24747 3.36179
2.00104 -1.76352 1.2732 -1.74097 1.24708 3.36415
2.00134 -1.76329 1.27319 -1.74125 1.2467 3.36651
2.00164 -1.76306 1.27317 -1.74153 1.24631 3.36887
2.00193 -1.76283 1.27316 -1.74181 1.24592 3.37123
2.00223 -1.7626 1.27314 -1.74209 1.24553 3.37359
2.00253 -1.76238 1.27312 -1.74236 1.24514 3.37594
2.00282 -1.76215 1.27311 -1.74264 1.24475 3.3783
2.00312 -1.76192 1.27309 -1.74292 1.24436 3.38066
2.00342 -1.76169 1.27308 -1.7432 1.24398 3.38302
2.00372 -1.76146 1.27306 -1.74348 1.24359 3.38538
2.00401 -1.76123 1.27304 -1.74376 1.2432 3.38774
2.00431 -1.761 1.27303 -1.74403 1.24281 3.3901
2.00461 -1.76077 1.27301 -1.74431 1.24242 3.39245
2.0049 -1.76054 1.273 -1.74459 1.24203 3.39481
2.0052 -1.76031 1.27298 -1.74487 1.24164 3.39717
2.0055 -1.76008 1.27296 -1.74515 1.24126 3.39953
2.0058 -1.75985 1.27295 -1.74542 1.24087 3.40189
2.00609 -1.75962 1.27293 -1.7457 1.24048 3.40425
2.00639 -1.75939 1.27292 -1.74598 1.24009 3.40661
2.00669 -1.75916 1.2729 -1.74626 1.2397 3.40896
2.00699 -1.75893 1.27288 -1.74654 1.23931 3.41132
2.00728 -1.75871 1.27287 -1.74682 1.23892 3.41368
2.00758 -1.75848 1.27285 -1.74709 1.23854 3.41604
2.00788 -1.75825 1.27284 -1.74737 1.23815 3.4184
2.00817 -1.75802 1.27282 -1.74765 1.23776 3.42076
2.00847 -1.75779 1.2728 -1.74793 1.23737 3.42312
2.00877 -1.75756 1.27279 -1.74821 1.23698 3.42547
2.00907 -1.75733 1.27277 -1.74848 1.23659 3.42783
2.00936 -1.7571 1.27276 -1.74876 1.2362 3.43019
2.00966 -1.75687 1.27274 -1.74904 1.23582 3.43255
2.00996 -1.75664 1.27272 -1.74932 1.23543 3.43491
2.01025 -1.75641 1.27271 -1.7496 1.23504 3.43727
2.01055 -1.75618 1.27269 -1.74987 1.23465 3.43963
2.01085 -1.75595 1.27268 -1.75015 1.23426 3.44198
2.01115 -1.75572 1.27266 -1.75043 1.23387 3.44434
2.01144 -1.75549 1.27264 -1.75071 1.23348 3.4467
2.01174 -1.75526 1.27263 -1.75099 1.2331 3.44906
2.01204 -1.75504 1.27261 -1.75127 1.23271 3.45142
2.01233 -1.75481 1.2726 -1.75154 1.23232 3.45378
2.01263 -1.75458 1.27258 -1.75182 1.23193 3.45614
2.01293 -1.75435 1.27256 -1.7521 1.23154 3.45849
2.01323 -1.75412 1.27255 -1.75238 1.23115 3.46085
2.01352 -1.75389 1.27253 -1.75266 1.23076 3.46321
2.01382 -1.75366 1.27252 -1.75293 1.23037 3.46557
2.01412 -1.75343 1.2725 -1.75321 1.22999 3.46793
2.01441 -1.7532 1.27248 -1.75349 1.2296 3.47029
2.01471 -1.75297 1.27247 -1.75377 1.22921 3.47264
2.01501 -1.75274 1.27245 -1.75405 1.22882 3.475
2.01531 -1.75251 1.27244 -1.75433 1.22843 3.47736
2.0156 -1.75228 1.27242 -1.7546 1.22804 3.47972
2.0159 -1.75205 1.2724 -1.75488 1.22765 3.48208
2.0162 -1.75182 1.27239 -1.75516 1.22727 3.48444
2.0165 -1.75159 1.27237 -1.75544 1.22688 3.4868
2.01679 -1.75137 1.27236 -1.75572 1.22649 3.48915
2.01709 -1.75114 1.27234 -1.75599 1.2261 3.49151
2.01739 -1.75091 1.27232 -1.75627 1.22571 3.49387
2.01768 -1.75068 1.27231 -1.75655 1.22532 3.49623
2.01798 -1.75045 1.27229 -1.75683 1.22493 3.49859
2.01828 -1.75022 1.27228 -1.75711 1.22455 3.50095
2.01858 -1.74999 1.27226 -1.75739 1.22416 3.50331
2.01887 -1.74976 1.27224 -1.75766 1.22377 3.50566
2.01917 -1.74953 1.27223 -1.75794 1.22338 3.50802
2.01947 -1.7493 1.27221 -1.75822 1.22299 3.51038
2.01976 -1.74907 1.2722 -1.7585 1.2226 3.51274
2.02006 -1.74884 1.27218 -1.75878 1.22221 3.5151
2.02036 -1.74861 1.27216 -1.75905 1.22183 3.51746
2.02066 -1.74838 1.27215 -1.75933 1.22144 3.51982
2.02095 -1.74815 1.27213 -1.75961 1.22105 3.52217
2.02125 -1.74792 1.27212 -1.75989 1.22066 3.52453
2.02155 -1.74769 1.2721 -1.76017 1.22027 3.52689
2.02184 -1.74747 1.27208 -1.76044 1.21988 3.52925
2.02214 -1.74724 1.27207 -1.76072 1.21949 3.53161
2.02244 -1.74701 1.27205 -1.761 1.21911 3.53397
2.02274 -1.74678 1.27204 -1.76128 1.21872 3.53633
2.02303 -1.74655 1.27202 -1.76156 1.21833 3.53868
