-2.09108 1.90563 -1.9008 1.83395 0.786644 3.135
-2.09093 1.90561 -1.89991 1.83395 0.786644 3.135
-2.09078 1.90559 -1.89901 1.83395 0.786644 3.135
-2.09062 1.90557 -1.89812 1.83395 0.786644 3.135
-2.09047 1.90555 -1.89723 1.83395 0.786644 3.135
-2.09031 1.90552 -1.89633 1.83395 0.786644 3.135
-2.09016 1.9055 -1.89544 1.83395 0.786644 3.135
-2.09 1.90548 -1.89455 1.83395 0.786644 3.135
-2.08985 1.90546 -1.89365 1.83395 0.786644 3.135
-2.08969 1.90544 -1.89276 1.83395 0.786644 3.135
-2.08954 1.90542 -1.89187 1.83395 0.786644 3.135
-2.08939 1.9054 -1.89097 1.83395 0.786644 3.135
-2.08923 1.90538 -1.89008 1.83395 0.786644 3.135
-2.08908 1.90536 -1.88918 1.83395 0.786644 3.135
-2.08892 1.90534 -1.88829 1.83395 0.786644 3.135
-2.08877 1.90532 -1.8874 1.83395 0.786644 3.135
-2.08861 1.9053 -1.8865 1.83395 0.786644 3.135
-2.08846 1.90528 -1.88561 1.83395 0.786644 3.135
-2.0883 1.90525 -1.88472 1.83395 0.786644 3.135
-2.08815 1.90523 -1.88382 1.83395 0.786644 3.135
-2.088 1.90521 -1.88293 1.83395 0.786644 3.135
-2.08784 1.90519 -1.88204 1.83395 0.786644 3.135
-2.08769 1.90517 -1.88114 1.83395 0.786644 3.135
-2.08753 1.90515 -1.88025 1.83395 0.786644 3.135
-2.08738 1.90513 -1.87936 1.83395 0.786644 3.135
-2.08722 1.90511 -1.87846 1.83395 0.786644 3.135
-2.08707 1.90509 -1.87757 1.83395 0.786644 3.135
-2.08692 1.90507 -1.87668 1.83395 0.786644 3.135
-2.08676 1.90505 -1.87578 1.83395 0.786644 3.135
-2.08661 1.90503 -1.87489 1.83395 0.786644 3.135
-2.08645 1.90501 -1.874 1.83395 0.786644 3.135
-2.0863 1.90498 -1.8731 1.83395 0.786644 3.135
-2.08614 1.90496 -1.87221 1.83395 0.786644 3.135
-2.08599 1.90494 -1.87132 1.83395 0.786644 3.135
-2.08583 1.90492 -1.87042 1.83395 0.786644 3.135
-2.08568 1.9049 -1.86953 1.83395 0.786644 3.135
-2.08553 1.90488 -1.86864 1.83395 0.786644 3.135
-2.08537 1.90486 -1.86774 1.83395 0.786644 3.135
-2.08522 1.90484 -1.86685 1.83395 0.786644 3.135
-2.08506 1.90482 -1.86596 1.83395 0.786644 3.135
-2.08491 1.9048 -1.86506 1.83395 0.786644 3.135
-2.08475 1.90478 -1.86417 1.83395 0.786644 3.135
-2.0846 1.90476 -1.86328 1.83395 0.786644 3.135
-2.08444 1.90474 -1.86238 1.83395 0.786644 3.135
-2.08429 1.90471 -1.86149 1.83395 0.786644 3.135
-2.08414 1.90469 -1.8606 1.83395 0.786644 3.135
-2.08398 1.90467 -1.8597 1.83395 0.786644 3.135
-2.08383 1.90465 -1.85881 1.83395 0.786644 3.135
-2.08367 1.90463 -1.85792 1.83395 0.786644 3.135
-2.08352 1.90461 -1.85702 1.83395 0.786644 3.135
-2.08336 1.90459 -1.85613 1.83395 0.786644 3.135
-2.08321 1.90457 -1.85524 1.83395 0.786644 3.135
-2.08305 1.90455 -1.85434 1.83395 0.786644 3.135
-2.0829 1.90453 -1.85345 1.83395 0.786644 3.135
-2.08275 1.90451 -1.85256 1.83395 0.786644 3.135
-2.08259 1.90449 -1.85166 1.83395 0.786644 3.135
-2.08244 1.90447 -1.85077 1.83395 0.786644 3.135
-2.08228 1.90444 -1.84988 1.83395 0.786644 3.135
-2.08213 1.90442 -1.84898 1.83395 0.786644 3.135
-2.08197 1.9044 -1.84809 1.83395 0.786644 3.135
-2.08182 1.90438 -1.8472 1.83395 0.786644 3.135
-2.08166 1.90436 -1.8463 1.83395 0.786644 3.135
-2.08151 1.90434 -1.84541 1.83395 0.786644 3.135
-2.08136 1.90432 -1.84451 1.83395 0.786644 3.135
-2.0812 1.9043 -1.84362 1.83395 0.786644 3.135
-2.08105 1.90428 -1.84273 1.83395 0.786644 3.135
-2.08089 1.90426 -1.84183 1.83395 0.786644 3.135
-2.08074 1.90424 -1.84094 1.83395 0.786644 3.135
-2.08058 1.90422 -1.84005 1.83395 0.786644 3.135
-2.08043 1.9042 -1.83915 1.83395 0.786644 3.135
-2.08027 1.90417 -1.83826 1.83395 0.786644 3.135
-2.08012 1.90415 -1.83737 1.83395 0.786644 3.135
-2.07997 1.90413 -1.83647 1.83395 0.786644 3.135
-2.07981 1.90411 -1.83558 1.83395 0.786644 3.135
-2.07966 1.90409 -1.83469 1.83395 0.786644 3.135
-2.0795 1.90407 -1.83379 1.83395 0.786644 3.135
-2.07935 1.90405 -1.8329 1.83395 0.786644 3.135
-2.07919 1.90403 -1.83201 1.83395 0.786644 3.135
-2.07904 1.90401 -1.83111 1.83395 0.786644 3.135
-2.07889 1.90399 -1.83022 1.83395 0.786644 3.135
-2.07873 1.90397 -1.82933 1.83395 0.786644 3.135
-2.07858 1.90395 -1.82843 1.83395 0.786644 3.135
-2.07842 1.90393 -1.82754 1.83395 0.786644 3.135
-2.07827 1.9039 -1.82665 1.83395 0.786644 3.135
-2.07811 1.90388 -1.82575 1.83395 0.786644 3.135
-2.07796 1.90386 -1.82486 1.83395 0.786644 3.135
-2.0778 1.90384 -1.82397 1.83395 0.786644 3.135
-2.07765 1.90382 -1.82307 1.83395 0.786644 3.135
-2.0775 1.9038 -1.82218 1.83395 0.786644 3.135
-2.07734 1.90378 -1.82129 1.83395 0.786644 3.135
-2.07719 1.90376 -1.82039 1.83395 0.786644 3.135
-2.07703 1.90374 -1.8195 1.83395 0.786644 3.135
-2.07688 1.90372 -1.81861 1.83395 0.786644 3.135
-2.07672 1.9037 -1.81771 1.83395 0.786644 3.135
-2.07657 1.90368 -1.81682 1.83395 0.786644 3.135
-2.07641 1.90366 -1.81593 1.83395 0.786644 3.135
-2.07626 1.90364 -1.81503 1.83395 0.786644 3.135
-2.07611 1.90361 -1.81414 1.83395 0.786644 3.135
-2.07595 1.90359 -1.81325 1.83395 0.786644 3.135
-2.0758 1.90357 -1.81235 1.83395 0.786644 3.135
-2.07564 1.90355 -1.81146 1.83395 0.786644 3.135
-2.07549 1.90353 -1.81057 1.83395 0.786644 3.135
-2.07533 1.90351 -1.80967 1.83395 0.786644 3.135
-2.07518 1.90349 -1.80878 1.83395 0.786644 3.135
-2.07502 1.90347 -1.80789 1.83395 0.786644 3.135
-2.07487 1.90345 -1.80699 1.83395 0.786644 3.135
-2.07472 1.90343 -1.8061 1.83395 0.786644 3.135
-2.07456 1.90341 -1.80521 1.83395 0.786644 3.135
-2.07441 1.90339 -1.80431 1.83395 0.786644 3.135
-2.07425 1.90337 -1.80342 1.83395 0.786644 3.135
-2.0741 1.90334 -1.80253 1.83395 0.786644 3.135
-2.07394 1.90332 -1.80163 1.83395 0.786644 3.135
-2.07379 1.9033 -1.80074 1.83395 0.786644 3.135
-2.07363 1.90328 -1.79984 1.83395 0.786644 3.135
-2.07348 1.90326 -1.79895 1.83395 0.786644 3.135
-2.07333 1.90324 -1.79806 1.83395 0.786644 3.135
-2.07317 1.90322 -1.79716 1.83395 0.786644 3.135
-2.07302 1.9032 -1.79627 1.83395 0.786644 3.135
-2.07286 1.90318 -1.79538 1.83395 0.786644 3.135
-2.07271 1.90316 -1.79448 1.83395 0.786644 3.135
-2.07255 1.90314 -1.79359 1.83395 0.786644 3.135
-2.0724 1.90312 -1.7927 1.83395 0.786644 3.135
-2.07225 1.9031 -1.7918 1.83395 0.786644 3.135
-2.07209 1.90307 -1.79091 1.83395 0.786644 3.135
-2.07194 1.90305 -1.79002 1.83395 0.786644 3.135
-2.07178 1.90303 -1.78912 1.83395 0.786644 3.135
-2.07163 1.90301 -1.78823 1.83395 0.786644 3.135
-2.07147 1.90299 -1.78734 1.83395 0.786644 3.135
-2.07132 1.90297 -1.78644 1.83395 0.786644 3.135
-2.07116 1.90295 -1.78555 1.83395 0.786644 3.135
-2.07101 1.90293 -1.78466 1.83395 0.786644 3.135
-2.07086 1.90291 -1.78376 1.83395 0.786644 3.135
-2.0707 1.90289 -1.78287 1.83395 0.786644 3.135
-2.07055 1.90287 -1.78198 1.83395 0.786644 3.135
-2.07039 1.90285 -1.78108 1.83395 0.786644 3.135
-2.07024 1.90283 -1.78019 1.83395 0.786644 3.135
-2.07008 1.9028 -1.7793 1.83395 0.786644 3.135
-2.06993 1.90278 -1.7784 1.83395 0.786644 3.135
-2.06977 1.90276 -1.77751 1.83395 0.786644 3.135
-2.06962 1.90274 -1.77662 1.83395 0.786644 3.135
-2.06947 1.90272 -1.77572 1.83395 0.786644 3.135
-2.06931 1.9027 -1.77483 1.83395 0.786644 3.135
-2.06916 1.90268 -1.77394 1.83395 0.786644 3.135
-2.069 1.90266 -1.77304 1.83395 0.786644 3.135
-2.06885 1.90264 -1.77215 1.83395 0.786644 3.135
-2.06869 1.90262 -1.77126 1.83395 0.786644 3.135
-2.06854 1.9026 -1.77036 1.83395 0.786644 3.135
-2.06838 1.90258 -1.76947 1.83395 0.786644 3.135
-2.06823 1.90256 -1.76858 1.83395 0.786644 3.135
-2.06808 1.90253 -1.76768 1.83395 0.786644 3.135
-2.06792 1.90251 -1.76679 1.83395 0.786644 3.135
-2.06777 1.90249 -1.7659 1.83395 0.786644 3.135
-2.06761 1.90247 -1.765 1.83395 0.786644 3.135
-2.06746 1.90245 -1.76411 1.83395 0.786644 3.135
-2.0673 1.90243 -1.76322 1.83395 0.786644 3.135
-2.06715 1.90241 -1.76232 1.83395 0.786644 3.135
-2.06699 1.90239 -1.76143 1.83395 0.786644 3.135
-2.06684 1.90237 -1.76054 1.83395 0.786644 3.135
-2.06669 1.90235 -1.75964 1.83395 0.786644 3.135
-2.06653 1.90233 -1.75875 1.83395 0.786644 3.135
-2.06638 1.90231 -1.75786 1.83395 0.786644 3.135
-2.06622 1.90229 -1.75696 1.83395 0.786644 3.135
-2.06607 1.90226 -1.75607 1.83395 0.786644 3.135
-2.06591 1.90224 -1.75518 1.83395 0.786644 3.135
-2.06576 1.90222 -1.75428 1.83395 0.786644 3.135
-2.06561 1.9022 -1.75339 1.83395 0.786644 3.135
-2.06545 1.90218 -1.75249 1.83395 0.786644 3.135
-2.0653 1.90216 -1.7516 1.83395 0.786644 3.135
-2.06514 1.90214 -1.75071 1.83395 0.786644 3.135
-2.06499 1.90212 -1.74981 1.83395 0.786644 3.135
-2.06483 1.9021 -1.74892 1.83395 0.786644 3.135
-2.06468 1.90208 -1.74803 1.83395 0.786644 3.135
-2.06452 1.90206 -1.74713 1.83395 0.786644 3.135
-2.06437 1.90204 -1.74624 1.83395 0.786644 3.135
-2.06422 1.90202 -1.74535 1.83395 0.786644 3.135
-2.06406 1.90199 -1.74445 1.83395 0.786644 3.135
-2.06391 1.90197 -1.74356 1.83395 0.786644 3.135
-2.06375 1.90195 -1.74267 1.83395 0.786644 3.135
-2.0636 1.90193 -1.74177 1.83395 0.786644 3.135
-2.06344 1.90191 -1.74088 1.83395 0.786644 3.135
-2.06329 1.90189 -1.73999 1.83395 0.786644 3.135
-2.06313 1.90187 -1.73909 1.83395 0.786644 3.135
-2.06298 1.90185 -1.7382 1.83395 0.786644 3.135
-2.06283 1.90183 -1.73731 1.83395 0.786644 3.135
-2.06267 1.90181 -1.73641 1.83395 0.786644 3.135
-2.06252 1.90179 -1.73552 1.83395 0.786644 3.135
-2.06236 1.90177 -1.73463 1.83395 0.786644 3.135
-2.06221 1.90175 -1.73373 1.83395 0.786644 3.135
-2.06205 1.90172 -1.73284 1.83395 0.786644 3.135
-2.0619 1.9017 -1.73195 1.83395 0.786644 3.135
-2.06174 1.90168 -1.73105 1.83395 0.786644 3.135
-2.06159 1.90166 -1.73016 1.83395 0.786644 3.135
-2.06144 1.90164 -1.72927 1.83395 0.786644 3.135
-2.06128 1.90162 -1.72837 1.83395 0.786644 3.135
-2.06113 1.9016 -1.72748 1.83395 0.786644 3.135
-2.06097 1.90158 -1.72659 1.83395 0.786644 3.135
-2.06082 1.90156 -1.72569 1.83395 0.786644 3.135
-2.06066 1.90154 -1.7248 1.83395 0.786644 3.135
-2.06051 1.90152 -1.72391 1.83395 0.786644 3.135
-2.06035 1.9015 -1.72301 1.83395 0.786644 3.135
-2.0602 1.90148 -1.72212 1.83395 0.786644 3.135
-2.06005 1.90145 -1.72123 1.83395 0.786644 3.135
-2.05989 1.90143 -1.72033 1.83395 0.786644 3.135
-2.05974 1.90141 -1.71944 1.83395 0.786644 3.135
-2.05958 1.90139 -1.71855 1.83395 0.786644 3.135
-2.05943 1.90137 -1.71765 1.83395 0.786644 3.135
-2.05927 1.90135 -1.71676 1.83395 0.786644 3.135
-2.05912 1.90133 -1.71587 1.83395 0.786644 3.135
-2.05897 1.90131 -1.71497 1.83395 0.786644 3.135
-2.05881 1.90129 -1.71408 1.83395 0.786644 3.135
-2.05866 1.90127 -1.71319 1.83395 0.786644 3.135
-2.0585 1.90125 -1.71229 1.83395 0.786644 3.135
-2.05835 1.90123 -1.7114 1.83395 0.786644 3.135
-2.05819 1.90121 -1.71051 1.83395 0.786644 3.135
-2.05804 1.90118 -1.70961 1.83395 0.786644 3.135
-2.05788 1.90116 -1.70872 1.83395 0.786644 3.135
-2.05773 1.90114 -1.70782 1.83395 0.786644 3.135
-2.05758 1.90112 -1.70693 1.83395 0.786644 3.135
-2.05742 1.9011 -1.70604 1.83395 0.786644 3.135
-2.05727 1.90108 -1.70514 1.83395 0.786644 3.135
-2.05711 1.90106 -1.70425 1.83395 0.786644 3.135
-2.05696 1.90104 -1.70336 1.83395 0.786644 3.135
-2.0568 1.90102 -1.70246 1.83395 0.786644 3.135
-2.05665 1.901 -1.70157 1.83395 0.786644 3.135
-2.05649 1.90098 -1.70068 1.83395 0.786644 3.135
-2.05634 1.90096 -1.69978 1.83395 0.786644 3.135
-2.05619 1.90094 -1.69889 1.83395 0.786644 3.135
-2.05603 1.90091 -1.698 1.83395 0.786644 3.135
-2.05588 1.90089 -1.6971 1.83395 0.786644 3.135
-2.05572 1.90087 -1.69621 1.83395 0.786644 3.135
-2.05557 1.90085 -1.69532 1.83395 0.786644 3.135
-2.05541 1.90083 -1.69442 1.83395 0.786644 3.135
-2.05526 1.90081 -1.69353 1.83395 0.786644 3.135
-2.0551 1.90079 -1.69264 1.83395 0.786644 3.135
-2.05495 1.90077 -1.69174 1.83395 0.786644 3.135
-2.0548 1.90075 -1.69085 1.83395 0.786644 3.135
-2.05464 1.90073 -1.68996 1.83395 0.786644 3.135
-2.05449 1.90071 -1.68906 1.83395 0.786644 3.135
-2.05433 1.90069 -1.68817 1.83395 0.786644 3.135
-2.05418 1.90067 -1.68728 1.83395 0.786644 3.135
-2.05402 1.90064 -1.68638 1.83395 0.786644 3.135
-2.05387 1.90062 -1.68549 1.83395 0.786644 3.135
-2.05371 1.9006 -1.6846 1.83395 0.786644 3.135
-2.05356 1.90058 -1.6837 1.83395 0.786644 3.135
-2.05341 1.90056 -1.68281 1.83395 0.786644 3.135
-2.05325 1.90054 -1.68192 1.83395 0.786644 3.135
-2.0531 1.90052 -1.68102 1.83395 0.786644 3.135
-2.05294 1.9005 -1.68013 1.83395 0.786644 3.135
-2.05279 1.90048 -1.67924 1.83395 0.786644 3.135
-2.05263 1.90046 -1.67834 1.83395 0.786644 3.135
-2.05248 1.90044 -1.67745 1.83395 0.786644 3.135
-2.05232 1.90042 -1.67656 1.83395 0.786644 3.135
-2.05217 1.9004 -1.67566 1.83395 0.786644 3.135
-2.05202 1.90038 -1.67477 1.83395 0.786644 3.135
-2.05186 1.90035 -1.67388 1.83395 0.786644 3.135
-2.05171 1.90033 -1.67298 1.83395 0.786644 3.135
-2.05155 1.90031 -1.67209 1.83395 0.786644 3.135
-2.0514 1.90029 -1.6712 1.83395 0.786644 3.135
-2.05124 1.90027 -1.6703 1.83395 0.786644 3.135
-2.05109 1.90025 -1.66941 1.83395 0.786644 3.135
-2.05094 1.90023 -1.66852 1.83395 0.786644 3.135
-2.05078 1.90021 -1.66762 1.83395 0.786644 3.135
-2.05063 1.90019 -1.66673 1.83395 0.786644 3.135
-2.05047 1.90017 -1.66584 1.83395 0.786644 3.135
-2.05032 1.90015 -1.66494 1.83395 0.786644 3.135
-2.05016 1.90013 -1.66405 1.83395 0.786644 3.135
-2.05001 1.90011 -1.66315 1.83395 0.786644 3.135
-2.04985 1.90008 -1.66226 1.83395 0.786644 3.135
-2.0497 1.90006 -1.66137 1.83395 0.786644 3.135
-2.04955 1.90004 -1.66047 1.83395 0.786644 3.135
-2.04939 1.90002 -1.65958 1.83395 0.786644 3.135
-2.04924 1.9 -1.65869 1.83395 0.786644 3.135
-2.04908 1.89998 -1.65779 1.83395 0.786644 3.135
-2.04893 1.89996 -1.6569 1.83395 0.786644 3.135
-2.04877 1.89994 -1.65601 1.83395 0.786644 3.135
-2.04862 1.89992 -1.65511 1.83395 0.786644 3.135
-2.04846 1.8999 -1.65422 1.83395 0.786644 3.135
-2.04831 1.89988 -1.65333 1.83395 0.786644 3.135
-2.04816 1.89986 -1.65243 1.83395 0.786644 3.135
-2.048 1.89984 -1.65154 1.83395 0.786644 3.135
-2.04785 1.89981 -1.65065 1.83395 0.786644 3.135
-2.04769 1.89979 -1.64975 1.83395 0.786644 3.135
-2.04754 1.89977 -1.64886 1.83395 0.786644 3.135
-2.04738 1.89975 -1.64797 1.83395 0.786644 3.135
-2.04723 1.89973 -1.64707 1.83395 0.786644 3.135
-2.04707 1.89971 -1.64618 1.83395 0.786644 3.135
-2.04692 1.89969 -1.64529 1.83395 0.786644 3.135
-2.04677 1.89967 -1.64439 1.83395 0.786644 3.135
-2.04661 1.89965 -1.6435 1.83395 0.786644 3.135
-2.04646 1.89963 -1.64261 1.83395 0.786644 3.135
-2.0463 1.89961 -1.64171 1.83395 0.786644 3.135
-2.04615 1.89959 -1.64082 1.83395 0.786644 3.135
-2.04599 1.89957 -1.63993 1.83395 0.786644 3.135
-2.04584 1.89954 -1.63903 1.83395 0.786644 3.135
-2.04568 1.89952 -1.63814 1.83395 0.786644 3.135
-2.04553 1.8995 -1.63725 1.83395 0.786644 3.135
-2.04538 1.89948 -1.63635 1.83395 0.786644 3.135
-2.04522 1.89946 -1.63546 1.83395 0.786644 3.135
-2.04507 1.89944 -1.63457 1.83395 0.786644 3.135
-2.04491 1.89942 -1.63367 1.83395 0.786644 3.135
-2.04476 1.8994 -1.63278 1.83395 0.786644 3.135
-2.0446 1.89938 -1.63189 1.83395 0.786644 3.135
-2.04445 1.89936 -1.63099 1.83395 0.786644 3.135
-2.0443 1.89934 -1.6301 1.83395 0.786644 3.135
-2.04414 1.89932 -1.62921 1.83395 0.786644 3.135
-2.04399 1.8993 -1.62831 1.83395 0.786644 3.135
-2.04383 1.89927 -1.62742 1.83395 0.786644 3.135
-2.04368 1.89925 -1.62653 1.83395 0.786644 3.135
-2.04352 1.89923 -1.62563 1.83395 0.786644 3.135
-2.04337 1.89921 -1.62474 1.83395 0.786644 3.135
-2.04321 1.89919 -1.62385 1.83395 0.786644 3.135
-2.04306 1.89917 -1.62295 1.83395 0.786644 3.135
-2.04291 1.89915 -1.62206 1.83395 0.786644 3.135
-2.04275 1.89913 -1.62117 1.83395 0.786644 3.135
-2.0426 1.89911 -1.62027 1.83395 0.786644 3.135
-2.04244 1.89909 -1.61938 1.83395 0.786644 3.135
-2.04229 1.89907 -1.61849 1.83395 0.786644 3.135
-2.04213 1.89905 -1.61759 1.83395 0.786644 3.135
-2.04198 1.89903 -1.6167 1.83395 0.786644 3.135
-2.04182 1.899 -1.6158 1.83395 0.786644 3.135
-2.04167 1.89898 -1.61491 1.83395 0.786644 3.135
-2.04152 1.89896 -1.61402 1.83395 0.786644 3.135
-2.04136 1.89894 -1.61312 1.83395 0.786644 3.135
-2.04121 1.89892 -1.61223 1.83395 0.786644 3.135
-2.04105 1.8989 -1.61134 1.83395 0.786644 3.135
-2.0409 1.89888 -1.61044 1.83395 0.786644 3.135
-2.04074 1.89886 -1.60955 1.83395 0.786644 3.135
-2.04059 1.89884 -1.60866 1.83395 0.786644 3.135
-2.04043 1.89882 -1.60776 1.83395 0.786644 3.135
-2.04028 1.8988 -1.60687 1.83395 0.786644 3.135
-2.04013 1.89878 -1.60598 1.83395 0.786644 3.135
-2.03997 1.89876 -1.60508 1.83395 0.786644 3.135
-2.03982 1.89873 -1.60419 1.83395 0.786644 3.135
-2.03966 1.89871 -1.6033 1.83395 0.786644 3.135
-2.03951 1.89869 -1.6024 1.83395 0.786644 3.135
-2.03935 1.89867 -1.60151 1.83395 0.786644 3.135
-2.0392 1.89865 -1.60062 1.83395 0.786644 3.135
-2.03904 1.89863 -1.59972 1.83395 0.786644 3.135
-2.03889 1.89861 -1.59883 1.83395 0.786644 3.135
-2.03874 1.89859 -1.59794 1.83395 0.786644 3.135
-2.03858 1.89857 -1.59704 1.83395 0.786644 3.135
-2.03843 1.89855 -1.59615 1.83395 0.786644 3.135
-2.03827 1.89853 -1.59526 1.83395 0.786644 3.135
-2.03812 1.89851 -1.59436 1.83395 0.786644 3.135
-2.03796 1.89849 -1.59347 1.83395 0.786644 3.135
-2.03781 1.89846 -1.59258 1.83395 0.786644 3.135
-2.03766 1.89844 -1.59168 1.83395 0.786644 3.135
-2.0375 1.89842 -1.59079 1.83395 0.786644 3.135
-2.03735 1.8984 -1.5899 1.83395 0.786644 3.135
-2.03719 1.89838 -1.589 1.83395 0.786644 3.135
-2.03704 1.89836 -1.58811 1.83395 0.786644 3.135
-2.03688 1.89834 -1.58722 1.83395 0.786644 3.135
-2.03673 1.89832 -1.58632 1.83395 0.786644 3.135
-2.03657 1.8983 -1.58543 1.83395 0.786644 3.135
-2.03642 1.89828 -1.58454 1.83395 0.786644 3.135
-2.03627 1.89826 -1.58364 1.83395 0.786644 3.135
-2.03611 1.89824 -1.58275 1.83395 0.786644 3.135
-2.03596 1.89822 -1.58186 1.83395 0.786644 3.135
-2.0358 1.89819 -1.58096 1.83395 0.786644 3.135
-2.03565 1.89817 -1.58007 1.83395 0.786644 3.135
-2.03549 1.89815 -1.57918 1.83395 0.786644 3.135
-2.03534 1.89813 -1.57828 1.83395 0.786644 3.135
-2.03518 1.89811 -1.57739 1.83395 0.786644 3.135
-2.03503 1.89809 -1.5765 1.83395 0.786644 3.135
-2.03488 1.89807 -1.5756 1.83395 0.786644 3.135
-2.03472 1.89805 -1.57471 1.83395 0.786644 3.135
-2.03457 1.89803 -1.57382 1.83395 0.786644 3.135
-2.03441 1.89801 -1.57292 1.83395 0.786644 3.135
-2.03426 1.89799 -1.57203 1.83395 0.786644 3.135
-2.0341 1.89797 -1.57113 1.83395 0.786644 3.135
-2.03395 1.89795 -1.57024 1.83395 0.786644 3.135
-2.03379 1.89792 -1.56935 1.83395 0.786644 3.135
-2.03364 1.8979 -1.56845 1.83395 0.786644 3.135
-2.03349 1.89788 -1.56756 1.83395 0.786644 3.135
-2.03333 1.89786 -1.56667 1.83395 0.786644 3.135
-2.03318 1.89784 -1.56577 1.83395 0.786644 3.135
-2.03302 1.89782 -1.56488 1.83395 0.786644 3.135
-2.03287 1.8978 -1.56399 1.83395 0.786644 3.135
-2.03271 1.89778 -1.56309 1.83395 0.786644 3.135
-2.03256 1.89776 -1.5622 1.83395 0.786644 3.135
-2.0324 1.89774 -1.56131 1.83395 0.786644 3.135
-2.03225 1.89772 -1.56041 1.83395 0.786644 3.135
-2.0321 1.8977 -1.55952 1.83395 0.786644 3.135
-2.03194 1.89768 -1.55863 1.83395 0.786644 3.135
-2.03179 1.89765 -1.55773 1.83395 0.786644 3.135
-2.03163 1.89763 -1.55684 1.83395 0.786644 3.135
-2.03148 1.89761 -1.55595 1.83395 0.786644 3.135
-2.03132 1.89759 -1.55505 1.83395 0.786644 3.135
-2.03117 1.89757 -1.55416 1.83395 0.786644 3.135
-2.03102 1.89755 -1.55327 1.83395 0.786644 3.135
-2.03086 1.89753 -1.55237 1.83395 0.786644 3.135
-2.03071 1.89751 -1.55148 1.83395 0.786644 3.135
-2.03055 1.89749 -1.55059 1.83395 0.786644 3.135
-2.0304 1.89747 -1.54969 1.83395 0.786644 3.135
-2.03024 1.89745 -1.5488 1.83395 0.786644 3.135
-2.03009 1.89743 -1.54791 1.83395 0.786644 3.135
-2.02993 1.89741 -1.54701 1.83395 0.786644 3.135
-2.02978 1.89738 -1.54612 1.83395 0.786644 3.135
-2.02963 1.89736 -1.54523 1.83395 0.786644 3.135
-2.02947 1.89734 -1.54433 1.83395 0.786644 3.135
-2.02932 1.89732 -1.54344 1.83395 0.786644 3.135
-2.02916 1.8973 -1.54255 1.83395 0.786644 3.135
-2.02901 1.89728 -1.54165 1.83395 0.786644 3.135
-2.02885 1.89726 -1.54076 1.83395 0.786644 3.135
-2.0287 1.89724 -1.53987 1.83395 0.786644 3.135
-2.02854 1.89722 -1.53897 1.83395 0.786644 3.135
-2.02839 1.8972 -1.53808 1.83395 0.786644 3.135
-2.02824 1.89718 -1.53719 1.83395 0.786644 3.135
-2.02808 1.89716 -1.53629 1.83395 0.786644 3.135
-2.02793 1.89714 -1.5354 1.83395 0.786644 3.135
-2.02777 1.89712 -1.53451 1.83395 0.786644 3.135
-2.02762 1.89709 -1.53361 1.83395 0.786644 3.135
-2.02746 1.89707 -1.53272 1.83395 0.786644 3.135
-2.02731 1.89705 -1.53183 1.83395 0.786644 3.135
-2.02715 1.89703 -1.53093 1.83395 0.786644 3.135
-2.027 1.89701 -1.53004 1.83395 0.786644 3.135
-2.02685 1.89699 -1.52915 1.83395 0.786644 3.135
-2.02669 1.89697 -1.52825 1.83395 0.786644 3.135
-2.02654 1.89695 -1.52736 1.83395 0.786644 3.135
-2.02638 1.89693 -1.52646 1.83395 0.786644 3.135
-2.02623 1.89691 -1.52557 1.83395 0.786644 3.135
-2.02607 1.89689 -1.52468 1.83395 0.786644 3.135
-2.02592 1.89687 -1.52378 1.83395 0.786644 3.135
-2.02576 1.89685 -1.52289 1.83395 0.786644 3.135
-2.02561 1.89682 -1.522 1.83395 0.786644 3.135
-2.02546 1.8968 -1.5211 1.83395 0.786644 3.135
-2.0253 1.89678 -1.52021 1.83395 0.786644 3.135
-2.02515 1.89676 -1.51932 1.83395 0.786644 3.135
-2.02499 1.89674 -1.51842 1.83395 0.786644 3.135
-2.02484 1.89672 -1.51753 1.83395 0.786644 3.135
-2.02468 1.8967 -1.51664 1.83395 0.786644 3.135
-2.02453 1.89668 -1.51574 1.83395 0.786644 3.135
-2.02438 1.89666 -1.51485 1.83395 0.786644 3.135
-2.02422 1.89664 -1.51396 1.83395 0.786644 3.135
-2.02407 1.89662 -1.51306 1.83395 0.786644 3.135
-2.02391 1.8966 -1.51217 1.83395 0.786644 3.135
-2.02376 1.89658 -1.51128 1.83395 0.786644 3.135
-2.0236 1.89655 -1.51038 1.83395 0.786644 3.135
-2.02345 1.89653 -1.50949 1.83395 0.786644 3.135
-2.02329 1.89651 -1.5086 1.83395 0.786644 3.135
-2.02314 1.89649 -1.5077 1.83395 0.786644 3.135
-2.02299 1.89647 -1.50681 1.83395 0.786644 3.135
-2.02283 1.89645 -1.50592 1.83395 0.786644 3.135
-2.02268 1.89643 -1.50502 1.83395 0.786644 3.135
-2.02252 1.89641 -1.50413 1.83395 0.786644 3.135
-2.02237 1.89639 -1.50324 1.83395 0.786644 3.135
-2.02221 1.89637 -1.50234 1.83395 0.786644 3.135
-2.02206 1.89635 -1.50145 1.83395 0.786644 3.135
-2.0219 1.89633 -1.50056 1.83395 0.786644 3.135
-2.02175 1.89631 -1.49966 1.83395 0.786644 3.135
-2.0216 1.89628 -1.49877 1.83395 0.786644 3.135
-2.02144 1.89626 -1.49788 1.83395 0.786644 3.135
-2.02129 1.89624 -1.49698 1.83395 0.786644 3.135
-2.02113 1.89622 -1.49609 1.83395 0.786644 3.135
-2.02098 1.8962 -1.4952 1.83395 0.786644 3.135
-2.02082 1.89618 -1.4943 1.83395 0.786644 3.135
-2.02067 1.89616 -1.49341 1.83395 0.786644 3.135
-2.02051 1.89614 -1.49252 1.83395 0.786644 3.135
-2.02036 1.89612 -1.49162 1.83395 0.786644 3.135
-2.02021 1.8961 -1.49073 1.83395 0.786644 3.135
-2.02005 1.89608 -1.48984 1.83395 0.786644 3.135
-2.0199 1.89606 -1.48894 1.83395 0.786644 3.135
-2.01974 1.89604 -1.48805 1.83395 0.786644 3.135
-2.01959 1.89601 -1.48716 1.83395 0.786644 3.135
-2.01943 1.89599 -1.48626 1.83395 0.786644 3.135
-2.01928 1.89597 -1.48537 1.83395 0.786644 3.135
-2.01912 1.89595 -1.48448 1.83395 0.786644 3.135
-2.01897 1.89593 -1.48358 1.83395 0.786644 3.135
-2.01882 1.89591 -1.48269 1.83395 0.786644 3.135
-2.01866 1.89589 -1.48179 1.83395 0.786644 3.135
-2.01851 1.89587 -1.4809 1.83395 0.786644 3.135
-2.01835 1.89585 -1.48001 1.83395 0.786644 3.135
-2.0182 1.89583 -1.47911 1.83395 0.786644 3.135
-2.01804 1.89581 -1.47822 1.83395 0.786644 3.135
-2.01789 1.89579 -1.47733 1.83395 0.786644 3.135
-2.01773 1.89577 -1.47643 1.83395 0.786644 3.135
-2.01758 1.89574 -1.47554 1.83395 0.786644 3.135
-2.01743 1.89572 -1.47465 1.83395 0.786644 3.135
-2.01727 1.8957 -1.47375 1.83395 0.786644 3.135
-2.01712 1.89568 -1.47286 1.83395 0.786644 3.135
-2.01696 1.89566 -1.47197 1.83395 0.786644 3.135
-2.01681 1.89564 -1.47107 1.83395 0.786644 3.135
-2.01665 1.89562 -1.47018 1.83395 0.786644 3.135
-2.0165 1.8956 -1.46929 1.83395 0.786644 3.135
-2.01635 1.89558 -1.46839 1.83395 0.786644 3.135
-2.01619 1.89556 -1.4675 1.83395 0.786644 3.135
-2.01604 1.89554 -1.46661 1.83395 0.786644 3.135
-2.01588 1.89552 -1.46571 1.83395 0.786644 3.135
-2.01573 1.8955 -1.46482 1.83395 0.786644 3.135
-2.01557 1.89547 -1.46393 1.83395 0.786644 3.135
-2.01542 1.89545 -1.46303 1.83395 0.786644 3.135
-2.01526 1.89543 -1.46214 1.83395 0.786644 3.135
-2.01511 1.89541 -1.46125 1.83395 0.786644 3.135
-2.01496 1.89539 -1.46035 1.83395 0.786644 3.135
-2.0148 1.89537 -1.45946 1.83395 0.786644 3.135
-2.01465 1.89535 -1.45857 1.83395 0.786644 3.135
-2.01449 1.89533 -1.45767 1.83395 0.786644 3.135
-2.01434 1.89531 -1.45678 1.83395 0.786644 3.135
-2.01418 1.89529 -1.45589 1.83395 0.786644 3.135
-2.01403 1.89527 -1.45499 1.83395 0.786644 3.135
-2.01387 1.89525 -1.4541 1.83395 0.786644 3.135
-2.01372 1.89523 -1.45321 1.83395 0.786644 3.135
-2.01357 1.8952 -1.45231 1.83395 0.786644 3.135
-2.01341 1.89518 -1.45142 1.83395 0.786644 3.135
-2.01326 1.89516 -1.45053 1.83395 0.786644 3.135
-2.0131 1.89514 -1.44963 1.83395 0.786644 3.135
-2.01295 1.89512 -1.44874 1.83395 0.786644 3.135
-2.01279 1.8951 -1.44785 1.83395 0.786644 3.135
-2.01264 1.89508 -1.44695 1.83395 0.786644 3.135
-2.01248 1.89506 -1.44606 1.83395 0.786644 3.135
-2.01233 1.89504 -1.44517 1.83395 0.786644 3.135
-2.01218 1.89502 -1.44427 1.83395 0.786644 3.135
-2.01202 1.895 -1.44338 1.83395 0.786644 3.135
-2.01187 1.89498 -1.44249 1.83395 0.786644 3.135
-2.01171 1.89496 -1.44159 1.83395 0.786644 3.135
-2.01156 1.89493 -1.4407 1.83395 0.786644 3.135
-2.0114 1.89491 -1.43981 1.83395 0.786644 3.135
-2.01125 1.89489 -1.43891 1.83395 0.786644 3.135
-2.01109 1.89487 -1.43802 1.83395 0.786644 3.135
-2.01094 1.89485 -1.43713 1.83395 0.786644 3.135
-2.01079 1.89483 -1.43623 1.83395 0.786644 3.135
-2.01063 1.89481 -1.43534 1.83395 0.786644 3.135
-2.01048 1.89479 -1.43444 1.83395 0.786644 3.135
-2.01032 1.89477 -1.43355 1.83395 0.786644 3.135
-2.01017 1.89475 -1.43266 1.83395 0.786644 3.135
-2.01001 1.89473 -1.43176 1.83395 0.786644 3.135
-2.00986 1.89471 -1.43087 1.83395 0.786644 3.135
-2.00971 1.89469 -1.42998 1.83395 0.786644 3.135
-2.00955 1.89466 -1.42908 1.83395 0.786644 3.135
-2.0094 1.89464 -1.42819 1.83395 0.786644 3.135
-2.00924 1.89462 -1.4273 1.83395 0.786644 3.135
-2.00909 1.8946 -1.4264 1.83395 0.786644 3.135
-2.00893 1.89458 -1.42551 1.83395 0.786644 3.135
-2.00878 1.89456 -1.42462 1.83395 0.786644 3.135
-2.00862 1.89454 -1.42372 1.83395 0.786644 3.135
-2.00847 1.89452 -1.42283 1.83395 0.786644 3.135
-2.00832 1.8945 -1.42194 1.83395 0.786644 3.135
-2.00816 1.89448 -1.42104 1.83395 0.786644 3.135
-2.00801 1.89446 -1.42015 1.83395 0.786644 3.135
-2.00785 1.89444 -1.41926 1.83395 0.786644 3.135
-2.0077 1.89442 -1.41836 1.83395 0.786644 3.135
-2.00754 1.89439 -1.41747 1.83395 0.786644 3.135
-2.00739 1.89437 -1.41658 1.83395 0.786644 3.135
-2.00723 1.89435 -1.41568 1.83395 0.786644 3.135
-2.00708 1.89433 -1.41479 1.83395 0.786644 3.135
-2.00693 1.89431 -1.4139 1.83395 0.786644 3.135
-2.00677 1.89429 -1.413 1.83395 0.786644 3.135
-2.00662 1.89427 -1.41211 1.83395 0.786644 3.135
-2.00646 1.89425 -1.41122 1.83395 0.786644 3.135
-2.00631 1.89423 -1.41032 1.83395 0.786644 3.135
-2.00615 1.89421 -1.40943 1.83395 0.786644 3.135
-2.006 1.89419 -1.40854 1.83395 0.786644 3.135
-2.00584 1.89417 -1.40764 1.83395 0.786644 3.135
-2.00569 1.89415 -1.40675 1.83395 0.786644 3.135
-2.00554 1.89412 -1.40586 1.83395 0.786644 3.135
-2.00538 1.8941 -1.40496 1.83395 0.786644 3.135
-2.00523 1.89408 -1.40407 1.83395 0.786644 3.135
-2.00507 1.89406 -1.40318 1.83395 0.786644 3.135
-2.00492 1.89404 -1.40228 1.83395 0.786644 3.135
-2.00476 1.89402 -1.40139 1.83395 0.786644 3.135
-2.00461 1.894 -1.4005 1.83395 0.786644 3.135
-2.00445 1.89398 -1.3996 1.83395 0.786644 3.135
-2.0043 1.89396 -1.39871 1.83395 0.786644 3.135
-2.00415 1.89394 -1.39782 1.83395 0.786644 3.135
-2.00399 1.89392 -1.39692 1.83395 0.786644 3.135
-2.00384 1.8939 -1.39603 1.83395 0.786644 3.135
-2.00368 1.89388 -1.39514 1.83395 0.786644 3.135
-2.00353 1.89386 -1.39424 1.83395 0.786644 3.135
-2.00337 1.89383 -1.39335 1.83395 0.786644 3.135
-2.00322 1.89381 -1.39246 1.83395 0.786644 3.135
-2.00307 1.89379 -1.39156 1.83395 0.786644 3.135
-2.00291 1.89377 -1.39067 1.83395 0.786644 3.135
-2.00276 1.89375 -1.38977 1.83395 0.786644 3.135
-2.0026 1.89373 -1.38888 1.83395 0.786644 3.135
-2.00245 1.89371 -1.38799 1.83395 0.786644 3.135
-2.00229 1.89369 -1.38709 1.83395 0.786644 3.135
-2.00214 1.89367 -1.3862 1.83395 0.786644 3.135
-2.00198 1.89365 -1.38531 1.83395 0.786644 3.135
-2.00183 1.89363 -1.38441 1.83395 0.786644 3.135
-2.00168 1.89361 -1.38352 1.83395 0.786644 3.135
-2.00152 1.89359 -1.38263 1.83395 0.786644 3.135
-2.00137 1.89356 -1.38173 1.83395 0.786644 3.135
-2.00121 1.89354 -1.38084 1.83395 0.786644 3.135
-2.00106 1.89352 -1.37995 1.83395 0.786644 3.135
-2.0009 1.8935 -1.37905 1.83395 0.786644 3.135
-2.00075 1.89348 -1.37816 1.83395 0.786644 3.135
-2.00059 1.89346 -1.37727 1.83395 0.786644 3.135
-2.00044 1.89344 -1.37637 1.83395 0.786644 3.135
-2.00029 1.89342 -1.37548 1.83395 0.786644 3.135
-2.00013 1.8934 -1.37459 1.83395 0.786644 3.135
-1.99998 1.89338 -1.37369 1.83395 0.786644 3.135
-1.99982 1.89336 -1.3728 1.83395 0.786644 3.135
-1.99967 1.89334 -1.37191 1.83395 0.786644 3.135
-1.99951 1.89332 -1.37101 1.83395 0.786644 3.135
-1.99936 1.89329 -1.37012 1.83395 0.786644 3.135
-1.9992 1.89327 -1.36923 1.83395 0.786644 3.135
-1.99905 1.89325 -1.36833 1.83395 0.786644 3.135
-1.9989 1.89323 -1.36744 1.83395 0.786644 3.135
-1.99874 1.89321 -1.36655 1.83395 0.786644 3.135
-1.99859 1.89319 -1.36565 1.83395 0.786644 3.135
-1.99843 1.89317 -1.36476 1.83395 0.786644 3.135
-1.99828 1.89315 -1.36387 1.83395 0.786644 3.135
-1.99812 1.89313 -1.36297 1.83395 0.786644 3.135
-1.99797 1.89311 -1.36208 1.83395 0.786644 3.135
-1.99781 1.89309 -1.36119 1.83395 0.786644 3.135
-1.99766 1.89307 -1.36029 1.83395 0.786644 3.135
-1.99751 1.89305 -1.3594 1.83395 0.786644 3.135
-1.99735 1.89302 -1.35851 1.83395 0.786644 3.135
-1.9972 1.893 -1.35761 1.83395 0.786644 3.135
-1.99704 1.89298 -1.35672 1.83395 0.786644 3.135
-1.99689 1.89296 -1.35583 1.83395 0.786644 3.135
-1.99673 1.89294 -1.35493 1.83395 0.786644 3.135
-1.99658 1.89292 -1.35404 1.83395 0.786644 3.135
-1.99643 1.8929 -1.35315 1.83395 0.786644 3.135
-1.99627 1.89288 -1.35225 1.83395 0.786644 3.135
-1.99612 1.89286 -1.35136 1.83395 0.786644 3.135
-1.99596 1.89284 -1.35047 1.83395 0.786644 3.135
-1.99581 1.89282 -1.34957 1.83395 0.786644 3.135
-1.99565 1.8928 -1.34868 1.83395 0.786644 3.135
-1.9955 1.89278 -1.34779 1.83395 0.786644 3.135
-1.99534 1.89275 -1.34689 1.83395 0.786644 3.135
-1.99519 1.89273 -1.346 1.83395 0.786644 3.135
-1.99504 1.89271 -1.3451 1.83395 0.786644 3.135
-1.99488 1.89269 -1.34421 1.83395 0.786644 3.135
-1.99473 1.89267 -1.34332 1.83395 0.786644 3.135
-1.99457 1.89265 -1.34242 1.83395 0.786644 3.135
-1.99442 1.89263 -1.34153 1.83395 0.786644 3.135
-1.99426 1.89261 -1.34064 1.83395 0.786644 3.135
-1.99411 1.89259 -1.33974 1.83395 0.786644 3.135
-1.99395 1.89257 -1.33885 1.83395 0.786644 3.135
-1.9938 1.89255 -1.33796 1.83395 0.786644 3.135
-1.99365 1.89253 -1.33706 1.83395 0.786644 3.135
-1.99349 1.89251 -1.33617 1.83395 0.786644 3.135
-1.99334 1.89248 -1.33528 1.83395 0.786644 3.135
-1.99318 1.89246 -1.33438 1.83395 0.786644 3.135
-1.99303 1.89244 -1.33349 1.83395 0.786644 3.135
-1.99287 1.89242 -1.3326 1.83395 0.786644 3.135
-1.99272 1.8924 -1.3317 1.83395 0.786644 3.135
-1.99256 1.89238 -1.33081 1.83395 0.786644 3.135
-1.99241 1.89236 -1.32992 1.83395 0.786644 3.135
-1.99226 1.89234 -1.32902 1.83395 0.786644 3.135
-1.9921 1.89232 -1.32813 1.83395 0.786644 3.135
-1.99195 1.8923 -1.32724 1.83395 0.786644 3.135
-1.99179 1.89228 -1.32634 1.83395 0.786644 3.135
-1.99164 1.89226 -1.32545 1.83395 0.786644 3.135
-1.99148 1.89224 -1.32456 1.83395 0.786644 3.135
-1.99133 1.89221 -1.32366 1.83395 0.786644 3.135
-1.99117 1.89219 -1.32277 1.83395 0.786644 3.135
-1.99102 1.89217 -1.32188 1.83395 0.786644 3.135
-1.99087 1.89215 -1.32098 1.83395 0.786644 3.135
-1.99071 1.89213 -1.32009 1.83395 0.786644 3.135
-1.99056 1.89211 -1.3192 1.83395 0.786644 3.135
-1.9904 1.89209 -1.3183 1.83395 0.786644 3.135
-1.99025 1.89207 -1.31741 1.83395 0.786644 3.135
-1.99009 1.89205 -1.31652 1.83395 0.786644 3.135
-1.98994 1.89203 -1.31562 1.83395 0.786644 3.135
-1.98978 1.89201 -1.31473 1.83395 0.786644 3.135
-1.98963 1.89199 -1.31384 1.83395 0.786644 3.135
-1.98948 1.89197 -1.31294 1.83395 0.786644 3.135
-1.98932 1.89194 -1.31205 1.83395 0.786644 3.135
-1.98917 1.89192 -1.31116 1.83395 0.786644 3.135
-1.98901 1.8919 -1.31026 1.83395 0.786644 3.135
-1.98886 1.89188 -1.30937 1.83395 0.786644 3.135
-1.9887 1.89186 -1.30848 1.83395 0.786644 3.135
-1.98855 1.89184 -1.30758 1.83395 0.786644 3.135
-1.9884 1.89182 -1.30669 1.83395 0.786644 3.135
-1.98824 1.8918 -1.3058 1.83395 0.786644 3.135
-1.98809 1.89178 -1.3049 1.83395 0.786644 3.135
-1.98793 1.89176 -1.30401 1.83395 0.786644 3.135
-1.98778 1.89174 -1.30312 1.83395 0.786644 3.135
-1.98762 1.89172 -1.30222 1.83395 0.786644 3.135
-1.98747 1.8917 -1.30133 1.83395 0.786644 3.135
-1.98731 1.89167 -1.30044 1.83395 0.786644 3.135
-1.98716 1.89165 -1.29954 1.83395 0.786644 3.135
-1.98701 1.89163 -1.29865 1.83395 0.786644 3.135
-1.98685 1.89161 -1.29775 1.83395 0.786644 3.135
-1.9867 1.89159 -1.29686 1.83395 0.786644 3.135
-1.98654 1.89157 -1.29597 1.83395 0.786644 3.135
-1.98639 1.89155 -1.29507 1.83395 0.786644 3.135
-1.98623 1.89153 -1.29418 1.83395 0.786644 3.135
-1.98608 1.89151 -1.29329 1.83395 0.786644 3.135
-1.98592 1.89149 -1.29239 1.83395 0.786644 3.135
-1.98577 1.89147 -1.2915 1.83395 0.786644 3.135
-1.98562 1.89145 -1.29061 1.83395 0.786644 3.135
-1.98546 1.89143 -1.28971 1.83395 0.786644 3.135
-1.98531 1.8914 -1.28882 1.83395 0.786644 3.135
-1.98515 1.89138 -1.28793 1.83395 0.786644 3.135
-1.985 1.89136 -1.28703 1.83395 0.786644 3.135
-1.98484 1.89134 -1.28614 1.83395 0.786644 3.135
-1.98469 1.89132 -1.28525 1.83395 0.786644 3.135
-1.98453 1.8913 -1.28435 1.83395 0.786644 3.135
-1.98438 1.89128 -1.28346 1.83395 0.786644 3.135
-1.98423 1.89126 -1.28257 1.83395 0.786644 3.135
-1.98407 1.89124 -1.28167 1.83395 0.786644 3.135
-1.98392 1.89122 -1.28078 1.83395 0.786644 3.135
-1.98376 1.8912 -1.27989 1.83395 0.786644 3.135
-1.98361 1.89118 -1.27899 1.83395 0.786644 3.135
-1.98345 1.89116 -1.2781 1.83395 0.786644 3.135
-1.9833 1.89113 -1.27721 1.83395 0.786644 3.135
-1.98314 1.89111 -1.27631 1.83395 0.786644 3.135
-1.98299 1.89109 -1.27542 1.83395 0.786644 3.135
-1.98284 1.89107 -1.27453 1.83395 0.786644 3.135
-1.98268 1.89105 -1.27363 1.83395 0.786644 3.135
-1.98253 1.89103 -1.27274 1.83395 0.786644 3.135
-1.98237 1.89101 -1.27185 1.83395 0.786644 3.135
-1.98222 1.89099 -1.27095 1.83395 0.786644 3.135
-1.98206 1.89097 -1.27006 1.83395 0.786644 3.135
-1.98191 1.89095 -1.26917 1.83395 0.786644 3.135
-1.98176 1.89093 -1.26827 1.83395 0.786644 3.135
-1.9816 1.89091 -1.26738 1.83395 0.786644 3.135
-1.98145 1.89089 -1.26649 1.83395 0.786644 3.135
-1.98129 1.89086 -1.26559 1.83395 0.786644 3.135
-1.98114 1.89084 -1.2647 1.83395 0.786644 3.135
-1.98098 1.89082 -1.26381 1.83395 0.786644 3.135
-1.98083 1.8908 -1.26291 1.83395 0.786644 3.135
-1.98067 1.89078 -1.26202 1.83395 0.786644 3.135
-1.98052 1.89076 -1.26113 1.83395 0.786644 3.135
-1.98037 1.89074 -1.26023 1.83395 0.786644 3.135
-1.98021 1.89072 -1.25934 1.83395 0.786644 3.135
-1.98006 1.8907 -1.25845 1.83395 0.786644 3.135
-1.9799 1.89068 -1.25755 1.83395 0.786644 3.135
-1.97975 1.89066 -1.25666 1.83395 0.786644 3.135
-1.97959 1.89064 -1.25577 1.83395 0.786644 3.135
-1.97944 1.89062 -1.25487 1.83395 0.786644 3.135
-1.97928 1.8906 -1.25398 1.83395 0.786644 3.135
-1.97913 1.89057 -1.25308 1.83395 0.786644 3.135
-1.97898 1.89055 -1.25219 1.83395 0.786644 3.135
-1.97882 1.89053 -1.2513 1.83395 0.786644 3.135
-1.97867 1.89051 -1.2504 1.83395 0.786644 3.135
-1.97851 1.89049 -1.24951 1.83395 0.786644 3.135
-1.97836 1.89047 -1.24862 1.83395 0.786644 3.135
-1.9782 1.89045 -1.24772 1.83395 0.786644 3.135
-1.97805 1.89043 -1.24683 1.83395 0.786644 3.135
-1.97789 1.89041 -1.24594 1.83395 0.786644 3.135
-1.97774 1.89039 -1.24504 1.83395 0.786644 3.135
-1.97759 1.89037 -1.24415 1.83395 0.786644 3.135
-1.97743 1.89035 -1.24326 1.83395 0.786644 3.135
-1.97728 1.89033 -1.24236 1.83395 0.786644 3.135
-1.97712 1.8903 -1.24147 1.83395 0.786644 3.135
-1.97697 1.89028 -1.24058 1.83395 0.786644 3.135
-1.97681 1.89026 -1.23968 1.83395 0.786644 3.135
-1.97666 1.89024 -1.23879 1.83395 0.786644 3.135
-1.9765 1.89022 -1.2379 1.83395 0.786644 3.135
-1.97635 1.8902 -1.237 1.83395 0.786644 3.135
-1.9762 1.89018 -1.23611 1.83395 0.786644 3.135
-1.97604 1.89016 -1.23522 1.83395 0.786644 3.135
-1.97589 1.89014 -1.23432 1.83395 0.786644 3.135
-1.97573 1.89012 -1.23343 1.83395 0.786644 3.135
-1.97558 1.8901 -1.23254 1.83395 0.786644 3.135
-1.97542 1.89008 -1.23164 1.83395 0.786644 3.135
-1.97527 1.89006 -1.23075 1.83395 0.786644 3.135
-1.97512 1.89003 -1.22986 1.83395 0.786644 3.135
-1.97496 1.89001 -1.22896 1.83395 0.786644 3.135
-1.97481 1.88999 -1.22807 1.83395 0.786644 3.135
-1.97465 1.88997 -1.22718 1.83395 0.786644 3.135
-1.9745 1.88995 -1.22628 1.83395 0.786644 3.135
-1.97434 1.88993 -1.22539 1.83395 0.786644 3.135
-1.97419 1.88991 -1.2245 1.83395 0.786644 3.135
-1.97403 1.88989 -1.2236 1.83395 0.786644 3.135
-1.97388 1.88987 -1.22271 1.83395 0.786644 3.135
-1.97373 1.88985 -1.22182 1.83395 0.786644 3.135
-1.97357 1.88983 -1.22092 1.83395 0.786644 3.135
-1.97342 1.88981 -1.22003 1.83395 0.786644 3.135
-1.97326 1.88979 -1.21914 1.83395 0.786644 3.135
-1.97311 1.88976 -1.21824 1.83395 0.786644 3.135
-1.97295 1.88974 -1.21735 1.83395 0.786644 3.135
-1.9728 1.88972 -1.21646 1.83395 0.786644 3.135
-1.97264 1.8897 -1.21556 1.83395 0.786644 3.135
-1.97249 1.88968 -1.21467 1.83395 0.786644 3.135
-1.97234 1.88966 -1.21378 1.83395 0.786644 3.135
-1.97218 1.88964 -1.21288 1.83395 0.786644 3.135
-1.97203 1.88962 -1.21199 1.83395 0.786644 3.135
-1.97187 1.8896 -1.2111 1.83395 0.786644 3.135
-1.97172 1.88958 -1.2102 1.83395 0.786644 3.135
-1.97156 1.88956 -1.20931 1.83395 0.786644 3.135
-1.97141 1.88954 -1.20841 1.83395 0.786644 3.135
-1.97125 1.88952 -1.20752 1.83395 0.786644 3.135
-1.9711 1.88949 -1.20663 1.83395 0.786644 3.135
-1.97095 1.88947 -1.20573 1.83395 0.786644 3.135
-1.97079 1.88945 -1.20484 1.83395 0.786644 3.135
-1.97064 1.88943 -1.20395 1.83395 0.786644 3.135
-1.97048 1.88941 -1.20305 1.83395 0.786644 3.135
-1.97033 1.88939 -1.20216 1.83395 0.786644 3.135
-1.97017 1.88937 -1.20127 1.83395 0.786644 3.135
-1.97002 1.88935 -1.20037 1.83395 0.786644 3.135
-1.96986 1.88933 -1.19948 1.83395 0.786644 3.135
-1.96971 1.88931 -1.19859 1.83395 0.786644 3.135
-1.96956 1.88929 -1.19769 1.83395 0.786644 3.135
-1.9694 1.88927 -1.1968 1.83395 0.786644 3.135
-1.96925 1.88925 -1.19591 1.83395 0.786644 3.135
-1.96909 1.88922 -1.19501 1.83395 0.786644 3.135
-1.96894 1.8892 -1.19412 1.83395 0.786644 3.135
-1.96878 1.88918 -1.19323 1.83395 0.786644 3.135
-1.96863 1.88916 -1.19233 1.83395 0.786644 3.135
-1.96848 1.88914 -1.19144 1.83395 0.786644 3.135
-1.96832 1.88912 -1.19055 1.83395 0.786644 3.135
-1.96817 1.8891 -1.18965 1.83395 0.786644 3.135
-1.96801 1.88908 -1.18876 1.83395 0.786644 3.135
-1.96786 1.88906 -1.18787 1.83395 0.786644 3.135
-1.9677 1.88904 -1.18697 1.83395 0.786644 3.135
-1.96755 1.88902 -1.18608 1.83395 0.786644 3.135
-1.96739 1.889 -1.18519 1.83395 0.786644 3.135
-1.96724 1.88898 -1.18429 1.83395 0.786644 3.135
-1.96709 1.88895 -1.1834 1.83395 0.786644 3.135
-1.96693 1.88893 -1.18251 1.83395 0.786644 3.135
-1.96678 1.88891 -1.18161 1.83395 0.786644 3.135
-1.96662 1.88889 -1.18072 1.83395 0.786644 3.135
-1.96647 1.88887 -1.17983 1.83395 0.786644 3.135
-1.96631 1.88885 -1.17893 1.83395 0.786644 3.135
-1.96616 1.88883 -1.17804 1.83395 0.786644 3.135
-1.966 1.88881 -1.17715 1.83395 0.786644 3.135
-1.96585 1.88879 -1.17625 1.83395 0.786644 3.135
-1.9657 1.88877 -1.17536 1.83395 0.786644 3.135
-1.96554 1.88875 -1.17447 1.83395 0.786644 3.135
-1.96539 1.88873 -1.17357 1.83395 0.786644 3.135
-1.96523 1.88871 -1.17268 1.83395 0.786644 3.135
-1.96508 1.88868 -1.17179 1.83395 0.786644 3.135
-1.96492 1.88866 -1.17089 1.83395 0.786644 3.135
-1.96477 1.88864 -1.17 1.83395 0.786644 3.135
-1.96461 1.88862 -1.16911 1.83395 0.786644 3.135
-1.96446 1.8886 -1.16821 1.83395 0.786644 3.135
-1.96431 1.88858 -1.16732 1.83395 0.786644 3.135
-1.96415 1.88856 -1.16643 1.83395 0.786644 3.135
-1.964 1.88854 -1.16553 1.83395 0.786644 3.135
-1.96384 1.88852 -1.16464 1.83395 0.786644 3.135
-1.96369 1.8885 -1.16375 1.83395 0.786644 3.135
-1.96353 1.88848 -1.16285 1.83395 0.786644 3.135
-1.96338 1.88846 -1.16196 1.83395 0.786644 3.135
-1.96322 1.88844 -1.16106 1.83395 0.786644 3.135
-1.96307 1.88841 -1.16017 1.83395 0.786644 3.135
-1.96292 1.88839 -1.15928 1.83395 0.786644 3.135
-1.96276 1.88837 -1.15838 1.83395 0.786644 3.135
-1.96261 1.88835 -1.15749 1.83395 0.786644 3.135
-1.96245 1.88833 -1.1566 1.83395 0.786644 3.135
-1.9623 1.88831 -1.1557 1.83395 0.786644 3.135
-1.96214 1.88829 -1.15481 1.83395 0.786644 3.135
-1.96199 1.88827 -1.15392 1.83395 0.786644 3.135
-1.96184 1.88825 -1.15302 1.83395 0.786644 3.135
-1.96168 1.88823 -1.15213 1.83395 0.786644 3.135
-1.96153 1.88821 -1.15124 1.83395 0.786644 3.135
-1.96137 1.88819 -1.15034 1.83395 0.786644 3.135
-1.96122 1.88817 -1.14945 1.83395 0.786644 3.135
-1.96106 1.88814 -1.14856 1.83395 0.786644 3.135
-1.96091 1.88812 -1.14766 1.83395 0.786644 3.135
-1.96075 1.8881 -1.14677 1.83395 0.786644 3.135
-1.9606 1.88808 -1.14588 1.83395 0.786644 3.135
-1.96045 1.88806 -1.14498 1.83395 0.786644 3.135
-1.96029 1.88804 -1.14409 1.83395 0.786644 3.135
-1.96014 1.88802 -1.1432 1.83395 0.786644 3.135
-1.95998 1.888 -1.1423 1.83395 0.786644 3.135
-1.95983 1.88798 -1.14141 1.83395 0.786644 3.135
-1.95967 1.88796 -1.14052 1.83395 0.786644 3.135
-1.95952 1.88794 -1.13962 1.83395 0.786644 3.135
-1.95936 1.88792 -1.13873 1.83395 0.786644 3.135
-1.95921 1.8879 -1.13784 1.83395 0.786644 3.135
-1.95906 1.88787 -1.13694 1.83395 0.786644 3.135
-1.9589 1.88785 -1.13605 1.83395 0.786644 3.135
-1.95875 1.88783 -1.13516 1.83395 0.786644 3.135
-1.95859 1.88781 -1.13426 1.83395 0.786644 3.135
-1.95844 1.88779 -1.13337 1.83395 0.786644 3.135
-1.95828 1.88777 -1.13248 1.83395 0.786644 3.135
-1.95813 1.88775 -1.13158 1.83395 0.786644 3.135
-1.95797 1.88773 -1.13069 1.83395 0.786644 3.135
-1.95782 1.88771 -1.1298 1.83395 0.786644 3.135
-1.95767 1.88769 -1.1289 1.83395 0.786644 3.135
-1.95751 1.88767 -1.12801 1.83395 0.786644 3.135
-1.95736 1.88765 -1.12712 1.83395 0.786644 3.135
-1.9572 1.88763 -1.12622 1.83395 0.786644 3.135
-1.95705 1.8876 -1.12533 1.83395 0.786644 3.135
-1.95689 1.88758 -1.12444 1.83395 0.786644 3.135
-1.95674 1.88756 -1.12354 1.83395 0.786644 3.135
-1.95658 1.88754 -1.12265 1.83395 0.786644 3.135
-1.95643 1.88752 -1.12176 1.83395 0.786644 3.135
-1.95628 1.8875 -1.12086 1.83395 0.786644 3.135
-1.95612 1.88748 -1.11997 1.83395 0.786644 3.135
-1.95597 1.88746 -1.11908 1.83395 0.786644 3.135
-1.95581 1.88744 -1.11818 1.83395 0.786644 3.135
-1.95566 1.88742 -1.11729 1.83395 0.786644 3.135
-1.9555 1.8874 -1.11639 1.83395 0.786644 3.135
-1.95535 1.88738 -1.1155 1.83395 0.786644 3.135
-1.95519 1.88736 -1.11461 1.83395 0.786644 3.135
-1.95504 1.88734 -1.11371 1.83395 0.786644 3.135
-1.95489 1.88731 -1.11282 1.83395 0.786644 3.135
-1.95473 1.88729 -1.11193 1.83395 0.786644 3.135
-1.95458 1.88727 -1.11103 1.83395 0.786644 3.135
-1.95442 1.88725 -1.11014 1.83395 0.786644 3.135
-1.95427 1.88723 -1.10925 1.83395 0.786644 3.135
-1.95411 1.88721 -1.10835 1.83395 0.786644 3.135
-1.95396 1.88719 -1.10746 1.83395 0.786644 3.135
-1.95381 1.88717 -1.10657 1.83395 0.786644 3.135
-1.95365 1.88715 -1.10567 1.83395 0.786644 3.135
-1.9535 1.88713 -1.10478 1.83395 0.786644 3.135
-1.95334 1.88711 -1.10389 1.83395 0.786644 3.135
-1.95319 1.88709 -1.10299 1.83395 0.786644 3.135
-1.95303 1.88707 -1.1021 1.83395 0.786644 3.135
-1.95288 1.88704 -1.10121 1.83395 0.786644 3.135
-1.95272 1.88702 -1.10031 1.83395 0.786644 3.135
-1.95257 1.887 -1.09942 1.83395 0.786644 3.135
-1.95242 1.88698 -1.09853 1.83395 0.786644 3.135
-1.95226 1.88696 -1.09763 1.83395 0.786644 3.135
-1.95211 1.88694 -1.09674 1.83395 0.786644 3.135
-1.95195 1.88692 -1.09585 1.83395 0.786644 3.135
-1.9518 1.8869 -1.09495 1.83395 0.786644 3.135
-1.95164 1.88688 -1.09406 1.83395 0.786644 3.135
-1.95149 1.88686 -1.09317 1.83395 0.786644 3.135
-1.95133 1.88684 -1.09227 1.83395 0.786644 3.135
-1.95118 1.88682 -1.09138 1.83395 0.786644 3.135
-1.95103 1.8868 -1.09049 1.83395 0.786644 3.135
-1.95087 1.88677 -1.08959 1.83395 0.786644 3.135
-1.95072 1.88675 -1.0887 1.83395 0.786644 3.135
-1.95056 1.88673 -1.08781 1.83395 0.786644 3.135
-1.95041 1.88671 -1.08691 1.83395 0.786644 3.135
-1.95025 1.88669 -1.08602 1.83395 0.786644 3.135
-1.9501 1.88667 -1.08513 1.83395 0.786644 3.135
-1.94994 1.88665 -1.08423 1.83395 0.786644 3.135
-1.94979 1.88663 -1.08334 1.83395 0.786644 3.135
-1.94964 1.88661 -1.08245 1.83395 0.786644 3.135
-1.94948 1.88659 -1.08155 1.83395 0.786644 3.135
-1.94933 1.88657 -1.08066 1.83395 0.786644 3.135
-1.94917 1.88655 -1.07977 1.83395 0.786644 3.135
-1.94902 1.88653 -1.07887 1.83395 0.786644 3.135
-1.94886 1.8865 -1.07798 1.83395 0.786644 3.135
-1.94871 1.88648 -1.07709 1.83395 0.786644 3.135
-1.94855 1.88646 -1.07619 1.83395 0.786644 3.135
-1.9484 1.88644 -1.0753 1.83395 0.786644 3.135
-1.94825 1.88642 -1.07441 1.83395 0.786644 3.135
-1.94809 1.8864 -1.07351 1.83395 0.786644 3.135
-1.94794 1.88638 -1.07262 1.83395 0.786644 3.135
-1.94778 1.88636 -1.07172 1.83395 0.786644 3.135
-1.94763 1.88634 -1.07083 1.83395 0.786644 3.135
-1.94747 1.88632 -1.06994 1.83395 0.786644 3.135
-1.94732 1.8863 -1.06904 1.83395 0.786644 3.135
-1.94717 1.88628 -1.06815 1.83395 0.786644 3.135
-1.94701 1.88626 -1.06726 1.83395 0.786644 3.135
-1.94686 1.88623 -1.06636 1.83395 0.786644 3.135
-1.9467 1.88621 -1.06547 1.83395 0.786644 3.135
-1.94655 1.88619 -1.06458 1.83395 0.786644 3.135
-1.94639 1.88617 -1.06368 1.83395 0.786644 3.135
-1.94624 1.88615 -1.06279 1.83395 0.786644 3.135
-1.94608 1.88613 -1.0619 1.83395 0.786644 3.135
-1.94593 1.88611 -1.061 1.83395 0.786644 3.135
-1.94578 1.88609 -1.06011 1.83395 0.786644 3.135
-1.94562 1.88607 -1.05922 1.83395 0.786644 3.135
-1.94547 1.88605 -1.05832 1.83395 0.786644 3.135
-1.94531 1.88603 -1.05743 1.83395 0.786644 3.135
-1.94516 1.88601 -1.05654 1.83395 0.786644 3.135
-1.945 1.88599 -1.05564 1.83395 0.786644 3.135
-1.94485 1.88596 -1.05475 1.83395 0.786644 3.135
-1.94469 1.88594 -1.05386 1.83395 0.786644 3.135
-1.94454 1.88592 -1.05296 1.83395 0.786644 3.135
-1.94439 1.8859 -1.05207 1.83395 0.786644 3.135
-1.94423 1.88588 -1.05118 1.83395 0.786644 3.135
-1.94408 1.88586 -1.05028 1.83395 0.786644 3.135
-1.94392 1.88584 -1.04939 1.83395 0.786644 3.135
-1.94377 1.88582 -1.0485 1.83395 0.786644 3.135
-1.94361 1.8858 -1.0476 1.83395 0.786644 3.135
-1.94346 1.88578 -1.04671 1.83395 0.786644 3.135
-1.9433 1.88576 -1.04582 1.83395 0.786644 3.135
-1.94315 1.88574 -1.04492 1.83395 0.786644 3.135
-1.943 1.88572 -1.04403 1.83395 0.786644 3.135
-1.94284 1.88569 -1.04314 1.83395 0.786644 3.135
-1.94269 1.88567 -1.04224 1.83395 0.786644 3.135
-1.94253 1.88565 -1.04135 1.83395 0.786644 3.135
-1.94238 1.88563 -1.04046 1.83395 0.786644 3.135
-1.94222 1.88561 -1.03956 1.83395 0.786644 3.135
-1.94207 1.88559 -1.03867 1.83395 0.786644 3.135
-1.94191 1.88557 -1.03778 1.83395 0.786644 3.135
-1.94176 1.88555 -1.03688 1.83395 0.786644 3.135
-1.94161 1.88553 -1.03599 1.83395 0.786644 3.135
-1.94145 1.88551 -1.0351 1.83395 0.786644 3.135
-1.9413 1.88549 -1.0342 1.83395 0.786644 3.135
-1.94114 1.88547 -1.03331 1.83395 0.786644 3.135
-1.94099 1.88545 -1.03242 1.83395 0.786644 3.135
-1.94083 1.88542 -1.03152 1.83395 0.786644 3.135
-1.94068 1.8854 -1.03063 1.83395 0.786644 3.135
-1.94053 1.88538 -1.02974 1.83395 0.786644 3.135
-1.94037 1.88536 -1.02884 1.83395 0.786644 3.135
-1.94022 1.88534 -1.02795 1.83395 0.786644 3.135
-1.94006 1.88532 -1.02705 1.83395 0.786644 3.135
-1.93991 1.8853 -1.02616 1.83395 0.786644 3.135
-1.93975 1.88528 -1.02527 1.83395 0.786644 3.135
-1.9396 1.88526 -1.02437 1.83395 0.786644 3.135
-1.93944 1.88524 -1.02348 1.83395 0.786644 3.135
-1.93929 1.88522 -1.02259 1.83395 0.786644 3.135
-1.93914 1.8852 -1.02169 1.83395 0.786644 3.135
-1.93898 1.88518 -1.0208 1.83395 0.786644 3.135
-1.93883 1.88515 -1.01991 1.83395 0.786644 3.135
-1.93867 1.88513 -1.01901 1.83395 0.786644 3.135
-1.93852 1.88511 -1.01812 1.83395 0.786644 3.135
-1.93836 1.88509 -1.01723 1.83395 0.786644 3.135
-1.93821 1.88507 -1.01633 1.83395 0.786644 3.135
-1.93805 1.88505 -1.01544 1.83395 0.786644 3.135
-1.9379 1.88503 -1.01455 1.83395 0.786644 3.135
-1.93775 1.88501 -1.01365 1.83395 0.786644 3.135
-1.93759 1.88499 -1.01276 1.83395 0.786644 3.135
-1.93744 1.88497 -1.01187 1.83395 0.786644 3.135
-1.93728 1.88495 -1.01097 1.83395 0.786644 3.135
-1.93713 1.88493 -1.01008 1.83395 0.786644 3.135
-1.93697 1.88491 -1.00919 1.83395 0.786644 3.135
-1.93682 1.88488 -1.00829 1.83395 0.786644 3.135
-1.93682 1.88488 -1.00829 1.83395 0.786644 3.135
-1.93682 1.88488 -1.00829 1.83439 0.787022 3.13245
-1.93682 1.88488 -1.00829 1.83482 0.787399 3.1299
-1.93682 1.88488 -1.00829 1.83526 0.787777 3.12735
-1.93682 1.88488 -1.00829 1.83569 0.788154 3.1248
-1.93682 1.88488 -1.00829 1.83613 0.788532 3.12225
-1.93682 1.88488 -1.00829 1.83656 0.788909 3.1197
-1.93682 1.88488 -1.00829 1.837 0.789287 3.11715
-1.93682 1.88488 -1.00829 1.83744 0.789664 3.1146
-1.93682 1.88488 -1.00829 1.83787 0.790042 3.11205
-1.93682 1.88488 -1.00829 1.83831 0.790419 3.1095
-1.93682 1.88488 -1.00829 1.83874 0.790797 3.10695
-1.93682 1.88488 -1.00829 1.83918 0.791174 3.1044
-1.93682 1.88488 -1.00829 1.83961 0.791552 3.10185
-1.93682 1.88488 -1.00829 1.84005 0.791929 3.0993
-1.93682 1.88488 -1.00829 1.84049 0.792307 3.09675
-1.93682 1.88488 -1.00829 1.84092 0.792685 3.0942
-1.93682 1.88488 -1.00829 1.84136 0.793062 3.09165
-1.93682 1.88488 -1.00829 1.84179 0.79344 3.0891
-1.93682 1.88488 -1.00829 1.84223 0.793817 3.08655
-1.93682 1.88488 -1.00829 1.84267 0.794195 3.084
-1.93682 1.88488 -1.00829 1.8431 0.794572 3.08145
-1.93682 1.88488 -1.00829 1.84354 0.79495 3.0789
-1.93682 1.88488 -1.00829 1.84397 0.795327 3.07635
-1.93682 1.88488 -1.00829 1.84441 0.795705 3.0738
-1.93682 1.88488 -1.00829 1.84484 0.796082 3.07125
-1.93682 1.88488 -1.00829 1.84528 0.79646 3.0687
-1.93682 1.88488 -1.00829 1.84572 0.796837 3.06615
-1.93682 1.88488 -1.00829 1.84615 0.797215 3.0636
-1.93682 1.88488 -1.00829 1.84659 0.797593 3.06105
-1.93682 1.88488 -1.00829 1.84702 0.79797 3.0585
-1.93682 1.88488 -1.00829 1.84746 0.798348 3.05595
-1.93682 1.88488 -1.00829 1.84789 0.798725 3.0534
-1.93682 1.88488 -1.00829 1.84833 0.799103 3.05084
-1.93682 1.88488 -1.00829 1.84877 0.79948 3.04829
-1.93682 1.88488 -1.00829 1.8492 0.799858 3.04574
-1.93682 1.88488 -1.00829 1.84964 0.800235 3.04319
-1.93682 1.88488 -1.00829 1.85007 0.800613 3.04064
-1.93682 1.88488 -1.00829 1.85051 0.80099 3.03809
-1.93682 1.88488 -1.00829 1.85094 0.801368 3.03554
-1.93682 1.88488 -1.00829 1.85138 0.801745 3.03299
-1.93682 1.88488 -1.00829 1.85182 0.802123 3.03044
-1.93682 1.88488 -1.00829 1.85225 0.8025 3.02789
-1.93682 1.88488 -1.00829 1.85269 0.802878 3.02534
-1.93682 1.88488 -1.00829 1.85312 0.803256 3.02279
-1.93682 1.88488 -1.00829 1.85356 0.803633 3.02024
-1.93682 1.88488 -1.00829 1.85399 0.804011 3.01769
-1.93682 1.88488 -1.00829 1.85443 0.804388 3.01514
-1.93682 1.88488 -1.00829 1.85487 0.804766 3.01259
-1.93682 1.88488 -1.00829 1.8553 0.805143 3.01004
-1.93682 1.88488 -1.00829 1.85574 0.805521 3.00749
-1.93682 1.88488 -1.00829 1.85617 0.805898 3.00494
-1.93682 1.88488 -1.00829 1.85661 0.806276 3.00239
-1.93682 1.88488 -1.00829 1.85704 0.806653 2.99984
-1.93682 1.88488 -1.00829 1.85748 0.807031 2.99729
-1.93682 1.88488 -1.00829 1.85792 0.807408 2.99474
-1.93682 1.88488 -1.00829 1.85835 0.807786 2.99219
-1.93682 1.88488 -1.00829 1.85879 0.808164 2.98964
-1.93682 1.88488 -1.00829 1.85922 0.808541 2.98709
-1.93682 1.88488 -1.00829 1.85966 0.808919 2.98454
-1.93682 1.88488 -1.00829 1.8601 0.809296 2.98199
-1.93682 1.88488 -1.00829 1.86053 0.809674 2.97944
-1.93682 1.88488 -1.00829 1.86097 0.810051 2.97689
-1.93682 1.88488 -1.00829 1.8614 0.810429 2.97434
-1.93682 1.88488 -1.00829 1.86184 0.810806 2.97179
-1.93682 1.88488 -1.00829 1.86227 0.811184 2.96924
-1.93682 1.88488 -1.00829 1.86271 0.811561 2.96669
-1.93682 1.88488 -1.00829 1.86315 0.811939 2.96414
-1.93682 1.88488 -1.00829 1.86358 0.812316 2.96159
-1.93682 1.88488 -1.00829 1.86402 0.812694 2.95904
-1.93682 1.88488 -1.00829 1.86445 0.813071 2.95649
-1.93682 1.88488 -1.00829 1.86489 0.813449 2.95394
-1.93682 1.88488 -1.00829 1.86532 0.813827 2.95139
-1.93682 1.88488 -1.00829 1.86576 0.814204 2.94884
-1.93682 1.88488 -1.00829 1.8662 0.814582 2.94629
-1.93682 1.88488 -1.00829 1.86663 0.814959 2.94374
-1.93682 1.88488 -1.00829 1.86707 0.815337 2.94119
-1.93682 1.88488 -1.00829 1.8675 0.815714 2.93864
-1.93682 1.88488 -1.00829 1.86794 0.816092 2.93609
-1.93682 1.88488 -1.00829 1.86837 0.816469 2.93354
-1.93682 1.88488 -1.00829 1.86881 0.816847 2.93099
-1.93682 1.88488 -1.00829 1.86925 0.817224 2.92844
-1.93682 1.88488 -1.00829 1.86968 0.817602 2.92589
-1.93682 1.88488 -1.00829 1.87012 0.817979 2.92334
-1.93682 1.88488 -1.00829 1.87055 0.818357 2.92079
-1.93682 1.88488 -1.00829 1.87099 0.818735 2.91824
-1.93682 1.88488 -1.00829 1.87142 0.819112 2.91569
-1.93682 1.88488 -1.00829 1.87186 0.81949 2.91314
-1.93682 1.88488 -1.00829 1.8723 0.819867 2.91059
-1.93682 1.88488 -1.00829 1.87273 0.820245 2.90804
-1.93682 1.88488 -1.00829 1.87317 0.820622 2.90549
-1.93682 1.88488 -1.00829 1.8736 0.821 2.90294
-1.93682 1.88488 -1.00829 1.87404 0.821377 2.90039
-1.93682 1.88488 -1.00829 1.87448 0.821755 2.89784
-1.93682 1.88488 -1.00829 1.87491 0.822132 2.89529
-1.93682 1.88488 -1.00829 1.87535 0.82251 2.89274
-1.93682 1.88488 -1.00829 1.87578 0.822887 2.89019
-1.93682 1.88488 -1.00829 1.87622 0.823265 2.88764
-1.93682 1.88488 -1.00829 1.87665 0.823642 2.88509
-1.93682 1.88488 -1.00829 1.87709 0.82402 2.88253
-1.93682 1.88488 -1.00829 1.87753 0.824398 2.87998
-1.93682 1.88488 -1.00829 1.87796 0.824775 2.87743
-1.93682 1.88488 -1.00829 1.8784 0.825153 2.87488
-1.93682 1.88488 -1.00829 1.87883 0.82553 2.87233
-1.93682 1.88488 -1.00829 1.87927 0.825908 2.86978
-1.93682 1.88488 -1.00829 1.8797 0.826285 2.86723
-1.93682 1.88488 -1.00829 1.88014 0.826663 2.86468
-1.93682 1.88488 -1.00829 1.88058 0.82704 2.86213
-1.93682 1.88488 -1.00829 1.88101 0.827418 2.85958
-1.93682 1.88488 -1.00829 1.88145 0.827795 2.85703
-1.93682 1.88488 -1.00829 1.88188 0.828173 2.85448
-1.93682 1.88488 -1.00829 1.88232 0.82855 2.85193
-1.93682 1.88488 -1.00829 1.88275 0.828928 2.84938
-1.93682 1.88488 -1.00829 1.88319 0.829306 2.84683
-1.93682 1.88488 -1.00829 1.88363 0.829683 2.84428
-1.93682 1.88488 -1.00829 1.88406 0.830061 2.84173
-1.93682 1.88488 -1.00829 1.8845 0.830438 2.83918
-1.93682 1.88488 -1.00829 1.88493 0.830816 2.83663
-1.93682 1.88488 -1.00829 1.88537 0.831193 2.83408
-1.93682 1.88488 -1.00829 1.8858 0.831571 2.83153
-1.93682 1.88488 -1.00829 1.88624 0.831948 2.82898
-1.93682 1.88488 -1.00829 1.88668 0.832326 2.82643
-1.93682 1.88488 -1.00829 1.88711 0.832703 2.82388
-1.93682 1.88488 -1.00829 1.88755 0.833081 2.82133
-1.93682 1.88488 -1.00829 1.88798 0.833458 2.81878
-1.93682 1.88488 -1.00829 1.88842 0.833836 2.81623
-1.93682 1.88488 -1.00829 1.88885 0.834213 2.81368
-1.93682 1.88488 -1.00829 1.88929 0.834591 2.81113
-1.93682 1.88488 -1.00829 1.88973 0.834969 2.80858
-1.93682 1.88488 -1.00829 1.89016 0.835346 2.80603
-1.93682 1.88488 -1.00829 1.8906 0.835724 2.80348
-1.93682 1.88488 -1.00829 1.89103 0.836101 2.80093
-1.93682 1.88488 -1.00829 1.89147 0.836479 2.79838
-1.93682 1.88488 -1.00829 1.89191 0.836856 2.79583
-1.93682 1.88488 -1.00829 1.89234 0.837234 2.79328
-1.93682 1.88488 -1.00829 1.89278 0.837611 2.79073
-1.93682 1.88488 -1.00829 1.89321 0.837989 2.78818
-1.93682 1.88488 -1.00829 1.89365 0.838366 2.78563
-1.93682 1.88488 -1.00829 1.89408 0.838744 2.78308
-1.93682 1.88488 -1.00829 1.89452 0.839121 2.78053
-1.93682 1.88488 -1.00829 1.89496 0.839499 2.77798
-1.93682 1.88488 -1.00829 1.89539 0.839877 2.77543
-1.93682 1.88488 -1.00829 1.89583 0.840254 2.77288
-1.93682 1.88488 -1.00829 1.89626 0.840632 2.77033
-1.93682 1.88488 -1.00829 1.8967 0.841009 2.76778
-1.93682 1.88488 -1.00829 1.89713 0.841387 2.76523
-1.93682 1.88488 -1.00829 1.89757 0.841764 2.76268
-1.93682 1.88488 -1.00829 1.89801 0.842142 2.76013
-1.93682 1.88488 -1.00829 1.89844 0.842519 2.75758
-1.93682 1.88488 -1.00829 1.89888 0.842897 2.75503
-1.93682 1.88488 -1.00829 1.89931 0.843274 2.75248
-1.93682 1.88488 -1.00829 1.89975 0.843652 2.74993
-1.93682 1.88488 -1.00829 1.90018 0.844029 2.74738
-1.93682 1.88488 -1.00829 1.90062 0.844407 2.74483
-1.93682 1.88488 -1.00829 1.90106 0.844784 2.74228
-1.93682 1.88488 -1.00829 1.90149 0.845162 2.73973
-1.93682 1.88488 -1.00829 1.90193 0.84554 2.73718
-1.93682 1.88488 -1.00829 1.90236 0.845917 2.73463
-1.93682 1.88488 -1.00829 1.9028 0.846295 2.73208
-1.93682 1.88488 -1.00829 1.90323 0.846672 2.72953
-1.93682 1.88488 -1.00829 1.90367 0.84705 2.72698
-1.93682 1.88488 -1.00829 1.90411 0.847427 2.72443
-1.93682 1.88488 -1.00829 1.90454 0.847805 2.72188
-1.93682 1.88488 -1.00829 1.90498 0.848182 2.71933
-1.93682 1.88488 -1.00829 1.90541 0.84856 2.71678
-1.93682 1.88488 -1.00829 1.90585 0.848937 2.71422
-1.93682 1.88488 -1.00829 1.90629 0.849315 2.71167
-1.93682 1.88488 -1.00829 1.90672 0.849692 2.70912
-1.93682 1.88488 -1.00829 1.90716 0.85007 2.70657
-1.93682 1.88488 -1.00829 1.90759 0.850448 2.70402
-1.93682 1.88488 -1.00829 1.90803 0.850825 2.70147
-1.93682 1.88488 -1.00829 1.90846 0.851203 2.69892
-1.93682 1.88488 -1.00829 1.9089 0.85158 2.69637
-1.93682 1.88488 -1.00829 1.90934 0.851958 2.69382
-1.93682 1.88488 -1.00829 1.90977 0.852335 2.69127
-1.93682 1.88488 -1.00829 1.91021 0.852713 2.68872
-1.93682 1.88488 -1.00829 1.91064 0.85309 2.68617
-1.93682 1.88488 -1.00829 1.91108 0.853468 2.68362
-1.93682 1.88488 -1.00829 1.91151 0.853845 2.68107
-1.93682 1.88488 -1.00829 1.91195 0.854223 2.67852
-1.93682 1.88488 -1.00829 1.91239 0.8546 2.67597
-1.93682 1.88488 -1.00829 1.91282 0.854978 2.67342
-1.93682 1.88488 -1.00829 1.91326 0.855355 2.67087
-1.93682 1.88488 -1.00829 1.91369 0.855733 2.66832
-1.93682 1.88488 -1.00829 1.91413 0.856111 2.66577
-1.93682 1.88488 -1.00829 1.91456 0.856488 2.66322
-1.93682 1.88488 -1.00829 1.915 0.856866 2.66067
-1.93682 1.88488 -1.00829 1.91544 0.857243 2.65812
-1.93682 1.88488 -1.00829 1.91587 0.857621 2.65557
-1.93682 1.88488 -1.00829 1.91631 0.857998 2.65302
-1.93682 1.88488 -1.00829 1.91674 0.858376 2.65047
-1.93682 1.88488 -1.00829 1.91718 0.858753 2.64792
-1.93682 1.88488 -1.00829 1.91761 0.859131 2.64537
-1.93682 1.88488 -1.00829 1.91805 0.859508 2.64282
-1.93682 1.88488 -1.00829 1.91849 0.859886 2.64027
-1.93682 1.88488 -1.00829 1.91892 0.860263 2.63772
-1.93682 1.88488 -1.00829 1.91936 0.860641 2.63517
-1.93682 1.88488 -1.00829 1.91979 0.861019 2.63262
-1.93682 1.88488 -1.00829 1.92023 0.861396 2.63007
-1.93682 1.88488 -1.00829 1.92066 0.861774 2.62752
-1.93682 1.88488 -1.00829 1.9211 0.862151 2.62497
-1.93682 1.88488 -1.00829 1.92154 0.862529 2.62242
-1.93682 1.88488 -1.00829 1.92197 0.862906 2.61987
-1.93682 1.88488 -1.00829 1.92241 0.863284 2.61732
-1.93682 1.88488 -1.00829 1.92284 0.863661 2.61477
-1.93682 1.88488 -1.00829 1.92328 0.864039 2.61222
-1.93682 1.88488 -1.00829 1.92372 0.864416 2.60967
-1.93682 1.88488 -1.00829 1.92415 0.864794 2.60712
-1.93682 1.88488 -1.00829 1.92459 0.865171 2.60457
-1.93682 1.88488 -1.00829 1.92502 0.865549 2.60202
-1.93682 1.88488 -1.00829 1.92546 0.865926 2.59947
-1.93682 1.88488 -1.00829 1.92589 0.866304 2.59692
-1.93682 1.88488 -1.00829 1.92633 0.866682 2.59437
-1.93682 1.88488 -1.00829 1.92677 0.867059 2.59182
-1.93682 1.88488 -1.00829 1.9272 0.867437 2.58927
-1.93682 1.88488 -1.00829 1.92764 0.867814 2.58672
-1.93682 1.88488 -1.00829 1.92807 0.868192 2.58417
-1.93682 1.88488 -1.00829 1.92851 0.868569 2.58162
-1.93682 1.88488 -1.00829 1.92894 0.868947 2.57907
-1.93682 1.88488 -1.00829 1.92938 0.869324 2.57652
-1.93682 1.88488 -1.00829 1.92982 0.869702 2.57397
-1.93682 1.88488 -1.00829 1.93025 0.870079 2.57142
-1.93682 1.88488 -1.00829 1.93069 0.870457 2.56887
-1.93682 1.88488 -1.00829 1.93112 0.870834 2.56632
-1.93682 1.88488 -1.00829 1.93156 0.871212 2.56377
-1.93682 1.88488 -1.00829 1.93199 0.87159 2.56122
-1.93682 1.88488 -1.00829 1.93243 0.871967 2.55867
-1.93682 1.88488 -1.00829 1.93287 0.872345 2.55612
-1.93682 1.88488 -1.00829 1.9333 0.872722 2.55357
-1.93682 1.88488 -1.00829 1.93374 0.8731 2.55102
-1.93682 1.88488 -1.00829 1.93417 0.873477 2.54846
-1.93682 1.88488 -1.00829 1.93461 0.873855 2.54591
-1.93682 1.88488 -1.00829 1.93504 0.874232 2.54336
-1.93682 1.88488 -1.00829 1.93548 0.87461 2.54081
-1.93682 1.88488 -1.00829 1.93592 0.874987 2.53826
-1.93682 1.88488 -1.00829 1.93635 0.875365 2.53571
-1.93682 1.88488 -1.00829 1.93679 0.875742 2.53316
-1.93682 1.88488 -1.00829 1.93722 0.87612 2.53061
-1.93682 1.88488 -1.00829 1.93766 0.876497 2.52806
-1.93682 1.88488 -1.00829 1.93809 0.876875 2.52551
-1.93682 1.88488 -1.00829 1.93853 0.877253 2.52296
-1.93682 1.88488 -1.00829 1.93897 0.87763 2.52041
-1.93682 1.88488 -1.00829 1.9394 0.878008 2.51786
-1.93682 1.88488 -1.00829 1.93984 0.878385 2.51531
-1.93682 1.88488 -1.00829 1.94027 0.878763 2.51276
-1.93682 1.88488 -1.00829 1.94071 0.87914 2.51021
-1.93682 1.88488 -1.00829 1.94115 0.879518 2.50766
-1.93682 1.88488 -1.00829 1.94158 0.879895 2.50511
-1.93682 1.88488 -1.00829 1.94202 0.880273 2.50256
-1.93682 1.88488 -1.00829 1.94245 0.88065 2.50001
-1.93682 1.88488 -1.00829 1.94289 0.881028 2.49746
-1.93682 1.88488 -1.00829 1.94332 0.881405 2.49491
-1.93682 1.88488 -1.00829 1.94376 0.881783 2.49236
-1.93682 1.88488 -1.00829 1.9442 0.882161 2.48981
-1.93682 1.88488 -1.00829 1.94463 0.882538 2.48726
-1.93682 1.88488 -1.00829 1.94507 0.882916 2.48471
-1.93682 1.88488 -1.00829 1.9455 0.883293 2.48216
-1.93682 1.88488 -1.00829 1.94594 0.883671 2.47961
-1.93682 1.88488 -1.00829 1.94637 0.884048 2.47706
-1.93682 1.88488 -1.00829 1.94681 0.884426 2.47451
-1.93682 1.88488 -1.00829 1.94725 0.884803 2.47196
-1.93682 1.88488 -1.00829 1.94768 0.885181 2.46941
-1.93682 1.88488 -1.00829 1.94812 0.885558 2.46686
-1.93682 1.88488 -1.00829 1.94855 0.885936 2.46431
-1.93682 1.88488 -1.00829 1.94899 0.886313 2.46176
-1.93682 1.88488 -1.00829 1.94942 0.886691 2.45921
-1.93682 1.88488 -1.00829 1.94986 0.887068 2.45666
-1.93682 1.88488 -1.00829 1.9503 0.887446 2.45411
-1.93682 1.88488 -1.00829 1.95073 0.887824 2.45156
-1.93682 1.88488 -1.00829 1.95117 0.888201 2.44901
-1.93682 1.88488 -1.00829 1.9516 0.888579 2.44646
-1.93682 1.88488 -1.00829 1.95204 0.888956 2.44391
-1.93682 1.88488 -1.00829 1.95247 0.889334 2.44136
-1.93682 1.88488 -1.00829 1.95291 0.889711 2.43881
-1.93682 1.88488 -1.00829 1.95335 0.890089 2.43626
-1.93682 1.88488 -1.00829 1.95378 0.890466 2.43371
-1.93682 1.88488 -1.00829 1.95422 0.890844 2.43116
-1.93682 1.88488 -1.00829 1.95465 0.891221 2.42861
-1.93682 1.88488 -1.00829 1.95509 0.891599 2.42606
-1.93682 1.88488 -1.00829 1.95553 0.891976 2.42351
-1.93682 1.88488 -1.00829 1.95596 0.892354 2.42096
-1.93682 1.88488 -1.00829 1.9564 0.892732 2.41841
-1.93682 1.88488 -1.00829 1.95683 0.893109 2.41586
-1.93682 1.88488 -1.00829 1.95727 0.893487 2.41331
-1.93682 1.88488 -1.00829 1.9577 0.893864 2.41076
-1.93682 1.88488 -1.00829 1.95814 0.894242 2.40821
-1.93682 1.88488 -1.00829 1.95858 0.894619 2.40566
-1.93682 1.88488 -1.00829 1.95901 0.894997 2.40311
-1.93682 1.88488 -1.00829 1.95945 0.895374 2.40056
-1.93682 1.88488 -1.00829 1.95988 0.895752 2.39801
-1.93682 1.88488 -1.00829 1.96032 0.896129 2.39546
-1.93682 1.88488 -1.00829 1.96075 0.896507 2.39291
-1.93682 1.88488 -1.00829 1.96119 0.896884 2.39036
-1.93682 1.88488 -1.00829 1.96163 0.897262 2.38781
-1.93682 1.88488 -1.00829 1.96206 0.897639 2.38526
-1.93682 1.88488 -1.00829 1.9625 0.898017 2.38271
-1.93682 1.88488 -1.00829 1.96293 0.898395 2.38015
-1.93682 1.88488 -1.00829 1.96337 0.898772 2.3776
-1.93682 1.88488 -1.00829 1.9638 0.89915 2.37505
-1.93682 1.88488 -1.00829 1.96424 0.899527 2.3725
-1.93682 1.88488 -1.00829 1.96468 0.899905 2.36995
-1.93682 1.88488 -1.00829 1.96511 0.900282 2.3674
-1.93682 1.88488 -1.00829 1.96555 0.90066 2.36485
-1.93682 1.88488 -1.00829 1.96598 0.901037 2.3623
-1.93682 1.88488 -1.00829 1.96642 0.901415 2.35975
-1.93682 1.88488 -1.00829 1.96685 0.901792 2.3572
-1.93682 1.88488 -1.00829 1.96729 0.90217 2.35465
-1.93682 1.88488 -1.00829 1.96773 0.902547 2.3521
-1.93682 1.88488 -1.00829 1.96816 0.902925 2.34955
-1.93682 1.88488 -1.00829 1.9686 0.903303 2.347
-1.93682 1.88488 -1.00829 1.96903 0.90368 2.34445
-1.93682 1.88488 -1.00829 1.96947 0.904058 2.3419
-1.93682 1.88488 -1.00829 1.9699 0.904435 2.33935
-1.93682 1.88488 -1.00829 1.97034 0.904813 2.3368
-1.93682 1.88488 -1.00829 1.97078 0.90519 2.33425
-1.93682 1.88488 -1.00829 1.97121 0.905568 2.3317
-1.93682 1.88488 -1.00829 1.97165 0.905945 2.32915
-1.93682 1.88488 -1.00829 1.97208 0.906323 2.3266
-1.93682 1.88488 -1.00829 1.97252 0.9067 2.32405
-1.93682 1.88488 -1.00829 1.97296 0.907078 2.3215
-1.93682 1.88488 -1.00829 1.97339 0.907455 2.31895
-1.93682 1.88488 -1.00829 1.97383 0.907833 2.3164
-1.93682 1.88488 -1.00829 1.97426 0.90821 2.31385
-1.93682 1.88488 -1.00829 1.9747 0.908588 2.3113
-1.93682 1.88488 -1.00829 1.97513 0.908966 2.30875
-1.93682 1.88488 -1.00829 1.97557 0.909343 2.3062
-1.93682 1.88488 -1.00829 1.97601 0.909721 2.30365
-1.93682 1.88488 -1.00829 1.97644 0.910098 2.3011
-1.93682 1.88488 -1.00829 1.97688 0.910476 2.29855
-1.93682 1.88488 -1.00829 1.97731 0.910853 2.296
-1.93682 1.88488 -1.00829 1.97775 0.911231 2.29345
-1.93682 1.88488 -1.00829 1.97818 0.911608 2.2909
-1.93682 1.88488 -1.00829 1.97862 0.911986 2.28835
-1.93682 1.88488 -1.00829 1.97906 0.912363 2.2858
-1.93682 1.88488 -1.00829 1.97949 0.912741 2.28325
-1.93682 1.88488 -1.00829 1.97993 0.913118 2.2807
-1.93682 1.88488 -1.00829 1.98036 0.913496 2.27815
-1.93682 1.88488 -1.00829 1.9808 0.913874 2.2756
-1.93682 1.88488 -1.00829 1.98123 0.914251 2.27305
-1.93682 1.88488 -1.00829 1.98167 0.914629 2.2705
-1.93682 1.88488 -1.00829 1.98211 0.915006 2.26795
-1.93682 1.88488 -1.00829 1.98254 0.915384 2.2654
-1.93682 1.88488 -1.00829 1.98298 0.915761 2.26285
-1.93682 1.88488 -1.00829 1.98341 0.916139 2.2603
-1.93682 1.88488 -1.00829 1.98385 0.916516 2.25775
-1.93682 1.88488 -1.00829 1.98428 0.916894 2.2552
-1.93682 1.88488 -1.00829 1.98472 0.917271 2.25265
-1.93682 1.88488 -1.00829 1.98516 0.917649 2.2501
-1.93682 1.88488 -1.00829 1.98559 0.918026 2.24755
-1.93682 1.88488 -1.00829 1.98603 0.918404 2.245
-1.93682 1.88488 -1.00829 1.98646 0.918781 2.24245
-1.93682 1.88488 -1.00829 1.9869 0.919159 2.2399
-1.93682 1.88488 -1.00829 1.98734 0.919537 2.23735
-1.93682 1.88488 -1.00829 1.98777 0.919914 2.2348
-1.93682 1.88488 -1.00829 1.98821 0.920292 2.23225
-1.93682 1.88488 -1.00829 1.98864 0.920669 2.2297
-1.93682 1.88488 -1.00829 1.98908 0.921047 2.22715
-1.93682 1.88488 -1.00829 1.98951 0.921424 2.2246
-1.93682 1.88488 -1.00829 1.98995 0.921802 2.22205
-1.93682 1.88488 -1.00829 1.99039 0.922179 2.2195
-1.93682 1.88488 -1.00829 1.99082 0.922557 2.21695
-1.93682 1.88488 -1.00829 1.99126 0.922934 2.2144
-1.93682 1.88488 -1.00829 1.99169 0.923312 2.21184
-1.93682 1.88488 -1.00829 1.99213 0.923689 2.20929
-1.93682 1.88488 -1.00829 1.99256 0.924067 2.20674
-1.93682 1.88488 -1.00829 1.993 0.924445 2.20419
-1.93682 1.88488 -1.00829 1.99344 0.924822 2.20164
-1.93682 1.88488 -1.00829 1.99387 0.9252 2.19909
-1.93682 1.88488 -1.00829 1.99431 0.925577 2.19654
-1.93682 1.88488 -1.00829 1.99474 0.925955 2.19399
-1.93682 1.88488 -1.00829 1.99518 0.926332 2.19144
-1.93682 1.88488 -1.00829 1.99561 0.92671 2.18889
-1.93682 1.88488 -1.00829 1.99605 0.927087 2.18634
-1.93682 1.88488 -1.00829 1.99649 0.927465 2.18379
-1.93682 1.88488 -1.00829 1.99692 0.927842 2.18124
-1.93682 1.88488 -1.00829 1.99736 0.92822 2.17869
-1.93682 1.88488 -1.00829 1.99779 0.928597 2.17614
-1.93682 1.88488 -1.00829 1.99823 0.928975 2.17359
-1.93682 1.88488 -1.00829 1.99866 0.929352 2.17104
-1.93682 1.88488 -1.00829 1.9991 0.92973 2.16849
-1.93682 1.88488 -1.00829 1.99954 0.930108 2.16594
-1.93682 1.88488 -1.00829 1.99997 0.930485 2.16339
-1.93682 1.88488 -1.00829 2.00041 0.930863 2.16084
-1.93682 1.88488 -1.00829 2.00084 0.93124 2.15829
-1.93682 1.88488 -1.00829 2.00128 0.931618 2.15574
-1.93682 1.88488 -1.00829 2.00171 0.931995 2.15319
-1.93682 1.88488 -1.00829 2.00215 0.932373 2.15064
-1.93682 1.88488 -1.00829 2.00259 0.93275 2.14809
-1.93682 1.88488 -1.00829 2.00302 0.933128 2.14554
-1.93682 1.88488 -1.00829 2.00346 0.933505 2.14299
-1.93682 1.88488 -1.00829 2.00389 0.933883 2.14044
-1.93682 1.88488 -1.00829 2.00433 0.93426 2.13789
-1.93682 1.88488 -1.00829 2.00477 0.934638 2.13534
-1.93682 1.88488 -1.00829 2.0052 0.935016 2.13279
-1.93682 1.88488 -1.00829 2.00564 0.935393 2.13024
-1.93682 1.88488 -1.00829 2.00607 0.935771 2.12769
-1.93682 1.88488 -1.00829 2.00651 0.936148 2.12514
-1.93682 1.88488 -1.00829 2.00694 0.936526 2.12259
-1.93682 1.88488 -1.00829 2.00738 0.936903 2.12004
-1.93682 1.88488 -1.00829 2.00782 0.937281 2.11749
-1.93682 1.88488 -1.00829 2.00825 0.937658 2.11494
-1.93682 1.88488 -1.00829 2.00869 0.938036 2.11239
-1.93682 1.88488 -1.00829 2.00912 0.938413 2.10984
-1.93682 1.88488 -1.00829 2.00956 0.938791 2.10729
-1.93682 1.88488 -1.00829 2.00999 0.939168 2.10474
-1.93682 1.88488 -1.00829 2.01043 0.939546 2.10219
-1.93682 1.88488 -1.00829 2.01087 0.939923 2.09964
-1.93682 1.88488 -1.00829 2.0113 0.940301 2.09709
-1.93682 1.88488 -1.00829 2.01174 0.940679 2.09454
-1.93682 1.88488 -1.00829 2.01217 0.941056 2.09199
-1.93682 1.88488 -1.00829 2.01261 0.941434 2.08944
-1.93682 1.88488 -1.00829 2.01304 0.941811 2.08689
-1.93682 1.88488 -1.00829 2.01348 0.942189 2.08434
-1.93682 1.88488 -1.00829 2.01392 0.942566 2.08179
-1.93682 1.88488 -1.00829 2.01435 0.942944 2.07924
-1.93682 1.88488 -1.00829 2.01479 0.943321 2.07669
-1.93682 1.88488 -1.00829 2.01522 0.943699 2.07414
-1.93682 1.88488 -1.00829 2.01566 0.944076 2.07159
-1.93682 1.88488 -1.00829 2.01609 0.944454 2.06904
-1.93682 1.88488 -1.00829 2.01653 0.944831 2.06649
-1.93682 1.88488 -1.00829 2.01697 0.945209 2.06394
-1.93682 1.88488 -1.00829 2.0174 0.945587 2.06139
-1.93682 1.88488 -1.00829 2.01784 0.945964 2.05884
-1.93682 1.88488 -1.00829 2.01827 0.946342 2.05629
-1.93682 1.88488 -1.00829 2.01871 0.946719 2.05374
-1.93682 1.88488 -1.00829 2.01914 0.947097 2.05119
-1.93682 1.88488 -1.00829 2.01958 0.947474 2.04864
-1.93682 1.88488 -1.00829 2.02002 0.947852 2.04608
-1.93682 1.88488 -1.00829 2.02045 0.948229 2.04353
-1.93682 1.88488 -1.00829 2.02089 0.948607 2.04098
-1.93682 1.88488 -1.00829 2.02132 0.948984 2.03843
-1.93682 1.88488 -1.00829 2.02176 0.949362 2.03588
-1.93682 1.88488 -1.00829 2.0222 0.949739 2.03333
-1.93682 1.88488 -1.00829 2.02263 0.950117 2.03078
-1.93682 1.88488 -1.00829 2.02307 0.950494 2.02823
-1.93682 1.88488 -1.00829 2.0235 0.950872 2.02568
-1.93682 1.88488 -1.00829 2.02394 0.95125 2.02313
-1.93682 1.88488 -1.00829 2.02437 0.951627 2.02058
-1.93682 1.88488 -1.00829 2.02481 0.952005 2.01803
-1.93682 1.88488 -1.00829 2.02525 0.952382 2.01548
-1.93682 1.88488 -1.00829 2.02568 0.95276 2.01293
-1.93682 1.88488 -1.00829 2.02612 0.953137 2.01038
-1.93682 1.88488 -1.00829 2.02655 0.953515 2.00783
-1.93682 1.88488 -1.00829 2.02699 0.953892 2.00528
-1.93682 1.88488 -1.00829 2.02742 0.95427 2.00273
-1.93682 1.88488 -1.00829 2.02786 0.954647 2.00018
-1.93682 1.88488 -1.00829 2.0283 0.955025 1.99763
-1.93682 1.88488 -1.00829 2.02873 0.955402 1.99508
-1.93682 1.88488 -1.00829 2.02917 0.95578 1.99253
-1.93682 1.88488 -1.00829 2.0296 0.956158 1.98998
-1.93682 1.88488 -1.00829 2.03004 0.956535 1.98743
-1.93682 1.88488 -1.00829 2.03047 0.956913 1.98488
-1.93682 1.88488 -1.00829 2.03091 0.95729 1.98233
-1.93682 1.88488 -1.00829 2.03135 0.957668 1.97978
-1.93682 1.88488 -1.00829 2.03178 0.958045 1.97723
-1.93682 1.88488 -1.00829 2.03222 0.958423 1.97468
-1.93682 1.88488 -1.00829 2.03265 0.9588 1.97213
-1.93682 1.88488 -1.00829 2.03309 0.959178 1.96958
-1.93682 1.88488 -1.00829 2.03352 0.959555 1.96703
-1.93682 1.88488 -1.00829 2.03396 0.959933 1.96448
-1.93682 1.88488 -1.00829 2.0344 0.96031 1.96193
-1.93682 1.88488 -1.00829 2.03483 0.960688 1.95938
-1.93682 1.88488 -1.00829 2.03527 0.961066 1.95683
-1.93682 1.88488 -1.00829 2.0357 0.961443 1.95428
-1.93682 1.88488 -1.00829 2.03614 0.961821 1.95173
-1.93682 1.88488 -1.00829 2.03658 0.962198 1.94918
-1.93682 1.88488 -1.00829 2.03701 0.962576 1.94663
-1.93682 1.88488 -1.00829 2.03745 0.962953 1.94408
-1.93682 1.88488 -1.00829 2.03788 0.963331 1.94153
-1.93682 1.88488 -1.00829 2.03832 0.963708 1.93898
-1.93682 1.88488 -1.00829 2.03875 0.964086 1.93643
-1.93682 1.88488 -1.00829 2.03919 0.964463 1.93388
-1.93682 1.88488 -1.00829 2.03963 0.964841 1.93133
-1.93682 1.88488 -1.00829 2.04006 0.965218 1.92878
-1.93682 1.88488 -1.00829 2.0405 0.965596 1.92623
-1.93682 1.88488 -1.00829 2.04093 0.965973 1.92368
-1.93682 1.88488 -1.00829 2.04137 0.966351 1.92113
-1.93682 1.88488 -1.00829 2.0418 0.966729 1.91858
-1.93682 1.88488 -1.00829 2.04224 0.967106 1.91603
-1.93682 1.88488 -1.00829 2.04268 0.967484 1.91348
-1.93682 1.88488 -1.00829 2.04311 0.967861 1.91093
-1.93682 1.88488 -1.00829 2.04355 0.968239 1.90838
-1.93682 1.88488 -1.00829 2.04398 0.968616 1.90583
-1.93682 1.88488 -1.00829 2.04442 0.968994 1.90328
-1.93682 1.88488 -1.00829 2.04485 0.969371 1.90073
-1.93682 1.88488 -1.00829 2.04529 0.969749 1.89818
-1.93682 1.88488 -1.00829 2.04573 0.970126 1.89563
-1.93682 1.88488 -1.00829 2.04616 0.970504 1.89308
-1.93682 1.88488 -1.00829 2.0466 0.970881 1.89053
-1.93682 1.88488 -1.00829 2.04703 0.971259 1.88798
-1.93682 1.88488 -1.00829 2.04747 0.971637 1.88543
-1.93682 1.88488 -1.00829 2.0479 0.972014 1.88288
-1.93682 1.88488 -1.00829 2.04834 0.972392 1.88033
-1.93682 1.88488 -1.00829 2.04878 0.972769 1.87777
-1.93682 1.88488 -1.00829 2.04921 0.973147 1.87522
-1.93682 1.88488 -1.00829 2.04965 0.973524 1.87267
-1.93682 1.88488 -1.00829 2.05008 0.973902 1.87012
-1.93682 1.88488 -1.00829 2.05052 0.974279 1.86757
-1.93682 1.88488 -1.00829 2.05095 0.974657 1.86502
-1.93682 1.88488 -1.00829 2.05139 0.975034 1.86247
-1.93682 1.88488 -1.00829 2.05183 0.975412 1.85992
-1.93682 1.88488 -1.00829 2.05226 0.975789 1.85737
-1.93682 1.88488 -1.00829 2.0527 0.976167 1.85482
-1.93682 1.88488 -1.00829 2.05313 0.976544 1.85227
-1.93682 1.88488 -1.00829 2.05357 0.976922 1.84972
-1.93682 1.88488 -1.00829 2.05401 0.9773 1.84717
-1.93682 1.88488 -1.00829 2.05444 0.977677 1.84462
-1.93682 1.88488 -1.00829 2.05488 0.978055 1.84207
-1.93682 1.88488 -1.00829 2.05531 0.978432 1.83952
-1.93682 1.88488 -1.00829 2.05575 0.97881 1.83697
-1.93682 1.88488 -1.00829 2.05618 0.979187 1.83442
-1.93682 1.88488 -1.00829 2.05662 0.979565 1.83187
-1.93682 1.88488 -1.00829 2.05706 0.979942 1.82932
-1.93682 1.88488 -1.00829 2.05749 0.98032 1.82677
-1.93682 1.88488 -1.00829 2.05793 0.980697 1.82422
-1.93682 1.88488 -1.00829 2.05836 0.981075 1.82167
-1.93682 1.88488 -1.00829 2.0588 0.981452 1.81912
-1.93682 1.88488 -1.00829 2.05923 0.98183 1.81657
-1.93682 1.88488 -1.00829 2.05967 0.982208 1.81402
-1.93682 1.88488 -1.00829 2.06011 0.982585 1.81147
-1.93682 1.88488 -1.00829 2.06054 0.982963 1.80892
-1.93682 1.88488 -1.00829 2.06098 0.98334 1.80637
-1.93682 1.88488 -1.00829 2.06141 0.983718 1.80382
-1.93682 1.88488 -1.00829 2.06185 0.984095 1.80127
-1.93682 1.88488 -1.00829 2.06228 0.984473 1.79872
-1.93682 1.88488 -1.00829 2.06272 0.98485 1.79617
-1.93682 1.88488 -1.00829 2.06316 0.985228 1.79362
-1.93682 1.88488 -1.00829 2.06359 0.985605 1.79107
-1.93682 1.88488 -1.00829 2.06403 0.985983 1.78852
-1.93682 1.88488 -1.00829 2.06446 0.98636 1.78597
-1.93682 1.88488 -1.00829 2.0649 0.986738 1.78342
-1.93682 1.88488 -1.00829 2.06533 0.987115 1.78087
-1.93682 1.88488 -1.00829 2.06577 0.987493 1.77832
-1.93682 1.88488 -1.00829 2.06621 0.987871 1.77577
-1.93682 1.88488 -1.00829 2.06664 0.988248 1.77322
-1.93682 1.88488 -1.00829 2.06708 0.988626 1.77067
-1.93682 1.88488 -1.00829 2.06751 0.989003 1.76812
-1.93682 1.88488 -1.00829 2.06795 0.989381 1.76557
-1.93682 1.88488 -1.00829 2.06839 0.989758 1.76302
-1.93682 1.88488 -1.00829 2.06882 0.990136 1.76047
-1.93682 1.88488 -1.00829 2.06926 0.990513 1.75792
-1.93682 1.88488 -1.00829 2.06969 0.990891 1.75537
-1.93682 1.88488 -1.00829 2.07013 0.991268 1.75282
-1.93682 1.88488 -1.00829 2.07056 0.991646 1.75027
-1.93682 1.88488 -1.00829 2.071 0.992023 1.74772
-1.93682 1.88488 -1.00829 2.07144 0.992401 1.74517
-1.93682 1.88488 -1.00829 2.07187 0.992779 1.74262
-1.93682 1.88488 -1.00829 2.07231 0.993156 1.74007
-1.93682 1.88488 -1.00829 2.07274 0.993534 1.73752
-1.93682 1.88488 -1.00829 2.07318 0.993911 1.73497
-1.93682 1.88488 -1.00829 2.07361 0.994289 1.73242
-1.93682 1.88488 -1.00829 2.07405 0.994666 1.72987
-1.93682 1.88488 -1.00829 2.07449 0.995044 1.72732
-1.93682 1.88488 -1.00829 2.07492 0.995421 1.72477
-1.93682 1.88488 -1.00829 2.07536 0.995799 1.72222
-1.93682 1.88488 -1.00829 2.07579 0.996176 1.71967
-1.93682 1.88488 -1.00829 2.07623 0.996554 1.71712
-1.93682 1.88488 -1.00829 2.07666 0.996931 1.71457
-1.93682 1.88488 -1.00829 2.0771 0.997309 1.71202
-1.93682 1.88488 -1.00829 2.07754 0.997686 1.70946
-1.93682 1.88488 -1.00829 2.07797 0.998064 1.70691
-1.93682 1.88488 -1.00829 2.07841 0.998442 1.70436
-1.93682 1.88488 -1.00829 2.07884 0.998819 1.70181
-1.93682 1.88488 -1.00829 2.07928 0.999197 1.69926
-1.93682 1.88488 -1.00829 2.07971 0.999574 1.69671
-1.93682 1.88488 -1.00829 2.08015 0.999952 1.69416
-1.93682 1.88488 -1.00829 2.08059 1.00033 1.69161
-1.93682 1.88488 -1.00829 2.08102 1.00071 1.68906
-1.93682 1.88488 -1.00829 2.08146 1.00108 1.68651
-1.93682 1.88488 -1.00829 2.08189 1.00146 1.68396
-1.93682 1.88488 -1.00829 2.08233 1.00184 1.68141
-1.93682 1.88488 -1.00829 2.08276 1.00222 1.67886
-1.93682 1.88488 -1.00829 2.0832 1.00259 1.67631
-1.93682 1.88488 -1.00829 2.08364 1.00297 1.67376
-1.93682 1.88488 -1.00829 2.08407 1.00335 1.67121
-1.93682 1.88488 -1.00829 2.08451 1.00373 1.66866
-1.93682 1.88488 -1.00829 2.08494 1.0041 1.66611
-1.93682 1.88488 -1.00829 2.08538 1.00448 1.66356
-1.93682 1.88488 -1.00829 2.08582 1.00486 1.66101
-1.93682 1.88488 -1.00829 2.08625 1.00524 1.65846
-1.93682 1.88488 -1.00829 2.08669 1.00561 1.65591
-1.93682 1.88488 -1.00829 2.08712 1.00599 1.65336
-1.93682 1.88488 -1.00829 2.08756 1.00637 1.65081
-1.93682 1.88488 -1.00829 2.08799 1.00675 1.64826
-1.93682 1.88488 -1.00829 2.08843 1.00712 1.64571
-1.93682 1.88488 -1.00829 2.08887 1.0075 1.64316
-1.93682 1.88488 -1.00829 2.0893 1.00788 1.64061
-1.93682 1.88488 -1.00829 2.08974 1.00826 1.63806
-1.93682 1.88488 -1.00829 2.09017 1.00864 1.63551
-1.93682 1.88488 -1.00829 2.09061 1.00901 1.63296
-1.93682 1.88488 -1.00829 2.09104 1.00939 1.63041
-1.93682 1.88488 -1.00829 2.09148 1.00977 1.62786
-1.93682 1.88488 -1.00829 2.09192 1.01015 1.62531
-1.93682 1.88488 -1.00829 2.09235 1.01052 1.62276
-1.93682 1.88488 -1.00829 2.09279 1.0109 1.62021
-1.93682 1.88488 -1.00829 2.09322 1.01128 1.61766
-1.93682 1.88488 -1.00829 2.09366 1.01166 1.61511
-1.93682 1.88488 -1.00829 2.09409 1.01203 1.61256
-1.93682 1.88488 -1.00829 2.09453 1.01241 1.61001
-1.93682 1.88488 -1.00829 2.09497 1.01279 1.60746
-1.93682 1.88488 -1.00829 2.0954 1.01317 1.60491
-1.93682 1.88488 -1.00829 2.09584 1.01354 1.60236
-1.93682 1.88488 -1.00829 2.09627 1.01392 1.59981
-1.93682 1.88488 -1.00829 2.09671 1.0143 1.59726
-1.93682 1.88488 -1.00829 2.09714 1.01468 1.59471
-1.93682 1.88488 -1.00829 2.09758 1.01505 1.59216
-1.93682 1.88488 -1.00829 2.09802 1.01543 1.58961
-1.93682 1.88488 -1.00829 2.09845 1.01581 1.58706
-1.93682 1.88488 -1.00829 2.09889 1.01619 1.58451
-1.93682 1.88488 -1.00829 2.09932 1.01656 1.58196
-1.93682 1.88488 -1.00829 2.09976 1.01694 1.57941
-1.93682 1.88488 -1.00829 2.1002 1.01732 1.57686
-1.93682 1.88488 -1.00829 2.10063 1.0177 1.57431
-1.93682 1.88488 -1.00829 2.10107 1.01807 1.57176
-1.93682 1.88488 -1.00829 2.1015 1.01845 1.56921
-1.93682 1.88488 -1.00829 2.10194 1.01883 1.56666
-1.93682 1.88488 -1.00829 2.10237 1.01921 1.56411
-1.93682 1.88488 -1.00829 2.10281 1.01958 1.56156
-1.93682 1.88488 -1.00829 2.10325 1.01996 1.55901
-1.93682 1.88488 -1.00829 2.10368 1.02034 1.55646
-1.93682 1.88488 -1.00829 2.10412 1.02072 1.55391
-1.93682 1.88488 -1.00829 2.10455 1.02109 1.55136
-1.93682 1.88488 -1.00829 2.10499 1.02147 1.54881
-1.93682 1.88488 -1.00829 2.10542 1.02185 1.54626
-1.93682 1.88488 -1.00829 2.10586 1.02223 1.54371
-1.93682 1.88488 -1.00829 2.1063 1.0226 1.54115
-1.93682 1.88488 -1.00829 2.10673 1.02298 1.5386
-1.93682 1.88488 -1.00829 2.10717 1.02336 1.53605
-1.93682 1.88488 -1.00829 2.1076 1.02374 1.5335
-1.93682 1.88488 -1.00829 2.10804 1.02411 1.53095
-1.93682 1.88488 -1.00829 2.10847 1.02449 1.5284
-1.93682 1.88488 -1.00829 2.10891 1.02487 1.52585
-1.93682 1.88488 -1.00829 2.10935 1.02525 1.5233
-1.93682 1.88488 -1.00829 2.10978 1.02562 1.52075
-1.93682 1.88488 -1.00829 2.11022 1.026 1.5182
-1.93682 1.88488 -1.00829 2.11065 1.02638 1.51565
-1.93682 1.88488 -1.00829 2.11109 1.02676 1.5131
-1.93682 1.88488 -1.00829 2.11152 1.02713 1.51055
-1.93682 1.88488 -1.00829 2.11196 1.02751 1.508
-1.93682 1.88488 -1.00829 2.1124 1.02789 1.50545
-1.93682 1.88488 -1.00829 2.11283 1.02827 1.5029
-1.93682 1.88488 -1.00829 2.11327 1.02864 1.50035
-1.93682 1.88488 -1.00829 2.1137 1.02902 1.4978
-1.93682 1.88488 -1.00829 2.11414 1.0294 1.49525
-1.93682 1.88488 -1.00829 2.11457 1.02978 1.4927
-1.93682 1.88488 -1.00829 2.11501 1.03015 1.49015
-1.93682 1.88488 -1.00829 2.11545 1.03053 1.4876
-1.93682 1.88488 -1.00829 2.11588 1.03091 1.48505
-1.93682 1.88488 -1.00829 2.11632 1.03129 1.4825
-1.93682 1.88488 -1.00829 2.11675 1.03166 1.47995
-1.93682 1.88488 -1.00829 2.11719 1.03204 1.4774
-1.93682 1.88488 -1.00829 2.11763 1.03242 1.47485
-1.93682 1.88488 -1.00829 2.11806 1.0328 1.4723
-1.93682 1.88488 -1.00829 2.1185 1.03317 1.46975
-1.93682 1.88488 -1.00829 2.11893 1.03355 1.4672
-1.93682 1.88488 -1.00829 2.11937 1.03393 1.46465
-1.93682 1.88488 -1.00829 2.1198 1.03431 1.4621
-1.93682 1.88488 -1.00829 2.12024 1.03468 1.45955
-1.93682 1.88488 -1.00829 2.12068 1.03506 1.457
-1.93682 1.88488 -1.00829 2.12111 1.03544 1.45445
-1.93682 1.88488 -1.00829 2.12155 1.03582 1.4519
-1.93682 1.88488 -1.00829 2.12198 1.0362 1.44935
-1.93682 1.88488 -1.00829 2.12242 1.03657 1.4468
-1.93682 1.88488 -1.00829 2.12285 1.03695 1.44425
-1.93682 1.88488 -1.00829 2.12329 1.03733 1.4417
-1.93682 1.88488 -1.00829 2.12373 1.03771 1.43915
-1.93682 1.88488 -1.00829 2.12416 1.03808 1.4366
-1.93682 1.88488 -1.00829 2.1246 1.03846 1.43405
-1.93682 1.88488 -1.00829 2.12503 1.03884 1.4315
-1.93682 1.88488 -1.00829 2.12547 1.03922 1.42895
-1.93682 1.88488 -1.00829 2.1259 1.03959 1.4264
-1.93682 1.88488 -1.00829 2.12634 1.03997 1.42385
-1.93682 1.88488 -1.00829 2.12678 1.04035 1.4213
-1.93682 1.88488 -1.00829 2.12721 1.04073 1.41875
-1.93682 1.88488 -1.00829 2.12765 1.0411 1.4162
-1.93682 1.88488 -1.00829 2.12808 1.04148 1.41365
-1.93682 1.88488 -1.00829 2.12852 1.04186 1.4111
-1.93682 1.88488 -1.00829 2.12895 1.04224 1.40855
-1.93682 1.88488 -1.00829 2.12939 1.04261 1.406
-1.93682 1.88488 -1.00829 2.12983 1.04299 1.40345
-1.93682 1.88488 -1.00829 2.13026 1.04337 1.4009
-1.93682 1.88488 -1.00829 2.1307 1.04375 1.39835
-1.93682 1.88488 -1.00829 2.13113 1.04412 1.3958
-1.93682 1.88488 -1.00829 2.13157 1.0445 1.39325
-1.93682 1.88488 -1.00829 2.132 1.04488 1.3907
-1.93682 1.88488 -1.00829 2.13244 1.04526 1.38815
-1.93682 1.88488 -1.00829 2.13288 1.04563 1.3856
-1.93682 1.88488 -1.00829 2.13331 1.04601 1.38305
-1.93682 1.88488 -1.00829 2.13375 1.04639 1.3805
-1.93682 1.88488 -1.00829 2.13418 1.04677 1.37795
-1.93682 1.88488 -1.00829 2.13462 1.04714 1.37539
-1.93682 1.88488 -1.00829 2.13506 1.04752 1.37284
-1.93682 1.88488 -1.00829 2.13549 1.0479 1.37029
-1.93682 1.88488 -1.00829 2.13593 1.04828 1.36774
-1.93682 1.88488 -1.00829 2.13636 1.04865 1.36519
-1.93682 1.88488 -1.00829 2.1368 1.04903 1.36264
-1.93682 1.88488 -1.00829 2.13723 1.04941 1.36009
-1.93682 1.88488 -1.00829 2.13767 1.04979 1.35754
-1.93682 1.88488 -1.00829 2.13811 1.05016 1.35499
-1.93682 1.88488 -1.00829 2.13854 1.05054 1.35244
-1.93682 1.88488 -1.00829 2.13898 1.05092 1.34989
-1.93682 1.88488 -1.00829 2.13941 1.0513 1.34734
-1.93682 1.88488 -1.00829 2.13985 1.05167 1.34479
-1.93682 1.88488 -1.00829 2.14028 1.05205 1.34224
-1.93682 1.88488 -1.00829 2.14072 1.05243 1.33969
-1.93682 1.88488 -1.00829 2.14116 1.05281 1.33714
-1.93682 1.88488 -1.00829 2.14159 1.05318 1.33459
-1.93682 1.88488 -1.00829 2.14203 1.05356 1.33204
-1.93682 1.88488 -1.00829 2.14246 1.05394 1.32949
-1.93682 1.88488 -1.00829 2.1429 1.05432 1.32694
-1.93682 1.88488 -1.00829 2.14333 1.05469 1.32439
-1.93682 1.88488 -1.00829 2.14377 1.05507 1.32184
-1.93682 1.88488 -1.00829 2.14421 1.05545 1.31929
-1.93682 1.88488 -1.00829 2.14464 1.05583 1.31674
-1.93682 1.88488 -1.00829 2.14508 1.0562 1.31419
-1.93682 1.88488 -1.00829 2.14551 1.05658 1.31164
-1.93682 1.88488 -1.00829 2.14595 1.05696 1.30909
-1.93682 1.88488 -1.00829 2.14638 1.05734 1.30654
-1.93682 1.88488 -1.00829 2.14682 1.05771 1.30399
-1.93682 1.88488 -1.00829 2.14726 1.05809 1.30144
-1.93682 1.88488 -1.00829 2.14769 1.05847 1.29889
-1.93682 1.88488 -1.00829 2.14813 1.05885 1.29634
-1.93682 1.88488 -1.00829 2.14856 1.05922 1.29379
-1.93682 1.88488 -1.00829 2.149 1.0596 1.29124
-1.93682 1.88488 -1.00829 2.14944 1.05998 1.28869
-1.93682 1.88488 -1.00829 2.14987 1.06036 1.28614
-1.93682 1.88488 -1.00829 2.15031 1.06073 1.28359
-1.93682 1.88488 -1.00829 2.15074 1.06111 1.28104
-1.93682 1.88488 -1.00829 2.15118 1.06149 1.27849
-1.93682 1.88488 -1.00829 2.15161 1.06187 1.27594
-1.93682 1.88488 -1.00829 2.15205 1.06225 1.27339
-1.93682 1.88488 -1.00829 2.15249 1.06262 1.27084
-1.93682 1.88488 -1.00829 2.15292 1.063 1.26829
-1.93682 1.88488 -1.00829 2.15336 1.06338 1.26574
-1.93682 1.88488 -1.00829 2.15379 1.06376 1.26319
-1.93682 1.88488 -1.00829 2.15423 1.06413 1.26064
-1.93682 1.88488 -1.00829 2.15466 1.06451 1.25809
-1.93682 1.88488 -1.00829 2.1551 1.06489 1.25554
-1.93682 1.88488 -1.00829 2.15554 1.06527 1.25299
-1.93682 1.88488 -1.00829 2.15597 1.06564 1.25044
-1.93682 1.88488 -1.00829 2.15641 1.06602 1.24789
-1.93682 1.88488 -1.00829 2.15684 1.0664 1.24534
-1.93682 1.88488 -1.00829 2.15728 1.06678 1.24279
-1.93682 1.88488 -1.00829 2.15771 1.06715 1.24024
-1.93682 1.88488 -1.00829 2.15815 1.06753 1.23769
-1.93682 1.88488 -1.00829 2.15859 1.06791 1.23514
-1.93682 1.88488 -1.00829 2.15902 1.06829 1.23259
-1.93682 1.88488 -1.00829 2.15946 1.06866 1.23004
-1.93682 1.88488 -1.00829 2.15989 1.06904 1.22749
-1.93682 1.88488 -1.00829 2.16033 1.06942 1.22494
-1.93682 1.88488 -1.00829 2.16076 1.0698 1.22239
-1.93682 1.88488 -1.00829 2.1612 1.07017 1.21984
-1.93682 1.88488 -1.00829 2.16164 1.07055 1.21729
-1.93682 1.88488 -1.00829 2.16207 1.07093 1.21474
-1.93682 1.88488 -1.00829 2.16251 1.07131 1.21219
-1.93682 1.88488 -1.00829 2.16294 1.07168 1.20964
-1.93682 1.88488 -1.00829 2.16338 1.07206 1.20708
-1.93682 1.88488 -1.00829 2.16381 1.07244 1.20453
-1.93682 1.88488 -1.00829 2.16425 1.07282 1.20198
-1.93682 1.88488 -1.00829 2.16469 1.07319 1.19943
-1.93682 1.88488 -1.00829 2.16512 1.07357 1.19688
-1.93682 1.88488 -1.00829 2.16556 1.07395 1.19433
-1.93682 1.88488 -1.00829 2.16599 1.07433 1.19178
-1.93682 1.88488 -1.00829 2.16643 1.0747 1.18923
-1.93682 1.88488 -1.00829 2.16687 1.07508 1.18668
-1.93682 1.88488 -1.00829 2.1673 1.07546 1.18413
-1.93682 1.88488 -1.00829 2.16774 1.07584 1.18158
-1.93682 1.88488 -1.00829 2.16817 1.07621 1.17903
-1.93682 1.88488 -1.00829 2.16861 1.07659 1.17648
-1.93682 1.88488 -1.00829 2.16904 1.07697 1.17393
-1.93682 1.88488 -1.00829 2.16948 1.07735 1.17138
-1.93682 1.88488 -1.00829 2.16992 1.07772 1.16883
-1.93682 1.88488 -1.00829 2.17035 1.0781 1.16628
-1.93682 1.88488 -1.00829 2.17079 1.07848 1.16373
-1.93682 1.88488 -1.00829 2.17122 1.07886 1.16118
-1.93682 1.88488 -1.00829 2.17166 1.07923 1.15863
-1.93682 1.88488 -1.00829 2.17209 1.07961 1.15608
-1.93682 1.88488 -1.00829 2.17253 1.07999 1.15353
-1.93682 1.88488 -1.00829 2.17297 1.08037 1.15098
-1.93682 1.88488 -1.00829 2.1734 1.08074 1.14843
-1.93682 1.88488 -1.00829 2.17384 1.08112 1.14588
-1.93682 1.88488 -1.00829 2.17427 1.0815 1.14333
-1.93682 1.88488 -1.00829 2.17471 1.08188 1.14078
-1.93682 1.88488 -1.00829 2.17514 1.08225 1.13823
-1.93682 1.88488 -1.00829 2.17558 1.08263 1.13568
-1.93682 1.88488 -1.00829 2.17602 1.08301 1.13313
-1.93682 1.88488 -1.00829 2.17645 1.08339 1.13058
-1.93682 1.88488 -1.00829 2.17689 1.08376 1.12803
-1.93682 1.88488 -1.00829 2.17732 1.08414 1.12548
-1.93682 1.88488 -1.00829 2.17776 1.08452 1.12293
-1.93682 1.88488 -1.00829 2.17819 1.0849 1.12038
-1.93682 1.88488 -1.00829 2.17863 1.08527 1.11783
-1.93682 1.88488 -1.00829 2.17907 1.08565 1.11528
-1.93682 1.88488 -1.00829 2.1795 1.08603 1.11273
-1.93682 1.88488 -1.00829 2.17994 1.08641 1.11018
-1.93682 1.88488 -1.00829 2.18037 1.08678 1.10763
-1.93682 1.88488 -1.00829 2.18081 1.08716 1.10508
-1.93682 1.88488 -1.00829 2.18125 1.08754 1.10253
-1.93682 1.88488 -1.00829 2.18168 1.08792 1.09998
-1.93682 1.88488 -1.00829 2.18212 1.0883 1.09743
-1.93682 1.88488 -1.00829 2.18255 1.08867 1.09488
-1.93682 1.88488 -1.00829 2.18299 1.08905 1.09233
-1.93682 1.88488 -1.00829 2.18342 1.08943 1.08978
-1.93682 1.88488 -1.00829 2.18386 1.08981 1.08723
-1.93682 1.88488 -1.00829 2.1843 1.09018 1.08468
-1.93682 1.88488 -1.00829 2.18473 1.09056 1.08213
-1.93682 1.88488 -1.00829 2.18517 1.09094 1.07958
-1.93682 1.88488 -1.00829 2.1856 1.09132 1.07703
-1.93682 1.88488 -1.00829 2.18604 1.09169 1.07448
-1.93682 1.88488 -1.00829 2.18647 1.09207 1.07193
-1.93682 1.88488 -1.00829 2.18691 1.09245 1.06938
-1.93682 1.88488 -1.00829 2.18735 1.09283 1.06683
-1.93682 1.88488 -1.00829 2.18778 1.0932 1.06428
-1.93682 1.88488 -1.00829 2.18822 1.09358 1.06173
-1.93682 1.88488 -1.00829 2.18865 1.09396 1.05918
-1.93682 1.88488 -1.00829 2.18909 1.09434 1.05663
-1.93682 1.88488 -1.00829 2.18952 1.09471 1.05408
-1.93682 1.88488 -1.00829 2.18996 1.09509 1.05153
-1.93682 1.88488 -1.00829 2.1904 1.09547 1.04898
-1.93682 1.88488 -1.00829 2.19083 1.09585 1.04643
-1.93682 1.88488 -1.00829 2.19127 1.09622 1.04388
-1.93682 1.88488 -1.00829 2.1917 1.0966 1.04133
-1.93682 1.88488 -1.00829 2.19214 1.09698 1.03877
-1.93682 1.88488 -1.00829 2.19257 1.09736 1.03622
-1.93682 1.88488 -1.00829 2.19301 1.09773 1.03367
-1.93682 1.88488 -1.00829 2.19345 1.09811 1.03112
-1.93682 1.88488 -1.00829 2.19388 1.09849 1.02857
-1.93682 1.88488 -1.00829 2.19432 1.09887 1.02602
-1.93682 1.88488 -1.00829 2.19475 1.09924 1.02347
-1.93682 1.88488 -1.00829 2.19519 1.09962 1.02092
-1.93682 1.88488 -1.00829 2.19562 1.1 1.01837
-1.93682 1.88488 -1.00829 2.19606 1.10038 1.01582
-1.93682 1.88488 -1.00829 2.1965 1.10075 1.01327
-1.93682 1.88488 -1.00829 2.19693 1.10113 1.01072
-1.93682 1.88488 -1.00829 2.19737 1.10151 1.00817
-1.93682 1.88488 -1.00829 2.1978 1.10189 1.00562
-1.93682 1.88488 -1.00829 2.19824 1.10226 1.00307
-1.93682 1.88488 -1.00829 2.19868 1.10264 1.00052
-1.93682 1.88488 -1.00829 2.19911 1.10302 0.997972
-1.93682 1.88488 -1.00829 2.19955 1.1034 0.995422
-1.93682 1.88488 -1.00829 2.19998 1.10377 0.992872
-1.93682 1.88488 -1.00829 2.20042 1.10415 0.990322
-1.93682 1.88488 -1.00829 2.20085 1.10453 0.987772
-1.93682 1.88488 -1.00829 2.20129 1.10491 0.985222
-1.93682 1.88488 -1.00829 2.20173 1.10528 0.982672
-1.93682 1.88488 -1.00829 2.20216 1.10566 0.980121
-1.93682 1.88488 -1.00829 2.2026 1.10604 0.977571
-1.93682 1.88488 -1.00829 2.20303 1.10642 0.975021
-1.93682 1.88488 -1.00829 2.20347 1.10679 0.972471
-1.93682 1.88488 -1.00829 2.2039 1.10717 0.969921
-1.93682 1.88488 -1.00829 2.20434 1.10755 0.967371
-1.93682 1.88488 -1.00829 2.20478 1.10793 0.96482
-1.93682 1.88488 -1.00829 2.20521 1.1083 0.96227
-1.93682 1.88488 -1.00829 2.20565 1.10868 0.95972
-1.93682 1.88488 -1.00829 2.20608 1.10906 0.95717
-1.93682 1.88488 -1.00829 2.20652 1.10944 0.95462
-1.93682 1.88488 -1.00829 2.20695 1.10981 0.95207
-1.93682 1.88488 -1.00829 2.20739 1.11019 0.94952
-1.93682 1.88488 -1.00829 2.20783 1.11057 0.946969
-1.93682 1.88488 -1.00829 2.20826 1.11095 0.944419
-1.93682 1.88488 -1.00829 2.2087 1.11132 0.941869
-1.93682 1.88488 -1.00829 2.20913 1.1117 0.939319
-1.93682 1.88488 -1.00829 2.20957 1.11208 0.936769
-1.93682 1.88488 -1.00829 2.21 1.11246 0.934219
-1.93682 1.88488 -1.00829 2.21044 1.11283 0.931668
-1.93682 1.88488 -1.00829 2.21088 1.11321 0.929118
-1.93682 1.88488 -1.00829 2.21131 1.11359 0.926568
-1.93682 1.88488 -1.00829 2.21175 1.11397 0.924018
-1.93682 1.88488 -1.00829 2.21218 1.11435 0.921468
-1.93682 1.88488 -1.00829 2.21262 1.11472 0.918918
-1.93682 1.88488 -1.00829 2.21306 1.1151 0.916368
-1.93682 1.88488 -1.00829 2.21349 1.11548 0.913817
-1.93682 1.88488 -1.00829 2.21393 1.11586 0.911267
-1.93682 1.88488 -1.00829 2.21436 1.11623 0.908717
-1.93682 1.88488 -1.00829 2.2148 1.11661 0.906167
-1.93682 1.88488 -1.00829 2.21523 1.11699 0.903617
-1.93682 1.88488 -1.00829 2.21567 1.11737 0.901067
-1.93682 1.88488 -1.00829 2.21611 1.11774 0.898516
-1.93682 1.88488 -1.00829 2.21654 1.11812 0.895966
-1.93682 1.88488 -1.00829 2.21698 1.1185 0.893416
-1.93682 1.88488 -1.00829 2.21741 1.11888 0.890866
-1.93682 1.88488 -1.00829 2.21785 1.11925 0.888316
-1.93682 1.88488 -1.00829 2.21828 1.11963 0.885766
-1.93682 1.88488 -1.00829 2.21872 1.12001 0.883216
-1.93682 1.88488 -1.00829 2.21916 1.12039 0.880665
-1.93682 1.88488 -1.00829 2.21959 1.12076 0.878115
-1.93682 1.88488 -1.00829 2.22003 1.12114 0.875565
-1.93682 1.88488 -1.00829 2.22046 1.12152 0.873015
-1.93682 1.88488 -1.00829 2.2209 1.1219 0.870465
-1.93682 1.88488 -1.00829 2.22133 1.12227 0.867915
-1.93682 1.88488 -1.00829 2.22177 1.12265 0.865365
-1.93682 1.88488 -1.00829 2.22221 1.12303 0.862814
-1.93682 1.88488 -1.00829 2.22264 1.12341 0.860264
-1.93682 1.88488 -1.00829 2.22308 1.12378 0.857714
-1.93682 1.88488 -1.00829 2.22351 1.12416 0.855164
-1.93682 1.88488 -1.00829 2.22395 1.12454 0.852614
-1.93682 1.88488 -1.00829 2.22438 1.12492 0.850064
-1.93682 1.88488 -1.00829 2.22482 1.12529 0.847513
-1.93682 1.88488 -1.00829 2.22526 1.12567 0.844963
-1.93682 1.88488 -1.00829 2.22569 1.12605 0.842413
-1.93682 1.88488 -1.00829 2.22613 1.12643 0.839863
-1.93682 1.88488 -1.00829 2.22656 1.1268 0.837313
-1.93682 1.88488 -1.00829 2.227 1.12718 0.834763
-1.93682 1.88488 -1.00829 2.22743 1.12756 0.832213
-1.93682 1.88488 -1.00829 2.22787 1.12794 0.829662
-1.93682 1.88488 -1.00829 2.22831 1.12831 0.827112
-1.93682 1.88488 -1.00829 2.22874 1.12869 0.824562
-1.93682 1.88488 -1.00829 2.22918 1.12907 0.822012
-1.93682 1.88488 -1.00829 2.22961 1.12945 0.819462
-1.93682 1.88488 -1.00829 2.23005 1.12982 0.816912
-1.93682 1.88488 -1.00829 2.23049 1.1302 0.814361
-1.93682 1.88488 -1.00829 2.23092 1.13058 0.811811
-1.93682 1.88488 -1.00829 2.23136 1.13096 0.809261
-1.93682 1.88488 -1.00829 2.23179 1.13133 0.806711
-1.93682 1.88488 -1.00829 2.23223 1.13171 0.804161
-1.93682 1.88488 -1.00829 2.23266 1.13209 0.801611
-1.93682 1.88488 -1.00829 2.2331 1.13247 0.799061
-1.93682 1.88488 -1.00829 2.23354 1.13284 0.79651
-1.93682 1.88488 -1.00829 2.23397 1.13322 0.79396
-1.93682 1.88488 -1.00829 2.23441 1.1336 0.79141
-1.93682 1.88488 -1.00829 2.23484 1.13398 0.78886
-1.93682 1.88488 -1.00829 2.23528 1.13435 0.78631
-1.93682 1.88488 -1.00829 2.23571 1.13473 0.78376
-1.93682 1.88488 -1.00829 2.23615 1.13511 0.781209
-1.93682 1.88488 -1.00829 2.23659 1.13549 0.778659
-1.93682 1.88488 -1.00829 2.23702 1.13586 0.776109
-1.93682 1.88488 -1.00829 2.23746 1.13624 0.773559
-1.93682 1.88488 -1.00829 2.23789 1.13662 0.771009
-1.93682 1.88488 -1.00829 2.23833 1.137 0.768459
-1.93682 1.88488 -1.00829 2.23876 1.13737 0.765909
-1.93682 1.88488 -1.00829 2.2392 1.13775 0.763358
-1.93682 1.88488 -1.00829 2.23964 1.13813 0.760808
-1.93682 1.88488 -1.00829 2.24007 1.13851 0.758258
-1.93682 1.88488 -1.00829 2.24051 1.13888 0.755708
-1.93682 1.88488 -1.00829 2.24094 1.13926 0.753158
-1.93682 1.88488 -1.00829 2.24138 1.13964 0.750608
-1.93682 1.88488 -1.00829 2.24181 1.14002 0.748058
-1.93682 1.88488 -1.00829 2.24225 1.14039 0.745507
-1.93682 1.88488 -1.00829 2.24269 1.14077 0.742957
-1.93682 1.88488 -1.00829 2.24312 1.14115 0.740407
-1.93682 1.88488 -1.00829 2.24356 1.14153 0.737857
-1.93682 1.88488 -1.00829 2.24399 1.14191 0.735307
-1.93682 1.88488 -1.00829 2.24443 1.14228 0.732757
-1.93682 1.88488 -1.00829 2.24486 1.14266 0.730206
-1.93682 1.88488 -1.00829 2.2453 1.14304 0.727656
-1.93682 1.88488 -1.00829 2.24574 1.14342 0.725106
-1.93682 1.88488 -1.00829 2.24617 1.14379 0.722556
-1.93682 1.88488 -1.00829 2.24661 1.14417 0.720006
-1.93682 1.88488 -1.00829 2.24704 1.14455 0.717456
-1.93682 1.88488 -1.00829 2.24748 1.14493 0.714906
-1.93682 1.88488 -1.00829 2.24792 1.1453 0.712355
-1.93682 1.88488 -1.00829 2.24835 1.14568 0.709805
-1.93682 1.88488 -1.00829 2.24879 1.14606 0.707255
-1.93682 1.88488 -1.00829 2.24922 1.14644 0.704705
-1.93682 1.88488 -1.00829 2.24966 1.14681 0.702155
-1.93682 1.88488 -1.00829 2.25009 1.14719 0.699605
-1.93682 1.88488 -1.00829 2.25053 1.14757 0.697054
-1.93682 1.88488 -1.00829 2.25097 1.14795 0.694504
-1.93682 1.88488 -1.00829 2.2514 1.14832 0.691954
-1.93682 1.88488 -1.00829 2.25184 1.1487 0.689404
-1.93682 1.88488 -1.00829 2.25227 1.14908 0.686854
-1.93682 1.88488 -1.00829 2.25271 1.14946 0.684304
-1.93682 1.88488 -1.00829 2.25314 1.14983 0.681754
-1.93682 1.88488 -1.00829 2.25358 1.15021 0.679203
-1.93682 1.88488 -1.00829 2.25402 1.15059 0.676653
-1.93682 1.88488 -1.00829 2.25445 1.15097 0.674103
-1.93682 1.88488 -1.00829 2.25489 1.15134 0.671553
-1.93682 1.88488 -1.00829 2.25532 1.15172 0.669003
-1.93682 1.88488 -1.00829 2.25576 1.1521 0.666453
-1.93682 1.88488 -1.00829 2.25619 1.15248 0.663902
-1.93682 1.88488 -1.00829 2.25663 1.15285 0.661352
-1.93682 1.88488 -1.00829 2.25707 1.15323 0.658802
-1.93682 1.88488 -1.00829 2.2575 1.15361 0.656252
-1.93682 1.88488 -1.00829 2.25794 1.15399 0.653702
-1.93682 1.88488 -1.00829 2.25837 1.15436 0.651152
-1.93682 1.88488 -1.00829 2.25881 1.15474 0.648602
-1.93682 1.88488 -1.00829 2.25924 1.15512 0.646051
-1.93682 1.88488 -1.00829 2.25968 1.1555 0.643501
-1.93682 1.88488 -1.00829 2.26012 1.15587 0.640951
-1.93682 1.88488 -1.00829 2.26055 1.15625 0.638401
-1.93682 1.88488 -1.00829 2.26099 1.15663 0.635851
-1.93682 1.88488 -1.00829 2.26142 1.15701 0.633301
-1.93682 1.88488 -1.00829 2.26186 1.15738 0.630751
-1.93682 1.88488 -1.00829 2.2623 1.15776 0.6282
-1.93682 1.88488 -1.00829 2.26273 1.15814 0.62565
-1.93682 1.88488 -1.00829 2.26317 1.15852 0.6231
-1.93682 1.88488 -1.00829 2.2636 1.15889 0.62055
-1.93682 1.88488 -1.00829 2.26404 1.15927 0.618
-1.93682 1.88488 -1.00829 2.26447 1.15965 0.61545
-1.93682 1.88488 -1.00829 2.26491 1.16003 0.612899
-1.93682 1.88488 -1.00829 2.26535 1.1604 0.610349
-1.93682 1.88488 -1.00829 2.26578 1.16078 0.607799
-1.93682 1.88488 -1.00829 2.26622 1.16116 0.605249
-1.93682 1.88488 -1.00829 2.26665 1.16154 0.602699
-1.93682 1.88488 -1.00829 2.26709 1.16191 0.600149
-1.93682 1.88488 -1.00829 2.26752 1.16229 0.597599
-1.93682 1.88488 -1.00829 2.26796 1.16267 0.595048
-1.93682 1.88488 -1.00829 2.2684 1.16305 0.592498
-1.93682 1.88488 -1.00829 2.26883 1.16342 0.589948
-1.93682 1.88488 -1.00829 2.26927 1.1638 0.587398
