2.55993 -1.91813 1.49718 -1.438 1.63001 1.15378
2.55957 -1.91807 1.4966 -1.438 1.63001 1.15378
2.55922 -1.91802 1.49601 -1.438 1.63001 1.15378
2.55886 -1.91796 1.49543 -1.438 1.63001 1.15378
2.5585 -1.9179 1.49484 -1.438 1.63001 1.15378
2.55815 -1.91784 1.49426 -1.438 1.63001 1.15378
2.55779 -1.91779 1.49368 -1.438 1.63001 1.15378
2.55743 -1.91773 1.49309 -1.438 1.63001 1.15378
2.55708 -1.91767 1.49251 -1.438 1.63001 1.15378
2.55672 -1.91761 1.49192 -1.438 1.63001 1.15378
2.55636 -1.91756 1.49134 -1.438 1.63001 1.15378
2.55601 -1.9175 1.49075 -1.438 1.63001 1.15378
2.55565 -1.91744 1.49017 -1.438 1.63001 1.15378
2.55529 -1.91738 1.48958 -1.438 1.63001 1.15378
2.55494 -1.91733 1.489 -1.438 1.63001 1.15378
2.55458 -1.91727 1.48841 -1.438 1.63001 1.15378
2.55422 -1.91721 1.48783 -1.438 1.63001 1.15378
2.55386 -1.91715 1.48725 -1.438 1.63001 1.15378
2.55351 -1.9171 1.48666 -1.438 1.63001 1.15378
2.55315 -1.91704 1.48608 -1.438 1.63001 1.15378
2.55279 -1.91698 1.48549 -1.438 1.63001 1.15378
2.55244 -1.91692 1.48491 -1.438 1.63001 1.15378
2.55208 -1.91687 1.48432 -1.438 1.63001 1.15378
2.55172 -1.91681 1.48374 -1.438 1.63001 1.15378
2.55137 -1.91675 1.48315 -1.438 1.63001 1.15378
2.55101 -1.91669 1.48257 -1.438 1.63001 1.15378
2.55065 -1.91664 1.48199 -1.438 1.63001 1.15378
2.5503 -1.91658 1.4814 -1.438 1.63001 1.15378
2.54994 -1.91652 1.48082 -1.438 1.63001 1.15378
2.54958 -1.91646 1.48023 -1.438 1.63001 1.15378
2.54923 -1.91641 1.47965 -1.438 1.63001 1.15378
2.54887 -1.91635 1.47906 -1.438 1.63001 1.15378
2.54851 -1.91629 1.47848 -1.438 1.63001 1.15378
2.54815 -1.91623 1.47789 -1.438 1.63001 1.15378
2.5478 -1.91618 1.47731 -1.438 1.63001 1.15378
2.54744 -1.91612 1.47673 -1.438 1.63001 1.15378
2.54708 -1.91606 1.47614 -1.438 1.63001 1.15378
2.54673 -1.916 1.47556 -1.438 1.63001 1.15378
2.54637 -1.91595 1.47497 -1.438 1.63001 1.15378
2.54601 -1.91589 1.47439 -1.438 1.63001 1.15378
2.54566 -1.91583 1.4738 -1.438 1.63001 1.15378
2.5453 -1.91577 1.47322 -1.438 1.63001 1.15378
2.54494 -1.91572 1.47263 -1.438 1.63001 1.15378
2.54459 -1.91566 1.47205 -1.438 1.63001 1.15378
2.54423 -1.9156 1.47147 -1.438 1.63001 1.15378
2.54387 -1.91554 1.47088 -1.438 1.63001 1.15378
2.54352 -1.91549 1.4703 -1.438 1.63001 1.15378
2.54316 -1.91543 1.46971 -1.438 1.63001 1.15378
2.5428 -1.91537 1.46913 -1.438 1.63001 1.15378
2.54245 -1.91531 1.46854 -1.438 1.63001 1.15378
2.54209 -1.91526 1.46796 -1.438 1.63001 1.15378
2.54173 -1.9152 1.46737 -1.438 1.63001 1.15378
2.54137 -1.91514 1.46679 -1.438 1.63001 1.15378
2.54102 -1.91508 1.4662 -1.438 1.63001 1.15378
2.54066 -1.91503 1.46562 -1.438 1.63001 1.15378
2.5403 -1.91497 1.46504 -1.438 1.63001 1.15378
2.53995 -1.91491 1.46445 -1.438 1.63001 1.15378
2.53959 -1.91485 1.46387 -1.438 1.63001 1.15378
2.53923 -1.9148 1.46328 -1.438 1.63001 1.15378
2.53888 -1.91474 1.4627 -1.438 1.63001 1.15378
2.53852 -1.91468 1.46211 -1.438 1.63001 1.15378
2.53816 -1.91462 1.46153 -1.438 1.63001 1.15378
2.53781 -1.91457 1.46094 -1.438 1.63001 1.15378
2.53745 -1.91451 1.46036 -1.438 1.63001 1.15378
2.53709 -1.91445 1.45978 -1.438 1.63001 1.15378
2.53674 -1.91439 1.45919 -1.438 1.63001 1.15378
2.53638 -1.91434 1.45861 -1.438 1.63001 1.15378
2.53602 -1.91428 1.45802 -1.438 1.63001 1.15378
2.53566 -1.91422 1.45744 -1.438 1.63001 1.15378
2.53531 -1.91416 1.45685 -1.438 1.63001 1.15378
2.53495 -1.91411 1.45627 -1.438 1.63001 1.15378
2.53459 -1.91405 1.45568 -1.438 1.63001 1.15378
2.53424 -1.91399 1.4551 -1.438 1.63001 1.15378
2.53388 -1.91393 1.45452 -1.438 1.63001 1.15378
2.53352 -1.91388 1.45393 -1.438 1.63001 1.15378
2.53317 -1.91382 1.45335 -1.438 1.63001 1.15378
2.53281 -1.91376 1.45276 -1.438 1.63001 1.15378
2.53245 -1.9137 1.45218 -1.438 1.63001 1.15378
2.5321 -1.91365 1.45159 -1.438 1.63001 1.15378
2.53174 -1.91359 1.45101 -1.438 1.63001 1.15378
2.53138 -1.91353 1.45042 -1.438 1.63001 1.15378
2.53103 -1.91347 1.44984 -1.438 1.63001 1.15378
2.53067 -1.91342 1.44926 -1.438 1.63001 1.15378
2.53031 -1.91336 1.44867 -1.438 1.63001 1.15378
2.52995 -1.9133 1.44809 -1.438 1.63001 1.15378
2.5296 -1.91324 1.4475 -1.438 1.63001 1.15378
2.52924 -1.91319 1.44692 -1.438 1.63001 1.15378
2.52888 -1.91313 1.44633 -1.438 1.63001 1.15378
2.52853 -1.91307 1.44575 -1.438 1.63001 1.15378
2.52817 -1.91301 1.44516 -1.438 1.63001 1.15378
2.52781 -1.91296 1.44458 -1.438 1.63001 1.15378
2.52746 -1.9129 1.444 -1.438 1.63001 1.15378
2.5271 -1.91284 1.44341 -1.438 1.63001 1.15378
2.52674 -1.91278 1.44283 -1.438 1.63001 1.15378
2.52639 -1.91273 1.44224 -1.438 1.63001 1.15378
2.52603 -1.91267 1.44166 -1.438 1.63001 1.15378
2.52567 -1.91261 1.44107 -1.438 1.63001 1.15378
2.52532 -1.91255 1.44049 -1.438 1.63001 1.15378
2.52496 -1.9125 1.4399 -1.438 1.63001 1.15378
2.5246 -1.91244 1.43932 -1.438 1.63001 1.15378
2.52425 -1.91238 1.43873 -1.438 1.63001 1.15378
2.52389 -1.91232 1.43815 -1.438 1.63001 1.15378
2.52353 -1.91227 1.43757 -1.438 1.63001 1.15378
2.52317 -1.91221 1.43698 -1.438 1.63001 1.15378
2.52282 -1.91215 1.4364 -1.438 1.63001 1.15378
2.52246 -1.91209 1.43581 -1.438 1.63001 1.15378
2.5221 -1.91203 1.43523 -1.438 1.63001 1.15378
2.52175 -1.91198 1.43464 -1.438 1.63001 1.15378
2.52139 -1.91192 1.43406 -1.438 1.63001 1.15378
2.52103 -1.91186 1.43347 -1.438 1.63001 1.15378
2.52068 -1.9118 1.43289 -1.438 1.63001 1.15378
2.52032 -1.91175 1.43231 -1.438 1.63001 1.15378
2.51996 -1.91169 1.43172 -1.438 1.63001 1.15378
2.51961 -1.91163 1.43114 -1.438 1.63001 1.15378
2.51925 -1.91157 1.43055 -1.438 1.63001 1.15378
2.51889 -1.91152 1.42997 -1.438 1.63001 1.15378
2.51854 -1.91146 1.42938 -1.438 1.63001 1.15378
2.51818 -1.9114 1.4288 -1.438 1.63001 1.15378
2.51782 -1.91134 1.42821 -1.438 1.63001 1.15378
2.51746 -1.91129 1.42763 -1.438 1.63001 1.15378
2.51711 -1.91123 1.42705 -1.438 1.63001 1.15378
2.51675 -1.91117 1.42646 -1.438 1.63001 1.15378
2.51639 -1.91111 1.42588 -1.438 1.63001 1.15378
2.51604 -1.91106 1.42529 -1.438 1.63001 1.15378
2.51568 -1.911 1.42471 -1.438 1.63001 1.15378
2.51532 -1.91094 1.42412 -1.438 1.63001 1.15378
2.51497 -1.91088 1.42354 -1.438 1.63001 1.15378
2.51461 -1.91083 1.42295 -1.438 1.63001 1.15378
2.51425 -1.91077 1.42237 -1.438 1.63001 1.15378
2.5139 -1.91071 1.42179 -1.438 1.63001 1.15378
2.51354 -1.91065 1.4212 -1.438 1.63001 1.15378
2.51318 -1.9106 1.42062 -1.438 1.63001 1.15378
2.51283 -1.91054 1.42003 -1.438 1.63001 1.15378
2.51247 -1.91048 1.41945 -1.438 1.63001 1.15378
2.51211 -1.91042 1.41886 -1.438 1.63001 1.15378
2.51175 -1.91037 1.41828 -1.438 1.63001 1.15378
2.5114 -1.91031 1.41769 -1.438 1.63001 1.15378
2.51104 -1.91025 1.41711 -1.438 1.63001 1.15378
2.51068 -1.91019 1.41652 -1.438 1.63001 1.15378
2.51033 -1.91014 1.41594 -1.438 1.63001 1.15378
2.50997 -1.91008 1.41536 -1.438 1.63001 1.15378
2.50961 -1.91002 1.41477 -1.438 1.63001 1.15378
2.50926 -1.90996 1.41419 -1.438 1.63001 1.15378
2.5089 -1.90991 1.4136 -1.438 1.63001 1.15378
2.50854 -1.90985 1.41302 -1.438 1.63001 1.15378
2.50819 -1.90979 1.41243 -1.438 1.63001 1.15378
2.50783 -1.90973 1.41185 -1.438 1.63001 1.15378
2.50747 -1.90968 1.41126 -1.438 1.63001 1.15378
2.50712 -1.90962 1.41068 -1.438 1.63001 1.15378
2.50676 -1.90956 1.4101 -1.438 1.63001 1.15378
2.5064 -1.9095 1.40951 -1.438 1.63001 1.15378
2.50605 -1.90945 1.40893 -1.438 1.63001 1.15378
2.50569 -1.90939 1.40834 -1.438 1.63001 1.15378
2.50533 -1.90933 1.40776 -1.438 1.63001 1.15378
2.50497 -1.90927 1.40717 -1.438 1.63001 1.15378
2.50462 -1.90922 1.40659 -1.438 1.63001 1.15378
2.50426 -1.90916 1.406 -1.438 1.63001 1.15378
2.5039 -1.9091 1.40542 -1.438 1.63001 1.15378
2.50355 -1.90904 1.40484 -1.438 1.63001 1.15378
2.50319 -1.90899 1.40425 -1.438 1.63001 1.15378
2.50283 -1.90893 1.40367 -1.438 1.63001 1.15378
2.50248 -1.90887 1.40308 -1.438 1.63001 1.15378
2.50212 -1.90881 1.4025 -1.438 1.63001 1.15378
2.50176 -1.90876 1.40191 -1.438 1.63001 1.15378
2.50141 -1.9087 1.40133 -1.438 1.63001 1.15378
2.50105 -1.90864 1.40074 -1.438 1.63001 1.15378
2.50069 -1.90858 1.40016 -1.438 1.63001 1.15378
2.50034 -1.90853 1.39958 -1.438 1.63001 1.15378
2.49998 -1.90847 1.39899 -1.438 1.63001 1.15378
2.49962 -1.90841 1.39841 -1.438 1.63001 1.15378
2.49926 -1.90835 1.39782 -1.438 1.63001 1.15378
2.49891 -1.9083 1.39724 -1.438 1.63001 1.15378
2.49855 -1.90824 1.39665 -1.438 1.63001 1.15378
2.49819 -1.90818 1.39607 -1.438 1.63001 1.15378
2.49784 -1.90812 1.39548 -1.438 1.63001 1.15378
2.49748 -1.90807 1.3949 -1.438 1.63001 1.15378
2.49712 -1.90801 1.39432 -1.438 1.63001 1.15378
2.49677 -1.90795 1.39373 -1.438 1.63001 1.15378
2.49641 -1.90789 1.39315 -1.438 1.63001 1.15378
2.49605 -1.90784 1.39256 -1.438 1.63001 1.15378
2.4957 -1.90778 1.39198 -1.438 1.63001 1.15378
2.49534 -1.90772 1.39139 -1.438 1.63001 1.15378
2.49498 -1.90766 1.39081 -1.438 1.63001 1.15378
2.49463 -1.90761 1.39022 -1.438 1.63001 1.15378
2.49427 -1.90755 1.38964 -1.438 1.63001 1.15378
2.49391 -1.90749 1.38905 -1.438 1.63001 1.15378
2.49355 -1.90743 1.38847 -1.438 1.63001 1.15378
2.4932 -1.90738 1.38789 -1.438 1.63001 1.15378
2.49284 -1.90732 1.3873 -1.438 1.63001 1.15378
2.49248 -1.90726 1.38672 -1.438 1.63001 1.15378
2.49213 -1.9072 1.38613 -1.438 1.63001 1.15378
2.49177 -1.90715 1.38555 -1.438 1.63001 1.15378
2.49141 -1.90709 1.38496 -1.438 1.63001 1.15378
2.49106 -1.90703 1.38438 -1.438 1.63001 1.15378
2.4907 -1.90697 1.38379 -1.438 1.63001 1.15378
2.49034 -1.90692 1.38321 -1.438 1.63001 1.15378
2.48999 -1.90686 1.38263 -1.438 1.63001 1.15378
2.48963 -1.9068 1.38204 -1.438 1.63001 1.15378
2.48927 -1.90674 1.38146 -1.438 1.63001 1.15378
2.48892 -1.90669 1.38087 -1.438 1.63001 1.15378
2.48856 -1.90663 1.38029 -1.438 1.63001 1.15378
2.4882 -1.90657 1.3797 -1.438 1.63001 1.15378
2.48785 -1.90651 1.37912 -1.438 1.63001 1.15378
2.48749 -1.90646 1.37853 -1.438 1.63001 1.15378
2.48713 -1.9064 1.37795 -1.438 1.63001 1.15378
2.48677 -1.90634 1.37737 -1.438 1.63001 1.15378
2.48642 -1.90628 1.37678 -1.438 1.63001 1.15378
2.48606 -1.90623 1.3762 -1.438 1.63001 1.15378
2.4857 -1.90617 1.37561 -1.438 1.63001 1.15378
2.48535 -1.90611 1.37503 -1.438 1.63001 1.15378
2.48499 -1.90605 1.37444 -1.438 1.63001 1.15378
2.48463 -1.906 1.37386 -1.438 1.63001 1.15378
2.48428 -1.90594 1.37327 -1.438 1.63001 1.15378
2.48392 -1.90588 1.37269 -1.438 1.63001 1.15378
2.48356 -1.90582 1.37211 -1.438 1.63001 1.15378
2.48321 -1.90577 1.37152 -1.438 1.63001 1.15378
2.48285 -1.90571 1.37094 -1.438 1.63001 1.15378
2.48249 -1.90565 1.37035 -1.438 1.63001 1.15378
2.48214 -1.90559 1.36977 -1.438 1.63001 1.15378
2.48178 -1.90554 1.36918 -1.438 1.63001 1.15378
2.48142 -1.90548 1.3686 -1.438 1.63001 1.15378
2.48106 -1.90542 1.36801 -1.438 1.63001 1.15378
2.48071 -1.90536 1.36743 -1.438 1.63001 1.15378
2.48035 -1.90531 1.36684 -1.438 1.63001 1.15378
2.47999 -1.90525 1.36626 -1.438 1.63001 1.15378
2.47964 -1.90519 1.36568 -1.438 1.63001 1.15378
2.47928 -1.90513 1.36509 -1.438 1.63001 1.15378
2.47892 -1.90508 1.36451 -1.438 1.63001 1.15378
2.47857 -1.90502 1.36392 -1.438 1.63001 1.15378
2.47821 -1.90496 1.36334 -1.438 1.63001 1.15378
2.47785 -1.9049 1.36275 -1.438 1.63001 1.15378
2.4775 -1.90485 1.36217 -1.438 1.63001 1.15378
2.47714 -1.90479 1.36158 -1.438 1.63001 1.15378
2.47678 -1.90473 1.361 -1.438 1.63001 1.15378
2.47643 -1.90467 1.36042 -1.438 1.63001 1.15378
2.47607 -1.90462 1.35983 -1.438 1.63001 1.15378
2.47571 -1.90456 1.35925 -1.438 1.63001 1.15378
2.47535 -1.9045 1.35866 -1.438 1.63001 1.15378
2.475 -1.90444 1.35808 -1.438 1.63001 1.15378
2.47464 -1.90439 1.35749 -1.438 1.63001 1.15378
2.47428 -1.90433 1.35691 -1.438 1.63001 1.15378
2.47393 -1.90427 1.35632 -1.438 1.63001 1.15378
2.47357 -1.90421 1.35574 -1.438 1.63001 1.15378
2.47321 -1.90416 1.35516 -1.438 1.63001 1.15378
2.47286 -1.9041 1.35457 -1.438 1.63001 1.15378
2.4725 -1.90404 1.35399 -1.438 1.63001 1.15378
2.47214 -1.90398 1.3534 -1.438 1.63001 1.15378
2.47179 -1.90393 1.35282 -1.438 1.63001 1.15378
2.47143 -1.90387 1.35223 -1.438 1.63001 1.15378
2.47107 -1.90381 1.35165 -1.438 1.63001 1.15378
2.47072 -1.90375 1.35106 -1.438 1.63001 1.15378
2.47036 -1.9037 1.35048 -1.438 1.63001 1.15378
2.47 -1.90364 1.3499 -1.438 1.63001 1.15378
2.46965 -1.90358 1.34931 -1.438 1.63001 1.15378
2.46929 -1.90352 1.34873 -1.438 1.63001 1.15378
2.46893 -1.90347 1.34814 -1.438 1.63001 1.15378
2.46857 -1.90341 1.34756 -1.438 1.63001 1.15378
2.46822 -1.90335 1.34697 -1.438 1.63001 1.15378
2.46786 -1.90329 1.34639 -1.438 1.63001 1.15378
2.4675 -1.90323 1.3458 -1.438 1.63001 1.15378
2.46715 -1.90318 1.34522 -1.438 1.63001 1.15378
2.46679 -1.90312 1.34464 -1.438 1.63001 1.15378
2.46643 -1.90306 1.34405 -1.438 1.63001 1.15378
2.46608 -1.903 1.34347 -1.438 1.63001 1.15378
2.46572 -1.90295 1.34288 -1.438 1.63001 1.15378
2.46536 -1.90289 1.3423 -1.438 1.63001 1.15378
2.46501 -1.90283 1.34171 -1.438 1.63001 1.15378
2.46465 -1.90277 1.34113 -1.438 1.63001 1.15378
2.46429 -1.90272 1.34054 -1.438 1.63001 1.15378
2.46394 -1.90266 1.33996 -1.438 1.63001 1.15378
2.46358 -1.9026 1.33937 -1.438 1.63001 1.15378
2.46322 -1.90254 1.33879 -1.438 1.63001 1.15378
2.46286 -1.90249 1.33821 -1.438 1.63001 1.15378
2.46251 -1.90243 1.33762 -1.438 1.63001 1.15378
2.46215 -1.90237 1.33704 -1.438 1.63001 1.15378
2.46179 -1.90231 1.33645 -1.438 1.63001 1.15378
2.46144 -1.90226 1.33587 -1.438 1.63001 1.15378
2.46108 -1.9022 1.33528 -1.438 1.63001 1.15378
2.46072 -1.90214 1.3347 -1.438 1.63001 1.15378
2.46037 -1.90208 1.33411 -1.438 1.63001 1.15378
2.46001 -1.90203 1.33353 -1.438 1.63001 1.15378
2.45965 -1.90197 1.33295 -1.438 1.63001 1.15378
2.4593 -1.90191 1.33236 -1.438 1.63001 1.15378
2.45894 -1.90185 1.33178 -1.438 1.63001 1.15378
2.45858 -1.9018 1.33119 -1.438 1.63001 1.15378
2.45823 -1.90174 1.33061 -1.438 1.63001 1.15378
2.45787 -1.90168 1.33002 -1.438 1.63001 1.15378
2.45751 -1.90162 1.32944 -1.438 1.63001 1.15378
2.45715 -1.90157 1.32885 -1.438 1.63001 1.15378
2.4568 -1.90151 1.32827 -1.438 1.63001 1.15378
2.45644 -1.90145 1.32769 -1.438 1.63001 1.15378
2.45608 -1.90139 1.3271 -1.438 1.63001 1.15378
2.45573 -1.90134 1.32652 -1.438 1.63001 1.15378
2.45537 -1.90128 1.32593 -1.438 1.63001 1.15378
2.45501 -1.90122 1.32535 -1.438 1.63001 1.15378
2.45466 -1.90116 1.32476 -1.438 1.63001 1.15378
2.4543 -1.90111 1.32418 -1.438 1.63001 1.15378
2.45394 -1.90105 1.32359 -1.438 1.63001 1.15378
2.45359 -1.90099 1.32301 -1.438 1.63001 1.15378
2.45323 -1.90093 1.32243 -1.438 1.63001 1.15378
2.45287 -1.90088 1.32184 -1.438 1.63001 1.15378
2.45252 -1.90082 1.32126 -1.438 1.63001 1.15378
2.45216 -1.90076 1.32067 -1.438 1.63001 1.15378
2.4518 -1.9007 1.32009 -1.438 1.63001 1.15378
2.45144 -1.90065 1.3195 -1.438 1.63001 1.15378
2.45109 -1.90059 1.31892 -1.438 1.63001 1.15378
2.45073 -1.90053 1.31833 -1.438 1.63001 1.15378
2.45037 -1.90047 1.31775 -1.438 1.63001 1.15378
2.45002 -1.90042 1.31716 -1.438 1.63001 1.15378
2.44966 -1.90036 1.31658 -1.438 1.63001 1.15378
2.4493 -1.9003 1.316 -1.438 1.63001 1.15378
2.44895 -1.90024 1.31541 -1.438 1.63001 1.15378
2.44859 -1.90019 1.31483 -1.438 1.63001 1.15378
2.44823 -1.90013 1.31424 -1.438 1.63001 1.15378
2.44788 -1.90007 1.31366 -1.438 1.63001 1.15378
2.44752 -1.90001 1.31307 -1.438 1.63001 1.15378
2.44716 -1.89996 1.31249 -1.438 1.63001 1.15378
2.44681 -1.8999 1.3119 -1.438 1.63001 1.15378
2.44645 -1.89984 1.31132 -1.438 1.63001 1.15378
2.44609 -1.89978 1.31074 -1.438 1.63001 1.15378
2.44574 -1.89973 1.31015 -1.438 1.63001 1.15378
2.44538 -1.89967 1.30957 -1.438 1.63001 1.15378
2.44502 -1.89961 1.30898 -1.438 1.63001 1.15378
2.44466 -1.89955 1.3084 -1.438 1.63001 1.15378
2.44431 -1.8995 1.30781 -1.438 1.63001 1.15378
2.44395 -1.89944 1.30723 -1.438 1.63001 1.15378
2.44359 -1.89938 1.30664 -1.438 1.63001 1.15378
2.44324 -1.89932 1.30606 -1.438 1.63001 1.15378
2.44288 -1.89927 1.30548 -1.438 1.63001 1.15378
2.44252 -1.89921 1.30489 -1.438 1.63001 1.15378
2.44217 -1.89915 1.30431 -1.438 1.63001 1.15378
2.44181 -1.89909 1.30372 -1.438 1.63001 1.15378
2.44145 -1.89904 1.30314 -1.438 1.63001 1.15378
2.4411 -1.89898 1.30255 -1.438 1.63001 1.15378
2.44074 -1.89892 1.30197 -1.438 1.63001 1.15378
2.44038 -1.89886 1.30138 -1.438 1.63001 1.15378
2.44003 -1.89881 1.3008 -1.438 1.63001 1.15378
2.43967 -1.89875 1.30022 -1.438 1.63001 1.15378
2.43931 -1.89869 1.29963 -1.438 1.63001 1.15378
2.43895 -1.89863 1.29905 -1.438 1.63001 1.15378
2.4386 -1.89858 1.29846 -1.438 1.63001 1.15378
2.43824 -1.89852 1.29788 -1.438 1.63001 1.15378
2.43788 -1.89846 1.29729 -1.438 1.63001 1.15378
2.43753 -1.8984 1.29671 -1.438 1.63001 1.15378
2.43717 -1.89835 1.29612 -1.438 1.63001 1.15378
2.43681 -1.89829 1.29554 -1.438 1.63001 1.15378
2.43646 -1.89823 1.29495 -1.438 1.63001 1.15378
2.4361 -1.89817 1.29437 -1.438 1.63001 1.15378
2.43574 -1.89812 1.29379 -1.438 1.63001 1.15378
2.43539 -1.89806 1.2932 -1.438 1.63001 1.15378
2.43503 -1.898 1.29262 -1.438 1.63001 1.15378
2.43467 -1.89794 1.29203 -1.438 1.63001 1.15378
2.43432 -1.89789 1.29145 -1.438 1.63001 1.15378
2.43396 -1.89783 1.29086 -1.438 1.63001 1.15378
2.4336 -1.89777 1.29028 -1.438 1.63001 1.15378
2.43324 -1.89771 1.28969 -1.438 1.63001 1.15378
2.43289 -1.89766 1.28911 -1.438 1.63001 1.15378
2.43253 -1.8976 1.28853 -1.438 1.63001 1.15378
2.43217 -1.89754 1.28794 -1.438 1.63001 1.15378
2.43182 -1.89748 1.28736 -1.438 1.63001 1.15378
2.43146 -1.89743 1.28677 -1.438 1.63001 1.15378
2.4311 -1.89737 1.28619 -1.438 1.63001 1.15378
2.43075 -1.89731 1.2856 -1.438 1.63001 1.15378
2.43039 -1.89725 1.28502 -1.438 1.63001 1.15378
2.43003 -1.8972 1.28443 -1.438 1.63001 1.15378
2.42968 -1.89714 1.28385 -1.438 1.63001 1.15378
2.42932 -1.89708 1.28327 -1.438 1.63001 1.15378
2.42896 -1.89702 1.28268 -1.438 1.63001 1.15378
2.42861 -1.89697 1.2821 -1.438 1.63001 1.15378
2.42825 -1.89691 1.28151 -1.438 1.63001 1.15378
2.42789 -1.89685 1.28093 -1.438 1.63001 1.15378
2.42754 -1.89679 1.28034 -1.438 1.63001 1.15378
2.42718 -1.89674 1.27976 -1.438 1.63001 1.15378
2.42682 -1.89668 1.27917 -1.438 1.63001 1.15378
2.42646 -1.89662 1.27859 -1.438 1.63001 1.15378
2.42611 -1.89656 1.27801 -1.438 1.63001 1.15378
2.42575 -1.89651 1.27742 -1.438 1.63001 1.15378
2.42539 -1.89645 1.27684 -1.438 1.63001 1.15378
2.42504 -1.89639 1.27625 -1.438 1.63001 1.15378
2.42468 -1.89633 1.27567 -1.438 1.63001 1.15378
2.42432 -1.89628 1.27508 -1.438 1.63001 1.15378
2.42397 -1.89622 1.2745 -1.438 1.63001 1.15378
2.42361 -1.89616 1.27391 -1.438 1.63001 1.15378
2.42325 -1.8961 1.27333 -1.438 1.63001 1.15378
2.4229 -1.89605 1.27275 -1.438 1.63001 1.15378
2.42254 -1.89599 1.27216 -1.438 1.63001 1.15378
2.42218 -1.89593 1.27158 -1.438 1.63001 1.15378
2.42183 -1.89587 1.27099 -1.438 1.63001 1.15378
2.42147 -1.89582 1.27041 -1.438 1.63001 1.15378
2.42111 -1.89576 1.26982 -1.438 1.63001 1.15378
2.42075 -1.8957 1.26924 -1.438 1.63001 1.15378
2.4204 -1.89564 1.26865 -1.438 1.63001 1.15378
2.42004 -1.89559 1.26807 -1.438 1.63001 1.15378
2.41968 -1.89553 1.26748 -1.438 1.63001 1.15378
2.41933 -1.89547 1.2669 -1.438 1.63001 1.15378
2.41897 -1.89541 1.26632 -1.438 1.63001 1.15378
2.41861 -1.89536 1.26573 -1.438 1.63001 1.15378
2.41826 -1.8953 1.26515 -1.438 1.63001 1.15378
2.4179 -1.89524 1.26456 -1.438 1.63001 1.15378
2.41754 -1.89518 1.26398 -1.438 1.63001 1.15378
2.41719 -1.89513 1.26339 -1.438 1.63001 1.15378
2.41683 -1.89507 1.26281 -1.438 1.63001 1.15378
2.41647 -1.89501 1.26222 -1.438 1.63001 1.15378
2.41612 -1.89495 1.26164 -1.438 1.63001 1.15378
2.41576 -1.8949 1.26106 -1.438 1.63001 1.15378
2.4154 -1.89484 1.26047 -1.438 1.63001 1.15378
2.41504 -1.89478 1.25989 -1.438 1.63001 1.15378
2.41469 -1.89472 1.2593 -1.438 1.63001 1.15378
2.41433 -1.89466 1.25872 -1.438 1.63001 1.15378
2.41397 -1.89461 1.25813 -1.438 1.63001 1.15378
2.41362 -1.89455 1.25755 -1.438 1.63001 1.15378
2.41326 -1.89449 1.25696 -1.438 1.63001 1.15378
2.4129 -1.89443 1.25638 -1.438 1.63001 1.15378
2.41255 -1.89438 1.2558 -1.438 1.63001 1.15378
2.41219 -1.89432 1.25521 -1.438 1.63001 1.15378
2.41183 -1.89426 1.25463 -1.438 1.63001 1.15378
2.41148 -1.8942 1.25404 -1.438 1.63001 1.15378
2.41112 -1.89415 1.25346 -1.438 1.63001 1.15378
2.41076 -1.89409 1.25287 -1.438 1.63001 1.15378
2.41041 -1.89403 1.25229 -1.438 1.63001 1.15378
2.41005 -1.89397 1.2517 -1.438 1.63001 1.15378
2.40969 -1.89392 1.25112 -1.438 1.63001 1.15378
2.40934 -1.89386 1.25054 -1.438 1.63001 1.15378
2.40898 -1.8938 1.24995 -1.438 1.63001 1.15378
2.40862 -1.89374 1.24937 -1.438 1.63001 1.15378
2.40826 -1.89369 1.24878 -1.438 1.63001 1.15378
2.40791 -1.89363 1.2482 -1.438 1.63001 1.15378
2.40755 -1.89357 1.24761 -1.438 1.63001 1.15378
2.40719 -1.89351 1.24703 -1.438 1.63001 1.15378
2.40684 -1.89346 1.24644 -1.438 1.63001 1.15378
2.40648 -1.8934 1.24586 -1.438 1.63001 1.15378
2.40612 -1.89334 1.24527 -1.438 1.63001 1.15378
2.40577 -1.89328 1.24469 -1.438 1.63001 1.15378
2.40541 -1.89323 1.24411 -1.438 1.63001 1.15378
2.40505 -1.89317 1.24352 -1.438 1.63001 1.15378
2.4047 -1.89311 1.24294 -1.438 1.63001 1.15378
2.40434 -1.89305 1.24235 -1.438 1.63001 1.15378
2.40398 -1.893 1.24177 -1.438 1.63001 1.15378
2.40363 -1.89294 1.24118 -1.438 1.63001 1.15378
2.40327 -1.89288 1.2406 -1.438 1.63001 1.15378
2.40291 -1.89282 1.24001 -1.438 1.63001 1.15378
2.40255 -1.89277 1.23943 -1.438 1.63001 1.15378
2.4022 -1.89271 1.23885 -1.438 1.63001 1.15378
2.40184 -1.89265 1.23826 -1.438 1.63001 1.15378
2.40148 -1.89259 1.23768 -1.438 1.63001 1.15378
2.40113 -1.89254 1.23709 -1.438 1.63001 1.15378
2.40077 -1.89248 1.23651 -1.438 1.63001 1.15378
2.40041 -1.89242 1.23592 -1.438 1.63001 1.15378
2.40006 -1.89236 1.23534 -1.438 1.63001 1.15378
2.3997 -1.89231 1.23475 -1.438 1.63001 1.15378
2.39934 -1.89225 1.23417 -1.438 1.63001 1.15378
2.39899 -1.89219 1.23359 -1.438 1.63001 1.15378
2.39863 -1.89213 1.233 -1.438 1.63001 1.15378
2.39827 -1.89208 1.23242 -1.438 1.63001 1.15378
2.39792 -1.89202 1.23183 -1.438 1.63001 1.15378
2.39756 -1.89196 1.23125 -1.438 1.63001 1.15378
2.3972 -1.8919 1.23066 -1.438 1.63001 1.15378
2.39684 -1.89185 1.23008 -1.438 1.63001 1.15378
2.39649 -1.89179 1.22949 -1.438 1.63001 1.15378
2.39613 -1.89173 1.22891 -1.438 1.63001 1.15378
2.39577 -1.89167 1.22833 -1.438 1.63001 1.15378
2.39542 -1.89162 1.22774 -1.438 1.63001 1.15378
2.39506 -1.89156 1.22716 -1.438 1.63001 1.15378
2.3947 -1.8915 1.22657 -1.438 1.63001 1.15378
2.39435 -1.89144 1.22599 -1.438 1.63001 1.15378
2.39399 -1.89139 1.2254 -1.438 1.63001 1.15378
2.39363 -1.89133 1.22482 -1.438 1.63001 1.15378
2.39328 -1.89127 1.22423 -1.438 1.63001 1.15378
2.39292 -1.89121 1.22365 -1.438 1.63001 1.15378
2.39256 -1.89116 1.22307 -1.438 1.63001 1.15378
2.39221 -1.8911 1.22248 -1.438 1.63001 1.15378
2.39185 -1.89104 1.2219 -1.438 1.63001 1.15378
2.39149 -1.89098 1.22131 -1.438 1.63001 1.15378
2.39114 -1.89093 1.22073 -1.438 1.63001 1.15378
2.39078 -1.89087 1.22014 -1.438 1.63001 1.15378
2.39042 -1.89081 1.21956 -1.438 1.63001 1.15378
2.39006 -1.89075 1.21897 -1.438 1.63001 1.15378
2.38971 -1.8907 1.21839 -1.438 1.63001 1.15378
2.38935 -1.89064 1.2178 -1.438 1.63001 1.15378
2.38899 -1.89058 1.21722 -1.438 1.63001 1.15378
2.38864 -1.89052 1.21664 -1.438 1.63001 1.15378
2.38828 -1.89047 1.21605 -1.438 1.63001 1.15378
2.38792 -1.89041 1.21547 -1.438 1.63001 1.15378
2.38757 -1.89035 1.21488 -1.438 1.63001 1.15378
2.38721 -1.89029 1.2143 -1.438 1.63001 1.15378
2.38685 -1.89024 1.21371 -1.438 1.63001 1.15378
2.3865 -1.89018 1.21313 -1.438 1.63001 1.15378
2.38614 -1.89012 1.21254 -1.438 1.63001 1.15378
2.38578 -1.89006 1.21196 -1.438 1.63001 1.15378
2.38543 -1.89001 1.21138 -1.438 1.63001 1.15378
2.38507 -1.88995 1.21079 -1.438 1.63001 1.15378
2.38471 -1.88989 1.21021 -1.438 1.63001 1.15378
2.38435 -1.88983 1.20962 -1.438 1.63001 1.15378
2.384 -1.88978 1.20904 -1.438 1.63001 1.15378
2.38364 -1.88972 1.20845 -1.438 1.63001 1.15378
2.38328 -1.88966 1.20787 -1.438 1.63001 1.15378
2.38293 -1.8896 1.20728 -1.438 1.63001 1.15378
2.38257 -1.88955 1.2067 -1.438 1.63001 1.15378
2.38221 -1.88949 1.20612 -1.438 1.63001 1.15378
2.38186 -1.88943 1.20553 -1.438 1.63001 1.15378
2.3815 -1.88937 1.20495 -1.438 1.63001 1.15378
2.38114 -1.88932 1.20436 -1.438 1.63001 1.15378
2.38079 -1.88926 1.20378 -1.438 1.63001 1.15378
2.38043 -1.8892 1.20319 -1.438 1.63001 1.15378
2.38007 -1.88914 1.20261 -1.438 1.63001 1.15378
2.37972 -1.88909 1.20202 -1.438 1.63001 1.15378
2.37936 -1.88903 1.20144 -1.438 1.63001 1.15378
2.379 -1.88897 1.20086 -1.438 1.63001 1.15378
2.37864 -1.88891 1.20027 -1.438 1.63001 1.15378
2.37829 -1.88886 1.19969 -1.438 1.63001 1.15378
2.37793 -1.8888 1.1991 -1.438 1.63001 1.15378
2.37757 -1.88874 1.19852 -1.438 1.63001 1.15378
2.37722 -1.88868 1.19793 -1.438 1.63001 1.15378
2.37686 -1.88863 1.19735 -1.438 1.63001 1.15378
2.3765 -1.88857 1.19676 -1.438 1.63001 1.15378
2.37615 -1.88851 1.19618 -1.438 1.63001 1.15378
2.37579 -1.88845 1.19559 -1.438 1.63001 1.15378
2.37543 -1.8884 1.19501 -1.438 1.63001 1.15378
2.37508 -1.88834 1.19443 -1.438 1.63001 1.15378
2.37472 -1.88828 1.19384 -1.438 1.63001 1.15378
2.37436 -1.88822 1.19326 -1.438 1.63001 1.15378
2.37401 -1.88817 1.19267 -1.438 1.63001 1.15378
2.37365 -1.88811 1.19209 -1.438 1.63001 1.15378
2.37329 -1.88805 1.1915 -1.438 1.63001 1.15378
2.37294 -1.88799 1.19092 -1.438 1.63001 1.15378
2.37258 -1.88794 1.19033 -1.438 1.63001 1.15378
2.37222 -1.88788 1.18975 -1.438 1.63001 1.15378
2.37186 -1.88782 1.18917 -1.438 1.63001 1.15378
2.37151 -1.88776 1.18858 -1.438 1.63001 1.15378
2.37115 -1.88771 1.188 -1.438 1.63001 1.15378
2.37079 -1.88765 1.18741 -1.438 1.63001 1.15378
2.37044 -1.88759 1.18683 -1.438 1.63001 1.15378
2.37008 -1.88753 1.18624 -1.438 1.63001 1.15378
2.36972 -1.88748 1.18566 -1.438 1.63001 1.15378
2.36937 -1.88742 1.18507 -1.438 1.63001 1.15378
2.36901 -1.88736 1.18449 -1.438 1.63001 1.15378
2.36865 -1.8873 1.18391 -1.438 1.63001 1.15378
2.3683 -1.88725 1.18332 -1.438 1.63001 1.15378
2.36794 -1.88719 1.18274 -1.438 1.63001 1.15378
2.36758 -1.88713 1.18215 -1.438 1.63001 1.15378
2.36723 -1.88707 1.18157 -1.438 1.63001 1.15378
2.36687 -1.88702 1.18098 -1.438 1.63001 1.15378
2.36651 -1.88696 1.1804 -1.438 1.63001 1.15378
2.36615 -1.8869 1.17981 -1.438 1.63001 1.15378
2.3658 -1.88684 1.17923 -1.438 1.63001 1.15378
2.36544 -1.88679 1.17865 -1.438 1.63001 1.15378
2.36508 -1.88673 1.17806 -1.438 1.63001 1.15378
2.36473 -1.88667 1.17748 -1.438 1.63001 1.15378
2.36437 -1.88661 1.17689 -1.438 1.63001 1.15378
2.36401 -1.88656 1.17631 -1.438 1.63001 1.15378
2.36366 -1.8865 1.17572 -1.438 1.63001 1.15378
2.3633 -1.88644 1.17514 -1.438 1.63001 1.15378
2.36294 -1.88638 1.17455 -1.438 1.63001 1.15378
2.36259 -1.88633 1.17397 -1.438 1.63001 1.15378
2.36223 -1.88627 1.17339 -1.438 1.63001 1.15378
2.36187 -1.88621 1.1728 -1.438 1.63001 1.15378
2.36152 -1.88615 1.17222 -1.438 1.63001 1.15378
2.36116 -1.8861 1.17163 -1.438 1.63001 1.15378
2.3608 -1.88604 1.17105 -1.438 1.63001 1.15378
2.36044 -1.88598 1.17046 -1.438 1.63001 1.15378
2.36009 -1.88592 1.16988 -1.438 1.63001 1.15378
2.35973 -1.88586 1.16929 -1.438 1.63001 1.15378
2.35937 -1.88581 1.16871 -1.438 1.63001 1.15378
2.35902 -1.88575 1.16812 -1.438 1.63001 1.15378
2.35866 -1.88569 1.16754 -1.438 1.63001 1.15378
2.3583 -1.88563 1.16696 -1.438 1.63001 1.15378
2.35795 -1.88558 1.16637 -1.438 1.63001 1.15378
2.35759 -1.88552 1.16579 -1.438 1.63001 1.15378
2.35723 -1.88546 1.1652 -1.438 1.63001 1.15378
2.35688 -1.8854 1.16462 -1.438 1.63001 1.15378
2.35652 -1.88535 1.16403 -1.438 1.63001 1.15378
2.35616 -1.88529 1.16345 -1.438 1.63001 1.15378
2.35581 -1.88523 1.16286 -1.438 1.63001 1.15378
2.35545 -1.88517 1.16228 -1.438 1.63001 1.15378
2.35509 -1.88512 1.1617 -1.438 1.63001 1.15378
2.35474 -1.88506 1.16111 -1.438 1.63001 1.15378
2.35438 -1.885 1.16053 -1.438 1.63001 1.15378
2.35402 -1.88494 1.15994 -1.438 1.63001 1.15378
2.35366 -1.88489 1.15936 -1.438 1.63001 1.15378
2.35331 -1.88483 1.15877 -1.438 1.63001 1.15378
2.35295 -1.88477 1.15819 -1.438 1.63001 1.15378
2.35259 -1.88471 1.1576 -1.438 1.63001 1.15378
2.35224 -1.88466 1.15702 -1.438 1.63001 1.15378
2.35188 -1.8846 1.15644 -1.438 1.63001 1.15378
2.35152 -1.88454 1.15585 -1.438 1.63001 1.15378
2.35117 -1.88448 1.15527 -1.438 1.63001 1.15378
2.35081 -1.88443 1.15468 -1.438 1.63001 1.15378
2.35045 -1.88437 1.1541 -1.438 1.63001 1.15378
2.3501 -1.88431 1.15351 -1.438 1.63001 1.15378
2.34974 -1.88425 1.15293 -1.438 1.63001 1.15378
2.34938 -1.8842 1.15234 -1.438 1.63001 1.15378
2.34903 -1.88414 1.15176 -1.438 1.63001 1.15378
2.34867 -1.88408 1.15118 -1.438 1.63001 1.15378
2.34831 -1.88402 1.15059 -1.438 1.63001 1.15378
2.34795 -1.88397 1.15001 -1.438 1.63001 1.15378
2.3476 -1.88391 1.14942 -1.438 1.63001 1.15378
2.34724 -1.88385 1.14884 -1.438 1.63001 1.15378
2.34688 -1.88379 1.14825 -1.438 1.63001 1.15378
2.34653 -1.88374 1.14767 -1.438 1.63001 1.15378
2.34617 -1.88368 1.14708 -1.438 1.63001 1.15378
2.34581 -1.88362 1.1465 -1.438 1.63001 1.15378
2.34546 -1.88356 1.14591 -1.438 1.63001 1.15378
2.3451 -1.88351 1.14533 -1.438 1.63001 1.15378
2.34474 -1.88345 1.14475 -1.438 1.63001 1.15378
2.34439 -1.88339 1.14416 -1.438 1.63001 1.15378
2.34403 -1.88333 1.14358 -1.438 1.63001 1.15378
2.34367 -1.88328 1.14299 -1.438 1.63001 1.15378
2.34332 -1.88322 1.14241 -1.438 1.63001 1.15378
2.34296 -1.88316 1.14182 -1.438 1.63001 1.15378
2.3426 -1.8831 1.14124 -1.438 1.63001 1.15378
2.34224 -1.88305 1.14065 -1.438 1.63001 1.15378
2.34189 -1.88299 1.14007 -1.438 1.63001 1.15378
2.34153 -1.88293 1.13949 -1.438 1.63001 1.15378
2.34117 -1.88287 1.1389 -1.438 1.63001 1.15378
2.34082 -1.88282 1.13832 -1.438 1.63001 1.15378
2.34046 -1.88276 1.13773 -1.438 1.63001 1.15378
2.3401 -1.8827 1.13715 -1.438 1.63001 1.15378
2.33975 -1.88264 1.13656 -1.438 1.63001 1.15378
2.33939 -1.88259 1.13598 -1.438 1.63001 1.15378
2.33903 -1.88253 1.13539 -1.438 1.63001 1.15378
2.33868 -1.88247 1.13481 -1.438 1.63001 1.15378
2.33832 -1.88241 1.13423 -1.438 1.63001 1.15378
2.33796 -1.88236 1.13364 -1.438 1.63001 1.15378
2.33761 -1.8823 1.13306 -1.438 1.63001 1.15378
2.33725 -1.88224 1.13247 -1.438 1.63001 1.15378
2.33689 -1.88218 1.13189 -1.438 1.63001 1.15378
2.33653 -1.88213 1.1313 -1.438 1.63001 1.15378
2.33618 -1.88207 1.13072 -1.438 1.63001 1.15378
2.33582 -1.88201 1.13013 -1.438 1.63001 1.15378
2.33546 -1.88195 1.12955 -1.438 1.63001 1.15378
2.33511 -1.8819 1.12897 -1.438 1.63001 1.15378
2.33475 -1.88184 1.12838 -1.438 1.63001 1.15378
2.33439 -1.88178 1.1278 -1.438 1.63001 1.15378
2.33404 -1.88172 1.12721 -1.438 1.63001 1.15378
2.33368 -1.88167 1.12663 -1.438 1.63001 1.15378
2.33332 -1.88161 1.12604 -1.438 1.63001 1.15378
2.33297 -1.88155 1.12546 -1.438 1.63001 1.15378
2.33261 -1.88149 1.12487 -1.438 1.63001 1.15378
2.33225 -1.88144 1.12429 -1.438 1.63001 1.15378
2.3319 -1.88138 1.12371 -1.438 1.63001 1.15378
2.33154 -1.88132 1.12312 -1.438 1.63001 1.15378
2.33118 -1.88126 1.12254 -1.438 1.63001 1.15378
2.33083 -1.88121 1.12195 -1.438 1.63001 1.15378
2.33047 -1.88115 1.12137 -1.438 1.63001 1.15378
2.33011 -1.88109 1.12078 -1.438 1.63001 1.15378
2.32975 -1.88103 1.1202 -1.438 1.63001 1.15378
2.3294 -1.88098 1.11961 -1.438 1.63001 1.15378
2.32904 -1.88092 1.11903 -1.438 1.63001 1.15378
2.32868 -1.88086 1.11844 -1.438 1.63001 1.15378
2.32833 -1.8808 1.11786 -1.438 1.63001 1.15378
2.32797 -1.88075 1.11728 -1.438 1.63001 1.15378
2.32761 -1.88069 1.11669 -1.438 1.63001 1.15378
2.32726 -1.88063 1.11611 -1.438 1.63001 1.15378
2.3269 -1.88057 1.11552 -1.438 1.63001 1.15378
2.32654 -1.88052 1.11494 -1.438 1.63001 1.15378
2.32619 -1.88046 1.11435 -1.438 1.63001 1.15378
2.32583 -1.8804 1.11377 -1.438 1.63001 1.15378
2.32547 -1.88034 1.11318 -1.438 1.63001 1.15378
2.32512 -1.88029 1.1126 -1.438 1.63001 1.15378
2.32476 -1.88023 1.11202 -1.438 1.63001 1.15378
2.3244 -1.88017 1.11143 -1.438 1.63001 1.15378
2.32404 -1.88011 1.11085 -1.438 1.63001 1.15378
2.32369 -1.88006 1.11026 -1.438 1.63001 1.15378
2.32333 -1.88 1.10968 -1.438 1.63001 1.15378
2.32297 -1.87994 1.10909 -1.438 1.63001 1.15378
2.32262 -1.87988 1.10851 -1.438 1.63001 1.15378
2.32226 -1.87983 1.10792 -1.438 1.63001 1.15378
2.3219 -1.87977 1.10734 -1.438 1.63001 1.15378
2.32155 -1.87971 1.10676 -1.438 1.63001 1.15378
2.32119 -1.87965 1.10617 -1.438 1.63001 1.15378
2.32083 -1.8796 1.10559 -1.438 1.63001 1.15378
2.32048 -1.87954 1.105 -1.438 1.63001 1.15378
2.32012 -1.87948 1.10442 -1.438 1.63001 1.15378
2.31976 -1.87942 1.10383 -1.438 1.63001 1.15378
2.31941 -1.87937 1.10325 -1.438 1.63001 1.15378
2.31905 -1.87931 1.10266 -1.438 1.63001 1.15378
2.31869 -1.87925 1.10208 -1.438 1.63001 1.15378
2.31833 -1.87919 1.1015 -1.438 1.63001 1.15378
2.31798 -1.87914 1.10091 -1.438 1.63001 1.15378
2.31762 -1.87908 1.10033 -1.438 1.63001 1.15378
2.31726 -1.87902 1.09974 -1.438 1.63001 1.15378
2.31691 -1.87896 1.09916 -1.438 1.63001 1.15378
2.31655 -1.87891 1.09857 -1.438 1.63001 1.15378
2.31619 -1.87885 1.09799 -1.438 1.63001 1.15378
2.31584 -1.87879 1.0974 -1.438 1.63001 1.15378
2.31548 -1.87873 1.09682 -1.438 1.63001 1.15378
2.31512 -1.87868 1.09623 -1.438 1.63001 1.15378
2.31477 -1.87862 1.09565 -1.438 1.63001 1.15378
2.31441 -1.87856 1.09507 -1.438 1.63001 1.15378
2.31405 -1.8785 1.09448 -1.438 1.63001 1.15378
2.3137 -1.87845 1.0939 -1.438 1.63001 1.15378
2.31334 -1.87839 1.09331 -1.438 1.63001 1.15378
2.31298 -1.87833 1.09273 -1.438 1.63001 1.15378
2.31263 -1.87827 1.09214 -1.438 1.63001 1.15378
2.31227 -1.87822 1.09156 -1.438 1.63001 1.15378
2.31191 -1.87816 1.09097 -1.438 1.63001 1.15378
2.31155 -1.8781 1.09039 -1.438 1.63001 1.15378
2.3112 -1.87804 1.08981 -1.438 1.63001 1.15378
2.31084 -1.87799 1.08922 -1.438 1.63001 1.15378
2.31048 -1.87793 1.08864 -1.438 1.63001 1.15378
2.31013 -1.87787 1.08805 -1.438 1.63001 1.15378
2.30977 -1.87781 1.08747 -1.438 1.63001 1.15378
2.30941 -1.87776 1.08688 -1.438 1.63001 1.15378
2.30906 -1.8777 1.0863 -1.438 1.63001 1.15378
2.3087 -1.87764 1.08571 -1.438 1.63001 1.15378
2.30834 -1.87758 1.08513 -1.438 1.63001 1.15378
2.30799 -1.87753 1.08455 -1.438 1.63001 1.15378
2.30763 -1.87747 1.08396 -1.438 1.63001 1.15378
2.30727 -1.87741 1.08338 -1.438 1.63001 1.15378
2.30692 -1.87735 1.08279 -1.438 1.63001 1.15378
2.30656 -1.8773 1.08221 -1.438 1.63001 1.15378
2.3062 -1.87724 1.08162 -1.438 1.63001 1.15378
2.30584 -1.87718 1.08104 -1.438 1.63001 1.15378
2.30549 -1.87712 1.08045 -1.438 1.63001 1.15378
2.30513 -1.87706 1.07987 -1.438 1.63001 1.15378
2.30477 -1.87701 1.07929 -1.438 1.63001 1.15378
2.30442 -1.87695 1.0787 -1.438 1.63001 1.15378
2.30406 -1.87689 1.07812 -1.438 1.63001 1.15378
2.3037 -1.87683 1.07753 -1.438 1.63001 1.15378
2.30335 -1.87678 1.07695 -1.438 1.63001 1.15378
2.30299 -1.87672 1.07636 -1.438 1.63001 1.15378
2.30263 -1.87666 1.07578 -1.438 1.63001 1.15378
2.30228 -1.8766 1.07519 -1.438 1.63001 1.15378
2.30192 -1.87655 1.07461 -1.438 1.63001 1.15378
2.30156 -1.87649 1.07403 -1.438 1.63001 1.15378
2.30121 -1.87643 1.07344 -1.438 1.63001 1.15378
2.30085 -1.87637 1.07286 -1.438 1.63001 1.15378
2.30049 -1.87632 1.07227 -1.438 1.63001 1.15378
2.30013 -1.87626 1.07169 -1.438 1.63001 1.15378
2.29978 -1.8762 1.0711 -1.438 1.63001 1.15378
2.29942 -1.87614 1.07052 -1.438 1.63001 1.15378
2.29906 -1.87609 1.06993 -1.438 1.63001 1.15378
2.29871 -1.87603 1.06935 -1.438 1.63001 1.15378
2.29835 -1.87597 1.06876 -1.438 1.63001 1.15378
2.29799 -1.87591 1.06818 -1.438 1.63001 1.15378
2.29764 -1.87586 1.0676 -1.438 1.63001 1.15378
2.29728 -1.8758 1.06701 -1.438 1.63001 1.15378
2.29692 -1.87574 1.06643 -1.438 1.63001 1.15378
2.29657 -1.87568 1.06584 -1.438 1.63001 1.15378
2.29621 -1.87563 1.06526 -1.438 1.63001 1.15378
2.29585 -1.87557 1.06467 -1.438 1.63001 1.15378
2.2955 -1.87551 1.06409 -1.438 1.63001 1.15378
2.29514 -1.87545 1.0635 -1.438 1.63001 1.15378
2.29478 -1.8754 1.06292 -1.438 1.63001 1.15378
2.29443 -1.87534 1.06234 -1.438 1.63001 1.15378
2.29407 -1.87528 1.06175 -1.438 1.63001 1.15378
2.29371 -1.87522 1.06117 -1.438 1.63001 1.15378
2.29335 -1.87517 1.06058 -1.438 1.63001 1.15378
2.293 -1.87511 1.06 -1.438 1.63001 1.15378
2.29264 -1.87505 1.05941 -1.438 1.63001 1.15378
2.29228 -1.87499 1.05883 -1.438 1.63001 1.15378
2.29193 -1.87494 1.05824 -1.438 1.63001 1.15378
2.29157 -1.87488 1.05766 -1.438 1.63001 1.15378
2.29121 -1.87482 1.05708 -1.438 1.63001 1.15378
2.29086 -1.87476 1.05649 -1.438 1.63001 1.15378
2.2905 -1.87471 1.05591 -1.438 1.63001 1.15378
2.29014 -1.87465 1.05532 -1.438 1.63001 1.15378
2.28979 -1.87459 1.05474 -1.438 1.63001 1.15378
2.28943 -1.87453 1.05415 -1.438 1.63001 1.15378
2.28907 -1.87448 1.05357 -1.438 1.63001 1.15378
2.28872 -1.87442 1.05298 -1.438 1.63001 1.15378
2.28836 -1.87436 1.0524 -1.438 1.63001 1.15378
2.288 -1.8743 1.05182 -1.438 1.63001 1.15378
2.28764 -1.87425 1.05123 -1.438 1.63001 1.15378
2.28729 -1.87419 1.05065 -1.438 1.63001 1.15378
2.28693 -1.87413 1.05006 -1.438 1.63001 1.15378
2.28657 -1.87407 1.04948 -1.438 1.63001 1.15378
2.28622 -1.87402 1.04889 -1.438 1.63001 1.15378
2.28586 -1.87396 1.04831 -1.438 1.63001 1.15378
2.2855 -1.8739 1.04772 -1.438 1.63001 1.15378
2.28515 -1.87384 1.04714 -1.438 1.63001 1.15378
2.28479 -1.87379 1.04655 -1.438 1.63001 1.15378
2.28443 -1.87373 1.04597 -1.438 1.63001 1.15378
2.28408 -1.87367 1.04539 -1.438 1.63001 1.15378
2.28372 -1.87361 1.0448 -1.438 1.63001 1.15378
2.28336 -1.87356 1.04422 -1.438 1.63001 1.15378
2.28301 -1.8735 1.04363 -1.438 1.63001 1.15378
2.28265 -1.87344 1.04305 -1.438 1.63001 1.15378
2.28229 -1.87338 1.04246 -1.438 1.63001 1.15378
2.28193 -1.87333 1.04188 -1.438 1.63001 1.15378
2.28158 -1.87327 1.04129 -1.438 1.63001 1.15378
2.28122 -1.87321 1.04071 -1.438 1.63001 1.15378
2.28086 -1.87315 1.04013 -1.438 1.63001 1.15378
2.28051 -1.8731 1.03954 -1.438 1.63001 1.15378
2.28015 -1.87304 1.03896 -1.438 1.63001 1.15378
2.27979 -1.87298 1.03837 -1.438 1.63001 1.15378
2.27944 -1.87292 1.03779 -1.438 1.63001 1.15378
2.27908 -1.87287 1.0372 -1.438 1.63001 1.15378
2.27872 -1.87281 1.03662 -1.438 1.63001 1.15378
2.27837 -1.87275 1.03603 -1.438 1.63001 1.15378
2.27801 -1.87269 1.03545 -1.438 1.63001 1.15378
2.27765 -1.87264 1.03487 -1.438 1.63001 1.15378
2.2773 -1.87258 1.03428 -1.438 1.63001 1.15378
2.27694 -1.87252 1.0337 -1.438 1.63001 1.15378
2.27658 -1.87246 1.03311 -1.438 1.63001 1.15378
2.27623 -1.87241 1.03253 -1.438 1.63001 1.15378
2.27587 -1.87235 1.03194 -1.438 1.63001 1.15378
2.27551 -1.87229 1.03136 -1.438 1.63001 1.15378
2.27515 -1.87223 1.03077 -1.438 1.63001 1.15378
2.2748 -1.87218 1.03019 -1.438 1.63001 1.15378
2.27444 -1.87212 1.02961 -1.438 1.63001 1.15378
2.27408 -1.87206 1.02902 -1.438 1.63001 1.15378
2.27373 -1.872 1.02844 -1.438 1.63001 1.15378
2.27337 -1.87195 1.02785 -1.438 1.63001 1.15378
2.27301 -1.87189 1.02727 -1.438 1.63001 1.15378
2.27266 -1.87183 1.02668 -1.438 1.63001 1.15378
2.2723 -1.87177 1.0261 -1.438 1.63001 1.15378
2.27194 -1.87172 1.02551 -1.438 1.63001 1.15378
2.27159 -1.87166 1.02493 -1.438 1.63001 1.15378
2.27123 -1.8716 1.02435 -1.438 1.63001 1.15378
2.27087 -1.87154 1.02376 -1.438 1.63001 1.15378
2.27052 -1.87149 1.02318 -1.438 1.63001 1.15378
2.27016 -1.87143 1.02259 -1.438 1.63001 1.15378
2.2698 -1.87137 1.02201 -1.438 1.63001 1.15378
2.26944 -1.87131 1.02142 -1.438 1.63001 1.15378
2.26909 -1.87126 1.02084 -1.438 1.63001 1.15378
2.26873 -1.8712 1.02025 -1.438 1.63001 1.15378
2.26837 -1.87114 1.01967 -1.438 1.63001 1.15378
2.26802 -1.87108 1.01908 -1.438 1.63001 1.15378
2.26766 -1.87103 1.0185 -1.438 1.63001 1.15378
2.2673 -1.87097 1.01792 -1.438 1.63001 1.15378
2.26695 -1.87091 1.01733 -1.438 1.63001 1.15378
2.26659 -1.87085 1.01675 -1.438 1.63001 1.15378
2.26623 -1.8708 1.01616 -1.438 1.63001 1.15378
2.26588 -1.87074 1.01558 -1.438 1.63001 1.15378
2.26552 -1.87068 1.01499 -1.438 1.63001 1.15378
2.26516 -1.87062 1.01441 -1.438 1.63001 1.15378
2.26481 -1.87057 1.01382 -1.438 1.63001 1.15378
2.26445 -1.87051 1.01324 -1.438 1.63001 1.15378
2.26409 -1.87045 1.01266 -1.438 1.63001 1.15378
2.26373 -1.87039 1.01207 -1.438 1.63001 1.15378
2.26338 -1.87034 1.01149 -1.438 1.63001 1.15378
2.26302 -1.87028 1.0109 -1.438 1.63001 1.15378
2.26266 -1.87022 1.01032 -1.438 1.63001 1.15378
2.26231 -1.87016 1.00973 -1.438 1.63001 1.15378
2.26195 -1.87011 1.00915 -1.438 1.63001 1.15378
2.26159 -1.87005 1.00856 -1.438 1.63001 1.15378
2.26124 -1.86999 1.00798 -1.438 1.63001 1.15378
2.26088 -1.86993 1.0074 -1.438 1.63001 1.15378
2.26052 -1.86988 1.00681 -1.438 1.63001 1.15378
2.26017 -1.86982 1.00623 -1.438 1.63001 1.15378
2.25981 -1.86976 1.00564 -1.438 1.63001 1.15378
2.25945 -1.8697 1.00506 -1.438 1.63001 1.15378
2.2591 -1.86965 1.00447 -1.438 1.63001 1.15378
2.25874 -1.86959 1.00389 -1.438 1.63001 1.15378
2.25838 -1.86953 1.0033 -1.438 1.63001 1.15378
2.25803 -1.86947 1.00272 -1.438 1.63001 1.15378
2.25767 -1.86942 1.00214 -1.438 1.63001 1.15378
2.25731 -1.86936 1.00155 -1.438 1.63001 1.15378
2.25695 -1.8693 1.00097 -1.438 1.63001 1.15378
2.2566 -1.86924 1.00038 -1.438 1.63001 1.15378
2.25624 -1.86919 0.999797 -1.438 1.63001 1.15378
2.25588 -1.86913 0.999213 -1.438 1.63001 1.15378
2.25553 -1.86907 0.998628 -1.438 1.63001 1.15378
2.25517 -1.86901 0.998044 -1.438 1.63001 1.15378
2.25481 -1.86896 0.997459 -1.438 1.63001 1.15378
2.25446 -1.8689 0.996875 -1.438 1.63001 1.15378
2.2541 -1.86884 0.99629 -1.438 1.63001 1.15378
2.25374 -1.86878 0.995706 -1.438 1.63001 1.15378
2.25339 -1.86873 0.995122 -1.438 1.63001 1.15378
2.25303 -1.86867 0.994537 -1.438 1.63001 1.15378
2.25267 -1.86861 0.993953 -1.438 1.63001 1.15378
2.25232 -1.86855 0.993368 -1.438 1.63001 1.15378
2.25196 -1.86849 0.992784 -1.438 1.63001 1.15378
2.2516 -1.86844 0.992199 -1.438 1.63001 1.15378
2.25124 -1.86838 0.991615 -1.438 1.63001 1.15378
2.25089 -1.86832 0.99103 -1.438 1.63001 1.15378
2.25053 -1.86826 0.990446 -1.438 1.63001 1.15378
2.25017 -1.86821 0.989861 -1.438 1.63001 1.15378
2.24982 -1.86815 0.989277 -1.438 1.63001 1.15378
2.24946 -1.86809 0.988692 -1.438 1.63001 1.15378
2.2491 -1.86803 0.988108 -1.438 1.63001 1.15378
2.24875 -1.86798 0.987523 -1.438 1.63001 1.15378
2.24839 -1.86792 0.986939 -1.438 1.63001 1.15378
2.24803 -1.86786 0.986354 -1.438 1.63001 1.15378
2.24768 -1.8678 0.98577 -1.438 1.63001 1.15378
2.24732 -1.86775 0.985186 -1.438 1.63001 1.15378
2.24696 -1.86769 0.984601 -1.438 1.63001 1.15378
2.24661 -1.86763 0.984017 -1.438 1.63001 1.15378
2.24625 -1.86757 0.983432 -1.438 1.63001 1.15378
2.24589 -1.86752 0.982848 -1.438 1.63001 1.15378
2.24553 -1.86746 0.982263 -1.438 1.63001 1.15378
2.24518 -1.8674 0.981679 -1.438 1.63001 1.15378
2.24482 -1.86734 0.981094 -1.438 1.63001 1.15378
2.24446 -1.86729 0.98051 -1.438 1.63001 1.15378
2.24411 -1.86723 0.979925 -1.438 1.63001 1.15378
2.24375 -1.86717 0.979341 -1.438 1.63001 1.15378
2.24339 -1.86711 0.978756 -1.438 1.63001 1.15378
2.24304 -1.86706 0.978172 -1.438 1.63001 1.15378
2.24268 -1.867 0.977587 -1.438 1.63001 1.15378
2.24232 -1.86694 0.977003 -1.438 1.63001 1.15378
2.24197 -1.86688 0.976418 -1.438 1.63001 1.15378
2.24161 -1.86683 0.975834 -1.438 1.63001 1.15378
2.24125 -1.86677 0.97525 -1.438 1.63001 1.15378
2.2409 -1.86671 0.974665 -1.438 1.63001 1.15378
2.24054 -1.86665 0.974081 -1.438 1.63001 1.15378
2.24018 -1.8666 0.973496 -1.438 1.63001 1.15378
2.23982 -1.86654 0.972912 -1.438 1.63001 1.15378
2.23947 -1.86648 0.972327 -1.438 1.63001 1.15378
2.23911 -1.86642 0.971743 -1.438 1.63001 1.15378
2.23875 -1.86637 0.971158 -1.438 1.63001 1.15378
2.2384 -1.86631 0.970574 -1.438 1.63001 1.15378
2.23804 -1.86625 0.969989 -1.438 1.63001 1.15378
2.23768 -1.86619 0.969405 -1.438 1.63001 1.15378
2.23733 -1.86614 0.96882 -1.438 1.63001 1.15378
2.23697 -1.86608 0.968236 -1.438 1.63001 1.15378
2.23661 -1.86602 0.967651 -1.438 1.63001 1.15378
2.23626 -1.86596 0.967067 -1.438 1.63001 1.15378
2.2359 -1.86591 0.966482 -1.438 1.63001 1.15378
2.23554 -1.86585 0.965898 -1.438 1.63001 1.15378
2.23519 -1.86579 0.965314 -1.438 1.63001 1.15378
2.23483 -1.86573 0.964729 -1.438 1.63001 1.15378
2.23447 -1.86568 0.964145 -1.438 1.63001 1.15378
2.23412 -1.86562 0.96356 -1.438 1.63001 1.15378
2.23376 -1.86556 0.962976 -1.438 1.63001 1.15378
2.2334 -1.8655 0.962391 -1.438 1.63001 1.15378
2.23304 -1.86545 0.961807 -1.438 1.63001 1.15378
2.23269 -1.86539 0.961222 -1.438 1.63001 1.15378
2.23233 -1.86533 0.960638 -1.438 1.63001 1.15378
2.23197 -1.86527 0.960053 -1.438 1.63001 1.15378
2.23162 -1.86522 0.959469 -1.438 1.63001 1.15378
2.23126 -1.86516 0.958884 -1.438 1.63001 1.15378
2.2309 -1.8651 0.9583 -1.438 1.63001 1.15378
2.23055 -1.86504 0.957715 -1.438 1.63001 1.15378
2.23019 -1.86499 0.957131 -1.438 1.63001 1.15378
2.22983 -1.86493 0.956546 -1.438 1.63001 1.15378
2.22948 -1.86487 0.955962 -1.438 1.63001 1.15378
2.22912 -1.86481 0.955378 -1.438 1.63001 1.15378
2.22876 -1.86476 0.954793 -1.438 1.63001 1.15378
2.22841 -1.8647 0.954209 -1.438 1.63001 1.15378
2.22805 -1.86464 0.953624 -1.438 1.63001 1.15378
2.22769 -1.86458 0.95304 -1.438 1.63001 1.15378
2.22733 -1.86453 0.952455 -1.438 1.63001 1.15378
2.22698 -1.86447 0.951871 -1.438 1.63001 1.15378
2.22662 -1.86441 0.951286 -1.438 1.63001 1.15378
2.22626 -1.86435 0.950702 -1.438 1.63001 1.15378
2.22591 -1.8643 0.950117 -1.438 1.63001 1.15378
2.22555 -1.86424 0.949533 -1.438 1.63001 1.15378
2.22519 -1.86418 0.948948 -1.438 1.63001 1.15378
2.22484 -1.86412 0.948364 -1.438 1.63001 1.15378
2.22448 -1.86407 0.947779 -1.438 1.63001 1.15378
2.22412 -1.86401 0.947195 -1.438 1.63001 1.15378
2.22377 -1.86395 0.94661 -1.438 1.63001 1.15378
2.22341 -1.86389 0.946026 -1.438 1.63001 1.15378
2.22305 -1.86384 0.945442 -1.438 1.63001 1.15378
2.2227 -1.86378 0.944857 -1.438 1.63001 1.15378
2.22234 -1.86372 0.944273 -1.438 1.63001 1.15378
2.22198 -1.86366 0.943688 -1.438 1.63001 1.15378
2.22162 -1.86361 0.943104 -1.438 1.63001 1.15378
2.22127 -1.86355 0.942519 -1.438 1.63001 1.15378
2.22091 -1.86349 0.941935 -1.438 1.63001 1.15378
2.22055 -1.86343 0.94135 -1.438 1.63001 1.15378
2.2202 -1.86338 0.940766 -1.438 1.63001 1.15378
2.21984 -1.86332 0.940181 -1.438 1.63001 1.15378
2.21948 -1.86326 0.939597 -1.438 1.63001 1.15378
2.21913 -1.8632 0.939012 -1.438 1.63001 1.15378
2.21877 -1.86315 0.938428 -1.438 1.63001 1.15378
2.21841 -1.86309 0.937843 -1.438 1.63001 1.15378
2.21806 -1.86303 0.937259 -1.438 1.63001 1.15378
2.2177 -1.86297 0.936674 -1.438 1.63001 1.15378
2.21734 -1.86292 0.93609 -1.438 1.63001 1.15378
2.21699 -1.86286 0.935506 -1.438 1.63001 1.15378
2.21663 -1.8628 0.934921 -1.438 1.63001 1.15378
2.21627 -1.86274 0.934337 -1.438 1.63001 1.15378
2.21592 -1.86269 0.933752 -1.438 1.63001 1.15378
2.21556 -1.86263 0.933168 -1.438 1.63001 1.15378
2.2152 -1.86257 0.932583 -1.438 1.63001 1.15378
2.21484 -1.86251 0.931999 -1.438 1.63001 1.15378
2.21449 -1.86246 0.931414 -1.438 1.63001 1.15378
2.21413 -1.8624 0.93083 -1.438 1.63001 1.15378
2.21377 -1.86234 0.930245 -1.438 1.63001 1.15378
2.21342 -1.86228 0.929661 -1.438 1.63001 1.15378
2.21306 -1.86223 0.929076 -1.438 1.63001 1.15378
2.2127 -1.86217 0.928492 -1.438 1.63001 1.15378
2.21235 -1.86211 0.927907 -1.438 1.63001 1.15378
2.21199 -1.86205 0.927323 -1.438 1.63001 1.15378
2.21163 -1.862 0.926738 -1.438 1.63001 1.15378
2.21128 -1.86194 0.926154 -1.438 1.63001 1.15378
2.21092 -1.86188 0.92557 -1.438 1.63001 1.15378
2.21056 -1.86182 0.924985 -1.438 1.63001 1.15378
2.21021 -1.86177 0.924401 -1.438 1.63001 1.15378
2.20985 -1.86171 0.923816 -1.438 1.63001 1.15378
2.20949 -1.86165 0.923232 -1.438 1.63001 1.15378
2.20913 -1.86159 0.922647 -1.438 1.63001 1.15378
2.20878 -1.86154 0.922063 -1.438 1.63001 1.15378
2.20842 -1.86148 0.921478 -1.438 1.63001 1.15378
2.20806 -1.86142 0.920894 -1.438 1.63001 1.15378
2.20771 -1.86136 0.920309 -1.438 1.63001 1.15378
2.20735 -1.86131 0.919725 -1.438 1.63001 1.15378
2.20699 -1.86125 0.91914 -1.438 1.63001 1.15378
2.20664 -1.86119 0.918556 -1.438 1.63001 1.15378
2.20628 -1.86113 0.917971 -1.438 1.63001 1.15378
2.20592 -1.86108 0.917387 -1.438 1.63001 1.15378
2.20557 -1.86102 0.916802 -1.438 1.63001 1.15378
2.20521 -1.86096 0.916218 -1.438 1.63001 1.15378
2.20485 -1.8609 0.915634 -1.438 1.63001 1.15378
2.2045 -1.86085 0.915049 -1.438 1.63001 1.15378
2.20414 -1.86079 0.914465 -1.438 1.63001 1.15378
2.20378 -1.86073 0.91388 -1.438 1.63001 1.15378
2.20342 -1.86067 0.913296 -1.438 1.63001 1.15378
2.20342 -1.86067 0.913296 -1.438 1.63001 1.15378
2.20357 -1.86067 0.913816 -1.4385 1.62861 1.15463
2.20372 -1.86068 0.914336 -1.439 1.62721 1.15547
2.20387 -1.86068 0.914856 -1.4395 1.6258 1.15632
2.20403 -1.86068 0.915376 -1.44 1.6244 1.15717
2.20418 -1.86069 0.915896 -1.4405 1.623 1.15801
2.20433 -1.86069 0.916416 -1.441 1.6216 1.15886
2.20448 -1.8607 0.916936 -1.4415 1.62019 1.15971
2.20463 -1.8607 0.917456 -1.44201 1.61879 1.16056
2.20478 -1.8607 0.917976 -1.44251 1.61739 1.1614
2.20493 -1.86071 0.918496 -1.44301 1.61599 1.16225
2.20509 -1.86071 0.919016 -1.44351 1.61459 1.1631
2.20524 -1.86071 0.919536 -1.44401 1.61318 1.16394
2.20539 -1.86072 0.920056 -1.44451 1.61178 1.16479
2.20554 -1.86072 0.920576 -1.44501 1.61038 1.16564
2.20569 -1.86073 0.921096 -1.44551 1.60898 1.16648
2.20584 -1.86073 0.921616 -1.44601 1.60757 1.16733
2.20599 -1.86073 0.922136 -1.44651 1.60617 1.16818
2.20615 -1.86074 0.922656 -1.44701 1.60477 1.16902
2.2063 -1.86074 0.923176 -1.44751 1.60337 1.16987
2.20645 -1.86074 0.923696 -1.44801 1.60197 1.17072
2.2066 -1.86075 0.924216 -1.44851 1.60056 1.17157
2.20675 -1.86075 0.924736 -1.44902 1.59916 1.17241
2.2069 -1.86076 0.925256 -1.44952 1.59776 1.17326
2.20705 -1.86076 0.925776 -1.45002 1.59636 1.17411
2.20721 -1.86076 0.926296 -1.45052 1.59496 1.17495
2.20736 -1.86077 0.926816 -1.45102 1.59355 1.1758
2.20751 -1.86077 0.927336 -1.45152 1.59215 1.17665
2.20766 -1.86077 0.927856 -1.45202 1.59075 1.17749
2.20781 -1.86078 0.928376 -1.45252 1.58935 1.17834
2.20796 -1.86078 0.928896 -1.45302 1.58794 1.17919
2.20811 -1.86079 0.929416 -1.45352 1.58654 1.18003
2.20827 -1.86079 0.929936 -1.45402 1.58514 1.18088
2.20842 -1.86079 0.930456 -1.45452 1.58374 1.18173
2.20857 -1.8608 0.930976 -1.45502 1.58234 1.18258
2.20872 -1.8608 0.931496 -1.45552 1.58093 1.18342
2.20887 -1.8608 0.932016 -1.45602 1.57953 1.18427
2.20902 -1.86081 0.932536 -1.45653 1.57813 1.18512
2.20917 -1.86081 0.933056 -1.45703 1.57673 1.18596
2.20933 -1.86082 0.933576 -1.45753 1.57532 1.18681
2.20948 -1.86082 0.934096 -1.45803 1.57392 1.18766
2.20963 -1.86082 0.934616 -1.45853 1.57252 1.1885
2.20978 -1.86083 0.935136 -1.45903 1.57112 1.18935
2.20993 -1.86083 0.935656 -1.45953 1.56972 1.1902
2.21008 -1.86083 0.936176 -1.46003 1.56831 1.19104
2.21023 -1.86084 0.936696 -1.46053 1.56691 1.19189
2.21039 -1.86084 0.937216 -1.46103 1.56551 1.19274
2.21054 -1.86085 0.937736 -1.46153 1.56411 1.19358
2.21069 -1.86085 0.938256 -1.46203 1.5627 1.19443
2.21084 -1.86085 0.938776 -1.46253 1.5613 1.19528
2.21099 -1.86086 0.939296 -1.46303 1.5599 1.19613
2.21114 -1.86086 0.939816 -1.46353 1.5585 1.19697
2.21129 -1.86086 0.940336 -1.46404 1.5571 1.19782
2.21145 -1.86087 0.940856 -1.46454 1.55569 1.19867
2.2116 -1.86087 0.941376 -1.46504 1.55429 1.19951
2.21175 -1.86088 0.941896 -1.46554 1.55289 1.20036
2.2119 -1.86088 0.942416 -1.46604 1.55149 1.20121
2.21205 -1.86088 0.942936 -1.46654 1.55009 1.20205
2.2122 -1.86089 0.943456 -1.46704 1.54868 1.2029
2.21235 -1.86089 0.943976 -1.46754 1.54728 1.20375
2.21251 -1.86089 0.944496 -1.46804 1.54588 1.20459
2.21266 -1.8609 0.945016 -1.46854 1.54448 1.20544
2.21281 -1.8609 0.945536 -1.46904 1.54307 1.20629
2.21296 -1.86091 0.946056 -1.46954 1.54167 1.20714
2.21311 -1.86091 0.946576 -1.47004 1.54027 1.20798
2.21326 -1.86091 0.947096 -1.47054 1.53887 1.20883
2.21342 -1.86092 0.947616 -1.47105 1.53747 1.20968
2.21357 -1.86092 0.948136 -1.47155 1.53606 1.21052
2.21372 -1.86092 0.948656 -1.47205 1.53466 1.21137
2.21387 -1.86093 0.949176 -1.47255 1.53326 1.21222
2.21402 -1.86093 0.949696 -1.47305 1.53186 1.21306
2.21417 -1.86094 0.950216 -1.47355 1.53045 1.21391
2.21432 -1.86094 0.950736 -1.47405 1.52905 1.21476
2.21448 -1.86094 0.951256 -1.47455 1.52765 1.2156
2.21463 -1.86095 0.951776 -1.47505 1.52625 1.21645
2.21478 -1.86095 0.952296 -1.47555 1.52485 1.2173
2.21493 -1.86095 0.952816 -1.47605 1.52344 1.21815
2.21508 -1.86096 0.953336 -1.47655 1.52204 1.21899
2.21523 -1.86096 0.953856 -1.47705 1.52064 1.21984
2.21538 -1.86097 0.954376 -1.47755 1.51924 1.22069
2.21554 -1.86097 0.954896 -1.47805 1.51783 1.22153
2.21569 -1.86097 0.955416 -1.47856 1.51643 1.22238
2.21584 -1.86098 0.955936 -1.47906 1.51503 1.22323
2.21599 -1.86098 0.956456 -1.47956 1.51363 1.22407
2.21614 -1.86098 0.956976 -1.48006 1.51223 1.22492
2.21629 -1.86099 0.957496 -1.48056 1.51082 1.22577
2.21644 -1.86099 0.958016 -1.48106 1.50942 1.22661
2.2166 -1.861 0.958536 -1.48156 1.50802 1.22746
2.21675 -1.861 0.959056 -1.48206 1.50662 1.22831
2.2169 -1.861 0.959576 -1.48256 1.50522 1.22916
2.21705 -1.86101 0.960096 -1.48306 1.50381 1.23
2.2172 -1.86101 0.960616 -1.48356 1.50241 1.23085
2.21735 -1.86101 0.961136 -1.48406 1.50101 1.2317
2.2175 -1.86102 0.961656 -1.48456 1.49961 1.23254
2.21766 -1.86102 0.962176 -1.48506 1.4982 1.23339
2.21781 -1.86102 0.962696 -1.48556 1.4968 1.23424
2.21796 -1.86103 0.963216 -1.48607 1.4954 1.23508
2.21811 -1.86103 0.963736 -1.48657 1.494 1.23593
2.21826 -1.86104 0.964256 -1.48707 1.4926 1.23678
2.21841 -1.86104 0.964776 -1.48757 1.49119 1.23762
2.21856 -1.86104 0.965296 -1.48807 1.48979 1.23847
2.21872 -1.86105 0.965816 -1.48857 1.48839 1.23932
2.21887 -1.86105 0.966336 -1.48907 1.48699 1.24017
2.21902 -1.86105 0.966856 -1.48957 1.48558 1.24101
2.21917 -1.86106 0.967376 -1.49007 1.48418 1.24186
2.21932 -1.86106 0.967896 -1.49057 1.48278 1.24271
2.21947 -1.86107 0.968416 -1.49107 1.48138 1.24355
2.21962 -1.86107 0.968936 -1.49157 1.47998 1.2444
2.21978 -1.86107 0.969456 -1.49207 1.47857 1.24525
2.21993 -1.86108 0.969976 -1.49257 1.47717 1.24609
2.22008 -1.86108 0.970496 -1.49308 1.47577 1.24694
2.22023 -1.86108 0.971016 -1.49358 1.47437 1.24779
2.22038 -1.86109 0.971536 -1.49408 1.47296 1.24863
2.22053 -1.86109 0.972056 -1.49458 1.47156 1.24948
2.22068 -1.8611 0.972576 -1.49508 1.47016 1.25033
2.22084 -1.8611 0.973096 -1.49558 1.46876 1.25117
2.22099 -1.8611 0.973616 -1.49608 1.46736 1.25202
2.22114 -1.86111 0.974136 -1.49658 1.46595 1.25287
2.22129 -1.86111 0.974656 -1.49708 1.46455 1.25372
2.22144 -1.86111 0.975176 -1.49758 1.46315 1.25456
2.22159 -1.86112 0.975696 -1.49808 1.46175 1.25541
2.22174 -1.86112 0.976216 -1.49858 1.46034 1.25626
2.2219 -1.86113 0.976736 -1.49908 1.45894 1.2571
2.22205 -1.86113 0.977256 -1.49958 1.45754 1.25795
2.2222 -1.86113 0.977776 -1.50008 1.45614 1.2588
2.22235 -1.86114 0.978296 -1.50059 1.45474 1.25964
2.2225 -1.86114 0.978816 -1.50109 1.45333 1.26049
2.22265 -1.86114 0.979336 -1.50159 1.45193 1.26134
2.2228 -1.86115 0.979856 -1.50209 1.45053 1.26218
2.22296 -1.86115 0.980376 -1.50259 1.44913 1.26303
2.22311 -1.86116 0.980896 -1.50309 1.44773 1.26388
2.22326 -1.86116 0.981416 -1.50359 1.44632 1.26473
2.22341 -1.86116 0.981936 -1.50409 1.44492 1.26557
2.22356 -1.86117 0.982456 -1.50459 1.44352 1.26642
2.22371 -1.86117 0.982976 -1.50509 1.44212 1.26727
2.22386 -1.86117 0.983496 -1.50559 1.44071 1.26811
2.22402 -1.86118 0.984016 -1.50609 1.43931 1.26896
2.22417 -1.86118 0.984536 -1.50659 1.43791 1.26981
2.22432 -1.86119 0.985056 -1.50709 1.43651 1.27065
2.22447 -1.86119 0.985576 -1.5076 1.43511 1.2715
2.22462 -1.86119 0.986096 -1.5081 1.4337 1.27235
2.22477 -1.8612 0.986616 -1.5086 1.4323 1.27319
2.22492 -1.8612 0.987136 -1.5091 1.4309 1.27404
2.22508 -1.8612 0.987656 -1.5096 1.4295 1.27489
2.22523 -1.86121 0.988176 -1.5101 1.42809 1.27574
2.22538 -1.86121 0.988696 -1.5106 1.42669 1.27658
2.22553 -1.86122 0.989216 -1.5111 1.42529 1.27743
2.22568 -1.86122 0.989736 -1.5116 1.42389 1.27828
2.22583 -1.86122 0.990256 -1.5121 1.42249 1.27912
2.22598 -1.86123 0.990776 -1.5126 1.42108 1.27997
2.22614 -1.86123 0.991296 -1.5131 1.41968 1.28082
2.22629 -1.86123 0.991816 -1.5136 1.41828 1.28166
2.22644 -1.86124 0.992336 -1.5141 1.41688 1.28251
2.22659 -1.86124 0.992856 -1.5146 1.41547 1.28336
2.22674 -1.86125 0.993376 -1.51511 1.41407 1.2842
2.22689 -1.86125 0.993896 -1.51561 1.41267 1.28505
2.22704 -1.86125 0.994416 -1.51611 1.41127 1.2859
2.2272 -1.86126 0.994936 -1.51661 1.40987 1.28675
2.22735 -1.86126 0.995456 -1.51711 1.40846 1.28759
2.2275 -1.86126 0.995976 -1.51761 1.40706 1.28844
2.22765 -1.86127 0.996496 -1.51811 1.40566 1.28929
2.2278 -1.86127 0.997016 -1.51861 1.40426 1.29013
2.22795 -1.86128 0.997536 -1.51911 1.40286 1.29098
2.2281 -1.86128 0.998056 -1.51961 1.40145 1.29183
2.22826 -1.86128 0.998576 -1.52011 1.40005 1.29267
2.22841 -1.86129 0.999096 -1.52061 1.39865 1.29352
2.22856 -1.86129 0.999616 -1.52111 1.39725 1.29437
2.22871 -1.86129 1.00014 -1.52161 1.39584 1.29521
2.22886 -1.8613 1.00066 -1.52211 1.39444 1.29606
2.22901 -1.8613 1.00118 -1.52262 1.39304 1.29691
2.22916 -1.86131 1.0017 -1.52312 1.39164 1.29776
2.22932 -1.86131 1.00222 -1.52362 1.39024 1.2986
2.22947 -1.86131 1.00274 -1.52412 1.38883 1.29945
2.22962 -1.86132 1.00326 -1.52462 1.38743 1.3003
2.22977 -1.86132 1.00378 -1.52512 1.38603 1.30114
2.22992 -1.86132 1.0043 -1.52562 1.38463 1.30199
2.23007 -1.86133 1.00482 -1.52612 1.38322 1.30284
2.23023 -1.86133 1.00534 -1.52662 1.38182 1.30368
2.23038 -1.86134 1.00586 -1.52712 1.38042 1.30453
2.23053 -1.86134 1.00638 -1.52762 1.37902 1.30538
2.23068 -1.86134 1.0069 -1.52812 1.37762 1.30622
2.23083 -1.86135 1.00742 -1.52862 1.37621 1.30707
2.23098 -1.86135 1.00794 -1.52912 1.37481 1.30792
2.23113 -1.86135 1.00846 -1.52963 1.37341 1.30876
2.23129 -1.86136 1.00898 -1.53013 1.37201 1.30961
2.23144 -1.86136 1.0095 -1.53063 1.3706 1.31046
2.23159 -1.86136 1.01002 -1.53113 1.3692 1.31131
2.23174 -1.86137 1.01054 -1.53163 1.3678 1.31215
2.23189 -1.86137 1.01106 -1.53213 1.3664 1.313
2.23204 -1.86138 1.01158 -1.53263 1.365 1.31385
2.23219 -1.86138 1.0121 -1.53313 1.36359 1.31469
2.23235 -1.86138 1.01262 -1.53363 1.36219 1.31554
2.2325 -1.86139 1.01314 -1.53413 1.36079 1.31639
2.23265 -1.86139 1.01366 -1.53463 1.35939 1.31723
2.2328 -1.86139 1.01418 -1.53513 1.35798 1.31808
2.23295 -1.8614 1.0147 -1.53563 1.35658 1.31893
2.2331 -1.8614 1.01522 -1.53613 1.35518 1.31977
2.23325 -1.86141 1.01574 -1.53663 1.35378 1.32062
2.23341 -1.86141 1.01626 -1.53714 1.35238 1.32147
2.23356 -1.86141 1.01678 -1.53764 1.35097 1.32232
2.23371 -1.86142 1.0173 -1.53814 1.34957 1.32316
2.23386 -1.86142 1.01782 -1.53864 1.34817 1.32401
2.23401 -1.86142 1.01834 -1.53914 1.34677 1.32486
2.23416 -1.86143 1.01886 -1.53964 1.34537 1.3257
2.23431 -1.86143 1.01938 -1.54014 1.34396 1.32655
2.23447 -1.86144 1.0199 -1.54064 1.34256 1.3274
2.23462 -1.86144 1.02042 -1.54114 1.34116 1.32824
2.23477 -1.86144 1.02094 -1.54164 1.33976 1.32909
2.23492 -1.86145 1.02146 -1.54214 1.33835 1.32994
2.23507 -1.86145 1.02198 -1.54264 1.33695 1.33078
2.23522 -1.86145 1.0225 -1.54314 1.33555 1.33163
2.23537 -1.86146 1.02302 -1.54364 1.33415 1.33248
2.23553 -1.86146 1.02354 -1.54414 1.33275 1.33333
2.23568 -1.86147 1.02406 -1.54465 1.33134 1.33417
2.23583 -1.86147 1.02458 -1.54515 1.32994 1.33502
2.23598 -1.86147 1.0251 -1.54565 1.32854 1.33587
2.23613 -1.86148 1.02562 -1.54615 1.32714 1.33671
2.23628 -1.86148 1.02614 -1.54665 1.32573 1.33756
2.23643 -1.86148 1.02666 -1.54715 1.32433 1.33841
2.23659 -1.86149 1.02718 -1.54765 1.32293 1.33925
2.23674 -1.86149 1.0277 -1.54815 1.32153 1.3401
2.23689 -1.8615 1.02822 -1.54865 1.32013 1.34095
2.23704 -1.8615 1.02874 -1.54915 1.31872 1.34179
2.23719 -1.8615 1.02926 -1.54965 1.31732 1.34264
2.23734 -1.86151 1.02978 -1.55015 1.31592 1.34349
2.23749 -1.86151 1.0303 -1.55065 1.31452 1.34434
2.23765 -1.86151 1.03082 -1.55115 1.31311 1.34518
2.2378 -1.86152 1.03134 -1.55166 1.31171 1.34603
2.23795 -1.86152 1.03186 -1.55216 1.31031 1.34688
2.2381 -1.86153 1.03238 -1.55266 1.30891 1.34772
2.23825 -1.86153 1.0329 -1.55316 1.30751 1.34857
2.2384 -1.86153 1.03342 -1.55366 1.3061 1.34942
2.23855 -1.86154 1.03394 -1.55416 1.3047 1.35026
2.23871 -1.86154 1.03446 -1.55466 1.3033 1.35111
2.23886 -1.86154 1.03498 -1.55516 1.3019 1.35196
2.23901 -1.86155 1.0355 -1.55566 1.3005 1.3528
2.23916 -1.86155 1.03602 -1.55616 1.29909 1.35365
2.23931 -1.86156 1.03654 -1.55666 1.29769 1.3545
2.23946 -1.86156 1.03706 -1.55716 1.29629 1.35535
2.23961 -1.86156 1.03758 -1.55766 1.29489 1.35619
2.23977 -1.86157 1.0381 -1.55816 1.29348 1.35704
2.23992 -1.86157 1.03862 -1.55866 1.29208 1.35789
2.24007 -1.86157 1.03914 -1.55917 1.29068 1.35873
2.24022 -1.86158 1.03966 -1.55967 1.28928 1.35958
2.24037 -1.86158 1.04018 -1.56017 1.28788 1.36043
2.24052 -1.86159 1.0407 -1.56067 1.28647 1.36127
2.24067 -1.86159 1.04122 -1.56117 1.28507 1.36212
2.24083 -1.86159 1.04174 -1.56167 1.28367 1.36297
2.24098 -1.8616 1.04226 -1.56217 1.28227 1.36381
2.24113 -1.8616 1.04278 -1.56267 1.28086 1.36466
2.24128 -1.8616 1.0433 -1.56317 1.27946 1.36551
2.24143 -1.86161 1.04382 -1.56367 1.27806 1.36635
2.24158 -1.86161 1.04434 -1.56417 1.27666 1.3672
2.24173 -1.86162 1.04486 -1.56467 1.27526 1.36805
2.24189 -1.86162 1.04538 -1.56517 1.27385 1.3689
2.24204 -1.86162 1.0459 -1.56567 1.27245 1.36974
2.24219 -1.86163 1.04642 -1.56618 1.27105 1.37059
2.24234 -1.86163 1.04694 -1.56668 1.26965 1.37144
2.24249 -1.86163 1.04746 -1.56718 1.26824 1.37228
2.24264 -1.86164 1.04798 -1.56768 1.26684 1.37313
2.24279 -1.86164 1.0485 -1.56818 1.26544 1.37398
2.24295 -1.86165 1.04902 -1.56868 1.26404 1.37482
2.2431 -1.86165 1.04954 -1.56918 1.26264 1.37567
2.24325 -1.86165 1.05006 -1.56968 1.26123 1.37652
2.2434 -1.86166 1.05058 -1.57018 1.25983 1.37736
2.24355 -1.86166 1.0511 -1.57068 1.25843 1.37821
2.2437 -1.86166 1.05162 -1.57118 1.25703 1.37906
2.24385 -1.86167 1.05214 -1.57168 1.25563 1.37991
2.24401 -1.86167 1.05266 -1.57218 1.25422 1.38075
2.24416 -1.86167 1.05318 -1.57268 1.25282 1.3816
2.24431 -1.86168 1.0537 -1.57318 1.25142 1.38245
2.24446 -1.86168 1.05422 -1.57369 1.25002 1.38329
2.24461 -1.86169 1.05474 -1.57419 1.24861 1.38414
2.24476 -1.86169 1.05526 -1.57469 1.24721 1.38499
2.24491 -1.86169 1.05578 -1.57519 1.24581 1.38583
2.24507 -1.8617 1.0563 -1.57569 1.24441 1.38668
2.24522 -1.8617 1.05682 -1.57619 1.24301 1.38753
2.24537 -1.8617 1.05734 -1.57669 1.2416 1.38837
2.24552 -1.86171 1.05786 -1.57719 1.2402 1.38922
2.24567 -1.86171 1.05838 -1.57769 1.2388 1.39007
2.24582 -1.86172 1.0589 -1.57819 1.2374 1.39092
2.24597 -1.86172 1.05942 -1.57869 1.23599 1.39176
2.24613 -1.86172 1.05994 -1.57919 1.23459 1.39261
2.24628 -1.86173 1.06046 -1.57969 1.23319 1.39346
2.24643 -1.86173 1.06098 -1.58019 1.23179 1.3943
2.24658 -1.86173 1.0615 -1.58069 1.23039 1.39515
2.24673 -1.86174 1.06202 -1.5812 1.22898 1.396
2.24688 -1.86174 1.06254 -1.5817 1.22758 1.39684
2.24703 -1.86175 1.06306 -1.5822 1.22618 1.39769
2.24719 -1.86175 1.06358 -1.5827 1.22478 1.39854
2.24734 -1.86175 1.0641 -1.5832 1.22337 1.39938
2.24749 -1.86176 1.06462 -1.5837 1.22197 1.40023
2.24764 -1.86176 1.06514 -1.5842 1.22057 1.40108
2.24779 -1.86176 1.06566 -1.5847 1.21917 1.40193
2.24794 -1.86177 1.06618 -1.5852 1.21777 1.40277
2.2481 -1.86177 1.0667 -1.5857 1.21636 1.40362
2.24825 -1.86178 1.06722 -1.5862 1.21496 1.40447
2.2484 -1.86178 1.06774 -1.5867 1.21356 1.40531
2.24855 -1.86178 1.06826 -1.5872 1.21216 1.40616
2.2487 -1.86179 1.06878 -1.5877 1.21075 1.40701
2.24885 -1.86179 1.0693 -1.58821 1.20935 1.40785
2.249 -1.86179 1.06982 -1.58871 1.20795 1.4087
2.24916 -1.8618 1.07034 -1.58921 1.20655 1.40955
2.24931 -1.8618 1.07086 -1.58971 1.20515 1.41039
2.24946 -1.86181 1.07138 -1.59021 1.20374 1.41124
2.24961 -1.86181 1.0719 -1.59071 1.20234 1.41209
2.24976 -1.86181 1.07242 -1.59121 1.20094 1.41294
2.24991 -1.86182 1.07294 -1.59171 1.19954 1.41378
2.25006 -1.86182 1.07346 -1.59221 1.19814 1.41463
2.25022 -1.86182 1.07398 -1.59271 1.19673 1.41548
2.25037 -1.86183 1.0745 -1.59321 1.19533 1.41632
2.25052 -1.86183 1.07502 -1.59371 1.19393 1.41717
2.25067 -1.86184 1.07554 -1.59421 1.19253 1.41802
2.25082 -1.86184 1.07606 -1.59471 1.19112 1.41886
2.25097 -1.86184 1.07658 -1.59521 1.18972 1.41971
2.25112 -1.86185 1.0771 -1.59572 1.18832 1.42056
2.25128 -1.86185 1.07762 -1.59622 1.18692 1.4214
2.25143 -1.86185 1.07814 -1.59672 1.18552 1.42225
2.25158 -1.86186 1.07866 -1.59722 1.18411 1.4231
2.25173 -1.86186 1.07918 -1.59772 1.18271 1.42395
2.25188 -1.86187 1.0797 -1.59822 1.18131 1.42479
2.25203 -1.86187 1.08022 -1.59872 1.17991 1.42564
2.25218 -1.86187 1.08074 -1.59922 1.1785 1.42649
2.25234 -1.86188 1.08126 -1.59972 1.1771 1.42733
2.25249 -1.86188 1.08178 -1.60022 1.1757 1.42818
2.25264 -1.86188 1.0823 -1.60072 1.1743 1.42903
2.25279 -1.86189 1.08282 -1.60122 1.1729 1.42987
2.25294 -1.86189 1.08334 -1.60172 1.17149 1.43072
2.25309 -1.8619 1.08386 -1.60222 1.17009 1.43157
2.25324 -1.8619 1.08438 -1.60273 1.16869 1.43241
2.2534 -1.8619 1.0849 -1.60323 1.16729 1.43326
2.25355 -1.86191 1.08542 -1.60373 1.16588 1.43411
2.2537 -1.86191 1.08594 -1.60423 1.16448 1.43495
2.25385 -1.86191 1.08646 -1.60473 1.16308 1.4358
2.254 -1.86192 1.08698 -1.60523 1.16168 1.43665
2.25415 -1.86192 1.0875 -1.60573 1.16028 1.4375
2.2543 -1.86193 1.08802 -1.60623 1.15887 1.43834
2.25446 -1.86193 1.08854 -1.60673 1.15747 1.43919
2.25461 -1.86193 1.08906 -1.60723 1.15607 1.44004
2.25476 -1.86194 1.08958 -1.60773 1.15467 1.44088
2.25491 -1.86194 1.0901 -1.60823 1.15327 1.44173
2.25506 -1.86194 1.09062 -1.60873 1.15186 1.44258
2.25521 -1.86195 1.09114 -1.60923 1.15046 1.44342
2.25536 -1.86195 1.09166 -1.60973 1.14906 1.44427
2.25552 -1.86196 1.09218 -1.61024 1.14766 1.44512
2.25567 -1.86196 1.0927 -1.61074 1.14625 1.44596
2.25582 -1.86196 1.09322 -1.61124 1.14485 1.44681
2.25597 -1.86197 1.09374 -1.61174 1.14345 1.44766
2.25612 -1.86197 1.09426 -1.61224 1.14205 1.44851
2.25627 -1.86197 1.09478 -1.61274 1.14065 1.44935
2.25642 -1.86198 1.0953 -1.61324 1.13924 1.4502
2.25658 -1.86198 1.09582 -1.61374 1.13784 1.45105
2.25673 -1.86199 1.09634 -1.61424 1.13644 1.45189
2.25688 -1.86199 1.09686 -1.61474 1.13504 1.45274
2.25703 -1.86199 1.09738 -1.61524 1.13363 1.45359
2.25718 -1.862 1.0979 -1.61574 1.13223 1.45443
2.25733 -1.862 1.09842 -1.61624 1.13083 1.45528
2.25748 -1.862 1.09894 -1.61674 1.12943 1.45613
2.25764 -1.86201 1.09946 -1.61724 1.12803 1.45697
2.25779 -1.86201 1.09998 -1.61775 1.12662 1.45782
2.25794 -1.86201 1.1005 -1.61825 1.12522 1.45867
2.25809 -1.86202 1.10102 -1.61875 1.12382 1.45952
2.25824 -1.86202 1.10154 -1.61925 1.12242 1.46036
2.25839 -1.86203 1.10206 -1.61975 1.12101 1.46121
2.25854 -1.86203 1.10258 -1.62025 1.11961 1.46206
2.2587 -1.86203 1.1031 -1.62075 1.11821 1.4629
2.25885 -1.86204 1.10362 -1.62125 1.11681 1.46375
2.259 -1.86204 1.10414 -1.62175 1.11541 1.4646
2.25915 -1.86204 1.10466 -1.62225 1.114 1.46544
2.2593 -1.86205 1.10518 -1.62275 1.1126 1.46629
2.25945 -1.86205 1.1057 -1.62325 1.1112 1.46714
2.2596 -1.86206 1.10622 -1.62375 1.1098 1.46798
2.25976 -1.86206 1.10674 -1.62425 1.1084 1.46883
2.25991 -1.86206 1.10726 -1.62476 1.10699 1.46968
2.26006 -1.86207 1.10778 -1.62526 1.10559 1.47053
2.26021 -1.86207 1.1083 -1.62576 1.10419 1.47137
2.26036 -1.86207 1.10882 -1.62626 1.10279 1.47222
2.26051 -1.86208 1.10934 -1.62676 1.10138 1.47307
2.26066 -1.86208 1.10986 -1.62726 1.09998 1.47391
2.26082 -1.86209 1.11038 -1.62776 1.09858 1.47476
2.26097 -1.86209 1.1109 -1.62826 1.09718 1.47561
2.26112 -1.86209 1.11142 -1.62876 1.09578 1.47645
2.26127 -1.8621 1.11194 -1.62926 1.09437 1.4773
2.26142 -1.8621 1.11246 -1.62976 1.09297 1.47815
2.26157 -1.8621 1.11298 -1.63026 1.09157 1.47899
2.26172 -1.86211 1.1135 -1.63076 1.09017 1.47984
2.26188 -1.86211 1.11402 -1.63126 1.08876 1.48069
2.26203 -1.86212 1.11454 -1.63176 1.08736 1.48154
2.26218 -1.86212 1.11506 -1.63227 1.08596 1.48238
2.26233 -1.86212 1.11558 -1.63277 1.08456 1.48323
2.26248 -1.86213 1.1161 -1.63327 1.08316 1.48408
2.26263 -1.86213 1.11662 -1.63377 1.08175 1.48492
2.26278 -1.86213 1.11714 -1.63427 1.08035 1.48577
2.26294 -1.86214 1.11766 -1.63477 1.07895 1.48662
2.26309 -1.86214 1.11818 -1.63527 1.07755 1.48746
2.26324 -1.86215 1.1187 -1.63577 1.07614 1.48831
2.26339 -1.86215 1.11922 -1.63627 1.07474 1.48916
2.26354 -1.86215 1.11974 -1.63677 1.07334 1.49
2.26369 -1.86216 1.12026 -1.63727 1.07194 1.49085
2.26384 -1.86216 1.12078 -1.63777 1.07054 1.4917
2.264 -1.86216 1.1213 -1.63827 1.06913 1.49254
2.26415 -1.86217 1.12182 -1.63877 1.06773 1.49339
2.2643 -1.86217 1.12234 -1.63927 1.06633 1.49424
2.26445 -1.86218 1.12286 -1.63978 1.06493 1.49509
2.2646 -1.86218 1.12338 -1.64028 1.06352 1.49593
2.26475 -1.86218 1.1239 -1.64078 1.06212 1.49678
2.26491 -1.86219 1.12442 -1.64128 1.06072 1.49763
2.26506 -1.86219 1.12494 -1.64178 1.05932 1.49847
2.26521 -1.86219 1.12546 -1.64228 1.05792 1.49932
2.26536 -1.8622 1.12598 -1.64278 1.05651 1.50017
2.26551 -1.8622 1.1265 -1.64328 1.05511 1.50101
2.26566 -1.86221 1.12702 -1.64378 1.05371 1.50186
2.26581 -1.86221 1.12754 -1.64428 1.05231 1.50271
2.26597 -1.86221 1.12806 -1.64478 1.05091 1.50355
2.26612 -1.86222 1.12858 -1.64528 1.0495 1.5044
2.26627 -1.86222 1.1291 -1.64578 1.0481 1.50525
2.26642 -1.86222 1.12962 -1.64628 1.0467 1.5061
2.26657 -1.86223 1.13014 -1.64679 1.0453 1.50694
2.26672 -1.86223 1.13066 -1.64729 1.04389 1.50779
2.26687 -1.86224 1.13118 -1.64779 1.04249 1.50864
2.26703 -1.86224 1.1317 -1.64829 1.04109 1.50948
2.26718 -1.86224 1.13222 -1.64879 1.03969 1.51033
2.26733 -1.86225 1.13274 -1.64929 1.03829 1.51118
2.26748 -1.86225 1.13326 -1.64979 1.03688 1.51202
2.26763 -1.86225 1.13378 -1.65029 1.03548 1.51287
2.26778 -1.86226 1.1343 -1.65079 1.03408 1.51372
2.26793 -1.86226 1.13482 -1.65129 1.03268 1.51456
2.26809 -1.86227 1.13534 -1.65179 1.03127 1.51541
2.26824 -1.86227 1.13586 -1.65229 1.02987 1.51626
2.26839 -1.86227 1.13638 -1.65279 1.02847 1.51711
2.26854 -1.86228 1.1369 -1.65329 1.02707 1.51795
2.26869 -1.86228 1.13742 -1.65379 1.02567 1.5188
2.26884 -1.86228 1.13794 -1.6543 1.02426 1.51965
2.26899 -1.86229 1.13846 -1.6548 1.02286 1.52049
2.26915 -1.86229 1.13898 -1.6553 1.02146 1.52134
2.2693 -1.8623 1.1395 -1.6558 1.02006 1.52219
2.26945 -1.8623 1.14002 -1.6563 1.01865 1.52303
2.2696 -1.8623 1.14054 -1.6568 1.01725 1.52388
2.26975 -1.86231 1.14106 -1.6573 1.01585 1.52473
2.2699 -1.86231 1.14158 -1.6578 1.01445 1.52557
2.27005 -1.86231 1.1421 -1.6583 1.01305 1.52642
2.27021 -1.86232 1.14262 -1.6588 1.01164 1.52727
2.27036 -1.86232 1.14314 -1.6593 1.01024 1.52812
2.27051 -1.86233 1.14366 -1.6598 1.00884 1.52896
2.27066 -1.86233 1.14418 -1.6603 1.00744 1.52981
2.27081 -1.86233 1.1447 -1.6608 1.00604 1.53066
2.27096 -1.86234 1.14522 -1.66131 1.00463 1.5315
2.27111 -1.86234 1.14574 -1.66181 1.00323 1.53235
2.27127 -1.86234 1.14626 -1.66231 1.00183 1.5332
2.27142 -1.86235 1.14678 -1.66281 1.00043 1.53404
2.27157 -1.86235 1.1473 -1.66331 0.999024 1.53489
2.27172 -1.86235 1.14782 -1.66381 0.997622 1.53574
2.27187 -1.86236 1.14834 -1.66431 0.99622 1.53658
2.27202 -1.86236 1.14886 -1.66481 0.994818 1.53743
2.27217 -1.86237 1.14938 -1.66531 0.993415 1.53828
2.27233 -1.86237 1.1499 -1.66581 0.992013 1.53913
2.27248 -1.86237 1.15042 -1.66631 0.990611 1.53997
2.27263 -1.86238 1.15094 -1.66681 0.989209 1.54082
2.27278 -1.86238 1.15146 -1.66731 0.987807 1.54167
2.27293 -1.86238 1.15198 -1.66781 0.986404 1.54251
2.27308 -1.86239 1.1525 -1.66831 0.985002 1.54336
2.27323 -1.86239 1.15302 -1.66882 0.9836 1.54421
2.27339 -1.8624 1.15354 -1.66932 0.982198 1.54505
2.27354 -1.8624 1.15406 -1.66982 0.980796 1.5459
2.27369 -1.8624 1.15458 -1.67032 0.979393 1.54675
2.27384 -1.86241 1.1551 -1.67082 0.977991 1.54759
2.27399 -1.86241 1.15562 -1.67132 0.976589 1.54844
2.27414 -1.86241 1.15614 -1.67182 0.975187 1.54929
2.27429 -1.86242 1.15666 -1.67232 0.973785 1.55013
2.27445 -1.86242 1.15718 -1.67282 0.972383 1.55098
2.2746 -1.86243 1.1577 -1.67332 0.97098 1.55183
2.27475 -1.86243 1.15822 -1.67382 0.969578 1.55268
2.2749 -1.86243 1.15874 -1.67432 0.968176 1.55352
2.27505 -1.86244 1.15926 -1.67482 0.966774 1.55437
2.2752 -1.86244 1.15978 -1.67532 0.965372 1.55522
2.27535 -1.86244 1.1603 -1.67582 0.963969 1.55606
2.27551 -1.86245 1.16082 -1.67633 0.962567 1.55691
2.27566 -1.86245 1.16134 -1.67683 0.961165 1.55776
2.27581 -1.86246 1.16186 -1.67733 0.959763 1.5586
2.27596 -1.86246 1.16238 -1.67783 0.958361 1.55945
2.27611 -1.86246 1.1629 -1.67833 0.956958 1.5603
2.27626 -1.86247 1.16342 -1.67883 0.955556 1.56114
2.27641 -1.86247 1.16394 -1.67933 0.954154 1.56199
2.27657 -1.86247 1.16446 -1.67983 0.952752 1.56284
2.27672 -1.86248 1.16498 -1.68033 0.95135 1.56369
2.27687 -1.86248 1.1655 -1.68083 0.949947 1.56453
2.27702 -1.86249 1.16602 -1.68133 0.948545 1.56538
2.27717 -1.86249 1.16654 -1.68183 0.947143 1.56623
2.27732 -1.86249 1.16706 -1.68233 0.945741 1.56707
2.27747 -1.8625 1.16758 -1.68283 0.944339 1.56792
2.27763 -1.8625 1.1681 -1.68334 0.942937 1.56877
2.27778 -1.8625 1.16862 -1.68384 0.941534 1.56961
2.27793 -1.86251 1.16914 -1.68434 0.940132 1.57046
2.27808 -1.86251 1.16966 -1.68484 0.93873 1.57131
2.27823 -1.86252 1.17018 -1.68534 0.937328 1.57215
2.27838 -1.86252 1.1707 -1.68584 0.935926 1.573
2.27853 -1.86252 1.17122 -1.68634 0.934523 1.57385
2.27869 -1.86253 1.17174 -1.68684 0.933121 1.5747
2.27884 -1.86253 1.17226 -1.68734 0.931719 1.57554
2.27899 -1.86253 1.17278 -1.68784 0.930317 1.57639
2.27914 -1.86254 1.1733 -1.68834 0.928915 1.57724
2.27929 -1.86254 1.17382 -1.68884 0.927512 1.57808
2.27944 -1.86255 1.17434 -1.68934 0.92611 1.57893
2.27959 -1.86255 1.17486 -1.68984 0.924708 1.57978
2.27975 -1.86255 1.17538 -1.69034 0.923306 1.58062
2.2799 -1.86256 1.1759 -1.69085 0.921904 1.58147
2.28005 -1.86256 1.17642 -1.69135 0.920501 1.58232
2.2802 -1.86256 1.17694 -1.69185 0.919099 1.58316
2.28035 -1.86257 1.17746 -1.69235 0.917697 1.58401
2.2805 -1.86257 1.17798 -1.69285 0.916295 1.58486
2.28065 -1.86258 1.1785 -1.69335 0.914893 1.58571
2.28081 -1.86258 1.17902 -1.69385 0.913491 1.58655
2.28096 -1.86258 1.17954 -1.69435 0.912088 1.5874
2.28111 -1.86259 1.18006 -1.69485 0.910686 1.58825
2.28126 -1.86259 1.18058 -1.69535 0.909284 1.58909
2.28141 -1.86259 1.1811 -1.69585 0.907882 1.58994
2.28156 -1.8626 1.18162 -1.69635 0.90648 1.59079
2.28172 -1.8626 1.18214 -1.69685 0.905077 1.59163
2.28187 -1.86261 1.18266 -1.69735 0.903675 1.59248
2.28202 -1.86261 1.18318 -1.69785 0.902273 1.59333
2.28217 -1.86261 1.1837 -1.69836 0.900871 1.59417
2.28232 -1.86262 1.18422 -1.69886 0.899469 1.59502
2.28247 -1.86262 1.18474 -1.69936 0.898066 1.59587
2.28262 -1.86262 1.18526 -1.69986 0.896664 1.59672
2.28278 -1.86263 1.18578 -1.70036 0.895262 1.59756
2.28293 -1.86263 1.1863 -1.70086 0.89386 1.59841
2.28308 -1.86264 1.18682 -1.70136 0.892458 1.59926
2.28323 -1.86264 1.18734 -1.70186 0.891055 1.6001
2.28338 -1.86264 1.18786 -1.70236 0.889653 1.60095
2.28353 -1.86265 1.18838 -1.70286 0.888251 1.6018
2.28368 -1.86265 1.1889 -1.70336 0.886849 1.60264
2.28384 -1.86265 1.18942 -1.70386 0.885447 1.60349
2.28399 -1.86266 1.18994 -1.70436 0.884045 1.60434
2.28414 -1.86266 1.19046 -1.70486 0.882642 1.60518
2.28429 -1.86267 1.19098 -1.70537 0.88124 1.60603
2.28444 -1.86267 1.1915 -1.70587 0.879838 1.60688
2.28459 -1.86267 1.19202 -1.70637 0.878436 1.60772
2.28474 -1.86268 1.19254 -1.70687 0.877034 1.60857
2.2849 -1.86268 1.19306 -1.70737 0.875631 1.60942
2.28505 -1.86268 1.19358 -1.70787 0.874229 1.61027
2.2852 -1.86269 1.1941 -1.70837 0.872827 1.61111
2.28535 -1.86269 1.19462 -1.70887 0.871425 1.61196
2.2855 -1.86269 1.19514 -1.70937 0.870023 1.61281
2.28565 -1.8627 1.19566 -1.70987 0.86862 1.61365
2.2858 -1.8627 1.19618 -1.71037 0.867218 1.6145
2.28596 -1.86271 1.1967 -1.71087 0.865816 1.61535
2.28611 -1.86271 1.19722 -1.71137 0.864414 1.61619
2.28626 -1.86271 1.19774 -1.71187 0.863012 1.61704
2.28641 -1.86272 1.19826 -1.71237 0.861609 1.61789
2.28656 -1.86272 1.19878 -1.71288 0.860207 1.61873
2.28671 -1.86272 1.1993 -1.71338 0.858805 1.61958
2.28686 -1.86273 1.19982 -1.71388 0.857403 1.62043
2.28702 -1.86273 1.20034 -1.71438 0.856001 1.62128
2.28717 -1.86274 1.20086 -1.71488 0.854598 1.62212
2.28732 -1.86274 1.20138 -1.71538 0.853196 1.62297
2.28747 -1.86274 1.2019 -1.71588 0.851794 1.62382
2.28762 -1.86275 1.20242 -1.71638 0.850392 1.62466
2.28777 -1.86275 1.20294 -1.71688 0.84899 1.62551
2.28792 -1.86275 1.20346 -1.71738 0.847588 1.62636
2.28808 -1.86276 1.20398 -1.71788 0.846185 1.6272
2.28823 -1.86276 1.2045 -1.71838 0.844783 1.62805
2.28838 -1.86277 1.20502 -1.71888 0.843381 1.6289
2.28853 -1.86277 1.20554 -1.71938 0.841979 1.62974
2.28868 -1.86277 1.20606 -1.71989 0.840577 1.63059
2.28883 -1.86278 1.20658 -1.72039 0.839174 1.63144
2.28898 -1.86278 1.2071 -1.72089 0.837772 1.63229
2.28914 -1.86278 1.20762 -1.72139 0.83637 1.63313
2.28929 -1.86279 1.20814 -1.72189 0.834968 1.63398
2.28944 -1.86279 1.20866 -1.72239 0.833566 1.63483
2.28959 -1.8628 1.20918 -1.72289 0.832163 1.63567
2.28974 -1.8628 1.2097 -1.72339 0.830761 1.63652
2.28989 -1.8628 1.21022 -1.72389 0.829359 1.63737
2.29004 -1.86281 1.21074 -1.72439 0.827957 1.63821
2.2902 -1.86281 1.21126 -1.72489 0.826555 1.63906
2.29035 -1.86281 1.21178 -1.72539 0.825152 1.63991
2.2905 -1.86282 1.2123 -1.72589 0.82375 1.64075
2.29065 -1.86282 1.21282 -1.72639 0.822348 1.6416
2.2908 -1.86283 1.21334 -1.72689 0.820946 1.64245
2.29095 -1.86283 1.21386 -1.7274 0.819544 1.6433
2.2911 -1.86283 1.21438 -1.7279 0.818142 1.64414
2.29126 -1.86284 1.2149 -1.7284 0.816739 1.64499
2.29141 -1.86284 1.21542 -1.7289 0.815337 1.64584
2.29156 -1.86284 1.21594 -1.7294 0.813935 1.64668
2.29171 -1.86285 1.21646 -1.7299 0.812533 1.64753
2.29186 -1.86285 1.21698 -1.7304 0.811131 1.64838
2.29201 -1.86286 1.2175 -1.7309 0.809728 1.64922
2.29216 -1.86286 1.21802 -1.7314 0.808326 1.65007
2.29232 -1.86286 1.21854 -1.7319 0.806924 1.65092
2.29247 -1.86287 1.21906 -1.7324 0.805522 1.65176
2.29262 -1.86287 1.21958 -1.7329 0.80412 1.65261
2.29277 -1.86287 1.2201 -1.7334 0.802717 1.65346
2.29292 -1.86288 1.22062 -1.7339 0.801315 1.65431
2.29307 -1.86288 1.22114 -1.7344 0.799913 1.65515
2.29322 -1.86289 1.22166 -1.73491 0.798511 1.656
2.29338 -1.86289 1.22218 -1.73541 0.797109 1.65685
2.29353 -1.86289 1.2227 -1.73591 0.795706 1.65769
2.29368 -1.8629 1.22322 -1.73641 0.794304 1.65854
2.29383 -1.8629 1.22374 -1.73691 0.792902 1.65939
2.29398 -1.8629 1.22426 -1.73741 0.7915 1.66023
2.29413 -1.86291 1.22478 -1.73791 0.790098 1.66108
2.29428 -1.86291 1.2253 -1.73841 0.788696 1.66193
2.29444 -1.86292 1.22582 -1.73891 0.787293 1.66277
2.29459 -1.86292 1.22634 -1.73941 0.785891 1.66362
2.29474 -1.86292 1.22686 -1.73991 0.784489 1.66447
2.29489 -1.86293 1.22738 -1.74041 0.783087 1.66532
2.29504 -1.86293 1.2279 -1.74091 0.781685 1.66616
2.29519 -1.86293 1.22842 -1.74141 0.780282 1.66701
2.29534 -1.86294 1.22894 -1.74192 0.77888 1.66786
2.2955 -1.86294 1.22946 -1.74242 0.777478 1.6687
2.29565 -1.86295 1.22998 -1.74292 0.776076 1.66955
2.2958 -1.86295 1.2305 -1.74342 0.774674 1.6704
2.29595 -1.86295 1.23102 -1.74392 0.773271 1.67124
2.2961 -1.86296 1.23154 -1.74442 0.771869 1.67209
2.29625 -1.86296 1.23206 -1.74492 0.770467 1.67294
2.2964 -1.86296 1.23258 -1.74542 0.769065 1.67378
2.29656 -1.86297 1.2331 -1.74592 0.767663 1.67463
2.29671 -1.86297 1.23362 -1.74642 0.76626 1.67548
2.29686 -1.86298 1.23414 -1.74692 0.764858 1.67632
2.29701 -1.86298 1.23466 -1.74742 0.763456 1.67717
2.29716 -1.86298 1.23518 -1.74792 0.762054 1.67802
2.29731 -1.86299 1.2357 -1.74842 0.760652 1.67887
2.29746 -1.86299 1.23622 -1.74892 0.75925 1.67971
2.29762 -1.86299 1.23674 -1.74943 0.757847 1.68056
2.29777 -1.863 1.23726 -1.74993 0.756445 1.68141
2.29792 -1.863 1.23778 -1.75043 0.755043 1.68225
2.29807 -1.86301 1.2383 -1.75093 0.753641 1.6831
2.29822 -1.86301 1.23882 -1.75143 0.752239 1.68395
2.29837 -1.86301 1.23934 -1.75193 0.750836 1.68479
2.29853 -1.86302 1.23986 -1.75243 0.749434 1.68564
2.29868 -1.86302 1.24038 -1.75293 0.748032 1.68649
2.29883 -1.86302 1.2409 -1.75343 0.74663 1.68733
2.29898 -1.86303 1.24142 -1.75393 0.745228 1.68818
2.29913 -1.86303 1.24194 -1.75443 0.743825 1.68903
2.29928 -1.86303 1.24246 -1.75493 0.742423 1.68988
2.29943 -1.86304 1.24298 -1.75543 0.741021 1.69072
2.29959 -1.86304 1.2435 -1.75593 0.739619 1.69157
2.29974 -1.86305 1.24402 -1.75643 0.738217 1.69242
2.29989 -1.86305 1.24454 -1.75694 0.736814 1.69326
2.30004 -1.86305 1.24506 -1.75744 0.735412 1.69411
2.30019 -1.86306 1.24558 -1.75794 0.73401 1.69496
2.30034 -1.86306 1.2461 -1.75844 0.732608 1.6958
2.30049 -1.86306 1.24662 -1.75894 0.731206 1.69665
2.30065 -1.86307 1.24714 -1.75944 0.729804 1.6975
2.3008 -1.86307 1.24766 -1.75994 0.728401 1.69834
2.30095 -1.86308 1.24818 -1.76044 0.726999 1.69919
2.3011 -1.86308 1.2487 -1.76094 0.725597 1.70004
2.30125 -1.86308 1.24922 -1.76144 0.724195 1.70089
2.3014 -1.86309 1.24974 -1.76194 0.722793 1.70173
2.30155 -1.86309 1.25026 -1.76244 0.72139 1.70258
2.30171 -1.86309 1.25078 -1.76294 0.719988 1.70343
2.30186 -1.8631 1.2513 -1.76344 0.718586 1.70427
2.30201 -1.8631 1.25182 -1.76395 0.717184 1.70512
2.30216 -1.86311 1.25234 -1.76445 0.715782 1.70597
2.30231 -1.86311 1.25286 -1.76495 0.714379 1.70681
2.30246 -1.86311 1.25338 -1.76545 0.712977 1.70766
2.30261 -1.86312 1.2539 -1.76595 0.711575 1.70851
2.30277 -1.86312 1.25442 -1.76645 0.710173 1.70935
2.30292 -1.86312 1.25494 -1.76695 0.708771 1.7102
2.30307 -1.86313 1.25546 -1.76745 0.707368 1.71105
2.30322 -1.86313 1.25598 -1.76795 0.705966 1.7119
2.30337 -1.86314 1.2565 -1.76845 0.704564 1.71274
2.30352 -1.86314 1.25702 -1.76895 0.703162 1.71359
2.30367 -1.86314 1.25754 -1.76945 0.70176 1.71444
2.30383 -1.86315 1.25806 -1.76995 0.700358 1.71528
2.30398 -1.86315 1.25858 -1.77045 0.698955 1.71613
2.30413 -1.86315 1.2591 -1.77095 0.697553 1.71698
2.30428 -1.86316 1.25962 -1.77146 0.696151 1.71782
2.30443 -1.86316 1.26014 -1.77196 0.694749 1.71867
2.30458 -1.86317 1.26066 -1.77246 0.693347 1.71952
2.30473 -1.86317 1.26118 -1.77296 0.691944 1.72036
2.30489 -1.86317 1.2617 -1.77346 0.690542 1.72121
2.30504 -1.86318 1.26222 -1.77396 0.68914 1.72206
2.30519 -1.86318 1.26274 -1.77446 0.687738 1.72291
2.30534 -1.86318 1.26326 -1.77496 0.686336 1.72375
2.30549 -1.86319 1.26378 -1.77546 0.684933 1.7246
2.30564 -1.86319 1.2643 -1.77596 0.683531 1.72545
2.30579 -1.8632 1.26482 -1.77646 0.682129 1.72629
2.30595 -1.8632 1.26534 -1.77696 0.680727 1.72714
2.3061 -1.8632 1.26586 -1.77746 0.679325 1.72799
2.30625 -1.86321 1.26638 -1.77796 0.677922 1.72883
2.3064 -1.86321 1.2669 -1.77847 0.67652 1.72968
2.30655 -1.86321 1.26742 -1.77897 0.675118 1.73053
2.3067 -1.86322 1.26794 -1.77947 0.673716 1.73137
2.30685 -1.86322 1.26846 -1.77997 0.672314 1.73222
2.30701 -1.86323 1.26898 -1.78047 0.670911 1.73307
2.30716 -1.86323 1.2695 -1.78097 0.669509 1.73391
2.30731 -1.86323 1.27002 -1.78147 0.668107 1.73476
2.30746 -1.86324 1.27054 -1.78197 0.666705 1.73561
2.30761 -1.86324 1.27106 -1.78247 0.665303 1.73646
2.30776 -1.86324 1.27158 -1.78297 0.663901 1.7373
2.30791 -1.86325 1.2721 -1.78347 0.662498 1.73815
2.30807 -1.86325 1.27262 -1.78397 0.661096 1.739
2.30822 -1.86326 1.27314 -1.78447 0.659694 1.73984
2.30837 -1.86326 1.27366 -1.78497 0.658292 1.74069
2.30852 -1.86326 1.27418 -1.78547 0.65689 1.74154
2.30867 -1.86327 1.2747 -1.78598 0.655487 1.74238
2.30882 -1.86327 1.27522 -1.78648 0.654085 1.74323
2.30897 -1.86327 1.27574 -1.78698 0.652683 1.74408
2.30913 -1.86328 1.27626 -1.78748 0.651281 1.74492
2.30928 -1.86328 1.27678 -1.78798 0.649879 1.74577
2.30943 -1.86329 1.2773 -1.78848 0.648476 1.74662
2.30958 -1.86329 1.27782 -1.78898 0.647074 1.74747
2.30973 -1.86329 1.27834 -1.78948 0.645672 1.74831
2.30988 -1.8633 1.27886 -1.78998 0.64427 1.74916
2.31003 -1.8633 1.27938 -1.79048 0.642868 1.75001
2.31019 -1.8633 1.2799 -1.79098 0.641465 1.75085
2.31034 -1.86331 1.28042 -1.79148 0.640063 1.7517
2.31049 -1.86331 1.28094 -1.79198 0.638661 1.75255
2.31064 -1.86332 1.28146 -1.79248 0.637259 1.75339
2.31079 -1.86332 1.28198 -1.79298 0.635857 1.75424
2.31094 -1.86332 1.2825 -1.79349 0.634455 1.75509
2.31109 -1.86333 1.28302 -1.79399 0.633052 1.75593
2.31125 -1.86333 1.28354 -1.79449 0.63165 1.75678
2.3114 -1.86333 1.28406 -1.79499 0.630248 1.75763
2.31155 -1.86334 1.28458 -1.79549 0.628846 1.75848
2.3117 -1.86334 1.2851 -1.79599 0.627444 1.75932
2.31185 -1.86335 1.28562 -1.79649 0.626041 1.76017
2.312 -1.86335 1.28614 -1.79699 0.624639 1.76102
2.31215 -1.86335 1.28666 -1.79749 0.623237 1.76186
2.31231 -1.86336 1.28718 -1.79799 0.621835 1.76271
2.31246 -1.86336 1.2877 -1.79849 0.620433 1.76356
2.31261 -1.86336 1.28822 -1.79899 0.61903 1.7644
2.31276 -1.86337 1.28874 -1.79949 0.617628 1.76525
2.31291 -1.86337 1.28926 -1.79999 0.616226 1.7661
2.31306 -1.86337 1.28978 -1.8005 0.614824 1.76694
2.31321 -1.86338 1.2903 -1.801 0.613422 1.76779
2.31337 -1.86338 1.29082 -1.8015 0.612019 1.76864
2.31352 -1.86339 1.29134 -1.802 0.610617 1.76949
2.31367 -1.86339 1.29186 -1.8025 0.609215 1.77033
2.31382 -1.86339 1.29238 -1.803 0.607813 1.77118
2.31397 -1.8634 1.2929 -1.8035 0.606411 1.77203
2.31412 -1.8634 1.29342 -1.804 0.605009 1.77287
2.31427 -1.8634 1.29394 -1.8045 0.603606 1.77372
2.31443 -1.86341 1.29446 -1.805 0.602204 1.77457
2.31458 -1.86341 1.29498 -1.8055 0.600802 1.77541
2.31473 -1.86342 1.2955 -1.806 0.5994 1.77626
2.31488 -1.86342 1.29602 -1.8065 0.597998 1.77711
2.31503 -1.86342 1.29654 -1.807 0.596595 1.77795
2.31518 -1.86343 1.29706 -1.8075 0.595193 1.7788
2.31533 -1.86343 1.29758 -1.80801 0.593791 1.77965
2.31549 -1.86343 1.2981 -1.80851 0.592389 1.7805
2.31564 -1.86344 1.29862 -1.80901 0.590987 1.78134
2.31579 -1.86344 1.29914 -1.80951 0.589584 1.78219
2.31594 -1.86345 1.29966 -1.81001 0.588182 1.78304
2.31609 -1.86345 1.30018 -1.81051 0.58678 1.78388
2.31624 -1.86345 1.3007 -1.81101 0.585378 1.78473
2.3164 -1.86346 1.30122 -1.81151 0.583976 1.78558
2.31655 -1.86346 1.30174 -1.81201 0.582573 1.78642
2.3167 -1.86346 1.30226 -1.81251 0.581171 1.78727
2.31685 -1.86347 1.30278 -1.81301 0.579769 1.78812
2.317 -1.86347 1.3033 -1.81351 0.578367 1.78896
2.31715 -1.86348 1.30382 -1.81401 0.576965 1.78981
2.3173 -1.86348 1.30434 -1.81451 0.575563 1.79066
2.31746 -1.86348 1.30486 -1.81502 0.57416 1.7915
2.31761 -1.86349 1.30538 -1.81552 0.572758 1.79235
2.31776 -1.86349 1.3059 -1.81602 0.571356 1.7932
2.31791 -1.86349 1.30642 -1.81652 0.569954 1.79405
2.31806 -1.8635 1.30694 -1.81702 0.568552 1.79489
2.31821 -1.8635 1.30746 -1.81752 0.567149 1.79574
2.31836 -1.86351 1.30798 -1.81802 0.565747 1.79659
2.31852 -1.86351 1.3085 -1.81852 0.564345 1.79743
2.31867 -1.86351 1.30902 -1.81902 0.562943 1.79828
2.31882 -1.86352 1.30954 -1.81952 0.561541 1.79913
2.31897 -1.86352 1.31006 -1.82002 0.560138 1.79997
2.31912 -1.86352 1.31058 -1.82052 0.558736 1.80082
2.31927 -1.86353 1.3111 -1.82102 0.557334 1.80167
2.31942 -1.86353 1.31162 -1.82152 0.555932 1.80251
2.31958 -1.86354 1.31214 -1.82202 0.55453 1.80336
2.31973 -1.86354 1.31266 -1.82253 0.553127 1.80421
2.31988 -1.86354 1.31318 -1.82303 0.551725 1.80506
2.32003 -1.86355 1.3137 -1.82353 0.550323 1.8059
2.32018 -1.86355 1.31422 -1.82403 0.548921 1.80675
2.32033 -1.86355 1.31474 -1.82453 0.547519 1.8076
2.32048 -1.86356 1.31526 -1.82503 0.546117 1.80844
2.32064 -1.86356 1.31578 -1.82553 0.544714 1.80929
2.32079 -1.86357 1.3163 -1.82603 0.543312 1.81014
2.32094 -1.86357 1.31682 -1.82653 0.54191 1.81098
2.32109 -1.86357 1.31734 -1.82703 0.540508 1.81183
2.32124 -1.86358 1.31786 -1.82753 0.539106 1.81268
2.32139 -1.86358 1.31838 -1.82803 0.537703 1.81352
2.32154 -1.86358 1.3189 -1.82853 0.536301 1.81437
2.3217 -1.86359 1.31942 -1.82903 0.534899 1.81522
2.32185 -1.86359 1.31994 -1.82953 0.533497 1.81607
2.322 -1.8636 1.32046 -1.83004 0.532095 1.81691
2.32215 -1.8636 1.32098 -1.83054 0.530692 1.81776
2.3223 -1.8636 1.3215 -1.83104 0.52929 1.81861
2.32245 -1.86361 1.32202 -1.83154 0.527888 1.81945
2.3226 -1.86361 1.32254 -1.83204 0.526486 1.8203
2.32276 -1.86361 1.32306 -1.83254 0.525084 1.82115
2.32291 -1.86362 1.32358 -1.83304 0.523681 1.82199
2.32306 -1.86362 1.3241 -1.83354 0.522279 1.82284
2.32321 -1.86363 1.32462 -1.83404 0.520877 1.82369
2.32336 -1.86363 1.32514 -1.83454 0.519475 1.82453
2.32351 -1.86363 1.32566 -1.83504 0.518073 1.82538
2.32366 -1.86364 1.32618 -1.83554 0.516671 1.82623
2.32382 -1.86364 1.3267 -1.83604 0.515268 1.82708
2.32397 -1.86364 1.32722 -1.83654 0.513866 1.82792
2.32412 -1.86365 1.32774 -1.83705 0.512464 1.82877
2.32427 -1.86365 1.32826 -1.83755 0.511062 1.82962
2.32442 -1.86366 1.32878 -1.83805 0.50966 1.83046
2.32457 -1.86366 1.3293 -1.83855 0.508257 1.83131
2.32472 -1.86366 1.32982 -1.83905 0.506855 1.83216
2.32488 -1.86367 1.33034 -1.83955 0.505453 1.833
2.32503 -1.86367 1.33086 -1.84005 0.504051 1.83385
2.32518 -1.86367 1.33138 -1.84055 0.502649 1.8347
2.32533 -1.86368 1.3319 -1.84105 0.501246 1.83554
2.32548 -1.86368 1.33242 -1.84155 0.499844 1.83639
2.32563 -1.86369 1.33294 -1.84205 0.498442 1.83724
2.32578 -1.86369 1.33346 -1.84255 0.49704 1.83809
2.32594 -1.86369 1.33398 -1.84305 0.495638 1.83893
2.32609 -1.8637 1.3345 -1.84355 0.494235 1.83978
2.32624 -1.8637 1.33502 -1.84405 0.492833 1.84063
2.32639 -1.8637 1.33554 -1.84456 0.491431 1.84147
2.32654 -1.86371 1.33606 -1.84506 0.490029 1.84232
2.32669 -1.86371 1.33658 -1.84556 0.488627 1.84317
2.32684 -1.86371 1.3371 -1.84606 0.487225 1.84401
2.327 -1.86372 1.33762 -1.84656 0.485822 1.84486
2.32715 -1.86372 1.33814 -1.84706 0.48442 1.84571
2.3273 -1.86373 1.33866 -1.84756 0.483018 1.84655
2.32745 -1.86373 1.33918 -1.84806 0.481616 1.8474
2.3276 -1.86373 1.3397 -1.84856 0.480214 1.84825
2.32775 -1.86374 1.34022 -1.84906 0.478811 1.8491
2.3279 -1.86374 1.34074 -1.84956 0.477409 1.84994
2.32806 -1.86374 1.34126 -1.85006 0.476007 1.85079
2.32821 -1.86375 1.34178 -1.85056 0.474605 1.85164
2.32836 -1.86375 1.3423 -1.85106 0.473203 1.85248
2.32851 -1.86376 1.34282 -1.85156 0.4718 1.85333
2.32866 -1.86376 1.34334 -1.85207 0.470398 1.85418
2.32881 -1.86376 1.34386 -1.85257 0.468996 1.85502
2.32896 -1.86377 1.34438 -1.85307 0.467594 1.85587
2.32912 -1.86377 1.3449 -1.85357 0.466192 1.85672
2.32927 -1.86377 1.34542 -1.85407 0.464789 1.85756
2.32942 -1.86378 1.34594 -1.85457 0.463387 1.85841
2.32957 -1.86378 1.34646 -1.85507 0.461985 1.85926
2.32972 -1.86379 1.34698 -1.85557 0.460583 1.8601
2.32987 -1.86379 1.3475 -1.85607 0.459181 1.86095
2.33002 -1.86379 1.34802 -1.85657 0.457778 1.8618
2.33018 -1.8638 1.34854 -1.85707 0.456376 1.86265
2.33033 -1.8638 1.34906 -1.85757 0.454974 1.86349
2.33048 -1.8638 1.34958 -1.85807 0.453572 1.86434
2.33063 -1.86381 1.3501 -1.85857 0.45217 1.86519
2.33078 -1.86381 1.35062 -1.85908 0.450768 1.86603
2.33093 -1.86382 1.35114 -1.85958 0.449365 1.86688
2.33108 -1.86382 1.35166 -1.86008 0.447963 1.86773
2.33124 -1.86382 1.35218 -1.86058 0.446561 1.86857
2.33139 -1.86383 1.3527 -1.86108 0.445159 1.86942
2.33154 -1.86383 1.35322 -1.86158 0.443757 1.87027
2.33169 -1.86383 1.35374 -1.86208 0.442354 1.87111
2.33184 -1.86384 1.35426 -1.86258 0.440952 1.87196
2.33199 -1.86384 1.35478 -1.86308 0.43955 1.87281
2.33214 -1.86385 1.3553 -1.86358 0.438148 1.87366
2.3323 -1.86385 1.35582 -1.86408 0.436746 1.8745
2.33245 -1.86385 1.35634 -1.86458 0.435343 1.87535
2.3326 -1.86386 1.35686 -1.86508 0.433941 1.8762
2.33275 -1.86386 1.35738 -1.86558 0.432539 1.87704
2.3329 -1.86386 1.3579 -1.86608 0.431137 1.87789
2.33305 -1.86387 1.35842 -1.86659 0.429735 1.87874
2.33321 -1.86387 1.35894 -1.86709 0.428332 1.87958
2.33336 -1.86388 1.35946 -1.86759 0.42693 1.88043
2.33351 -1.86388 1.35998 -1.86809 0.425528 1.88128
2.33366 -1.86388 1.3605 -1.86859 0.424126 1.88212
2.33381 -1.86389 1.36102 -1.86909 0.422724 1.88297
2.33396 -1.86389 1.36154 -1.86959 0.421322 1.88382
2.33411 -1.86389 1.36206 -1.87009 0.419919 1.88467
2.33427 -1.8639 1.36258 -1.87059 0.418517 1.88551
2.33442 -1.8639 1.3631 -1.87109 0.417115 1.88636
2.33457 -1.86391 1.36362 -1.87159 0.415713 1.88721
2.33472 -1.86391 1.36414 -1.87209 0.414311 1.88805
2.33487 -1.86391 1.36466 -1.87259 0.412908 1.8889
2.33502 -1.86392 1.36518 -1.87309 0.411506 1.88975
2.33517 -1.86392 1.3657 -1.8736 0.410104 1.89059
2.33533 -1.86392 1.36622 -1.8741 0.408702 1.89144
2.33548 -1.86393 1.36674 -1.8746 0.4073 1.89229
2.33563 -1.86393 1.36726 -1.8751 0.405897 1.89313
2.33578 -1.86394 1.36778 -1.8756 0.404495 1.89398
2.33593 -1.86394 1.3683 -1.8761 0.403093 1.89483
2.33608 -1.86394 1.36882 -1.8766 0.401691 1.89568
2.33623 -1.86395 1.36934 -1.8771 0.400289 1.89652
2.33639 -1.86395 1.36986 -1.8776 0.398886 1.89737
2.33654 -1.86395 1.37038 -1.8781 0.397484 1.89822
2.33669 -1.86396 1.3709 -1.8786 0.396082 1.89906
2.33684 -1.86396 1.37142 -1.8791 0.39468 1.89991
2.33699 -1.86397 1.37194 -1.8796 0.393278 1.90076
2.33714 -1.86397 1.37246 -1.8801 0.391876 1.9016
2.33729 -1.86397 1.37298 -1.8806 0.390473 1.90245
2.33745 -1.86398 1.3735 -1.88111 0.389071 1.9033
2.3376 -1.86398 1.37402 -1.88161 0.387669 1.90414
2.33775 -1.86398 1.37454 -1.88211 0.386267 1.90499
2.3379 -1.86399 1.37506 -1.88261 0.384865 1.90584
2.33805 -1.86399 1.37558 -1.88311 0.383462 1.90669
2.3382 -1.864 1.3761 -1.88361 0.38206 1.90753
2.33835 -1.864 1.37662 -1.88411 0.380658 1.90838
2.33851 -1.864 1.37714 -1.88461 0.379256 1.90923
2.33866 -1.86401 1.37766 -1.88511 0.377854 1.91007
2.33881 -1.86401 1.37818 -1.88561 0.376451 1.91092
2.33896 -1.86401 1.3787 -1.88611 0.375049 1.91177
2.33911 -1.86402 1.37922 -1.88661 0.373647 1.91261
2.33926 -1.86402 1.37974 -1.88711 0.372245 1.91346
2.33941 -1.86403 1.38026 -1.88761 0.370843 1.91431
2.33957 -1.86403 1.38078 -1.88811 0.36944 1.91515
2.33972 -1.86403 1.3813 -1.88862 0.368038 1.916
2.33987 -1.86404 1.38182 -1.88912 0.366636 1.91685
2.34002 -1.86404 1.38234 -1.88962 0.365234 1.91769
2.34017 -1.86404 1.38286 -1.89012 0.363832 1.91854
2.34032 -1.86405 1.38338 -1.89062 0.36243 1.91939
2.34047 -1.86405 1.3839 -1.89112 0.361027 1.92024
2.34063 -1.86405 1.38442 -1.89162 0.359625 1.92108
2.34078 -1.86406 1.38494 -1.89212 0.358223 1.92193
2.34093 -1.86406 1.38546 -1.89262 0.356821 1.92278
2.34108 -1.86407 1.38598 -1.89312 0.355419 1.92362
2.34123 -1.86407 1.3865 -1.89362 0.354016 1.92447
2.34138 -1.86407 1.38702 -1.89412 0.352614 1.92532
2.34153 -1.86408 1.38754 -1.89462 0.351212 1.92616
2.34169 -1.86408 1.38806 -1.89512 0.34981 1.92701
2.34184 -1.86408 1.38858 -1.89563 0.348408 1.92786
2.34199 -1.86409 1.3891 -1.89613 0.347005 1.9287
2.34214 -1.86409 1.38962 -1.89663 0.345603 1.92955
2.34229 -1.8641 1.39014 -1.89713 0.344201 1.9304
2.34244 -1.8641 1.39066 -1.89763 0.342799 1.93125
2.34259 -1.8641 1.39118 -1.89813 0.341397 1.93209
2.34275 -1.86411 1.3917 -1.89863 0.339994 1.93294
2.3429 -1.86411 1.39222 -1.89913 0.338592 1.93379
2.34305 -1.86411 1.39274 -1.89963 0.33719 1.93463
2.3432 -1.86412 1.39326 -1.90013 0.335788 1.93548
2.34335 -1.86412 1.39378 -1.90063 0.334386 1.93633
2.3435 -1.86413 1.3943 -1.90113 0.332984 1.93717
2.34365 -1.86413 1.39482 -1.90163 0.331581 1.93802
2.34381 -1.86413 1.39534 -1.90213 0.330179 1.93887
2.34396 -1.86414 1.39586 -1.90263 0.328777 1.93971
2.34411 -1.86414 1.39638 -1.90314 0.327375 1.94056
2.34426 -1.86414 1.3969 -1.90364 0.325973 1.94141
2.34441 -1.86415 1.39742 -1.90414 0.32457 1.94226
2.34456 -1.86415 1.39794 -1.90464 0.323168 1.9431
2.34471 -1.86416 1.39846 -1.90514 0.321766 1.94395
2.34487 -1.86416 1.39898 -1.90564 0.320364 1.9448
2.34502 -1.86416 1.3995 -1.90614 0.318962 1.94564
2.34517 -1.86417 1.40002 -1.90664 0.317559 1.94649
2.34532 -1.86417 1.40054 -1.90714 0.316157 1.94734
2.34547 -1.86417 1.40106 -1.90764 0.314755 1.94818
2.34562 -1.86418 1.40158 -1.90814 0.313353 1.94903
2.34577 -1.86418 1.4021 -1.90864 0.311951 1.94988
2.34593 -1.86419 1.40262 -1.90914 0.310548 1.95072
2.34608 -1.86419 1.40314 -1.90964 0.309146 1.95157
2.34623 -1.86419 1.40366 -1.91014 0.307744 1.95242
2.34638 -1.8642 1.40418 -1.91065 0.306342 1.95327
2.34653 -1.8642 1.4047 -1.91115 0.30494 1.95411
2.34668 -1.8642 1.40522 -1.91165 0.303538 1.95496
2.34683 -1.86421 1.40574 -1.91215 0.302135 1.95581
2.34699 -1.86421 1.40626 -1.91265 0.300733 1.95665
2.34714 -1.86422 1.40678 -1.91315 0.299331 1.9575
2.34729 -1.86422 1.4073 -1.91365 0.297929 1.95835
2.34744 -1.86422 1.40782 -1.91415 0.296527 1.95919
2.34759 -1.86423 1.40834 -1.91465 0.295124 1.96004
2.34774 -1.86423 1.40886 -1.91515 0.293722 1.96089
2.34789 -1.86423 1.40938 -1.91565 0.29232 1.96173
2.34805 -1.86424 1.4099 -1.91615 0.290918 1.96258
2.3482 -1.86424 1.41042 -1.91665 0.289516 1.96343
2.34835 -1.86425 1.41094 -1.91715 0.288113 1.96428
2.3485 -1.86425 1.41146 -1.91766 0.286711 1.96512
2.34865 -1.86425 1.41198 -1.91816 0.285309 1.96597
2.3488 -1.86426 1.4125 -1.91866 0.283907 1.96682
2.34895 -1.86426 1.41302 -1.91916 0.282505 1.96766
2.34911 -1.86426 1.41354 -1.91966 0.281102 1.96851
2.34926 -1.86427 1.41406 -1.92016 0.2797 1.96936
2.34941 -1.86427 1.41458 -1.92066 0.278298 1.9702
2.34956 -1.86428 1.4151 -1.92116 0.276896 1.97105
2.34971 -1.86428 1.41562 -1.92166 0.275494 1.9719
2.34986 -1.86428 1.41614 -1.92216 0.274092 1.97274
2.35002 -1.86429 1.41666 -1.92266 0.272689 1.97359
2.35017 -1.86429 1.41718 -1.92316 0.271287 1.97444
2.35032 -1.86429 1.4177 -1.92366 0.269885 1.97528
2.35047 -1.8643 1.41822 -1.92416 0.268483 1.97613
2.35062 -1.8643 1.41874 -1.92466 0.267081 1.97698
2.35077 -1.86431 1.41926 -1.92517 0.265678 1.97783
2.35092 -1.86431 1.41978 -1.92567 0.264276 1.97867
2.35108 -1.86431 1.4203 -1.92617 0.262874 1.97952
2.35123 -1.86432 1.42082 -1.92667 0.261472 1.98037
2.35138 -1.86432 1.42134 -1.92717 0.26007 1.98121
2.35153 -1.86432 1.42186 -1.92767 0.258667 1.98206
2.35168 -1.86433 1.42238 -1.92817 0.257265 1.98291
2.35183 -1.86433 1.4229 -1.92867 0.255863 1.98375
2.35198 -1.86434 1.42342 -1.92917 0.254461 1.9846
2.35214 -1.86434 1.42394 -1.92967 0.253059 1.98545
2.35229 -1.86434 1.42446 -1.93017 0.251656 1.98629
2.35244 -1.86435 1.42498 -1.93067 0.250254 1.98714
2.35259 -1.86435 1.4255 -1.93117 0.248852 1.98799
2.35274 -1.86435 1.42602 -1.93167 0.24745 1.98884
2.35289 -1.86436 1.42654 -1.93218 0.246048 1.98968
2.35304 -1.86436 1.42706 -1.93268 0.244645 1.99053
2.3532 -1.86437 1.42758 -1.93318 0.243243 1.99138
2.35335 -1.86437 1.4281 -1.93368 0.241841 1.99222
2.3535 -1.86437 1.42862 -1.93418 0.240439 1.99307
2.35365 -1.86438 1.42914 -1.93468 0.239037 1.99392
2.3538 -1.86438 1.42966 -1.93518 0.237635 1.99476
2.35395 -1.86438 1.43018 -1.93568 0.236232 1.99561
2.3541 -1.86439 1.4307 -1.93618 0.23483 1.99646
2.35426 -1.86439 1.43122 -1.93668 0.233428 1.9973
2.35441 -1.86439 1.43174 -1.93718 0.232026 1.99815
2.35456 -1.8644 1.43226 -1.93768 0.230624 1.999
2.35471 -1.8644 1.43278 -1.93818 0.229221 1.99985
