2.79475 1.82637 -1.22598 2.09265 1.89972 1.05897
2.79439 1.82661 -1.22591 2.09265 1.89972 1.05897
2.79404 1.82686 -1.22585 2.09265 1.89972 1.05897
2.79368 1.8271 -1.22578 2.09265 1.89972 1.05897
2.79333 1.82734 -1.22572 2.09265 1.89972 1.05897
2.79298 1.82758 -1.22565 2.09265 1.89972 1.05897
2.79262 1.82782 -1.22559 2.09265 1.89972 1.05897
2.79227 1.82806 -1.22552 2.09265 1.89972 1.05897
2.79191 1.82831 -1.22546 2.09265 1.89972 1.05897
2.79156 1.82855 -1.22539 2.09265 1.89972 1.05897
2.7912 1.82879 -1.22533 2.09265 1.89972 1.05897
2.79085 1.82903 -1.22526 2.09265 1.89972 1.05897
2.79049 1.82927 -1.2252 2.09265 1.89972 1.05897
2.79014 1.82951 -1.22513 2.09265 1.89972 1.05897
2.78978 1.82975 -1.22507 2.09265 1.89972 1.05897
2.78943 1.83 -1.225 2.09265 1.89972 1.05897
2.78907 1.83024 -1.22494 2.09265 1.89972 1.05897
2.78872 1.83048 -1.22488 2.09265 1.89972 1.05897
2.78836 1.83072 -1.22481 2.09265 1.89972 1.05897
2.78801 1.83096 -1.22475 2.09265 1.89972 1.05897
2.78765 1.8312 -1.22468 2.09265 1.89972 1.05897
2.7873 1.83145 -1.22462 2.09265 1.89972 1.05897
2.78695 1.83169 -1.22455 2.09265 1.89972 1.05897
2.78659 1.83193 -1.22449 2.09265 1.89972 1.05897
2.78624 1.83217 -1.22442 2.09265 1.89972 1.05897
2.78588 1.83241 -1.22436 2.09265 1.89972 1.05897
2.78553 1.83265 -1.22429 2.09265 1.89972 1.05897
2.78517 1.8329 -1.22423 2.09265 1.89972 1.05897
2.78482 1.83314 -1.22416 2.09265 1.89972 1.05897
2.78446 1.83338 -1.2241 2.09265 1.89972 1.05897
2.78411 1.83362 -1.22403 2.09265 1.89972 1.05897
2.78375 1.83386 -1.22397 2.09265 1.89972 1.05897
2.7834 1.8341 -1.2239 2.09265 1.89972 1.05897
2.78304 1.83434 -1.22384 2.09265 1.89972 1.05897
2.78269 1.83459 -1.22378 2.09265 1.89972 1.05897
2.78233 1.83483 -1.22371 2.09265 1.89972 1.05897
2.78198 1.83507 -1.22365 2.09265 1.89972 1.05897
2.78162 1.83531 -1.22358 2.09265 1.89972 1.05897
2.78127 1.83555 -1.22352 2.09265 1.89972 1.05897
2.78092 1.83579 -1.22345 2.09265 1.89972 1.05897
2.78056 1.83604 -1.22339 2.09265 1.89972 1.05897
2.78021 1.83628 -1.22332 2.09265 1.89972 1.05897
2.77985 1.83652 -1.22326 2.09265 1.89972 1.05897
2.7795 1.83676 -1.22319 2.09265 1.89972 1.05897
2.77914 1.837 -1.22313 2.09265 1.89972 1.05897
2.77879 1.83724 -1.22306 2.09265 1.89972 1.05897
2.77843 1.83748 -1.223 2.09265 1.89972 1.05897
2.77808 1.83773 -1.22293 2.09265 1.89972 1.05897
2.77772 1.83797 -1.22287 2.09265 1.89972 1.05897
2.77737 1.83821 -1.2228 2.09265 1.89972 1.05897
2.77701 1.83845 -1.22274 2.09265 1.89972 1.05897
2.77666 1.83869 -1.22268 2.09265 1.89972 1.05897
2.7763 1.83893 -1.22261 2.09265 1.89972 1.05897
2.77595 1.83918 -1.22255 2.09265 1.89972 1.05897
2.77559 1.83942 -1.22248 2.09265 1.89972 1.05897
2.77524 1.83966 -1.22242 2.09265 1.89972 1.05897
2.77489 1.8399 -1.22235 2.09265 1.89972 1.05897
2.77453 1.84014 -1.22229 2.09265 1.89972 1.05897
2.77418 1.84038 -1.22222 2.09265 1.89972 1.05897
2.77382 1.84063 -1.22216 2.09265 1.89972 1.05897
2.77347 1.84087 -1.22209 2.09265 1.89972 1.05897
2.77311 1.84111 -1.22203 2.09265 1.89972 1.05897
2.77276 1.84135 -1.22196 2.09265 1.89972 1.05897
2.7724 1.84159 -1.2219 2.09265 1.89972 1.05897
2.77205 1.84183 -1.22183 2.09265 1.89972 1.05897
2.77169 1.84207 -1.22177 2.09265 1.89972 1.05897
2.77134 1.84232 -1.2217 2.09265 1.89972 1.05897
2.77098 1.84256 -1.22164 2.09265 1.89972 1.05897
2.77063 1.8428 -1.22157 2.09265 1.89972 1.05897
2.77027 1.84304 -1.22151 2.09265 1.89972 1.05897
2.76992 1.84328 -1.22145 2.09265 1.89972 1.05897
2.76956 1.84352 -1.22138 2.09265 1.89972 1.05897
2.76921 1.84377 -1.22132 2.09265 1.89972 1.05897
2.76886 1.84401 -1.22125 2.09265 1.89972 1.05897
2.7685 1.84425 -1.22119 2.09265 1.89972 1.05897
2.76815 1.84449 -1.22112 2.09265 1.89972 1.05897
2.76779 1.84473 -1.22106 2.09265 1.89972 1.05897
2.76744 1.84497 -1.22099 2.09265 1.89972 1.05897
2.76708 1.84521 -1.22093 2.09265 1.89972 1.05897
2.76673 1.84546 -1.22086 2.09265 1.89972 1.05897
2.76637 1.8457 -1.2208 2.09265 1.89972 1.05897
2.76602 1.84594 -1.22073 2.09265 1.89972 1.05897
2.76566 1.84618 -1.22067 2.09265 1.89972 1.05897
2.76531 1.84642 -1.2206 2.09265 1.89972 1.05897
2.76495 1.84666 -1.22054 2.09265 1.89972 1.05897
2.7646 1.84691 -1.22047 2.09265 1.89972 1.05897
2.76424 1.84715 -1.22041 2.09265 1.89972 1.05897
2.76389 1.84739 -1.22035 2.09265 1.89972 1.05897
2.76354 1.84763 -1.22028 2.09265 1.89972 1.05897
2.76318 1.84787 -1.22022 2.09265 1.89972 1.05897
2.76283 1.84811 -1.22015 2.09265 1.89972 1.05897
2.76247 1.84836 -1.22009 2.09265 1.89972 1.05897
2.76212 1.8486 -1.22002 2.09265 1.89972 1.05897
2.76176 1.84884 -1.21996 2.09265 1.89972 1.05897
2.76141 1.84908 -1.21989 2.09265 1.89972 1.05897
2.76105 1.84932 -1.21983 2.09265 1.89972 1.05897
2.7607 1.84956 -1.21976 2.09265 1.89972 1.05897
2.76034 1.8498 -1.2197 2.09265 1.89972 1.05897
2.75999 1.85005 -1.21963 2.09265 1.89972 1.05897
2.75963 1.85029 -1.21957 2.09265 1.89972 1.05897
2.75928 1.85053 -1.2195 2.09265 1.89972 1.05897
2.75892 1.85077 -1.21944 2.09265 1.89972 1.05897
2.75857 1.85101 -1.21937 2.09265 1.89972 1.05897
2.75821 1.85125 -1.21931 2.09265 1.89972 1.05897
2.75786 1.8515 -1.21925 2.09265 1.89972 1.05897
2.75751 1.85174 -1.21918 2.09265 1.89972 1.05897
2.75715 1.85198 -1.21912 2.09265 1.89972 1.05897
2.7568 1.85222 -1.21905 2.09265 1.89972 1.05897
2.75644 1.85246 -1.21899 2.09265 1.89972 1.05897
2.75609 1.8527 -1.21892 2.09265 1.89972 1.05897
2.75573 1.85294 -1.21886 2.09265 1.89972 1.05897
2.75538 1.85319 -1.21879 2.09265 1.89972 1.05897
2.75502 1.85343 -1.21873 2.09265 1.89972 1.05897
2.75467 1.85367 -1.21866 2.09265 1.89972 1.05897
2.75431 1.85391 -1.2186 2.09265 1.89972 1.05897
2.75396 1.85415 -1.21853 2.09265 1.89972 1.05897
2.7536 1.85439 -1.21847 2.09265 1.89972 1.05897
2.75325 1.85464 -1.2184 2.09265 1.89972 1.05897
2.75289 1.85488 -1.21834 2.09265 1.89972 1.05897
2.75254 1.85512 -1.21827 2.09265 1.89972 1.05897
2.75218 1.85536 -1.21821 2.09265 1.89972 1.05897
2.75183 1.8556 -1.21814 2.09265 1.89972 1.05897
2.75148 1.85584 -1.21808 2.09265 1.89972 1.05897
2.75112 1.85608 -1.21802 2.09265 1.89972 1.05897
2.75077 1.85633 -1.21795 2.09265 1.89972 1.05897
2.75041 1.85657 -1.21789 2.09265 1.89972 1.05897
2.75006 1.85681 -1.21782 2.09265 1.89972 1.05897
2.7497 1.85705 -1.21776 2.09265 1.89972 1.05897
2.74935 1.85729 -1.21769 2.09265 1.89972 1.05897
2.74899 1.85753 -1.21763 2.09265 1.89972 1.05897
2.74864 1.85778 -1.21756 2.09265 1.89972 1.05897
2.74828 1.85802 -1.2175 2.09265 1.89972 1.05897
2.74793 1.85826 -1.21743 2.09265 1.89972 1.05897
2.74757 1.8585 -1.21737 2.09265 1.89972 1.05897
2.74722 1.85874 -1.2173 2.09265 1.89972 1.05897
2.74686 1.85898 -1.21724 2.09265 1.89972 1.05897
2.74651 1.85923 -1.21717 2.09265 1.89972 1.05897
2.74615 1.85947 -1.21711 2.09265 1.89972 1.05897
2.7458 1.85971 -1.21704 2.09265 1.89972 1.05897
2.74545 1.85995 -1.21698 2.09265 1.89972 1.05897
2.74509 1.86019 -1.21692 2.09265 1.89972 1.05897
2.74474 1.86043 -1.21685 2.09265 1.89972 1.05897
2.74438 1.86067 -1.21679 2.09265 1.89972 1.05897
2.74403 1.86092 -1.21672 2.09265 1.89972 1.05897
2.74367 1.86116 -1.21666 2.09265 1.89972 1.05897
2.74332 1.8614 -1.21659 2.09265 1.89972 1.05897
2.74296 1.86164 -1.21653 2.09265 1.89972 1.05897
2.74261 1.86188 -1.21646 2.09265 1.89972 1.05897
2.74225 1.86212 -1.2164 2.09265 1.89972 1.05897
2.7419 1.86237 -1.21633 2.09265 1.89972 1.05897
2.74154 1.86261 -1.21627 2.09265 1.89972 1.05897
2.74119 1.86285 -1.2162 2.09265 1.89972 1.05897
2.74083 1.86309 -1.21614 2.09265 1.89972 1.05897
2.74048 1.86333 -1.21607 2.09265 1.89972 1.05897
2.74012 1.86357 -1.21601 2.09265 1.89972 1.05897
2.73977 1.86381 -1.21594 2.09265 1.89972 1.05897
2.73942 1.86406 -1.21588 2.09265 1.89972 1.05897
2.73906 1.8643 -1.21581 2.09265 1.89972 1.05897
2.73871 1.86454 -1.21575 2.09265 1.89972 1.05897
2.73835 1.86478 -1.21569 2.09265 1.89972 1.05897
2.738 1.86502 -1.21562 2.09265 1.89972 1.05897
2.73764 1.86526 -1.21556 2.09265 1.89972 1.05897
2.73729 1.86551 -1.21549 2.09265 1.89972 1.05897
2.73693 1.86575 -1.21543 2.09265 1.89972 1.05897
2.73658 1.86599 -1.21536 2.09265 1.89972 1.05897
2.73622 1.86623 -1.2153 2.09265 1.89972 1.05897
2.73587 1.86647 -1.21523 2.09265 1.89972 1.05897
2.73551 1.86671 -1.21517 2.09265 1.89972 1.05897
2.73516 1.86696 -1.2151 2.09265 1.89972 1.05897
2.7348 1.8672 -1.21504 2.09265 1.89972 1.05897
2.73445 1.86744 -1.21497 2.09265 1.89972 1.05897
2.73409 1.86768 -1.21491 2.09265 1.89972 1.05897
2.73374 1.86792 -1.21484 2.09265 1.89972 1.05897
2.73339 1.86816 -1.21478 2.09265 1.89972 1.05897
2.73303 1.8684 -1.21471 2.09265 1.89972 1.05897
2.73268 1.86865 -1.21465 2.09265 1.89972 1.05897
2.73232 1.86889 -1.21459 2.09265 1.89972 1.05897
2.73197 1.86913 -1.21452 2.09265 1.89972 1.05897
2.73161 1.86937 -1.21446 2.09265 1.89972 1.05897
2.73126 1.86961 -1.21439 2.09265 1.89972 1.05897
2.7309 1.86985 -1.21433 2.09265 1.89972 1.05897
2.73055 1.8701 -1.21426 2.09265 1.89972 1.05897
2.73019 1.87034 -1.2142 2.09265 1.89972 1.05897
2.72984 1.87058 -1.21413 2.09265 1.89972 1.05897
2.72948 1.87082 -1.21407 2.09265 1.89972 1.05897
2.72913 1.87106 -1.214 2.09265 1.89972 1.05897
2.72877 1.8713 -1.21394 2.09265 1.89972 1.05897
2.72842 1.87154 -1.21387 2.09265 1.89972 1.05897
2.72806 1.87179 -1.21381 2.09265 1.89972 1.05897
2.72771 1.87203 -1.21374 2.09265 1.89972 1.05897
2.72736 1.87227 -1.21368 2.09265 1.89972 1.05897
2.727 1.87251 -1.21361 2.09265 1.89972 1.05897
2.72665 1.87275 -1.21355 2.09265 1.89972 1.05897
2.72629 1.87299 -1.21349 2.09265 1.89972 1.05897
2.72594 1.87324 -1.21342 2.09265 1.89972 1.05897
2.72558 1.87348 -1.21336 2.09265 1.89972 1.05897
2.72523 1.87372 -1.21329 2.09265 1.89972 1.05897
2.72487 1.87396 -1.21323 2.09265 1.89972 1.05897
2.72452 1.8742 -1.21316 2.09265 1.89972 1.05897
2.72416 1.87444 -1.2131 2.09265 1.89972 1.05897
2.72381 1.87469 -1.21303 2.09265 1.89972 1.05897
2.72345 1.87493 -1.21297 2.09265 1.89972 1.05897
2.7231 1.87517 -1.2129 2.09265 1.89972 1.05897
2.72274 1.87541 -1.21284 2.09265 1.89972 1.05897
2.72239 1.87565 -1.21277 2.09265 1.89972 1.05897
2.72203 1.87589 -1.21271 2.09265 1.89972 1.05897
2.72168 1.87613 -1.21264 2.09265 1.89972 1.05897
2.72133 1.87638 -1.21258 2.09265 1.89972 1.05897
2.72097 1.87662 -1.21251 2.09265 1.89972 1.05897
2.72062 1.87686 -1.21245 2.09265 1.89972 1.05897
2.72026 1.8771 -1.21238 2.09265 1.89972 1.05897
2.71991 1.87734 -1.21232 2.09265 1.89972 1.05897
2.71955 1.87758 -1.21226 2.09265 1.89972 1.05897
2.7192 1.87783 -1.21219 2.09265 1.89972 1.05897
2.71884 1.87807 -1.21213 2.09265 1.89972 1.05897
2.71849 1.87831 -1.21206 2.09265 1.89972 1.05897
2.71813 1.87855 -1.212 2.09265 1.89972 1.05897
2.71778 1.87879 -1.21193 2.09265 1.89972 1.05897
2.71742 1.87903 -1.21187 2.09265 1.89972 1.05897
2.71707 1.87927 -1.2118 2.09265 1.89972 1.05897
2.71671 1.87952 -1.21174 2.09265 1.89972 1.05897
2.71636 1.87976 -1.21167 2.09265 1.89972 1.05897
2.716 1.88 -1.21161 2.09265 1.89972 1.05897
2.71565 1.88024 -1.21154 2.09265 1.89972 1.05897
2.7153 1.88048 -1.21148 2.09265 1.89972 1.05897
2.71494 1.88072 -1.21141 2.09265 1.89972 1.05897
2.71459 1.88097 -1.21135 2.09265 1.89972 1.05897
2.71423 1.88121 -1.21128 2.09265 1.89972 1.05897
2.71388 1.88145 -1.21122 2.09265 1.89972 1.05897
2.71352 1.88169 -1.21116 2.09265 1.89972 1.05897
2.71317 1.88193 -1.21109 2.09265 1.89972 1.05897
2.71281 1.88217 -1.21103 2.09265 1.89972 1.05897
2.71246 1.88242 -1.21096 2.09265 1.89972 1.05897
2.7121 1.88266 -1.2109 2.09265 1.89972 1.05897
2.71175 1.8829 -1.21083 2.09265 1.89972 1.05897
2.71139 1.88314 -1.21077 2.09265 1.89972 1.05897
2.71104 1.88338 -1.2107 2.09265 1.89972 1.05897
2.71068 1.88362 -1.21064 2.09265 1.89972 1.05897
2.71033 1.88386 -1.21057 2.09265 1.89972 1.05897
2.70997 1.88411 -1.21051 2.09265 1.89972 1.05897
2.70962 1.88435 -1.21044 2.09265 1.89972 1.05897
2.70927 1.88459 -1.21038 2.09265 1.89972 1.05897
2.70891 1.88483 -1.21031 2.09265 1.89972 1.05897
2.70856 1.88507 -1.21025 2.09265 1.89972 1.05897
2.7082 1.88531 -1.21018 2.09265 1.89972 1.05897
2.70785 1.88556 -1.21012 2.09265 1.89972 1.05897
2.70749 1.8858 -1.21006 2.09265 1.89972 1.05897
2.70714 1.88604 -1.20999 2.09265 1.89972 1.05897
2.70678 1.88628 -1.20993 2.09265 1.89972 1.05897
2.70643 1.88652 -1.20986 2.09265 1.89972 1.05897
2.70607 1.88676 -1.2098 2.09265 1.89972 1.05897
2.70572 1.887 -1.20973 2.09265 1.89972 1.05897
2.70536 1.88725 -1.20967 2.09265 1.89972 1.05897
2.70501 1.88749 -1.2096 2.09265 1.89972 1.05897
2.70465 1.88773 -1.20954 2.09265 1.89972 1.05897
2.7043 1.88797 -1.20947 2.09265 1.89972 1.05897
2.70394 1.88821 -1.20941 2.09265 1.89972 1.05897
2.70359 1.88845 -1.20934 2.09265 1.89972 1.05897
2.70324 1.8887 -1.20928 2.09265 1.89972 1.05897
2.70288 1.88894 -1.20921 2.09265 1.89972 1.05897
2.70253 1.88918 -1.20915 2.09265 1.89972 1.05897
2.70217 1.88942 -1.20908 2.09265 1.89972 1.05897
2.70182 1.88966 -1.20902 2.09265 1.89972 1.05897
2.70146 1.8899 -1.20895 2.09265 1.89972 1.05897
2.70111 1.89014 -1.20889 2.09265 1.89972 1.05897
2.70075 1.89039 -1.20883 2.09265 1.89972 1.05897
2.7004 1.89063 -1.20876 2.09265 1.89972 1.05897
2.70004 1.89087 -1.2087 2.09265 1.89972 1.05897
2.69969 1.89111 -1.20863 2.09265 1.89972 1.05897
2.69933 1.89135 -1.20857 2.09265 1.89972 1.05897
2.69898 1.89159 -1.2085 2.09265 1.89972 1.05897
2.69862 1.89184 -1.20844 2.09265 1.89972 1.05897
2.69827 1.89208 -1.20837 2.09265 1.89972 1.05897
2.69791 1.89232 -1.20831 2.09265 1.89972 1.05897
2.69756 1.89256 -1.20824 2.09265 1.89972 1.05897
2.69721 1.8928 -1.20818 2.09265 1.89972 1.05897
2.69685 1.89304 -1.20811 2.09265 1.89972 1.05897
2.6965 1.89329 -1.20805 2.09265 1.89972 1.05897
2.69614 1.89353 -1.20798 2.09265 1.89972 1.05897
2.69579 1.89377 -1.20792 2.09265 1.89972 1.05897
2.69543 1.89401 -1.20785 2.09265 1.89972 1.05897
2.69508 1.89425 -1.20779 2.09265 1.89972 1.05897
2.69472 1.89449 -1.20773 2.09265 1.89972 1.05897
2.69437 1.89473 -1.20766 2.09265 1.89972 1.05897
2.69401 1.89498 -1.2076 2.09265 1.89972 1.05897
2.69366 1.89522 -1.20753 2.09265 1.89972 1.05897
2.6933 1.89546 -1.20747 2.09265 1.89972 1.05897
2.69295 1.8957 -1.2074 2.09265 1.89972 1.05897
2.69259 1.89594 -1.20734 2.09265 1.89972 1.05897
2.69224 1.89618 -1.20727 2.09265 1.89972 1.05897
2.69189 1.89643 -1.20721 2.09265 1.89972 1.05897
2.69153 1.89667 -1.20714 2.09265 1.89972 1.05897
2.69118 1.89691 -1.20708 2.09265 1.89972 1.05897
2.69082 1.89715 -1.20701 2.09265 1.89972 1.05897
2.69047 1.89739 -1.20695 2.09265 1.89972 1.05897
2.69011 1.89763 -1.20688 2.09265 1.89972 1.05897
2.68976 1.89787 -1.20682 2.09265 1.89972 1.05897
2.6894 1.89812 -1.20675 2.09265 1.89972 1.05897
2.68905 1.89836 -1.20669 2.09265 1.89972 1.05897
2.68869 1.8986 -1.20663 2.09265 1.89972 1.05897
2.68834 1.89884 -1.20656 2.09265 1.89972 1.05897
2.68798 1.89908 -1.2065 2.09265 1.89972 1.05897
2.68763 1.89932 -1.20643 2.09265 1.89972 1.05897
2.68727 1.89957 -1.20637 2.09265 1.89972 1.05897
2.68692 1.89981 -1.2063 2.09265 1.89972 1.05897
2.68656 1.90005 -1.20624 2.09265 1.89972 1.05897
2.68621 1.90029 -1.20617 2.09265 1.89972 1.05897
2.68586 1.90053 -1.20611 2.09265 1.89972 1.05897
2.6855 1.90077 -1.20604 2.09265 1.89972 1.05897
2.68515 1.90102 -1.20598 2.09265 1.89972 1.05897
2.68479 1.90126 -1.20591 2.09265 1.89972 1.05897
2.68444 1.9015 -1.20585 2.09265 1.89972 1.05897
2.68408 1.90174 -1.20578 2.09265 1.89972 1.05897
2.68373 1.90198 -1.20572 2.09265 1.89972 1.05897
2.68337 1.90222 -1.20565 2.09265 1.89972 1.05897
2.68302 1.90246 -1.20559 2.09265 1.89972 1.05897
2.68266 1.90271 -1.20552 2.09265 1.89972 1.05897
2.68231 1.90295 -1.20546 2.09265 1.89972 1.05897
2.68195 1.90319 -1.2054 2.09265 1.89972 1.05897
2.6816 1.90343 -1.20533 2.09265 1.89972 1.05897
2.68124 1.90367 -1.20527 2.09265 1.89972 1.05897
2.68089 1.90391 -1.2052 2.09265 1.89972 1.05897
2.68053 1.90416 -1.20514 2.09265 1.89972 1.05897
2.68018 1.9044 -1.20507 2.09265 1.89972 1.05897
2.67983 1.90464 -1.20501 2.09265 1.89972 1.05897
2.67947 1.90488 -1.20494 2.09265 1.89972 1.05897
2.67912 1.90512 -1.20488 2.09265 1.89972 1.05897
2.67876 1.90536 -1.20481 2.09265 1.89972 1.05897
2.67841 1.9056 -1.20475 2.09265 1.89972 1.05897
2.67805 1.90585 -1.20468 2.09265 1.89972 1.05897
2.6777 1.90609 -1.20462 2.09265 1.89972 1.05897
2.67734 1.90633 -1.20455 2.09265 1.89972 1.05897
2.67699 1.90657 -1.20449 2.09265 1.89972 1.05897
2.67663 1.90681 -1.20442 2.09265 1.89972 1.05897
2.67628 1.90705 -1.20436 2.09265 1.89972 1.05897
2.67592 1.9073 -1.2043 2.09265 1.89972 1.05897
2.67557 1.90754 -1.20423 2.09265 1.89972 1.05897
2.67521 1.90778 -1.20417 2.09265 1.89972 1.05897
2.67486 1.90802 -1.2041 2.09265 1.89972 1.05897
2.6745 1.90826 -1.20404 2.09265 1.89972 1.05897
2.67415 1.9085 -1.20397 2.09265 1.89972 1.05897
2.6738 1.90875 -1.20391 2.09265 1.89972 1.05897
2.67344 1.90899 -1.20384 2.09265 1.89972 1.05897
2.67309 1.90923 -1.20378 2.09265 1.89972 1.05897
2.67273 1.90947 -1.20371 2.09265 1.89972 1.05897
2.67238 1.90971 -1.20365 2.09265 1.89972 1.05897
2.67202 1.90995 -1.20358 2.09265 1.89972 1.05897
2.67167 1.91019 -1.20352 2.09265 1.89972 1.05897
2.67131 1.91044 -1.20345 2.09265 1.89972 1.05897
2.67096 1.91068 -1.20339 2.09265 1.89972 1.05897
2.6706 1.91092 -1.20332 2.09265 1.89972 1.05897
2.67025 1.91116 -1.20326 2.09265 1.89972 1.05897
2.66989 1.9114 -1.2032 2.09265 1.89972 1.05897
2.66954 1.91164 -1.20313 2.09265 1.89972 1.05897
2.66918 1.91189 -1.20307 2.09265 1.89972 1.05897
2.66883 1.91213 -1.203 2.09265 1.89972 1.05897
2.66847 1.91237 -1.20294 2.09265 1.89972 1.05897
2.66812 1.91261 -1.20287 2.09265 1.89972 1.05897
2.66777 1.91285 -1.20281 2.09265 1.89972 1.05897
2.66741 1.91309 -1.20274 2.09265 1.89972 1.05897
2.66706 1.91333 -1.20268 2.09265 1.89972 1.05897
2.6667 1.91358 -1.20261 2.09265 1.89972 1.05897
2.66635 1.91382 -1.20255 2.09265 1.89972 1.05897
2.66599 1.91406 -1.20248 2.09265 1.89972 1.05897
2.66564 1.9143 -1.20242 2.09265 1.89972 1.05897
2.66528 1.91454 -1.20235 2.09265 1.89972 1.05897
2.66493 1.91478 -1.20229 2.09265 1.89972 1.05897
2.66457 1.91503 -1.20222 2.09265 1.89972 1.05897
2.66422 1.91527 -1.20216 2.09265 1.89972 1.05897
2.66386 1.91551 -1.20209 2.09265 1.89972 1.05897
2.66351 1.91575 -1.20203 2.09265 1.89972 1.05897
2.66315 1.91599 -1.20197 2.09265 1.89972 1.05897
2.6628 1.91623 -1.2019 2.09265 1.89972 1.05897
2.66244 1.91648 -1.20184 2.09265 1.89972 1.05897
2.66209 1.91672 -1.20177 2.09265 1.89972 1.05897
2.66174 1.91696 -1.20171 2.09265 1.89972 1.05897
2.66138 1.9172 -1.20164 2.09265 1.89972 1.05897
2.66103 1.91744 -1.20158 2.09265 1.89972 1.05897
2.66067 1.91768 -1.20151 2.09265 1.89972 1.05897
2.66032 1.91792 -1.20145 2.09265 1.89972 1.05897
2.65996 1.91817 -1.20138 2.09265 1.89972 1.05897
2.65961 1.91841 -1.20132 2.09265 1.89972 1.05897
2.65925 1.91865 -1.20125 2.09265 1.89972 1.05897
2.6589 1.91889 -1.20119 2.09265 1.89972 1.05897
2.65854 1.91913 -1.20112 2.09265 1.89972 1.05897
2.65819 1.91937 -1.20106 2.09265 1.89972 1.05897
2.65783 1.91962 -1.20099 2.09265 1.89972 1.05897
2.65748 1.91986 -1.20093 2.09265 1.89972 1.05897
2.65712 1.9201 -1.20087 2.09265 1.89972 1.05897
2.65677 1.92034 -1.2008 2.09265 1.89972 1.05897
2.65641 1.92058 -1.20074 2.09265 1.89972 1.05897
2.65606 1.92082 -1.20067 2.09265 1.89972 1.05897
2.65571 1.92106 -1.20061 2.09265 1.89972 1.05897
2.65535 1.92131 -1.20054 2.09265 1.89972 1.05897
2.655 1.92155 -1.20048 2.09265 1.89972 1.05897
2.65464 1.92179 -1.20041 2.09265 1.89972 1.05897
2.65429 1.92203 -1.20035 2.09265 1.89972 1.05897
2.65393 1.92227 -1.20028 2.09265 1.89972 1.05897
2.65358 1.92251 -1.20022 2.09265 1.89972 1.05897
2.65322 1.92276 -1.20015 2.09265 1.89972 1.05897
2.65287 1.923 -1.20009 2.09265 1.89972 1.05897
2.65251 1.92324 -1.20002 2.09265 1.89972 1.05897
2.65216 1.92348 -1.19996 2.09265 1.89972 1.05897
2.6518 1.92372 -1.19989 2.09265 1.89972 1.05897
2.65145 1.92396 -1.19983 2.09265 1.89972 1.05897
2.65109 1.9242 -1.19976 2.09265 1.89972 1.05897
2.65074 1.92445 -1.1997 2.09265 1.89972 1.05897
2.65038 1.92469 -1.19964 2.09265 1.89972 1.05897
2.65003 1.92493 -1.19957 2.09265 1.89972 1.05897
2.64968 1.92517 -1.19951 2.09265 1.89972 1.05897
2.64932 1.92541 -1.19944 2.09265 1.89972 1.05897
2.64897 1.92565 -1.19938 2.09265 1.89972 1.05897
2.64861 1.9259 -1.19931 2.09265 1.89972 1.05897
2.64826 1.92614 -1.19925 2.09265 1.89972 1.05897
2.6479 1.92638 -1.19918 2.09265 1.89972 1.05897
2.64755 1.92662 -1.19912 2.09265 1.89972 1.05897
2.64719 1.92686 -1.19905 2.09265 1.89972 1.05897
2.64684 1.9271 -1.19899 2.09265 1.89972 1.05897
2.64648 1.92735 -1.19892 2.09265 1.89972 1.05897
2.64613 1.92759 -1.19886 2.09265 1.89972 1.05897
2.64577 1.92783 -1.19879 2.09265 1.89972 1.05897
2.64542 1.92807 -1.19873 2.09265 1.89972 1.05897
2.64506 1.92831 -1.19866 2.09265 1.89972 1.05897
2.64471 1.92855 -1.1986 2.09265 1.89972 1.05897
2.64435 1.92879 -1.19854 2.09265 1.89972 1.05897
2.644 1.92904 -1.19847 2.09265 1.89972 1.05897
2.64365 1.92928 -1.19841 2.09265 1.89972 1.05897
2.64329 1.92952 -1.19834 2.09265 1.89972 1.05897
2.64294 1.92976 -1.19828 2.09265 1.89972 1.05897
2.64258 1.93 -1.19821 2.09265 1.89972 1.05897
2.64223 1.93024 -1.19815 2.09265 1.89972 1.05897
2.64187 1.93049 -1.19808 2.09265 1.89972 1.05897
2.64152 1.93073 -1.19802 2.09265 1.89972 1.05897
2.64116 1.93097 -1.19795 2.09265 1.89972 1.05897
2.64081 1.93121 -1.19789 2.09265 1.89972 1.05897
2.64045 1.93145 -1.19782 2.09265 1.89972 1.05897
2.6401 1.93169 -1.19776 2.09265 1.89972 1.05897
2.63974 1.93193 -1.19769 2.09265 1.89972 1.05897
2.63939 1.93218 -1.19763 2.09265 1.89972 1.05897
2.63903 1.93242 -1.19756 2.09265 1.89972 1.05897
2.63868 1.93266 -1.1975 2.09265 1.89972 1.05897
2.63832 1.9329 -1.19744 2.09265 1.89972 1.05897
2.63797 1.93314 -1.19737 2.09265 1.89972 1.05897
2.63762 1.93338 -1.19731 2.09265 1.89972 1.05897
2.63726 1.93363 -1.19724 2.09265 1.89972 1.05897
2.63691 1.93387 -1.19718 2.09265 1.89972 1.05897
2.63655 1.93411 -1.19711 2.09265 1.89972 1.05897
2.6362 1.93435 -1.19705 2.09265 1.89972 1.05897
2.63584 1.93459 -1.19698 2.09265 1.89972 1.05897
2.63549 1.93483 -1.19692 2.09265 1.89972 1.05897
2.63513 1.93508 -1.19685 2.09265 1.89972 1.05897
2.63478 1.93532 -1.19679 2.09265 1.89972 1.05897
2.63442 1.93556 -1.19672 2.09265 1.89972 1.05897
2.63407 1.9358 -1.19666 2.09265 1.89972 1.05897
2.63371 1.93604 -1.19659 2.09265 1.89972 1.05897
2.63336 1.93628 -1.19653 2.09265 1.89972 1.05897
2.633 1.93652 -1.19646 2.09265 1.89972 1.05897
2.63265 1.93677 -1.1964 2.09265 1.89972 1.05897
2.63229 1.93701 -1.19633 2.09265 1.89972 1.05897
2.63194 1.93725 -1.19627 2.09265 1.89972 1.05897
2.63159 1.93749 -1.19621 2.09265 1.89972 1.05897
2.63123 1.93773 -1.19614 2.09265 1.89972 1.05897
2.63088 1.93797 -1.19608 2.09265 1.89972 1.05897
2.63052 1.93822 -1.19601 2.09265 1.89972 1.05897
2.63017 1.93846 -1.19595 2.09265 1.89972 1.05897
2.62981 1.9387 -1.19588 2.09265 1.89972 1.05897
2.62946 1.93894 -1.19582 2.09265 1.89972 1.05897
2.6291 1.93918 -1.19575 2.09265 1.89972 1.05897
2.62875 1.93942 -1.19569 2.09265 1.89972 1.05897
2.62839 1.93966 -1.19562 2.09265 1.89972 1.05897
2.62804 1.93991 -1.19556 2.09265 1.89972 1.05897
2.62768 1.94015 -1.19549 2.09265 1.89972 1.05897
2.62733 1.94039 -1.19543 2.09265 1.89972 1.05897
2.62697 1.94063 -1.19536 2.09265 1.89972 1.05897
2.62662 1.94087 -1.1953 2.09265 1.89972 1.05897
2.62627 1.94111 -1.19523 2.09265 1.89972 1.05897
2.62591 1.94136 -1.19517 2.09265 1.89972 1.05897
2.62556 1.9416 -1.19511 2.09265 1.89972 1.05897
2.6252 1.94184 -1.19504 2.09265 1.89972 1.05897
2.62485 1.94208 -1.19498 2.09265 1.89972 1.05897
2.62449 1.94232 -1.19491 2.09265 1.89972 1.05897
2.62414 1.94256 -1.19485 2.09265 1.89972 1.05897
2.62378 1.94281 -1.19478 2.09265 1.89972 1.05897
2.62343 1.94305 -1.19472 2.09265 1.89972 1.05897
2.62307 1.94329 -1.19465 2.09265 1.89972 1.05897
2.62272 1.94353 -1.19459 2.09265 1.89972 1.05897
2.62236 1.94377 -1.19452 2.09265 1.89972 1.05897
2.62201 1.94401 -1.19446 2.09265 1.89972 1.05897
2.62165 1.94425 -1.19439 2.09265 1.89972 1.05897
2.6213 1.9445 -1.19433 2.09265 1.89972 1.05897
2.62094 1.94474 -1.19426 2.09265 1.89972 1.05897
2.62059 1.94498 -1.1942 2.09265 1.89972 1.05897
2.62024 1.94522 -1.19413 2.09265 1.89972 1.05897
2.61988 1.94546 -1.19407 2.09265 1.89972 1.05897
2.61953 1.9457 -1.19401 2.09265 1.89972 1.05897
2.61917 1.94595 -1.19394 2.09265 1.89972 1.05897
2.61882 1.94619 -1.19388 2.09265 1.89972 1.05897
2.61846 1.94643 -1.19381 2.09265 1.89972 1.05897
2.61811 1.94667 -1.19375 2.09265 1.89972 1.05897
2.61775 1.94691 -1.19368 2.09265 1.89972 1.05897
2.6174 1.94715 -1.19362 2.09265 1.89972 1.05897
2.61704 1.94739 -1.19355 2.09265 1.89972 1.05897
2.61669 1.94764 -1.19349 2.09265 1.89972 1.05897
2.61633 1.94788 -1.19342 2.09265 1.89972 1.05897
2.61598 1.94812 -1.19336 2.09265 1.89972 1.05897
2.61562 1.94836 -1.19329 2.09265 1.89972 1.05897
2.61527 1.9486 -1.19323 2.09265 1.89972 1.05897
2.61491 1.94884 -1.19316 2.09265 1.89972 1.05897
2.61456 1.94909 -1.1931 2.09265 1.89972 1.05897
2.61421 1.94933 -1.19303 2.09265 1.89972 1.05897
2.61385 1.94957 -1.19297 2.09265 1.89972 1.05897
2.6135 1.94981 -1.1929 2.09265 1.89972 1.05897
2.61314 1.95005 -1.19284 2.09265 1.89972 1.05897
2.61279 1.95029 -1.19278 2.09265 1.89972 1.05897
2.61243 1.95054 -1.19271 2.09265 1.89972 1.05897
2.61208 1.95078 -1.19265 2.09265 1.89972 1.05897
2.61172 1.95102 -1.19258 2.09265 1.89972 1.05897
2.61137 1.95126 -1.19252 2.09265 1.89972 1.05897
2.61101 1.9515 -1.19245 2.09265 1.89972 1.05897
2.61066 1.95174 -1.19239 2.09265 1.89972 1.05897
2.6103 1.95198 -1.19232 2.09265 1.89972 1.05897
2.60995 1.95223 -1.19226 2.09265 1.89972 1.05897
2.60959 1.95247 -1.19219 2.09265 1.89972 1.05897
2.60924 1.95271 -1.19213 2.09265 1.89972 1.05897
2.60888 1.95295 -1.19206 2.09265 1.89972 1.05897
2.60853 1.95319 -1.192 2.09265 1.89972 1.05897
2.60818 1.95343 -1.19193 2.09265 1.89972 1.05897
2.60782 1.95368 -1.19187 2.09265 1.89972 1.05897
2.60747 1.95392 -1.1918 2.09265 1.89972 1.05897
2.60711 1.95416 -1.19174 2.09265 1.89972 1.05897
2.60676 1.9544 -1.19168 2.09265 1.89972 1.05897
2.6064 1.95464 -1.19161 2.09265 1.89972 1.05897
2.60605 1.95488 -1.19155 2.09265 1.89972 1.05897
2.60569 1.95512 -1.19148 2.09265 1.89972 1.05897
2.60534 1.95537 -1.19142 2.09265 1.89972 1.05897
2.60498 1.95561 -1.19135 2.09265 1.89972 1.05897
2.60463 1.95585 -1.19129 2.09265 1.89972 1.05897
2.60427 1.95609 -1.19122 2.09265 1.89972 1.05897
2.60392 1.95633 -1.19116 2.09265 1.89972 1.05897
2.60356 1.95657 -1.19109 2.09265 1.89972 1.05897
2.60321 1.95682 -1.19103 2.09265 1.89972 1.05897
2.60285 1.95706 -1.19096 2.09265 1.89972 1.05897
2.6025 1.9573 -1.1909 2.09265 1.89972 1.05897
2.60215 1.95754 -1.19083 2.09265 1.89972 1.05897
2.60179 1.95778 -1.19077 2.09265 1.89972 1.05897
2.60144 1.95802 -1.1907 2.09265 1.89972 1.05897
2.60108 1.95826 -1.19064 2.09265 1.89972 1.05897
2.60073 1.95851 -1.19058 2.09265 1.89972 1.05897
2.60037 1.95875 -1.19051 2.09265 1.89972 1.05897
2.60002 1.95899 -1.19045 2.09265 1.89972 1.05897
2.59966 1.95923 -1.19038 2.09265 1.89972 1.05897
2.59931 1.95947 -1.19032 2.09265 1.89972 1.05897
2.59895 1.95971 -1.19025 2.09265 1.89972 1.05897
2.5986 1.95996 -1.19019 2.09265 1.89972 1.05897
2.59824 1.9602 -1.19012 2.09265 1.89972 1.05897
2.59789 1.96044 -1.19006 2.09265 1.89972 1.05897
2.59753 1.96068 -1.18999 2.09265 1.89972 1.05897
2.59718 1.96092 -1.18993 2.09265 1.89972 1.05897
2.59682 1.96116 -1.18986 2.09265 1.89972 1.05897
2.59647 1.96141 -1.1898 2.09265 1.89972 1.05897
2.59612 1.96165 -1.18973 2.09265 1.89972 1.05897
2.59576 1.96189 -1.18967 2.09265 1.89972 1.05897
2.59541 1.96213 -1.1896 2.09265 1.89972 1.05897
2.59505 1.96237 -1.18954 2.09265 1.89972 1.05897
2.5947 1.96261 -1.18947 2.09265 1.89972 1.05897
2.59434 1.96285 -1.18941 2.09265 1.89972 1.05897
2.59399 1.9631 -1.18935 2.09265 1.89972 1.05897
2.59363 1.96334 -1.18928 2.09265 1.89972 1.05897
2.59328 1.96358 -1.18922 2.09265 1.89972 1.05897
2.59292 1.96382 -1.18915 2.09265 1.89972 1.05897
2.59257 1.96406 -1.18909 2.09265 1.89972 1.05897
2.59221 1.9643 -1.18902 2.09265 1.89972 1.05897
2.59186 1.96455 -1.18896 2.09265 1.89972 1.05897
2.5915 1.96479 -1.18889 2.09265 1.89972 1.05897
2.59115 1.96503 -1.18883 2.09265 1.89972 1.05897
2.59079 1.96527 -1.18876 2.09265 1.89972 1.05897
2.59044 1.96551 -1.1887 2.09265 1.89972 1.05897
2.59009 1.96575 -1.18863 2.09265 1.89972 1.05897
2.58973 1.96599 -1.18857 2.09265 1.89972 1.05897
2.58938 1.96624 -1.1885 2.09265 1.89972 1.05897
2.58902 1.96648 -1.18844 2.09265 1.89972 1.05897
2.58867 1.96672 -1.18837 2.09265 1.89972 1.05897
2.58831 1.96696 -1.18831 2.09265 1.89972 1.05897
2.58796 1.9672 -1.18825 2.09265 1.89972 1.05897
2.5876 1.96744 -1.18818 2.09265 1.89972 1.05897
2.58725 1.96769 -1.18812 2.09265 1.89972 1.05897
2.58689 1.96793 -1.18805 2.09265 1.89972 1.05897
2.58654 1.96817 -1.18799 2.09265 1.89972 1.05897
2.58618 1.96841 -1.18792 2.09265 1.89972 1.05897
2.58583 1.96865 -1.18786 2.09265 1.89972 1.05897
2.58547 1.96889 -1.18779 2.09265 1.89972 1.05897
2.58512 1.96914 -1.18773 2.09265 1.89972 1.05897
2.58476 1.96938 -1.18766 2.09265 1.89972 1.05897
2.58441 1.96962 -1.1876 2.09265 1.89972 1.05897
2.58406 1.96986 -1.18753 2.09265 1.89972 1.05897
2.5837 1.9701 -1.18747 2.09265 1.89972 1.05897
2.58335 1.97034 -1.1874 2.09265 1.89972 1.05897
2.58299 1.97058 -1.18734 2.09265 1.89972 1.05897
2.58264 1.97083 -1.18727 2.09265 1.89972 1.05897
2.58228 1.97107 -1.18721 2.09265 1.89972 1.05897
2.58193 1.97131 -1.18714 2.09265 1.89972 1.05897
2.58157 1.97155 -1.18708 2.09265 1.89972 1.05897
2.58122 1.97179 -1.18702 2.09265 1.89972 1.05897
2.58086 1.97203 -1.18695 2.09265 1.89972 1.05897
2.58051 1.97228 -1.18689 2.09265 1.89972 1.05897
2.58015 1.97252 -1.18682 2.09265 1.89972 1.05897
2.5798 1.97276 -1.18676 2.09265 1.89972 1.05897
2.57944 1.973 -1.18669 2.09265 1.89972 1.05897
2.57909 1.97324 -1.18663 2.09265 1.89972 1.05897
2.57873 1.97348 -1.18656 2.09265 1.89972 1.05897
2.57838 1.97372 -1.1865 2.09265 1.89972 1.05897
2.57803 1.97397 -1.18643 2.09265 1.89972 1.05897
2.57767 1.97421 -1.18637 2.09265 1.89972 1.05897
2.57732 1.97445 -1.1863 2.09265 1.89972 1.05897
2.57696 1.97469 -1.18624 2.09265 1.89972 1.05897
2.57661 1.97493 -1.18617 2.09265 1.89972 1.05897
2.57625 1.97517 -1.18611 2.09265 1.89972 1.05897
2.5759 1.97542 -1.18604 2.09265 1.89972 1.05897
2.57554 1.97566 -1.18598 2.09265 1.89972 1.05897
2.57519 1.9759 -1.18592 2.09265 1.89972 1.05897
2.57483 1.97614 -1.18585 2.09265 1.89972 1.05897
2.57448 1.97638 -1.18579 2.09265 1.89972 1.05897
2.57412 1.97662 -1.18572 2.09265 1.89972 1.05897
2.57377 1.97687 -1.18566 2.09265 1.89972 1.05897
2.57341 1.97711 -1.18559 2.09265 1.89972 1.05897
2.57306 1.97735 -1.18553 2.09265 1.89972 1.05897
2.5727 1.97759 -1.18546 2.09265 1.89972 1.05897
2.57235 1.97783 -1.1854 2.09265 1.89972 1.05897
2.572 1.97807 -1.18533 2.09265 1.89972 1.05897
2.57164 1.97831 -1.18527 2.09265 1.89972 1.05897
2.57129 1.97856 -1.1852 2.09265 1.89972 1.05897
2.57093 1.9788 -1.18514 2.09265 1.89972 1.05897
2.57058 1.97904 -1.18507 2.09265 1.89972 1.05897
2.57022 1.97928 -1.18501 2.09265 1.89972 1.05897
2.56987 1.97952 -1.18494 2.09265 1.89972 1.05897
2.56951 1.97976 -1.18488 2.09265 1.89972 1.05897
2.56916 1.98001 -1.18482 2.09265 1.89972 1.05897
2.5688 1.98025 -1.18475 2.09265 1.89972 1.05897
2.56845 1.98049 -1.18469 2.09265 1.89972 1.05897
2.56809 1.98073 -1.18462 2.09265 1.89972 1.05897
2.56774 1.98097 -1.18456 2.09265 1.89972 1.05897
2.56738 1.98121 -1.18449 2.09265 1.89972 1.05897
2.56703 1.98145 -1.18443 2.09265 1.89972 1.05897
2.56667 1.9817 -1.18436 2.09265 1.89972 1.05897
2.56632 1.98194 -1.1843 2.09265 1.89972 1.05897
2.56597 1.98218 -1.18423 2.09265 1.89972 1.05897
2.56561 1.98242 -1.18417 2.09265 1.89972 1.05897
2.56526 1.98266 -1.1841 2.09265 1.89972 1.05897
2.5649 1.9829 -1.18404 2.09265 1.89972 1.05897
2.56455 1.98315 -1.18397 2.09265 1.89972 1.05897
2.56419 1.98339 -1.18391 2.09265 1.89972 1.05897
2.56384 1.98363 -1.18384 2.09265 1.89972 1.05897
2.56348 1.98387 -1.18378 2.09265 1.89972 1.05897
2.56313 1.98411 -1.18371 2.09265 1.89972 1.05897
2.56277 1.98435 -1.18365 2.09265 1.89972 1.05897
2.56242 1.9846 -1.18359 2.09265 1.89972 1.05897
2.56206 1.98484 -1.18352 2.09265 1.89972 1.05897
2.56171 1.98508 -1.18346 2.09265 1.89972 1.05897
2.56135 1.98532 -1.18339 2.09265 1.89972 1.05897
2.561 1.98556 -1.18333 2.09265 1.89972 1.05897
2.56064 1.9858 -1.18326 2.09265 1.89972 1.05897
2.56029 1.98604 -1.1832 2.09265 1.89972 1.05897
2.55994 1.98629 -1.18313 2.09265 1.89972 1.05897
2.55958 1.98653 -1.18307 2.09265 1.89972 1.05897
2.55923 1.98677 -1.183 2.09265 1.89972 1.05897
2.55887 1.98701 -1.18294 2.09265 1.89972 1.05897
2.55852 1.98725 -1.18287 2.09265 1.89972 1.05897
2.55816 1.98749 -1.18281 2.09265 1.89972 1.05897
2.55781 1.98774 -1.18274 2.09265 1.89972 1.05897
2.55745 1.98798 -1.18268 2.09265 1.89972 1.05897
2.5571 1.98822 -1.18261 2.09265 1.89972 1.05897
2.55674 1.98846 -1.18255 2.09265 1.89972 1.05897
2.55639 1.9887 -1.18249 2.09265 1.89972 1.05897
2.55603 1.98894 -1.18242 2.09265 1.89972 1.05897
2.55568 1.98918 -1.18236 2.09265 1.89972 1.05897
2.55532 1.98943 -1.18229 2.09265 1.89972 1.05897
2.55497 1.98967 -1.18223 2.09265 1.89972 1.05897
2.55462 1.98991 -1.18216 2.09265 1.89972 1.05897
2.55426 1.99015 -1.1821 2.09265 1.89972 1.05897
2.55391 1.99039 -1.18203 2.09265 1.89972 1.05897
2.55355 1.99063 -1.18197 2.09265 1.89972 1.05897
2.5532 1.99088 -1.1819 2.09265 1.89972 1.05897
2.55284 1.99112 -1.18184 2.09265 1.89972 1.05897
2.55249 1.99136 -1.18177 2.09265 1.89972 1.05897
2.55213 1.9916 -1.18171 2.09265 1.89972 1.05897
2.55178 1.99184 -1.18164 2.09265 1.89972 1.05897
2.55142 1.99208 -1.18158 2.09265 1.89972 1.05897
2.55107 1.99232 -1.18151 2.09265 1.89972 1.05897
2.55071 1.99257 -1.18145 2.09265 1.89972 1.05897
2.55036 1.99281 -1.18139 2.09265 1.89972 1.05897
2.55 1.99305 -1.18132 2.09265 1.89972 1.05897
2.54965 1.99329 -1.18126 2.09265 1.89972 1.05897
2.54929 1.99353 -1.18119 2.09265 1.89972 1.05897
2.54894 1.99377 -1.18113 2.09265 1.89972 1.05897
2.54859 1.99402 -1.18106 2.09265 1.89972 1.05897
2.54823 1.99426 -1.181 2.09265 1.89972 1.05897
2.54788 1.9945 -1.18093 2.09265 1.89972 1.05897
2.54752 1.99474 -1.18087 2.09265 1.89972 1.05897
2.54717 1.99498 -1.1808 2.09265 1.89972 1.05897
2.54681 1.99522 -1.18074 2.09265 1.89972 1.05897
2.54646 1.99547 -1.18067 2.09265 1.89972 1.05897
2.5461 1.99571 -1.18061 2.09265 1.89972 1.05897
2.54575 1.99595 -1.18054 2.09265 1.89972 1.05897
2.54539 1.99619 -1.18048 2.09265 1.89972 1.05897
2.54504 1.99643 -1.18041 2.09265 1.89972 1.05897
2.54468 1.99667 -1.18035 2.09265 1.89972 1.05897
2.54433 1.99691 -1.18028 2.09265 1.89972 1.05897
2.54397 1.99716 -1.18022 2.09265 1.89972 1.05897
2.54362 1.9974 -1.18016 2.09265 1.89972 1.05897
2.54326 1.99764 -1.18009 2.09265 1.89972 1.05897
2.54291 1.99788 -1.18003 2.09265 1.89972 1.05897
2.54256 1.99812 -1.17996 2.09265 1.89972 1.05897
2.5422 1.99836 -1.1799 2.09265 1.89972 1.05897
2.54185 1.99861 -1.17983 2.09265 1.89972 1.05897
2.54149 1.99885 -1.17977 2.09265 1.89972 1.05897
2.54114 1.99909 -1.1797 2.09265 1.89972 1.05897
2.54078 1.99933 -1.17964 2.09265 1.89972 1.05897
2.54043 1.99957 -1.17957 2.09265 1.89972 1.05897
2.54007 1.99981 -1.17951 2.09265 1.89972 1.05897
2.53972 2.00005 -1.17944 2.09265 1.89972 1.05897
2.53936 2.0003 -1.17938 2.09265 1.89972 1.05897
2.53901 2.00054 -1.17931 2.09265 1.89972 1.05897
2.53865 2.00078 -1.17925 2.09265 1.89972 1.05897
2.5383 2.00102 -1.17918 2.09265 1.89972 1.05897
2.53794 2.00126 -1.17912 2.09265 1.89972 1.05897
2.53759 2.0015 -1.17906 2.09265 1.89972 1.05897
2.53723 2.00175 -1.17899 2.09265 1.89972 1.05897
2.53688 2.00199 -1.17893 2.09265 1.89972 1.05897
2.53653 2.00223 -1.17886 2.09265 1.89972 1.05897
2.53617 2.00247 -1.1788 2.09265 1.89972 1.05897
2.53582 2.00271 -1.17873 2.09265 1.89972 1.05897
2.53546 2.00295 -1.17867 2.09265 1.89972 1.05897
2.53511 2.0032 -1.1786 2.09265 1.89972 1.05897
2.53475 2.00344 -1.17854 2.09265 1.89972 1.05897
2.5344 2.00368 -1.17847 2.09265 1.89972 1.05897
2.53404 2.00392 -1.17841 2.09265 1.89972 1.05897
2.53369 2.00416 -1.17834 2.09265 1.89972 1.05897
2.53333 2.0044 -1.17828 2.09265 1.89972 1.05897
2.53298 2.00464 -1.17821 2.09265 1.89972 1.05897
2.53262 2.00489 -1.17815 2.09265 1.89972 1.05897
2.53227 2.00513 -1.17808 2.09265 1.89972 1.05897
2.53191 2.00537 -1.17802 2.09265 1.89972 1.05897
2.53156 2.00561 -1.17796 2.09265 1.89972 1.05897
2.5312 2.00585 -1.17789 2.09265 1.89972 1.05897
2.53085 2.00609 -1.17783 2.09265 1.89972 1.05897
2.5305 2.00634 -1.17776 2.09265 1.89972 1.05897
2.53014 2.00658 -1.1777 2.09265 1.89972 1.05897
2.52979 2.00682 -1.17763 2.09265 1.89972 1.05897
2.52943 2.00706 -1.17757 2.09265 1.89972 1.05897
2.52908 2.0073 -1.1775 2.09265 1.89972 1.05897
2.52872 2.00754 -1.17744 2.09265 1.89972 1.05897
2.52837 2.00778 -1.17737 2.09265 1.89972 1.05897
2.52801 2.00803 -1.17731 2.09265 1.89972 1.05897
2.52766 2.00827 -1.17724 2.09265 1.89972 1.05897
2.5273 2.00851 -1.17718 2.09265 1.89972 1.05897
2.52695 2.00875 -1.17711 2.09265 1.89972 1.05897
2.52659 2.00899 -1.17705 2.09265 1.89972 1.05897
2.52624 2.00923 -1.17698 2.09265 1.89972 1.05897
2.52588 2.00948 -1.17692 2.09265 1.89972 1.05897
2.52553 2.00972 -1.17685 2.09265 1.89972 1.05897
2.52517 2.00996 -1.17679 2.09265 1.89972 1.05897
2.52482 2.0102 -1.17673 2.09265 1.89972 1.05897
2.52447 2.01044 -1.17666 2.09265 1.89972 1.05897
2.52411 2.01068 -1.1766 2.09265 1.89972 1.05897
2.52376 2.01093 -1.17653 2.09265 1.89972 1.05897
2.5234 2.01117 -1.17647 2.09265 1.89972 1.05897
2.52305 2.01141 -1.1764 2.09265 1.89972 1.05897
2.52269 2.01165 -1.17634 2.09265 1.89972 1.05897
2.52234 2.01189 -1.17627 2.09265 1.89972 1.05897
2.52198 2.01213 -1.17621 2.09265 1.89972 1.05897
2.52163 2.01237 -1.17614 2.09265 1.89972 1.05897
2.52127 2.01262 -1.17608 2.09265 1.89972 1.05897
2.52092 2.01286 -1.17601 2.09265 1.89972 1.05897
2.52056 2.0131 -1.17595 2.09265 1.89972 1.05897
2.52021 2.01334 -1.17588 2.09265 1.89972 1.05897
2.51985 2.01358 -1.17582 2.09265 1.89972 1.05897
2.5195 2.01382 -1.17575 2.09265 1.89972 1.05897
2.51914 2.01407 -1.17569 2.09265 1.89972 1.05897
2.51879 2.01431 -1.17563 2.09265 1.89972 1.05897
2.51844 2.01455 -1.17556 2.09265 1.89972 1.05897
2.51808 2.01479 -1.1755 2.09265 1.89972 1.05897
2.51773 2.01503 -1.17543 2.09265 1.89972 1.05897
2.51737 2.01527 -1.17537 2.09265 1.89972 1.05897
2.51702 2.01551 -1.1753 2.09265 1.89972 1.05897
2.51666 2.01576 -1.17524 2.09265 1.89972 1.05897
2.51631 2.016 -1.17517 2.09265 1.89972 1.05897
2.51595 2.01624 -1.17511 2.09265 1.89972 1.05897
2.5156 2.01648 -1.17504 2.09265 1.89972 1.05897
2.51524 2.01672 -1.17498 2.09265 1.89972 1.05897
2.51489 2.01696 -1.17491 2.09265 1.89972 1.05897
2.51453 2.01721 -1.17485 2.09265 1.89972 1.05897
2.51418 2.01745 -1.17478 2.09265 1.89972 1.05897
2.51382 2.01769 -1.17472 2.09265 1.89972 1.05897
2.51347 2.01793 -1.17465 2.09265 1.89972 1.05897
2.51311 2.01817 -1.17459 2.09265 1.89972 1.05897
2.51276 2.01841 -1.17453 2.09265 1.89972 1.05897
2.51241 2.01866 -1.17446 2.09265 1.89972 1.05897
2.51205 2.0189 -1.1744 2.09265 1.89972 1.05897
2.5117 2.01914 -1.17433 2.09265 1.89972 1.05897
2.51134 2.01938 -1.17427 2.09265 1.89972 1.05897
2.51099 2.01962 -1.1742 2.09265 1.89972 1.05897
2.51063 2.01986 -1.17414 2.09265 1.89972 1.05897
2.51028 2.0201 -1.17407 2.09265 1.89972 1.05897
2.50992 2.02035 -1.17401 2.09265 1.89972 1.05897
2.50957 2.02059 -1.17394 2.09265 1.89972 1.05897
2.50921 2.02083 -1.17388 2.09265 1.89972 1.05897
2.50886 2.02107 -1.17381 2.09265 1.89972 1.05897
2.5085 2.02131 -1.17375 2.09265 1.89972 1.05897
2.50815 2.02155 -1.17368 2.09265 1.89972 1.05897
2.50779 2.0218 -1.17362 2.09265 1.89972 1.05897
2.50744 2.02204 -1.17355 2.09265 1.89972 1.05897
2.50708 2.02228 -1.17349 2.09265 1.89972 1.05897
2.50673 2.02252 -1.17342 2.09265 1.89972 1.05897
2.50638 2.02276 -1.17336 2.09265 1.89972 1.05897
2.50602 2.023 -1.1733 2.09265 1.89972 1.05897
2.50567 2.02324 -1.17323 2.09265 1.89972 1.05897
2.50531 2.02349 -1.17317 2.09265 1.89972 1.05897
2.50496 2.02373 -1.1731 2.09265 1.89972 1.05897
2.5046 2.02397 -1.17304 2.09265 1.89972 1.05897
2.50425 2.02421 -1.17297 2.09265 1.89972 1.05897
2.50389 2.02445 -1.17291 2.09265 1.89972 1.05897
2.50354 2.02469 -1.17284 2.09265 1.89972 1.05897
2.50318 2.02494 -1.17278 2.09265 1.89972 1.05897
2.50283 2.02518 -1.17271 2.09265 1.89972 1.05897
2.50247 2.02542 -1.17265 2.09265 1.89972 1.05897
2.50212 2.02566 -1.17258 2.09265 1.89972 1.05897
2.50176 2.0259 -1.17252 2.09265 1.89972 1.05897
2.50141 2.02614 -1.17245 2.09265 1.89972 1.05897
2.50105 2.02638 -1.17239 2.09265 1.89972 1.05897
2.5007 2.02663 -1.17232 2.09265 1.89972 1.05897
2.50035 2.02687 -1.17226 2.09265 1.89972 1.05897
2.49999 2.02711 -1.1722 2.09265 1.89972 1.05897
2.49964 2.02735 -1.17213 2.09265 1.89972 1.05897
2.49928 2.02759 -1.17207 2.09265 1.89972 1.05897
2.49893 2.02783 -1.172 2.09265 1.89972 1.05897
2.49857 2.02808 -1.17194 2.09265 1.89972 1.05897
2.49822 2.02832 -1.17187 2.09265 1.89972 1.05897
2.49786 2.02856 -1.17181 2.09265 1.89972 1.05897
2.49751 2.0288 -1.17174 2.09265 1.89972 1.05897
2.49715 2.02904 -1.17168 2.09265 1.89972 1.05897
2.4968 2.02928 -1.17161 2.09265 1.89972 1.05897
2.49644 2.02953 -1.17155 2.09265 1.89972 1.05897
2.49609 2.02977 -1.17148 2.09265 1.89972 1.05897
2.49573 2.03001 -1.17142 2.09265 1.89972 1.05897
2.49538 2.03025 -1.17135 2.09265 1.89972 1.05897
2.49502 2.03049 -1.17129 2.09265 1.89972 1.05897
2.49467 2.03073 -1.17122 2.09265 1.89972 1.05897
2.49432 2.03097 -1.17116 2.09265 1.89972 1.05897
2.49396 2.03122 -1.17109 2.09265 1.89972 1.05897
2.49361 2.03146 -1.17103 2.09265 1.89972 1.05897
2.49325 2.0317 -1.17097 2.09265 1.89972 1.05897
2.4929 2.03194 -1.1709 2.09265 1.89972 1.05897
2.49254 2.03218 -1.17084 2.09265 1.89972 1.05897
2.49219 2.03242 -1.17077 2.09265 1.89972 1.05897
2.49183 2.03267 -1.17071 2.09265 1.89972 1.05897
2.49148 2.03291 -1.17064 2.09265 1.89972 1.05897
2.49112 2.03315 -1.17058 2.09265 1.89972 1.05897
2.49077 2.03339 -1.17051 2.09265 1.89972 1.05897
2.49041 2.03363 -1.17045 2.09265 1.89972 1.05897
2.49006 2.03387 -1.17038 2.09265 1.89972 1.05897
2.4897 2.03411 -1.17032 2.09265 1.89972 1.05897
2.48935 2.03436 -1.17025 2.09265 1.89972 1.05897
2.48899 2.0346 -1.17019 2.09265 1.89972 1.05897
2.48864 2.03484 -1.17012 2.09265 1.89972 1.05897
2.48829 2.03508 -1.17006 2.09265 1.89972 1.05897
2.48793 2.03532 -1.16999 2.09265 1.89972 1.05897
2.48758 2.03556 -1.16993 2.09265 1.89972 1.05897
2.48722 2.03581 -1.16987 2.09265 1.89972 1.05897
2.48687 2.03605 -1.1698 2.09265 1.89972 1.05897
2.48651 2.03629 -1.16974 2.09265 1.89972 1.05897
2.48616 2.03653 -1.16967 2.09265 1.89972 1.05897
2.4858 2.03677 -1.16961 2.09265 1.89972 1.05897
2.48545 2.03701 -1.16954 2.09265 1.89972 1.05897
2.48509 2.03726 -1.16948 2.09265 1.89972 1.05897
2.48474 2.0375 -1.16941 2.09265 1.89972 1.05897
2.48438 2.03774 -1.16935 2.09265 1.89972 1.05897
2.48403 2.03798 -1.16928 2.09265 1.89972 1.05897
2.48367 2.03822 -1.16922 2.09265 1.89972 1.05897
2.48332 2.03846 -1.16915 2.09265 1.89972 1.05897
2.48297 2.0387 -1.16909 2.09265 1.89972 1.05897
2.48261 2.03895 -1.16902 2.09265 1.89972 1.05897
2.48226 2.03919 -1.16896 2.09265 1.89972 1.05897
2.4819 2.03943 -1.16889 2.09265 1.89972 1.05897
2.48155 2.03967 -1.16883 2.09265 1.89972 1.05897
2.48119 2.03991 -1.16877 2.09265 1.89972 1.05897
2.48084 2.04015 -1.1687 2.09265 1.89972 1.05897
2.48048 2.0404 -1.16864 2.09265 1.89972 1.05897
2.48013 2.04064 -1.16857 2.09265 1.89972 1.05897
2.47977 2.04088 -1.16851 2.09265 1.89972 1.05897
2.47942 2.04112 -1.16844 2.09265 1.89972 1.05897
2.47906 2.04136 -1.16838 2.09265 1.89972 1.05897
2.47871 2.0416 -1.16831 2.09265 1.89972 1.05897
2.47835 2.04184 -1.16825 2.09265 1.89972 1.05897
2.478 2.04209 -1.16818 2.09265 1.89972 1.05897
2.47764 2.04233 -1.16812 2.09265 1.89972 1.05897
2.47729 2.04257 -1.16805 2.09265 1.89972 1.05897
2.47694 2.04281 -1.16799 2.09265 1.89972 1.05897
2.47658 2.04305 -1.16792 2.09265 1.89972 1.05897
2.47623 2.04329 -1.16786 2.09265 1.89972 1.05897
2.47587 2.04354 -1.16779 2.09265 1.89972 1.05897
2.47552 2.04378 -1.16773 2.09265 1.89972 1.05897
2.47516 2.04402 -1.16766 2.09265 1.89972 1.05897
2.47481 2.04426 -1.1676 2.09265 1.89972 1.05897
2.47445 2.0445 -1.16754 2.09265 1.89972 1.05897
2.4741 2.04474 -1.16747 2.09265 1.89972 1.05897
2.47374 2.04499 -1.16741 2.09265 1.89972 1.05897
2.47339 2.04523 -1.16734 2.09265 1.89972 1.05897
2.47303 2.04547 -1.16728 2.09265 1.89972 1.05897
2.47268 2.04571 -1.16721 2.09265 1.89972 1.05897
2.47232 2.04595 -1.16715 2.09265 1.89972 1.05897
2.47197 2.04619 -1.16708 2.09265 1.89972 1.05897
2.47161 2.04643 -1.16702 2.09265 1.89972 1.05897
2.47126 2.04668 -1.16695 2.09265 1.89972 1.05897
2.47091 2.04692 -1.16689 2.09265 1.89972 1.05897
2.47055 2.04716 -1.16682 2.09265 1.89972 1.05897
2.4702 2.0474 -1.16676 2.09265 1.89972 1.05897
2.46984 2.04764 -1.16669 2.09265 1.89972 1.05897
2.46949 2.04788 -1.16663 2.09265 1.89972 1.05897
2.46913 2.04813 -1.16656 2.09265 1.89972 1.05897
2.46878 2.04837 -1.1665 2.09265 1.89972 1.05897
2.46842 2.04861 -1.16644 2.09265 1.89972 1.05897
2.46807 2.04885 -1.16637 2.09265 1.89972 1.05897
2.46771 2.04909 -1.16631 2.09265 1.89972 1.05897
2.46736 2.04933 -1.16624 2.09265 1.89972 1.05897
2.467 2.04957 -1.16618 2.09265 1.89972 1.05897
2.46665 2.04982 -1.16611 2.09265 1.89972 1.05897
2.46629 2.05006 -1.16605 2.09265 1.89972 1.05897
2.46594 2.0503 -1.16598 2.09265 1.89972 1.05897
2.46558 2.05054 -1.16592 2.09265 1.89972 1.05897
2.46523 2.05078 -1.16585 2.09265 1.89972 1.05897
2.46488 2.05102 -1.16579 2.09265 1.89972 1.05897
2.46452 2.05127 -1.16572 2.09265 1.89972 1.05897
2.46417 2.05151 -1.16566 2.09265 1.89972 1.05897
2.46381 2.05175 -1.16559 2.09265 1.89972 1.05897
2.46346 2.05199 -1.16553 2.09265 1.89972 1.05897
2.4631 2.05223 -1.16546 2.09265 1.89972 1.05897
2.46275 2.05247 -1.1654 2.09265 1.89972 1.05897
2.46239 2.05272 -1.16534 2.09265 1.89972 1.05897
2.46204 2.05296 -1.16527 2.09265 1.89972 1.05897
2.46168 2.0532 -1.16521 2.09265 1.89972 1.05897
2.46133 2.05344 -1.16514 2.09265 1.89972 1.05897
2.46097 2.05368 -1.16508 2.09265 1.89972 1.05897
2.46062 2.05392 -1.16501 2.09265 1.89972 1.05897
2.46026 2.05416 -1.16495 2.09265 1.89972 1.05897
2.45991 2.05441 -1.16488 2.09265 1.89972 1.05897
2.45955 2.05465 -1.16482 2.09265 1.89972 1.05897
2.4592 2.05489 -1.16475 2.09265 1.89972 1.05897
2.45885 2.05513 -1.16469 2.09265 1.89972 1.05897
2.45849 2.05537 -1.16462 2.09265 1.89972 1.05897
2.45814 2.05561 -1.16456 2.09265 1.89972 1.05897
2.45778 2.05586 -1.16449 2.09265 1.89972 1.05897
2.45743 2.0561 -1.16443 2.09265 1.89972 1.05897
2.45707 2.05634 -1.16436 2.09265 1.89972 1.05897
2.45672 2.05658 -1.1643 2.09265 1.89972 1.05897
2.45636 2.05682 -1.16423 2.09265 1.89972 1.05897
2.45601 2.05706 -1.16417 2.09265 1.89972 1.05897
2.45565 2.0573 -1.16411 2.09265 1.89972 1.05897
2.4553 2.05755 -1.16404 2.09265 1.89972 1.05897
2.45494 2.05779 -1.16398 2.09265 1.89972 1.05897
2.45459 2.05803 -1.16391 2.09265 1.89972 1.05897
2.45423 2.05827 -1.16385 2.09265 1.89972 1.05897
2.45388 2.05851 -1.16378 2.09265 1.89972 1.05897
2.45352 2.05875 -1.16372 2.09265 1.89972 1.05897
2.45317 2.059 -1.16365 2.09265 1.89972 1.05897
2.45282 2.05924 -1.16359 2.09265 1.89972 1.05897
2.45246 2.05948 -1.16352 2.09265 1.89972 1.05897
2.45211 2.05972 -1.16346 2.09265 1.89972 1.05897
2.45175 2.05996 -1.16339 2.09265 1.89972 1.05897
2.4514 2.0602 -1.16333 2.09265 1.89972 1.05897
2.45104 2.06044 -1.16326 2.09265 1.89972 1.05897
2.45069 2.06069 -1.1632 2.09265 1.89972 1.05897
2.45033 2.06093 -1.16313 2.09265 1.89972 1.05897
2.44998 2.06117 -1.16307 2.09265 1.89972 1.05897
2.44962 2.06141 -1.16301 2.09265 1.89972 1.05897
2.44927 2.06165 -1.16294 2.09265 1.89972 1.05897
2.44891 2.06189 -1.16288 2.09265 1.89972 1.05897
2.44856 2.06214 -1.16281 2.09265 1.89972 1.05897
2.4482 2.06238 -1.16275 2.09265 1.89972 1.05897
2.44785 2.06262 -1.16268 2.09265 1.89972 1.05897
2.44749 2.06286 -1.16262 2.09265 1.89972 1.05897
2.44714 2.0631 -1.16255 2.09265 1.89972 1.05897
2.44679 2.06334 -1.16249 2.09265 1.89972 1.05897
2.44643 2.06359 -1.16242 2.09265 1.89972 1.05897
2.44608 2.06383 -1.16236 2.09265 1.89972 1.05897
2.44572 2.06407 -1.16229 2.09265 1.89972 1.05897
2.44537 2.06431 -1.16223 2.09265 1.89972 1.05897
2.44501 2.06455 -1.16216 2.09265 1.89972 1.05897
2.44466 2.06479 -1.1621 2.09265 1.89972 1.05897
2.4443 2.06503 -1.16203 2.09265 1.89972 1.05897
2.44395 2.06528 -1.16197 2.09265 1.89972 1.05897
2.44359 2.06552 -1.16191 2.09265 1.89972 1.05897
2.44324 2.06576 -1.16184 2.09265 1.89972 1.05897
2.44288 2.066 -1.16178 2.09265 1.89972 1.05897
2.44253 2.06624 -1.16171 2.09265 1.89972 1.05897
2.44217 2.06648 -1.16165 2.09265 1.89972 1.05897
2.44182 2.06673 -1.16158 2.09265 1.89972 1.05897
2.44146 2.06697 -1.16152 2.09265 1.89972 1.05897
2.44111 2.06721 -1.16145 2.09265 1.89972 1.05897
2.44076 2.06745 -1.16139 2.09265 1.89972 1.05897
2.4404 2.06769 -1.16132 2.09265 1.89972 1.05897
2.4404 2.06769 -1.16132 2.09265 1.89972 1.05897
2.44058 2.06752 -1.16108 2.09267 1.89926 1.05841
2.44076 2.06734 -1.16084 2.09269 1.89879 1.05785
2.44094 2.06717 -1.1606 2.09271 1.89833 1.05729
2.44112 2.06699 -1.16036 2.09273 1.89786 1.05673
2.4413 2.06682 -1.16012 2.09275 1.8974 1.05617
2.44148 2.06665 -1.15988 2.09277 1.89693 1.05561
2.44166 2.06647 -1.15964 2.09279 1.89647 1.05505
2.44183 2.0663 -1.1594 2.09281 1.896 1.05449
2.44201 2.06612 -1.15916 2.09284 1.89554 1.05393
2.44219 2.06595 -1.15892 2.09286 1.89507 1.05338
2.44237 2.06578 -1.15868 2.09288 1.89461 1.05282
2.44255 2.0656 -1.15844 2.0929 1.89414 1.05226
2.44273 2.06543 -1.1582 2.09292 1.89368 1.0517
2.44291 2.06525 -1.15796 2.09294 1.89321 1.05114
2.44309 2.06508 -1.15772 2.09296 1.89275 1.05058
2.44327 2.06491 -1.15748 2.09298 1.89228 1.05002
2.44345 2.06473 -1.15724 2.093 1.89182 1.04946
2.44363 2.06456 -1.157 2.09302 1.89135 1.0489
2.44381 2.06438 -1.15676 2.09304 1.89089 1.04834
2.44399 2.06421 -1.15652 2.09306 1.89042 1.04778
2.44417 2.06404 -1.15628 2.09308 1.88996 1.04722
2.44435 2.06386 -1.15604 2.0931 1.88949 1.04666
2.44453 2.06369 -1.1558 2.09312 1.88903 1.0461
2.4447 2.06351 -1.15556 2.09314 1.88856 1.04554
2.44488 2.06334 -1.15532 2.09316 1.8881 1.04498
2.44506 2.06317 -1.15508 2.09319 1.88764 1.04442
2.44524 2.06299 -1.15484 2.09321 1.88717 1.04386
2.44542 2.06282 -1.1546 2.09323 1.88671 1.04331
2.4456 2.06264 -1.15436 2.09325 1.88624 1.04275
2.44578 2.06247 -1.15412 2.09327 1.88578 1.04219
2.44596 2.0623 -1.15388 2.09329 1.88531 1.04163
2.44614 2.06212 -1.15364 2.09331 1.88485 1.04107
2.44632 2.06195 -1.1534 2.09333 1.88438 1.04051
2.4465 2.06177 -1.15316 2.09335 1.88392 1.03995
2.44668 2.0616 -1.15292 2.09337 1.88345 1.03939
2.44686 2.06143 -1.15268 2.09339 1.88299 1.03883
2.44704 2.06125 -1.15244 2.09341 1.88252 1.03827
2.44722 2.06108 -1.1522 2.09343 1.88206 1.03771
2.44739 2.0609 -1.15196 2.09345 1.88159 1.03715
2.44757 2.06073 -1.15172 2.09347 1.88113 1.03659
2.44775 2.06056 -1.15148 2.09349 1.88066 1.03603
2.44793 2.06038 -1.15124 2.09352 1.8802 1.03547
2.44811 2.06021 -1.151 2.09354 1.87973 1.03491
2.44829 2.06003 -1.15076 2.09356 1.87927 1.03435
2.44847 2.05986 -1.15052 2.09358 1.8788 1.03379
2.44865 2.05968 -1.15028 2.0936 1.87834 1.03324
2.44883 2.05951 -1.15004 2.09362 1.87787 1.03268
2.44901 2.05934 -1.1498 2.09364 1.87741 1.03212
2.44919 2.05916 -1.14956 2.09366 1.87694 1.03156
2.44937 2.05899 -1.14932 2.09368 1.87648 1.031
2.44955 2.05881 -1.14908 2.0937 1.87602 1.03044
2.44973 2.05864 -1.14884 2.09372 1.87555 1.02988
2.44991 2.05847 -1.1486 2.09374 1.87509 1.02932
2.45009 2.05829 -1.14836 2.09376 1.87462 1.02876
2.45026 2.05812 -1.14812 2.09378 1.87416 1.0282
2.45044 2.05794 -1.14788 2.0938 1.87369 1.02764
2.45062 2.05777 -1.14764 2.09382 1.87323 1.02708
2.4508 2.0576 -1.1474 2.09384 1.87276 1.02652
2.45098 2.05742 -1.14716 2.09387 1.8723 1.02596
2.45116 2.05725 -1.14692 2.09389 1.87183 1.0254
2.45134 2.05707 -1.14668 2.09391 1.87137 1.02484
2.45152 2.0569 -1.14644 2.09393 1.8709 1.02428
2.4517 2.05673 -1.1462 2.09395 1.87044 1.02372
2.45188 2.05655 -1.14596 2.09397 1.86997 1.02317
2.45206 2.05638 -1.14572 2.09399 1.86951 1.02261
2.45224 2.0562 -1.14548 2.09401 1.86904 1.02205
2.45242 2.05603 -1.14524 2.09403 1.86858 1.02149
2.4526 2.05586 -1.145 2.09405 1.86811 1.02093
2.45278 2.05568 -1.14477 2.09407 1.86765 1.02037
2.45295 2.05551 -1.14453 2.09409 1.86718 1.01981
2.45313 2.05533 -1.14429 2.09411 1.86672 1.01925
2.45331 2.05516 -1.14405 2.09413 1.86625 1.01869
2.45349 2.05499 -1.14381 2.09415 1.86579 1.01813
2.45367 2.05481 -1.14357 2.09417 1.86533 1.01757
2.45385 2.05464 -1.14333 2.09419 1.86486 1.01701
2.45403 2.05446 -1.14309 2.09422 1.8644 1.01645
2.45421 2.05429 -1.14285 2.09424 1.86393 1.01589
2.45439 2.05412 -1.14261 2.09426 1.86347 1.01533
2.45457 2.05394 -1.14237 2.09428 1.863 1.01477
2.45475 2.05377 -1.14213 2.0943 1.86254 1.01421
2.45493 2.05359 -1.14189 2.09432 1.86207 1.01365
2.45511 2.05342 -1.14165 2.09434 1.86161 1.01309
2.45529 2.05325 -1.14141 2.09436 1.86114 1.01254
2.45547 2.05307 -1.14117 2.09438 1.86068 1.01198
2.45565 2.0529 -1.14093 2.0944 1.86021 1.01142
2.45582 2.05272 -1.14069 2.09442 1.85975 1.01086
2.456 2.05255 -1.14045 2.09444 1.85928 1.0103
2.45618 2.05238 -1.14021 2.09446 1.85882 1.00974
2.45636 2.0522 -1.13997 2.09448 1.85835 1.00918
2.45654 2.05203 -1.13973 2.0945 1.85789 1.00862
2.45672 2.05185 -1.13949 2.09452 1.85742 1.00806
2.4569 2.05168 -1.13925 2.09455 1.85696 1.0075
2.45708 2.05151 -1.13901 2.09457 1.85649 1.00694
2.45726 2.05133 -1.13877 2.09459 1.85603 1.00638
2.45744 2.05116 -1.13853 2.09461 1.85556 1.00582
2.45762 2.05098 -1.13829 2.09463 1.8551 1.00526
2.4578 2.05081 -1.13805 2.09465 1.85463 1.0047
2.45798 2.05064 -1.13781 2.09467 1.85417 1.00414
2.45816 2.05046 -1.13757 2.09469 1.85371 1.00358
2.45834 2.05029 -1.13733 2.09471 1.85324 1.00302
2.45852 2.05011 -1.13709 2.09473 1.85278 1.00247
2.45869 2.04994 -1.13685 2.09475 1.85231 1.00191
2.45887 2.04977 -1.13661 2.09477 1.85185 1.00135
2.45905 2.04959 -1.13637 2.09479 1.85138 1.00079
2.45923 2.04942 -1.13613 2.09481 1.85092 1.00023
2.45941 2.04924 -1.13589 2.09483 1.85045 0.999668
2.45959 2.04907 -1.13565 2.09485 1.84999 0.999109
2.45977 2.0489 -1.13541 2.09487 1.84952 0.998549
2.45995 2.04872 -1.13517 2.0949 1.84906 0.99799
2.46013 2.04855 -1.13493 2.09492 1.84859 0.99743
2.46031 2.04837 -1.13469 2.09494 1.84813 0.996871
2.46049 2.0482 -1.13445 2.09496 1.84766 0.996311
2.46067 2.04803 -1.13421 2.09498 1.8472 0.995752
2.46085 2.04785 -1.13397 2.095 1.84673 0.995193
2.46103 2.04768 -1.13373 2.09502 1.84627 0.994633
2.46121 2.0475 -1.13349 2.09504 1.8458 0.994074
2.46138 2.04733 -1.13325 2.09506 1.84534 0.993514
2.46156 2.04716 -1.13301 2.09508 1.84487 0.992955
2.46174 2.04698 -1.13277 2.0951 1.84441 0.992395
2.46192 2.04681 -1.13253 2.09512 1.84394 0.991836
2.4621 2.04663 -1.13229 2.09514 1.84348 0.991276
2.46228 2.04646 -1.13205 2.09516 1.84301 0.990717
2.46246 2.04629 -1.13181 2.09518 1.84255 0.990157
2.46264 2.04611 -1.13157 2.0952 1.84209 0.989598
2.46282 2.04594 -1.13133 2.09522 1.84162 0.989039
2.463 2.04576 -1.13109 2.09525 1.84116 0.988479
2.46318 2.04559 -1.13085 2.09527 1.84069 0.98792
2.46336 2.04542 -1.13061 2.09529 1.84023 0.98736
2.46354 2.04524 -1.13037 2.09531 1.83976 0.986801
2.46372 2.04507 -1.13013 2.09533 1.8393 0.986241
2.4639 2.04489 -1.12989 2.09535 1.83883 0.985682
2.46408 2.04472 -1.12965 2.09537 1.83837 0.985122
2.46425 2.04455 -1.12941 2.09539 1.8379 0.984563
2.46443 2.04437 -1.12917 2.09541 1.83744 0.984004
2.46461 2.0442 -1.12893 2.09543 1.83697 0.983444
2.46479 2.04402 -1.12869 2.09545 1.83651 0.982885
2.46497 2.04385 -1.12845 2.09547 1.83604 0.982325
2.46515 2.04368 -1.12821 2.09549 1.83558 0.981766
2.46533 2.0435 -1.12797 2.09551 1.83511 0.981206
2.46551 2.04333 -1.12773 2.09553 1.83465 0.980647
2.46569 2.04315 -1.12749 2.09555 1.83418 0.980087
2.46587 2.04298 -1.12725 2.09558 1.83372 0.979528
2.46605 2.0428 -1.12701 2.0956 1.83325 0.978968
2.46623 2.04263 -1.12677 2.09562 1.83279 0.978409
2.46641 2.04246 -1.12653 2.09564 1.83232 0.97785
2.46659 2.04228 -1.12629 2.09566 1.83186 0.97729
2.46677 2.04211 -1.12605 2.09568 1.83139 0.976731
2.46694 2.04193 -1.12581 2.0957 1.83093 0.976171
2.46712 2.04176 -1.12557 2.09572 1.83047 0.975612
2.4673 2.04159 -1.12533 2.09574 1.83 0.975052
2.46748 2.04141 -1.12509 2.09576 1.82954 0.974493
2.46766 2.04124 -1.12485 2.09578 1.82907 0.973933
2.46784 2.04106 -1.12461 2.0958 1.82861 0.973374
2.46802 2.04089 -1.12437 2.09582 1.82814 0.972814
2.4682 2.04072 -1.12413 2.09584 1.82768 0.972255
2.46838 2.04054 -1.12389 2.09586 1.82721 0.971696
2.46856 2.04037 -1.12365 2.09588 1.82675 0.971136
2.46874 2.04019 -1.12341 2.0959 1.82628 0.970577
2.46892 2.04002 -1.12317 2.09593 1.82582 0.970017
2.4691 2.03985 -1.12293 2.09595 1.82535 0.969458
2.46928 2.03967 -1.12269 2.09597 1.82489 0.968898
2.46946 2.0395 -1.12245 2.09599 1.82442 0.968339
2.46964 2.03932 -1.12221 2.09601 1.82396 0.967779
2.46981 2.03915 -1.12197 2.09603 1.82349 0.96722
2.46999 2.03898 -1.12173 2.09605 1.82303 0.966661
2.47017 2.0388 -1.12149 2.09607 1.82256 0.966101
2.47035 2.03863 -1.12125 2.09609 1.8221 0.965542
2.47053 2.03845 -1.12101 2.09611 1.82163 0.964982
2.47071 2.03828 -1.12077 2.09613 1.82117 0.964423
2.47089 2.03811 -1.12053 2.09615 1.8207 0.963863
2.47107 2.03793 -1.12029 2.09617 1.82024 0.963304
2.47125 2.03776 -1.12005 2.09619 1.81977 0.962744
2.47143 2.03758 -1.11981 2.09621 1.81931 0.962185
2.47161 2.03741 -1.11957 2.09623 1.81885 0.961625
2.47179 2.03724 -1.11933 2.09625 1.81838 0.961066
2.47197 2.03706 -1.11909 2.09628 1.81792 0.960507
2.47215 2.03689 -1.11885 2.0963 1.81745 0.959947
2.47233 2.03671 -1.11861 2.09632 1.81699 0.959388
2.4725 2.03654 -1.11837 2.09634 1.81652 0.958828
2.47268 2.03637 -1.11813 2.09636 1.81606 0.958269
2.47286 2.03619 -1.11789 2.09638 1.81559 0.957709
2.47304 2.03602 -1.11765 2.0964 1.81513 0.95715
2.47322 2.03584 -1.11741 2.09642 1.81466 0.95659
2.4734 2.03567 -1.11717 2.09644 1.8142 0.956031
2.47358 2.0355 -1.11693 2.09646 1.81373 0.955471
2.47376 2.03532 -1.11669 2.09648 1.81327 0.954912
2.47394 2.03515 -1.11645 2.0965 1.8128 0.954353
2.47412 2.03497 -1.11621 2.09652 1.81234 0.953793
2.4743 2.0348 -1.11597 2.09654 1.81187 0.953234
2.47448 2.03463 -1.11573 2.09656 1.81141 0.952674
2.47466 2.03445 -1.11549 2.09658 1.81094 0.952115
2.47484 2.03428 -1.11525 2.09661 1.81048 0.951555
2.47502 2.0341 -1.11501 2.09663 1.81001 0.950996
2.4752 2.03393 -1.11477 2.09665 1.80955 0.950436
2.47537 2.03376 -1.11453 2.09667 1.80908 0.949877
2.47555 2.03358 -1.11429 2.09669 1.80862 0.949318
2.47573 2.03341 -1.11405 2.09671 1.80816 0.948758
2.47591 2.03323 -1.11381 2.09673 1.80769 0.948199
2.47609 2.03306 -1.11357 2.09675 1.80723 0.947639
2.47627 2.03289 -1.11333 2.09677 1.80676 0.94708
2.47645 2.03271 -1.11309 2.09679 1.8063 0.94652
2.47663 2.03254 -1.11285 2.09681 1.80583 0.945961
2.47681 2.03236 -1.11261 2.09683 1.80537 0.945401
2.47699 2.03219 -1.11237 2.09685 1.8049 0.944842
2.47717 2.03202 -1.11214 2.09687 1.80444 0.944282
2.47735 2.03184 -1.1119 2.09689 1.80397 0.943723
2.47753 2.03167 -1.11166 2.09691 1.80351 0.943164
2.47771 2.03149 -1.11142 2.09693 1.80304 0.942604
2.47789 2.03132 -1.11118 2.09696 1.80258 0.942045
2.47807 2.03115 -1.11094 2.09698 1.80211 0.941485
2.47824 2.03097 -1.1107 2.097 1.80165 0.940926
2.47842 2.0308 -1.11046 2.09702 1.80118 0.940366
2.4786 2.03062 -1.11022 2.09704 1.80072 0.939807
2.47878 2.03045 -1.10998 2.09706 1.80025 0.939247
2.47896 2.03028 -1.10974 2.09708 1.79979 0.938688
2.47914 2.0301 -1.1095 2.0971 1.79932 0.938129
2.47932 2.02993 -1.10926 2.09712 1.79886 0.937569
2.4795 2.02975 -1.10902 2.09714 1.79839 0.93701
2.47968 2.02958 -1.10878 2.09716 1.79793 0.93645
2.47986 2.02941 -1.10854 2.09718 1.79746 0.935891
2.48004 2.02923 -1.1083 2.0972 1.797 0.935331
2.48022 2.02906 -1.10806 2.09722 1.79654 0.934772
2.4804 2.02888 -1.10782 2.09724 1.79607 0.934212
2.48058 2.02871 -1.10758 2.09726 1.79561 0.933653
2.48076 2.02854 -1.10734 2.09728 1.79514 0.933093
2.48093 2.02836 -1.1071 2.09731 1.79468 0.932534
2.48111 2.02819 -1.10686 2.09733 1.79421 0.931975
2.48129 2.02801 -1.10662 2.09735 1.79375 0.931415
2.48147 2.02784 -1.10638 2.09737 1.79328 0.930856
2.48165 2.02767 -1.10614 2.09739 1.79282 0.930296
2.48183 2.02749 -1.1059 2.09741 1.79235 0.929737
2.48201 2.02732 -1.10566 2.09743 1.79189 0.929177
2.48219 2.02714 -1.10542 2.09745 1.79142 0.928618
2.48237 2.02697 -1.10518 2.09747 1.79096 0.928058
2.48255 2.0268 -1.10494 2.09749 1.79049 0.927499
2.48273 2.02662 -1.1047 2.09751 1.79003 0.926939
2.48291 2.02645 -1.10446 2.09753 1.78956 0.92638
2.48309 2.02627 -1.10422 2.09755 1.7891 0.925821
2.48327 2.0261 -1.10398 2.09757 1.78863 0.925261
2.48345 2.02592 -1.10374 2.09759 1.78817 0.924702
2.48363 2.02575 -1.1035 2.09761 1.7877 0.924142
2.4838 2.02558 -1.10326 2.09764 1.78724 0.923583
2.48398 2.0254 -1.10302 2.09766 1.78677 0.923023
2.48416 2.02523 -1.10278 2.09768 1.78631 0.922464
2.48434 2.02505 -1.10254 2.0977 1.78584 0.921904
2.48452 2.02488 -1.1023 2.09772 1.78538 0.921345
2.4847 2.02471 -1.10206 2.09774 1.78492 0.920786
2.48488 2.02453 -1.10182 2.09776 1.78445 0.920226
2.48506 2.02436 -1.10158 2.09778 1.78399 0.919667
2.48524 2.02418 -1.10134 2.0978 1.78352 0.919107
2.48542 2.02401 -1.1011 2.09782 1.78306 0.918548
2.4856 2.02384 -1.10086 2.09784 1.78259 0.917988
2.48578 2.02366 -1.10062 2.09786 1.78213 0.917429
2.48596 2.02349 -1.10038 2.09788 1.78166 0.916869
2.48614 2.02331 -1.10014 2.0979 1.7812 0.91631
2.48632 2.02314 -1.0999 2.09792 1.78073 0.91575
2.48649 2.02297 -1.09966 2.09794 1.78027 0.915191
2.48667 2.02279 -1.09942 2.09796 1.7798 0.914632
2.48685 2.02262 -1.09918 2.09799 1.77934 0.914072
2.48703 2.02244 -1.09894 2.09801 1.77887 0.913513
2.48721 2.02227 -1.0987 2.09803 1.77841 0.912953
2.48739 2.0221 -1.09846 2.09805 1.77794 0.912394
2.48757 2.02192 -1.09822 2.09807 1.77748 0.911834
2.48775 2.02175 -1.09798 2.09809 1.77701 0.911275
2.48793 2.02157 -1.09774 2.09811 1.77655 0.910715
2.48811 2.0214 -1.0975 2.09813 1.77608 0.910156
2.48829 2.02123 -1.09726 2.09815 1.77562 0.909596
2.48847 2.02105 -1.09702 2.09817 1.77515 0.909037
2.48865 2.02088 -1.09678 2.09819 1.77469 0.908478
2.48883 2.0207 -1.09654 2.09821 1.77422 0.907918
2.48901 2.02053 -1.0963 2.09823 1.77376 0.907359
2.48919 2.02036 -1.09606 2.09825 1.7733 0.906799
2.48936 2.02018 -1.09582 2.09827 1.77283 0.90624
2.48954 2.02001 -1.09558 2.09829 1.77237 0.90568
2.48972 2.01983 -1.09534 2.09831 1.7719 0.905121
2.4899 2.01966 -1.0951 2.09834 1.77144 0.904561
2.49008 2.01949 -1.09486 2.09836 1.77097 0.904002
2.49026 2.01931 -1.09462 2.09838 1.77051 0.903443
2.49044 2.01914 -1.09438 2.0984 1.77004 0.902883
2.49062 2.01896 -1.09414 2.09842 1.76958 0.902324
2.4908 2.01879 -1.0939 2.09844 1.76911 0.901764
2.49098 2.01862 -1.09366 2.09846 1.76865 0.901205
2.49116 2.01844 -1.09342 2.09848 1.76818 0.900645
2.49134 2.01827 -1.09318 2.0985 1.76772 0.900086
2.49152 2.01809 -1.09294 2.09852 1.76725 0.899526
2.4917 2.01792 -1.0927 2.09854 1.76679 0.898967
2.49188 2.01775 -1.09246 2.09856 1.76632 0.898407
2.49206 2.01757 -1.09222 2.09858 1.76586 0.897848
2.49223 2.0174 -1.09198 2.0986 1.76539 0.897289
2.49241 2.01722 -1.09174 2.09862 1.76493 0.896729
2.49259 2.01705 -1.0915 2.09864 1.76446 0.89617
2.49277 2.01688 -1.09126 2.09866 1.764 0.89561
2.49295 2.0167 -1.09102 2.09869 1.76353 0.895051
2.49313 2.01653 -1.09078 2.09871 1.76307 0.894491
2.49331 2.01635 -1.09054 2.09873 1.76261 0.893932
2.49349 2.01618 -1.0903 2.09875 1.76214 0.893372
2.49367 2.01601 -1.09006 2.09877 1.76168 0.892813
2.49385 2.01583 -1.08982 2.09879 1.76121 0.892254
2.49403 2.01566 -1.08958 2.09881 1.76075 0.891694
2.49421 2.01548 -1.08934 2.09883 1.76028 0.891135
2.49439 2.01531 -1.0891 2.09885 1.75982 0.890575
2.49457 2.01514 -1.08886 2.09887 1.75935 0.890016
2.49475 2.01496 -1.08862 2.09889 1.75889 0.889456
2.49492 2.01479 -1.08838 2.09891 1.75842 0.888897
2.4951 2.01461 -1.08814 2.09893 1.75796 0.888337
2.49528 2.01444 -1.0879 2.09895 1.75749 0.887778
2.49546 2.01427 -1.08766 2.09897 1.75703 0.887218
2.49564 2.01409 -1.08742 2.09899 1.75656 0.886659
2.49582 2.01392 -1.08718 2.09902 1.7561 0.8861
2.496 2.01374 -1.08694 2.09904 1.75563 0.88554
2.49618 2.01357 -1.0867 2.09906 1.75517 0.884981
2.49636 2.0134 -1.08646 2.09908 1.7547 0.884421
2.49654 2.01322 -1.08622 2.0991 1.75424 0.883862
2.49672 2.01305 -1.08598 2.09912 1.75377 0.883302
2.4969 2.01287 -1.08574 2.09914 1.75331 0.882743
2.49708 2.0127 -1.0855 2.09916 1.75284 0.882183
2.49726 2.01253 -1.08526 2.09918 1.75238 0.881624
2.49744 2.01235 -1.08502 2.0992 1.75191 0.881064
2.49762 2.01218 -1.08478 2.09922 1.75145 0.880505
2.49779 2.012 -1.08454 2.09924 1.75099 0.879946
2.49797 2.01183 -1.0843 2.09926 1.75052 0.879386
2.49815 2.01166 -1.08406 2.09928 1.75006 0.878827
2.49833 2.01148 -1.08382 2.0993 1.74959 0.878267
2.49851 2.01131 -1.08358 2.09932 1.74913 0.877708
2.49869 2.01113 -1.08334 2.09934 1.74866 0.877148
2.49887 2.01096 -1.0831 2.09937 1.7482 0.876589
2.49905 2.01079 -1.08286 2.09939 1.74773 0.876029
2.49923 2.01061 -1.08262 2.09941 1.74727 0.87547
2.49941 2.01044 -1.08238 2.09943 1.7468 0.874911
2.49959 2.01026 -1.08214 2.09945 1.74634 0.874351
2.49977 2.01009 -1.0819 2.09947 1.74587 0.873792
2.49995 2.00992 -1.08166 2.09949 1.74541 0.873232
2.50013 2.00974 -1.08142 2.09951 1.74494 0.872673
2.50031 2.00957 -1.08118 2.09953 1.74448 0.872113
2.50048 2.00939 -1.08094 2.09955 1.74401 0.871554
2.50066 2.00922 -1.0807 2.09957 1.74355 0.870994
2.50084 2.00904 -1.08046 2.09959 1.74308 0.870435
2.50102 2.00887 -1.08022 2.09961 1.74262 0.869875
2.5012 2.0087 -1.07998 2.09963 1.74215 0.869316
2.50138 2.00852 -1.07975 2.09965 1.74169 0.868757
2.50156 2.00835 -1.07951 2.09967 1.74122 0.868197
2.50174 2.00817 -1.07927 2.09969 1.74076 0.867638
2.50192 2.008 -1.07903 2.09972 1.74029 0.867078
2.5021 2.00783 -1.07879 2.09974 1.73983 0.866519
2.50228 2.00765 -1.07855 2.09976 1.73937 0.865959
2.50246 2.00748 -1.07831 2.09978 1.7389 0.8654
2.50264 2.0073 -1.07807 2.0998 1.73844 0.86484
2.50282 2.00713 -1.07783 2.09982 1.73797 0.864281
2.503 2.00696 -1.07759 2.09984 1.73751 0.863721
2.50318 2.00678 -1.07735 2.09986 1.73704 0.863162
2.50335 2.00661 -1.07711 2.09988 1.73658 0.862603
2.50353 2.00643 -1.07687 2.0999 1.73611 0.862043
2.50371 2.00626 -1.07663 2.09992 1.73565 0.861484
2.50389 2.00609 -1.07639 2.09994 1.73518 0.860924
2.50407 2.00591 -1.07615 2.09996 1.73472 0.860365
2.50425 2.00574 -1.07591 2.09998 1.73425 0.859805
2.50443 2.00556 -1.07567 2.1 1.73379 0.859246
2.50461 2.00539 -1.07543 2.10002 1.73332 0.858686
2.50479 2.00522 -1.07519 2.10005 1.73286 0.858127
2.50497 2.00504 -1.07495 2.10007 1.73239 0.857568
2.50515 2.00487 -1.07471 2.10009 1.73193 0.857008
2.50533 2.00469 -1.07447 2.10011 1.73146 0.856449
2.50551 2.00452 -1.07423 2.10013 1.731 0.855889
2.50569 2.00435 -1.07399 2.10015 1.73053 0.85533
2.50587 2.00417 -1.07375 2.10017 1.73007 0.85477
2.50604 2.004 -1.07351 2.10019 1.7296 0.854211
2.50622 2.00382 -1.07327 2.10021 1.72914 0.853651
2.5064 2.00365 -1.07303 2.10023 1.72867 0.853092
2.50658 2.00348 -1.07279 2.10025 1.72821 0.852532
2.50676 2.0033 -1.07255 2.10027 1.72775 0.851973
2.50694 2.00313 -1.07231 2.10029 1.72728 0.851414
2.50712 2.00295 -1.07207 2.10031 1.72682 0.850854
2.5073 2.00278 -1.07183 2.10033 1.72635 0.850295
2.50748 2.00261 -1.07159 2.10035 1.72589 0.849735
2.50766 2.00243 -1.07135 2.10037 1.72542 0.849176
2.50784 2.00226 -1.07111 2.1004 1.72496 0.848616
2.50802 2.00208 -1.07087 2.10042 1.72449 0.848057
2.5082 2.00191 -1.07063 2.10044 1.72403 0.847497
2.50838 2.00174 -1.07039 2.10046 1.72356 0.846938
2.50856 2.00156 -1.07015 2.10048 1.7231 0.846379
2.50874 2.00139 -1.06991 2.1005 1.72263 0.845819
2.50891 2.00121 -1.06967 2.10052 1.72217 0.84526
2.50909 2.00104 -1.06943 2.10054 1.7217 0.8447
2.50927 2.00087 -1.06919 2.10056 1.72124 0.844141
2.50945 2.00069 -1.06895 2.10058 1.72077 0.843581
2.50963 2.00052 -1.06871 2.1006 1.72031 0.843022
2.50981 2.00034 -1.06847 2.10062 1.71984 0.842462
2.50999 2.00017 -1.06823 2.10064 1.71938 0.841903
2.51017 2 -1.06799 2.10066 1.71891 0.841343
2.51035 1.99982 -1.06775 2.10068 1.71845 0.840784
2.51053 1.99965 -1.06751 2.1007 1.71798 0.840225
2.51071 1.99947 -1.06727 2.10072 1.71752 0.839665
2.51089 1.9993 -1.06703 2.10075 1.71705 0.839106
2.51107 1.99913 -1.06679 2.10077 1.71659 0.838546
2.51125 1.99895 -1.06655 2.10079 1.71613 0.837987
2.51143 1.99878 -1.06631 2.10081 1.71566 0.837427
2.51161 1.9986 -1.06607 2.10083 1.7152 0.836868
2.51178 1.99843 -1.06583 2.10085 1.71473 0.836308
2.51196 1.99826 -1.06559 2.10087 1.71427 0.835749
2.51214 1.99808 -1.06535 2.10089 1.7138 0.835189
2.51232 1.99791 -1.06511 2.10091 1.71334 0.83463
2.5125 1.99773 -1.06487 2.10093 1.71287 0.834071
2.51268 1.99756 -1.06463 2.10095 1.71241 0.833511
2.51286 1.99739 -1.06439 2.10097 1.71194 0.832952
2.51304 1.99721 -1.06415 2.10099 1.71148 0.832392
2.51322 1.99704 -1.06391 2.10101 1.71101 0.831833
2.5134 1.99686 -1.06367 2.10103 1.71055 0.831273
2.51358 1.99669 -1.06343 2.10105 1.71008 0.830714
2.51376 1.99652 -1.06319 2.10108 1.70962 0.830154
2.51394 1.99634 -1.06295 2.1011 1.70915 0.829595
2.51412 1.99617 -1.06271 2.10112 1.70869 0.829036
2.5143 1.99599 -1.06247 2.10114 1.70822 0.828476
2.51447 1.99582 -1.06223 2.10116 1.70776 0.827917
2.51465 1.99565 -1.06199 2.10118 1.70729 0.827357
2.51483 1.99547 -1.06175 2.1012 1.70683 0.826798
2.51501 1.9953 -1.06151 2.10122 1.70636 0.826238
2.51519 1.99512 -1.06127 2.10124 1.7059 0.825679
2.51537 1.99495 -1.06103 2.10126 1.70544 0.825119
2.51555 1.99478 -1.06079 2.10128 1.70497 0.82456
2.51573 1.9946 -1.06055 2.1013 1.70451 0.824
2.51591 1.99443 -1.06031 2.10132 1.70404 0.823441
2.51609 1.99425 -1.06007 2.10134 1.70358 0.822882
2.51627 1.99408 -1.05983 2.10136 1.70311 0.822322
2.51645 1.99391 -1.05959 2.10138 1.70265 0.821763
2.51663 1.99373 -1.05935 2.1014 1.70218 0.821203
2.51681 1.99356 -1.05911 2.10143 1.70172 0.820644
2.51699 1.99338 -1.05887 2.10145 1.70125 0.820084
2.51717 1.99321 -1.05863 2.10147 1.70079 0.819525
2.51734 1.99304 -1.05839 2.10149 1.70032 0.818965
2.51752 1.99286 -1.05815 2.10151 1.69986 0.818406
2.5177 1.99269 -1.05791 2.10153 1.69939 0.817846
2.51788 1.99251 -1.05767 2.10155 1.69893 0.817287
2.51806 1.99234 -1.05743 2.10157 1.69846 0.816728
2.51824 1.99216 -1.05719 2.10159 1.698 0.816168
2.51842 1.99199 -1.05695 2.10161 1.69753 0.815609
2.5186 1.99182 -1.05671 2.10163 1.69707 0.815049
2.51878 1.99164 -1.05647 2.10165 1.6966 0.81449
2.51896 1.99147 -1.05623 2.10167 1.69614 0.81393
2.51914 1.99129 -1.05599 2.10169 1.69567 0.813371
2.51932 1.99112 -1.05575 2.10171 1.69521 0.812811
2.5195 1.99095 -1.05551 2.10173 1.69474 0.812252
2.51968 1.99077 -1.05527 2.10175 1.69428 0.811693
2.51986 1.9906 -1.05503 2.10178 1.69382 0.811133
2.52003 1.99042 -1.05479 2.1018 1.69335 0.810574
2.52021 1.99025 -1.05455 2.10182 1.69289 0.810014
2.52039 1.99008 -1.05431 2.10184 1.69242 0.809455
2.52057 1.9899 -1.05407 2.10186 1.69196 0.808895
2.52075 1.98973 -1.05383 2.10188 1.69149 0.808336
2.52093 1.98955 -1.05359 2.1019 1.69103 0.807776
2.52111 1.98938 -1.05335 2.10192 1.69056 0.807217
2.52129 1.98921 -1.05311 2.10194 1.6901 0.806657
2.52147 1.98903 -1.05287 2.10196 1.68963 0.806098
2.52165 1.98886 -1.05263 2.10198 1.68917 0.805539
2.52183 1.98868 -1.05239 2.102 1.6887 0.804979
2.52201 1.98851 -1.05215 2.10202 1.68824 0.80442
2.52219 1.98834 -1.05191 2.10204 1.68777 0.80386
2.52237 1.98816 -1.05167 2.10206 1.68731 0.803301
2.52255 1.98799 -1.05143 2.10208 1.68684 0.802741
2.52273 1.98781 -1.05119 2.10211 1.68638 0.802182
2.5229 1.98764 -1.05095 2.10213 1.68591 0.801622
2.52308 1.98747 -1.05071 2.10215 1.68545 0.801063
2.52326 1.98729 -1.05047 2.10217 1.68498 0.800504
2.52344 1.98712 -1.05023 2.10219 1.68452 0.799944
2.52362 1.98694 -1.04999 2.10221 1.68405 0.799385
2.5238 1.98677 -1.04975 2.10223 1.68359 0.798825
2.52398 1.9866 -1.04951 2.10225 1.68312 0.798266
2.52416 1.98642 -1.04927 2.10227 1.68266 0.797706
2.52434 1.98625 -1.04903 2.10229 1.6822 0.797147
2.52452 1.98607 -1.04879 2.10231 1.68173 0.796587
2.5247 1.9859 -1.04855 2.10233 1.68127 0.796028
2.52488 1.98573 -1.04831 2.10235 1.6808 0.795468
2.52506 1.98555 -1.04807 2.10237 1.68034 0.794909
2.52524 1.98538 -1.04783 2.10239 1.67987 0.79435
2.52542 1.9852 -1.04759 2.10241 1.67941 0.79379
2.52559 1.98503 -1.04735 2.10243 1.67894 0.793231
2.52577 1.98486 -1.04712 2.10246 1.67848 0.792671
2.52595 1.98468 -1.04688 2.10248 1.67801 0.792112
2.52613 1.98451 -1.04664 2.1025 1.67755 0.791552
2.52631 1.98433 -1.0464 2.10252 1.67708 0.790993
2.52649 1.98416 -1.04616 2.10254 1.67662 0.790433
2.52667 1.98399 -1.04592 2.10256 1.67615 0.789874
2.52685 1.98381 -1.04568 2.10258 1.67569 0.789314
2.52703 1.98364 -1.04544 2.1026 1.67522 0.788755
2.52721 1.98346 -1.0452 2.10262 1.67476 0.788196
2.52739 1.98329 -1.04496 2.10264 1.67429 0.787636
2.52757 1.98312 -1.04472 2.10266 1.67383 0.787077
2.52775 1.98294 -1.04448 2.10268 1.67336 0.786517
2.52793 1.98277 -1.04424 2.1027 1.6729 0.785958
2.52811 1.98259 -1.044 2.10272 1.67243 0.785398
2.52829 1.98242 -1.04376 2.10274 1.67197 0.784839
2.52846 1.98225 -1.04352 2.10276 1.6715 0.784279
2.52864 1.98207 -1.04328 2.10278 1.67104 0.78372
2.52882 1.9819 -1.04304 2.10281 1.67058 0.783161
2.529 1.98172 -1.0428 2.10283 1.67011 0.782601
2.52918 1.98155 -1.04256 2.10285 1.66965 0.782042
2.52936 1.98138 -1.04232 2.10287 1.66918 0.781482
2.52954 1.9812 -1.04208 2.10289 1.66872 0.780923
2.52972 1.98103 -1.04184 2.10291 1.66825 0.780363
2.5299 1.98085 -1.0416 2.10293 1.66779 0.779804
2.53008 1.98068 -1.04136 2.10295 1.66732 0.779244
2.53026 1.98051 -1.04112 2.10297 1.66686 0.778685
2.53044 1.98033 -1.04088 2.10299 1.66639 0.778125
2.53062 1.98016 -1.04064 2.10301 1.66593 0.777566
2.5308 1.97998 -1.0404 2.10303 1.66546 0.777007
2.53098 1.97981 -1.04016 2.10305 1.665 0.776447
2.53116 1.97964 -1.03992 2.10307 1.66453 0.775888
2.53133 1.97946 -1.03968 2.10309 1.66407 0.775328
2.53151 1.97929 -1.03944 2.10311 1.6636 0.774769
2.53169 1.97911 -1.0392 2.10314 1.66314 0.774209
2.53187 1.97894 -1.03896 2.10316 1.66267 0.77365
2.53205 1.97877 -1.03872 2.10318 1.66221 0.77309
2.53223 1.97859 -1.03848 2.1032 1.66174 0.772531
2.53241 1.97842 -1.03824 2.10322 1.66128 0.771971
2.53259 1.97824 -1.038 2.10324 1.66081 0.771412
2.53277 1.97807 -1.03776 2.10326 1.66035 0.770853
2.53295 1.9779 -1.03752 2.10328 1.65989 0.770293
2.53313 1.97772 -1.03728 2.1033 1.65942 0.769734
2.53331 1.97755 -1.03704 2.10332 1.65896 0.769174
2.53349 1.97737 -1.0368 2.10334 1.65849 0.768615
2.53367 1.9772 -1.03656 2.10336 1.65803 0.768055
2.53385 1.97703 -1.03632 2.10338 1.65756 0.767496
2.53402 1.97685 -1.03608 2.1034 1.6571 0.766936
2.5342 1.97668 -1.03584 2.10342 1.65663 0.766377
2.53438 1.9765 -1.0356 2.10344 1.65617 0.765818
2.53456 1.97633 -1.03536 2.10346 1.6557 0.765258
2.53474 1.97616 -1.03512 2.10349 1.65524 0.764699
2.53492 1.97598 -1.03488 2.10351 1.65477 0.764139
2.5351 1.97581 -1.03464 2.10353 1.65431 0.76358
2.53528 1.97563 -1.0344 2.10355 1.65384 0.76302
2.53546 1.97546 -1.03416 2.10357 1.65338 0.762461
2.53564 1.97528 -1.03392 2.10359 1.65291 0.761901
2.53582 1.97511 -1.03368 2.10361 1.65245 0.761342
2.536 1.97494 -1.03344 2.10363 1.65198 0.760782
2.53618 1.97476 -1.0332 2.10365 1.65152 0.760223
2.53636 1.97459 -1.03296 2.10367 1.65105 0.759664
2.53654 1.97441 -1.03272 2.10369 1.65059 0.759104
2.53672 1.97424 -1.03248 2.10371 1.65012 0.758545
2.53689 1.97407 -1.03224 2.10373 1.64966 0.757985
2.53707 1.97389 -1.032 2.10375 1.64919 0.757426
2.53725 1.97372 -1.03176 2.10377 1.64873 0.756866
2.53743 1.97354 -1.03152 2.10379 1.64827 0.756307
2.53761 1.97337 -1.03128 2.10381 1.6478 0.755747
2.53779 1.9732 -1.03104 2.10384 1.64734 0.755188
2.53797 1.97302 -1.0308 2.10386 1.64687 0.754628
2.53815 1.97285 -1.03056 2.10388 1.64641 0.754069
2.53833 1.97267 -1.03032 2.1039 1.64594 0.75351
2.53851 1.9725 -1.03008 2.10392 1.64548 0.75295
2.53869 1.97233 -1.02984 2.10394 1.64501 0.752391
2.53887 1.97215 -1.0296 2.10396 1.64455 0.751831
2.53905 1.97198 -1.02936 2.10398 1.64408 0.751272
2.53923 1.9718 -1.02912 2.104 1.64362 0.750712
2.53941 1.97163 -1.02888 2.10402 1.64315 0.750153
2.53958 1.97146 -1.02864 2.10404 1.64269 0.749593
2.53976 1.97128 -1.0284 2.10406 1.64222 0.749034
2.53994 1.97111 -1.02816 2.10408 1.64176 0.748475
2.54012 1.97093 -1.02792 2.1041 1.64129 0.747915
2.5403 1.97076 -1.02768 2.10412 1.64083 0.747356
2.54048 1.97059 -1.02744 2.10414 1.64036 0.746796
2.54066 1.97041 -1.0272 2.10417 1.6399 0.746237
2.54084 1.97024 -1.02696 2.10419 1.63943 0.745677
2.54102 1.97006 -1.02672 2.10421 1.63897 0.745118
2.5412 1.96989 -1.02648 2.10423 1.6385 0.744558
2.54138 1.96972 -1.02624 2.10425 1.63804 0.743999
2.54156 1.96954 -1.026 2.10427 1.63757 0.743439
2.54174 1.96937 -1.02576 2.10429 1.63711 0.74288
2.54192 1.96919 -1.02552 2.10431 1.63665 0.742321
2.5421 1.96902 -1.02528 2.10433 1.63618 0.741761
2.54228 1.96885 -1.02504 2.10435 1.63572 0.741202
2.54245 1.96867 -1.0248 2.10437 1.63525 0.740642
2.54263 1.9685 -1.02456 2.10439 1.63479 0.740083
2.54281 1.96832 -1.02432 2.10441 1.63432 0.739523
2.54299 1.96815 -1.02408 2.10443 1.63386 0.738964
2.54317 1.96798 -1.02384 2.10445 1.63339 0.738404
2.54335 1.9678 -1.0236 2.10447 1.63293 0.737845
2.54353 1.96763 -1.02336 2.10449 1.63246 0.737286
2.54371 1.96745 -1.02312 2.10452 1.632 0.736726
2.54389 1.96728 -1.02288 2.10454 1.63153 0.736167
2.54407 1.96711 -1.02264 2.10456 1.63107 0.735607
2.54425 1.96693 -1.0224 2.10458 1.6306 0.735048
2.54443 1.96676 -1.02216 2.1046 1.63014 0.734488
2.54461 1.96658 -1.02192 2.10462 1.62967 0.733929
2.54479 1.96641 -1.02168 2.10464 1.62921 0.733369
2.54497 1.96624 -1.02144 2.10466 1.62874 0.73281
2.54515 1.96606 -1.0212 2.10468 1.62828 0.73225
2.54532 1.96589 -1.02096 2.1047 1.62781 0.731691
2.5455 1.96571 -1.02072 2.10472 1.62735 0.731132
2.54568 1.96554 -1.02048 2.10474 1.62688 0.730572
2.54586 1.96537 -1.02024 2.10476 1.62642 0.730013
2.54604 1.96519 -1.02 2.10478 1.62595 0.729453
2.54622 1.96502 -1.01976 2.1048 1.62549 0.728894
2.5464 1.96484 -1.01952 2.10482 1.62503 0.728334
2.54658 1.96467 -1.01928 2.10484 1.62456 0.727775
2.54676 1.9645 -1.01904 2.10487 1.6241 0.727215
2.54694 1.96432 -1.0188 2.10489 1.62363 0.726656
2.54712 1.96415 -1.01856 2.10491 1.62317 0.726096
2.5473 1.96397 -1.01832 2.10493 1.6227 0.725537
2.54748 1.9638 -1.01808 2.10495 1.62224 0.724978
2.54766 1.96363 -1.01784 2.10497 1.62177 0.724418
2.54784 1.96345 -1.0176 2.10499 1.62131 0.723859
2.54801 1.96328 -1.01736 2.10501 1.62084 0.723299
2.54819 1.9631 -1.01712 2.10503 1.62038 0.72274
2.54837 1.96293 -1.01688 2.10505 1.61991 0.72218
2.54855 1.96276 -1.01664 2.10507 1.61945 0.721621
2.54873 1.96258 -1.0164 2.10509 1.61898 0.721061
2.54891 1.96241 -1.01616 2.10511 1.61852 0.720502
2.54909 1.96223 -1.01592 2.10513 1.61805 0.719943
2.54927 1.96206 -1.01568 2.10515 1.61759 0.719383
2.54945 1.96189 -1.01544 2.10517 1.61712 0.718824
2.54963 1.96171 -1.0152 2.1052 1.61666 0.718264
2.54981 1.96154 -1.01496 2.10522 1.61619 0.717705
2.54999 1.96136 -1.01472 2.10524 1.61573 0.717145
2.55017 1.96119 -1.01449 2.10526 1.61526 0.716586
2.55035 1.96102 -1.01425 2.10528 1.6148 0.716026
2.55053 1.96084 -1.01401 2.1053 1.61433 0.715467
2.55071 1.96067 -1.01377 2.10532 1.61387 0.714907
2.55088 1.96049 -1.01353 2.10534 1.61341 0.714348
2.55106 1.96032 -1.01329 2.10536 1.61294 0.713789
2.55124 1.96015 -1.01305 2.10538 1.61248 0.713229
2.55142 1.95997 -1.01281 2.1054 1.61201 0.71267
2.5516 1.9598 -1.01257 2.10542 1.61155 0.71211
2.55178 1.95962 -1.01233 2.10544 1.61108 0.711551
2.55196 1.95945 -1.01209 2.10546 1.61062 0.710991
2.55214 1.95928 -1.01185 2.10548 1.61015 0.710432
2.55232 1.9591 -1.01161 2.1055 1.60969 0.709872
2.5525 1.95893 -1.01137 2.10552 1.60922 0.709313
2.55268 1.95875 -1.01113 2.10555 1.60876 0.708753
2.55286 1.95858 -1.01089 2.10557 1.60829 0.708194
2.55304 1.9584 -1.01065 2.10559 1.60783 0.707635
2.55322 1.95823 -1.01041 2.10561 1.60736 0.707075
2.5534 1.95806 -1.01017 2.10563 1.6069 0.706516
2.55357 1.95788 -1.00993 2.10565 1.60643 0.705956
2.55375 1.95771 -1.00969 2.10567 1.60597 0.705397
2.55393 1.95753 -1.00945 2.10569 1.6055 0.704837
2.55411 1.95736 -1.00921 2.10571 1.60504 0.704278
2.55429 1.95719 -1.00897 2.10573 1.60457 0.703718
2.55447 1.95701 -1.00873 2.10575 1.60411 0.703159
2.55465 1.95684 -1.00849 2.10577 1.60364 0.7026
2.55483 1.95666 -1.00825 2.10579 1.60318 0.70204
2.55501 1.95649 -1.00801 2.10581 1.60272 0.701481
2.55519 1.95632 -1.00777 2.10583 1.60225 0.700921
2.55537 1.95614 -1.00753 2.10585 1.60179 0.700362
2.55555 1.95597 -1.00729 2.10587 1.60132 0.699802
2.55573 1.95579 -1.00705 2.1059 1.60086 0.699243
2.55591 1.95562 -1.00681 2.10592 1.60039 0.698683
2.55609 1.95545 -1.00657 2.10594 1.59993 0.698124
2.55627 1.95527 -1.00633 2.10596 1.59946 0.697564
2.55644 1.9551 -1.00609 2.10598 1.599 0.697005
2.55662 1.95492 -1.00585 2.106 1.59853 0.696446
2.5568 1.95475 -1.00561 2.10602 1.59807 0.695886
2.55698 1.95458 -1.00537 2.10604 1.5976 0.695327
2.55716 1.9544 -1.00513 2.10606 1.59714 0.694767
2.55734 1.95423 -1.00489 2.10608 1.59667 0.694208
2.55752 1.95405 -1.00465 2.1061 1.59621 0.693648
2.5577 1.95388 -1.00441 2.10612 1.59574 0.693089
2.55788 1.95371 -1.00417 2.10614 1.59528 0.692529
2.55806 1.95353 -1.00393 2.10616 1.59481 0.69197
2.55824 1.95336 -1.00369 2.10618 1.59435 0.691411
2.55842 1.95318 -1.00345 2.1062 1.59388 0.690851
2.5586 1.95301 -1.00321 2.10623 1.59342 0.690292
2.55878 1.95284 -1.00297 2.10625 1.59295 0.689732
2.55896 1.95266 -1.00273 2.10627 1.59249 0.689173
2.55913 1.95249 -1.00249 2.10629 1.59202 0.688613
2.55931 1.95231 -1.00225 2.10631 1.59156 0.688054
2.55949 1.95214 -1.00201 2.10633 1.5911 0.687494
2.55967 1.95197 -1.00177 2.10635 1.59063 0.686935
2.55985 1.95179 -1.00153 2.10637 1.59017 0.686375
2.56003 1.95162 -1.00129 2.10639 1.5897 0.685816
2.56021 1.95144 -1.00105 2.10641 1.58924 0.685257
2.56039 1.95127 -1.00081 2.10643 1.58877 0.684697
2.56057 1.9511 -1.00057 2.10645 1.58831 0.684138
2.56075 1.95092 -1.00033 2.10647 1.58784 0.683578
2.56093 1.95075 -1.00009 2.10649 1.58738 0.683019
2.56111 1.95057 -0.99985 2.10651 1.58691 0.682459
2.56129 1.9504 -0.99961 2.10653 1.58645 0.6819
2.56147 1.95023 -0.99937 2.10655 1.58598 0.68134
2.56165 1.95005 -0.99913 2.10658 1.58552 0.680781
2.56183 1.94988 -0.99889 2.1066 1.58505 0.680221
2.562 1.9497 -0.99865 2.10662 1.58459 0.679662
2.56218 1.94953 -0.99841 2.10664 1.58412 0.679103
2.56236 1.94936 -0.99817 2.10666 1.58366 0.678543
2.56254 1.94918 -0.99793 2.10668 1.58319 0.677984
2.56272 1.94901 -0.99769 2.1067 1.58273 0.677424
2.5629 1.94883 -0.99745 2.10672 1.58226 0.676865
2.56308 1.94866 -0.99721 2.10674 1.5818 0.676305
2.56326 1.94849 -0.99697 2.10676 1.58133 0.675746
2.56344 1.94831 -0.99673 2.10678 1.58087 0.675186
2.56362 1.94814 -0.996491 2.1068 1.5804 0.674627
2.5638 1.94796 -0.996251 2.10682 1.57994 0.674068
2.56398 1.94779 -0.996011 2.10684 1.57948 0.673508
2.56416 1.94762 -0.995771 2.10686 1.57901 0.672949
2.56434 1.94744 -0.995531 2.10688 1.57855 0.672389
2.56452 1.94727 -0.995291 2.1069 1.57808 0.67183
2.5647 1.94709 -0.995051 2.10693 1.57762 0.67127
2.56487 1.94692 -0.994811 2.10695 1.57715 0.670711
2.56505 1.94675 -0.994571 2.10697 1.57669 0.670151
2.56523 1.94657 -0.994331 2.10699 1.57622 0.669592
2.56541 1.9464 -0.994091 2.10701 1.57576 0.669032
2.56559 1.94622 -0.993851 2.10703 1.57529 0.668473
2.56577 1.94605 -0.993611 2.10705 1.57483 0.667914
2.56595 1.94588 -0.993372 2.10707 1.57436 0.667354
2.56613 1.9457 -0.993132 2.10709 1.5739 0.666795
2.56631 1.94553 -0.992892 2.10711 1.57343 0.666235
2.56649 1.94535 -0.992652 2.10713 1.57297 0.665676
2.56667 1.94518 -0.992412 2.10715 1.5725 0.665116
2.56685 1.94501 -0.992172 2.10717 1.57204 0.664557
2.56703 1.94483 -0.991932 2.10719 1.57157 0.663997
2.56721 1.94466 -0.991692 2.10721 1.57111 0.663438
2.56739 1.94448 -0.991452 2.10723 1.57064 0.662878
2.56756 1.94431 -0.991212 2.10725 1.57018 0.662319
2.56774 1.94414 -0.990972 2.10728 1.56971 0.66176
2.56792 1.94396 -0.990732 2.1073 1.56925 0.6612
2.5681 1.94379 -0.990492 2.10732 1.56878 0.660641
2.56828 1.94361 -0.990252 2.10734 1.56832 0.660081
2.56846 1.94344 -0.990013 2.10736 1.56786 0.659522
2.56864 1.94327 -0.989773 2.10738 1.56739 0.658962
2.56882 1.94309 -0.989533 2.1074 1.56693 0.658403
2.569 1.94292 -0.989293 2.10742 1.56646 0.657843
2.56918 1.94274 -0.989053 2.10744 1.566 0.657284
2.56936 1.94257 -0.988813 2.10746 1.56553 0.656725
2.56954 1.9424 -0.988573 2.10748 1.56507 0.656165
2.56972 1.94222 -0.988333 2.1075 1.5646 0.655606
2.5699 1.94205 -0.988093 2.10752 1.56414 0.655046
2.57008 1.94187 -0.987853 2.10754 1.56367 0.654487
2.57026 1.9417 -0.987613 2.10756 1.56321 0.653927
2.57043 1.94152 -0.987373 2.10758 1.56274 0.653368
2.57061 1.94135 -0.987133 2.10761 1.56228 0.652808
2.57079 1.94118 -0.986894 2.10763 1.56181 0.652249
2.57097 1.941 -0.986654 2.10765 1.56135 0.651689
2.57115 1.94083 -0.986414 2.10767 1.56088 0.65113
2.57133 1.94065 -0.986174 2.10769 1.56042 0.650571
2.57151 1.94048 -0.985934 2.10771 1.55995 0.650011
2.57169 1.94031 -0.985694 2.10773 1.55949 0.649452
2.57187 1.94013 -0.985454 2.10775 1.55902 0.648892
2.57205 1.93996 -0.985214 2.10777 1.55856 0.648333
2.57223 1.93978 -0.984974 2.10779 1.55809 0.647773
2.57241 1.93961 -0.984734 2.10781 1.55763 0.647214
2.57259 1.93944 -0.984494 2.10783 1.55717 0.646654
2.57277 1.93926 -0.984254 2.10785 1.5567 0.646095
2.57295 1.93909 -0.984014 2.10787 1.55624 0.645536
2.57312 1.93891 -0.983774 2.10789 1.55577 0.644976
2.5733 1.93874 -0.983535 2.10791 1.55531 0.644417
2.57348 1.93857 -0.983295 2.10793 1.55484 0.643857
2.57366 1.93839 -0.983055 2.10796 1.55438 0.643298
2.57384 1.93822 -0.982815 2.10798 1.55391 0.642738
2.57402 1.93804 -0.982575 2.108 1.55345 0.642179
2.5742 1.93787 -0.982335 2.10802 1.55298 0.641619
2.57438 1.9377 -0.982095 2.10804 1.55252 0.64106
2.57456 1.93752 -0.981855 2.10806 1.55205 0.6405
2.57474 1.93735 -0.981615 2.10808 1.55159 0.639941
2.57492 1.93717 -0.981375 2.1081 1.55112 0.639382
2.5751 1.937 -0.981135 2.10812 1.55066 0.638822
2.57528 1.93683 -0.980895 2.10814 1.55019 0.638263
2.57546 1.93665 -0.980655 2.10816 1.54973 0.637703
2.57564 1.93648 -0.980416 2.10818 1.54926 0.637144
2.57582 1.9363 -0.980176 2.1082 1.5488 0.636584
2.57599 1.93613 -0.979936 2.10822 1.54833 0.636025
2.57617 1.93596 -0.979696 2.10824 1.54787 0.635465
2.57635 1.93578 -0.979456 2.10826 1.5474 0.634906
2.57653 1.93561 -0.979216 2.10828 1.54694 0.634346
2.57671 1.93543 -0.978976 2.10831 1.54647 0.633787
2.57689 1.93526 -0.978736 2.10833 1.54601 0.633228
2.57707 1.93509 -0.978496 2.10835 1.54555 0.632668
2.57725 1.93491 -0.978256 2.10837 1.54508 0.632109
2.57743 1.93474 -0.978016 2.10839 1.54462 0.631549
2.57761 1.93456 -0.977776 2.10841 1.54415 0.63099
2.57779 1.93439 -0.977536 2.10843 1.54369 0.63043
2.57797 1.93422 -0.977296 2.10845 1.54322 0.629871
2.57815 1.93404 -0.977057 2.10847 1.54276 0.629311
2.57833 1.93387 -0.976817 2.10849 1.54229 0.628752
2.57851 1.93369 -0.976577 2.10851 1.54183 0.628193
2.57868 1.93352 -0.976337 2.10853 1.54136 0.627633
2.57886 1.93335 -0.976097 2.10855 1.5409 0.627074
2.57904 1.93317 -0.975857 2.10857 1.54043 0.626514
2.57922 1.933 -0.975617 2.10859 1.53997 0.625955
2.5794 1.93282 -0.975377 2.10861 1.5395 0.625395
2.57958 1.93265 -0.975137 2.10864 1.53904 0.624836
2.57976 1.93248 -0.974897 2.10866 1.53857 0.624276
2.57994 1.9323 -0.974657 2.10868 1.53811 0.623717
2.58012 1.93213 -0.974417 2.1087 1.53764 0.623157
2.5803 1.93195 -0.974177 2.10872 1.53718 0.622598
2.58048 1.93178 -0.973937 2.10874 1.53671 0.622039
2.58066 1.93161 -0.973698 2.10876 1.53625 0.621479
2.58084 1.93143 -0.973458 2.10878 1.53578 0.62092
2.58102 1.93126 -0.973218 2.1088 1.53532 0.62036
2.5812 1.93108 -0.972978 2.10882 1.53485 0.619801
2.58138 1.93091 -0.972738 2.10884 1.53439 0.619241
2.58155 1.93074 -0.972498 2.10886 1.53393 0.618682
2.58173 1.93056 -0.972258 2.10888 1.53346 0.618122
2.58191 1.93039 -0.972018 2.1089 1.533 0.617563
2.58209 1.93021 -0.971778 2.10892 1.53253 0.617003
2.58227 1.93004 -0.971538 2.10894 1.53207 0.616444
2.58245 1.92987 -0.971298 2.10896 1.5316 0.615885
2.58263 1.92969 -0.971058 2.10899 1.53114 0.615325
2.58281 1.92952 -0.970818 2.10901 1.53067 0.614766
2.58299 1.92934 -0.970579 2.10903 1.53021 0.614206
2.58317 1.92917 -0.970339 2.10905 1.52974 0.613647
2.58335 1.929 -0.970099 2.10907 1.52928 0.613087
2.58353 1.92882 -0.969859 2.10909 1.52881 0.612528
2.58371 1.92865 -0.969619 2.10911 1.52835 0.611968
2.58389 1.92847 -0.969379 2.10913 1.52788 0.611409
2.58407 1.9283 -0.969139 2.10915 1.52742 0.61085
2.58425 1.92813 -0.968899 2.10917 1.52695 0.61029
2.58442 1.92795 -0.968659 2.10919 1.52649 0.609731
2.5846 1.92778 -0.968419 2.10921 1.52602 0.609171
2.58478 1.9276 -0.968179 2.10923 1.52556 0.608612
2.58496 1.92743 -0.967939 2.10925 1.52509 0.608052
2.58514 1.92726 -0.967699 2.10927 1.52463 0.607493
2.58532 1.92708 -0.967459 2.10929 1.52416 0.606933
2.5855 1.92691 -0.96722 2.10931 1.5237 0.606374
2.58568 1.92673 -0.96698 2.10934 1.52323 0.605814
2.58586 1.92656 -0.96674 2.10936 1.52277 0.605255
2.58604 1.92639 -0.9665 2.10938 1.52231 0.604696
2.58622 1.92621 -0.96626 2.1094 1.52184 0.604136
2.5864 1.92604 -0.96602 2.10942 1.52138 0.603577
2.58658 1.92586 -0.96578 2.10944 1.52091 0.603017
2.58676 1.92569 -0.96554 2.10946 1.52045 0.602458
2.58694 1.92552 -0.9653 2.10948 1.51998 0.601898
2.58711 1.92534 -0.96506 2.1095 1.51952 0.601339
2.58729 1.92517 -0.96482 2.10952 1.51905 0.600779
2.58747 1.92499 -0.96458 2.10954 1.51859 0.60022
2.58765 1.92482 -0.96434 2.10956 1.51812 0.599661
2.58783 1.92464 -0.964101 2.10958 1.51766 0.599101
2.58801 1.92447 -0.963861 2.1096 1.51719 0.598542
2.58819 1.9243 -0.963621 2.10962 1.51673 0.597982
2.58837 1.92412 -0.963381 2.10964 1.51626 0.597423
2.58855 1.92395 -0.963141 2.10967 1.5158 0.596863
2.58873 1.92377 -0.962901 2.10969 1.51533 0.596304
2.58891 1.9236 -0.962661 2.10971 1.51487 0.595744
2.58909 1.92343 -0.962421 2.10973 1.5144 0.595185
2.58927 1.92325 -0.962181 2.10975 1.51394 0.594625
2.58945 1.92308 -0.961941 2.10977 1.51347 0.594066
2.58963 1.9229 -0.961701 2.10979 1.51301 0.593507
2.58981 1.92273 -0.961461 2.10981 1.51254 0.592947
2.58998 1.92256 -0.961221 2.10983 1.51208 0.592388
2.59016 1.92238 -0.960981 2.10985 1.51162 0.591828
2.59034 1.92221 -0.960742 2.10987 1.51115 0.591269
2.59052 1.92203 -0.960502 2.10989 1.51069 0.590709
2.5907 1.92186 -0.960262 2.10991 1.51022 0.59015
2.59088 1.92169 -0.960022 2.10993 1.50976 0.58959
2.59106 1.92151 -0.959782 2.10995 1.50929 0.589031
2.59124 1.92134 -0.959542 2.10997 1.50883 0.588471
2.59142 1.92116 -0.959302 2.10999 1.50836 0.587912
2.5916 1.92099 -0.959062 2.11002 1.5079 0.587353
2.59178 1.92082 -0.958822 2.11004 1.50743 0.586793
2.59196 1.92064 -0.958582 2.11006 1.50697 0.586234
2.59214 1.92047 -0.958342 2.11008 1.5065 0.585674
2.59232 1.92029 -0.958102 2.1101 1.50604 0.585115
2.5925 1.92012 -0.957862 2.11012 1.50557 0.584555
2.59267 1.91995 -0.957623 2.11014 1.50511 0.583996
2.59285 1.91977 -0.957383 2.11016 1.50464 0.583436
2.59303 1.9196 -0.957143 2.11018 1.50418 0.582877
2.59321 1.91942 -0.956903 2.1102 1.50371 0.582318
2.59339 1.91925 -0.956663 2.11022 1.50325 0.581758
2.59357 1.91908 -0.956423 2.11024 1.50278 0.581199
2.59375 1.9189 -0.956183 2.11026 1.50232 0.580639
2.59393 1.91873 -0.955943 2.11028 1.50185 0.58008
2.59411 1.91855 -0.955703 2.1103 1.50139 0.57952
2.59429 1.91838 -0.955463 2.11032 1.50092 0.578961
2.59447 1.91821 -0.955223 2.11034 1.50046 0.578401
2.59465 1.91803 -0.954983 2.11037 1.5 0.577842
2.59483 1.91786 -0.954743 2.11039 1.49953 0.577282
2.59501 1.91768 -0.954503 2.11041 1.49907 0.576723
2.59519 1.91751 -0.954264 2.11043 1.4986 0.576164
2.59537 1.91734 -0.954024 2.11045 1.49814 0.575604
2.59554 1.91716 -0.953784 2.11047 1.49767 0.575045
2.59572 1.91699 -0.953544 2.11049 1.49721 0.574485
2.5959 1.91681 -0.953304 2.11051 1.49674 0.573926
2.59608 1.91664 -0.953064 2.11053 1.49628 0.573366
2.59626 1.91647 -0.952824 2.11055 1.49581 0.572807
2.59644 1.91629 -0.952584 2.11057 1.49535 0.572247
2.59662 1.91612 -0.952344 2.11059 1.49488 0.571688
2.5968 1.91594 -0.952104 2.11061 1.49442 0.571128
2.59698 1.91577 -0.951864 2.11063 1.49395 0.570569
2.59716 1.9156 -0.951624 2.11065 1.49349 0.57001
2.59734 1.91542 -0.951384 2.11067 1.49302 0.56945
2.59752 1.91525 -0.951144 2.1107 1.49256 0.568891
2.5977 1.91507 -0.950905 2.11072 1.49209 0.568331
2.59788 1.9149 -0.950665 2.11074 1.49163 0.567772
2.59806 1.91473 -0.950425 2.11076 1.49116 0.567212
2.59823 1.91455 -0.950185 2.11078 1.4907 0.566653
2.59841 1.91438 -0.949945 2.1108 1.49023 0.566093
2.59859 1.9142 -0.949705 2.11082 1.48977 0.565534
2.59877 1.91403 -0.949465 2.11084 1.4893 0.564975
2.59895 1.91386 -0.949225 2.11086 1.48884 0.564415
2.59913 1.91368 -0.948985 2.11088 1.48838 0.563856
2.59931 1.91351 -0.948745 2.1109 1.48791 0.563296
2.59949 1.91333 -0.948505 2.11092 1.48745 0.562737
2.59967 1.91316 -0.948265 2.11094 1.48698 0.562177
2.59985 1.91299 -0.948025 2.11096 1.48652 0.561618
2.60003 1.91281 -0.947786 2.11098 1.48605 0.561058
2.60021 1.91264 -0.947546 2.111 1.48559 0.560499
2.60039 1.91246 -0.947306 2.11102 1.48512 0.559939
2.60057 1.91229 -0.947066 2.11105 1.48466 0.55938
2.60075 1.91212 -0.946826 2.11107 1.48419 0.558821
2.60093 1.91194 -0.946586 2.11109 1.48373 0.558261
2.6011 1.91177 -0.946346 2.11111 1.48326 0.557702
2.60128 1.91159 -0.946106 2.11113 1.4828 0.557142
2.60146 1.91142 -0.945866 2.11115 1.48233 0.556583
2.60164 1.91125 -0.945626 2.11117 1.48187 0.556023
2.60182 1.91107 -0.945386 2.11119 1.4814 0.555464
2.602 1.9109 -0.945146 2.11121 1.48094 0.554904
2.60218 1.91072 -0.944906 2.11123 1.48047 0.554345
2.60236 1.91055 -0.944666 2.11125 1.48001 0.553786
2.60254 1.91038 -0.944427 2.11127 1.47954 0.553226
2.60272 1.9102 -0.944187 2.11129 1.47908 0.552667
2.6029 1.91003 -0.943947 2.11131 1.47861 0.552107
2.60308 1.90985 -0.943707 2.11133 1.47815 0.551548
2.60326 1.90968 -0.943467 2.11135 1.47768 0.550988
2.60344 1.90951 -0.943227 2.11137 1.47722 0.550429
2.60362 1.90933 -0.942987 2.1114 1.47676 0.549869
2.6038 1.90916 -0.942747 2.11142 1.47629 0.54931
2.60397 1.90898 -0.942507 2.11144 1.47583 0.54875
2.60415 1.90881 -0.942267 2.11146 1.47536 0.548191
2.60433 1.90864 -0.942027 2.11148 1.4749 0.547632
2.60451 1.90846 -0.941787 2.1115 1.47443 0.547072
2.60469 1.90829 -0.941547 2.11152 1.47397 0.546513
2.60487 1.90811 -0.941308 2.11154 1.4735 0.545953
2.60505 1.90794 -0.941068 2.11156 1.47304 0.545394
2.60523 1.90776 -0.940828 2.11158 1.47257 0.544834
2.60541 1.90759 -0.940588 2.1116 1.47211 0.544275
2.60559 1.90742 -0.940348 2.11162 1.47164 0.543715
2.60577 1.90724 -0.940108 2.11164 1.47118 0.543156
2.60595 1.90707 -0.939868 2.11166 1.47071 0.542596
2.60613 1.90689 -0.939628 2.11168 1.47025 0.542037
2.60631 1.90672 -0.939388 2.1117 1.46978 0.541478
2.60649 1.90655 -0.939148 2.11173 1.46932 0.540918
2.60666 1.90637 -0.938908 2.11175 1.46885 0.540359
2.60684 1.9062 -0.938668 2.11177 1.46839 0.539799
2.60702 1.90602 -0.938428 2.11179 1.46792 0.53924
2.6072 1.90585 -0.938188 2.11181 1.46746 0.53868
2.60738 1.90568 -0.937949 2.11183 1.46699 0.538121
2.60756 1.9055 -0.937709 2.11185 1.46653 0.537561
2.60774 1.90533 -0.937469 2.11187 1.46606 0.537002
2.60792 1.90515 -0.937229 2.11189 1.4656 0.536443
2.6081 1.90498 -0.936989 2.11191 1.46514 0.535883
2.60828 1.90481 -0.936749 2.11193 1.46467 0.535324
2.60846 1.90463 -0.936509 2.11195 1.46421 0.534764
2.60864 1.90446 -0.936269 2.11197 1.46374 0.534205
2.60882 1.90428 -0.936029 2.11199 1.46328 0.533645
2.609 1.90411 -0.935789 2.11201 1.46281 0.533086
2.60918 1.90394 -0.935549 2.11203 1.46235 0.532526
2.60936 1.90376 -0.935309 2.11205 1.46188 0.531967
2.60953 1.90359 -0.935069 2.11208 1.46142 0.531407
2.60971 1.90341 -0.93483 2.1121 1.46095 0.530848
2.60989 1.90324 -0.93459 2.11212 1.46049 0.530289
2.61007 1.90307 -0.93435 2.11214 1.46002 0.529729
2.61025 1.90289 -0.93411 2.11216 1.45956 0.52917
2.61043 1.90272 -0.93387 2.11218 1.45909 0.52861
2.61061 1.90254 -0.93363 2.1122 1.45863 0.528051
2.61079 1.90237 -0.93339 2.11222 1.45816 0.527491
2.61097 1.9022 -0.93315 2.11224 1.4577 0.526932
2.61115 1.90202 -0.93291 2.11226 1.45723 0.526372
2.61133 1.90185 -0.93267 2.11228 1.45677 0.525813
2.61151 1.90167 -0.93243 2.1123 1.4563 0.525253
2.61169 1.9015 -0.93219 2.11232 1.45584 0.524694
2.61187 1.90133 -0.93195 2.11234 1.45537 0.524135
2.61205 1.90115 -0.93171 2.11236 1.45491 0.523575
2.61222 1.90098 -0.931471 2.11238 1.45445 0.523016
2.6124 1.9008 -0.931231 2.1124 1.45398 0.522456
2.61258 1.90063 -0.930991 2.11243 1.45352 0.521897
2.61276 1.90046 -0.930751 2.11245 1.45305 0.521337
2.61294 1.90028 -0.930511 2.11247 1.45259 0.520778
2.61312 1.90011 -0.930271 2.11249 1.45212 0.520218
2.6133 1.89993 -0.930031 2.11251 1.45166 0.519659
2.61348 1.89976 -0.929791 2.11253 1.45119 0.5191
2.61366 1.89959 -0.929551 2.11255 1.45073 0.51854
2.61384 1.89941 -0.929311 2.11257 1.45026 0.517981
2.61402 1.89924 -0.929071 2.11259 1.4498 0.517421
2.6142 1.89906 -0.928831 2.11261 1.44933 0.516862
2.61438 1.89889 -0.928591 2.11263 1.44887 0.516302
2.61456 1.89872 -0.928351 2.11265 1.4484 0.515743
2.61474 1.89854 -0.928112 2.11267 1.44794 0.515183
2.61492 1.89837 -0.927872 2.11269 1.44747 0.514624
2.61509 1.89819 -0.927632 2.11271 1.44701 0.514064
2.61527 1.89802 -0.927392 2.11273 1.44654 0.513505
2.61545 1.89785 -0.927152 2.11276 1.44608 0.512946
2.61563 1.89767 -0.926912 2.11278 1.44561 0.512386
2.61581 1.8975 -0.926672 2.1128 1.44515 0.511827
2.61599 1.89732 -0.926432 2.11282 1.44468 0.511267
2.61617 1.89715 -0.926192 2.11284 1.44422 0.510708
2.61635 1.89698 -0.925952 2.11286 1.44375 0.510148
2.61653 1.8968 -0.925712 2.11288 1.44329 0.509589
2.61671 1.89663 -0.925472 2.1129 1.44283 0.509029
2.61689 1.89645 -0.925232 2.11292 1.44236 0.50847
2.61707 1.89628 -0.924993 2.11294 1.4419 0.507911
2.61725 1.89611 -0.924753 2.11296 1.44143 0.507351
2.61743 1.89593 -0.924513 2.11298 1.44097 0.506792
2.61761 1.89576 -0.924273 2.113 1.4405 0.506232
2.61779 1.89558 -0.924033 2.11302 1.44004 0.505673
2.61796 1.89541 -0.923793 2.11304 1.43957 0.505113
2.61814 1.89524 -0.923553 2.11306 1.43911 0.504554
2.61832 1.89506 -0.923313 2.11308 1.43864 0.503994
2.6185 1.89489 -0.923073 2.11311 1.43818 0.503435
2.61868 1.89471 -0.922833 2.11313 1.43771 0.502875
2.61886 1.89454 -0.922593 2.11315 1.43725 0.502316
2.61904 1.89437 -0.922353 2.11317 1.43678 0.501757
2.61922 1.89419 -0.922113 2.11319 1.43632 0.501197
2.6194 1.89402 -0.921873 2.11321 1.43585 0.500638
2.61958 1.89384 -0.921634 2.11323 1.43539 0.500078
