0.428115 -0.587353 1.94776 1.07283 -0.936396 1.0811
0.427044 -0.58794 1.94832 1.07204 -0.933915 1.07937
0.425974 -0.588527 1.94888 1.07125 -0.931434 1.07764
0.424903 -0.589114 1.94945 1.07046 -0.928954 1.07591
0.423833 -0.589702 1.95001 1.06967 -0.926473 1.07418
0.422762 -0.590289 1.95057 1.06888 -0.923993 1.07245
0.421692 -0.590876 1.95113 1.06808 -0.921512 1.07072
0.420621 -0.591463 1.95169 1.06729 -0.919032 1.06899
0.419551 -0.59205 1.95225 1.0665 -0.916551 1.06725
0.41848 -0.592637 1.95282 1.06571 -0.91407 1.06552
0.41741 -0.593225 1.95338 1.06492 -0.91159 1.06379
0.41634 -0.593812 1.95394 1.06413 -0.909109 1.06206
0.415269 -0.594399 1.9545 1.06334 -0.906629 1.06033
0.414199 -0.594986 1.95506 1.06255 -0.904148 1.0586
0.413128 -0.595573 1.95562 1.06176 -0.901668 1.05687
0.412058 -0.59616 1.95619 1.06097 -0.899187 1.05514
0.410987 -0.596748 1.95675 1.06018 -0.896706 1.0534
0.409917 -0.597335 1.95731 1.05939 -0.894226 1.05167
0.408846 -0.597922 1.95787 1.05859 -0.891745 1.04994
0.407776 -0.598509 1.95843 1.0578 -0.889265 1.04821
0.406705 -0.599096 1.95899 1.05701 -0.886784 1.04648
0.405635 -0.599683 1.95955 1.05622 -0.884304 1.04475
0.404564 -0.60027 1.96012 1.05543 -0.881823 1.04302
0.403494 -0.600858 1.96068 1.05464 -0.879342 1.04129
0.402423 -0.601445 1.96124 1.05385 -0.876862 1.03955
0.401353 -0.602032 1.9618 1.05306 -0.874381 1.03782
0.400282 -0.602619 1.96236 1.05227 -0.871901 1.03609
0.399212 -0.603206 1.96292 1.05148 -0.86942 1.03436
0.398141 -0.603793 1.96349 1.05069 -0.86694 1.03263
0.397071 -0.604381 1.96405 1.0499 -0.864459 1.0309
0.396 -0.604968 1.96461 1.04911 -0.861978 1.02917
0.39493 -0.605555 1.96517 1.04831 -0.859498 1.02744
0.393859 -0.606142 1.96573 1.04752 -0.857017 1.0257
0.392789 -0.606729 1.96629 1.04673 -0.854537 1.02397
0.391718 -0.607316 1.96686 1.04594 -0.852056 1.02224
0.390648 -0.607904 1.96742 1.04515 -0.849576 1.02051
0.389578 -0.608491 1.96798 1.04436 -0.847095 1.01878
0.388507 -0.609078 1.96854 1.04357 -0.844614 1.01705
0.387437 -0.609665 1.9691 1.04278 -0.842134 1.01532
0.386366 -0.610252 1.96966 1.04199 -0.839653 1.01359
0.385296 -0.610839 1.97023 1.0412 -0.837173 1.01185
0.384225 -0.611427 1.97079 1.04041 -0.834692 1.01012
0.383155 -0.612014 1.97135 1.03962 -0.832212 1.00839
0.382084 -0.612601 1.97191 1.03883 -0.829731 1.00666
0.381014 -0.613188 1.97247 1.03803 -0.82725 1.00493
0.379943 -0.613775 1.97303 1.03724 -0.82477 1.0032
0.378873 -0.614362 1.97359 1.03645 -0.822289 1.00147
0.377802 -0.614949 1.97416 1.03566 -0.819809 0.999736
0.376732 -0.615537 1.97472 1.03487 -0.817328 0.998004
0.375661 -0.616124 1.97528 1.03408 -0.814848 0.996273
0.374591 -0.616711 1.97584 1.03329 -0.812367 0.994542
0.37352 -0.617298 1.9764 1.0325 -0.809886 0.992811
0.37245 -0.617885 1.97696 1.03171 -0.807406 0.991079
0.371379 -0.618472 1.97753 1.03092 -0.804925 0.989348
0.370309 -0.61906 1.97809 1.03013 -0.802445 0.987617
0.369238 -0.619647 1.97865 1.02934 -0.799964 0.985886
0.368168 -0.620234 1.97921 1.02855 -0.797484 0.984154
0.367097 -0.620821 1.97977 1.02775 -0.795003 0.982423
0.366027 -0.621408 1.98033 1.02696 -0.792522 0.980692
0.364956 -0.621995 1.9809 1.02617 -0.790042 0.978961
0.363886 -0.622583 1.98146 1.02538 -0.787561 0.977229
0.362816 -0.62317 1.98202 1.02459 -0.785081 0.975498
0.361745 -0.623757 1.98258 1.0238 -0.7826 0.973767
0.360675 -0.624344 1.98314 1.02301 -0.78012 0.972036
0.359604 -0.624931 1.9837 1.02222 -0.777639 0.970304
0.358534 -0.625518 1.98427 1.02143 -0.775158 0.968573
0.357463 -0.626106 1.98483 1.02064 -0.772678 0.966842
0.356393 -0.626693 1.98539 1.01985 -0.770197 0.965111
0.355322 -0.62728 1.98595 1.01906 -0.767717 0.963379
0.354252 -0.627867 1.98651 1.01826 -0.765236 0.961648
0.353181 -0.628454 1.98707 1.01747 -0.762756 0.959917
0.352111 -0.629041 1.98764 1.01668 -0.760275 0.958186
0.35104 -0.629629 1.9882 1.01589 -0.757794 0.956454
0.34997 -0.630216 1.98876 1.0151 -0.755314 0.954723
0.348899 -0.630803 1.98932 1.01431 -0.752833 0.952992
0.347829 -0.63139 1.98988 1.01352 -0.750353 0.951261
0.346758 -0.631977 1.99044 1.01273 -0.747872 0.949529
0.345688 -0.632564 1.991 1.01194 -0.745392 0.947798
0.344617 -0.633151 1.99157 1.01115 -0.742911 0.946067
0.343547 -0.633739 1.99213 1.01036 -0.74043 0.944336
0.342476 -0.634326 1.99269 1.00957 -0.73795 0.942604
0.341406 -0.634913 1.99325 1.00878 -0.735469 0.940873
0.340335 -0.6355 1.99381 1.00798 -0.732989 0.939142
0.339265 -0.636087 1.99437 1.00719 -0.730508 0.937411
0.338194 -0.636674 1.99494 1.0064 -0.728028 0.935679
0.337124 -0.637262 1.9955 1.00561 -0.725547 0.933948
0.336054 -0.637849 1.99606 1.00482 -0.723067 0.932217
0.334983 -0.638436 1.99662 1.00403 -0.720586 0.930486
0.333913 -0.639023 1.99718 1.00324 -0.718105 0.928754
0.332842 -0.63961 1.99774 1.00245 -0.715625 0.927023
0.331772 -0.640197 1.99831 1.00166 -0.713144 0.925292
0.330701 -0.640785 1.99887 1.00087 -0.710664 0.923561
0.329631 -0.641372 1.99943 1.00008 -0.708183 0.921829
0.32856 -0.641959 1.99999 0.999286 -0.705703 0.920098
0.32749 -0.642546 2.00055 0.998495 -0.703222 0.918367
0.326419 -0.643133 2.00111 0.997705 -0.700741 0.916636
0.325349 -0.64372 2.00168 0.996914 -0.698261 0.914904
0.324278 -0.644308 2.00224 0.996123 -0.69578 0.913173
0.323208 -0.644895 2.0028 0.995332 -0.6933 0.911442
0.322137 -0.645482 2.00336 0.994541 -0.690819 0.909711
0.321067 -0.646069 2.00392 0.993751 -0.688339 0.907979
0.319996 -0.646656 2.00448 0.99296 -0.685858 0.906248
0.318926 -0.647243 2.00504 0.992169 -0.683377 0.904517
0.317855 -0.647831 2.00561 0.991378 -0.680897 0.902786
0.316785 -0.648418 2.00617 0.990587 -0.678416 0.901054
0.315714 -0.649005 2.00673 0.989797 -0.675936 0.899323
0.314644 -0.649592 2.00729 0.989006 -0.673455 0.897592
0.313573 -0.650179 2.00785 0.988215 -0.670975 0.895861
0.312503 -0.650766 2.00841 0.987424 -0.668494 0.894129
0.311432 -0.651353 2.00898 0.986634 -0.666013 0.892398
0.310362 -0.651941 2.00954 0.985843 -0.663533 0.890667
0.309292 -0.652528 2.0101 0.985052 -0.661052 0.888936
0.308221 -0.653115 2.01066 0.984261 -0.658572 0.887204
0.307151 -0.653702 2.01122 0.98347 -0.656091 0.885473
0.30608 -0.654289 2.01178 0.98268 -0.653611 0.883742
0.30501 -0.654876 2.01235 0.981889 -0.65113 0.882011
0.303939 -0.655464 2.01291 0.981098 -0.648649 0.880279
0.302869 -0.656051 2.01347 0.980307 -0.646169 0.878548
0.301798 -0.656638 2.01403 0.979517 -0.643688 0.876817
0.300728 -0.657225 2.01459 0.978726 -0.641208 0.875086
0.299657 -0.657812 2.01515 0.977935 -0.638727 0.873354
0.298587 -0.658399 2.01572 0.977144 -0.636247 0.871623
0.297516 -0.658987 2.01628 0.976353 -0.633766 0.869892
0.296446 -0.659574 2.01684 0.975563 -0.631285 0.868161
0.295375 -0.660161 2.0174 0.974772 -0.628805 0.866429
0.294305 -0.660748 2.01796 0.973981 -0.626324 0.864698
0.293234 -0.661335 2.01852 0.97319 -0.623844 0.862967
0.292164 -0.661922 2.01908 0.972399 -0.621363 0.861236
0.291093 -0.66251 2.01965 0.971609 -0.618883 0.859504
0.290023 -0.663097 2.02021 0.970818 -0.616402 0.857773
0.288952 -0.663684 2.02077 0.970027 -0.613921 0.856042
0.287882 -0.664271 2.02133 0.969236 -0.611441 0.854311
0.286811 -0.664858 2.02189 0.968446 -0.60896 0.852579
0.285741 -0.665445 2.02245 0.967655 -0.60648 0.850848
0.284671 -0.666032 2.02302 0.966864 -0.603999 0.849117
0.2836 -0.666619 2.02358 0.966073 -0.601519 0.847386
0.28253 -0.667206 2.02414 0.965282 -0.599038 0.845655
0.28146 -0.667793 2.0247 0.964491 -0.596557 0.843924
0.280389 -0.668379 2.02526 0.9637 -0.594077 0.842192
0.279319 -0.668966 2.02582 0.962908 -0.591596 0.840461
0.278249 -0.669553 2.02638 0.962117 -0.589116 0.83873
0.277179 -0.670139 2.02695 0.961326 -0.586635 0.836999
0.276109 -0.670725 2.02751 0.960534 -0.584154 0.835268
0.275039 -0.671311 2.02807 0.959743 -0.581674 0.833538
0.273969 -0.671897 2.02863 0.958951 -0.579193 0.831807
0.2729 -0.672482 2.02919 0.958159 -0.576712 0.830076
0.27183 -0.673067 2.02975 0.957367 -0.574232 0.828345
0.27076 -0.673653 2.03031 0.956575 -0.571751 0.826615
0.269691 -0.674238 2.03087 0.955783 -0.56927 0.824884
0.268622 -0.674823 2.03143 0.95499 -0.56679 0.823154
0.267552 -0.675407 2.03199 0.954198 -0.564309 0.821423
0.266483 -0.675991 2.03255 0.953405 -0.561828 0.819693
0.265414 -0.676576 2.03311 0.952612 -0.559348 0.817962
0.264345 -0.677159 2.03367 0.951819 -0.556867 0.816232
0.263277 -0.677742 2.03423 0.951025 -0.554386 0.814502
0.262208 -0.678326 2.03479 0.950232 -0.551906 0.812772
0.261139 -0.678909 2.03535 0.949439 -0.549425 0.811042
0.260071 -0.679491 2.03591 0.948644 -0.546944 0.809312
0.259003 -0.680073 2.03647 0.94785 -0.544463 0.807583
0.257935 -0.680655 2.03703 0.947056 -0.541982 0.805853
0.256867 -0.681237 2.03759 0.946261 -0.539502 0.804123
0.2558 -0.681818 2.03814 0.945466 -0.537021 0.802394
0.254732 -0.682398 2.0387 0.944671 -0.53454 0.800665
0.253665 -0.682979 2.03926 0.943876 -0.532059 0.798936
0.252598 -0.68356 2.03982 0.94308 -0.529578 0.797206
0.251531 -0.684138 2.04038 0.942284 -0.527097 0.795478
0.250465 -0.684717 2.04093 0.941487 -0.524616 0.793749
0.249398 -0.685296 2.04149 0.940691 -0.522135 0.79202
0.248331 -0.685875 2.04205 0.939895 -0.519655 0.790292
0.247266 -0.686452 2.04261 0.939097 -0.517174 0.788564
0.2462 -0.687029 2.04316 0.938299 -0.514693 0.786835
0.245134 -0.687607 2.04372 0.937502 -0.512212 0.785107
0.244069 -0.688184 2.04427 0.936704 -0.509731 0.783379
0.243004 -0.688759 2.04483 0.935905 -0.507249 0.781652
0.241939 -0.689334 2.04539 0.935106 -0.504768 0.779924
0.240874 -0.689909 2.04594 0.934307 -0.502287 0.778196
0.23981 -0.690484 2.0465 0.933508 -0.499806 0.776469
0.238746 -0.691057 2.04705 0.932707 -0.497325 0.774742
0.237682 -0.69163 2.0476 0.931906 -0.494844 0.773015
0.236618 -0.692203 2.04816 0.931106 -0.492363 0.771288
0.235555 -0.692776 2.04871 0.930305 -0.489881 0.769562
0.234492 -0.693346 2.04927 0.929503 -0.4874 0.767835
0.233429 -0.693917 2.04982 0.928701 -0.484919 0.766109
0.232367 -0.694487 2.05037 0.927899 -0.482438 0.764383
0.231304 -0.695058 2.05093 0.927097 -0.479956 0.762657
0.230243 -0.695626 2.05148 0.926293 -0.477475 0.760932
0.229182 -0.696194 2.05203 0.925489 -0.474994 0.759206
0.22812 -0.696762 2.05258 0.924685 -0.472512 0.757481
0.227059 -0.69733 2.05313 0.923881 -0.470031 0.755756
0.225999 -0.697895 2.05368 0.923075 -0.467549 0.754031
0.224939 -0.69846 2.05423 0.922269 -0.465068 0.752307
0.223879 -0.699025 2.05478 0.921463 -0.462586 0.750582
0.222819 -0.69959 2.05533 0.920657 -0.460105 0.748858
0.22176 -0.700153 2.05588 0.91985 -0.457623 0.747134
0.220701 -0.700715 2.05643 0.919042 -0.455142 0.745411
0.219642 -0.701277 2.05698 0.918234 -0.45266 0.743687
0.218584 -0.70184 2.05753 0.917426 -0.450178 0.741964
0.217527 -0.702399 2.05808 0.916616 -0.447697 0.740241
0.216469 -0.702958 2.05862 0.915806 -0.445215 0.738518
0.215412 -0.703517 2.05917 0.914996 -0.442733 0.736796
0.214355 -0.704076 2.05972 0.914186 -0.440251 0.735073
0.213299 -0.704632 2.06026 0.913374 -0.437769 0.733351
0.212244 -0.705188 2.06081 0.912562 -0.435287 0.73163
0.211188 -0.705744 2.06136 0.911749 -0.432806 0.729908
0.210132 -0.7063 2.0619 0.910937 -0.430324 0.728187
0.209078 -0.706852 2.06245 0.910123 -0.427842 0.726466
0.208024 -0.707405 2.06299 0.909308 -0.42536 0.724746
0.20697 -0.707957 2.06353 0.908493 -0.422877 0.723025
0.205916 -0.708509 2.06408 0.907679 -0.420395 0.721304
0.204864 -0.709058 2.06462 0.906862 -0.417913 0.719585
0.203812 -0.709607 2.06516 0.906044 -0.415431 0.717866
0.20276 -0.710156 2.0657 0.905227 -0.412949 0.716146
0.201707 -0.710704 2.06624 0.90441 -0.410467 0.714427
0.200657 -0.711249 2.06678 0.90359 -0.407984 0.712709
0.199606 -0.711794 2.06732 0.902771 -0.405502 0.71099
0.198556 -0.712339 2.06786 0.901951 -0.403019 0.709272
0.197505 -0.712884 2.0684 0.901131 -0.400537 0.707554
0.196457 -0.713425 2.06894 0.900309 -0.398055 0.705837
0.195408 -0.713966 2.06948 0.899486 -0.395572 0.70412
0.19436 -0.714507 2.07002 0.898664 -0.393089 0.702403
0.193311 -0.715048 2.07056 0.897841 -0.390607 0.700686
0.192265 -0.715584 2.07109 0.897016 -0.388124 0.69897
0.191218 -0.716121 2.07163 0.89619 -0.385641 0.697255
0.190172 -0.716658 2.07216 0.895365 -0.383159 0.695539
0.189125 -0.717194 2.0727 0.894539 -0.380676 0.693823
0.188081 -0.717727 2.07323 0.893711 -0.378193 0.692109
0.187036 -0.718259 2.07377 0.892883 -0.37571 0.690395
0.185992 -0.718791 2.0743 0.892054 -0.373227 0.68868
0.184947 -0.719324 2.07483 0.891226 -0.370744 0.686966
0.183905 -0.719851 2.07536 0.890394 -0.368261 0.685253
0.182863 -0.720379 2.0759 0.889563 -0.365778 0.68354
0.18182 -0.720907 2.07643 0.888731 -0.363295 0.681827
0.180778 -0.721434 2.07696 0.8879 -0.360812 0.680114
0.179738 -0.721957 2.07749 0.887065 -0.358329 0.678403
0.178698 -0.72248 2.07802 0.88623 -0.355845 0.676691
0.177658 -0.723003 2.07854 0.885395 -0.353362 0.67498
0.176618 -0.723526 2.07907 0.88456 -0.350879 0.673268
0.17558 -0.724044 2.0796 0.883722 -0.348395 0.671558
0.174543 -0.724562 2.08013 0.882884 -0.345912 0.669849
0.173505 -0.72508 2.08065 0.882046 -0.343428 0.668139
0.172467 -0.725598 2.08118 0.881208 -0.340945 0.666429
0.171432 -0.726111 2.0817 0.880366 -0.338461 0.66472
0.170397 -0.726624 2.08223 0.879524 -0.335977 0.663012
0.169361 -0.727137 2.08275 0.878682 -0.333494 0.661304
0.168326 -0.72765 2.08327 0.877841 -0.33101 0.659595
0.167293 -0.728158 2.08379 0.876995 -0.328526 0.657888
0.166261 -0.728665 2.08431 0.87615 -0.326042 0.656182
0.165228 -0.729173 2.08483 0.875305 -0.323558 0.654475
0.164195 -0.72968 2.08536 0.874459 -0.321074 0.652768
0.163165 -0.730182 2.08587 0.87361 -0.31859 0.651063
0.162135 -0.730685 2.08639 0.872761 -0.316106 0.649358
0.161105 -0.731187 2.08691 0.871912 -0.313621 0.647653
0.160074 -0.731689 2.08743 0.871063 -0.311137 0.645948
0.159047 -0.732185 2.08794 0.87021 -0.308653 0.644245
0.158019 -0.732682 2.08846 0.869357 -0.306168 0.642542
0.156992 -0.733178 2.08897 0.868504 -0.303684 0.640838
0.155965 -0.733675 2.08949 0.867651 -0.301199 0.639135
0.15494 -0.734165 2.09 0.866794 -0.298715 0.637434
0.153915 -0.734656 2.09051 0.865937 -0.29623 0.635732
0.15289 -0.735146 2.09103 0.86508 -0.293745 0.634031
0.151866 -0.735637 2.09154 0.864223 -0.291261 0.632329
0.150844 -0.736122 2.09205 0.863362 -0.288776 0.630629
0.149822 -0.736607 2.09256 0.862501 -0.286291 0.62893
0.1488 -0.737092 2.09307 0.86164 -0.283806 0.62723
0.147778 -0.737577 2.09357 0.860779 -0.281321 0.62553
0.146758 -0.738056 2.09408 0.859914 -0.278836 0.623832
0.145739 -0.738535 2.09459 0.85905 -0.276351 0.622134
0.14472 -0.739015 2.09509 0.858185 -0.273866 0.620436
0.1437 -0.739494 2.0956 0.85732 -0.27138 0.618738
0.142683 -0.739968 2.0961 0.856452 -0.268895 0.617042
0.141666 -0.740443 2.09661 0.855584 -0.26641 0.615345
0.14065 -0.740917 2.09711 0.854716 -0.263924 0.613649
0.139633 -0.741391 2.09762 0.853847 -0.261439 0.611952
0.138618 -0.74186 2.09812 0.852975 -0.258953 0.610258
0.137604 -0.742329 2.09862 0.852104 -0.256468 0.608563
0.136589 -0.742798 2.09912 0.851232 -0.253982 0.606868
0.135575 -0.743267 2.09962 0.85036 -0.251496 0.605173
0.134563 -0.743731 2.10012 0.849485 -0.249011 0.60348
0.133551 -0.744195 2.10062 0.84861 -0.246525 0.601787
0.132538 -0.744659 2.10112 0.847734 -0.244039 0.600093
0.131526 -0.745123 2.10161 0.846859 -0.241553 0.5984
0.130516 -0.745583 2.10211 0.845981 -0.239067 0.596708
0.129507 -0.746042 2.10261 0.845102 -0.236581 0.595016
0.128497 -0.746501 2.1031 0.844224 -0.234095 0.593324
0.127487 -0.74696 2.1036 0.843345 -0.231609 0.591633
0.126479 -0.747415 2.10409 0.842464 -0.229123 0.589942
0.125472 -0.74787 2.10459 0.841582 -0.226637 0.588252
0.124464 -0.748325 2.10508 0.8407 -0.224151 0.586561
0.123456 -0.748779 2.10558 0.839819 -0.221664 0.584871
0.122451 -0.74923 2.10607 0.838934 -0.219178 0.583182
0.121445 -0.74968 2.10656 0.83805 -0.216692 0.581493
0.120439 -0.75013 2.10705 0.837165 -0.214205 0.579804
0.119434 -0.750581 2.10754 0.83628 -0.211719 0.578115
0.11843 -0.751027 2.10803 0.835393 -0.209232 0.576427
0.117426 -0.751473 2.10852 0.834505 -0.206746 0.574739
0.116423 -0.751919 2.10901 0.833618 -0.204259 0.573051
0.115419 -0.752365 2.1095 0.83273 -0.201772 0.571363
0.114418 -0.752808 2.10999 0.83184 -0.199286 0.569677
0.113416 -0.75325 2.11047 0.83095 -0.196799 0.56799
0.112414 -0.753692 2.11096 0.83006 -0.194312 0.566304
0.111412 -0.754134 2.11145 0.829169 -0.191825 0.564617
0.110412 -0.754572 2.11193 0.828277 -0.189339 0.562932
0.109413 -0.75501 2.11242 0.827384 -0.186852 0.561247
0.108413 -0.755449 2.11291 0.826491 -0.184365 0.559561
0.107413 -0.755887 2.11339 0.825598 -0.181878 0.557876
0.106415 -0.756322 2.11387 0.824702 -0.179391 0.556192
0.105417 -0.756756 2.11436 0.823807 -0.176904 0.554507
0.104418 -0.757191 2.11484 0.822912 -0.174417 0.552823
0.10342 -0.757626 2.11532 0.822016 -0.17193 0.551139
0.102424 -0.758057 2.11581 0.821118 -0.169442 0.549456
0.101427 -0.758488 2.11629 0.820221 -0.166955 0.547773
0.100431 -0.758919 2.11677 0.819323 -0.164468 0.54609
0.0994342 -0.75935 2.11725 0.818425 -0.161981 0.544406
0.0984393 -0.759778 2.11773 0.817525 -0.159493 0.542724
0.0974443 -0.760206 2.11821 0.816625 -0.157006 0.541042
0.0964494 -0.760634 2.11869 0.815725 -0.154519 0.53936
0.0954544 -0.761062 2.11917 0.814825 -0.152031 0.537678
0.094461 -0.761486 2.11965 0.813923 -0.149544 0.535997
0.0934675 -0.761911 2.12013 0.813021 -0.147056 0.534315
0.092474 -0.762336 2.12061 0.812118 -0.144569 0.532634
0.0914805 -0.762761 2.12109 0.811216 -0.142081 0.530953
0.0904885 -0.763182 2.12156 0.810312 -0.139594 0.529273
0.0894964 -0.763604 2.12204 0.809408 -0.137106 0.527593
0.0885043 -0.764026 2.12252 0.808504 -0.134618 0.525912
0.0875122 -0.764448 2.12299 0.8076 -0.132131 0.524232
0.0865214 -0.764867 2.12347 0.806693 -0.129643 0.522553
0.0855306 -0.765286 2.12395 0.805787 -0.127155 0.520873
0.0845399 -0.765705 2.12442 0.804881 -0.124668 0.519194
0.0835491 -0.766124 2.1249 0.803975 -0.12218 0.517514
0.0825595 -0.766541 2.12537 0.803067 -0.119692 0.515836
0.08157 -0.766957 2.12585 0.80216 -0.117204 0.514157
0.0805804 -0.767374 2.12632 0.801252 -0.114716 0.512478
0.0795908 -0.76779 2.12679 0.800344 -0.112229 0.5108
0.0786024 -0.768204 2.12727 0.799435 -0.109741 0.509122
0.0776139 -0.768618 2.12774 0.798525 -0.107253 0.507444
0.0766255 -0.769033 2.12821 0.797616 -0.104765 0.505766
0.0756371 -0.769447 2.12869 0.796706 -0.102277 0.504088
0.0746497 -0.769859 2.12916 0.795795 -0.0997888 0.502411
0.0736623 -0.770271 2.12963 0.794884 -0.0973008 0.500734
0.0726749 -0.770683 2.1301 0.793973 -0.0948128 0.499056
0.0716875 -0.771095 2.13057 0.793062 -0.0923247 0.497379
0.070701 -0.771504 2.13104 0.79215 -0.0898366 0.495702
0.0697146 -0.771914 2.13152 0.791238 -0.0873485 0.494026
0.0687281 -0.772324 2.13199 0.790325 -0.0848604 0.492349
0.0677417 -0.772734 2.13246 0.789413 -0.0823723 0.490673
0.0667561 -0.773142 2.13293 0.788499 -0.0798841 0.488997
0.0657705 -0.77355 2.1334 0.787586 -0.0773959 0.487321
0.0647849 -0.773959 2.13387 0.786672 -0.0749077 0.485645
0.0637994 -0.774367 2.13434 0.785759 -0.0724195 0.483968
0.0628146 -0.774773 2.13481 0.784844 -0.0699312 0.482293
0.0618298 -0.77518 2.13528 0.783929 -0.067443 0.480617
0.060845 -0.775586 2.13575 0.783015 -0.0649547 0.478942
0.0598602 -0.775993 2.13621 0.7821 -0.0624664 0.477266
0.0588761 -0.776398 2.13668 0.781184 -0.0599781 0.475591
0.057892 -0.776803 2.13715 0.780268 -0.0574898 0.473916
0.0569079 -0.777207 2.13762 0.779353 -0.0550014 0.472241
0.0559238 -0.777612 2.13809 0.778437 -0.0525131 0.470566
0.0549403 -0.778016 2.13856 0.77752 -0.0500247 0.468891
0.0539568 -0.77842 2.13902 0.776604 -0.0475363 0.467217
0.0529733 -0.778824 2.13949 0.775687 -0.045048 0.465542
0.0519898 -0.779227 2.13996 0.774771 -0.0425596 0.463867
0.0510068 -0.77963 2.14043 0.773853 -0.0400712 0.462193
0.0500238 -0.780033 2.14089 0.772936 -0.0375827 0.460518
0.0490408 -0.780435 2.14136 0.772018 -0.0350943 0.458844
0.0480579 -0.780838 2.14183 0.771101 -0.0326059 0.45717
0.0470753 -0.78124 2.14229 0.770183 -0.0301174 0.455496
0.0460928 -0.781641 2.14276 0.769265 -0.0276289 0.453822
0.0451102 -0.782043 2.14323 0.768347 -0.0251405 0.452147
0.0441277 -0.782445 2.14369 0.767429 -0.022652 0.450473
0.0431455 -0.782846 2.14416 0.766511 -0.0201635 0.4488
0.0421633 -0.783247 2.14463 0.765592 -0.017675 0.447126
0.0411811 -0.783648 2.14509 0.764674 -0.0151865 0.445452
0.0401989 -0.784049 2.14556 0.763755 -0.012698 0.443778
0.039217 -0.784449 2.14603 0.762836 -0.0102095 0.442104
0.038235 -0.784849 2.14649 0.761918 -0.00772096 0.440431
0.0372531 -0.78525 2.14696 0.760999 -0.00523243 0.438757
0.0362712 -0.78565 2.14742 0.76008 -0.00274391 0.437083
0.0352894 -0.78605 2.14789 0.759161 -0.000255374 0.43541
0.0343076 -0.78645 2.14836 0.758242 0.00223316 0.433736
0.0333259 -0.78685 2.14882 0.757323 0.0047217 0.432063
0.0323441 -0.78725 2.14929 0.756403 0.00721024 0.430389
0.0313624 -0.78765 2.14975 0.755484 0.00969879 0.428715
0.0303808 -0.78805 2.15022 0.754565 0.0121873 0.427042
0.0293991 -0.78845 2.15068 0.753646 0.0146759 0.425368
0.0284174 -0.78885 2.15115 0.752726 0.0171644 0.423695
0.0274357 -0.78925 2.15162 0.751807 0.019653 0.422021
0.0264541 -0.78965 2.15208 0.750888 0.0221415 0.420348
0.0254724 -0.79005 2.15255 0.749969 0.0246301 0.418674
0.0244907 -0.790449 2.15301 0.74905 0.0271186 0.417001
0.0235092 -0.790849 2.15348 0.74813 0.0296072 0.415327
0.0225277 -0.791248 2.15394 0.747211 0.0320957 0.413654
0.0215462 -0.791648 2.15441 0.746291 0.0345843 0.411981
0.0205647 -0.792047 2.15488 0.745372 0.0370729 0.410307
0.0195836 -0.792446 2.15534 0.744452 0.0395614 0.408634
0.0186024 -0.792845 2.15581 0.743532 0.04205 0.406961
0.0176212 -0.793244 2.15627 0.742612 0.0445386 0.405288
0.0166401 -0.793643 2.15674 0.741692 0.0470272 0.403615
0.0156595 -0.79404 2.1572 0.740771 0.0495159 0.401942
0.0146788 -0.794438 2.15767 0.73985 0.0520045 0.400269
0.0136982 -0.794836 2.15813 0.738929 0.0544931 0.398596
0.0127176 -0.795233 2.1586 0.738009 0.0569818 0.396923
0.0117376 -0.795629 2.15906 0.737087 0.0594705 0.395251
0.0107577 -0.796026 2.15952 0.736165 0.0619592 0.393578
0.00977773 -0.796422 2.15999 0.735243 0.0644479 0.391906
0.00879779 -0.796818 2.16045 0.734322 0.0669366 0.390234
0.00781871 -0.797212 2.16091 0.733399 0.0694254 0.388562
0.00683964 -0.797607 2.16138 0.732476 0.0719141 0.38689
0.00586057 -0.798001 2.16184 0.731553 0.0744029 0.385218
0.00488149 -0.798396 2.1623 0.73063 0.0768917 0.383546
0.00390346 -0.798788 2.16276 0.729705 0.0793806 0.381875
0.00292542 -0.79918 2.16323 0.728781 0.0818694 0.380204
0.00194739 -0.799572 2.16369 0.727856 0.0843583 0.378533
0.000969359 -0.799964 2.16415 0.726932 0.0868472 0.376862
-7.46037e-06 -0.800354 2.16461 0.726005 0.0893362 0.375191
-0.000984279 -0.800744 2.16507 0.725079 0.0918252 0.373521
-0.0019611 -0.801133 2.16553 0.724153 0.0943141 0.371851
-0.00293792 -0.801523 2.16599 0.723227 0.0968031 0.37018
-0.00391335 -0.80191 2.16645 0.722298 0.0992922 0.368511
-0.00488878 -0.802296 2.16691 0.72137 0.101781 0.366842
-0.00586421 -0.802683 2.16737 0.720442 0.10427 0.365172
-0.00683964 -0.80307 2.16783 0.719514 0.10676 0.363503
-0.00781351 -0.803453 2.16829 0.718583 0.109249 0.361834
-0.00878738 -0.803837 2.16874 0.717653 0.111738 0.360166
-0.00976125 -0.80422 2.1692 0.716722 0.114227 0.358497
-0.0107351 -0.804603 2.16966 0.715792 0.116717 0.356829
-0.0117073 -0.804983 2.17011 0.714858 0.119206 0.355162
-0.0126794 -0.805363 2.17057 0.713925 0.121695 0.353494
-0.0136515 -0.805743 2.17102 0.712992 0.124185 0.351827
-0.0146237 -0.806122 2.17148 0.712059 0.126674 0.35016
-0.0155939 -0.806498 2.17193 0.711124 0.129164 0.348494
-0.0165641 -0.806874 2.17239 0.710188 0.131653 0.346827
-0.0175344 -0.80725 2.17284 0.709252 0.134143 0.345161
-0.0185046 -0.807625 2.17329 0.708316 0.136632 0.343495
-0.0194727 -0.807997 2.17374 0.707377 0.139122 0.341831
-0.0204409 -0.808368 2.1742 0.706439 0.141612 0.340166
-0.021409 -0.808739 2.17465 0.7055 0.144102 0.338501
-0.0223772 -0.809111 2.1751 0.704561 0.146591 0.336836
-0.0233431 -0.809477 2.17555 0.703619 0.149081 0.335173
-0.024309 -0.809844 2.176 0.702677 0.151571 0.33351
-0.0252748 -0.81021 2.17644 0.701735 0.154061 0.331847
-0.0262407 -0.810577 2.17689 0.700793 0.156551 0.330183
-0.0272042 -0.810939 2.17734 0.699847 0.159042 0.328522
-0.0281677 -0.8113 2.17779 0.698902 0.161532 0.32686
-0.0291311 -0.811661 2.17823 0.697956 0.164022 0.325198
-0.0300946 -0.812023 2.17868 0.69701 0.166512 0.323537
-0.0310555 -0.812379 2.17912 0.696061 0.169002 0.321877
-0.0320163 -0.812735 2.17956 0.695112 0.171493 0.320217
-0.0329772 -0.813091 2.18001 0.694162 0.173983 0.318557
-0.033938 -0.813447 2.18045 0.693213 0.176474 0.316897
-0.0348961 -0.813797 2.18089 0.69226 0.178964 0.315239
-0.0358542 -0.814147 2.18133 0.691306 0.181455 0.31358
-0.0368123 -0.814497 2.18177 0.690353 0.183946 0.311922
-0.0377704 -0.814847 2.18221 0.6894 0.186436 0.310264
-0.0387255 -0.815191 2.18265 0.688442 0.188927 0.308608
-0.0396807 -0.815535 2.18309 0.687484 0.191418 0.306952
-0.0406358 -0.815879 2.18352 0.686527 0.193909 0.305295
-0.0415909 -0.816223 2.18396 0.685569 0.1964 0.303639
-0.042543 -0.81656 2.18439 0.684607 0.198891 0.301985
-0.043495 -0.816898 2.18483 0.683645 0.201383 0.300331
-0.044447 -0.817235 2.18526 0.682683 0.203874 0.298676
-0.045399 -0.817572 2.1857 0.681721 0.206365 0.297022
-0.0463477 -0.817903 2.18613 0.680754 0.208856 0.29537
-0.0472964 -0.818233 2.18656 0.679787 0.211348 0.293718
-0.0482452 -0.818563 2.18699 0.67882 0.213839 0.292066
-0.0491939 -0.818894 2.18742 0.677853 0.216331 0.290414
-0.0501391 -0.819217 2.18784 0.676881 0.218823 0.288764
-0.0510844 -0.81954 2.18827 0.675909 0.221315 0.287114
-0.0520296 -0.819863 2.1887 0.674937 0.223806 0.285464
-0.0529749 -0.820186 2.18912 0.673965 0.226298 0.283814
-0.0539165 -0.820501 2.18955 0.672988 0.22879 0.282167
-0.0548581 -0.820817 2.18997 0.672011 0.231283 0.28052
-0.0557997 -0.821132 2.19039 0.671034 0.233775 0.278872
-0.0567413 -0.821447 2.19081 0.670057 0.236267 0.277225
-0.0576791 -0.821755 2.19123 0.669074 0.238759 0.27558
-0.0586169 -0.822062 2.19165 0.668091 0.241252 0.273935
-0.0595547 -0.822369 2.19207 0.667109 0.243744 0.27229
-0.0604925 -0.822677 2.19249 0.666126 0.246237 0.270645
-0.0614263 -0.822976 2.1929 0.665137 0.24873 0.269002
-0.0623601 -0.823275 2.19331 0.664149 0.251222 0.26736
-0.0632939 -0.823573 2.19373 0.66316 0.253715 0.265718
-0.0642277 -0.823872 2.19414 0.662172 0.256208 0.264075
-0.0651574 -0.824163 2.19455 0.661177 0.258701 0.262435
-0.066087 -0.824453 2.19496 0.660183 0.261195 0.260796
-0.0670166 -0.824743 2.19537 0.659188 0.263688 0.259156
-0.0679463 -0.825033 2.19578 0.658194 0.266181 0.257516
-0.0688716 -0.825314 2.19619 0.657193 0.268675 0.25588
-0.0697969 -0.825595 2.19659 0.656192 0.271168 0.254243
-0.0707222 -0.825876 2.197 0.655192 0.273662 0.252606
-0.0716475 -0.826157 2.1974 0.654191 0.276155 0.250969
-0.0725683 -0.826428 2.1978 0.653184 0.278649 0.249335
-0.0734891 -0.8267 2.1982 0.652176 0.281143 0.247701
-0.0744099 -0.826971 2.1986 0.651169 0.283637 0.246067
-0.0753307 -0.827243 2.199 0.650162 0.286131 0.244433
-0.0762468 -0.827504 2.1994 0.649148 0.288626 0.242802
-0.0771629 -0.827766 2.19979 0.648134 0.29112 0.241171
-0.078079 -0.828028 2.20019 0.647119 0.293615 0.239541
-0.0789951 -0.828289 2.20058 0.646105 0.296109 0.23791
-0.0799064 -0.828541 2.20097 0.645084 0.298604 0.236282
-0.0808177 -0.828792 2.20136 0.644063 0.301099 0.234654
-0.0817289 -0.829043 2.20175 0.643042 0.303594 0.233026
-0.0826402 -0.829295 2.20214 0.642021 0.306089 0.231399
-0.0835464 -0.829535 2.20253 0.640993 0.308584 0.229774
-0.0844526 -0.829776 2.20291 0.639964 0.311079 0.22815
-0.0853588 -0.830017 2.20329 0.638936 0.313575 0.226525
-0.0862651 -0.830258 2.20368 0.637908 0.31607 0.224901
-0.0871661 -0.830487 2.20406 0.636872 0.318566 0.22328
-0.0880671 -0.830717 2.20444 0.635836 0.321062 0.221659
-0.0889681 -0.830947 2.20481 0.6348 0.323557 0.220038
-0.0898692 -0.831177 2.20519 0.633764 0.326053 0.218417
-0.0907648 -0.831395 2.20557 0.63272 0.328549 0.216799
-0.0916605 -0.831614 2.20594 0.631677 0.331046 0.215181
-0.0925561 -0.831832 2.20631 0.630633 0.333542 0.213564
-0.0934517 -0.83205 2.20669 0.629589 0.336038 0.211946
-0.0943418 -0.832257 2.20705 0.628538 0.338535 0.210332
-0.0952319 -0.832464 2.20742 0.627486 0.341032 0.208718
-0.096122 -0.832671 2.20779 0.626434 0.343529 0.207104
-0.0970121 -0.832877 2.20815 0.625383 0.346025 0.20549
-0.0978968 -0.833073 2.20851 0.624323 0.348523 0.20388
-0.0987816 -0.833268 2.20888 0.623264 0.35102 0.202269
-0.0996663 -0.833464 2.20924 0.622204 0.353517 0.200659
-0.100551 -0.833659 2.2096 0.621145 0.356014 0.199048
-0.101431 -0.833843 2.20995 0.620078 0.358512 0.197441
-0.10231 -0.834028 2.21031 0.619011 0.36101 0.195834
-0.10319 -0.834212 2.21066 0.617944 0.363507 0.194227
-0.104069 -0.834397 2.21102 0.616877 0.366005 0.19262
-0.104944 -0.83457 2.21137 0.615802 0.368503 0.191016
-0.105818 -0.834744 2.21172 0.614728 0.371002 0.189412
-0.106693 -0.834918 2.21207 0.613654 0.3735 0.187809
-0.107567 -0.835092 2.21242 0.612579 0.375998 0.186205
-0.108437 -0.835255 2.21277 0.611498 0.378496 0.184604
-0.109306 -0.835419 2.21311 0.610417 0.380995 0.183003
-0.110176 -0.835583 2.21346 0.609336 0.383494 0.181403
-0.111046 -0.835746 2.2138 0.608254 0.385992 0.179802
-0.11191 -0.8359 2.21414 0.607166 0.388491 0.178205
-0.112775 -0.836054 2.21448 0.606078 0.39099 0.176607
-0.11364 -0.836207 2.21482 0.60499 0.393489 0.175009
-0.114505 -0.836361 2.21516 0.603902 0.395988 0.173412
-0.115366 -0.836505 2.21549 0.602807 0.398488 0.171817
-0.116226 -0.836649 2.21583 0.601713 0.400987 0.170222
-0.117087 -0.836793 2.21616 0.600618 0.403487 0.168628
-0.117947 -0.836938 2.2165 0.599524 0.405986 0.167033
-0.118803 -0.837073 2.21683 0.598423 0.408486 0.165441
-0.119659 -0.837208 2.21716 0.597322 0.410986 0.163849
-0.120515 -0.837343 2.21749 0.596221 0.413486 0.162257
-0.121371 -0.837478 2.21782 0.59512 0.415985 0.160665
-0.122223 -0.837604 2.21815 0.594013 0.418486 0.159076
-0.123075 -0.83773 2.21847 0.592906 0.420986 0.157487
-0.123927 -0.837857 2.2188 0.591799 0.423486 0.155898
-0.124779 -0.837983 2.21912 0.590693 0.425986 0.154309
-0.125627 -0.838101 2.21944 0.58958 0.428487 0.152722
-0.126475 -0.838219 2.21977 0.588467 0.430987 0.151136
-0.127323 -0.838336 2.22009 0.587355 0.433488 0.149549
-0.128171 -0.838454 2.22041 0.586242 0.435988 0.147962
-0.129015 -0.838564 2.22073 0.585124 0.438489 0.146378
-0.129859 -0.838674 2.22104 0.584006 0.44099 0.144794
-0.130703 -0.838784 2.22136 0.582887 0.443491 0.14321
-0.131548 -0.838893 2.22168 0.581769 0.445992 0.141626
-0.132388 -0.838996 2.22199 0.580646 0.448493 0.140044
-0.133229 -0.839098 2.22231 0.579522 0.450994 0.138463
-0.134069 -0.8392 2.22262 0.578399 0.453496 0.136881
-0.134909 -0.839302 2.22293 0.577275 0.455997 0.135299
-0.135747 -0.839397 2.22324 0.576147 0.458498 0.13372
-0.136584 -0.839491 2.22355 0.575018 0.461 0.13214
-0.137421 -0.839586 2.22386 0.57389 0.463502 0.130561
-0.138258 -0.839681 2.22417 0.572761 0.466003 0.128981
-0.139091 -0.839769 2.22448 0.571628 0.468505 0.127404
-0.139925 -0.839857 2.22478 0.570495 0.471007 0.125827
-0.140759 -0.839945 2.22509 0.569362 0.473509 0.124249
-0.141592 -0.840032 2.2254 0.568229 0.47601 0.122672
-0.142423 -0.840114 2.2257 0.567091 0.478513 0.121097
-0.143254 -0.840195 2.226 0.565953 0.481015 0.119521
-0.144084 -0.840276 2.2263 0.564815 0.483517 0.117946
-0.144915 -0.840358 2.22661 0.563678 0.486019 0.116371
-0.145743 -0.840433 2.22691 0.562536 0.488521 0.114798
-0.14657 -0.840508 2.22721 0.561394 0.491024 0.113224
-0.147398 -0.840583 2.22751 0.560251 0.493526 0.111651
-0.148226 -0.840658 2.2278 0.559109 0.496028 0.110077
-0.14905 -0.840727 2.2281 0.557963 0.498531 0.108506
-0.149875 -0.840796 2.2284 0.556817 0.501034 0.106934
-0.1507 -0.840865 2.22869 0.555671 0.503536 0.105363
-0.151525 -0.840934 2.22899 0.554525 0.506039 0.103791
-0.152347 -0.840998 2.22929 0.553376 0.508542 0.102221
-0.15317 -0.841062 2.22958 0.552226 0.511045 0.100651
-0.153992 -0.841126 2.22987 0.551076 0.513547 0.0990815
-0.154814 -0.841189 2.23017 0.549926 0.51605 0.0975116
-0.155634 -0.841248 2.23046 0.548773 0.518553 0.0959433
-0.156454 -0.841306 2.23075 0.54762 0.521056 0.094375
-0.157274 -0.841365 2.23104 0.546466 0.52356 0.0928067
-0.158094 -0.841424 2.23133 0.545313 0.526063 0.0912384
-0.158911 -0.841477 2.23162 0.544156 0.528566 0.0896715
-0.159729 -0.841531 2.23191 0.543 0.531069 0.0881047
-0.160546 -0.841585 2.2322 0.541843 0.533572 0.0865378
-0.161364 -0.841639 2.23249 0.540687 0.536076 0.084971
-0.162179 -0.841688 2.23277 0.539527 0.538579 0.0834055
-0.162995 -0.841738 2.23306 0.538368 0.541083 0.08184
-0.16381 -0.841787 2.23335 0.537208 0.543586 0.0802746
-0.164626 -0.841837 2.23363 0.536048 0.54609 0.0787091
-0.16544 -0.841882 2.23392 0.534886 0.548593 0.0771448
-0.166253 -0.841928 2.2342 0.533724 0.551097 0.0755806
-0.167067 -0.841973 2.23449 0.532561 0.553601 0.0740163
-0.16788 -0.842018 2.23477 0.531399 0.556104 0.0724521
-0.168692 -0.84206 2.23505 0.530234 0.558608 0.070889
-0.169504 -0.842102 2.23533 0.529069 0.561112 0.0693259
-0.170316 -0.842144 2.23562 0.527905 0.563616 0.0677628
-0.171128 -0.842185 2.2359 0.52674 0.566119 0.0661996
-0.171938 -0.842224 2.23618 0.525573 0.568623 0.0646375
-0.172748 -0.842262 2.23646 0.524405 0.571127 0.0630754
-0.173559 -0.842301 2.23674 0.523238 0.573631 0.0615133
-0.174369 -0.842339 2.23702 0.522071 0.576135 0.0599512
-0.175178 -0.842375 2.2373 0.520902 0.578639 0.05839
-0.175987 -0.84241 2.23758 0.519733 0.581143 0.0568288
-0.176796 -0.842446 2.23786 0.518564 0.583647 0.0552676
-0.177605 -0.842481 2.23814 0.517395 0.586151 0.0537064
-0.178413 -0.842514 2.23842 0.516224 0.588655 0.052146
-0.17922 -0.842547 2.2387 0.515053 0.59116 0.0505856
-0.180028 -0.84258 2.23897 0.513882 0.593664 0.0490252
-0.180836 -0.842613 2.23925 0.512711 0.596168 0.0474648
-0.181642 -0.842644 2.23953 0.511539 0.598672 0.0459051
-0.182449 -0.842675 2.23981 0.510367 0.601177 0.0443453
-0.183256 -0.842706 2.24008 0.509194 0.603681 0.0427856
-0.184062 -0.842736 2.24036 0.508022 0.606185 0.0412259
-0.184868 -0.842765 2.24064 0.506848 0.608689 0.0396667
-0.185674 -0.842794 2.24091 0.505675 0.611194 0.0381075
-0.18648 -0.842823 2.24119 0.504501 0.613698 0.0365484
-0.187286 -0.842852 2.24146 0.503327 0.616202 0.0349892
-0.188091 -0.84288 2.24174 0.502153 0.618707 0.0334305
-0.188896 -0.842907 2.24202 0.500978 0.621211 0.0318718
-0.189701 -0.842935 2.24229 0.499803 0.623716 0.030313
-0.190506 -0.842962 2.24257 0.498629 0.62622 0.0287543
-0.191311 -0.842989 2.24284 0.497453 0.628724 0.027196
-0.192115 -0.843015 2.24311 0.496278 0.631229 0.0256376
-0.19292 -0.843041 2.24339 0.495103 0.633733 0.0240792
-0.193724 -0.843068 2.24366 0.493927 0.636238 0.0225208
-0.194529 -0.843093 2.24394 0.492751 0.638742 0.0209627
-0.195333 -0.843119 2.24421 0.491576 0.641247 0.0194045
-0.196137 -0.843145 2.24449 0.4904 0.643751 0.0178464
-0.196941 -0.84317 2.24476 0.489224 0.646256 0.0162882
-0.197745 -0.843196 2.24504 0.488048 0.64876 0.0147302
-0.198549 -0.843221 2.24531 0.486871 0.651265 0.0131721
-0.199353 -0.843246 2.24558 0.485695 0.653769 0.0116141
-0.200158 -0.843272 2.24586 0.484519 0.656274 0.010056
-0.200962 -0.843297 2.24613 0.483343 0.658778 0.00849799
-0.201766 -0.843322 2.24641 0.482167 0.661283 0.00693995
-0.20257 -0.843348 2.24668 0.480991 0.663787 0.00538191
-0.203374 -0.843373 2.24695 0.479815 0.666292 0.00382387
-0.204178 -0.843398 2.24723 0.478638 0.668796 0.00226588
-0.204982 -0.843423 2.2475 0.477462 0.671301 0.0007079
-0.205786 -0.843448 2.24778 0.476286 0.673805 -0.000850085
-0.20659 -0.843473 2.24805 0.47511 0.67631 -0.00240807
-0.207394 -0.843498 2.24832 0.473933 0.678814 -0.00396594
-0.208197 -0.843523 2.2486 0.472757 0.681319 -0.00552381
-0.209001 -0.843548 2.24887 0.47158 0.683823 -0.00708169
-0.209805 -0.843572 2.24915 0.470404 0.686328 -0.00863956
-0.210608 -0.843596 2.24942 0.469227 0.688832 -0.0101973
-0.211412 -0.843621 2.24969 0.46805 0.691337 -0.011755
-0.212216 -0.843645 2.24997 0.466873 0.693841 -0.0133127
-0.213019 -0.843669 2.25024 0.465696 0.696346 -0.0148704
-0.213822 -0.843693 2.25051 0.464519 0.698851 -0.0164278
-0.214626 -0.843716 2.25079 0.463341 0.701355 -0.0179853
-0.215429 -0.84374 2.25106 0.462164 0.70386 -0.0195428
-0.216232 -0.843763 2.25133 0.460986 0.706364 -0.0211003
-0.217035 -0.843786 2.25161 0.459808 0.708869 -0.0226575
-0.217837 -0.843808 2.25188 0.45863 0.711373 -0.0242147
-0.21864 -0.843831 2.25215 0.457452 0.713878 -0.0257719
-0.219443 -0.843853 2.25242 0.456274 0.716383 -0.0273291
-0.220245 -0.843875 2.2527 0.455096 0.718887 -0.0288859
-0.221047 -0.843896 2.25297 0.453917 0.721392 -0.0304428
-0.22185 -0.843918 2.25324 0.452738 0.723897 -0.0319996
-0.222652 -0.843939 2.25351 0.451559 0.726401 -0.0335565
-0.223454 -0.843959 2.25378 0.45038 0.728906 -0.0351129
-0.224255 -0.843979 2.25406 0.4492 0.731411 -0.0366694
-0.225057 -0.844 2.25433 0.44802 0.733915 -0.0382259
-0.225858 -0.84402 2.2546 0.446841 0.73642 -0.0397823
-0.226659 -0.844038 2.25487 0.44566 0.738925 -0.0413383
-0.22746 -0.844057 2.25514 0.444479 0.74143 -0.0428944
-0.228261 -0.844076 2.25541 0.443299 0.743934 -0.0444504
-0.229062 -0.844095 2.25568 0.442118 0.746439 -0.0460064
-0.229862 -0.844112 2.25595 0.440936 0.748944 -0.0475619
-0.230663 -0.844129 2.25622 0.439755 0.751449 -0.0491174
-0.231463 -0.844146 2.25649 0.438573 0.753954 -0.0506729
-0.232263 -0.844163 2.25676 0.437391 0.756459 -0.0522284
-0.233062 -0.844178 2.25703 0.436208 0.758964 -0.0537833
-0.233862 -0.844193 2.2573 0.435025 0.761469 -0.0553383
-0.234661 -0.844209 2.25757 0.433842 0.763973 -0.0568932
-0.23546 -0.844224 2.25784 0.432659 0.766478 -0.0584482
-0.236258 -0.844237 2.25811 0.431474 0.768983 -0.0600025
-0.237057 -0.84425 2.25837 0.43029 0.771488 -0.0615568
-0.237855 -0.844263 2.25864 0.429106 0.773993 -0.0631111
-0.238653 -0.844277 2.25891 0.427921 0.776498 -0.0646654
-0.239451 -0.844288 2.25918 0.426735 0.779003 -0.0662191
-0.240248 -0.844299 2.25944 0.425549 0.781509 -0.0677727
-0.241045 -0.84431 2.25971 0.424363 0.784014 -0.0693264
-0.241843 -0.844321 2.25998 0.423178 0.786519 -0.07088
-0.242639 -0.844329 2.26024 0.42199 0.789024 -0.0724329
-0.243435 -0.844338 2.26051 0.420802 0.791529 -0.0739858
-0.244231 -0.844347 2.26077 0.419615 0.794034 -0.0755387
-0.245027 -0.844355 2.26104 0.418427 0.79654 -0.0770917
-0.245822 -0.844362 2.2613 0.417238 0.799045 -0.0786438
-0.246617 -0.844368 2.26157 0.416049 0.80155 -0.0801959
-0.247412 -0.844374 2.26183 0.414859 0.804056 -0.081748
-0.248207 -0.84438 2.2621 0.41367 0.806561 -0.0833001
-0.249001 -0.844383 2.26236 0.412479 0.809066 -0.0848514
-0.249795 -0.844386 2.26262 0.411288 0.811572 -0.0864027
-0.250588 -0.84439 2.26288 0.410097 0.814077 -0.087954
-0.251382 -0.844393 2.26315 0.408905 0.816583 -0.0895052
-0.252174 -0.844394 2.26341 0.407712 0.819088 -0.0910556
-0.252966 -0.844394 2.26367 0.406519 0.821594 -0.092606
-0.253759 -0.844394 2.26393 0.405326 0.824099 -0.0941564
-0.254551 -0.844395 2.26419 0.404133 0.826605 -0.0957067
-0.255342 -0.844392 2.26445 0.402937 0.82911 -0.0972561
-0.256133 -0.84439 2.26471 0.401742 0.831616 -0.0988056
-0.256923 -0.844387 2.26497 0.400547 0.834122 -0.100355
-0.257714 -0.844384 2.26523 0.399351 0.836628 -0.101904
-0.258503 -0.844378 2.26549 0.398154 0.839133 -0.103453
-0.259293 -0.844372 2.26575 0.396956 0.841639 -0.105001
-0.260082 -0.844366 2.26601 0.395759 0.844145 -0.10655
-0.260871 -0.84436 2.26626 0.394561 0.846651 -0.108098
-0.261659 -0.844351 2.26652 0.393361 0.849157 -0.109645
-0.262446 -0.844341 2.26678 0.392161 0.851663 -0.111193
-0.263234 -0.844332 2.26703 0.390961 0.854169 -0.11274
-0.264021 -0.844322 2.26729 0.389761 0.856675 -0.114287
-0.264807 -0.844309 2.26754 0.388559 0.859181 -0.115833
-0.265593 -0.844296 2.2678 0.387356 0.861687 -0.11738
-0.266379 -0.844283 2.26805 0.386154 0.864193 -0.118926
-0.267165 -0.84427 2.26831 0.384951 0.866699 -0.120472
-0.267949 -0.844253 2.26856 0.383746 0.869206 -0.122017
-0.268733 -0.844236 2.26881 0.382541 0.871712 -0.123562
-0.269517 -0.844219 2.26907 0.381336 0.874218 -0.125107
-0.270301 -0.844202 2.26932 0.380131 0.876724 -0.126652
-0.271083 -0.844181 2.26957 0.378923 0.879231 -0.128196
-0.271865 -0.84416 2.26982 0.377715 0.881737 -0.12974
-0.272647 -0.844139 2.27007 0.376507 0.884244 -0.131283
-0.273429 -0.844118 2.27032 0.375299 0.88675 -0.132827
-0.27421 -0.844093 2.27057 0.374088 0.889257 -0.13437
-0.27499 -0.844068 2.27082 0.372878 0.891764 -0.135912
-0.27577 -0.844043 2.27106 0.371667 0.89427 -0.137455
-0.27655 -0.844018 2.27131 0.370456 0.896777 -0.138997
-0.277328 -0.843988 2.27156 0.369242 0.899284 -0.140538
-0.278106 -0.843958 2.27181 0.368029 0.901791 -0.142079
-0.278884 -0.843929 2.27205 0.366815 0.904297 -0.143621
-0.279662 -0.843899 2.2723 0.365601 0.906804 -0.145162
-0.280438 -0.843865 2.27254 0.364384 0.909311 -0.146701
-0.281214 -0.843831 2.27278 0.363167 0.911818 -0.148241
-0.28199 -0.843797 2.27303 0.36195 0.914325 -0.149781
-0.282766 -0.843763 2.27327 0.360734 0.916832 -0.151321
-0.283539 -0.843724 2.27351 0.359513 0.91934 -0.152859
-0.284313 -0.843685 2.27375 0.358293 0.921847 -0.154397
-0.285087 -0.843646 2.274 0.357073 0.924354 -0.155935
-0.28586 -0.843607 2.27424 0.355853 0.926861 -0.157474
-0.286632 -0.843563 2.27448 0.354629 0.929369 -0.15901
-0.287403 -0.843519 2.27471 0.353406 0.931876 -0.160547
-0.288174 -0.843476 2.27495 0.352182 0.934384 -0.162084
-0.288945 -0.843432 2.27519 0.350959 0.936891 -0.16362
-0.289714 -0.843383 2.27543 0.349732 0.939399 -0.165156
-0.290483 -0.843334 2.27566 0.348505 0.941906 -0.166691
-0.291252 -0.843285 2.2759 0.347277 0.944414 -0.168226
-0.292021 -0.843236 2.27614 0.34605 0.946922 -0.169761
-0.292787 -0.843182 2.27637 0.34482 0.94943 -0.171295
-0.293553 -0.843127 2.2766 0.343589 0.951937 -0.172828
-0.29432 -0.843073 2.27684 0.342358 0.954445 -0.174362
-0.295086 -0.843019 2.27707 0.341128 0.956953 -0.175895
-0.29585 -0.842959 2.2773 0.339893 0.959461 -0.177427
-0.296614 -0.842899 2.27753 0.338659 0.961969 -0.178959
-0.297377 -0.84284 2.27776 0.337424 0.964478 -0.180491
-0.298141 -0.84278 2.27799 0.33619 0.966986 -0.182022
-0.298902 -0.842714 2.27822 0.334951 0.969494 -0.183553
-0.299663 -0.842649 2.27845 0.333713 0.972002 -0.185083
-0.300424 -0.842584 2.27868 0.332475 0.974511 -0.186613
-0.301185 -0.842518 2.2789 0.331236 0.977019 -0.188143
-0.301944 -0.842447 2.27913 0.329994 0.979528 -0.189671
-0.302702 -0.842376 2.27935 0.328752 0.982036 -0.191199
-0.30346 -0.842304 2.27958 0.327509 0.984545 -0.192728
-0.304218 -0.842233 2.2798 0.326267 0.987054 -0.194256
-0.304974 -0.842156 2.28002 0.325021 0.989562 -0.195782
-0.30573 -0.842079 2.28025 0.323774 0.992071 -0.197309
-0.306485 -0.842002 2.28047 0.322528 0.99458 -0.198835
-0.307241 -0.841925 2.28069 0.321282 0.997089 -0.200362
-0.307994 -0.841843 2.28091 0.320032 0.999598 -0.201887
-0.308747 -0.84176 2.28113 0.318782 1.00211 -0.203412
-0.3095 -0.841678 2.28135 0.317532 1.00462 -0.204936
-0.310253 -0.841596 2.28157 0.316282 1.00713 -0.206461
-0.311003 -0.841508 2.28178 0.315028 1.00963 -0.207984
-0.311754 -0.84142 2.282 0.313774 1.01214 -0.209508
-0.312504 -0.841332 2.28221 0.312521 1.01465 -0.211031
-0.313255 -0.841245 2.28243 0.311267 1.01716 -0.212554
-0.314003 -0.841152 2.28264 0.31001 1.01967 -0.214076
-0.314751 -0.841059 2.28286 0.308753 1.02218 -0.215597
-0.315499 -0.840966 2.28307 0.307496 1.02469 -0.217119
-0.316247 -0.840873 2.28329 0.306238 1.0272 -0.21864
-0.316992 -0.840775 2.2835 0.304978 1.02971 -0.220161
-0.317738 -0.840678 2.28371 0.303717 1.03222 -0.221681
-0.318484 -0.84058 2.28392 0.302457 1.03473 -0.223201
-0.31923 -0.840482 2.28413 0.301196 1.03724 -0.224721
-0.319973 -0.840379 2.28434 0.299932 1.03975 -0.22624
-0.320716 -0.840277 2.28455 0.298669 1.04226 -0.227758
-0.32146 -0.840174 2.28476 0.297405 1.04477 -0.229277
-0.322203 -0.840072 2.28497 0.296141 1.04728 -0.230795
-0.322945 -0.839965 2.28517 0.294874 1.04979 -0.232313
-0.323686 -0.839858 2.28538 0.293607 1.0523 -0.23383
-0.324427 -0.83975 2.28558 0.29234 1.05481 -0.235347
-0.325168 -0.839643 2.28579 0.291073 1.05732 -0.236864
-0.325908 -0.839532 2.28599 0.289803 1.05983 -0.23838
-0.326647 -0.83942 2.2862 0.288533 1.06234 -0.239896
-0.327386 -0.839309 2.2864 0.287263 1.06485 -0.241412
-0.328125 -0.839197 2.28661 0.285993 1.06736 -0.242928
-0.328862 -0.839082 2.28681 0.28472 1.06987 -0.244442
-0.3296 -0.838966 2.28701 0.283448 1.07238 -0.245957
-0.330337 -0.83885 2.28721 0.282175 1.07489 -0.247471
-0.331074 -0.838734 2.28742 0.280902 1.0774 -0.248986
-0.331809 -0.838615 2.28762 0.279626 1.07991 -0.250499
-0.332545 -0.838495 2.28782 0.278351 1.08242 -0.252013
-0.33328 -0.838375 2.28801 0.277075 1.08494 -0.253526
-0.334015 -0.838255 2.28821 0.275799 1.08745 -0.255039
-0.334749 -0.838132 2.28841 0.274521 1.08996 -0.256551
-0.335482 -0.838008 2.28861 0.273243 1.09247 -0.258064
-0.336216 -0.837885 2.28881 0.271965 1.09498 -0.259576
-0.336949 -0.837761 2.28901 0.270686 1.09749 -0.261088
-0.337681 -0.837634 2.2892 0.269406 1.1 -0.262599
-0.338413 -0.837507 2.2894 0.268125 1.10251 -0.26411
-0.339144 -0.837379 2.28959 0.266844 1.10502 -0.265621
-0.339876 -0.837252 2.28979 0.265563 1.10753 -0.267132
-0.340606 -0.837121 2.28999 0.26428 1.11004 -0.268642
-0.341336 -0.836991 2.29018 0.262997 1.11256 -0.270152
-0.342066 -0.83686 2.29037 0.261714 1.11507 -0.271662
-0.342796 -0.836729 2.29057 0.260431 1.11758 -0.273172
-0.343525 -0.836595 2.29076 0.259146 1.12009 -0.274681
-0.344254 -0.836461 2.29095 0.25786 1.1226 -0.27619
-0.344982 -0.836327 2.29115 0.256575 1.12511 -0.277699
-0.345711 -0.836193 2.29134 0.255289 1.12762 -0.279208
-0.346438 -0.836056 2.29153 0.254002 1.13013 -0.280715
-0.347165 -0.835919 2.29172 0.252714 1.13265 -0.282223
-0.347892 -0.835782 2.29191 0.251427 1.13516 -0.283731
-0.348619 -0.835645 2.2921 0.250139 1.13767 -0.285239
-0.349586 -0.835458 2.29236 0.24842 1.14102 -0.287249
-0.350554 -0.835271 2.29261 0.2467 1.14437 -0.289258
-0.351522 -0.835085 2.29286 0.244981 1.14771 -0.291268
-0.352246 -0.834942 2.29305 0.24369 1.15023 -0.292774
-0.35297 -0.834799 2.29324 0.242398 1.15274 -0.29428
-0.353695 -0.834656 2.29343 0.241107 1.15525 -0.295786
-0.354419 -0.834513 2.29361 0.239815 1.15776 -0.297293
-0.355383 -0.83432 2.29386 0.238091 1.16111 -0.2993
-0.356347 -0.834126 2.29411 0.236367 1.16446 -0.301307
-0.357312 -0.833932 2.29436 0.234643 1.16781 -0.303314
-0.358034 -0.833784 2.29455 0.233348 1.17032 -0.304819
-0.358756 -0.833637 2.29473 0.232053 1.17283 -0.306324
-0.359478 -0.833489 2.29492 0.230758 1.17534 -0.307828
-0.3602 -0.833341 2.2951 0.229464 1.17786 -0.309333
-0.361161 -0.833141 2.29535 0.227735 1.1812 -0.311339
-0.362122 -0.832941 2.2956 0.226007 1.18455 -0.313344
-0.363084 -0.832741 2.29584 0.224278 1.1879 -0.315349
-0.363804 -0.83259 2.29602 0.222981 1.19042 -0.316853
-0.364524 -0.832438 2.29621 0.221683 1.19293 -0.318356
-0.365244 -0.832286 2.29639 0.220385 1.19544 -0.319859
-0.365964 -0.832134 2.29657 0.219088 1.19795 -0.321363
-0.366923 -0.831929 2.29682 0.217356 1.2013 -0.323367
-0.367882 -0.831724 2.29706 0.215624 1.20465 -0.32537
-0.36884 -0.831519 2.2973 0.213892 1.208 -0.327374
-0.369559 -0.831363 2.29749 0.212592 1.21051 -0.328877
-0.370277 -0.831208 2.29767 0.211292 1.21302 -0.330379
-0.370996 -0.831052 2.29785 0.209992 1.21554 -0.331881
-0.371714 -0.830897 2.29803 0.208692 1.21805 -0.333384
-0.372671 -0.830688 2.29827 0.206957 1.2214 -0.335386
-0.373628 -0.830479 2.29851 0.205222 1.22475 -0.337389
-0.374585 -0.83027 2.29876 0.203487 1.2281 -0.339391
-0.375302 -0.830111 2.29894 0.202185 1.23061 -0.340893
-0.376019 -0.829953 2.29912 0.200883 1.23312 -0.342394
-0.376736 -0.829795 2.2993 0.199581 1.23563 -0.343896
-0.377453 -0.829637 2.29948 0.198279 1.23815 -0.345397
-0.378408 -0.829425 2.29972 0.196543 1.2415 -0.347399
-0.379364 -0.829212 2.29996 0.194806 1.24485 -0.3494
-0.380319 -0.829 2.3002 0.193069 1.2482 -0.351402
-0.381035 -0.82884 2.30037 0.191765 1.25071 -0.352903
-0.381752 -0.82868 2.30055 0.190462 1.25322 -0.354403
-0.382468 -0.82852 2.30073 0.189159 1.25573 -0.355904
-0.383184 -0.828359 2.30091 0.187855 1.25825 -0.357405
-0.384138 -0.828145 2.30115 0.186117 1.2616 -0.359406
-0.385093 -0.82793 2.30139 0.184378 1.26495 -0.361407
-0.386047 -0.827716 2.30163 0.18264 1.2683 -0.363408
-0.386762 -0.827554 2.30181 0.181336 1.27081 -0.364908
-0.387478 -0.827393 2.30198 0.180032 1.27332 -0.366409
-0.388193 -0.827231 2.30216 0.178727 1.27583 -0.367909
-0.388909 -0.82707 2.30234 0.177423 1.27835 -0.36941
-0.389863 -0.826854 2.30258 0.175684 1.2817 -0.37141
-0.390817 -0.826639 2.30282 0.173945 1.28505 -0.373411
-0.39177 -0.826423 2.30306 0.172205 1.2884 -0.375411
-0.392486 -0.826261 2.30323 0.170901 1.29091 -0.376911
-0.393201 -0.826099 2.30341 0.169596 1.29342 -0.378412
-0.393916 -0.825937 2.30359 0.168292 1.29593 -0.379912
-0.394631 -0.825775 2.30377 0.166987 1.29845 -0.381412
-0.395347 -0.825613 2.30395 0.165682 1.30096 -0.382913
-0.396062 -0.825451 2.30413 0.164378 1.30347 -0.384413
-0.396777 -0.825289 2.3043 0.163073 1.30598 -0.385913
-0.397492 -0.825127 2.30448 0.161769 1.3085 -0.387414
-0.398446 -0.824911 2.30472 0.160029 1.31185 -0.389414
-0.3994 -0.824695 2.30496 0.15829 1.3152 -0.391414
-0.400354 -0.824479 2.3052 0.15655 1.31855 -0.393415
-0.401069 -0.824317 2.30537 0.155246 1.32106 -0.394915
-0.401784 -0.824155 2.30555 0.153941 1.32357 -0.396415
-0.402499 -0.823993 2.30573 0.152637 1.32608 -0.397916
-0.403215 -0.823831 2.30591 0.151332 1.32859 -0.399416
-0.404168 -0.823615 2.30615 0.149592 1.33194 -0.401416
-0.405122 -0.823399 2.30638 0.147853 1.33529 -0.403417
-0.406076 -0.823183 2.30662 0.146114 1.33864 -0.405417
-0.407029 -0.822967 2.30686 0.144374 1.34199 -0.407418
-0.407983 -0.822751 2.3071 0.142635 1.34534 -0.409418
-0.408937 -0.822535 2.30733 0.140895 1.34869 -0.411418
-0.409652 -0.822373 2.30751 0.139591 1.35121 -0.412919
-0.410367 -0.822211 2.30769 0.138286 1.35372 -0.414419
-0.411082 -0.822049 2.30787 0.136981 1.35623 -0.415919
-0.411798 -0.821887 2.30805 0.135677 1.35874 -0.41742
-0.412513 -0.821725 2.30823 0.134372 1.36126 -0.41892
-0.413228 -0.821563 2.3084 0.133068 1.36377 -0.42042
-0.413944 -0.821401 2.30858 0.131763 1.36628 -0.421921
-0.414659 -0.821239 2.30876 0.130459 1.36879 -0.423421
-0.415612 -0.821023 2.309 0.128719 1.37214 -0.425421
-0.416566 -0.820807 2.30924 0.12698 1.37549 -0.427422
-0.41752 -0.820591 2.30947 0.12524 1.37884 -0.429422
-0.418235 -0.820429 2.30965 0.123936 1.38136 -0.430922
-0.41895 -0.820267 2.30983 0.122631 1.38387 -0.432423
-0.419666 -0.820105 2.31001 0.121326 1.38638 -0.433923
-0.420381 -0.819943 2.31019 0.120022 1.38889 -0.435423
-0.421335 -0.819727 2.31043 0.118282 1.39224 -0.437424
-0.422288 -0.819511 2.31066 0.116543 1.39559 -0.439424
-0.423242 -0.819295 2.3109 0.114804 1.39894 -0.441425
-0.423957 -0.819133 2.31108 0.113499 1.40146 -0.442925
-0.424672 -0.818971 2.31126 0.112194 1.40397 -0.444425
-0.425388 -0.818809 2.31144 0.11089 1.40648 -0.445925
-0.426103 -0.818647 2.31161 0.109585 1.40899 -0.447426
-0.427057 -0.818431 2.31185 0.107846 1.41234 -0.449426
-0.42801 -0.818215 2.31209 0.106106 1.41569 -0.451427
-0.428964 -0.817999 2.31233 0.104367 1.41904 -0.453427
-0.429918 -0.817783 2.31256 0.102627 1.42239 -0.455427
-0.430871 -0.817567 2.3128 0.100888 1.42574 -0.457428
-0.431825 -0.817351 2.31304 0.0991485 1.42909 -0.459428
-0.43254 -0.817189 2.31322 0.0978439 1.43161 -0.460928
-0.433256 -0.817027 2.3134 0.0965393 1.43412 -0.462429
-0.433971 -0.816865 2.31358 0.0952348 1.43663 -0.463929
-0.434686 -0.816703 2.31375 0.0939302 1.43914 -0.465429
-0.435401 -0.816541 2.31393 0.0926256 1.44166 -0.46693
-0.436117 -0.816379 2.31411 0.091321 1.44417 -0.46843
-0.436832 -0.816217 2.31429 0.0900164 1.44668 -0.46993
-0.437547 -0.816055 2.31447 0.0887118 1.44919 -0.471431
-0.438501 -0.815839 2.3147 0.0869724 1.45254 -0.473431
-0.439455 -0.815623 2.31494 0.0852329 1.45589 -0.475431
-0.440408 -0.815407 2.31518 0.0834935 1.45924 -0.477432
-0.441362 -0.815191 2.31542 0.081754 1.46259 -0.479432
-0.442316 -0.814975 2.31566 0.0800146 1.46594 -0.481433
-0.443269 -0.814759 2.31589 0.0782751 1.46929 -0.483433
-0.443984 -0.814597 2.31607 0.0769706 1.47181 -0.484933
-0.4447 -0.814435 2.31625 0.075666 1.47432 -0.486434
-0.445415 -0.814273 2.31643 0.0743614 1.47683 -0.487934
-0.44613 -0.814111 2.31661 0.0730568 1.47934 -0.489434
-0.446846 -0.813949 2.31678 0.0717522 1.48186 -0.490935
-0.447561 -0.813787 2.31696 0.0704476 1.48437 -0.492435
-0.448276 -0.813625 2.31714 0.069143 1.48688 -0.493935
-0.448991 -0.813463 2.31732 0.0678385 1.48939 -0.495436
-0.449945 -0.813248 2.31756 0.066099 1.49274 -0.497436
-0.450899 -0.813032 2.31779 0.0643596 1.49609 -0.499436
-0.451852 -0.812816 2.31803 0.0626201 1.49944 -0.501437
-0.452568 -0.812654 2.31821 0.0613155 1.50196 -0.502937
-0.453283 -0.812492 2.31839 0.0600109 1.50447 -0.504437
-0.453998 -0.81233 2.31857 0.0587064 1.50698 -0.505938
-0.454713 -0.812168 2.31875 0.0574018 1.50949 -0.507438
-0.455667 -0.811952 2.31898 0.0556623 1.51284 -0.509438
-0.456621 -0.811736 2.31922 0.0539229 1.51619 -0.511439
-0.457574 -0.81152 2.31946 0.0521834 1.51954 -0.513439
-0.45829 -0.811358 2.31964 0.0508788 1.52206 -0.514939
-0.459005 -0.811196 2.31982 0.0495743 1.52457 -0.51644
-0.45972 -0.811034 2.31999 0.0482697 1.52708 -0.51794
-0.460436 -0.810872 2.32017 0.0469651 1.52959 -0.51944
-0.461389 -0.810656 2.32041 0.0452256 1.53294 -0.521441
-0.462343 -0.81044 2.32065 0.0434862 1.53629 -0.523441
-0.463297 -0.810224 2.32089 0.0417467 1.53964 -0.525442
-0.46425 -0.810008 2.32112 0.0400073 1.54299 -0.527442
-0.465204 -0.809792 2.32136 0.0382678 1.54634 -0.529442
-0.466158 -0.809576 2.3216 0.0365284 1.54969 -0.531443
-0.466873 -0.809414 2.32178 0.0352238 1.5522 -0.532943
-0.467588 -0.809252 2.32196 0.0339192 1.55472 -0.534443
-0.468303 -0.80909 2.32213 0.0326146 1.55723 -0.535944
-0.469019 -0.808928 2.32231 0.0313101 1.55974 -0.537444
-0.469734 -0.808766 2.32249 0.0300055 1.56225 -0.538944
-0.470449 -0.808604 2.32267 0.0287009 1.56477 -0.540445
-0.471164 -0.808442 2.32285 0.0273963 1.56728 -0.541945
-0.47188 -0.80828 2.32303 0.0260917 1.56979 -0.543445
-0.472833 -0.808064 2.32326 0.0243523 1.57314 -0.545446
-0.473787 -0.807848 2.3235 0.0226128 1.57649 -0.547446
-0.474741 -0.807632 2.32374 0.0208734 1.57984 -0.549446
-0.475456 -0.80747 2.32392 0.0195688 1.58235 -0.550947
-0.476171 -0.807308 2.32409 0.0182642 1.58487 -0.552447
-0.476887 -0.807146 2.32427 0.0169596 1.58738 -0.553947
-0.477602 -0.806984 2.32445 0.015655 1.58989 -0.555448
-0.478555 -0.806768 2.32469 0.0139156 1.59324 -0.557448
-0.479509 -0.806552 2.32493 0.0121761 1.59659 -0.559449
-0.480463 -0.806336 2.32516 0.0104367 1.59994 -0.561449
-0.481178 -0.806174 2.32534 0.0091321 1.60245 -0.562949
-0.481893 -0.806012 2.32552 0.00782751 1.60497 -0.56445
-0.482609 -0.80585 2.3257 0.00652293 1.60748 -0.56595
-0.483324 -0.805688 2.32588 0.00521834 1.60999 -0.56745
-0.484754 -0.805364 2.32623 0.00260917 1.61502 -0.570451
-0.486185 -0.80504 2.32659 -2.50103e-16 1.62004 -0.573451
