0.926694 -0.11917 1.59059 -0.0297277 -0.0356344 0.704667 0.708019
0.927626 -0.121336 1.58918 -0.0307004 -0.0329412 0.703755 0.709015
0.928551 -0.123507 1.58776 -0.0316718 -0.0302493 0.702831 0.710007
0.92947 -0.125682 1.58634 -0.0326417 -0.0275588 0.701897 0.710996
0.930381 -0.127862 1.58491 -0.0336101 -0.0248697 0.700952 0.711982
0.931286 -0.130047 1.58348 -0.0345771 -0.022182 0.699996 0.712964
0.932185 -0.132236 1.58205 -0.0355427 -0.0194959 0.69903 0.713943
0.933076 -0.13443 1.58061 -0.0365068 -0.0168113 0.698052 0.714918
0.93396 -0.136629 1.57917 -0.0374695 -0.0141283 0.697063 0.71589
0.934838 -0.138832 1.57773 -0.0384307 -0.011447 0.696064 0.716859
0.935709 -0.14104 1.57628 -0.0393904 -0.00876733 0.695054 0.717824
0.936572 -0.143252 1.57483 -0.0403487 -0.00608942 0.694033 0.718786
0.937429 -0.145469 1.57338 -0.0413055 -0.0034133 0.693001 0.719744
0.938279 -0.14769 1.57192 -0.0422608 -0.000739006 0.691958 0.720699
0.939122 -0.149916 1.57046 -0.0432147 0.0019334 0.690904 0.721651
0.939958 -0.152146 1.56899 -0.044167 0.00460389 0.68984 0.722599
0.940787 -0.154381 1.56753 -0.0451179 0.0072724 0.688765 0.723543
0.941608 -0.15662 1.56605 -0.0460672 0.00993889 0.687678 0.724484
0.942423 -0.158864 1.56458 -0.0470151 0.0126033 0.686581 0.725422
0.943231 -0.161111 1.5631 -0.0479615 0.0152656 0.685474 0.726356
0.944031 -0.163364 1.56162 -0.0489063 0.0179258 0.684355 0.727286
0.944825 -0.16562 1.56013 -0.0498496 0.0205837 0.683225 0.728213
0.945611 -0.167881 1.55864 -0.0507915 0.0232394 0.682085 0.729137
0.94639 -0.170146 1.55715 -0.0517318 0.0258928 0.680934 0.730057
0.947161 -0.172415 1.55566 -0.0526705 0.0285438 0.679772 0.730973
0.947926 -0.174688 1.55416 -0.0536078 0.0311925 0.678599 0.731886
0.948683 -0.176966 1.55265 -0.0545435 0.0338387 0.677416 0.732795
0.949433 -0.179248 1.55115 -0.0554777 0.0364824 0.676221 0.7337
0.950176 -0.181534 1.54963 -0.0564103 0.0391236 0.675016 0.734602
0.950911 -0.183824 1.54812 -0.0573414 0.0417622 0.6738 0.735501
0.951639 -0.186118 1.5466 -0.0582709 0.0443982 0.672574 0.736395
0.95236 -0.188416 1.54508 -0.0591989 0.0470315 0.671336 0.737287
0.953073 -0.190718 1.54356 -0.0601253 0.0496621 0.670088 0.738174
0.953779 -0.193025 1.54203 -0.0610501 0.0522899 0.668829 0.739058
0.954478 -0.195335 1.5405 -0.0619734 0.0549149 0.667559 0.739938
0.955169 -0.197649 1.53896 -0.0628951 0.057537 0.666279 0.740815
0.955852 -0.199967 1.53742 -0.0638152 0.0601563 0.664988 0.741687
0.956528 -0.202289 1.53588 -0.0647338 0.0627725 0.663686 0.742557
0.957197 -0.204615 1.53433 -0.0656507 0.0653858 0.662373 0.743422
0.957858 -0.206945 1.53278 -0.0665661 0.0679961 0.66105 0.744284
0.958512 -0.209278 1.53123 -0.0674799 0.0706032 0.659716 0.745142
0.959157 -0.211616 1.52967 -0.0683921 0.0732072 0.658371 0.745996
0.959796 -0.213957 1.52811 -0.0693026 0.075808 0.657016 0.746847
0.960426 -0.216302 1.52655 -0.0702116 0.0784056 0.65565 0.747694
0.961049 -0.21865 1.52498 -0.0711189 0.0809999 0.654273 0.748537
0.961665 -0.221002 1.52341 -0.0720247 0.0835908 0.652886 0.749376
0.962273 -0.223358 1.52183 -0.0729288 0.0861784 0.651488 0.750212
0.962873 -0.225718 1.52025 -0.0738313 0.0887626 0.650079 0.751044
0.963465 -0.228081 1.51867 -0.0747322 0.0913433 0.64866 0.751872
0.964049 -0.230448 1.51709 -0.0756314 0.0939205 0.64723 0.752696
0.964626 -0.232818 1.5155 -0.076529 0.0964942 0.64579 0.753517
0.965195 -0.235192 1.5139 -0.0774249 0.0990642 0.644339 0.754334
0.965756 -0.237569 1.5123 -0.0783192 0.101631 0.642877 0.755146
0.96631 -0.23995 1.5107 -0.0792119 0.104193 0.641405 0.755955
0.966855 -0.242334 1.5091 -0.0801029 0.106752 0.639923 0.756761
0.967393 -0.244722 1.50749 -0.0809923 0.109307 0.638429 0.757562
0.967923 -0.247113 1.50588 -0.08188 0.111859 0.636926 0.758359
0.968444 -0.249507 1.50426 -0.082766 0.114406 0.635411 0.759153
0.968958 -0.251905 1.50264 -0.0836503 0.11695 0.633887 0.759943
0.969464 -0.254306 1.50102 -0.084533 0.119489 0.632351 0.760729
0.969962 -0.25671 1.49939 -0.085414 0.122025 0.630806 0.761511
0.970452 -0.259118 1.49776 -0.0862933 0.124556 0.629249 0.762289
0.970934 -0.261528 1.49613 -0.087171 0.127083 0.627683 0.763063
0.971408 -0.263942 1.49449 -0.0880469 0.129607 0.626106 0.763833
0.971874 -0.266359 1.49285 -0.0889212 0.132126 0.624518 0.7646
0.972332 -0.268779 1.4912 -0.0897937 0.13464 0.62292 0.765362
0.972782 -0.271202 1.48955 -0.0906646 0.137151 0.621312 0.766121
0.973223 -0.273629 1.4879 -0.0915337 0.139657 0.619694 0.766875
0.973657 -0.276058 1.48624 -0.0924011 0.142159 0.618065 0.767626
0.974082 -0.27849 1.48458 -0.0932669 0.144656 0.616425 0.768372
0.974499 -0.280925 1.48292 -0.0941309 0.147149 0.614775 0.769115
0.974908 -0.283363 1.48125 -0.0949932 0.149637 0.613115 0.769854
0.975309 -0.285804 1.47958 -0.0958537 0.152121 0.611445 0.770588
0.975701 -0.288248 1.4779 -0.0967125 0.1546 0.609765 0.771319
0.976085 -0.290695 1.47622 -0.0975696 0.157074 0.608074 0.772046
0.976461 -0.293145 1.47454 -0.098425 0.159544 0.606373 0.772768
0.976829 -0.295597 1.47285 -0.0992786 0.162009 0.604661 0.773487
0.977188 -0.298052 1.47116 -0.10013 0.164469 0.60294 0.774201
0.977539 -0.30051 1.46947 -0.100981 0.166924 0.601208 0.774912
0.977882 -0.30297 1.46777 -0.101829 0.169375 0.599466 0.775618
0.978216 -0.305433 1.46606 -0.102676 0.17182 0.597714 0.776321
0.978542 -0.307899 1.46436 -0.10352 0.174261 0.595951 0.777019
0.97886 -0.310367 1.46265 -0.104363 0.176696 0.594179 0.777713
0.979169 -0.312838 1.46093 -0.105205 0.179127 0.592396 0.778404
0.979469 -0.315311 1.45922 -0.106044 0.181552 0.590604 0.77909
0.979761 -0.317787 1.45749 -0.106882 0.183972 0.588801 0.779772
0.980045 -0.320265 1.45577 -0.107718 0.186387 0.586988 0.78045
0.98032 -0.322746 1.45404 -0.108552 0.188797 0.585165 0.781123
0.980586 -0.325229 1.45231 -0.109385 0.191201 0.583333 0.781793
0.980844 -0.327715 1.45057 -0.110215 0.1936 0.58149 0.782458
0.981094 -0.330202 1.44883 -0.111044 0.195994 0.579637 0.78312
0.981335 -0.332692 1.44708 -0.111871 0.198382 0.577774 0.783777
0.981567 -0.335184 1.44534 -0.112696 0.200765 0.575901 0.78443
0.981791 -0.337679 1.44358 -0.11352 0.203142 0.574019 0.785079
0.982006 -0.340175 1.44183 -0.114341 0.205514 0.572126 0.785724
0.982212 -0.342674 1.44007 -0.115161 0.20788 0.570223 0.786364
0.982409 -0.345175 1.4383 -0.115979 0.210241 0.568311 0.787001
0.982598 -0.347678 1.43653 -0.116795 0.212596 0.566389 0.787633
0.982779 -0.350183 1.43476 -0.117609 0.214945 0.564457 0.788261
0.98295 -0.35269 1.43299 -0.118422 0.217288 0.562515 0.788885
0.983113 -0.355199 1.43121 -0.119233 0.219625 0.560563 0.789504
0.983267 -0.35771 1.42942 -0.120041 0.221957 0.558602 0.79012
0.983412 -0.360222 1.42763 -0.120848 0.224283 0.556631 0.790731
0.983548 -0.362737 1.42584 -0.121653 0.226603 0.55465 0.791338
0.983676 -0.365253 1.42405 -0.122457 0.228916 0.552659 0.79194
0.983794 -0.367772 1.42225 -0.123258 0.231224 0.550659 0.792539
0.983904 -0.370291 1.42044 -0.124058 0.233526 0.548649 0.793133
0.984005 -0.372813 1.41864 -0.124855 0.235821 0.54663 0.793722
0.984097 -0.375336 1.41682 -0.125651 0.238111 0.544601 0.794308
0.98418 -0.377861 1.41501 -0.126445 0.240394 0.542562 0.794889
0.984254 -0.380388 1.41319 -0.127237 0.242671 0.540514 0.795466
0.984319 -0.382916 1.41137 -0.128027 0.244941 0.538456 0.796039
0.984375 -0.385446 1.40954 -0.128816 0.247205 0.536389 0.796607
0.984423 -0.387977 1.40771 -0.129602 0.249463 0.534312 0.797171
0.984461 -0.390509 1.40587 -0.130387 0.251715 0.532226 0.797731
0.98449 -0.393043 1.40403 -0.13117 0.25396 0.53013 0.798286
0.98451 -0.395579 1.40219 -0.13195 0.256198 0.528025 0.798837
0.984521 -0.398116 1.40034 -0.132729 0.25843 0.52591 0.799384
0.984523 -0.400654 1.39849 -0.133506 0.260655 0.523787 0.799927
0.984516 -0.403193 1.39664 -0.134281 0.262874 0.521653 0.800465
0.9845 -0.405733 1.39478 -0.135054 0.265086 0.519511 0.800998
0.984475 -0.408275 1.39291 -0.135826 0.267291 0.517359 0.801527
0.98444 -0.410818 1.39105 -0.136595 0.26949 0.515198 0.802052
0.984396 -0.413362 1.38918 -0.137363 0.271681 0.513028 0.802573
0.984344 -0.415907 1.3873 -0.138128 0.273866 0.510848 0.803089
0.984282 -0.418453 1.38542 -0.138892 0.276044 0.50866 0.803601
0.98421 -0.420999 1.38354 -0.139653 0.278215 0.506462 0.804108
0.98413 -0.423547 1.38165 -0.140413 0.280379 0.504255 0.804611
0.98404 -0.426096 1.37976 -0.141171 0.282537 0.502039 0.805109
0.983941 -0.428646 1.37786 -0.141927 0.284687 0.499813 0.805603
0.983833 -0.431196 1.37596 -0.142681 0.286829 0.497579 0.806093
0.983716 -0.433748 1.37406 -0.143433 0.288965 0.495336 0.806578
0.983589 -0.4363 1.37215 -0.144183 0.291094 0.493084 0.807059
0.983453 -0.438852 1.37024 -0.144931 0.293215 0.490823 0.807535
0.983307 -0.441406 1.36833 -0.145677 0.295329 0.488552 0.808007
0.983152 -0.44396 1.36641 -0.146421 0.297436 0.486273 0.808474
0.982988 -0.446514 1.36448 -0.147163 0.299536 0.483985 0.808937
0.982815 -0.449069 1.36255 -0.147903 0.301628 0.481689 0.809396
0.982632 -0.451625 1.36062 -0.148642 0.303713 0.479383 0.80985
0.982439 -0.454181 1.35869 -0.149378 0.30579 0.477069 0.810299
0.982238 -0.456738 1.35674 -0.150112 0.30786 0.474745 0.810744
0.982026 -0.459294 1.3548 -0.150845 0.309922 0.472414 0.811184
0.981806 -0.461852 1.35285 -0.151575 0.311976 0.470073 0.81162
0.981575 -0.464409 1.3509 -0.152303 0.314023 0.467724 0.812051
0.981336 -0.466967 1.34894 -0.15303 0.316063 0.465366 0.812478
0.981087 -0.469525 1.34698 -0.153754 0.318094 0.462999 0.812901
0.980828 -0.472083 1.34502 -0.154477 0.320118 0.460624 0.813318
0.98056 -0.474641 1.34305 -0.155197 0.322134 0.45824 0.813732
0.980282 -0.477199 1.34108 -0.155915 0.324143 0.455848 0.81414
0.979995 -0.479757 1.3391 -0.156632 0.326143 0.453447 0.814544
0.979698 -0.482315 1.33712 -0.157346 0.328136 0.451038 0.814944
0.979392 -0.484874 1.33513 -0.158059 0.330121 0.44862 0.815339
0.979075 -0.487432 1.33314 -0.158769 0.332097 0.446194 0.815729
0.97875 -0.489989 1.33115 -0.159477 0.334066 0.44376 0.816115
0.978415 -0.492547 1.32915 -0.160184 0.336027 0.441317 0.816496
0.97807 -0.495105 1.32715 -0.160888 0.337979 0.438866 0.816873
0.977715 -0.497662 1.32514 -0.16159 0.339924 0.436407 0.817245
0.977351 -0.500219 1.32313 -0.16229 0.34186 0.433939 0.817613
0.976977 -0.502775 1.32112 -0.162988 0.343788 0.431463 0.817975
0.976594 -0.505331 1.3191 -0.163685 0.345708 0.42898 0.818334
0.9762 -0.507887 1.31708 -0.164379 0.347619 0.426487 0.818687
0.975797 -0.510442 1.31505 -0.165071 0.349523 0.423987 0.819036
0.975385 -0.512996 1.31302 -0.165761 0.351417 0.42148 0.819381
0.974963 -0.515548 1.31099 -0.166448 0.353302 0.418965 0.81972
0.974531 -0.518097 1.30895 -0.167133 0.355178 0.416444 0.820055
0.97409 -0.520644 1.30691 -0.167815 0.357043 0.413918 0.820384
0.97364 -0.523187 1.30487 -0.168494 0.358898 0.411386 0.820709
0.973181 -0.525726 1.30283 -0.16917 0.360742 0.40885 0.821029
0.972712 -0.52826 1.30079 -0.169843 0.362574 0.406311 0.821343
0.972235 -0.530789 1.29875 -0.170513 0.364395 0.403768 0.821653
0.971749 -0.533311 1.29671 -0.171178 0.366203 0.401223 0.821957
0.971255 -0.535827 1.29467 -0.17184 0.367998 0.398677 0.822256
0.970753 -0.538335 1.29263 -0.172498 0.369781 0.396129 0.82255
0.970242 -0.540836 1.2906 -0.173152 0.37155 0.393582 0.822838
0.969723 -0.543327 1.28856 -0.173802 0.373305 0.391034 0.823121
0.969196 -0.54581 1.28653 -0.174447 0.375046 0.388488 0.823399
0.968662 -0.548283 1.28451 -0.175088 0.376773 0.385943 0.823671
0.968121 -0.550745 1.28249 -0.175724 0.378484 0.383401 0.823938
0.967572 -0.553197 1.28047 -0.176356 0.38018 0.380862 0.8242
0.967016 -0.555637 1.27846 -0.176982 0.381861 0.378327 0.824456
0.966454 -0.558065 1.27645 -0.177603 0.383526 0.375797 0.824707
0.965885 -0.56048 1.27446 -0.178219 0.385175 0.373272 0.824952
0.965311 -0.562881 1.27246 -0.178829 0.386807 0.370753 0.825192
0.96473 -0.565269 1.27048 -0.179434 0.388423 0.368242 0.825427
0.964144 -0.567642 1.26851 -0.180033 0.390021 0.365738 0.825656
0.963552 -0.57 1.26654 -0.180626 0.391602 0.363242 0.82588
0.962955 -0.572342 1.26458 -0.181213 0.393165 0.360755 0.826098
0.962354 -0.574668 1.26264 -0.181795 0.39471 0.358279 0.826312
0.961748 -0.576977 1.2607 -0.18237 0.396238 0.355813 0.826519
0.961138 -0.579269 1.25878 -0.182938 0.397746 0.353358 0.826722
0.960524 -0.581542 1.25687 -0.1835 0.399236 0.350916 0.82692
0.959907 -0.583797 1.25497 -0.184055 0.400708 0.348487 0.827112
0.959287 -0.586033 1.25308 -0.184604 0.40216 0.346072 0.827299
0.958664 -0.588249 1.25121 -0.185146 0.403592 0.343671 0.827481
0.958038 -0.590446 1.24935 -0.185681 0.405006 0.341284 0.827658
0.957409 -0.592624 1.24751 -0.186209 0.406402 0.338911 0.82783
0.956778 -0.594785 1.24567 -0.186732 0.407779 0.336551 0.827998
0.956144 -0.596928 1.24385 -0.187248 0.40914 0.334204 0.828161
0.955507 -0.599054 1.24204 -0.187758 0.410483 0.33187 0.828319
0.954868 -0.601164 1.24025 -0.188263 0.411811 0.329546 0.828473
0.954226 -0.603258 1.23846 -0.188762 0.413122 0.327234 0.828623
0.953581 -0.605337 1.23668 -0.189256 0.414419 0.324933 0.828769
0.952933 -0.607402 1.23491 -0.189745 0.4157 0.322642 0.828911
0.952283 -0.609452 1.23315 -0.190229 0.416967 0.32036 0.829048
0.951629 -0.61149 1.2314 -0.190708 0.41822 0.318087 0.829182
0.950973 -0.613514 1.22966 -0.191182 0.41946 0.315823 0.829312
0.950313 -0.615526 1.22793 -0.191652 0.420686 0.313567 0.829438
0.949651 -0.617526 1.2262 -0.192118 0.4219 0.311319 0.829561
0.948985 -0.619516 1.22448 -0.19258 0.423102 0.309077 0.82968
0.948315 -0.621494 1.22277 -0.193038 0.424292 0.306841 0.829796
0.947643 -0.623463 1.22106 -0.193493 0.425471 0.304611 0.829908
0.946967 -0.625422 1.21935 -0.193944 0.426639 0.302386 0.830017
0.946287 -0.627372 1.21766 -0.194391 0.427796 0.300166 0.830122
0.945603 -0.629314 1.21596 -0.194836 0.428943 0.29795 0.830224
0.944916 -0.631248 1.21427 -0.195277 0.430081 0.295737 0.830323
0.944224 -0.633175 1.21258 -0.195716 0.431209 0.293527 0.830419
0.943529 -0.635095 1.2109 -0.196151 0.432328 0.291319 0.830512
0.942829 -0.637009 1.20921 -0.196585 0.433438 0.289113 0.830602
0.942124 -0.638918 1.20753 -0.197016 0.43454 0.286907 0.830689
0.941415 -0.640821 1.20585 -0.197445 0.435634 0.284702 0.830773
0.940701 -0.64272 1.20417 -0.197872 0.436721 0.282497 0.830853
0.939982 -0.644615 1.20249 -0.198297 0.4378 0.28029 0.830931
0.939257 -0.646506 1.2008 -0.19872 0.438872 0.278082 0.831006
0.938527 -0.648395 1.19912 -0.199142 0.439938 0.275872 0.831079
0.937792 -0.650281 1.19744 -0.199562 0.440998 0.273659 0.831148
0.93705 -0.652165 1.19575 -0.199981 0.442051 0.271443 0.831214
0.936303 -0.654046 1.19406 -0.200399 0.443098 0.269224 0.831278
0.935552 -0.655924 1.19237 -0.200814 0.444138 0.267005 0.831338
0.934795 -0.657796 1.19068 -0.201228 0.44517 0.264786 0.831396
0.934035 -0.659662 1.189 -0.201639 0.446193 0.262569 0.831451
0.933271 -0.66152 1.18731 -0.202047 0.447208 0.260356 0.831503
0.932504 -0.66337 1.18564 -0.202452 0.448212 0.258147 0.831552
0.931735 -0.66521 1.18396 -0.202854 0.449207 0.255944 0.831598
0.930964 -0.667039 1.1823 -0.203253 0.450191 0.25375 0.831642
0.930191 -0.668857 1.18064 -0.203648 0.451163 0.251564 0.831682
0.929417 -0.670662 1.17899 -0.204038 0.452124 0.249388 0.83172
0.928643 -0.672453 1.17735 -0.204424 0.453073 0.247224 0.831755
0.92787 -0.674228 1.17573 -0.204806 0.454009 0.245074 0.831787
0.927097 -0.675988 1.17411 -0.205182 0.454932 0.242938 0.831816
0.926326 -0.677731 1.17251 -0.205554 0.455841 0.240819 0.831843
0.925557 -0.679455 1.17093 -0.20592 0.456736 0.238717 0.831868
0.924791 -0.681161 1.16936 -0.20628 0.457616 0.236634 0.83189
0.924029 -0.682846 1.1678 -0.206634 0.458481 0.234572 0.831909
0.92327 -0.68451 1.16627 -0.206982 0.459332 0.232531 0.831927
0.922517 -0.686151 1.16476 -0.207324 0.460166 0.230515 0.831942
0.921768 -0.687769 1.16327 -0.207659 0.460984 0.228523 0.831955
0.921026 -0.689363 1.1618 -0.207987 0.461786 0.226558 0.831966
0.920291 -0.690932 1.16035 -0.208308 0.46257 0.22462 0.831975
0.919564 -0.692474 1.15893 -0.208621 0.463338 0.222712 0.831982
0.918845 -0.693989 1.15753 -0.208927 0.464088 0.220835 0.831988
0.918135 -0.695475 1.15616 -0.209225 0.46482 0.218991 0.831992
0.917434 -0.696932 1.15482 -0.209515 0.465533 0.21718 0.831995
0.916745 -0.698359 1.15351 -0.209797 0.466228 0.215405 0.831996
0.916066 -0.699755 1.15223 -0.21007 0.466905 0.213666 0.831996
0.9154 -0.701118 1.15099 -0.210334 0.467562 0.211966 0.831995
0.914746 -0.702448 1.14977 -0.210589 0.468199 0.210307 0.831993
0.914106 -0.703744 1.1486 -0.210835 0.468817 0.208688 0.831991
0.913481 -0.705005 1.14745 -0.211071 0.469415 0.207113 0.831987
0.912869 -0.706232 1.14635 -0.211299 0.469993 0.205579 0.831983
0.912271 -0.707426 1.14527 -0.211517 0.470553 0.204085 0.831979
0.911687 -0.708588 1.14423 -0.211727 0.471096 0.202631 0.831974
0.911115 -0.70972 1.14322 -0.211929 0.471621 0.201215 0.831969
0.910557 -0.710822 1.14224 -0.212123 0.472129 0.199835 0.831964
0.91001 -0.711896 1.14129 -0.212309 0.472623 0.19849 0.831958
0.909476 -0.712942 1.14037 -0.212488 0.473101 0.19718 0.831952
0.908952 -0.713963 1.13948 -0.21266 0.473564 0.195901 0.831947
0.90844 -0.714959 1.13861 -0.212826 0.474015 0.194655 0.83194
0.907939 -0.71593 1.13777 -0.212985 0.474452 0.193438 0.831934
0.907448 -0.71688 1.13695 -0.213138 0.474877 0.19225 0.831928
0.906966 -0.717807 1.13616 -0.213285 0.47529 0.191089 0.831922
0.906494 -0.718714 1.13538 -0.213427 0.475691 0.189953 0.831916
0.906031 -0.719602 1.13463 -0.213564 0.476083 0.188843 0.83191
0.905576 -0.720471 1.13389 -0.213696 0.476464 0.187756 0.831904
0.905129 -0.721323 1.13318 -0.213823 0.476836 0.18669 0.831897
0.904689 -0.722158 1.13248 -0.213946 0.4772 0.185645 0.831891
0.904256 -0.722979 1.1318 -0.214065 0.477555 0.184619 0.831885
0.903829 -0.723785 1.13113 -0.214181 0.477902 0.183611 0.831879
0.903409 -0.724579 1.13048 -0.214293 0.478243 0.18262 0.831873
0.902993 -0.725361 1.12984 -0.214401 0.478577 0.181643 0.831867
0.902583 -0.726132 1.12921 -0.214507 0.478905 0.18068 0.831861
0.902176 -0.726893 1.12859 -0.21461 0.479227 0.179729 0.831854
0.901774 -0.727645 1.12797 -0.214711 0.479544 0.178789 0.831848
0.901374 -0.72839 1.12737 -0.21481 0.479857 0.177858 0.831841
0.900978 -0.729128 1.12678 -0.214907 0.480167 0.176935 0.831835
0.900583 -0.729861 1.12619 -0.215003 0.480472 0.17602 0.831828
0.90019 -0.730589 1.1256 -0.215097 0.480775 0.175109 0.831821
0.899797 -0.731314 1.12502 -0.215191 0.481075 0.174202 0.831813
0.899405 -0.732036 1.12444 -0.215283 0.481374 0.173297 0.831805
0.899013 -0.732757 1.12385 -0.215376 0.481671 0.172394 0.831797
0.89862 -0.733477 1.12327 -0.215468 0.481967 0.17149 0.831789
0.898226 -0.734197 1.12269 -0.21556 0.482262 0.170587 0.83178
0.897832 -0.734915 1.12211 -0.215651 0.482555 0.169684 0.831771
0.897438 -0.735632 1.12154 -0.215742 0.482847 0.168784 0.831761
0.897045 -0.736346 1.12096 -0.215832 0.483137 0.167885 0.831751
0.896652 -0.737057 1.12039 -0.215921 0.483424 0.16699 0.831741
0.896261 -0.737765 1.11982 -0.21601 0.483709 0.166099 0.831731
0.89587 -0.738469 1.11925 -0.216097 0.483992 0.165213 0.83172
0.895481 -0.739168 1.11869 -0.216183 0.484272 0.164331 0.831709
0.895094 -0.739862 1.11813 -0.216268 0.484549 0.163456 0.831698
0.89471 -0.740551 1.11758 -0.216351 0.484823 0.162588 0.831687
0.894328 -0.741234 1.11704 -0.216433 0.485093 0.161727 0.831676
0.893948 -0.741911 1.1165 -0.216513 0.48536 0.160874 0.831665
0.893572 -0.74258 1.11597 -0.216591 0.485623 0.16003 0.831654
0.8932 -0.743242 1.11545 -0.216667 0.485882 0.159196 0.831643
0.892831 -0.743896 1.11493 -0.216742 0.486137 0.158372 0.831632
0.892467 -0.744542 1.11443 -0.216813 0.486387 0.157559 0.831622
0.892107 -0.745178 1.11393 -0.216883 0.486633 0.156758 0.831611
0.891752 -0.745805 1.11345 -0.21695 0.486874 0.15597 0.831601
0.891403 -0.746422 1.11297 -0.217015 0.48711 0.155194 0.831591
0.891059 -0.747029 1.11251 -0.217076 0.487341 0.154433 0.831581
0.89072 -0.747625 1.11206 -0.217135 0.487567 0.153686 0.831572
0.890388 -0.748209 1.11163 -0.217191 0.487787 0.152955 0.831563
0.890063 -0.748781 1.1112 -0.217244 0.488001 0.15224 0.831554
0.889745 -0.74934 1.1108 -0.217294 0.48821 0.151542 0.831547
0.889433 -0.749887 1.1104 -0.21734 0.488412 0.150862 0.831539
0.88913 -0.75042 1.11002 -0.217383 0.488608 0.1502 0.831533
0.888834 -0.750939 1.10966 -0.217423 0.488798 0.149557 0.831527
0.888547 -0.751444 1.10931 -0.217458 0.488981 0.148933 0.831521
0.888268 -0.751934 1.10899 -0.21749 0.489158 0.148331 0.831517
0.887999 -0.752408 1.10867 -0.217518 0.489328 0.147749 0.831513
0.887739 -0.752866 1.10838 -0.217542 0.48949 0.14719 0.831511
0.887488 -0.753308 1.10811 -0.217562 0.489646 0.146653 0.831509
0.887247 -0.753734 1.10785 -0.217578 0.489794 0.146138 0.831508
0.887016 -0.754145 1.10762 -0.217589 0.489935 0.145645 0.831508
0.886793 -0.754541 1.1074 -0.217598 0.490071 0.145172 0.831509
0.886578 -0.754923 1.10719 -0.217602 0.490199 0.144719 0.831511
0.886372 -0.75529 1.10701 -0.217603 0.490322 0.144286 0.831514
0.886174 -0.755645 1.10683 -0.2176 0.490439 0.14387 0.831517
0.885984 -0.755986 1.10668 -0.217595 0.490551 0.143473 0.831521
0.885801 -0.756316 1.10653 -0.217586 0.490657 0.143093 0.831526
0.885625 -0.756633 1.10641 -0.217574 0.490758 0.142729 0.831532
0.885456 -0.75694 1.10629 -0.21756 0.490855 0.142381 0.831539
0.885294 -0.757235 1.10619 -0.217542 0.490947 0.142048 0.831546
0.885138 -0.757521 1.1061 -0.217522 0.491034 0.141729 0.831554
0.884987 -0.757797 1.10602 -0.2175 0.491118 0.141423 0.831563
0.884843 -0.758063 1.10595 -0.217475 0.491197 0.141131 0.831572
0.884703 -0.758321 1.10589 -0.217449 0.491273 0.140851 0.831582
0.884569 -0.758571 1.10584 -0.21742 0.491345 0.140582 0.831592
0.884439 -0.758813 1.1058 -0.217389 0.491414 0.140323 0.831603
0.884314 -0.759048 1.10577 -0.217356 0.49148 0.140075 0.831614
0.884193 -0.759277 1.10574 -0.217322 0.491544 0.139836 0.831626
0.884075 -0.759499 1.10573 -0.217286 0.491604 0.139606 0.831638
0.883961 -0.759716 1.10572 -0.217249 0.491662 0.139383 0.831651
0.88385 -0.759927 1.10571 -0.217211 0.491719 0.139168 0.831664
0.883742 -0.760135 1.10572 -0.217171 0.491773 0.138959 0.831677
0.883637 -0.760338 1.10572 -0.21713 0.491825 0.138755 0.831691
0.883533 -0.760537 1.10573 -0.217089 0.491876 0.138557 0.831704
0.883432 -0.760733 1.10575 -0.217046 0.491926 0.138363 0.831718
0.883332 -0.760927 1.10576 -0.217004 0.491974 0.138173 0.831733
0.883233 -0.761119 1.10578 -0.21696 0.492022 0.137985 0.831747
0.883135 -0.761309 1.1058 -0.216916 0.492069 0.137799 0.831761
0.883038 -0.761499 1.10583 -0.216872 0.492115 0.137615 0.831776
0.882941 -0.761687 1.10585 -0.216828 0.492162 0.137432 0.83179
0.882844 -0.761876 1.10587 -0.216784 0.492208 0.137249 0.831805
0.882747 -0.762065 1.10589 -0.216739 0.492254 0.137065 0.831819
0.88265 -0.762254 1.10592 -0.216695 0.4923 0.136882 0.831834
0.882552 -0.762442 1.10594 -0.216651 0.492346 0.136699 0.831848
0.882455 -0.762631 1.10596 -0.216607 0.492392 0.136515 0.831863
0.882358 -0.76282 1.10599 -0.216563 0.492438 0.136332 0.831877
0.882261 -0.763009 1.10601 -0.216518 0.492484 0.136148 0.831891
0.882163 -0.763197 1.10603 -0.216474 0.49253 0.135965 0.831906
0.882066 -0.763386 1.10605 -0.21643 0.492575 0.135781 0.83192
0.881968 -0.763575 1.10608 -0.216386 0.492621 0.135598 0.831935
0.881871 -0.763764 1.1061 -0.216341 0.492667 0.135414 0.831949
0.881773 -0.763952 1.10612 -0.216297 0.492712 0.135231 0.831963
0.881676 -0.764141 1.10614 -0.216253 0.492758 0.135047 0.831978
0.881578 -0.76433 1.10617 -0.216209 0.492803 0.134864 0.831992
0.88148 -0.764518 1.10619 -0.216165 0.492849 0.13468 0.832006
0.881383 -0.764707 1.10621 -0.21612 0.492894 0.134496 0.832021
0.881285 -0.764896 1.10624 -0.216076 0.492939 0.134313 0.832035
0.881187 -0.765085 1.10626 -0.216032 0.492985 0.134129 0.832049
0.881089 -0.765273 1.10628 -0.215988 0.49303 0.133946 0.832063
0.880991 -0.765462 1.1063 -0.215943 0.493075 0.133762 0.832078
0.880893 -0.765651 1.10633 -0.215899 0.49312 0.133578 0.832092
0.880795 -0.76584 1.10635 -0.215855 0.493165 0.133395 0.832106
0.880697 -0.766028 1.10637 -0.215811 0.49321 0.133211 0.83212
0.880599 -0.766217 1.1064 -0.215767 0.493255 0.133027 0.832135
0.880501 -0.766406 1.10642 -0.215722 0.4933 0.132843 0.832149
0.880403 -0.766595 1.10644 -0.215678 0.493345 0.13266 0.832163
0.880305 -0.766783 1.10646 -0.215634 0.493389 0.132476 0.832177
0.880206 -0.766972 1.10649 -0.21559 0.493434 0.132292 0.832192
0.880108 -0.767161 1.10651 -0.215546 0.493479 0.132108 0.832206
0.88001 -0.767349 1.10653 -0.215501 0.493523 0.131924 0.83222
0.879911 -0.767538 1.10655 -0.215457 0.493568 0.131741 0.832234
0.879813 -0.767727 1.10658 -0.215413 0.493612 0.131557 0.832248
0.879714 -0.767916 1.1066 -0.215369 0.493657 0.131373 0.832262
0.879616 -0.768104 1.10662 -0.215325 0.493701 0.131189 0.832276
0.879517 -0.768293 1.10664 -0.21528 0.493745 0.131005 0.832291
0.879419 -0.768482 1.10667 -0.215236 0.49379 0.130821 0.832305
0.87932 -0.76867 1.10669 -0.215192 0.493834 0.130637 0.832319
0.879221 -0.768859 1.10671 -0.215148 0.493878 0.130453 0.832333
0.879123 -0.769048 1.10674 -0.215104 0.493922 0.130269 0.832347
0.879024 -0.769236 1.10676 -0.21506 0.493966 0.130085 0.832361
0.878925 -0.769425 1.10678 -0.215015 0.49401 0.129902 0.832375
0.878826 -0.769614 1.1068 -0.214971 0.494054 0.129718 0.832389
0.878727 -0.769803 1.10683 -0.214927 0.494098 0.129534 0.832403
0.878628 -0.769991 1.10685 -0.214883 0.494142 0.129349 0.832417
0.878529 -0.77018 1.10687 -0.214839 0.494185 0.129165 0.832431
0.87843 -0.770369 1.10689 -0.214794 0.494229 0.128981 0.832445
0.878331 -0.770557 1.10692 -0.21475 0.494273 0.128797 0.832459
0.878232 -0.770746 1.10694 -0.214706 0.494316 0.128613 0.832473
0.878132 -0.770935 1.10696 -0.214662 0.49436 0.128429 0.832487
0.878033 -0.771123 1.10698 -0.214618 0.494403 0.128245 0.832501
0.877934 -0.771312 1.10701 -0.214573 0.494447 0.128061 0.832515
0.877835 -0.771501 1.10703 -0.214529 0.49449 0.127877 0.832529
0.877735 -0.771689 1.10705 -0.214485 0.494534 0.127693 0.832543
0.877636 -0.771878 1.10707 -0.214441 0.494577 0.127508 0.832557
0.877536 -0.772067 1.1071 -0.214397 0.49462 0.127324 0.83257
0.877437 -0.772256 1.10712 -0.214353 0.494663 0.12714 0.832584
0.877337 -0.772444 1.10714 -0.214308 0.494706 0.126956 0.832598
0.877238 -0.772633 1.10716 -0.214264 0.494749 0.126772 0.832612
0.877138 -0.772822 1.10719 -0.21422 0.494792 0.126587 0.832626
0.877038 -0.77301 1.10721 -0.214176 0.494835 0.126403 0.83264
0.876938 -0.773199 1.10723 -0.214132 0.494878 0.126219 0.832654
0.876839 -0.773388 1.10725 -0.214088 0.494921 0.126035 0.832667
0.876739 -0.773576 1.10728 -0.214043 0.494964 0.12585 0.832681
0.876639 -0.773765 1.1073 -0.213999 0.495006 0.125666 0.832695
0.876539 -0.773954 1.10732 -0.213955 0.495049 0.125482 0.832709
0.876439 -0.774142 1.10734 -0.213911 0.495092 0.125297 0.832723
0.876339 -0.774331 1.10737 -0.213867 0.495134 0.125113 0.832736
0.876239 -0.774519 1.10739 -0.213823 0.495177 0.124929 0.83275
0.876139 -0.774708 1.10741 -0.213778 0.495219 0.124744 0.832764
0.876039 -0.774897 1.10743 -0.213734 0.495262 0.12456 0.832778
0.875938 -0.775085 1.10746 -0.21369 0.495304 0.124375 0.832791
0.875838 -0.775274 1.10748 -0.213646 0.495346 0.124191 0.832805
0.875738 -0.775463 1.1075 -0.213602 0.495388 0.124006 0.832819
0.875637 -0.775651 1.10752 -0.213558 0.495431 0.123822 0.832832
0.875537 -0.77584 1.10754 -0.213514 0.495473 0.123637 0.832846
0.875437 -0.776029 1.10757 -0.213469 0.495515 0.123453 0.83286
0.875336 -0.776217 1.10759 -0.213425 0.495557 0.123268 0.832873
0.875236 -0.776406 1.10761 -0.213381 0.495599 0.123084 0.832887
0.875135 -0.776595 1.10763 -0.213337 0.495641 0.122899 0.832901
0.875034 -0.776783 1.10766 -0.213293 0.495682 0.122715 0.832914
0.874934 -0.776972 1.10768 -0.213249 0.495724 0.12253 0.832928
0.874833 -0.77716 1.1077 -0.213205 0.495766 0.122346 0.832941
0.874732 -0.777349 1.10772 -0.21316 0.495808 0.122161 0.832955
0.874631 -0.777538 1.10775 -0.213116 0.495849 0.121977 0.832969
0.874531 -0.777726 1.10777 -0.213072 0.495891 0.121792 0.832982
0.87443 -0.777915 1.10779 -0.213028 0.495932 0.121607 0.832996
0.874329 -0.778104 1.10781 -0.212984 0.495974 0.121423 0.833009
0.874228 -0.778292 1.10783 -0.21294 0.496015 0.121238 0.833023
0.874127 -0.778481 1.10786 -0.212896 0.496056 0.121053 0.833036
0.874026 -0.778669 1.10788 -0.212851 0.496098 0.120869 0.83305
0.873925 -0.778858 1.1079 -0.212807 0.496139 0.120684 0.833063
0.873823 -0.779047 1.10792 -0.212763 0.49618 0.120499 0.833077
0.873722 -0.779235 1.10795 -0.212719 0.496221 0.120314 0.83309
0.873621 -0.779424 1.10797 -0.212675 0.496262 0.12013 0.833104
0.87352 -0.779612 1.10799 -0.212631 0.496303 0.119945 0.833117
0.873418 -0.779801 1.10801 -0.212587 0.496344 0.11976 0.833131
0.873317 -0.77999 1.10803 -0.212542 0.496385 0.119575 0.833144
0.873215 -0.780178 1.10806 -0.212498 0.496426 0.11939 0.833158
0.873114 -0.780367 1.10808 -0.212454 0.496467 0.119206 0.833171
0.873012 -0.780555 1.1081 -0.21241 0.496508 0.119021 0.833184
0.872911 -0.780744 1.10812 -0.212366 0.496548 0.118836 0.833198
0.872809 -0.780932 1.10815 -0.212322 0.496589 0.118651 0.833211
0.872708 -0.781121 1.10817 -0.212278 0.496629 0.118466 0.833225
0.872606 -0.78131 1.10819 -0.212234 0.49667 0.118281 0.833238
0.872504 -0.781498 1.10821 -0.212189 0.49671 0.118096 0.833251
0.872402 -0.781687 1.10823 -0.212145 0.496751 0.117912 0.833265
0.8723 -0.781875 1.10826 -0.212101 0.496791 0.117727 0.833278
0.872199 -0.782064 1.10828 -0.212057 0.496831 0.117542 0.833291
0.872097 -0.782252 1.1083 -0.212013 0.496872 0.117357 0.833305
0.871995 -0.782441 1.10832 -0.211969 0.496912 0.117172 0.833318
0.871893 -0.78263 1.10835 -0.211925 0.496952 0.116987 0.833331
0.871791 -0.782818 1.10837 -0.211881 0.496992 0.116802 0.833344
0.871688 -0.783007 1.10839 -0.211837 0.497032 0.116617 0.833358
0.871586 -0.783195 1.10841 -0.211792 0.497072 0.116432 0.833371
0.871484 -0.783384 1.10843 -0.211748 0.497112 0.116247 0.833384
0.871382 -0.783572 1.10846 -0.211704 0.497152 0.116062 0.833397
0.871279 -0.783761 1.10848 -0.21166 0.497191 0.115876 0.833411
0.871177 -0.783949 1.1085 -0.211616 0.497231 0.115691 0.833424
0.871075 -0.784138 1.10852 -0.211572 0.497271 0.115506 0.833437
0.870972 -0.784327 1.10854 -0.211528 0.497311 0.115321 0.83345
0.87087 -0.784515 1.10857 -0.211484 0.49735 0.115136 0.833463
0.870767 -0.784704 1.10859 -0.21144 0.49739 0.114951 0.833477
0.870665 -0.784892 1.10861 -0.211395 0.497429 0.114766 0.83349
0.870562 -0.785081 1.10863 -0.211351 0.497468 0.114581 0.833503
0.870459 -0.785269 1.10865 -0.211307 0.497508 0.114395 0.833516
0.870357 -0.785458 1.10868 -0.211263 0.497547 0.11421 0.833529
0.870254 -0.785646 1.1087 -0.211219 0.497586 0.114025 0.833542
0.870151 -0.785835 1.10872 -0.211175 0.497625 0.11384 0.833555
0.870048 -0.786023 1.10874 -0.211131 0.497665 0.113655 0.833568
0.869945 -0.786212 1.10876 -0.211087 0.497704 0.113469 0.833582
0.869842 -0.786401 1.10879 -0.211042 0.497743 0.113284 0.833595
0.869738 -0.786591 1.10881 -0.210996 0.497782 0.113098 0.833608
0.869634 -0.786782 1.10884 -0.21095 0.497821 0.112912 0.833622
0.86953 -0.786975 1.10887 -0.210903 0.49786 0.112725 0.833635
0.869425 -0.787169 1.1089 -0.210854 0.4979 0.112538 0.833649
0.869319 -0.787365 1.10893 -0.210804 0.497939 0.11235 0.833664
0.869212 -0.787562 1.10897 -0.210752 0.497979 0.112162 0.833679
0.869104 -0.787763 1.10901 -0.210698 0.498019 0.111972 0.833694
0.868996 -0.787965 1.10905 -0.210642 0.498059 0.111782 0.83371
0.868886 -0.788171 1.1091 -0.210584 0.498099 0.111591 0.833726
0.868775 -0.78838 1.10916 -0.210523 0.49814 0.111399 0.833743
0.868662 -0.788592 1.10922 -0.210459 0.498181 0.111206 0.83376
0.868548 -0.788808 1.10929 -0.210393 0.498222 0.111011 0.833778
0.868433 -0.789027 1.10936 -0.210322 0.498264 0.110815 0.833797
0.868316 -0.789251 1.10944 -0.210249 0.498306 0.110618 0.833817
0.868197 -0.789479 1.10952 -0.210172 0.498349 0.110419 0.833837
0.868077 -0.789712 1.10962 -0.210091 0.498391 0.110219 0.833858
0.867954 -0.78995 1.10972 -0.210006 0.498435 0.110016 0.833881
0.867829 -0.790193 1.10983 -0.209916 0.498479 0.109813 0.833904
0.867703 -0.790441 1.10995 -0.209822 0.498523 0.109607 0.833928
0.867574 -0.790695 1.11008 -0.209723 0.498568 0.109399 0.833953
0.867442 -0.790955 1.11022 -0.209619 0.498613 0.10919 0.83398
0.867308 -0.791222 1.11037 -0.20951 0.498659 0.108978 0.834008
0.867172 -0.791494 1.11053 -0.209396 0.498705 0.108764 0.834036
0.867032 -0.791774 1.1107 -0.209276 0.498752 0.108547 0.834067
0.86689 -0.79206 1.11088 -0.20915 0.4988 0.108329 0.834098
0.866745 -0.792354 1.11108 -0.209018 0.498849 0.108107 0.834131
0.866597 -0.792655 1.11128 -0.20888 0.498898 0.107884 0.834165
0.866446 -0.792964 1.1115 -0.208736 0.498947 0.107657 0.834201
0.866292 -0.793281 1.11173 -0.208584 0.498998 0.107428 0.834238
0.866134 -0.793606 1.11198 -0.208426 0.499049 0.107196 0.834277
0.865973 -0.79394 1.11224 -0.208261 0.499101 0.106961 0.834317
0.865808 -0.79428 1.11251 -0.208089 0.499153 0.106724 0.834359
0.865641 -0.794629 1.11279 -0.207912 0.499206 0.106483 0.834402
0.86547 -0.794984 1.11309 -0.207728 0.49926 0.106241 0.834447
0.865297 -0.795347 1.1134 -0.207538 0.499314 0.105996 0.834493
0.86512 -0.795716 1.11372 -0.207343 0.499368 0.105748 0.83454
0.864941 -0.796092 1.11404 -0.207142 0.499423 0.105499 0.834589
0.864759 -0.796474 1.11438 -0.206936 0.499479 0.105247 0.834638
0.864575 -0.796861 1.11473 -0.206726 0.499535 0.104993 0.834689
0.864388 -0.797255 1.11509 -0.20651 0.499591 0.104737 0.834741
0.864198 -0.797653 1.11546 -0.20629 0.499647 0.104479 0.834794
0.864006 -0.798057 1.11584 -0.206065 0.499704 0.10422 0.834848
0.863812 -0.798465 1.11622 -0.205837 0.499761 0.103958 0.834903
0.863616 -0.798878 1.11661 -0.205604 0.499818 0.103695 0.834959
0.863418 -0.799296 1.11701 -0.205368 0.499876 0.10343 0.835015
0.863217 -0.799717 1.11742 -0.205128 0.499933 0.103164 0.835072
0.863015 -0.800142 1.11783 -0.204885 0.499991 0.102897 0.835131
0.862811 -0.800571 1.11825 -0.204639 0.500049 0.102628 0.835189
0.862605 -0.801003 1.11867 -0.204391 0.500107 0.102358 0.835249
0.862397 -0.801438 1.1191 -0.204139 0.500164 0.102086 0.835309
0.862188 -0.801875 1.11953 -0.203885 0.500222 0.101814 0.83537
0.861978 -0.802315 1.11997 -0.203629 0.50028 0.101541 0.835431
0.861766 -0.802758 1.12042 -0.203372 0.500338 0.101267 0.835492
0.861553 -0.803202 1.12086 -0.203112 0.500395 0.100992 0.835554
0.861339 -0.803648 1.12131 -0.202851 0.500453 0.100716 0.835616
0.861124 -0.804095 1.12176 -0.202588 0.50051 0.10044 0.835679
0.860908 -0.804544 1.12221 -0.202325 0.500567 0.100163 0.835742
0.860691 -0.804993 1.12267 -0.20206 0.500624 0.0998854 0.835805
0.860473 -0.805443 1.12313 -0.201795 0.500681 0.0996077 0.835868
0.860255 -0.805893 1.12358 -0.20153 0.500737 0.0993298 0.835931
0.860036 -0.806344 1.12404 -0.201264 0.500794 0.0990517 0.835995
0.859817 -0.806794 1.1245 -0.200998 0.50085 0.0987735 0.836058
0.859597 -0.807245 1.12496 -0.200733 0.500905 0.0984952 0.836121
0.859377 -0.807695 1.12542 -0.200467 0.50096 0.0982168 0.836185
0.859157 -0.808145 1.12587 -0.200201 0.501016 0.0979383 0.836248
0.858936 -0.808595 1.12633 -0.199935 0.50107 0.0976597 0.836312
0.858715 -0.809045 1.12679 -0.19967 0.501125 0.0973811 0.836375
0.858493 -0.809494 1.12725 -0.199404 0.501179 0.0971023 0.836438
0.858271 -0.809944 1.12771 -0.199138 0.501233 0.0968235 0.836502
0.858049 -0.810393 1.12817 -0.198872 0.501286 0.0965446 0.836565
0.857826 -0.810842 1.12863 -0.198607 0.50134 0.0962655 0.836628
0.857603 -0.811291 1.12908 -0.198341 0.501393 0.0959865 0.836692
0.857379 -0.81174 1.12954 -0.198075 0.501445 0.0957073 0.836755
0.857155 -0.812189 1.13 -0.197809 0.501498 0.095428 0.836818
0.856931 -0.812638 1.13046 -0.197544 0.50155 0.0951486 0.836882
0.856706 -0.813087 1.13092 -0.197278 0.501601 0.0948692 0.836945
0.856481 -0.813535 1.13138 -0.197012 0.501653 0.0945897 0.837009
0.856255 -0.813983 1.13184 -0.196746 0.501704 0.0943101 0.837072
0.856029 -0.814432 1.1323 -0.19648 0.501755 0.0940303 0.837135
0.855803 -0.81488 1.13276 -0.196215 0.501806 0.0937506 0.837199
0.855576 -0.815328 1.13322 -0.195949 0.501856 0.0934707 0.837262
0.855348 -0.815775 1.13368 -0.195683 0.501906 0.0931907 0.837325
0.855121 -0.816223 1.13414 -0.195417 0.501956 0.0929107 0.837389
0.854893 -0.816671 1.13459 -0.195151 0.502005 0.0926306 0.837452
0.854664 -0.817118 1.13505 -0.194886 0.502054 0.0923504 0.837516
0.854435 -0.817565 1.13551 -0.19462 0.502103 0.0920701 0.837579
0.854206 -0.818012 1.13597 -0.194354 0.502152 0.0917897 0.837642
0.853976 -0.818459 1.13643 -0.194088 0.5022 0.0915092 0.837706
0.853746 -0.818906 1.13689 -0.193822 0.502248 0.0912287 0.837769
0.853516 -0.819353 1.13735 -0.193557 0.502296 0.090948 0.837833
0.853285 -0.819799 1.13781 -0.193291 0.502343 0.0906673 0.837896
0.853054 -0.820246 1.13827 -0.193025 0.50239 0.0903865 0.837959
0.852822 -0.820692 1.13873 -0.192759 0.502437 0.0901057 0.838023
0.85259 -0.821138 1.13919 -0.192493 0.502483 0.0898247 0.838086
0.852357 -0.821584 1.13965 -0.192228 0.502529 0.0895437 0.83815
0.852125 -0.82203 1.14012 -0.191962 0.502575 0.0892626 0.838213
0.851891 -0.822476 1.14058 -0.191696 0.502621 0.0889814 0.838276
0.851658 -0.822922 1.14104 -0.19143 0.502666 0.0887001 0.83834
0.851423 -0.823367 1.1415 -0.191164 0.502711 0.0884187 0.838403
0.851189 -0.823812 1.14196 -0.190898 0.502756 0.0881373 0.838467
0.850954 -0.824258 1.14242 -0.190633 0.5028 0.0878557 0.83853
0.850719 -0.824703 1.14288 -0.190367 0.502844 0.0875741 0.838593
0.850483 -0.825147 1.14334 -0.190101 0.502888 0.0872925 0.838657
0.850247 -0.825592 1.1438 -0.189835 0.502932 0.0870107 0.83872
0.85001 -0.826037 1.14426 -0.189569 0.502975 0.0867289 0.838784
0.849774 -0.826481 1.14472 -0.189303 0.503018 0.0864469 0.838847
0.849536 -0.826926 1.14518 -0.189037 0.50306 0.0861649 0.83891
0.849298 -0.82737 1.14565 -0.188772 0.503103 0.0858829 0.838974
0.84906 -0.827814 1.14611 -0.188506 0.503145 0.0856007 0.839037
0.848822 -0.828258 1.14657 -0.18824 0.503186 0.0853185 0.839101
0.848583 -0.828701 1.14703 -0.187974 0.503228 0.0850362 0.839164
0.848344 -0.829145 1.14749 -0.187708 0.503269 0.0847538 0.839228
0.848104 -0.829588 1.14795 -0.187442 0.50331 0.0844713 0.839291
0.847864 -0.830032 1.14841 -0.187177 0.50335 0.0841888 0.839354
0.847623 -0.830475 1.14888 -0.186911 0.50339 0.0839061 0.839418
0.847382 -0.830918 1.14934 -0.186645 0.50343 0.0836235 0.839481
0.847141 -0.831361 1.1498 -0.186379 0.50347 0.0833407 0.839545
0.846899 -0.831803 1.15026 -0.186113 0.503509 0.0830578 0.839608
0.846657 -0.832246 1.15072 -0.185847 0.503548 0.0827749 0.839671
0.846414 -0.832688 1.15118 -0.185582 0.503587 0.0824919 0.839735
0.846172 -0.833131 1.15165 -0.185316 0.503625 0.0822088 0.839798
0.845928 -0.833573 1.15211 -0.18505 0.503664 0.0819257 0.839862
0.845684 -0.834015 1.15257 -0.184784 0.503701 0.0816425 0.839925
0.84544 -0.834456 1.15303 -0.184518 0.503739 0.0813592 0.839989
0.845196 -0.834898 1.1535 -0.184252 0.503776 0.0810758 0.840052
0.844951 -0.83534 1.15396 -0.183987 0.503813 0.0807924 0.840115
0.844705 -0.835781 1.15442 -0.183721 0.50385 0.080509 0.840179
0.84446 -0.836222 1.15488 -0.183455 0.503886 0.0802258 0.840242
0.844214 -0.836662 1.15534 -0.183189 0.503923 0.0799429 0.840305
0.843969 -0.837103 1.15581 -0.182923 0.503959 0.0796606 0.840368
0.843723 -0.837542 1.15627 -0.182657 0.503995 0.0793788 0.840431
0.843477 -0.837981 1.15673 -0.182392 0.504031 0.0790977 0.840493
0.843232 -0.838419 1.15719 -0.182126 0.504068 0.0788176 0.840556
0.842987 -0.838857 1.15765 -0.18186 0.504104 0.0785384 0.840618
0.842742 -0.839293 1.15811 -0.181594 0.504141 0.0782604 0.840679
0.842497 -0.839729 1.15857 -0.181328 0.504177 0.0779836 0.84074
0.842254 -0.840164 1.15903 -0.181062 0.504215 0.0777083 0.840801
0.84201 -0.840597 1.15949 -0.180796 0.504252 0.0774345 0.840861
0.841768 -0.84103 1.15994 -0.18053 0.50429 0.0771624 0.84092
0.841526 -0.841461 1.1604 -0.180264 0.504328 0.0768921 0.840979
0.841285 -0.841891 1.16085 -0.179998 0.504367 0.0766238 0.841037
0.841045 -0.842319 1.16131 -0.179732 0.504407 0.0763576 0.841094
0.840806 -0.842746 1.16176 -0.179466 0.504447 0.0760936 0.841151
0.840568 -0.843172 1.16221 -0.1792 0.504487 0.0758319 0.841207
0.840332 -0.843596 1.16266 -0.178934 0.504529 0.0755728 0.841262
0.840097 -0.844018 1.16311 -0.178668 0.504571 0.0753162 0.841316
0.839863 -0.844438 1.16356 -0.178402 0.504614 0.0750625 0.84137
0.83963 -0.844857 1.164 -0.178136 0.504658 0.0748116 0.841422
0.8394 -0.845273 1.16445 -0.177869 0.504703 0.0745638 0.841473
0.83917 -0.845688 1.16489 -0.177603 0.504749 0.0743191 0.841524
0.838943 -0.8461 1.16533 -0.177337 0.504796 0.0740778 0.841573
0.838718 -0.846511 1.16577 -0.17707 0.504845 0.0738399 0.841621
0.838494 -0.846919 1.16621 -0.176804 0.504894 0.0736055 0.841668
0.838272 -0.847325 1.16664 -0.176537 0.504945 0.0733749 0.841713
0.838053 -0.847728 1.16708 -0.17627 0.504997 0.0731481 0.841758
0.837836 -0.848129 1.16751 -0.176003 0.505051 0.0729253 0.841801
0.837621 -0.848528 1.16794 -0.175737 0.505106 0.0727066 0.841842
0.837408 -0.848924 1.16836 -0.17547 0.505163 0.0724922 0.841882
0.837198 -0.849317 1.16879 -0.175203 0.505221 0.0722819 0.841921
0.83699 -0.849708 1.16921 -0.174935 0.50528 0.0720755 0.841959
0.836784 -0.850096 1.16963 -0.174668 0.505341 0.071873 0.841995
0.83658 -0.850483 1.17005 -0.174401 0.505403 0.0716743 0.84203
0.836379 -0.850867 1.17047 -0.174133 0.505467 0.071479 0.842064
0.836179 -0.851249 1.17089 -0.173866 0.505532 0.0712873 0.842096
0.835981 -0.851629 1.1713 -0.173598 0.505598 0.0710988 0.842128
0.835785 -0.852007 1.17171 -0.173331 0.505665 0.0709135 0.842158
0.83559 -0.852383 1.17212 -0.173063 0.505733 0.0707313 0.842188
0.835397 -0.852757 1.17253 -0.172795 0.505802 0.070552 0.842216
0.835206 -0.85313 1.17294 -0.172527 0.505873 0.0703754 0.842244
0.835016 -0.853501 1.17335 -0.172259 0.505944 0.0702014 0.84227
0.834827 -0.85387 1.17375 -0.171991 0.506016 0.07003 0.842296
0.83464 -0.854238 1.17415 -0.171723 0.506089 0.0698609 0.842321
0.834453 -0.854604 1.17456 -0.171454 0.506163 0.0696941 0.842345
0.834268 -0.854969 1.17496 -0.171186 0.506237 0.0695293 0.842369
0.834084 -0.855333 1.17536 -0.170917 0.506312 0.0693665 0.842391
0.833901 -0.855696 1.17576 -0.170649 0.506388 0.0692056 0.842414
0.833719 -0.856058 1.17616 -0.17038 0.506464 0.0690463 0.842435
0.833537 -0.856418 1.17656 -0.170111 0.506541 0.0688886 0.842456
0.833356 -0.856778 1.17695 -0.169842 0.506619 0.0687323 0.842477
0.833176 -0.857137 1.17735 -0.169573 0.506697 0.0685773 0.842497
0.832997 -0.857495 1.17775 -0.169304 0.506775 0.0684234 0.842516
0.832817 -0.857852 1.17814 -0.169035 0.506853 0.0682706 0.842535
0.832638 -0.858209 1.17854 -0.168766 0.506932 0.0681186 0.842554
0.83246 -0.858565 1.17893 -0.168497 0.507011 0.0679674 0.842573
0.832281 -0.85892 1.17932 -0.168228 0.50709 0.0678168 0.842591
0.832103 -0.859276 1.17972 -0.167958 0.507169 0.0676667 0.84261
0.831924 -0.85963 1.18011 -0.167689 0.507248 0.0675169 0.842628
0.831746 -0.859985 1.18051 -0.16742 0.507327 0.0673673 0.842645
0.831567 -0.86034 1.1809 -0.16715 0.507406 0.0672178 0.842663
0.831389 -0.860694 1.18129 -0.16688 0.507485 0.0670682 0.842681
0.831209 -0.861048 1.18169 -0.166611 0.507564 0.0669186 0.842699
0.83103 -0.861402 1.18208 -0.166341 0.507643 0.0667689 0.842717
0.83085 -0.861756 1.18248 -0.166071 0.507721 0.0666192 0.842734
0.830671 -0.86211 1.18287 -0.165801 0.5078 0.0664694 0.842752
0.83049 -0.862464 1.18327 -0.165532 0.507878 0.0663195 0.84277
0.83031 -0.862818 1.18366 -0.165262 0.507956 0.0661695 0.842787
0.830129 -0.863172 1.18405 -0.164992 0.508034 0.0660195 0.842805
0.829948 -0.863525 1.18445 -0.164722 0.508112 0.0658695 0.842823
0.829767 -0.863879 1.18484 -0.164452 0.50819 0.0657194 0.84284
0.829586 -0.864232 1.18524 -0.164181 0.508267 0.0655692 0.842858
0.829404 -0.864586 1.18563 -0.163911 0.508345 0.0654189 0.842875
0.829222 -0.864939 1.18603 -0.163641 0.508422 0.0652686 0.842893
0.82904 -0.865292 1.18642 -0.163371 0.508499 0.0651182 0.84291
0.828858 -0.865645 1.18682 -0.1631 0.508576 0.0649678 0.842928
0.828675 -0.865998 1.18721 -0.16283 0.508653 0.0648173 0.842945
0.828492 -0.86635 1.1876 -0.162559 0.50873 0.0646668 0.842963
0.828309 -0.866703 1.188 -0.162289 0.508807 0.0645162 0.84298
0.828126 -0.867056 1.18839 -0.162018 0.508883 0.0643655 0.842998
0.827942 -0.867408 1.18879 -0.161748 0.50896 0.0642147 0.843015
0.827758 -0.867761 1.18918 -0.161477 0.509036 0.0640639 0.843032
0.827574 -0.868113 1.18958 -0.161206 0.509112 0.0639131 0.84305
0.82739 -0.868465 1.18997 -0.160935 0.509188 0.0637622 0.843067
0.827205 -0.868817 1.19037 -0.160665 0.509264 0.0636112 0.843084
0.82702 -0.869169 1.19077 -0.160394 0.509339 0.0634601 0.843102
0.826835 -0.869521 1.19116 -0.160123 0.509415 0.063309 0.843119
0.82665 -0.869873 1.19156 -0.159852 0.50949 0.0631579 0.843136
0.826464 -0.870225 1.19195 -0.15958 0.509566 0.0630066 0.843153
0.826278 -0.870576 1.19235 -0.159309 0.509641 0.0628553 0.84317
0.826092 -0.870928 1.19274 -0.159038 0.509716 0.062704 0.843187
0.825905 -0.871279 1.19314 -0.158767 0.509791 0.0625526 0.843205
0.825719 -0.87163 1.19353 -0.158496 0.509865 0.0624011 0.843222
0.825532 -0.871982 1.19393 -0.158224 0.50994 0.0622496 0.843239
0.825345 -0.872333 1.19432 -0.157953 0.510014 0.062098 0.843256
0.825157 -0.872684 1.19472 -0.157681 0.510089 0.0619464 0.843273
0.82497 -0.873034 1.19512 -0.15741 0.510163 0.0617947 0.84329
0.824782 -0.873385 1.19551 -0.157138 0.510237 0.0616429 0.843307
0.824594 -0.873736 1.19591 -0.156867 0.510311 0.0614911 0.843324
0.824405 -0.874086 1.1963 -0.156595 0.510384 0.0613392 0.843341
0.824216 -0.874437 1.1967 -0.156323 0.510458 0.0611872 0.843357
0.824028 -0.874787 1.19709 -0.156051 0.510532 0.0610352 0.843374
0.823838 -0.875137 1.19749 -0.155779 0.510605 0.0608832 0.843391
0.823649 -0.875488 1.19789 -0.155508 0.510678 0.060731 0.843408
0.823459 -0.875838 1.19828 -0.155236 0.510751 0.0605788 0.843425
0.823269 -0.876188 1.19868 -0.154964 0.510824 0.0604266 0.843442
0.823079 -0.876537 1.19908 -0.154692 0.510897 0.0602743 0.843458
0.822889 -0.876887 1.19947 -0.154419 0.51097 0.0601219 0.843475
0.822698 -0.877237 1.19987 -0.154147 0.511042 0.0599695 0.843492
0.822507 -0.877586 1.20026 -0.153875 0.511114 0.059817 0.843508
0.822316 -0.877936 1.20066 -0.153603 0.511187 0.0596645 0.843525
0.822125 -0.878285 1.20106 -0.15333 0.511259 0.0595119 0.843542
0.821933 -0.878634 1.20145 -0.153058 0.511331 0.0593592 0.843558
0.821741 -0.878983 1.20185 -0.152785 0.511403 0.0592065 0.843575
0.821549 -0.879332 1.20225 -0.152513 0.511474 0.0590537 0.843591
0.821356 -0.879681 1.20264 -0.15224 0.511546 0.0589009 0.843608
0.821164 -0.88003 1.20304 -0.151968 0.511617 0.058748 0.843625
0.820971 -0.880379 1.20344 -0.151695 0.511688 0.0585951 0.843641
0.820778 -0.880727 1.20383 -0.151422 0.51176 0.0584421 0.843657
0.820584 -0.881076 1.20423 -0.15115 0.511831 0.058289 0.843674
0.820391 -0.881424 1.20463 -0.150877 0.511901 0.0581359 0.84369
0.820197 -0.881772 1.20503 -0.150604 0.511972 0.0579827 0.843707
0.820003 -0.88212 1.20542 -0.150331 0.512043 0.0578294 0.843723
0.819808 -0.882468 1.20582 -0.150058 0.512113 0.0576761 0.843739
0.819613 -0.882816 1.20622 -0.149785 0.512183 0.0575228 0.843756
0.819419 -0.883164 1.20661 -0.149512 0.512254 0.0573694 0.843772
0.819224 -0.883511 1.20701 -0.149239 0.512324 0.0572162 0.843788
0.819029 -0.883859 1.20741 -0.148965 0.512394 0.0570635 0.843804
0.818834 -0.884205 1.2078 -0.148692 0.512464 0.0569115 0.84382
0.81864 -0.884551 1.2082 -0.148419 0.512535 0.0567606 0.843835
0.818447 -0.884896 1.2086 -0.148145 0.512607 0.0566109 0.84385
0.818254 -0.88524 1.20899 -0.147872 0.512678 0.0564628 0.843864
0.818062 -0.885583 1.20938 -0.147598 0.512751 0.0563166 0.843878
0.817872 -0.885925 1.20978 -0.147324 0.512825 0.0561725 0.843891
0.817683 -0.886265 1.21017 -0.14705 0.512899 0.0560307 0.843902
0.817496 -0.886603 1.21056 -0.146776 0.512974 0.0558916 0.843914
0.81731 -0.88694 1.21095 -0.146502 0.513051 0.0557554 0.843924
0.817126 -0.887275 1.21133 -0.146228 0.513129 0.0556224 0.843932
0.816944 -0.887608 1.21172 -0.145953 0.513209 0.0554929 0.84394
0.816765 -0.887939 1.2121 -0.145679 0.51329 0.0553671 0.843946
0.816588 -0.888267 1.21248 -0.145404 0.513373 0.0552453 0.843951
0.816414 -0.888593 1.21286 -0.145129 0.513458 0.0551278 0.843955
0.816243 -0.888916 1.21324 -0.144854 0.513544 0.0550149 0.843957
0.816075 -0.889237 1.21361 -0.144579 0.513633 0.0549067 0.843957
0.81591 -0.889555 1.21398 -0.144303 0.513724 0.0548036 0.843955
0.815748 -0.889869 1.21435 -0.144027 0.513818 0.054706 0.843952
0.81559 -0.890181 1.21472 -0.143752 0.513914 0.0546139 0.843946
0.815436 -0.890489 1.21508 -0.143475 0.514012 0.0545277 0.843939
0.815286 -0.890793 1.21544 -0.143199 0.514114 0.0544477 0.843929
0.81514 -0.891094 1.21579 -0.142922 0.514218 0.0543742 0.843918
0.814998 -0.891391 1.21615 -0.142645 0.514325 0.0543074 0.843903
0.814861 -0.891685 1.21649 -0.142368 0.514435 0.0542476 0.843887
0.814729 -0.891974 1.21684 -0.142091 0.514549 0.054195 0.843868
0.814602 -0.892259 1.21718 -0.141813 0.514666 0.05415 0.843846
0.814479 -0.89254 1.21752 -0.141535 0.514787 0.0541128 0.843821
0.814362 -0.892816 1.21785 -0.141257 0.514911 0.0540837 0.843794
0.814251 -0.893087 1.21818 -0.140979 0.515039 0.0540629 0.843764
0.814145 -0.893354 1.2185 -0.1407 0.515171 0.0540508 0.84373
0.814044 -0.893616 1.21882 -0.140421 0.515307 0.054047 0.843694
0.813949 -0.893873 1.21914 -0.140142 0.515446 0.0540514 0.843655
0.813859 -0.894127 1.21945 -0.139862 0.515589 0.0540635 0.843613
0.813774 -0.894376 1.21975 -0.139583 0.515736 0.0540832 0.843569
0.813694 -0.894621 1.22006 -0.139303 0.515885 0.0541102 0.843522
0.813618 -0.894862 1.22036 -0.139023 0.516038 0.0541443 0.843472
0.813547 -0.895099 1.22065 -0.138742 0.516194 0.0541851 0.84342
0.81348 -0.895333 1.22095 -0.138462 0.516353 0.0542323 0.843366
0.813417 -0.895563 1.22124 -0.138181 0.516515 0.0542858 0.84331
0.813358 -0.89579 1.22152 -0.1379 0.51668 0.0543453 0.843251
0.813302 -0.896014 1.22181 -0.137619 0.516847 0.0544104 0.84319
0.81325 -0.896235 1.22209 -0.137337 0.517016 0.0544809 0.843128
0.813201 -0.896453 1.22237 -0.137056 0.517188 0.0545566 0.843063
0.813156 -0.896668 1.22264 -0.136775 0.517362 0.0546371 0.842997
0.813113 -0.89688 1.22291 -0.136493 0.517538 0.0547223 0.842929
0.813073 -0.897091 1.22318 -0.136211 0.517716 0.0548118 0.84286
0.813036 -0.897299 1.22345 -0.135929 0.517896 0.0549053 0.842788
0.813001 -0.897504 1.22372 -0.135647 0.518078 0.0550027 0.842716
0.812968 -0.897708 1.22399 -0.135365 0.518261 0.0551036 0.842642
0.812937 -0.89791 1.22425 -0.135083 0.518445 0.0552077 0.842567
0.812908 -0.898111 1.22451 -0.134801 0.518631 0.0553149 0.842491
0.812881 -0.898309 1.22477 -0.134519 0.518818 0.0554247 0.842413
0.812855 -0.898507 1.22503 -0.134237 0.519006 0.055537 0.842335
0.81283 -0.898703 1.22529 -0.133954 0.519196 0.0556515 0.842256
0.812807 -0.898898 1.22554 -0.133672 0.519386 0.0557679 0.842176
0.812784 -0.899092 1.2258 -0.13339 0.519576 0.0558859 0.842095
0.812762 -0.899285 1.22606 -0.133107 0.519767 0.0560053 0.842014
0.812741 -0.899478 1.22631 -0.132825 0.519959 0.0561257 0.841932
0.81272 -0.89967 1.22657 -0.132543 0.520151 0.056247 0.84185
0.812699 -0.899862 1.22682 -0.13226 0.520343 0.0563689 0.841768
0.812678 -0.900053 1.22707 -0.131978 0.520536 0.056491 0.841685
0.812657 -0.900245 1.22733 -0.131695 0.520728 0.0566131 0.841602
0.812636 -0.900436 1.22758 -0.131413 0.52092 0.0567352 0.841519
0.812615 -0.900628 1.22784 -0.131131 0.521112 0.0568573 0.841436
0.812593 -0.900819 1.22809 -0.130849 0.521304 0.0569795 0.841353
0.812572 -0.90101 1.22835 -0.130566 0.521496 0.0571016 0.841269
0.81255 -0.901201 1.2286 -0.130284 0.521688 0.0572237 0.841186
0.812528 -0.901392 1.22885 -0.130002 0.52188 0.0573459 0.841102
0.812506 -0.901583 1.22911 -0.129719 0.522072 0.057468 0.841018
0.812483 -0.901774 1.22936 -0.129437 0.522264 0.0575902 0.840934
0.812461 -0.901965 1.22962 -0.129155 0.522455 0.0577123 0.84085
0.812438 -0.902156 1.22987 -0.128873 0.522647 0.0578345 0.840766
0.812415 -0.902346 1.23013 -0.128591 0.522839 0.0579566 0.840681
0.812392 -0.902537 1.23038 -0.128308 0.52303 0.0580788 0.840597
0.812369 -0.902728 1.23063 -0.128026 0.523222 0.058201 0.840512
0.812345 -0.902918 1.23089 -0.127744 0.523414 0.0583231 0.840427
0.812321 -0.903109 1.23114 -0.127462 0.523605 0.0584453 0.840342
0.812298 -0.903299 1.2314 -0.12718 0.523796 0.0585675 0.840257
0.812273 -0.903489 1.23165 -0.126898 0.523988 0.0586897 0.840172
0.812249 -0.90368 1.23191 -0.126616 0.524179 0.0588119 0.840087
0.812225 -0.90387 1.23216 -0.126333 0.52437 0.0589341 0.840001
0.8122 -0.90406 1.23242 -0.126051 0.524562 0.0590562 0.839916
0.812176 -0.90425 1.23267 -0.125769 0.524753 0.0591784 0.83983
0.812151 -0.90444 1.23293 -0.125487 0.524944 0.0593006 0.839744
0.812125 -0.90463 1.23318 -0.125205 0.525135 0.0594228 0.839658
0.8121 -0.90482 1.23343 -0.124923 0.525326 0.0595451 0.839572
0.812075 -0.905009 1.23369 -0.124641 0.525517 0.0596673 0.839486
0.812049 -0.905199 1.23394 -0.124359 0.525708 0.0597895 0.839399
0.812023 -0.905389 1.2342 -0.124077 0.525899 0.0599117 0.839313
0.811997 -0.905578 1.23445 -0.123795 0.52609 0.0600339 0.839226
0.811971 -0.905768 1.23471 -0.123513 0.526281 0.0601561 0.839139
0.811944 -0.905957 1.23496 -0.123231 0.526471 0.0602784 0.839052
0.811918 -0.906146 1.23522 -0.12295 0.526662 0.0604006 0.838965
0.811891 -0.906336 1.23547 -0.122668 0.526853 0.0605228 0.838878
0.811864 -0.906525 1.23573 -0.122386 0.527043 0.0606451 0.83879
0.811837 -0.906714 1.23598 -0.122104 0.527234 0.0607673 0.838703
0.81181 -0.906903 1.23624 -0.121822 0.527424 0.0608896 0.838615
0.811782 -0.907092 1.23649 -0.12154 0.527615 0.0610118 0.838527
0.811754 -0.907281 1.23675 -0.121258 0.527805 0.0611341 0.838439
0.811727 -0.90747 1.237 -0.120977 0.527995 0.0612563 0.838351
0.811699 -0.907658 1.23726 -0.120695 0.528186 0.0613786 0.838263
0.81167 -0.907847 1.23751 -0.120413 0.528376 0.0615008 0.838175
0.811642 -0.908036 1.23777 -0.120131 0.528566 0.0616231 0.838086
0.811613 -0.908224 1.23802 -0.11985 0.528756 0.0617454 0.837998
0.811585 -0.908413 1.23828 -0.119568 0.528946 0.0618676 0.837909
0.811556 -0.908601 1.23853 -0.119286 0.529137 0.0619899 0.83782
0.811526 -0.908789 1.23879 -0.119004 0.529327 0.0621122 0.837731
0.811497 -0.908978 1.23904 -0.118723 0.529516 0.0622345 0.837642
0.811468 -0.909166 1.2393 -0.118441 0.529706 0.0623567 0.837553
0.811438 -0.909354 1.23955 -0.118159 0.529896 0.062479 0.837463
0.811408 -0.909542 1.23981 -0.117878 0.530086 0.0626013 0.837374
0.811378 -0.90973 1.24006 -0.117596 0.530276 0.0627236 0.837284
0.811348 -0.909918 1.24032 -0.117315 0.530465 0.0628459 0.837194
0.811317 -0.910106 1.24057 -0.117033 0.530655 0.0629682 0.837104
0.811287 -0.910294 1.24083 -0.116752 0.530845 0.0630905 0.837014
0.811256 -0.910481 1.24108 -0.11647 0.531034 0.0632128 0.836924
0.811225 -0.910669 1.24134 -0.116188 0.531224 0.0633351 0.836833
0.811194 -0.910856 1.24159 -0.115907 0.531413 0.0634574 0.836743
0.811163 -0.911044 1.24185 -0.115625 0.531603 0.0635798 0.836652
0.811131 -0.911231 1.24211 -0.115344 0.531792 0.0637021 0.836561
0.811099 -0.911419 1.24236 -0.115063 0.531981 0.0638244 0.836471
0.811068 -0.911606 1.24262 -0.114781 0.532171 0.0639467 0.836379
0.811036 -0.911793 1.24287 -0.1145 0.53236 0.064069 0.836288
0.811003 -0.91198 1.24313 -0.114218 0.532549 0.0641914 0.836197
0.810971 -0.912167 1.24338 -0.113937 0.532738 0.0643137 0.836105
0.810938 -0.912354 1.24364 -0.113656 0.532927 0.064436 0.836014
0.810906 -0.912541 1.24389 -0.113374 0.533116 0.0645585 0.835922
0.810873 -0.912727 1.24415 -0.113093 0.533305 0.0646813 0.83583
0.81084 -0.912914 1.2444 -0.112812 0.533495 0.0648044 0.835738
0.810808 -0.9131 1.24466 -0.11253 0.533684 0.0649282 0.835645
0.810776 -0.913285 1.24491 -0.112249 0.533874 0.0650526 0.835552
0.810744 -0.91347 1.24517 -0.111968 0.534064 0.0651779 0.835458
0.810712 -0.913654 1.24542 -0.111687 0.534254 0.0653041 0.835365
0.810682 -0.913838 1.24567 -0.111405 0.534445 0.0654314 0.83527
0.810651 -0.914021 1.24593 -0.111124 0.534636 0.06556 0.835175
0.810622 -0.914203 1.24618 -0.110843 0.534828 0.06569 0.835079
0.810593 -0.914384 1.24643 -0.110562 0.535021 0.0658215 0.834983
0.810565 -0.914565 1.24668 -0.110281 0.535214 0.0659546 0.834886
0.810539 -0.914744 1.24693 -0.11 0.535408 0.0660896 0.834788
0.810513 -0.914922 1.24718 -0.109719 0.535603 0.0662265 0.834689
0.810488 -0.915099 1.24742 -0.109438 0.535798 0.0663655 0.834589
0.810465 -0.915275 1.24767 -0.109157 0.535995 0.0665068 0.834489
0.810443 -0.915449 1.24791 -0.108876 0.536192 0.0666504 0.834387
0.810422 -0.915622 1.24816 -0.108596 0.536391 0.0667965 0.834284
0.810403 -0.915793 1.2484 -0.108315 0.53659 0.0669452 0.834181
0.810385 -0.915963 1.24864 -0.108035 0.536791 0.0670967 0.834076
0.810369 -0.916131 1.24888 -0.107754 0.536993 0.0672512 0.833969
0.810355 -0.916298 1.24912 -0.107474 0.537196 0.0674087 0.833862
0.810343 -0.916462 1.24935 -0.107193 0.537401 0.0675694 0.833753
0.810333 -0.916625 1.24959 -0.106913 0.537606 0.0677335 0.833643
0.810325 -0.916786 1.24982 -0.106633 0.537814 0.067901 0.833532
0.810318 -0.916945 1.25005 -0.106353 0.538023 0.0680722 0.833419
0.810314 -0.917102 1.25028 -0.106073 0.538233 0.0682472 0.833304
0.810313 -0.917256 1.2505 -0.105793 0.538445 0.068426 0.833188
0.810313 -0.917408 1.25073 -0.105513 0.538659 0.068609 0.83307
0.810316 -0.917558 1.25095 -0.105234 0.538874 0.0687961 0.832951
0.810322 -0.917706 1.25117 -0.104955 0.539091 0.0689875 0.83283
0.81033 -0.917851 1.25139 -0.104675 0.53931 0.0691835 0.832707
0.810341 -0.917994 1.25161 -0.104396 0.539531 0.0693837 0.832582
0.810354 -0.918134 1.25182 -0.104117 0.539754 0.0695882 0.832456
0.81037 -0.918272 1.25203 -0.103839 0.539978 0.0697967 0.832328
0.810388 -0.918408 1.25224 -0.10356 0.540204 0.0700092 0.832198
0.810408 -0.918542 1.25245 -0.103282 0.540431 0.0702255 0.832067
0.81043 -0.918674 1.25265 -0.103003 0.54066 0.0704454 0.831934
0.810454 -0.918803 1.25286 -0.102725 0.54089 0.0706689 0.8318
0.81048 -0.918931 1.25306 -0.102447 0.541121 0.0708958 0.831665
0.810508 -0.919057 1.25326 -0.10217 0.541354 0.0711259 0.831528
0.810537 -0.919182 1.25346 -0.101892 0.541588 0.0713591 0.831389
0.810568 -0.919304 1.25365 -0.101615 0.541823 0.0715953 0.83125
0.810601 -0.919425 1.25385 -0.101338 0.54206 0.0718343 0.831109
0.810635 -0.919545 1.25404 -0.101061 0.542297 0.072076 0.830967
0.81067 -0.919663 1.25424 -0.100784 0.542535 0.0723204 0.830824
0.810707 -0.91978 1.25443 -0.100508 0.542774 0.0725671 0.83068
0.810745 -0.919895 1.25462 -0.100231 0.543014 0.0728161 0.830534
0.810783 -0.920009 1.25481 -0.0999549 0.543255 0.0730673 0.830388
0.810823 -0.920122 1.255 -0.0996789 0.543496 0.0733205 0.830241
0.810864 -0.920234 1.25519 -0.0994031 0.543738 0.0735755 0.830093
0.810905 -0.920345 1.25537 -0.0991275 0.543981 0.0738323 0.829944
0.810947 -0.920455 1.25556 -0.0988521 0.544224 0.0740907 0.829795
0.81099 -0.920564 1.25574 -0.0985768 0.544467 0.0743506 0.829644
0.811033 -0.920672 1.25593 -0.0983018 0.544711 0.0746118 0.829493
0.811077 -0.92078 1.25611 -0.0980269 0.544956 0.0748742 0.829342
0.811121 -0.920887 1.2563 -0.0977522 0.5452 0.0751376 0.82919
0.811166 -0.920993 1.25648 -0.0974776 0.545445 0.0754019 0.829037
0.81121 -0.921099 1.25666 -0.0972033 0.54569 0.075667 0.828884
0.811255 -0.921204 1.25685 -0.0969291 0.545935 0.0759327 0.82873
0.811299 -0.92131 1.25703 -0.0966551 0.54618 0.0761989 0.828576
0.811344 -0.921414 1.25721 -0.0963813 0.546426 0.0764655 0.828422
0.811388 -0.921519 1.25739 -0.0961076 0.546671 0.0767322 0.828267
0.811432 -0.921624 1.25757 -0.0958341 0.546916 0.076999 0.828112
0.811476 -0.921728 1.25776 -0.0955607 0.54716 0.0772659 0.827957
0.811519 -0.921832 1.25794 -0.0952875 0.547405 0.0775329 0.827802
0.811563 -0.921937 1.25812 -0.0950144 0.54765 0.0777999 0.827647
0.811605 -0.922041 1.2583 -0.0947415 0.547894 0.078067 0.827491
0.811648 -0.922145 1.25848 -0.0944688 0.548138 0.0783342 0.827335
0.811691 -0.922248 1.25867 -0.0941962 0.548383 0.0786014 0.827179
0.811733 -0.922352 1.25885 -0.0939238 0.548627 0.0788687 0.827023
0.811775 -0.922456 1.25903 -0.0936515 0.54887 0.079136 0.826866
0.811816 -0.922559 1.25921 -0.0933794 0.549114 0.0794035 0.82671
0.811858 -0.922663 1.25939 -0.0931074 0.549358 0.0796709 0.826553
0.811899 -0.922766 1.25958 -0.0928356 0.549601 0.0799385 0.826396
0.811939 -0.922869 1.25976 -0.092564 0.549845 0.0802061 0.826238
0.81198 -0.922972 1.25994 -0.0922925 0.550088 0.0804738 0.826081
0.81202 -0.923075 1.26012 -0.0920211 0.550331 0.0807416 0.825923
0.81206 -0.923178 1.2603 -0.09175 0.550574 0.0810094 0.825765
0.8121 -0.923281 1.26048 -0.0914789 0.550817 0.0812773 0.825607
0.812139 -0.923383 1.26067 -0.0912081 0.55106 0.0815452 0.825448
0.812179 -0.923486 1.26085 -0.0909374 0.551302 0.0818132 0.82529
0.812217 -0.923588 1.26103 -0.0906669 0.551545 0.0820813 0.825131
0.812256 -0.92369 1.26121 -0.0903965 0.551787 0.0823495 0.824972
0.812294 -0.923792 1.26139 -0.0901262 0.552029 0.0826177 0.824812
0.812333 -0.923894 1.26158 -0.0898562 0.552271 0.082886 0.824653
0.81237 -0.923996 1.26176 -0.0895863 0.552513 0.0831543 0.824493
0.812408 -0.924098 1.26194 -0.0893165 0.552755 0.0834227 0.824333
0.812445 -0.9242 1.26212 -0.0890469 0.552996 0.0836912 0.824173
0.812482 -0.924301 1.2623 -0.0887775 0.553238 0.0839597 0.824013
0.812519 -0.924403 1.26249 -0.0885082 0.553479 0.0842283 0.823852
0.812555 -0.924504 1.26267 -0.0882391 0.553721 0.084497 0.823691
0.812592 -0.924605 1.26285 -0.0879702 0.553962 0.0847657 0.82353
0.812628 -0.924706 1.26303 -0.0877014 0.554203 0.0850345 0.823369
0.812663 -0.924807 1.26321 -0.0874328 0.554444 0.0853034 0.823208
0.812699 -0.924908 1.2634 -0.0871643 0.554684 0.0855723 0.823046
0.812734 -0.925009 1.26358 -0.086896 0.554925 0.0858413 0.822884
0.812769 -0.925109 1.26376 -0.0866278 0.555165 0.0861104 0.822722
0.812803 -0.92521 1.26394 -0.0863598 0.555406 0.0863795 0.82256
0.812837 -0.92531 1.26412 -0.086092 0.555646 0.0866487 0.822398
0.812871 -0.92541 1.2643 -0.0858243 0.555886 0.0869179 0.822235
0.812905 -0.92551 1.26449 -0.0855568 0.556126 0.0871872 0.822072
0.812939 -0.92561 1.26467 -0.0852895 0.556366 0.0874566 0.821909
0.812972 -0.92571 1.26485 -0.0850223 0.556605 0.0877261 0.821746
0.813005 -0.92581 1.26503 -0.0847553 0.556845 0.0879956 0.821582
0.813038 -0.92591 1.26521 -0.0844884 0.557084 0.0882651 0.821418
0.81307 -0.926009 1.2654 -0.0842217 0.557323 0.0885348 0.821255
0.813102 -0.926109 1.26558 -0.0839551 0.557562 0.0888044 0.82109
0.813134 -0.926208 1.26576 -0.0836888 0.557801 0.0890742 0.820926
0.813166 -0.926307 1.26594 -0.0834225 0.55804 0.089344 0.820761
0.813197 -0.926406 1.26612 -0.0831565 0.558279 0.0896139 0.820597
0.813228 -0.926505 1.2663 -0.0828906 0.558518 0.0898838 0.820432
0.813259 -0.926604 1.26649 -0.0826248 0.558756 0.0901539 0.820267
0.813289 -0.926703 1.26667 -0.0823593 0.558994 0.0904239 0.820101
0.813319 -0.926801 1.26685 -0.0820939 0.559232 0.0906941 0.819936
0.813349 -0.9269 1.26703 -0.0818286 0.55947 0.0909643 0.81977
0.813379 -0.926998 1.26721 -0.0815635 0.559708 0.0912345 0.819604
0.813408 -0.927096 1.26739 -0.0812986 0.559946 0.0915048 0.819437
0.813438 -0.927194 1.26758 -0.0810338 0.560184 0.0917752 0.819271
0.813466 -0.927292 1.26776 -0.0807692 0.560421 0.0920457 0.819104
0.813495 -0.92739 1.26794 -0.0805048 0.560659 0.0923162 0.818937
0.813523 -0.927488 1.26812 -0.0802405 0.560896 0.0925867 0.81877
0.813551 -0.927585 1.2683 -0.0799764 0.561133 0.0928574 0.818603
0.813579 -0.927683 1.26848 -0.0797125 0.56137 0.0931281 0.818436
0.813607 -0.92778 1.26867 -0.0794487 0.561607 0.0933988 0.818268
0.813634 -0.927877 1.26885 -0.0791851 0.561843 0.0936696 0.8181
0.813661 -0.927975 1.26903 -0.0789216 0.56208 0.0939405 0.817932
0.813854 -0.928163 1.26899 -0.0783701 0.56262 0.094398 0.817561
0.814045 -0.928351 1.26896 -0.0778197 0.563159 0.0948563 0.817189
0.814235 -0.928538 1.26892 -0.0772705 0.563698 0.0953155 0.816816
0.814423 -0.928724 1.26888 -0.0767223 0.564236 0.0957755 0.816443
0.81461 -0.928909 1.26884 -0.0761753 0.564773 0.0962364 0.816068
0.814796 -0.929093 1.2688 -0.0756294 0.565309 0.0966981 0.815693
0.81498 -0.929276 1.26877 -0.0750847 0.565845 0.0971607 0.815317
0.815162 -0.929458 1.26873 -0.074541 0.56638 0.0976241 0.81494
0.815343 -0.92964 1.26869 -0.0739985 0.566914 0.0980883 0.814562
0.815523 -0.92982 1.26865 -0.0734572 0.567448 0.0985534 0.814183
0.815702 -0.929999 1.26861 -0.0729169 0.567981 0.0990194 0.813803
0.815878 -0.930178 1.26858 -0.0723778 0.568513 0.0994862 0.813423
0.816054 -0.930355 1.26854 -0.0718398 0.569045 0.0999538 0.813041
0.816228 -0.930531 1.2685 -0.071303 0.569576 0.100422 0.812659
0.8164 -0.930707 1.26846 -0.0707672 0.570106 0.100892 0.812276
0.816571 -0.930882 1.26842 -0.0702327 0.570635 0.101362 0.811892
0.816741 -0.931055 1.26838 -0.0696992 0.571164 0.101833 0.811507
0.816909 -0.931228 1.26835 -0.0691669 0.571692 0.102304 0.811121
0.817076 -0.931399 1.26831 -0.0686357 0.572219 0.102777 0.810735
0.817246 -0.931573 1.26826 -0.0680971 0.572755 0.103257 0.810341
0.817423 -0.93175 1.2682 -0.0675425 0.573309 0.10375 0.809933
0.817606 -0.93193 1.26813 -0.0669764 0.573876 0.104253 0.809514
0.817792 -0.93211 1.26805 -0.0664031 0.574451 0.104763 0.809087
0.817983 -0.932294 1.26797 -0.0658184 0.575039 0.105284 0.808649
0.818182 -0.932481 1.26787 -0.0652182 0.575644 0.105819 0.808197
0.818388 -0.932671 1.26775 -0.0646006 0.576269 0.106369 0.807729
0.818603 -0.932867 1.26761 -0.0639636 0.576916 0.106936 0.807243
0.818829 -0.933066 1.26746 -0.0633053 0.577588 0.107521 0.806737
0.819065 -0.933271 1.26729 -0.0626239 0.578285 0.108128 0.806209
0.819312 -0.933481 1.26709 -0.0619175 0.579011 0.108757 0.805658
0.819572 -0.933697 1.26687 -0.0611844 0.579767 0.10941 0.805082
0.819845 -0.933919 1.26662 -0.0604228 0.580555 0.110089 0.804478
0.820131 -0.934146 1.26635 -0.0596311 0.581378 0.110797 0.803845
0.820429 -0.934379 1.26604 -0.0588115 0.582234 0.111531 0.803185
0.820738 -0.934615 1.26572 -0.0579661 0.58312 0.112292 0.802497
0.821055 -0.934856 1.26537 -0.0570973 0.584033 0.113077 0.801785
0.821381 -0.935098 1.26499 -0.0562071 0.584972 0.113886 0.801048
0.821713 -0.935342 1.2646 -0.0552976 0.585935 0.114718 0.800289
0.82205 -0.935588 1.26419 -0.0543711 0.58692 0.115571 0.799508
0.822391 -0.935833 1.26376 -0.0534296 0.587923 0.116445 0.798707
0.822735 -0.936078 1.26332 -0.0524751 0.588944 0.117338 0.797887
0.823079 -0.936321 1.26286 -0.0515098 0.589979 0.118248 0.79705
0.823424 -0.936562 1.26238 -0.0505356 0.591028 0.119175 0.796197
0.823768 -0.936801 1.2619 -0.0495544 0.592087 0.120117 0.79533
0.824111 -0.937037 1.26141 -0.0485682 0.593155 0.121073 0.79445
0.82445 -0.937269 1.2609 -0.0475788 0.594229 0.122042 0.793558
0.824785 -0.937497 1.2604 -0.0465882 0.595308 0.123022 0.792656
0.825115 -0.93772 1.25988 -0.0455981 0.59639 0.124012 0.791746
0.825439 -0.937938 1.25936 -0.0446103 0.597472 0.125009 0.790828
0.825758 -0.93815 1.25884 -0.0436247 0.598556 0.126016 0.789904
0.82607 -0.938358 1.25831 -0.042641 0.59964 0.127031 0.788972
0.826377 -0.93856 1.25778 -0.0416591 0.600725 0.128055 0.788033
0.826678 -0.938757 1.25725 -0.040679 0.601812 0.129088 0.787085
0.826973 -0.938949 1.25671 -0.0397005 0.602901 0.130131 0.78613
0.827262 -0.939135 1.25616 -0.0387235 0.603991 0.131184 0.785166
0.827546 -0.939315 1.25561 -0.0377478 0.605084 0.132248 0.784194
0.827823 -0.93949 1.25505 -0.0367734 0.606178 0.133321 0.783212
0.828094 -0.939659 1.25449 -0.0358002 0.607275 0.134406 0.782222
0.828359 -0.939823 1.25392 -0.0348281 0.608374 0.135502 0.781222
0.828618 -0.93998 1.25335 -0.033857 0.609476 0.136609 0.780212
0.82887 -0.940131 1.25277 -0.0328869 0.610581 0.137728 0.779192
0.829116 -0.940277 1.25218 -0.0319176 0.611688 0.138859 0.778163
0.829356 -0.940415 1.25159 -0.0309492 0.612799 0.140003 0.777122
0.829589 -0.940548 1.25099 -0.0299815 0.613912 0.141159 0.776071
0.829815 -0.940673 1.25038 -0.0290146 0.61503 0.142329 0.775009
0.830034 -0.940792 1.24977 -0.0280489 0.61615 0.143512 0.773936
0.830245 -0.940904 1.24915 -0.0270846 0.617272 0.144707 0.772853
0.830449 -0.941009 1.24852 -0.0261222 0.618397 0.145915 0.771759
0.830645 -0.941106 1.24789 -0.025162 0.619523 0.147136 0.770655
0.830833 -0.941196 1.24725 -0.0242045 0.620651 0.14837 0.769541
0.831012 -0.941278 1.2466 -0.0232499 0.62178 0.149615 0.768417
0.831183 -0.941352 1.24595 -0.0222986 0.622909 0.150873 0.767284
0.831345 -0.941418 1.24529 -0.021351 0.624039 0.152142 0.766141
0.831498 -0.941476 1.24463 -0.0204073 0.625168 0.153424 0.76499
0.831642 -0.941526 1.24397 -0.019468 0.626298 0.154717 0.763829
0.831776 -0.941567 1.2433 -0.0185333 0.627426 0.156021 0.76266
0.8319 -0.9416 1.24262 -0.0176036 0.628553 0.157336 0.761483
0.832015 -0.941624 1.24195 -0.0166791 0.629679 0.158663 0.760298
0.832119 -0.94164 1.24126 -0.0157601 0.630802 0.16 0.759105
0.832213 -0.941646 1.24058 -0.014847 0.631924 0.161348 0.757904
0.832297 -0.941644 1.23989 -0.01394 0.633043 0.162706 0.756696
0.832371 -0.941633 1.2392 -0.0130395 0.634159 0.164074 0.755481
0.832433 -0.941613 1.23851 -0.0121456 0.635272 0.165452 0.75426
0.832485 -0.941583 1.23781 -0.0112587 0.636381 0.166839 0.753032
0.832526 -0.941544 1.23711 -0.010379 0.637487 0.168236 0.751797
0.832556 -0.941496 1.23641 -0.00950668 0.638588 0.169643 0.750557
0.832575 -0.941439 1.23571 -0.00864209 0.639685 0.171058 0.749311
0.832582 -0.941372 1.235 -0.0077854 0.640777 0.172481 0.74806
0.832579 -0.941296 1.2343 -0.00693686 0.641864 0.173913 0.746804
0.832564 -0.941211 1.23359 -0.00609668 0.642946 0.175353 0.745543
0.832537 -0.941116 1.23289 -0.00526506 0.644022 0.176801 0.744278
0.832499 -0.941012 1.23218 -0.0044422 0.645092 0.178256 0.743009
0.832449 -0.940898 1.23147 -0.00362829 0.646155 0.179718 0.741735
0.832388 -0.940775 1.23076 -0.00282352 0.647213 0.181188 0.740459
0.832315 -0.940643 1.23006 -0.00202806 0.648263 0.182663 0.739179
0.832231 -0.940501 1.22935 -0.00124208 0.649307 0.184146 0.737896
0.832135 -0.94035 1.22865 -0.000465736 0.650343 0.185634 0.73661
0.832027 -0.94019 1.22794 0.000300971 0.651372 0.187128 0.735322
0.831908 -0.94002 1.22724 0.00105803 0.652393 0.188628 0.734031
0.831777 -0.939841 1.22653 0.00180545 0.653407 0.190133 0.732738
0.831635 -0.939653 1.22583 0.00254322 0.654414 0.191645 0.731442
0.83148 -0.939455 1.22513 0.00327133 0.655413 0.193163 0.730144
0.831315 -0.939248 1.22443 0.00398978 0.656405 0.194686 0.728844
0.831137 -0.939032 1.22373 0.00469858 0.657389 0.196215 0.727542
0.830949 -0.938807 1.22303 0.00539771 0.658366 0.197749 0.726237
0.830748 -0.938572 1.22234 0.00608718 0.659335 0.199289 0.72493
0.830536 -0.938328 1.22164 0.00676698 0.660296 0.200835 0.723621
0.830313 -0.938075 1.22095 0.00743712 0.66125 0.202387 0.722311
0.830077 -0.937812 1.22025 0.00809758 0.662196 0.203944 0.720998
0.829831 -0.93754 1.21956 0.00874838 0.663134 0.205506 0.719683
0.829572 -0.937259 1.21887 0.00938951 0.664065 0.207074 0.718366
0.829302 -0.936968 1.21818 0.010021 0.664988 0.208648 0.717048
0.829021 -0.936668 1.21749 0.0106428 0.665902 0.210227 0.715727
0.828728 -0.936359 1.2168 0.0112549 0.666809 0.211811 0.714405
0.828424 -0.936041 1.21612 0.0118573 0.667708 0.2134 0.713081
0.828108 -0.935713 1.21543 0.0124501 0.6686 0.214995 0.711756
0.82778 -0.935376 1.21475 0.0130332 0.669483 0.216595 0.710429
0.827441 -0.93503 1.21407 0.0136066 0.670358 0.2182 0.709101
0.82709 -0.934674 1.21339 0.0141704 0.671225 0.219811 0.707771
0.826728 -0.934309 1.21271 0.0147245 0.672084 0.221426 0.70644
0.826355 -0.933935 1.21203 0.015269 0.672935 0.223047 0.705107
0.82597 -0.933552 1.21136 0.0158038 0.673777 0.224673 0.703773
0.825573 -0.933159 1.21068 0.0163289 0.674612 0.226304 0.702438
0.825166 -0.932757 1.21001 0.0168444 0.675438 0.227939 0.701101
0.824746 -0.932346 1.20934 0.0173502 0.676256 0.22958 0.699764
0.824315 -0.931925 1.20867 0.0178464 0.677066 0.231226 0.698425
0.823873 -0.931496 1.208 0.0183329 0.677867 0.232876 0.697086
0.82342 -0.931057 1.20734 0.0188098 0.678661 0.234531 0.695745
0.822955 -0.930608 1.20667 0.0192771 0.679445 0.236192 0.694403
0.822478 -0.930151 1.20601 0.0197347 0.680222 0.237856 0.693061
0.821991 -0.929684 1.20535 0.0201828 0.68099 0.239526 0.691718
0.821491 -0.929208 1.20469 0.0206212 0.681749 0.2412 0.690373
0.820981 -0.928723 1.20404 0.0210499 0.6825 0.242879 0.689029
0.820459 -0.928229 1.20338 0.0214691 0.683242 0.244563 0.687683
0.819926 -0.927726 1.20273 0.0218787 0.683976 0.246251 0.686337
0.819382 -0.927213 1.20208 0.0222786 0.684702 0.247943 0.68499
0.818826 -0.926691 1.20143 0.022669 0.685418 0.24964 0.683643
0.818259 -0.92616 1.20079 0.0230498 0.686126 0.251342 0.682295
0.817681 -0.925619 1.20014 0.023421 0.686826 0.253047 0.680947
0.817091 -0.92507 1.1995 0.0237827 0.687517 0.254757 0.679598
0.816491 -0.924511 1.19886 0.0241348 0.688198 0.256472 0.67825
0.815879 -0.923943 1.19822 0.0244773 0.688872 0.258191 0.6769
0.815256 -0.923367 1.19758 0.0248103 0.689536 0.259914 0.675551
0.814621 -0.92278 1.19695 0.0251337 0.690192 0.261641 0.674202
0.813976 -0.922185 1.19632 0.0254477 0.690838 0.263372 0.672852
0.813319 -0.921581 1.19569 0.0257521 0.691476 0.265107 0.671502
0.812652 -0.920967 1.19506 0.026047 0.692105 0.266847 0.670153
0.811973 -0.920345 1.19444 0.0263324 0.692725 0.26859 0.668803
0.811283 -0.919713 1.19382 0.0266083 0.693336 0.270338 0.667453
0.810582 -0.919072 1.1932 0.0268747 0.693939 0.272089 0.666104
0.80987 -0.918422 1.19258 0.0271316 0.694532 0.273844 0.664755
0.809147 -0.917763 1.19196 0.0273791 0.695116 0.275603 0.663406
0.808412 -0.917095 1.19135 0.0276172 0.695691 0.277366 0.662057
0.807667 -0.916418 1.19074 0.0278458 0.696257 0.279133 0.660709
0.806911 -0.915732 1.19013 0.0280649 0.696814 0.280903 0.659361
0.806144 -0.915037 1.18953 0.0282747 0.697361 0.282677 0.658013
0.805366 -0.914333 1.18892 0.028475 0.6979 0.284455 0.656666
0.804577 -0.913619 1.18832 0.028666 0.698429 0.286236 0.65532
0.803777 -0.912897 1.18773 0.0288476 0.698949 0.288021 0.653974
0.802967 -0.912166 1.18713 0.0290198 0.69946 0.289809 0.652628
0.802145 -0.911426 1.18654 0.0291827 0.699962 0.291601 0.651284
0.801313 -0.910676 1.18595 0.0293362 0.700454 0.293396 0.64994
0.80047 -0.909918 1.18536 0.0294804 0.700937 0.295194 0.648597
0.799616 -0.909151 1.18478 0.0296153 0.701411 0.296996 0.647255
0.798751 -0.908375 1.1842 0.0297409 0.701876 0.298801 0.645913
0.797875 -0.90759 1.18362 0.0298572 0.702331 0.300609 0.644573
0.796989 -0.906796 1.18304 0.0299642 0.702776 0.302421 0.643234
0.796092 -0.905993 1.18247 0.030062 0.703212 0.304236 0.641895
0.795185 -0.905182 1.1819 0.0301505 0.703639 0.306053 0.640558
0.794266 -0.904361 1.18133 0.0302298 0.704056 0.307874 0.639222
0.793337 -0.903532 1.18077 0.0302999 0.704464 0.309698 0.637887
0.792398 -0.902693 1.18021 0.0303608 0.704862 0.311524 0.636553
0.791448 -0.901846 1.17965 0.0304125 0.705251 0.313354 0.635221
0.790487 -0.90099 1.17909 0.0304551 0.70563 0.315187 0.633889
0.789516 -0.900125 1.17854 0.0304885 0.706 0.317022 0.63256
0.788534 -0.899252 1.17799 0.0305128 0.70636 0.31886 0.631231
0.787542 -0.898369 1.17744 0.0305279 0.70671 0.320701 0.629905
0.78654 -0.897478 1.1769 0.030534 0.707051 0.322544 0.628579
0.785527 -0.896578 1.17636 0.030531 0.707382 0.32439 0.627255
0.784503 -0.895669 1.17582 0.030519 0.707703 0.326239 0.625933
0.78347 -0.894752 1.17529 0.0304979 0.708015 0.32809 0.624613
0.782425 -0.893826 1.17476 0.0304677 0.708317 0.329944 0.623294
0.781371 -0.892891 1.17423 0.0304286 0.708609 0.3318 0.621977
0.780306 -0.891947 1.1737 0.0303805 0.708892 0.333659 0.620662
0.779231 -0.890995 1.17318 0.0303234 0.709164 0.33552 0.619349
0.778146 -0.890034 1.17266 0.0302574 0.709427 0.337383 0.618037
0.777051 -0.889064 1.17215 0.0301824 0.70968 0.339249 0.616728
0.775945 -0.888086 1.17163 0.0300985 0.709924 0.341117 0.61542
0.774829 -0.887099 1.17113 0.0300058 0.710157 0.342987 0.614115
0.773703 -0.886104 1.17062 0.0299041 0.710381 0.344859 0.612811
0.772567 -0.8851 1.17012 0.0297937 0.710594 0.346733 0.61151
0.771421 -0.884087 1.16962 0.0296744 0.710798 0.348609 0.610211
0.770265 -0.883066 1.16912 0.0295463 0.710992 0.350487 0.608914
0.769099 -0.882036 1.16863 0.0294094 0.711176 0.352367 0.60762
0.767923 -0.880998 1.16814 0.0292637 0.71135 0.354249 0.606327
0.766737 -0.879951 1.16766 0.0291093 0.711514 0.356133 0.605038
0.765541 -0.878896 1.16718 0.0289462 0.711668 0.358018 0.60375
0.764335 -0.877832 1.1667 0.0287743 0.711812 0.359906 0.602465
0.763119 -0.87676 1.16622 0.0285938 0.711945 0.361795 0.601183
0.761894 -0.875679 1.16575 0.0284047 0.712069 0.363685 0.599903
0.760659 -0.87459 1.16528 0.0282069 0.712183 0.365578 0.598625
0.759413 -0.873493 1.16482 0.0280005 0.712287 0.367471 0.597351
0.758159 -0.872387 1.16436 0.0277855 0.712381 0.369367 0.596079
0.756894 -0.871273 1.1639 0.027562 0.712464 0.371264 0.594809
0.75562 -0.87015 1.16345 0.0273299 0.712538 0.373162 0.593543
0.754336 -0.869019 1.163 0.0270893 0.712601 0.375061 0.592279
0.753043 -0.86788 1.16255 0.0268403 0.712655 0.376962 0.591018
0.75174 -0.866732 1.16211 0.0265827 0.712698 0.378864 0.58976
0.750427 -0.865576 1.16167 0.0263167 0.712731 0.380767 0.588505
0.749105 -0.864412 1.16123 0.0260423 0.712754 0.382672 0.587253
0.747774 -0.86324 1.1608 0.0257595 0.712766 0.384577 0.586004
0.746433 -0.862059 1.16037 0.0254684 0.712769 0.386484 0.584759
0.745083 -0.86087 1.15995 0.0251689 0.712761 0.388391 0.583516
0.743723 -0.859673 1.15952 0.0248611 0.712743 0.3903 0.582276
0.742354 -0.858468 1.15911 0.024545 0.712715 0.392209 0.58104
0.740976 -0.857255 1.15869 0.0242206 0.712676 0.39412 0.579807
0.739588 -0.856033 1.15828 0.023888 0.712627 0.396031 0.578577
0.738191 -0.854803 1.15788 0.0235472 0.712568 0.397943 0.57735
0.736785 -0.853566 1.15747 0.0231982 0.712499 0.399855 0.576127
0.73537 -0.85232 1.15708 0.0228411 0.71242 0.401769 0.574907
0.733946 -0.851066 1.15668 0.0224758 0.71233 0.403683 0.573691
0.732512 -0.849804 1.15629 0.0221025 0.712229 0.405597 0.572479
0.73107 -0.848534 1.1559 0.021721 0.712119 0.407512 0.571269
0.729618 -0.847256 1.15552 0.0213316 0.711998 0.409428 0.570064
0.728158 -0.84597 1.15514 0.0209341 0.711867 0.411343 0.568862
0.726688 -0.844676 1.15476 0.0205286 0.711726 0.41326 0.567663
0.72521 -0.843374 1.15439 0.0201151 0.711574 0.415176 0.566469
0.723723 -0.842064 1.15402 0.0196937 0.711411 0.417093 0.565278
0.722227 -0.840746 1.15366 0.0192645 0.711239 0.41901 0.564091
0.720722 -0.839421 1.1533 0.0188273 0.711056 0.420927 0.562908
0.719208 -0.838087 1.15294 0.0183823 0.710863 0.422845 0.561729
0.717686 -0.836746 1.15259 0.0179295 0.710659 0.424762 0.560553
0.716155 -0.835396 1.15224 0.0174689 0.710445 0.426679 0.559382
0.714615 -0.834039 1.1519 0.0170006 0.71022 0.428597 0.558214
0.713067 -0.832674 1.15156 0.0165245 0.709985 0.430514 0.557051
0.71151 -0.831302 1.15122 0.0160407 0.70974 0.432431 0.555892
0.709944 -0.829922 1.15089 0.0155493 0.709484 0.434348 0.554736
0.70837 -0.828533 1.15056 0.0150503 0.709218 0.436265 0.553585
0.706788 -0.827138 1.15024 0.0145436 0.708941 0.438181 0.552438
0.705197 -0.825734 1.14992 0.0140294 0.708654 0.440097 0.551296
0.703597 -0.824323 1.1496 0.0135076 0.708357 0.442013 0.550157
0.70199 -0.822904 1.14929 0.0129783 0.708049 0.443928 0.549023
0.700374 -0.821478 1.14898 0.0124416 0.70773 0.445843 0.547894
0.698749 -0.820044 1.14867 0.0118974 0.707401 0.447757 0.546768
0.697117 -0.818602 1.14837 0.0113458 0.707062 0.449671 0.545647
0.695476 -0.817153 1.14808 0.0107868 0.706712 0.451584 0.544531
0.693827 -0.815696 1.14778 0.0102205 0.706352 0.453496 0.543419
0.69217 -0.814232 1.14749 0.00964688 0.705981 0.455408 0.542312
0.690505 -0.81276 1.14721 0.00906596 0.7056 0.457318 0.541209
0.688832 -0.811281 1.14693 0.0084778 0.705208 0.459228 0.54011
0.68715 -0.809795 1.14665 0.00788242 0.704806 0.461137 0.539017
0.685461 -0.8083 1.14638 0.00727987 0.704393 0.463045 0.537928
0.683764 -0.806799 1.14611 0.00667016 0.70397 0.464953 0.536844
0.682059 -0.80529 1.14585 0.00605335 0.703536 0.466859 0.535764
0.680346 -0.803774 1.14559 0.00542945 0.703092 0.468764 0.53469
0.678625 -0.80225 1.14533 0.00479851 0.702637 0.470667 0.53362
0.676897 -0.800719 1.14508 0.00416056 0.702172 0.47257 0.532555
0.675161 -0.799181 1.14483 0.00351563 0.701696 0.474471 0.531495
0.673417 -0.797636 1.14459 0.00286377 0.70121 0.476371 0.53044
0.671665 -0.796083 1.14435 0.00220499 0.700714 0.47827 0.52939
0.669906 -0.794523 1.14411 0.00153935 0.700206 0.480167 0.528344
0.668139 -0.792956 1.14388 0.000866869 0.699689 0.482063 0.527304
0.666365 -0.791381 1.14365 0.000187589 0.699161 0.483958 0.526269
0.664583 -0.7898 1.14343 -0.000498456 0.698622 0.48585 0.525239
0.662794 -0.788211 1.14321 -0.00119123 0.698073 0.487742 0.524214
0.660997 -0.786615 1.143 -0.0018907 0.697513 0.489631 0.523195
0.659193 -0.785012 1.14279 -0.00259682 0.696943 0.491519 0.52218
0.657382 -0.783402 1.14258 -0.00330956 0.696363 0.493405 0.521171
0.655563 -0.781785 1.14238 -0.00402889 0.695772 0.495289 0.520167
0.653737 -0.780161 1.14218 -0.00475477 0.69517 0.497172 0.519169
0.651904 -0.77853 1.14198 -0.00548716 0.694558 0.499052 0.518175
0.650064 -0.776891 1.14179 -0.00622602 0.693936 0.500931 0.517188
0.648216 -0.775246 1.14161 -0.00697131 0.693303 0.502807 0.516205
0.646362 -0.773594 1.14143 -0.00772301 0.692659 0.504681 0.515228
0.6445 -0.771935 1.14125 -0.00848107 0.692005 0.506554 0.514256
0.642631 -0.770269 1.14107 -0.00924546 0.691341 0.508424 0.51329
0.640756 -0.768597 1.1409 -0.0100161 0.690666 0.510292 0.51233
0.638873 -0.766917 1.14074 -0.010793 0.689981 0.512158 0.511375
0.636984 -0.765231 1.14058 -0.0115762 0.689285 0.514021 0.510425
0.635088 -0.763537 1.14042 -0.0123655 0.688579 0.515882 0.509482
0.633185 -0.761837 1.14027 -0.0131609 0.687863 0.517741 0.508543
0.631275 -0.76013 1.14012 -0.0139625 0.687136 0.519597 0.507611
0.629358 -0.758417 1.13997 -0.0147701 0.686398 0.52145 0.506684
0.627435 -0.756697 1.13983 -0.0155837 0.68565 0.523301 0.505763
0.625505 -0.75497 1.13969 -0.0164033 0.684892 0.52515 0.504848
0.623569 -0.753236 1.13956 -0.0172288 0.684123 0.526995 0.503939
0.621626 -0.751496 1.13943 -0.0180602 0.683344 0.528838 0.503035
0.619676 -0.749749 1.13931 -0.0188975 0.682555 0.530679 0.502137
