-0.511767 1.8532 -1.53577 2.36929 0.991617 2.82849
-0.511535 1.85289 -1.53456 2.36934 0.992194 2.82616
-0.511303 1.85259 -1.53335 2.36939 0.992772 2.82383
-0.511071 1.85228 -1.53213 2.36944 0.99335 2.8215
-0.510839 1.85198 -1.53092 2.3695 0.993928 2.81917
-0.510607 1.85167 -1.52971 2.36955 0.994506 2.81684
-0.510375 1.85136 -1.52849 2.3696 0.995084 2.81451
-0.510142 1.85106 -1.52728 2.36965 0.995661 2.81218
-0.50991 1.85075 -1.52607 2.3697 0.996239 2.80985
-0.509678 1.85045 -1.52486 2.36975 0.996817 2.80751
-0.509446 1.85014 -1.52364 2.36981 0.997395 2.80518
-0.509214 1.84983 -1.52243 2.36986 0.997973 2.80285
-0.508982 1.84953 -1.52122 2.36991 0.99855 2.80052
-0.50875 1.84922 -1.52 2.36996 0.999128 2.79819
-0.508518 1.84892 -1.51879 2.37001 0.999706 2.79586
-0.508286 1.84861 -1.51758 2.37006 1.00028 2.79353
-0.508054 1.84831 -1.51637 2.37011 1.00086 2.7912
-0.507822 1.848 -1.51515 2.37017 1.00144 2.78887
-0.50759 1.84769 -1.51394 2.37022 1.00202 2.78654
-0.507358 1.84739 -1.51273 2.37027 1.0026 2.78421
-0.507126 1.84708 -1.51151 2.37032 1.00317 2.78187
-0.506894 1.84678 -1.5103 2.37037 1.00375 2.77954
-0.506662 1.84647 -1.50909 2.37042 1.00433 2.77721
-0.50643 1.84616 -1.50788 2.37048 1.00491 2.77488
-0.506198 1.84586 -1.50666 2.37053 1.00548 2.77255
-0.505966 1.84555 -1.50545 2.37058 1.00606 2.77022
-0.505734 1.84525 -1.50424 2.37063 1.00664 2.76789
-0.505502 1.84494 -1.50302 2.37068 1.00722 2.76556
-0.50527 1.84464 -1.50181 2.37073 1.0078 2.76323
-0.505037 1.84433 -1.5006 2.37079 1.00837 2.7609
-0.504805 1.84402 -1.49939 2.37084 1.00895 2.75857
-0.504573 1.84372 -1.49817 2.37089 1.00953 2.75623
-0.504341 1.84341 -1.49696 2.37094 1.01011 2.7539
-0.504109 1.84311 -1.49575 2.37099 1.01068 2.75157
-0.503877 1.8428 -1.49453 2.37104 1.01126 2.74924
-0.503645 1.84249 -1.49332 2.37109 1.01184 2.74691
-0.503413 1.84219 -1.49211 2.37115 1.01242 2.74458
-0.503181 1.84188 -1.4909 2.3712 1.013 2.74225
-0.502949 1.84158 -1.48968 2.37125 1.01357 2.73992
-0.502717 1.84127 -1.48847 2.3713 1.01415 2.73759
-0.502485 1.84097 -1.48726 2.37135 1.01473 2.73526
-0.502253 1.84066 -1.48604 2.3714 1.01531 2.73293
-0.502021 1.84035 -1.48483 2.37146 1.01588 2.73059
-0.501789 1.84005 -1.48362 2.37151 1.01646 2.72826
-0.501557 1.83974 -1.48241 2.37156 1.01704 2.72593
-0.501325 1.83944 -1.48119 2.37161 1.01762 2.7236
-0.501093 1.83913 -1.47998 2.37166 1.0182 2.72127
-0.500861 1.83882 -1.47877 2.37171 1.01877 2.71894
-0.500629 1.83852 -1.47755 2.37177 1.01935 2.71661
-0.500397 1.83821 -1.47634 2.37182 1.01993 2.71428
-0.500165 1.83791 -1.47513 2.37187 1.02051 2.71195
-0.499932 1.8376 -1.47392 2.37192 1.02109 2.70962
-0.4997 1.8373 -1.4727 2.37197 1.02166 2.70729
-0.499468 1.83699 -1.47149 2.37202 1.02224 2.70495
-0.499236 1.83668 -1.47028 2.37207 1.02282 2.70262
-0.499004 1.83638 -1.46906 2.37213 1.0234 2.70029
-0.498772 1.83607 -1.46785 2.37218 1.02397 2.69796
-0.49854 1.83577 -1.46664 2.37223 1.02455 2.69563
-0.498308 1.83546 -1.46543 2.37228 1.02513 2.6933
-0.498076 1.83515 -1.46421 2.37233 1.02571 2.69097
-0.497844 1.83485 -1.463 2.37238 1.02629 2.68864
-0.497612 1.83454 -1.46179 2.37244 1.02686 2.68631
-0.49738 1.83424 -1.46058 2.37249 1.02744 2.68398
-0.497148 1.83393 -1.45936 2.37254 1.02802 2.68165
-0.496916 1.83363 -1.45815 2.37259 1.0286 2.67932
-0.496684 1.83332 -1.45694 2.37264 1.02917 2.67698
-0.496452 1.83301 -1.45572 2.37269 1.02975 2.67465
-0.49622 1.83271 -1.45451 2.37275 1.03033 2.67232
-0.495988 1.8324 -1.4533 2.3728 1.03091 2.66999
-0.495756 1.8321 -1.45209 2.37285 1.03149 2.66766
-0.495524 1.83179 -1.45087 2.3729 1.03206 2.66533
-0.495292 1.83148 -1.44966 2.37295 1.03264 2.663
-0.49506 1.83118 -1.44845 2.373 1.03322 2.66067
-0.494827 1.83087 -1.44723 2.37306 1.0338 2.65834
-0.494595 1.83057 -1.44602 2.37311 1.03438 2.65601
-0.494363 1.83026 -1.44481 2.37316 1.03495 2.65368
-0.494131 1.82996 -1.4436 2.37321 1.03553 2.65134
-0.493899 1.82965 -1.44238 2.37326 1.03611 2.64901
-0.493667 1.82934 -1.44117 2.37331 1.03669 2.64668
-0.493435 1.82904 -1.43996 2.37336 1.03726 2.64435
-0.493203 1.82873 -1.43874 2.37342 1.03784 2.64202
-0.492971 1.82843 -1.43753 2.37347 1.03842 2.63969
-0.492739 1.82812 -1.43632 2.37352 1.039 2.63736
-0.492507 1.82781 -1.43511 2.37357 1.03958 2.63503
-0.492275 1.82751 -1.43389 2.37362 1.04015 2.6327
-0.492043 1.8272 -1.43268 2.37367 1.04073 2.63037
-0.491811 1.8269 -1.43147 2.37373 1.04131 2.62804
-0.491579 1.82659 -1.43025 2.37378 1.04189 2.6257
-0.491347 1.82629 -1.42904 2.37383 1.04246 2.62337
-0.491115 1.82598 -1.42783 2.37388 1.04304 2.62104
-0.490883 1.82567 -1.42662 2.37393 1.04362 2.61871
-0.490651 1.82537 -1.4254 2.37398 1.0442 2.61638
-0.490419 1.82506 -1.42419 2.37404 1.04478 2.61405
-0.490187 1.82476 -1.42298 2.37409 1.04535 2.61172
-0.489955 1.82445 -1.42176 2.37414 1.04593 2.60939
-0.489722 1.82414 -1.42055 2.37419 1.04651 2.60706
-0.48949 1.82384 -1.41934 2.37424 1.04709 2.60473
-0.489258 1.82353 -1.41813 2.37429 1.04766 2.6024
-0.489026 1.82323 -1.41691 2.37434 1.04824 2.60006
-0.488794 1.82292 -1.4157 2.3744 1.04882 2.59773
-0.488562 1.82262 -1.41449 2.37445 1.0494 2.5954
-0.48833 1.82231 -1.41327 2.3745 1.04998 2.59307
-0.488098 1.822 -1.41206 2.37455 1.05055 2.59074
-0.487866 1.8217 -1.41085 2.3746 1.05113 2.58841
-0.487634 1.82139 -1.40964 2.37465 1.05171 2.58608
-0.487402 1.82109 -1.40842 2.37471 1.05229 2.58375
-0.48717 1.82078 -1.40721 2.37476 1.05287 2.58142
-0.486938 1.82047 -1.406 2.37481 1.05344 2.57909
-0.486706 1.82017 -1.40478 2.37486 1.05402 2.57676
-0.486474 1.81986 -1.40357 2.37491 1.0546 2.57443
-0.486242 1.81956 -1.40236 2.37496 1.05518 2.57209
-0.48601 1.81925 -1.40115 2.37502 1.05575 2.56976
-0.485778 1.81895 -1.39993 2.37507 1.05633 2.56743
-0.485546 1.81864 -1.39872 2.37512 1.05691 2.5651
-0.485314 1.81833 -1.39751 2.37517 1.05749 2.56277
-0.485082 1.81803 -1.39629 2.37522 1.05807 2.56044
-0.48485 1.81772 -1.39508 2.37527 1.05864 2.55811
-0.484617 1.81742 -1.39387 2.37532 1.05922 2.55578
-0.484385 1.81711 -1.39266 2.37538 1.0598 2.55345
-0.484153 1.8168 -1.39144 2.37543 1.06038 2.55112
-0.483921 1.8165 -1.39023 2.37548 1.06095 2.54879
-0.483689 1.81619 -1.38902 2.37553 1.06153 2.54645
-0.483457 1.81589 -1.3878 2.37558 1.06211 2.54412
-0.483225 1.81558 -1.38659 2.37563 1.06269 2.54179
-0.482993 1.81528 -1.38538 2.37569 1.06327 2.53946
-0.482761 1.81497 -1.38417 2.37574 1.06384 2.53713
-0.482529 1.81466 -1.38295 2.37579 1.06442 2.5348
-0.482297 1.81436 -1.38174 2.37584 1.065 2.53247
-0.482065 1.81405 -1.38053 2.37589 1.06558 2.53014
-0.481833 1.81375 -1.37931 2.37594 1.06615 2.52781
-0.481601 1.81344 -1.3781 2.376 1.06673 2.52548
-0.481369 1.81313 -1.37689 2.37605 1.06731 2.52315
-0.481137 1.81283 -1.37568 2.3761 1.06789 2.52081
-0.480905 1.81252 -1.37446 2.37615 1.06847 2.51848
-0.480673 1.81222 -1.37325 2.3762 1.06904 2.51615
-0.480441 1.81191 -1.37204 2.37625 1.06962 2.51382
-0.480209 1.8116 -1.37082 2.3763 1.0702 2.51149
-0.479977 1.8113 -1.36961 2.37636 1.07078 2.50916
-0.479745 1.81099 -1.3684 2.37641 1.07136 2.50683
-0.479512 1.81069 -1.36719 2.37646 1.07193 2.5045
-0.47928 1.81038 -1.36597 2.37651 1.07251 2.50217
-0.479048 1.81008 -1.36476 2.37656 1.07309 2.49984
-0.478816 1.80977 -1.36355 2.37661 1.07367 2.49751
-0.478584 1.80946 -1.36234 2.37667 1.07424 2.49517
-0.478352 1.80916 -1.36112 2.37672 1.07482 2.49284
-0.47812 1.80885 -1.35991 2.37677 1.0754 2.49051
-0.477888 1.80855 -1.3587 2.37682 1.07598 2.48818
-0.477656 1.80824 -1.35748 2.37687 1.07656 2.48585
-0.477424 1.80793 -1.35627 2.37692 1.07713 2.48352
-0.477192 1.80763 -1.35506 2.37698 1.07771 2.48119
-0.47696 1.80732 -1.35385 2.37703 1.07829 2.47886
-0.476728 1.80702 -1.35263 2.37708 1.07887 2.47653
-0.476496 1.80671 -1.35142 2.37713 1.07944 2.4742
-0.476264 1.80641 -1.35021 2.37718 1.08002 2.47187
-0.476032 1.8061 -1.34899 2.37723 1.0806 2.46953
-0.4758 1.80579 -1.34778 2.37728 1.08118 2.4672
-0.475568 1.80549 -1.34657 2.37734 1.08176 2.46487
-0.475336 1.80518 -1.34536 2.37739 1.08233 2.46254
-0.475104 1.80488 -1.34414 2.37744 1.08291 2.46021
-0.474872 1.80457 -1.34293 2.37749 1.08349 2.45788
-0.47464 1.80426 -1.34172 2.37754 1.08407 2.45555
-0.474407 1.80396 -1.3405 2.37759 1.08465 2.45322
-0.474175 1.80365 -1.33929 2.37765 1.08522 2.45089
-0.473943 1.80335 -1.33808 2.3777 1.0858 2.44856
-0.473711 1.80304 -1.33687 2.37775 1.08638 2.44623
-0.473479 1.80274 -1.33565 2.3778 1.08696 2.4439
-0.473247 1.80243 -1.33444 2.37785 1.08753 2.44156
-0.473015 1.80212 -1.33323 2.3779 1.08811 2.43923
-0.472783 1.80182 -1.33201 2.37796 1.08869 2.4369
-0.472551 1.80151 -1.3308 2.37801 1.08927 2.43457
-0.472319 1.80121 -1.32959 2.37806 1.08985 2.43224
-0.472087 1.8009 -1.32838 2.37811 1.09042 2.42991
-0.471855 1.80059 -1.32716 2.37816 1.091 2.42758
-0.471623 1.80029 -1.32595 2.37821 1.09158 2.42525
-0.471391 1.79998 -1.32474 2.37826 1.09216 2.42292
-0.471159 1.79968 -1.32352 2.37832 1.09273 2.42059
-0.470927 1.79937 -1.32231 2.37837 1.09331 2.41826
-0.470695 1.79907 -1.3211 2.37842 1.09389 2.41592
-0.470463 1.79876 -1.31989 2.37847 1.09447 2.41359
-0.470231 1.79845 -1.31867 2.37852 1.09505 2.41126
-0.469999 1.79815 -1.31746 2.37857 1.09562 2.40893
-0.469767 1.79784 -1.31625 2.37863 1.0962 2.4066
-0.469535 1.79754 -1.31503 2.37868 1.09678 2.40427
-0.469302 1.79723 -1.31382 2.37873 1.09736 2.40194
-0.46907 1.79692 -1.31261 2.37878 1.09793 2.39961
-0.468838 1.79662 -1.3114 2.37883 1.09851 2.39728
-0.468606 1.79631 -1.31018 2.37888 1.09909 2.39495
-0.468374 1.79601 -1.30897 2.37894 1.09967 2.39262
-0.468142 1.7957 -1.30776 2.37899 1.10025 2.39028
-0.46791 1.7954 -1.30654 2.37904 1.10082 2.38795
-0.467678 1.79509 -1.30533 2.37909 1.1014 2.38562
-0.467446 1.79478 -1.30412 2.37914 1.10198 2.38329
-0.467214 1.79448 -1.30291 2.37919 1.10256 2.38096
-0.466982 1.79417 -1.30169 2.37925 1.10314 2.37863
-0.46675 1.79387 -1.30048 2.3793 1.10371 2.3763
-0.466518 1.79356 -1.29927 2.37935 1.10429 2.37397
-0.466286 1.79325 -1.29805 2.3794 1.10487 2.37164
-0.466054 1.79295 -1.29684 2.37945 1.10545 2.36931
-0.465822 1.79264 -1.29563 2.3795 1.10602 2.36698
-0.46559 1.79234 -1.29442 2.37955 1.1066 2.36464
-0.465358 1.79203 -1.2932 2.37961 1.10718 2.36231
-0.465126 1.79173 -1.29199 2.37966 1.10776 2.35998
-0.464894 1.79142 -1.29078 2.37971 1.10834 2.35765
-0.464662 1.79111 -1.28956 2.37976 1.10891 2.35532
-0.46443 1.79081 -1.28835 2.37981 1.10949 2.35299
-0.464197 1.7905 -1.28714 2.37986 1.11007 2.35066
-0.463965 1.7902 -1.28593 2.37992 1.11065 2.34833
-0.463733 1.78989 -1.28471 2.37997 1.11122 2.346
-0.463501 1.78958 -1.2835 2.38002 1.1118 2.34367
-0.463269 1.78928 -1.28229 2.38007 1.11238 2.34134
-0.463037 1.78897 -1.28107 2.38012 1.11296 2.33901
-0.462805 1.78867 -1.27986 2.38017 1.11354 2.33667
-0.462573 1.78836 -1.27865 2.38023 1.11411 2.33434
-0.462341 1.78806 -1.27744 2.38028 1.11469 2.33201
-0.462109 1.78775 -1.27622 2.38033 1.11527 2.32968
-0.461877 1.78744 -1.27501 2.38038 1.11585 2.32735
-0.461645 1.78714 -1.2738 2.38043 1.11643 2.32502
-0.461413 1.78683 -1.27258 2.38048 1.117 2.32269
-0.461181 1.78653 -1.27137 2.38053 1.11758 2.32036
-0.460949 1.78622 -1.27016 2.38059 1.11816 2.31803
-0.460717 1.78591 -1.26895 2.38064 1.11874 2.3157
-0.460485 1.78561 -1.26773 2.38069 1.11931 2.31337
-0.460253 1.7853 -1.26652 2.38074 1.11989 2.31103
-0.460021 1.785 -1.26531 2.38079 1.12047 2.3087
-0.459789 1.78469 -1.2641 2.38084 1.12105 2.30637
-0.459557 1.78439 -1.26288 2.3809 1.12163 2.30404
-0.459325 1.78408 -1.26167 2.38095 1.1222 2.30171
-0.459092 1.78377 -1.26046 2.381 1.12278 2.29938
-0.45886 1.78347 -1.25924 2.38105 1.12336 2.29705
-0.458628 1.78316 -1.25803 2.3811 1.12394 2.29472
-0.458396 1.78286 -1.25682 2.38115 1.12451 2.29239
-0.458164 1.78255 -1.25561 2.38121 1.12509 2.29006
-0.457932 1.78224 -1.25439 2.38126 1.12567 2.28773
-0.4577 1.78194 -1.25318 2.38131 1.12625 2.28539
-0.457468 1.78163 -1.25197 2.38136 1.12683 2.28306
-0.457236 1.78133 -1.25075 2.38141 1.1274 2.28073
-0.457004 1.78102 -1.24954 2.38146 1.12798 2.2784
-0.456772 1.78072 -1.24833 2.38151 1.12856 2.27607
-0.45654 1.78041 -1.24712 2.38157 1.12914 2.27374
-0.456308 1.7801 -1.2459 2.38162 1.12971 2.27141
-0.456076 1.7798 -1.24469 2.38167 1.13029 2.26908
-0.455844 1.77949 -1.24348 2.38172 1.13087 2.26675
-0.455612 1.77919 -1.24226 2.38177 1.13145 2.26442
-0.45538 1.77888 -1.24105 2.38182 1.13203 2.26209
-0.455148 1.77857 -1.23984 2.38188 1.1326 2.25975
-0.454916 1.77827 -1.23863 2.38193 1.13318 2.25742
-0.454684 1.77796 -1.23741 2.38198 1.13376 2.25509
-0.454452 1.77766 -1.2362 2.38203 1.13434 2.25276
-0.45422 1.77735 -1.23499 2.38208 1.13492 2.25043
-0.453987 1.77705 -1.23377 2.38213 1.13549 2.2481
-0.453755 1.77674 -1.23256 2.38219 1.13607 2.24577
-0.453523 1.77643 -1.23135 2.38224 1.13665 2.24344
-0.453291 1.77613 -1.23014 2.38229 1.13723 2.24111
-0.453059 1.77582 -1.22892 2.38234 1.1378 2.23878
-0.452827 1.77552 -1.22771 2.38239 1.13838 2.23645
-0.452595 1.77521 -1.2265 2.38244 1.13896 2.23411
-0.452363 1.7749 -1.22528 2.38249 1.13954 2.23178
-0.452131 1.7746 -1.22407 2.38255 1.14012 2.22945
-0.451899 1.77429 -1.22286 2.3826 1.14069 2.22712
-0.451667 1.77399 -1.22165 2.38265 1.14127 2.22479
-0.451435 1.77368 -1.22043 2.3827 1.14185 2.22246
-0.451203 1.77338 -1.21922 2.38275 1.14243 2.22013
-0.450971 1.77307 -1.21801 2.3828 1.143 2.2178
-0.450739 1.77276 -1.21679 2.38286 1.14358 2.21547
-0.450507 1.77246 -1.21558 2.38291 1.14416 2.21314
-0.450275 1.77215 -1.21437 2.38296 1.14474 2.21081
-0.450043 1.77185 -1.21316 2.38301 1.14532 2.20848
-0.449811 1.77154 -1.21194 2.38306 1.14589 2.20614
-0.449579 1.77123 -1.21073 2.38311 1.14647 2.20381
-0.449347 1.77093 -1.20952 2.38317 1.14705 2.20148
-0.449115 1.77062 -1.2083 2.38322 1.14763 2.19915
-0.448882 1.77032 -1.20709 2.38327 1.1482 2.19682
-0.44865 1.77001 -1.20588 2.38332 1.14878 2.19449
-0.448418 1.76971 -1.20467 2.38337 1.14936 2.19216
-0.448186 1.7694 -1.20345 2.38342 1.14994 2.18983
-0.447954 1.76909 -1.20224 2.38347 1.15052 2.1875
-0.447722 1.76879 -1.20103 2.38353 1.15109 2.18517
-0.44749 1.76848 -1.19981 2.38358 1.15167 2.18284
-0.447258 1.76818 -1.1986 2.38363 1.15225 2.1805
-0.447026 1.76787 -1.19739 2.38368 1.15283 2.17817
-0.446794 1.76756 -1.19618 2.38373 1.15341 2.17584
-0.446562 1.76726 -1.19496 2.38378 1.15398 2.17351
-0.44633 1.76695 -1.19375 2.38384 1.15456 2.17118
-0.446098 1.76665 -1.19254 2.38389 1.15514 2.16885
-0.445866 1.76634 -1.19132 2.38394 1.15572 2.16652
-0.445634 1.76604 -1.19011 2.38399 1.15629 2.16419
-0.445402 1.76573 -1.1889 2.38404 1.15687 2.16186
-0.44517 1.76542 -1.18769 2.38409 1.15745 2.15953
-0.444938 1.76512 -1.18647 2.38415 1.15803 2.1572
-0.444706 1.76481 -1.18526 2.3842 1.15861 2.15486
-0.444474 1.76451 -1.18405 2.38425 1.15918 2.15253
-0.444242 1.7642 -1.18283 2.3843 1.15976 2.1502
-0.44401 1.76389 -1.18162 2.38435 1.16034 2.14787
-0.443777 1.76359 -1.18041 2.3844 1.16092 2.14554
-0.443545 1.76328 -1.1792 2.38445 1.16149 2.14321
-0.443313 1.76298 -1.17798 2.38451 1.16207 2.14088
-0.443081 1.76267 -1.17677 2.38456 1.16265 2.13855
-0.442849 1.76237 -1.17556 2.38461 1.16323 2.13622
-0.442617 1.76206 -1.17434 2.38466 1.16381 2.13389
-0.442385 1.76175 -1.17313 2.38471 1.16438 2.13156
-0.442153 1.76145 -1.17192 2.38476 1.16496 2.12922
-0.441921 1.76114 -1.17071 2.38482 1.16554 2.12689
-0.441689 1.76084 -1.16949 2.38487 1.16612 2.12456
-0.441457 1.76053 -1.16828 2.38492 1.1667 2.12223
-0.441225 1.76022 -1.16707 2.38497 1.16727 2.1199
-0.440993 1.75992 -1.16586 2.38502 1.16785 2.11757
-0.440761 1.75961 -1.16464 2.38507 1.16843 2.11524
-0.440529 1.75931 -1.16343 2.38513 1.16901 2.11291
-0.440297 1.759 -1.16222 2.38518 1.16958 2.11058
-0.440065 1.7587 -1.161 2.38523 1.17016 2.10825
-0.439833 1.75839 -1.15979 2.38528 1.17074 2.10592
-0.439601 1.75808 -1.15858 2.38533 1.17132 2.10359
-0.439369 1.75778 -1.15737 2.38538 1.1719 2.10125
-0.439137 1.75747 -1.15615 2.38544 1.17247 2.09892
-0.438905 1.75717 -1.15494 2.38549 1.17305 2.09659
-0.438672 1.75686 -1.15373 2.38554 1.17363 2.09426
-0.43844 1.75655 -1.15251 2.38559 1.17421 2.09193
-0.438208 1.75625 -1.1513 2.38564 1.17478 2.0896
-0.437976 1.75594 -1.15009 2.38569 1.17536 2.08727
-0.437744 1.75564 -1.14888 2.38574 1.17594 2.08494
-0.437512 1.75533 -1.14766 2.3858 1.17652 2.08261
-0.43728 1.75503 -1.14645 2.38585 1.1771 2.08028
-0.437048 1.75472 -1.14524 2.3859 1.17767 2.07795
-0.436816 1.75441 -1.14402 2.38595 1.17825 2.07561
-0.436584 1.75411 -1.14281 2.386 1.17883 2.07328
-0.436352 1.7538 -1.1416 2.38605 1.17941 2.07095
-0.43612 1.7535 -1.14039 2.38611 1.17998 2.06862
-0.435888 1.75319 -1.13917 2.38616 1.18056 2.06629
-0.435656 1.75288 -1.13796 2.38621 1.18114 2.06396
-0.435424 1.75258 -1.13675 2.38626 1.18172 2.06163
-0.435192 1.75227 -1.13553 2.38631 1.1823 2.0593
-0.43496 1.75197 -1.13432 2.38636 1.18287 2.05697
-0.434728 1.75166 -1.13311 2.38642 1.18345 2.05464
-0.434496 1.75136 -1.1319 2.38647 1.18403 2.05231
-0.434264 1.75105 -1.13068 2.38652 1.18461 2.04997
-0.434032 1.75074 -1.12947 2.38657 1.18519 2.04764
-0.4338 1.75044 -1.12826 2.38662 1.18576 2.04531
-0.433567 1.75013 -1.12704 2.38667 1.18634 2.04298
-0.433335 1.74983 -1.12583 2.38672 1.18692 2.04065
-0.433103 1.74952 -1.12462 2.38678 1.1875 2.03832
-0.432871 1.74921 -1.12341 2.38683 1.18807 2.03599
-0.432639 1.74891 -1.12219 2.38688 1.18865 2.03366
-0.432407 1.7486 -1.12098 2.38693 1.18923 2.03133
-0.432175 1.7483 -1.11977 2.38698 1.18981 2.029
-0.431943 1.74799 -1.11855 2.38703 1.19039 2.02667
-0.431711 1.74769 -1.11734 2.38709 1.19096 2.02433
-0.431479 1.74738 -1.11613 2.38714 1.19154 2.022
-0.431247 1.74707 -1.11492 2.38719 1.19212 2.01967
-0.431015 1.74677 -1.1137 2.38724 1.1927 2.01734
-0.430783 1.74646 -1.11249 2.38729 1.19327 2.01501
-0.430551 1.74616 -1.11128 2.38734 1.19385 2.01268
-0.430319 1.74585 -1.11006 2.3874 1.19443 2.01035
-0.430087 1.74554 -1.10885 2.38745 1.19501 2.00802
-0.429855 1.74524 -1.10764 2.3875 1.19559 2.00569
-0.429623 1.74493 -1.10643 2.38755 1.19616 2.00336
-0.429391 1.74463 -1.10521 2.3876 1.19674 2.00103
-0.429159 1.74432 -1.104 2.38765 1.19732 1.99869
-0.428927 1.74402 -1.10279 2.3877 1.1979 1.99636
-0.428695 1.74371 -1.10157 2.38776 1.19848 1.99403
-0.428462 1.7434 -1.10036 2.38781 1.19905 1.9917
-0.42823 1.7431 -1.09915 2.38786 1.19963 1.98937
-0.427998 1.74279 -1.09794 2.38791 1.20021 1.98704
-0.427766 1.74249 -1.09672 2.38796 1.20079 1.98471
-0.427534 1.74218 -1.09551 2.38801 1.20136 1.98238
-0.427302 1.74187 -1.0943 2.38807 1.20194 1.98005
-0.42707 1.74157 -1.09308 2.38812 1.20252 1.97772
-0.426838 1.74126 -1.09187 2.38817 1.2031 1.97539
-0.426606 1.74096 -1.09066 2.38822 1.20368 1.97306
-0.426374 1.74065 -1.08945 2.38827 1.20425 1.97072
-0.426142 1.74035 -1.08823 2.38832 1.20483 1.96839
-0.42591 1.74004 -1.08702 2.38838 1.20541 1.96606
-0.425678 1.73973 -1.08581 2.38843 1.20599 1.96373
-0.425446 1.73943 -1.08459 2.38848 1.20656 1.9614
-0.425214 1.73912 -1.08338 2.38853 1.20714 1.95907
-0.424982 1.73882 -1.08217 2.38858 1.20772 1.95674
-0.42475 1.73851 -1.08096 2.38863 1.2083 1.95441
-0.424518 1.7382 -1.07974 2.38868 1.20888 1.95208
-0.424286 1.7379 -1.07853 2.38874 1.20945 1.94975
-0.424054 1.73759 -1.07732 2.38879 1.21003 1.94742
-0.423822 1.73729 -1.0761 2.38884 1.21061 1.94508
-0.42359 1.73698 -1.07489 2.38889 1.21119 1.94275
-0.423357 1.73668 -1.07368 2.38894 1.21176 1.94042
-0.423125 1.73637 -1.07247 2.38899 1.21234 1.93809
-0.422893 1.73606 -1.07125 2.38905 1.21292 1.93576
-0.422661 1.73576 -1.07004 2.3891 1.2135 1.93343
-0.422429 1.73545 -1.06883 2.38915 1.21408 1.9311
-0.422197 1.73515 -1.06761 2.3892 1.21465 1.92877
-0.421965 1.73484 -1.0664 2.38925 1.21523 1.92644
-0.421733 1.73453 -1.06519 2.3893 1.21581 1.92411
-0.421501 1.73423 -1.06398 2.38936 1.21639 1.92178
-0.421269 1.73392 -1.06276 2.38941 1.21697 1.91944
-0.421037 1.73362 -1.06155 2.38946 1.21754 1.91711
-0.420805 1.73331 -1.06034 2.38951 1.21812 1.91478
-0.420573 1.733 -1.05913 2.38956 1.2187 1.91245
-0.420341 1.7327 -1.05791 2.38961 1.21928 1.91012
-0.420109 1.73239 -1.0567 2.38966 1.21985 1.90779
-0.419877 1.73209 -1.05549 2.38972 1.22043 1.90546
-0.419645 1.73178 -1.05427 2.38977 1.22101 1.90313
-0.419413 1.73148 -1.05306 2.38982 1.22159 1.9008
-0.419181 1.73117 -1.05185 2.38987 1.22217 1.89847
-0.418949 1.73086 -1.05064 2.38992 1.22274 1.89614
-0.418717 1.73056 -1.04942 2.38997 1.22332 1.8938
-0.418485 1.73025 -1.04821 2.39003 1.2239 1.89147
-0.418252 1.72995 -1.047 2.39008 1.22448 1.88914
-0.41802 1.72964 -1.04578 2.39013 1.22505 1.88681
-0.417788 1.72933 -1.04457 2.39018 1.22563 1.88448
-0.417556 1.72903 -1.04336 2.39023 1.22621 1.88215
-0.417324 1.72872 -1.04215 2.39028 1.22679 1.87982
-0.417092 1.72842 -1.04093 2.39034 1.22737 1.87749
-0.41686 1.72811 -1.03972 2.39039 1.22794 1.87516
-0.416628 1.72781 -1.03851 2.39044 1.22852 1.87283
-0.416396 1.7275 -1.03729 2.39049 1.2291 1.8705
-0.416164 1.72719 -1.03608 2.39054 1.22968 1.86817
-0.415932 1.72689 -1.03487 2.39059 1.23026 1.86583
-0.4157 1.72658 -1.03366 2.39064 1.23083 1.8635
-0.415468 1.72628 -1.03244 2.3907 1.23141 1.86117
-0.415236 1.72597 -1.03123 2.39075 1.23199 1.85884
-0.415004 1.72566 -1.03002 2.3908 1.23257 1.85651
-0.414772 1.72536 -1.0288 2.39085 1.23314 1.85418
-0.41454 1.72505 -1.02759 2.3909 1.23372 1.85185
-0.414308 1.72475 -1.02638 2.39095 1.2343 1.84952
-0.414076 1.72444 -1.02517 2.39101 1.23488 1.84719
-0.413844 1.72414 -1.02395 2.39106 1.23546 1.84486
-0.413612 1.72383 -1.02274 2.39111 1.23603 1.84253
-0.41338 1.72352 -1.02153 2.39116 1.23661 1.84019
-0.413147 1.72322 -1.02031 2.39121 1.23719 1.83786
-0.412915 1.72291 -1.0191 2.39126 1.23777 1.83553
-0.412683 1.72261 -1.01789 2.39132 1.23834 1.8332
-0.412451 1.7223 -1.01668 2.39137 1.23892 1.83087
-0.412219 1.72199 -1.01546 2.39142 1.2395 1.82854
-0.411987 1.72169 -1.01425 2.39147 1.24008 1.82621
-0.411755 1.72138 -1.01304 2.39152 1.24066 1.82388
-0.411523 1.72108 -1.01182 2.39157 1.24123 1.82155
-0.411291 1.72077 -1.01061 2.39162 1.24181 1.81922
-0.411059 1.72047 -1.0094 2.39168 1.24239 1.81689
-0.410827 1.72016 -1.00819 2.39173 1.24297 1.81455
-0.410595 1.71985 -1.00697 2.39178 1.24354 1.81222
-0.410363 1.71955 -1.00576 2.39183 1.24412 1.80989
-0.410131 1.71924 -1.00455 2.39188 1.2447 1.80756
-0.409899 1.71894 -1.00333 2.39193 1.24528 1.80523
-0.409667 1.71863 -1.00212 2.39199 1.24586 1.8029
-0.409435 1.71832 -1.00091 2.39204 1.24643 1.80057
-0.409203 1.71802 -0.999696 2.39209 1.24701 1.79824
-0.408971 1.71771 -0.998483 2.39214 1.24759 1.79591
-0.408739 1.71741 -0.99727 2.39219 1.24817 1.79358
-0.408507 1.7171 -0.996057 2.39224 1.24875 1.79125
-0.408275 1.7168 -0.994845 2.3923 1.24932 1.78891
-0.408042 1.71649 -0.993632 2.39235 1.2499 1.78658
-0.40781 1.71618 -0.992419 2.3924 1.25048 1.78425
-0.407578 1.71588 -0.991206 2.39245 1.25106 1.78192
-0.407346 1.71557 -0.989993 2.3925 1.25163 1.77959
-0.407114 1.71527 -0.98878 2.39255 1.25221 1.77726
-0.406882 1.71496 -0.987568 2.39261 1.25279 1.77493
-0.40665 1.71465 -0.986355 2.39266 1.25337 1.7726
-0.406418 1.71435 -0.985142 2.39271 1.25395 1.77027
-0.406186 1.71404 -0.983929 2.39276 1.25452 1.76794
-0.405954 1.71374 -0.982716 2.39281 1.2551 1.76561
-0.405722 1.71343 -0.981503 2.39286 1.25568 1.76327
-0.40549 1.71313 -0.980291 2.39291 1.25626 1.76094
-0.405258 1.71282 -0.979078 2.39297 1.25683 1.75861
-0.405026 1.71251 -0.977865 2.39302 1.25741 1.75628
-0.404794 1.71221 -0.976652 2.39307 1.25799 1.75395
-0.404562 1.7119 -0.975439 2.39312 1.25857 1.75162
-0.40433 1.7116 -0.974226 2.39317 1.25915 1.74929
-0.404098 1.71129 -0.973013 2.39322 1.25972 1.74696
-0.403866 1.71098 -0.971801 2.39328 1.2603 1.74463
-0.403634 1.71068 -0.970588 2.39333 1.26088 1.7423
-0.403402 1.71037 -0.969375 2.39338 1.26146 1.73997
-0.40317 1.71007 -0.968162 2.39343 1.26203 1.73764
-0.402937 1.70976 -0.966949 2.39348 1.26261 1.7353
-0.402705 1.70946 -0.965736 2.39353 1.26319 1.73297
-0.402473 1.70915 -0.964524 2.39359 1.26377 1.73064
-0.402241 1.70884 -0.963311 2.39364 1.26435 1.72831
-0.402009 1.70854 -0.962098 2.39369 1.26492 1.72598
-0.401777 1.70823 -0.960885 2.39374 1.2655 1.72365
-0.401545 1.70793 -0.959672 2.39379 1.26608 1.72132
-0.401313 1.70762 -0.958459 2.39384 1.26666 1.71899
-0.401081 1.70731 -0.957247 2.39389 1.26724 1.71666
-0.400849 1.70701 -0.956034 2.39395 1.26781 1.71433
-0.400617 1.7067 -0.954821 2.394 1.26839 1.712
-0.400385 1.7064 -0.953608 2.39405 1.26897 1.70966
-0.400153 1.70609 -0.952395 2.3941 1.26955 1.70733
-0.399921 1.70579 -0.951182 2.39415 1.27012 1.705
-0.399689 1.70548 -0.94997 2.3942 1.2707 1.70267
-0.399457 1.70517 -0.948757 2.39426 1.27128 1.70034
-0.399225 1.70487 -0.947544 2.39431 1.27186 1.69801
-0.398993 1.70456 -0.946331 2.39436 1.27244 1.69568
-0.398761 1.70426 -0.945118 2.39441 1.27301 1.69335
-0.398529 1.70395 -0.943905 2.39446 1.27359 1.69102
-0.398297 1.70364 -0.942692 2.39451 1.27417 1.68869
-0.398065 1.70334 -0.94148 2.39457 1.27475 1.68636
-0.397832 1.70303 -0.940267 2.39462 1.27532 1.68402
-0.3976 1.70273 -0.939054 2.39467 1.2759 1.68169
-0.397368 1.70242 -0.937841 2.39472 1.27648 1.67936
-0.397136 1.70212 -0.936628 2.39477 1.27706 1.67703
-0.396904 1.70181 -0.935415 2.39482 1.27764 1.6747
-0.396672 1.7015 -0.934203 2.39487 1.27821 1.67237
-0.39644 1.7012 -0.93299 2.39493 1.27879 1.67004
-0.396208 1.70089 -0.931777 2.39498 1.27937 1.66771
-0.395976 1.70059 -0.930564 2.39503 1.27995 1.66538
-0.395744 1.70028 -0.929351 2.39508 1.28053 1.66305
-0.395512 1.69997 -0.928138 2.39513 1.2811 1.66072
-0.39528 1.69967 -0.926926 2.39518 1.28168 1.65838
-0.395048 1.69936 -0.925713 2.39524 1.28226 1.65605
-0.394816 1.69906 -0.9245 2.39529 1.28284 1.65372
-0.394584 1.69875 -0.923287 2.39534 1.28341 1.65139
-0.394352 1.69845 -0.922074 2.39539 1.28399 1.64906
-0.39412 1.69814 -0.920861 2.39544 1.28457 1.64673
-0.393888 1.69783 -0.919649 2.39549 1.28515 1.6444
-0.393656 1.69753 -0.918436 2.39555 1.28573 1.64207
-0.393424 1.69722 -0.917223 2.3956 1.2863 1.63974
-0.393192 1.69692 -0.91601 2.39565 1.28688 1.63741
-0.39296 1.69661 -0.914797 2.3957 1.28746 1.63508
-0.392727 1.6963 -0.913584 2.39575 1.28804 1.63275
-0.392495 1.696 -0.912371 2.3958 1.28861 1.63041
-0.392263 1.69569 -0.911159 2.39585 1.28919 1.62808
-0.392031 1.69539 -0.909946 2.39591 1.28977 1.62575
-0.391799 1.69508 -0.908733 2.39596 1.29035 1.62342
-0.391567 1.69478 -0.90752 2.39601 1.29093 1.62109
-0.391335 1.69447 -0.906307 2.39606 1.2915 1.61876
-0.391103 1.69416 -0.905094 2.39611 1.29208 1.61643
-0.390871 1.69386 -0.903882 2.39616 1.29266 1.6141
-0.390639 1.69355 -0.902669 2.39622 1.29324 1.61177
-0.390407 1.69325 -0.901456 2.39627 1.29381 1.60944
-0.390175 1.69294 -0.900243 2.39632 1.29439 1.60711
-0.389943 1.69263 -0.89903 2.39637 1.29497 1.60477
-0.389711 1.69233 -0.897817 2.39642 1.29555 1.60244
-0.389479 1.69202 -0.896605 2.39647 1.29613 1.60011
-0.389247 1.69172 -0.895392 2.39653 1.2967 1.59778
-0.389015 1.69141 -0.894179 2.39658 1.29728 1.59545
-0.388783 1.69111 -0.892966 2.39663 1.29786 1.59312
-0.388551 1.6908 -0.891753 2.39668 1.29844 1.59079
-0.388319 1.69049 -0.89054 2.39673 1.29902 1.58846
-0.388087 1.69019 -0.889328 2.39678 1.29959 1.58613
-0.387855 1.68988 -0.888115 2.39683 1.30017 1.5838
-0.387622 1.68958 -0.886902 2.39689 1.30075 1.58147
-0.38739 1.68927 -0.885689 2.39694 1.30133 1.57913
-0.387158 1.68896 -0.884476 2.39699 1.3019 1.5768
-0.386926 1.68866 -0.883263 2.39704 1.30248 1.57447
-0.386694 1.68835 -0.88205 2.39709 1.30306 1.57214
-0.386462 1.68805 -0.880838 2.39714 1.30364 1.56981
-0.38623 1.68774 -0.879625 2.3972 1.30422 1.56748
-0.385998 1.68744 -0.878412 2.39725 1.30479 1.56515
-0.385766 1.68713 -0.877199 2.3973 1.30537 1.56282
-0.385534 1.68682 -0.875986 2.39735 1.30595 1.56049
-0.385302 1.68652 -0.874773 2.3974 1.30653 1.55816
-0.38507 1.68621 -0.873561 2.39745 1.3071 1.55583
-0.384838 1.68591 -0.872348 2.39751 1.30768 1.55349
-0.384606 1.6856 -0.871135 2.39756 1.30826 1.55116
-0.384374 1.68529 -0.869922 2.39761 1.30884 1.54883
-0.384142 1.68499 -0.868709 2.39766 1.30942 1.5465
-0.38391 1.68468 -0.867496 2.39771 1.30999 1.54417
-0.383678 1.68438 -0.866284 2.39776 1.31057 1.54184
-0.383446 1.68407 -0.865071 2.39781 1.31115 1.53951
-0.383214 1.68377 -0.863858 2.39787 1.31173 1.53718
-0.382982 1.68346 -0.862645 2.39792 1.31231 1.53485
-0.38275 1.68315 -0.861432 2.39797 1.31288 1.53252
-0.382517 1.68285 -0.860219 2.39802 1.31346 1.53019
-0.382285 1.68254 -0.859007 2.39807 1.31404 1.52785
-0.382053 1.68224 -0.857794 2.39812 1.31462 1.52552
-0.381821 1.68193 -0.856581 2.39818 1.31519 1.52319
-0.381589 1.68162 -0.855368 2.39823 1.31577 1.52086
-0.381357 1.68132 -0.854155 2.39828 1.31635 1.51853
-0.381125 1.68101 -0.852942 2.39833 1.31693 1.5162
-0.380893 1.68071 -0.85173 2.39838 1.31751 1.51387
-0.380661 1.6804 -0.850517 2.39843 1.31808 1.51154
-0.380429 1.6801 -0.849304 2.39849 1.31866 1.50921
-0.380197 1.67979 -0.848091 2.39854 1.31924 1.50688
-0.379965 1.67948 -0.846878 2.39859 1.31982 1.50455
-0.379733 1.67918 -0.845665 2.39864 1.32039 1.50222
-0.379501 1.67887 -0.844452 2.39869 1.32097 1.49988
-0.379269 1.67857 -0.84324 2.39874 1.32155 1.49755
-0.379037 1.67826 -0.842027 2.3988 1.32213 1.49522
-0.378805 1.67795 -0.840814 2.39885 1.32271 1.49289
-0.378573 1.67765 -0.839601 2.3989 1.32328 1.49056
-0.378341 1.67734 -0.838388 2.39895 1.32386 1.48823
-0.378109 1.67704 -0.837175 2.399 1.32444 1.4859
-0.377877 1.67673 -0.835963 2.39905 1.32502 1.48357
-0.377645 1.67643 -0.83475 2.3991 1.32559 1.48124
-0.377412 1.67612 -0.833537 2.39916 1.32617 1.47891
-0.37718 1.67581 -0.832324 2.39921 1.32675 1.47658
-0.376948 1.67551 -0.831111 2.39926 1.32733 1.47424
-0.376716 1.6752 -0.829898 2.39931 1.32791 1.47191
-0.376484 1.6749 -0.828686 2.39936 1.32848 1.46958
-0.376252 1.67459 -0.827473 2.39941 1.32906 1.46725
-0.37602 1.67428 -0.82626 2.39947 1.32964 1.46492
-0.375788 1.67398 -0.825047 2.39952 1.33022 1.46259
-0.375556 1.67367 -0.823834 2.39957 1.3308 1.46026
-0.375324 1.67337 -0.822621 2.39962 1.33137 1.45793
-0.375092 1.67306 -0.821409 2.39967 1.33195 1.4556
-0.37486 1.67276 -0.820196 2.39972 1.33253 1.45327
-0.374628 1.67245 -0.818983 2.39978 1.33311 1.45094
-0.374396 1.67214 -0.81777 2.39983 1.33368 1.4486
-0.374164 1.67184 -0.816557 2.39988 1.33426 1.44627
-0.373932 1.67153 -0.815344 2.39993 1.33484 1.44394
-0.3737 1.67123 -0.814131 2.39998 1.33542 1.44161
-0.373468 1.67092 -0.812919 2.40003 1.336 1.43928
-0.373236 1.67061 -0.811706 2.40008 1.33657 1.43695
-0.373004 1.67031 -0.810493 2.40014 1.33715 1.43462
-0.372772 1.67 -0.80928 2.40019 1.33773 1.43229
-0.37254 1.6697 -0.808067 2.40024 1.33831 1.42996
-0.372307 1.66939 -0.806854 2.40029 1.33888 1.42763
-0.372075 1.66909 -0.805642 2.40034 1.33946 1.4253
-0.371843 1.66878 -0.804429 2.40039 1.34004 1.42296
-0.371611 1.66847 -0.803216 2.40045 1.34062 1.42063
-0.371379 1.66817 -0.802003 2.4005 1.3412 1.4183
-0.371147 1.66786 -0.80079 2.40055 1.34177 1.41597
-0.370915 1.66756 -0.799577 2.4006 1.34235 1.41364
-0.370683 1.66725 -0.798365 2.40065 1.34293 1.41131
-0.370451 1.66694 -0.797152 2.4007 1.34351 1.40898
-0.370219 1.66664 -0.795939 2.40076 1.34408 1.40665
-0.369987 1.66633 -0.794726 2.40081 1.34466 1.40432
-0.369755 1.66603 -0.793513 2.40086 1.34524 1.40199
-0.369523 1.66572 -0.7923 2.40091 1.34582 1.39966
-0.369291 1.66542 -0.791088 2.40096 1.3464 1.39733
-0.369059 1.66511 -0.789875 2.40101 1.34697 1.39499
-0.368827 1.6648 -0.788662 2.40106 1.34755 1.39266
-0.368595 1.6645 -0.787449 2.40112 1.34813 1.39033
-0.368363 1.66419 -0.786236 2.40117 1.34871 1.388
-0.368131 1.66389 -0.785023 2.40122 1.34929 1.38567
-0.367899 1.66358 -0.78381 2.40127 1.34986 1.38334
-0.367667 1.66327 -0.782598 2.40132 1.35044 1.38101
-0.367435 1.66297 -0.781385 2.40137 1.35102 1.37868
-0.367202 1.66266 -0.780172 2.40143 1.3516 1.37635
-0.36697 1.66236 -0.778959 2.40148 1.35217 1.37402
-0.366738 1.66205 -0.777746 2.40153 1.35275 1.37169
-0.366506 1.66175 -0.776533 2.40158 1.35333 1.36935
-0.366274 1.66144 -0.775321 2.40163 1.35391 1.36702
-0.366042 1.66113 -0.774108 2.40168 1.35449 1.36469
-0.36581 1.66083 -0.772895 2.40174 1.35506 1.36236
-0.365578 1.66052 -0.771682 2.40179 1.35564 1.36003
-0.365346 1.66022 -0.770469 2.40184 1.35622 1.3577
-0.365114 1.65991 -0.769256 2.40189 1.3568 1.35537
-0.364882 1.6596 -0.768044 2.40194 1.35737 1.35304
-0.36465 1.6593 -0.766831 2.40199 1.35795 1.35071
-0.364418 1.65899 -0.765618 2.40204 1.35853 1.34838
-0.364186 1.65869 -0.764405 2.4021 1.35911 1.34605
-0.363954 1.65838 -0.763192 2.40215 1.35969 1.34371
-0.363722 1.65807 -0.761979 2.4022 1.36026 1.34138
-0.36349 1.65777 -0.760767 2.40225 1.36084 1.33905
-0.363258 1.65746 -0.759554 2.4023 1.36142 1.33672
-0.363026 1.65716 -0.758341 2.40235 1.362 1.33439
-0.362794 1.65685 -0.757128 2.40241 1.36258 1.33206
-0.362562 1.65655 -0.755915 2.40246 1.36315 1.32973
-0.36233 1.65624 -0.754702 2.40251 1.36373 1.3274
-0.362097 1.65593 -0.753489 2.40256 1.36431 1.32507
-0.361865 1.65563 -0.752277 2.40261 1.36489 1.32274
-0.361633 1.65532 -0.751064 2.40266 1.36546 1.32041
-0.361401 1.65502 -0.749851 2.40272 1.36604 1.31807
-0.361169 1.65471 -0.748638 2.40277 1.36662 1.31574
-0.360937 1.6544 -0.747425 2.40282 1.3672 1.31341
-0.360705 1.6541 -0.746212 2.40287 1.36778 1.31108
-0.360473 1.65379 -0.745 2.40292 1.36835 1.30875
-0.360241 1.65349 -0.743787 2.40297 1.36893 1.30642
-0.360009 1.65318 -0.742574 2.40302 1.36951 1.30409
-0.359777 1.65288 -0.741361 2.40308 1.37009 1.30176
-0.359545 1.65257 -0.740148 2.40313 1.37066 1.29943
-0.359313 1.65226 -0.738935 2.40318 1.37124 1.2971
-0.359081 1.65196 -0.737723 2.40323 1.37182 1.29477
-0.358849 1.65165 -0.73651 2.40328 1.3724 1.29243
-0.358617 1.65135 -0.735297 2.40333 1.37298 1.2901
-0.358385 1.65104 -0.734084 2.40339 1.37355 1.28777
-0.358153 1.65073 -0.732871 2.40344 1.37413 1.28544
-0.357921 1.65043 -0.731658 2.40349 1.37471 1.28311
-0.357689 1.65012 -0.730446 2.40354 1.37529 1.28078
-0.357457 1.64982 -0.729233 2.40359 1.37586 1.27845
-0.357225 1.64951 -0.72802 2.40364 1.37644 1.27612
-0.356992 1.64921 -0.726807 2.4037 1.37702 1.27379
-0.35676 1.6489 -0.725594 2.40375 1.3776 1.27146
-0.356528 1.64859 -0.724381 2.4038 1.37818 1.26913
-0.356296 1.64829 -0.723168 2.40385 1.37875 1.2668
-0.356064 1.64798 -0.721956 2.4039 1.37933 1.26446
-0.355832 1.64768 -0.720743 2.40395 1.37991 1.26213
-0.3556 1.64737 -0.71953 2.404 1.38049 1.2598
-0.355368 1.64706 -0.718317 2.40406 1.38107 1.25747
-0.355136 1.64676 -0.717104 2.40411 1.38164 1.25514
-0.354904 1.64645 -0.715891 2.40416 1.38222 1.25281
-0.354672 1.64615 -0.714679 2.40421 1.3828 1.25048
-0.35444 1.64584 -0.713466 2.40426 1.38338 1.24815
-0.354208 1.64554 -0.712253 2.40431 1.38395 1.24582
-0.353976 1.64523 -0.71104 2.40437 1.38453 1.24349
-0.353744 1.64492 -0.709827 2.40442 1.38511 1.24116
-0.353512 1.64462 -0.708614 2.40447 1.38569 1.23882
-0.35328 1.64431 -0.707402 2.40452 1.38627 1.23649
-0.353048 1.64401 -0.706189 2.40457 1.38684 1.23416
-0.352816 1.6437 -0.704976 2.40462 1.38742 1.23183
-0.352584 1.64339 -0.703763 2.40468 1.388 1.2295
-0.352352 1.64309 -0.70255 2.40473 1.38858 1.22717
-0.35212 1.64278 -0.701337 2.40478 1.38915 1.22484
-0.351887 1.64248 -0.700125 2.40483 1.38973 1.22251
-0.351655 1.64217 -0.698912 2.40488 1.39031 1.22018
-0.351423 1.64187 -0.697699 2.40493 1.39089 1.21785
-0.351191 1.64156 -0.696486 2.40499 1.39147 1.21552
-0.350959 1.64125 -0.695273 2.40504 1.39204 1.21318
-0.350727 1.64095 -0.69406 2.40509 1.39262 1.21085
-0.350495 1.64064 -0.692847 2.40514 1.3932 1.20852
-0.350263 1.64034 -0.691635 2.40519 1.39378 1.20619
-0.350031 1.64003 -0.690422 2.40524 1.39436 1.20386
-0.349799 1.63972 -0.689209 2.40529 1.39493 1.20153
-0.349567 1.63942 -0.687996 2.40535 1.39551 1.1992
-0.349335 1.63911 -0.686783 2.4054 1.39609 1.19687
-0.349103 1.63881 -0.68557 2.40545 1.39667 1.19454
-0.348871 1.6385 -0.684358 2.4055 1.39724 1.19221
-0.348639 1.6382 -0.683145 2.40555 1.39782 1.18988
-0.348407 1.63789 -0.681932 2.4056 1.3984 1.18754
-0.348175 1.63758 -0.680719 2.40566 1.39898 1.18521
-0.347943 1.63728 -0.679506 2.40571 1.39956 1.18288
-0.347711 1.63697 -0.678293 2.40576 1.40013 1.18055
-0.347479 1.63667 -0.677081 2.40581 1.40071 1.17822
-0.347247 1.63636 -0.675868 2.40586 1.40129 1.17589
-0.347015 1.63605 -0.674655 2.40591 1.40187 1.17356
-0.346782 1.63575 -0.673442 2.40597 1.40244 1.17123
-0.34655 1.63544 -0.672229 2.40602 1.40302 1.1689
-0.346318 1.63514 -0.671016 2.40607 1.4036 1.16657
-0.346086 1.63483 -0.669804 2.40612 1.40418 1.16424
-0.345854 1.63453 -0.668591 2.40617 1.40476 1.16191
-0.345622 1.63422 -0.667378 2.40622 1.40533 1.15957
-0.34539 1.63391 -0.666165 2.40627 1.40591 1.15724
-0.345158 1.63361 -0.664952 2.40633 1.40649 1.15491
-0.344926 1.6333 -0.663739 2.40638 1.40707 1.15258
-0.344694 1.633 -0.662526 2.40643 1.40764 1.15025
-0.344462 1.63269 -0.661314 2.40648 1.40822 1.14792
-0.34423 1.63238 -0.660101 2.40653 1.4088 1.14559
-0.343998 1.63208 -0.658888 2.40658 1.40938 1.14326
-0.343766 1.63177 -0.657675 2.40664 1.40996 1.14093
-0.343534 1.63147 -0.656462 2.40669 1.41053 1.1386
-0.343302 1.63116 -0.655249 2.40674 1.41111 1.13627
-0.34307 1.63086 -0.654037 2.40679 1.41169 1.13393
-0.342838 1.63055 -0.652824 2.40684 1.41227 1.1316
-0.342606 1.63024 -0.651611 2.40689 1.41285 1.12927
-0.342374 1.62994 -0.650398 2.40695 1.41342 1.12694
-0.342142 1.62963 -0.649185 2.407 1.414 1.12461
-0.34191 1.62933 -0.647972 2.40705 1.41458 1.12228
-0.341677 1.62902 -0.64676 2.4071 1.41516 1.11995
-0.341445 1.62871 -0.645547 2.40715 1.41573 1.11762
-0.341213 1.62841 -0.644334 2.4072 1.41631 1.11529
-0.340981 1.6281 -0.643121 2.40725 1.41689 1.11296
-0.340749 1.6278 -0.641908 2.40731 1.41747 1.11063
-0.340517 1.62749 -0.640695 2.40736 1.41805 1.10829
-0.340285 1.62719 -0.639483 2.40741 1.41862 1.10596
-0.340053 1.62688 -0.63827 2.40746 1.4192 1.10363
-0.339821 1.62657 -0.637057 2.40751 1.41978 1.1013
-0.339589 1.62627 -0.635844 2.40756 1.42036 1.09897
-0.339357 1.62596 -0.634631 2.40762 1.42093 1.09664
-0.339125 1.62566 -0.633418 2.40767 1.42151 1.09431
-0.338893 1.62535 -0.632205 2.40772 1.42209 1.09198
-0.338661 1.62504 -0.630993 2.40777 1.42267 1.08965
-0.338429 1.62474 -0.62978 2.40782 1.42325 1.08732
-0.338197 1.62443 -0.628567 2.40787 1.42382 1.08499
-0.337965 1.62413 -0.627354 2.40793 1.4244 1.08265
-0.337733 1.62382 -0.626141 2.40798 1.42498 1.08032
-0.337501 1.62352 -0.624928 2.40803 1.42556 1.07799
-0.337269 1.62321 -0.623716 2.40808 1.42613 1.07566
-0.337037 1.6229 -0.622503 2.40813 1.42671 1.07333
-0.336805 1.6226 -0.62129 2.40818 1.42729 1.071
-0.336572 1.62229 -0.620077 2.40823 1.42787 1.06867
-0.33634 1.62199 -0.618864 2.40829 1.42845 1.06634
-0.336108 1.62168 -0.617651 2.40834 1.42902 1.06401
-0.335876 1.62137 -0.616439 2.40839 1.4296 1.06168
-0.335644 1.62107 -0.615226 2.40844 1.43018 1.05935
-0.335412 1.62076 -0.614013 2.40849 1.43076 1.05701
-0.33518 1.62046 -0.6128 2.40854 1.43134 1.05468
-0.334948 1.62015 -0.611587 2.4086 1.43191 1.05235
-0.334716 1.61985 -0.610374 2.40865 1.43249 1.05002
-0.334484 1.61954 -0.609162 2.4087 1.43307 1.04769
-0.334252 1.61923 -0.607949 2.40875 1.43365 1.04536
-0.33402 1.61893 -0.606736 2.4088 1.43422 1.04303
-0.333788 1.61862 -0.605523 2.40885 1.4348 1.0407
-0.333556 1.61832 -0.60431 2.40891 1.43538 1.03837
-0.333324 1.61801 -0.603097 2.40896 1.43596 1.03604
-0.333092 1.6177 -0.601884 2.40901 1.43654 1.03371
-0.33286 1.6174 -0.600672 2.40906 1.43711 1.03138
-0.332628 1.61709 -0.599459 2.40911 1.43769 1.02904
-0.332396 1.61679 -0.598246 2.40916 1.43827 1.02671
-0.332164 1.61648 -0.597033 2.40921 1.43885 1.02438
-0.331932 1.61618 -0.59582 2.40927 1.43942 1.02205
-0.3317 1.61587 -0.594607 2.40932 1.44 1.01972
-0.331467 1.61556 -0.593395 2.40937 1.44058 1.01739
-0.331235 1.61526 -0.592182 2.40942 1.44116 1.01506
-0.331003 1.61495 -0.590969 2.40947 1.44174 1.01273
-0.330771 1.61465 -0.589756 2.40952 1.44231 1.0104
-0.330539 1.61434 -0.588543 2.40958 1.44289 1.00807
-0.330307 1.61403 -0.58733 2.40963 1.44347 1.00574
-0.330075 1.61373 -0.586118 2.40968 1.44405 1.0034
-0.329843 1.61342 -0.584905 2.40973 1.44463 1.00107
-0.329611 1.61312 -0.583692 2.40978 1.4452 0.998743
-0.329379 1.61281 -0.582479 2.40983 1.44578 0.996412
-0.329147 1.61251 -0.581266 2.40989 1.44636 0.994081
-0.328915 1.6122 -0.580053 2.40994 1.44694 0.99175
-0.328683 1.61189 -0.578841 2.40999 1.44751 0.989419
-0.328451 1.61159 -0.577628 2.41004 1.44809 0.987088
-0.328219 1.61128 -0.576415 2.41009 1.44867 0.984757
-0.327987 1.61098 -0.575202 2.41014 1.44925 0.982426
-0.327755 1.61067 -0.573989 2.41019 1.44983 0.980096
-0.327523 1.61036 -0.572776 2.41025 1.4504 0.977765
-0.327291 1.61006 -0.571564 2.4103 1.45098 0.975434
-0.327059 1.60975 -0.570351 2.41035 1.45156 0.973103
-0.326827 1.60945 -0.569138 2.4104 1.45214 0.970772
-0.326595 1.60914 -0.567925 2.41045 1.45271 0.968441
-0.326362 1.60884 -0.566712 2.4105 1.45329 0.96611
-0.32613 1.60853 -0.565499 2.41056 1.45387 0.963779
-0.325898 1.60822 -0.564286 2.41061 1.45445 0.961448
-0.325666 1.60792 -0.563074 2.41066 1.45503 0.959118
-0.325434 1.60761 -0.561861 2.41071 1.4556 0.956787
-0.325202 1.60731 -0.560648 2.41076 1.45618 0.954456
-0.32497 1.607 -0.559435 2.41081 1.45676 0.952125
-0.324738 1.60669 -0.558222 2.41087 1.45734 0.949794
-0.324506 1.60639 -0.557009 2.41092 1.45791 0.947463
-0.324274 1.60608 -0.555797 2.41097 1.45849 0.945132
-0.324042 1.60578 -0.554584 2.41102 1.45907 0.942801
-0.32381 1.60547 -0.553371 2.41107 1.45965 0.94047
-0.323578 1.60517 -0.552158 2.41112 1.46023 0.93814
-0.323346 1.60486 -0.550945 2.41118 1.4608 0.935809
-0.323114 1.60455 -0.549732 2.41123 1.46138 0.933478
-0.322882 1.60425 -0.54852 2.41128 1.46196 0.931147
-0.32265 1.60394 -0.547307 2.41133 1.46254 0.928816
-0.322418 1.60364 -0.546094 2.41138 1.46312 0.926485
-0.322186 1.60333 -0.544881 2.41143 1.46369 0.924154
-0.321954 1.60302 -0.543668 2.41148 1.46427 0.921823
-0.321722 1.60272 -0.542455 2.41154 1.46485 0.919492
-0.32149 1.60241 -0.541243 2.41159 1.46543 0.917162
-0.321257 1.60211 -0.54003 2.41164 1.466 0.914831
-0.321025 1.6018 -0.538817 2.41169 1.46658 0.9125
-0.320793 1.6015 -0.537604 2.41174 1.46716 0.910169
-0.320561 1.60119 -0.536391 2.41179 1.46774 0.907838
-0.320329 1.60088 -0.535178 2.41185 1.46832 0.905507
-0.320097 1.60058 -0.533965 2.4119 1.46889 0.903176
-0.319865 1.60027 -0.532753 2.41195 1.46947 0.900845
-0.319633 1.59997 -0.53154 2.412 1.47005 0.898514
-0.319401 1.59966 -0.530327 2.41205 1.47063 0.896183
-0.319169 1.59935 -0.529114 2.4121 1.4712 0.893853
-0.318937 1.59905 -0.527901 2.41216 1.47178 0.891522
-0.318705 1.59874 -0.526688 2.41221 1.47236 0.889191
-0.318473 1.59844 -0.525476 2.41226 1.47294 0.88686
-0.318241 1.59813 -0.524263 2.41231 1.47352 0.884529
-0.318009 1.59783 -0.52305 2.41236 1.47409 0.882198
-0.317777 1.59752 -0.521837 2.41241 1.47467 0.879867
-0.317545 1.59721 -0.520624 2.41246 1.47525 0.877536
-0.317313 1.59691 -0.519411 2.41252 1.47583 0.875205
-0.317081 1.5966 -0.518199 2.41257 1.47641 0.872875
-0.316849 1.5963 -0.516986 2.41262 1.47698 0.870544
-0.316617 1.59599 -0.515773 2.41267 1.47756 0.868213
-0.316385 1.59568 -0.51456 2.41272 1.47814 0.865882
-0.316152 1.59538 -0.513347 2.41277 1.47872 0.863551
-0.31592 1.59507 -0.512134 2.41283 1.47929 0.86122
-0.315688 1.59477 -0.510922 2.41288 1.47987 0.858889
-0.315456 1.59446 -0.509709 2.41293 1.48045 0.856558
-0.315224 1.59416 -0.508496 2.41298 1.48103 0.854227
-0.314992 1.59385 -0.507283 2.41303 1.48161 0.851897
-0.31476 1.59354 -0.50607 2.41308 1.48218 0.849566
-0.314528 1.59324 -0.504857 2.41314 1.48276 0.847235
-0.314296 1.59293 -0.503644 2.41319 1.48334 0.844904
-0.314064 1.59263 -0.502432 2.41324 1.48392 0.842573
-0.313832 1.59232 -0.501219 2.41329 1.48449 0.840242
-0.3136 1.59201 -0.500006 2.41334 1.48507 0.837911
-0.313368 1.59171 -0.498793 2.41339 1.48565 0.83558
-0.313136 1.5914 -0.49758 2.41344 1.48623 0.833249
-0.312904 1.5911 -0.496367 2.4135 1.48681 0.830919
-0.312672 1.59079 -0.495155 2.41355 1.48738 0.828588
-0.31244 1.59049 -0.493942 2.4136 1.48796 0.826257
-0.312208 1.59018 -0.492729 2.41365 1.48854 0.823926
-0.311976 1.58987 -0.491516 2.4137 1.48912 0.821595
-0.311744 1.58957 -0.490303 2.41375 1.48969 0.819264
-0.311512 1.58926 -0.48909 2.41381 1.49027 0.816933
-0.31128 1.58896 -0.487878 2.41386 1.49085 0.814602
-0.311047 1.58865 -0.486665 2.41391 1.49143 0.812271
-0.310815 1.58834 -0.485452 2.41396 1.49201 0.809941
-0.310583 1.58804 -0.484239 2.41401 1.49258 0.80761
-0.310351 1.58773 -0.483026 2.41406 1.49316 0.805279
-0.310119 1.58743 -0.481813 2.41412 1.49374 0.802948
-0.309887 1.58712 -0.480601 2.41417 1.49432 0.800617
-0.309655 1.58682 -0.479388 2.41422 1.4949 0.798286
-0.309423 1.58651 -0.478175 2.41427 1.49547 0.795955
-0.309191 1.5862 -0.476962 2.41432 1.49605 0.793624
-0.308959 1.5859 -0.475749 2.41437 1.49663 0.791293
-0.308727 1.58559 -0.474536 2.41442 1.49721 0.788963
-0.308495 1.58529 -0.473323 2.41448 1.49778 0.786632
-0.308263 1.58498 -0.472111 2.41453 1.49836 0.784301
-0.308031 1.58467 -0.470898 2.41458 1.49894 0.78197
-0.307799 1.58437 -0.469685 2.41463 1.49952 0.779639
-0.307567 1.58406 -0.468472 2.41468 1.5001 0.777308
-0.307335 1.58376 -0.467259 2.41473 1.50067 0.774977
-0.307103 1.58345 -0.466046 2.41479 1.50125 0.772646
-0.306871 1.58315 -0.464834 2.41484 1.50183 0.770315
-0.306639 1.58284 -0.463621 2.41489 1.50241 0.767984
-0.306407 1.58253 -0.462408 2.41494 1.50298 0.765654
-0.306175 1.58223 -0.461195 2.41499 1.50356 0.763323
-0.305942 1.58192 -0.459982 2.41504 1.50414 0.760992
-0.30571 1.58162 -0.458769 2.4151 1.50472 0.758661
-0.305478 1.58131 -0.457557 2.41515 1.5053 0.75633
-0.305246 1.581 -0.456344 2.4152 1.50587 0.753999
-0.305014 1.5807 -0.455131 2.41525 1.50645 0.751668
-0.304782 1.58039 -0.453918 2.4153 1.50703 0.749337
-0.30455 1.58009 -0.452705 2.41535 1.50761 0.747006
-0.304318 1.57978 -0.451492 2.4154 1.50818 0.744676
-0.304086 1.57947 -0.45028 2.41546 1.50876 0.742345
-0.303854 1.57917 -0.449067 2.41551 1.50934 0.740014
-0.303622 1.57886 -0.447854 2.41556 1.50992 0.737683
-0.30339 1.57856 -0.446641 2.41561 1.5105 0.735352
-0.303158 1.57825 -0.445428 2.41566 1.51107 0.733021
-0.302926 1.57795 -0.444215 2.41571 1.51165 0.73069
-0.302694 1.57764 -0.443002 2.41577 1.51223 0.728359
-0.302462 1.57733 -0.44179 2.41582 1.51281 0.726028
-0.30223 1.57703 -0.440577 2.41587 1.51339 0.723698
-0.301998 1.57672 -0.439364 2.41592 1.51396 0.721367
-0.301766 1.57642 -0.438151 2.41597 1.51454 0.719036
-0.301534 1.57611 -0.436938 2.41602 1.51512 0.716705
-0.301302 1.5758 -0.435725 2.41608 1.5157 0.714374
-0.30107 1.5755 -0.434513 2.41613 1.51627 0.712043
-0.300837 1.57519 -0.4333 2.41618 1.51685 0.709712
-0.300605 1.57489 -0.432087 2.41623 1.51743 0.707381
-0.300373 1.57458 -0.430874 2.41628 1.51801 0.70505
-0.300141 1.57428 -0.429661 2.41633 1.51859 0.70272
-0.299909 1.57397 -0.428448 2.41638 1.51916 0.700389
-0.299677 1.57366 -0.427236 2.41644 1.51974 0.698058
-0.299445 1.57336 -0.426023 2.41649 1.52032 0.695727
-0.299213 1.57305 -0.42481 2.41654 1.5209 0.693396
-0.298981 1.57275 -0.423597 2.41659 1.52147 0.691065
-0.298749 1.57244 -0.422384 2.41664 1.52205 0.688734
-0.298517 1.57213 -0.421171 2.41669 1.52263 0.686403
-0.298285 1.57183 -0.419959 2.41675 1.52321 0.684072
-0.298053 1.57152 -0.418746 2.4168 1.52379 0.681742
-0.297821 1.57122 -0.417533 2.41685 1.52436 0.679411
-0.297589 1.57091 -0.41632 2.4169 1.52494 0.67708
-0.297357 1.57061 -0.415107 2.41695 1.52552 0.674749
-0.297125 1.5703 -0.413894 2.417 1.5261 0.672418
-0.296893 1.56999 -0.412681 2.41706 1.52668 0.670087
-0.296661 1.56969 -0.411469 2.41711 1.52725 0.667756
-0.296429 1.56938 -0.410256 2.41716 1.52783 0.665425
-0.296197 1.56908 -0.409043 2.41721 1.52841 0.663094
-0.295965 1.56877 -0.40783 2.41726 1.52899 0.660763
-0.295732 1.56846 -0.406617 2.41731 1.52956 0.658433
-0.2955 1.56816 -0.405404 2.41736 1.53014 0.656102
-0.295268 1.56785 -0.404192 2.41742 1.53072 0.653771
-0.295036 1.56755 -0.402979 2.41747 1.5313 0.65144
-0.294804 1.56724 -0.401766 2.41752 1.53188 0.649109
-0.294572 1.56694 -0.400553 2.41757 1.53245 0.646778
-0.29434 1.56663 -0.39934 2.41762 1.53303 0.644447
-0.294108 1.56632 -0.398127 2.41767 1.53361 0.642116
-0.293876 1.56602 -0.396915 2.41773 1.53419 0.639785
-0.293644 1.56571 -0.395702 2.41778 1.53476 0.637455
-0.293412 1.56541 -0.394489 2.41783 1.53534 0.635124
-0.29318 1.5651 -0.393276 2.41788 1.53592 0.632793
-0.292948 1.56479 -0.392063 2.41793 1.5365 0.630462
-0.292716 1.56449 -0.39085 2.41798 1.53708 0.628131
-0.292484 1.56418 -0.389638 2.41804 1.53765 0.6258
-0.292252 1.56388 -0.388425 2.41809 1.53823 0.623469
-0.29202 1.56357 -0.387212 2.41814 1.53881 0.621138
-0.291788 1.56327 -0.385999 2.41819 1.53939 0.618807
-0.291556 1.56296 -0.384786 2.41824 1.53996 0.616477
-0.291324 1.56265 -0.383573 2.41829 1.54054 0.614146
-0.291092 1.56235 -0.38236 2.41835 1.54112 0.611815
-0.29086 1.56204 -0.381148 2.4184 1.5417 0.609484
-0.290627 1.56174 -0.379935 2.41845 1.54228 0.607153
-0.290395 1.56143 -0.378722 2.4185 1.54285 0.604822
-0.290163 1.56112 -0.377509 2.41855 1.54343 0.602491
-0.289931 1.56082 -0.376296 2.4186 1.54401 0.60016
-0.289699 1.56051 -0.375083 2.41865 1.54459 0.597829
-0.289467 1.56021 -0.373871 2.41871 1.54517 0.595499
-0.289235 1.5599 -0.372658 2.41876 1.54574 0.593168
-0.289003 1.5596 -0.371445 2.41881 1.54632 0.590837
-0.288771 1.55929 -0.370232 2.41886 1.5469 0.588506
-0.288539 1.55898 -0.369019 2.41891 1.54748 0.586175
-0.288307 1.55868 -0.367806 2.41896 1.54805 0.583844
-0.288075 1.55837 -0.366594 2.41902 1.54863 0.581513
-0.287843 1.55807 -0.365381 2.41907 1.54921 0.579182
-0.287611 1.55776 -0.364168 2.41912 1.54979 0.576851
-0.287379 1.55745 -0.362955 2.41917 1.55037 0.574521
-0.287147 1.55715 -0.361742 2.41922 1.55094 0.57219
-0.286915 1.55684 -0.360529 2.41927 1.55152 0.569859
-0.286683 1.55654 -0.359317 2.41933 1.5521 0.567528
-0.286451 1.55623 -0.358104 2.41938 1.55268 0.565197
-0.286219 1.55593 -0.356891 2.41943 1.55325 0.562866
-0.285987 1.55562 -0.355678 2.41948 1.55383 0.560535
-0.285755 1.55531 -0.354465 2.41953 1.55441 0.558204
-0.285522 1.55501 -0.353252 2.41958 1.55499 0.555873
-0.28529 1.5547 -0.352039 2.41963 1.55557 0.553543
-0.285058 1.5544 -0.350827 2.41969 1.55614 0.551212
-0.284826 1.55409 -0.349614 2.41974 1.55672 0.548881
-0.284594 1.55378 -0.348401 2.41979 1.5573 0.54655
-0.284362 1.55348 -0.347188 2.41984 1.55788 0.544219
-0.28413 1.55317 -0.345975 2.41989 1.55846 0.541888
-0.283898 1.55287 -0.344762 2.41994 1.55903 0.539557
-0.283666 1.55256 -0.34355 2.42 1.55961 0.537226
-0.283434 1.55226 -0.342337 2.42005 1.56019 0.534895
-0.283202 1.55195 -0.341124 2.4201 1.56077 0.532564
-0.28297 1.55164 -0.339911 2.42015 1.56134 0.530234
-0.282738 1.55134 -0.338698 2.4202 1.56192 0.527903
-0.282506 1.55103 -0.337485 2.42025 1.5625 0.525572
-0.282274 1.55073 -0.336273 2.42031 1.56308 0.523241
-0.282042 1.55042 -0.33506 2.42036 1.56366 0.52091
-0.28181 1.55011 -0.333847 2.42041 1.56423 0.518579
-0.281578 1.54981 -0.332634 2.42046 1.56481 0.516248
-0.281346 1.5495 -0.331421 2.42051 1.56539 0.513917
-0.281114 1.5492 -0.330208 2.42056 1.56597 0.511586
-0.280882 1.54889 -0.328996 2.42061 1.56654 0.509256
-0.28065 1.54859 -0.327783 2.42067 1.56712 0.506925
-0.280417 1.54828 -0.32657 2.42072 1.5677 0.504594
-0.280185 1.54797 -0.325357 2.42077 1.56828 0.502263
-0.279953 1.54767 -0.324144 2.42082 1.56886 0.499932
