2.26376 -0.331302 -1.94328 -1.14949 1.1218 -0.0159573
2.26394 -0.330979 -1.94275 -1.14812 1.12001 -0.0155781
2.26412 -0.330656 -1.94222 -1.14675 1.11822 -0.0151989
2.2643 -0.330333 -1.94169 -1.14538 1.11643 -0.0148197
2.26448 -0.33001 -1.94116 -1.14401 1.11464 -0.0144406
2.26466 -0.329688 -1.94063 -1.14264 1.11285 -0.0140614
2.26485 -0.329365 -1.94011 -1.14127 1.11106 -0.0136822
2.26503 -0.329042 -1.93958 -1.1399 1.10927 -0.013303
2.26521 -0.328719 -1.93905 -1.13853 1.10747 -0.0129238
2.26539 -0.328396 -1.93852 -1.13716 1.10568 -0.0125447
2.26557 -0.328073 -1.93799 -1.13579 1.10389 -0.0121655
2.26575 -0.327751 -1.93747 -1.13442 1.1021 -0.0117863
2.26593 -0.327428 -1.93694 -1.13305 1.10031 -0.0114071
2.26612 -0.327105 -1.93641 -1.13168 1.09852 -0.011028
2.2663 -0.326782 -1.93588 -1.13031 1.09673 -0.0106488
2.26648 -0.326459 -1.93535 -1.12894 1.09494 -0.0102696
2.26666 -0.326137 -1.93483 -1.12757 1.09315 -0.00989044
2.26684 -0.325814 -1.9343 -1.1262 1.09136 -0.00951126
2.26702 -0.325491 -1.93377 -1.12483 1.08956 -0.00913209
2.2672 -0.325168 -1.93324 -1.12346 1.08777 -0.00875291
2.26739 -0.324845 -1.93271 -1.12209 1.08598 -0.00837373
2.26757 -0.324523 -1.93219 -1.12072 1.08419 -0.00799456
2.26775 -0.3242 -1.93166 -1.11935 1.0824 -0.00761538
2.26793 -0.323877 -1.93113 -1.11798 1.08061 -0.0072362
2.26811 -0.323554 -1.9306 -1.11661 1.07882 -0.00685703
2.26829 -0.323231 -1.93007 -1.11524 1.07703 -0.00647785
2.26847 -0.322908 -1.92954 -1.11387 1.07524 -0.00609867
2.26866 -0.322586 -1.92902 -1.1125 1.07345 -0.0057195
2.26884 -0.322263 -1.92849 -1.11113 1.07165 -0.00534032
2.26902 -0.32194 -1.92796 -1.10976 1.06986 -0.00496115
2.2692 -0.321617 -1.92743 -1.10839 1.06807 -0.00458197
2.26938 -0.321294 -1.9269 -1.10702 1.06628 -0.00420279
2.26956 -0.320972 -1.92638 -1.10565 1.06449 -0.00382362
2.26974 -0.320649 -1.92585 -1.10428 1.0627 -0.00344444
2.26993 -0.320326 -1.92532 -1.10291 1.06091 -0.00306526
2.27011 -0.320003 -1.92479 -1.10154 1.05912 -0.00268609
2.27029 -0.31968 -1.92426 -1.10017 1.05733 -0.00230691
2.27047 -0.319357 -1.92374 -1.0988 1.05554 -0.00192774
2.27065 -0.319035 -1.92321 -1.09743 1.05374 -0.00154856
2.27083 -0.318712 -1.92268 -1.09606 1.05195 -0.00116938
2.27101 -0.318389 -1.92215 -1.09469 1.05016 -0.000790206
2.2712 -0.318066 -1.92162 -1.09332 1.04837 -0.00041103
2.27138 -0.317743 -1.92109 -1.09195 1.04658 -3.18536e-05
2.27156 -0.317421 -1.92057 -1.09058 1.04479 0.000347323
2.27174 -0.317098 -1.92004 -1.08921 1.043 0.000726499
2.27192 -0.316775 -1.91951 -1.08784 1.04121 0.00110568
2.2721 -0.316452 -1.91898 -1.08647 1.03942 0.00148485
2.27228 -0.316129 -1.91845 -1.0851 1.03763 0.00186403
2.27247 -0.315806 -1.91793 -1.08373 1.03584 0.0022432
2.27265 -0.315484 -1.9174 -1.08236 1.03404 0.00262238
2.27283 -0.315161 -1.91687 -1.08099 1.03225 0.00300156
2.27301 -0.314838 -1.91634 -1.07962 1.03046 0.00338073
2.27319 -0.314515 -1.91581 -1.07825 1.02867 0.00375991
2.27337 -0.314192 -1.91529 -1.07688 1.02688 0.00413909
2.27356 -0.31387 -1.91476 -1.07551 1.02509 0.00451826
2.27374 -0.313547 -1.91423 -1.07414 1.0233 0.00489744
2.27392 -0.313224 -1.9137 -1.07277 1.02151 0.00527661
2.2741 -0.312901 -1.91317 -1.0714 1.01972 0.00565579
2.27428 -0.312578 -1.91265 -1.07003 1.01793 0.00603497
2.27446 -0.312255 -1.91212 -1.06866 1.01613 0.00641414
2.27464 -0.311933 -1.91159 -1.06729 1.01434 0.00679332
2.27483 -0.31161 -1.91106 -1.06592 1.01255 0.0071725
2.27501 -0.311287 -1.91053 -1.06455 1.01076 0.00755167
2.27519 -0.310964 -1.91 -1.06318 1.00897 0.00793085
2.27537 -0.310641 -1.90948 -1.06181 1.00718 0.00831003
2.27555 -0.310319 -1.90895 -1.06044 1.00539 0.0086892
2.27573 -0.309996 -1.90842 -1.05907 1.0036 0.00906838
2.27591 -0.309673 -1.90789 -1.0577 1.00181 0.00944755
2.2761 -0.30935 -1.90736 -1.05633 1.00002 0.00982673
2.27628 -0.309027 -1.90684 -1.05496 0.998225 0.0102059
2.27646 -0.308704 -1.90631 -1.05359 0.996434 0.0105851
2.27664 -0.308382 -1.90578 -1.05222 0.994643 0.0109643
2.27682 -0.308059 -1.90525 -1.05085 0.992852 0.0113434
2.277 -0.307736 -1.90472 -1.04948 0.991061 0.0117226
2.27718 -0.307413 -1.9042 -1.04811 0.98927 0.0121018
2.27737 -0.30709 -1.90367 -1.04674 0.987479 0.012481
2.27755 -0.306768 -1.90314 -1.04537 0.985688 0.0128601
2.27773 -0.306445 -1.90261 -1.044 0.983897 0.0132393
2.27791 -0.306122 -1.90208 -1.04264 0.982106 0.0136185
2.27809 -0.305799 -1.90155 -1.04127 0.980315 0.0139977
2.27827 -0.305476 -1.90103 -1.0399 0.978524 0.0143768
2.27845 -0.305153 -1.9005 -1.03853 0.976733 0.014756
2.27864 -0.304831 -1.89997 -1.03716 0.974942 0.0151352
2.27882 -0.304508 -1.89944 -1.03579 0.973151 0.0155144
2.279 -0.304185 -1.89891 -1.03442 0.97136 0.0158936
2.27918 -0.303862 -1.89839 -1.03305 0.969569 0.0162727
2.27936 -0.303539 -1.89786 -1.03168 0.967778 0.0166519
2.27954 -0.303217 -1.89733 -1.03031 0.965987 0.0170311
2.27972 -0.302894 -1.8968 -1.02894 0.964196 0.0174103
2.27991 -0.302571 -1.89627 -1.02757 0.962405 0.0177894
2.28009 -0.302248 -1.89575 -1.0262 0.960614 0.0181686
2.28027 -0.301925 -1.89522 -1.02483 0.958823 0.0185478
2.28045 -0.301602 -1.89469 -1.02346 0.957032 0.018927
2.28063 -0.30128 -1.89416 -1.02209 0.955241 0.0193061
2.28081 -0.300957 -1.89363 -1.02072 0.95345 0.0196853
2.28099 -0.300634 -1.8931 -1.01935 0.951659 0.0200645
2.28118 -0.300311 -1.89258 -1.01798 0.949868 0.0204437
2.28136 -0.299988 -1.89205 -1.01661 0.948077 0.0208228
2.28154 -0.299666 -1.89152 -1.01524 0.946286 0.021202
2.28172 -0.299343 -1.89099 -1.01387 0.944495 0.0215812
2.2819 -0.29902 -1.89046 -1.0125 0.942704 0.0219604
2.28208 -0.298697 -1.88994 -1.01113 0.940913 0.0223395
2.28226 -0.298374 -1.88941 -1.00976 0.939122 0.0227187
2.28245 -0.298051 -1.88888 -1.00839 0.937331 0.0230979
2.28263 -0.297729 -1.88835 -1.00702 0.93554 0.0234771
2.28281 -0.297406 -1.88782 -1.00565 0.933749 0.0238563
2.28299 -0.297083 -1.8873 -1.00428 0.931959 0.0242354
2.28317 -0.29676 -1.88677 -1.00291 0.930168 0.0246146
2.28335 -0.296437 -1.88624 -1.00154 0.928377 0.0249938
2.28354 -0.296115 -1.88571 -1.00017 0.926586 0.025373
2.28372 -0.295792 -1.88518 -0.998796 0.924795 0.0257521
2.2839 -0.295469 -1.88466 -0.997426 0.923004 0.0261313
2.28408 -0.295146 -1.88413 -0.996056 0.921213 0.0265105
2.28426 -0.294823 -1.8836 -0.994687 0.919422 0.0268897
2.28444 -0.2945 -1.88307 -0.993317 0.917631 0.0272688
2.28462 -0.294178 -1.88254 -0.991947 0.91584 0.027648
2.28481 -0.293855 -1.88201 -0.990577 0.914049 0.0280272
2.28499 -0.293532 -1.88149 -0.989207 0.912258 0.0284064
2.28517 -0.293209 -1.88096 -0.987837 0.910467 0.0287855
2.28535 -0.292886 -1.88043 -0.986467 0.908676 0.0291647
2.28553 -0.292564 -1.8799 -0.985097 0.906885 0.0295439
2.28571 -0.292241 -1.87937 -0.983727 0.905094 0.0299231
2.28589 -0.291918 -1.87885 -0.982357 0.903303 0.0303023
2.28608 -0.291595 -1.87832 -0.980987 0.901512 0.0306814
2.28626 -0.291272 -1.87779 -0.979617 0.899721 0.0310606
2.28644 -0.290949 -1.87726 -0.978247 0.89793 0.0314398
2.28662 -0.290627 -1.87673 -0.976877 0.896139 0.031819
2.2868 -0.290304 -1.87621 -0.975507 0.894348 0.0321981
2.28698 -0.289981 -1.87568 -0.974137 0.892557 0.0325773
2.28716 -0.289658 -1.87515 -0.972767 0.890766 0.0329565
2.28735 -0.289335 -1.87462 -0.971397 0.888975 0.0333357
2.28753 -0.289013 -1.87409 -0.970027 0.887184 0.0337148
2.28771 -0.28869 -1.87356 -0.968657 0.885393 0.034094
2.28789 -0.288367 -1.87304 -0.967287 0.883602 0.0344732
2.28807 -0.288044 -1.87251 -0.965917 0.881811 0.0348524
2.28825 -0.287721 -1.87198 -0.964547 0.88002 0.0352315
2.28843 -0.287398 -1.87145 -0.963177 0.878229 0.0356107
2.28862 -0.287076 -1.87092 -0.961808 0.876438 0.0359899
2.2888 -0.286753 -1.8704 -0.960438 0.874647 0.0363691
2.28898 -0.28643 -1.86987 -0.959068 0.872856 0.0367482
2.28916 -0.286107 -1.86934 -0.957698 0.871065 0.0371274
2.28934 -0.285784 -1.86881 -0.956328 0.869274 0.0375066
2.28952 -0.285462 -1.86828 -0.954958 0.867483 0.0378858
2.2897 -0.285139 -1.86776 -0.953588 0.865692 0.038265
2.28989 -0.284816 -1.86723 -0.952218 0.863901 0.0386441
2.29007 -0.284493 -1.8667 -0.950848 0.86211 0.0390233
2.29025 -0.28417 -1.86617 -0.949478 0.860319 0.0394025
2.29043 -0.283847 -1.86564 -0.948108 0.858528 0.0397817
2.29061 -0.283525 -1.86512 -0.946738 0.856737 0.0401608
2.29079 -0.283202 -1.86459 -0.945368 0.854946 0.04054
2.29097 -0.282879 -1.86406 -0.943998 0.853155 0.0409192
2.29116 -0.282556 -1.86353 -0.942628 0.851365 0.0412984
2.29134 -0.282233 -1.863 -0.941258 0.849574 0.0416775
2.29152 -0.281911 -1.86247 -0.939888 0.847783 0.0420567
2.2917 -0.281588 -1.86195 -0.938518 0.845992 0.0424359
2.29188 -0.281265 -1.86142 -0.937148 0.844201 0.0428151
2.29206 -0.280942 -1.86089 -0.935778 0.84241 0.0431942
2.29225 -0.280619 -1.86036 -0.934408 0.840619 0.0435734
2.29243 -0.280297 -1.85983 -0.933038 0.838828 0.0439526
2.29261 -0.279974 -1.85931 -0.931668 0.837037 0.0443318
2.29279 -0.279651 -1.85878 -0.930299 0.835246 0.044711
2.29297 -0.279328 -1.85825 -0.928929 0.833455 0.0450901
2.29315 -0.279005 -1.85772 -0.927559 0.831664 0.0454693
2.29333 -0.278682 -1.85719 -0.926189 0.829873 0.0458485
2.29352 -0.27836 -1.85667 -0.924819 0.828082 0.0462277
2.2937 -0.278037 -1.85614 -0.923449 0.826291 0.0466068
2.29388 -0.277714 -1.85561 -0.922079 0.8245 0.046986
2.29406 -0.277391 -1.85508 -0.920709 0.822709 0.0473652
2.29424 -0.277068 -1.85455 -0.919339 0.820918 0.0477444
2.29442 -0.276746 -1.85402 -0.917969 0.819127 0.0481235
2.2946 -0.276423 -1.8535 -0.916599 0.817336 0.0485027
2.29479 -0.2761 -1.85297 -0.915229 0.815545 0.0488819
2.29497 -0.275777 -1.85244 -0.913859 0.813754 0.0492611
2.29515 -0.275454 -1.85191 -0.912489 0.811963 0.0496402
2.29533 -0.275131 -1.85138 -0.911119 0.810172 0.0500194
2.29551 -0.274809 -1.85086 -0.909749 0.808381 0.0503986
2.29569 -0.274486 -1.85033 -0.908379 0.80659 0.0507778
2.29587 -0.274163 -1.8498 -0.907009 0.804799 0.0511569
2.29606 -0.27384 -1.84927 -0.905639 0.803008 0.0515361
2.29624 -0.273517 -1.84874 -0.904269 0.801217 0.0519153
2.29642 -0.273195 -1.84822 -0.902899 0.799426 0.0522945
2.2966 -0.272872 -1.84769 -0.901529 0.797635 0.0526737
2.29678 -0.272549 -1.84716 -0.900159 0.795844 0.0530528
2.29696 -0.272226 -1.84663 -0.898789 0.794053 0.053432
2.29714 -0.271903 -1.8461 -0.89742 0.792262 0.0538112
2.29733 -0.27158 -1.84557 -0.89605 0.790471 0.0541904
2.29751 -0.271258 -1.84505 -0.89468 0.78868 0.0545695
2.29769 -0.270935 -1.84452 -0.89331 0.786889 0.0549487
2.29787 -0.270612 -1.84399 -0.89194 0.785098 0.0553279
2.29805 -0.270289 -1.84346 -0.89057 0.783307 0.0557071
2.29823 -0.269966 -1.84293 -0.8892 0.781516 0.0560862
2.29841 -0.269644 -1.84241 -0.88783 0.779725 0.0564654
2.2986 -0.269321 -1.84188 -0.88646 0.777934 0.0568446
2.29878 -0.268998 -1.84135 -0.88509 0.776143 0.0572238
2.29896 -0.268675 -1.84082 -0.88372 0.774352 0.0576029
2.29914 -0.268352 -1.84029 -0.88235 0.772562 0.0579821
2.29932 -0.268029 -1.83977 -0.88098 0.770771 0.0583613
2.2995 -0.267707 -1.83924 -0.87961 0.76898 0.0587405
2.29968 -0.267384 -1.83871 -0.87824 0.767189 0.0591197
2.29987 -0.267061 -1.83818 -0.87687 0.765398 0.0594988
2.30005 -0.266738 -1.83765 -0.8755 0.763607 0.059878
2.30023 -0.266415 -1.83713 -0.87413 0.761816 0.0602572
2.30041 -0.266093 -1.8366 -0.87276 0.760025 0.0606364
2.30059 -0.26577 -1.83607 -0.87139 0.758234 0.0610155
2.30077 -0.265447 -1.83554 -0.87002 0.756443 0.0613947
2.30095 -0.265124 -1.83501 -0.86865 0.754652 0.0617739
2.30114 -0.264801 -1.83448 -0.86728 0.752861 0.0621531
2.30132 -0.264478 -1.83396 -0.865911 0.75107 0.0625322
2.3015 -0.264156 -1.83343 -0.864541 0.749279 0.0629114
2.30168 -0.263833 -1.8329 -0.863171 0.747488 0.0632906
2.30186 -0.26351 -1.83237 -0.861801 0.745697 0.0636698
2.30204 -0.263187 -1.83184 -0.860431 0.743906 0.0640489
2.30223 -0.262864 -1.83132 -0.859061 0.742115 0.0644281
2.30241 -0.262542 -1.83079 -0.857691 0.740324 0.0648073
2.30259 -0.262219 -1.83026 -0.856321 0.738533 0.0651865
2.30277 -0.261896 -1.82973 -0.854951 0.736742 0.0655656
2.30295 -0.261573 -1.8292 -0.853581 0.734951 0.0659448
2.30313 -0.26125 -1.82868 -0.852211 0.73316 0.066324
2.30331 -0.260927 -1.82815 -0.850841 0.731369 0.0667032
2.3035 -0.260605 -1.82762 -0.849471 0.729578 0.0670824
2.30368 -0.260282 -1.82709 -0.848101 0.727787 0.0674615
2.30386 -0.259959 -1.82656 -0.846731 0.725996 0.0678407
2.30404 -0.259636 -1.82603 -0.845361 0.724205 0.0682199
2.30422 -0.259313 -1.82551 -0.843991 0.722414 0.0685991
2.3044 -0.258991 -1.82498 -0.842621 0.720623 0.0689782
2.30458 -0.258668 -1.82445 -0.841251 0.718832 0.0693574
2.30477 -0.258345 -1.82392 -0.839881 0.717041 0.0697366
2.30495 -0.258022 -1.82339 -0.838511 0.71525 0.0701158
2.30513 -0.257699 -1.82287 -0.837141 0.713459 0.0704949
2.30531 -0.257376 -1.82234 -0.835771 0.711668 0.0708741
2.30549 -0.257054 -1.82181 -0.834402 0.709877 0.0712533
2.30567 -0.256731 -1.82128 -0.833032 0.708086 0.0716325
2.30585 -0.256408 -1.82075 -0.831662 0.706295 0.0720116
2.30604 -0.256085 -1.82023 -0.830292 0.704504 0.0723908
2.30622 -0.255762 -1.8197 -0.828922 0.702713 0.07277
2.3064 -0.25544 -1.81917 -0.827552 0.700922 0.0731492
2.30658 -0.255117 -1.81864 -0.826182 0.699131 0.0735284
2.30676 -0.254794 -1.81811 -0.824812 0.69734 0.0739075
2.30694 -0.254471 -1.81759 -0.823442 0.695549 0.0742867
2.30712 -0.254148 -1.81706 -0.822072 0.693758 0.0746659
2.30731 -0.253825 -1.81653 -0.820702 0.691968 0.0750451
2.30749 -0.253503 -1.816 -0.819332 0.690177 0.0754242
2.30767 -0.25318 -1.81547 -0.817962 0.688386 0.0758034
2.30785 -0.252857 -1.81494 -0.816592 0.686595 0.0761826
2.30803 -0.252534 -1.81442 -0.815222 0.684804 0.0765618
2.30821 -0.252211 -1.81389 -0.813852 0.683013 0.0769409
2.30839 -0.251889 -1.81336 -0.812482 0.681222 0.0773201
2.30858 -0.251566 -1.81283 -0.811112 0.679431 0.0776993
2.30876 -0.251243 -1.8123 -0.809742 0.67764 0.0780785
2.30894 -0.25092 -1.81178 -0.808372 0.675849 0.0784576
2.30912 -0.250597 -1.81125 -0.807002 0.674058 0.0788368
2.3093 -0.250274 -1.81072 -0.805632 0.672267 0.079216
2.30948 -0.249952 -1.81019 -0.804262 0.670476 0.0795952
2.30966 -0.249629 -1.80966 -0.802892 0.668685 0.0799743
2.30985 -0.249306 -1.80914 -0.801523 0.666894 0.0803535
2.31003 -0.248983 -1.80861 -0.800153 0.665103 0.0807327
2.31021 -0.24866 -1.80808 -0.798783 0.663312 0.0811119
2.31039 -0.248338 -1.80755 -0.797413 0.661521 0.0814911
2.31057 -0.248015 -1.80702 -0.796043 0.65973 0.0818702
2.31075 -0.247692 -1.80649 -0.794673 0.657939 0.0822494
2.31094 -0.247369 -1.80597 -0.793303 0.656148 0.0826286
2.31112 -0.247046 -1.80544 -0.791933 0.654357 0.0830078
2.3113 -0.246723 -1.80491 -0.790563 0.652566 0.0833869
2.31148 -0.246401 -1.80438 -0.789193 0.650775 0.0837661
2.31166 -0.246078 -1.80385 -0.787823 0.648984 0.0841453
2.31184 -0.245755 -1.80333 -0.786453 0.647193 0.0845245
2.31202 -0.245432 -1.8028 -0.785083 0.645402 0.0849036
2.31221 -0.245109 -1.80227 -0.783713 0.643611 0.0852828
2.31239 -0.244787 -1.80174 -0.782343 0.64182 0.085662
2.31257 -0.244464 -1.80121 -0.780973 0.640029 0.0860412
2.31275 -0.244141 -1.80069 -0.779603 0.638238 0.0864203
2.31293 -0.243818 -1.80016 -0.778233 0.636447 0.0867995
2.31311 -0.243495 -1.79963 -0.776863 0.634656 0.0871787
2.31329 -0.243172 -1.7991 -0.775493 0.632865 0.0875579
2.31348 -0.24285 -1.79857 -0.774123 0.631074 0.0879371
2.31366 -0.242527 -1.79804 -0.772753 0.629283 0.0883162
2.31384 -0.242204 -1.79752 -0.771383 0.627492 0.0886954
2.31402 -0.241881 -1.79699 -0.770014 0.625701 0.0890746
2.3142 -0.241558 -1.79646 -0.768644 0.62391 0.0894538
2.31438 -0.241236 -1.79593 -0.767274 0.622119 0.0898329
2.31456 -0.240913 -1.7954 -0.765904 0.620328 0.0902121
2.31475 -0.24059 -1.79488 -0.764534 0.618537 0.0905913
2.31493 -0.240267 -1.79435 -0.763164 0.616746 0.0909705
2.31511 -0.239944 -1.79382 -0.761794 0.614955 0.0913496
2.31529 -0.239621 -1.79329 -0.760424 0.613165 0.0917288
2.31547 -0.239299 -1.79276 -0.759054 0.611374 0.092108
2.31565 -0.238976 -1.79224 -0.757684 0.609583 0.0924872
2.31583 -0.238653 -1.79171 -0.756314 0.607792 0.0928663
2.31602 -0.23833 -1.79118 -0.754944 0.606001 0.0932455
2.3162 -0.238007 -1.79065 -0.753574 0.60421 0.0936247
2.31638 -0.237685 -1.79012 -0.752204 0.602419 0.0940039
2.31656 -0.237362 -1.7896 -0.750834 0.600628 0.094383
2.31674 -0.237039 -1.78907 -0.749464 0.598837 0.0947622
2.31692 -0.236716 -1.78854 -0.748094 0.597046 0.0951414
2.3171 -0.236393 -1.78801 -0.746724 0.595255 0.0955206
2.31729 -0.236071 -1.78748 -0.745354 0.593464 0.0958998
2.31747 -0.235748 -1.78695 -0.743984 0.591673 0.0962789
2.31765 -0.235425 -1.78643 -0.742614 0.589882 0.0966581
2.31783 -0.235102 -1.7859 -0.741244 0.588091 0.0970373
2.31801 -0.234779 -1.78537 -0.739874 0.5863 0.0974165
2.31819 -0.234456 -1.78484 -0.738504 0.584509 0.0977956
2.31837 -0.234134 -1.78431 -0.737135 0.582718 0.0981748
2.31856 -0.233811 -1.78379 -0.735765 0.580927 0.098554
2.31874 -0.233488 -1.78326 -0.734395 0.579136 0.0989332
2.31892 -0.233165 -1.78273 -0.733025 0.577345 0.0993123
2.3191 -0.232842 -1.7822 -0.731655 0.575554 0.0996915
2.31928 -0.23252 -1.78167 -0.730285 0.573763 0.100071
2.31946 -0.232197 -1.78115 -0.728915 0.571972 0.10045
2.31964 -0.231874 -1.78062 -0.727545 0.570181 0.100829
2.31983 -0.231551 -1.78009 -0.726175 0.56839 0.101208
2.32001 -0.231228 -1.77956 -0.724805 0.566599 0.101587
2.32019 -0.230905 -1.77903 -0.723435 0.564808 0.101967
2.32037 -0.230583 -1.7785 -0.722065 0.563017 0.102346
2.32055 -0.23026 -1.77798 -0.720695 0.561226 0.102725
2.32073 -0.229937 -1.77745 -0.719325 0.559435 0.103104
2.32092 -0.229614 -1.77692 -0.717955 0.557644 0.103483
2.3211 -0.229291 -1.77639 -0.716585 0.555853 0.103862
2.32128 -0.228969 -1.77586 -0.715215 0.554062 0.104242
2.32146 -0.228646 -1.77534 -0.713845 0.552271 0.104621
2.32164 -0.228323 -1.77481 -0.712475 0.55048 0.105
2.32182 -0.228 -1.77428 -0.711105 0.548689 0.105379
2.322 -0.227677 -1.77375 -0.709735 0.546898 0.105758
2.32219 -0.227354 -1.77322 -0.708365 0.545107 0.106138
2.32237 -0.227032 -1.7727 -0.706995 0.543316 0.106517
2.32255 -0.226709 -1.77217 -0.705626 0.541525 0.106896
2.32273 -0.226386 -1.77164 -0.704256 0.539734 0.107275
2.32291 -0.226063 -1.77111 -0.702886 0.537943 0.107654
2.32309 -0.22574 -1.77058 -0.701516 0.536152 0.108033
2.32327 -0.225418 -1.77006 -0.700146 0.534361 0.108413
2.32346 -0.225095 -1.76953 -0.698776 0.532571 0.108792
2.32364 -0.224772 -1.769 -0.697406 0.53078 0.109171
2.32382 -0.224449 -1.76847 -0.696036 0.528989 0.10955
2.324 -0.224126 -1.76794 -0.694666 0.527198 0.109929
2.32418 -0.223803 -1.76741 -0.693296 0.525407 0.110308
2.32436 -0.223481 -1.76689 -0.691926 0.523616 0.110688
2.32454 -0.223158 -1.76636 -0.690556 0.521825 0.111067
2.32473 -0.222835 -1.76583 -0.689186 0.520034 0.111446
2.32491 -0.222512 -1.7653 -0.687816 0.518243 0.111825
2.32509 -0.222189 -1.76477 -0.686446 0.516452 0.112204
2.32527 -0.221867 -1.76425 -0.685076 0.514661 0.112584
2.32545 -0.221544 -1.76372 -0.683706 0.51287 0.112963
2.32563 -0.221221 -1.76319 -0.682336 0.511079 0.113342
2.32581 -0.220898 -1.76266 -0.680966 0.509288 0.113721
2.326 -0.220575 -1.76213 -0.679596 0.507497 0.1141
2.32618 -0.220252 -1.76161 -0.678226 0.505706 0.114479
2.32636 -0.21993 -1.76108 -0.676856 0.503915 0.114859
2.32654 -0.219607 -1.76055 -0.675486 0.502124 0.115238
2.32672 -0.219284 -1.76002 -0.674117 0.500333 0.115617
2.3269 -0.218961 -1.75949 -0.672747 0.498542 0.115996
2.32708 -0.218638 -1.75896 -0.671377 0.496751 0.116375
2.32727 -0.218316 -1.75844 -0.670007 0.49496 0.116754
2.32745 -0.217993 -1.75791 -0.668637 0.493169 0.117134
2.32763 -0.21767 -1.75738 -0.667267 0.491378 0.117513
2.32781 -0.217347 -1.75685 -0.665897 0.489587 0.117892
2.32799 -0.217024 -1.75632 -0.664527 0.487796 0.118271
2.32817 -0.216701 -1.7558 -0.663157 0.486005 0.11865
2.32835 -0.216379 -1.75527 -0.661787 0.484214 0.11903
2.32854 -0.216056 -1.75474 -0.660417 0.482423 0.119409
2.32872 -0.215733 -1.75421 -0.659047 0.480632 0.119788
2.3289 -0.21541 -1.75368 -0.657677 0.478841 0.120167
2.32908 -0.215087 -1.75316 -0.656307 0.47705 0.120546
2.32926 -0.214765 -1.75263 -0.654937 0.475259 0.120925
2.32944 -0.214442 -1.7521 -0.653567 0.473468 0.121305
2.32963 -0.214119 -1.75157 -0.652197 0.471677 0.121684
2.32981 -0.213796 -1.75104 -0.650827 0.469886 0.122063
2.32999 -0.213473 -1.75051 -0.649457 0.468095 0.122442
2.33017 -0.21315 -1.74999 -0.648087 0.466304 0.122821
2.33035 -0.212828 -1.74946 -0.646717 0.464513 0.1232
2.33053 -0.212505 -1.74893 -0.645347 0.462722 0.12358
2.33071 -0.212182 -1.7484 -0.643977 0.460931 0.123959
2.3309 -0.211859 -1.74787 -0.642607 0.45914 0.124338
2.33108 -0.211536 -1.74735 -0.641238 0.457349 0.124717
2.33126 -0.211214 -1.74682 -0.639868 0.455558 0.125096
2.33144 -0.210891 -1.74629 -0.638498 0.453768 0.125476
2.33162 -0.210568 -1.74576 -0.637128 0.451977 0.125855
2.3318 -0.210245 -1.74523 -0.635758 0.450186 0.126234
2.33198 -0.209922 -1.74471 -0.634388 0.448395 0.126613
2.33217 -0.209599 -1.74418 -0.633018 0.446604 0.126992
2.33235 -0.209277 -1.74365 -0.631648 0.444813 0.127371
2.33253 -0.208954 -1.74312 -0.630278 0.443022 0.127751
2.33271 -0.208631 -1.74259 -0.628908 0.441231 0.12813
2.33289 -0.208308 -1.74207 -0.627538 0.43944 0.128509
2.33307 -0.207985 -1.74154 -0.626168 0.437649 0.128888
2.33325 -0.207663 -1.74101 -0.624798 0.435858 0.129267
2.33344 -0.20734 -1.74048 -0.623428 0.434067 0.129646
2.33362 -0.207017 -1.73995 -0.622058 0.432276 0.130026
2.3338 -0.206694 -1.73942 -0.620688 0.430485 0.130405
2.33398 -0.206371 -1.7389 -0.619318 0.428694 0.130784
2.33416 -0.206048 -1.73837 -0.617948 0.426903 0.131163
2.33434 -0.205726 -1.73784 -0.616578 0.425112 0.131542
2.33452 -0.205403 -1.73731 -0.615208 0.423321 0.131922
2.33471 -0.20508 -1.73678 -0.613838 0.42153 0.132301
2.33489 -0.204757 -1.73626 -0.612468 0.419739 0.13268
2.33507 -0.204434 -1.73573 -0.611098 0.417948 0.133059
2.33525 -0.204112 -1.7352 -0.609729 0.416157 0.133438
2.33543 -0.203789 -1.73467 -0.608359 0.414366 0.133817
2.33561 -0.203466 -1.73414 -0.606989 0.412575 0.134197
2.33579 -0.203143 -1.73362 -0.605619 0.410784 0.134576
2.33598 -0.20282 -1.73309 -0.604249 0.408993 0.134955
2.33616 -0.202497 -1.73256 -0.602879 0.407202 0.135334
2.33634 -0.202175 -1.73203 -0.601509 0.405411 0.135713
2.33652 -0.201852 -1.7315 -0.600139 0.40362 0.136092
2.3367 -0.201529 -1.73097 -0.598769 0.401829 0.136472
2.33688 -0.201206 -1.73045 -0.597399 0.400038 0.136851
2.33706 -0.200883 -1.72992 -0.596029 0.398247 0.13723
2.33725 -0.200561 -1.72939 -0.594659 0.396456 0.137609
2.33743 -0.200238 -1.72886 -0.593289 0.394665 0.137988
2.33761 -0.199915 -1.72833 -0.591919 0.392874 0.138368
2.33779 -0.199592 -1.72781 -0.590549 0.391083 0.138747
2.33797 -0.199269 -1.72728 -0.589179 0.389292 0.139126
2.33815 -0.198946 -1.72675 -0.587809 0.387501 0.139505
2.33834 -0.198624 -1.72622 -0.586439 0.38571 0.139884
2.33852 -0.198301 -1.72569 -0.585069 0.383919 0.140263
2.3387 -0.197978 -1.72517 -0.583699 0.382128 0.140643
2.33888 -0.197655 -1.72464 -0.582329 0.380337 0.141022
2.33906 -0.197332 -1.72411 -0.580959 0.378546 0.141401
2.33924 -0.19701 -1.72358 -0.579589 0.376755 0.14178
2.33942 -0.196687 -1.72305 -0.578219 0.374964 0.142159
2.33961 -0.196364 -1.72253 -0.57685 0.373174 0.142538
2.33979 -0.196041 -1.722 -0.57548 0.371383 0.142918
2.33997 -0.195718 -1.72147 -0.57411 0.369592 0.143297
2.34015 -0.195395 -1.72094 -0.57274 0.367801 0.143676
2.34033 -0.195073 -1.72041 -0.57137 0.36601 0.144055
2.34051 -0.19475 -1.71988 -0.57 0.364219 0.144434
2.34069 -0.194427 -1.71936 -0.56863 0.362428 0.144813
2.34088 -0.194104 -1.71883 -0.56726 0.360637 0.145193
2.34106 -0.193781 -1.7183 -0.56589 0.358846 0.145572
2.34124 -0.193459 -1.71777 -0.56452 0.357055 0.145951
2.34142 -0.193136 -1.71724 -0.56315 0.355264 0.14633
2.3416 -0.192813 -1.71672 -0.56178 0.353473 0.146709
2.34178 -0.19249 -1.71619 -0.56041 0.351682 0.147089
2.34196 -0.192167 -1.71566 -0.55904 0.349891 0.147468
2.34215 -0.191845 -1.71513 -0.55767 0.3481 0.147847
2.34233 -0.191522 -1.7146 -0.5563 0.346309 0.148226
2.34251 -0.191199 -1.71408 -0.55493 0.344518 0.148605
2.34269 -0.190876 -1.71355 -0.55356 0.342727 0.148984
2.34287 -0.190553 -1.71302 -0.55219 0.340936 0.149364
2.34305 -0.19023 -1.71249 -0.55082 0.339145 0.149743
2.34323 -0.189908 -1.71196 -0.54945 0.337354 0.150122
2.34342 -0.189585 -1.71143 -0.54808 0.335563 0.150501
2.3436 -0.189262 -1.71091 -0.54671 0.333772 0.15088
2.34378 -0.188939 -1.71038 -0.545341 0.331981 0.151259
2.34396 -0.188616 -1.70985 -0.543971 0.33019 0.151639
2.34414 -0.188294 -1.70932 -0.542601 0.328399 0.152018
2.34432 -0.187971 -1.70879 -0.541231 0.326608 0.152397
2.3445 -0.187648 -1.70827 -0.539861 0.324817 0.152776
2.34469 -0.187325 -1.70774 -0.538491 0.323026 0.153155
2.34487 -0.187002 -1.70721 -0.537121 0.321235 0.153535
2.34505 -0.186679 -1.70668 -0.535751 0.319444 0.153914
2.34523 -0.186357 -1.70615 -0.534381 0.317653 0.154293
2.34541 -0.186034 -1.70563 -0.533011 0.315862 0.154672
2.34559 -0.185711 -1.7051 -0.531641 0.314071 0.155051
2.34577 -0.185388 -1.70457 -0.530271 0.31228 0.15543
2.34596 -0.185065 -1.70404 -0.528901 0.310489 0.15581
2.34614 -0.184743 -1.70351 -0.527531 0.308698 0.156189
2.34632 -0.18442 -1.70298 -0.526161 0.306907 0.156568
2.3465 -0.184097 -1.70246 -0.524791 0.305116 0.156947
2.34668 -0.183774 -1.70193 -0.523421 0.303325 0.157326
2.34686 -0.183451 -1.7014 -0.522051 0.301534 0.157705
2.34704 -0.183128 -1.70087 -0.520681 0.299743 0.158085
2.34723 -0.182806 -1.70034 -0.519311 0.297952 0.158464
2.34741 -0.182483 -1.69982 -0.517941 0.296161 0.158843
2.34759 -0.18216 -1.69929 -0.516571 0.294371 0.159222
2.34777 -0.181837 -1.69876 -0.515201 0.29258 0.159601
2.34795 -0.181514 -1.69823 -0.513832 0.290789 0.159981
2.34813 -0.181192 -1.6977 -0.512462 0.288998 0.16036
2.34832 -0.180869 -1.69718 -0.511092 0.287207 0.160739
2.3485 -0.180546 -1.69665 -0.509722 0.285416 0.161118
2.34868 -0.180223 -1.69612 -0.508352 0.283625 0.161497
2.34886 -0.1799 -1.69559 -0.506982 0.281834 0.161876
2.34904 -0.179577 -1.69506 -0.505612 0.280043 0.162256
2.34922 -0.179255 -1.69454 -0.504242 0.278252 0.162635
2.3494 -0.178932 -1.69401 -0.502872 0.276461 0.163014
2.34959 -0.178609 -1.69348 -0.501502 0.27467 0.163393
2.34977 -0.178286 -1.69295 -0.500132 0.272879 0.163772
2.34995 -0.177963 -1.69242 -0.498762 0.271088 0.164151
2.35013 -0.177641 -1.69189 -0.497392 0.269297 0.164531
2.35031 -0.177318 -1.69137 -0.496022 0.267506 0.16491
2.35049 -0.176995 -1.69084 -0.494652 0.265715 0.165289
2.35067 -0.176672 -1.69031 -0.493282 0.263924 0.165668
2.35086 -0.176349 -1.68978 -0.491912 0.262133 0.166047
2.35104 -0.176026 -1.68925 -0.490542 0.260342 0.166427
2.35122 -0.175704 -1.68873 -0.489172 0.258551 0.166806
2.3514 -0.175381 -1.6882 -0.487802 0.25676 0.167185
2.35158 -0.175058 -1.68767 -0.486432 0.254969 0.167564
2.35176 -0.174735 -1.68714 -0.485062 0.253178 0.167943
2.35194 -0.174412 -1.68661 -0.483692 0.251387 0.168322
2.35213 -0.17409 -1.68609 -0.482322 0.249596 0.168702
2.35231 -0.173767 -1.68556 -0.480953 0.247805 0.169081
2.35249 -0.173444 -1.68503 -0.479583 0.246014 0.16946
2.35267 -0.173121 -1.6845 -0.478213 0.244223 0.169839
2.35285 -0.172798 -1.68397 -0.476843 0.242432 0.170218
2.35303 -0.172475 -1.68344 -0.475473 0.240641 0.170597
2.35321 -0.172153 -1.68292 -0.474103 0.23885 0.170977
2.3534 -0.17183 -1.68239 -0.472733 0.237059 0.171356
2.35358 -0.171507 -1.68186 -0.471363 0.235268 0.171735
2.35376 -0.171184 -1.68133 -0.469993 0.233477 0.172114
2.35394 -0.170861 -1.6808 -0.468623 0.231686 0.172493
2.35412 -0.170539 -1.68028 -0.467253 0.229895 0.172873
2.3543 -0.170216 -1.67975 -0.465883 0.228104 0.173252
2.35448 -0.169893 -1.67922 -0.464513 0.226313 0.173631
2.35467 -0.16957 -1.67869 -0.463143 0.224522 0.17401
2.35485 -0.169247 -1.67816 -0.461773 0.222731 0.174389
2.35503 -0.168924 -1.67764 -0.460403 0.22094 0.174768
2.35521 -0.168602 -1.67711 -0.459033 0.219149 0.175148
2.35539 -0.168279 -1.67658 -0.457663 0.217358 0.175527
2.35557 -0.167956 -1.67605 -0.456293 0.215567 0.175906
2.35575 -0.167633 -1.67552 -0.454923 0.213777 0.176285
2.35594 -0.16731 -1.67499 -0.453553 0.211986 0.176664
2.35612 -0.166988 -1.67447 -0.452183 0.210195 0.177043
2.3563 -0.166665 -1.67394 -0.450813 0.208404 0.177423
2.35648 -0.166342 -1.67341 -0.449444 0.206613 0.177802
2.35666 -0.166019 -1.67288 -0.448074 0.204822 0.178181
2.35684 -0.165696 -1.67235 -0.446704 0.203031 0.17856
2.35703 -0.165373 -1.67183 -0.445334 0.20124 0.178939
2.35721 -0.165051 -1.6713 -0.443964 0.199449 0.179319
2.35739 -0.164728 -1.67077 -0.442594 0.197658 0.179698
2.35757 -0.164405 -1.67024 -0.441224 0.195867 0.180077
2.35775 -0.164082 -1.66971 -0.439854 0.194076 0.180456
2.35793 -0.163759 -1.66919 -0.438484 0.192285 0.180835
2.35811 -0.163437 -1.66866 -0.437114 0.190494 0.181214
2.3583 -0.163114 -1.66813 -0.435744 0.188703 0.181594
2.35848 -0.162791 -1.6676 -0.434374 0.186912 0.181973
2.35866 -0.162468 -1.66707 -0.433004 0.185121 0.182352
2.35884 -0.162145 -1.66655 -0.431634 0.18333 0.182731
2.35902 -0.161822 -1.66602 -0.430264 0.181539 0.18311
2.3592 -0.1615 -1.66549 -0.428894 0.179748 0.183489
2.35938 -0.161177 -1.66496 -0.427524 0.177957 0.183869
2.35957 -0.160854 -1.66443 -0.426154 0.176166 0.184248
2.35975 -0.160531 -1.6639 -0.424784 0.174375 0.184627
2.35993 -0.160208 -1.66338 -0.423414 0.172584 0.185006
2.36011 -0.159886 -1.66285 -0.422044 0.170793 0.185385
2.36029 -0.159563 -1.66232 -0.420674 0.169002 0.185765
2.36047 -0.15924 -1.66179 -0.419304 0.167211 0.186144
2.36065 -0.158917 -1.66126 -0.417935 0.16542 0.186523
2.36084 -0.158594 -1.66074 -0.416565 0.163629 0.186902
2.36102 -0.158271 -1.66021 -0.415195 0.161838 0.187281
2.3612 -0.157949 -1.65968 -0.413825 0.160047 0.18766
2.36138 -0.157626 -1.65915 -0.412455 0.158256 0.18804
2.36156 -0.157303 -1.65862 -0.411085 0.156465 0.188419
2.36174 -0.15698 -1.6581 -0.409715 0.154674 0.188798
2.36192 -0.156657 -1.65757 -0.408345 0.152883 0.189177
2.36211 -0.156335 -1.65704 -0.406975 0.151092 0.189556
2.36229 -0.156012 -1.65651 -0.405605 0.149301 0.189935
2.36247 -0.155689 -1.65598 -0.404235 0.14751 0.190315
2.36265 -0.155366 -1.65545 -0.402865 0.145719 0.190694
2.36283 -0.155043 -1.65493 -0.401495 0.143928 0.191073
2.36301 -0.15472 -1.6544 -0.400125 0.142137 0.191452
2.36319 -0.154398 -1.65387 -0.398755 0.140346 0.191831
2.36338 -0.154075 -1.65334 -0.397385 0.138555 0.192211
2.36356 -0.153752 -1.65281 -0.396015 0.136764 0.19259
2.36374 -0.153429 -1.65229 -0.394645 0.134974 0.192969
2.36392 -0.153106 -1.65176 -0.393275 0.133183 0.193348
2.3641 -0.152784 -1.65123 -0.391905 0.131392 0.193727
2.36428 -0.152461 -1.6507 -0.390535 0.129601 0.194106
2.36446 -0.152138 -1.65017 -0.389165 0.12781 0.194486
2.36465 -0.151815 -1.64965 -0.387795 0.126019 0.194865
2.36483 -0.151492 -1.64912 -0.386425 0.124228 0.195244
2.36501 -0.151169 -1.64859 -0.385056 0.122437 0.195623
2.36519 -0.150847 -1.64806 -0.383686 0.120646 0.196002
2.36537 -0.150524 -1.64753 -0.382316 0.118855 0.196381
2.36555 -0.150201 -1.64701 -0.380946 0.117064 0.196761
2.36573 -0.149878 -1.64648 -0.379576 0.115273 0.19714
2.36592 -0.149555 -1.64595 -0.378206 0.113482 0.197519
2.3661 -0.149233 -1.64542 -0.376836 0.111691 0.197898
2.36628 -0.14891 -1.64489 -0.375466 0.1099 0.198277
2.36646 -0.148587 -1.64436 -0.374096 0.108109 0.198657
2.36664 -0.148264 -1.64384 -0.372726 0.106318 0.199036
2.36682 -0.147941 -1.64331 -0.371356 0.104527 0.199415
2.36701 -0.147619 -1.64278 -0.369986 0.102736 0.199794
2.36719 -0.147296 -1.64225 -0.368616 0.100945 0.200173
2.36737 -0.146973 -1.64172 -0.367246 0.099154 0.200552
2.36755 -0.14665 -1.6412 -0.365876 0.097363 0.200932
2.36773 -0.146327 -1.64067 -0.364506 0.095572 0.201311
2.36791 -0.146004 -1.64014 -0.363136 0.093781 0.20169
2.36809 -0.145682 -1.63961 -0.361766 0.09199 0.202069
2.36828 -0.145359 -1.63908 -0.360396 0.0901991 0.202448
2.36846 -0.145036 -1.63856 -0.359026 0.0884081 0.202827
2.36864 -0.144713 -1.63803 -0.357656 0.0866171 0.203207
2.36882 -0.14439 -1.6375 -0.356286 0.0848261 0.203586
2.369 -0.144068 -1.63697 -0.354916 0.0830352 0.203965
2.36918 -0.143745 -1.63644 -0.353547 0.0812442 0.204344
2.36936 -0.143422 -1.63591 -0.352177 0.0794532 0.204723
2.36955 -0.143099 -1.63539 -0.350807 0.0776622 0.205103
2.36973 -0.142776 -1.63486 -0.349437 0.0758712 0.205482
2.36991 -0.142453 -1.63433 -0.348067 0.0740803 0.205861
2.37009 -0.142131 -1.6338 -0.346697 0.0722893 0.20624
2.37027 -0.141808 -1.63327 -0.345327 0.0704983 0.206619
2.37045 -0.141485 -1.63275 -0.343957 0.0687073 0.206998
2.37063 -0.141162 -1.63222 -0.342587 0.0669164 0.207378
2.37082 -0.140839 -1.63169 -0.341217 0.0651254 0.207757
2.371 -0.140517 -1.63116 -0.339847 0.0633344 0.208136
2.37118 -0.140194 -1.63063 -0.338477 0.0615434 0.208515
2.37136 -0.139871 -1.63011 -0.337107 0.0597525 0.208894
2.37154 -0.139548 -1.62958 -0.335737 0.0579615 0.209273
2.37172 -0.139225 -1.62905 -0.334367 0.0561705 0.209653
2.3719 -0.138902 -1.62852 -0.332997 0.0543795 0.210032
2.37209 -0.13858 -1.62799 -0.331627 0.0525885 0.210411
2.37227 -0.138257 -1.62746 -0.330257 0.0507976 0.21079
2.37245 -0.137934 -1.62694 -0.328887 0.0490066 0.211169
2.37263 -0.137611 -1.62641 -0.327517 0.0472156 0.211549
2.37281 -0.137288 -1.62588 -0.326147 0.0454246 0.211928
2.37299 -0.136966 -1.62535 -0.324777 0.0436337 0.212307
2.37317 -0.136643 -1.62482 -0.323407 0.0418427 0.212686
2.37336 -0.13632 -1.6243 -0.322037 0.0400517 0.213065
2.37354 -0.135997 -1.62377 -0.320668 0.0382607 0.213444
2.37372 -0.135674 -1.62324 -0.319298 0.0364697 0.213824
2.3739 -0.135351 -1.62271 -0.317928 0.0346788 0.214203
2.37408 -0.135029 -1.62218 -0.316558 0.0328878 0.214582
2.37426 -0.134706 -1.62166 -0.315188 0.0310968 0.214961
2.37444 -0.134383 -1.62113 -0.313818 0.0293058 0.21534
2.37463 -0.13406 -1.6206 -0.312448 0.0275149 0.215719
2.37481 -0.133737 -1.62007 -0.311078 0.0257239 0.216099
2.37499 -0.133415 -1.61954 -0.309708 0.0239329 0.216478
2.37517 -0.133092 -1.61902 -0.308338 0.0221419 0.216857
2.37535 -0.132769 -1.61849 -0.306968 0.0203509 0.217236
2.37553 -0.132446 -1.61796 -0.305598 0.01856 0.217615
2.37572 -0.132123 -1.61743 -0.304228 0.016769 0.217995
2.3759 -0.1318 -1.6169 -0.302858 0.014978 0.218374
2.37608 -0.131478 -1.61637 -0.301488 0.013187 0.218753
2.37626 -0.131155 -1.61585 -0.300118 0.0113961 0.219132
2.37644 -0.130832 -1.61532 -0.298748 0.00960508 0.219511
2.37662 -0.130509 -1.61479 -0.297378 0.0078141 0.21989
2.3768 -0.130186 -1.61426 -0.296008 0.00602312 0.22027
2.37699 -0.129864 -1.61373 -0.294638 0.00423215 0.220649
2.37717 -0.129541 -1.61321 -0.293268 0.00244117 0.221028
2.37735 -0.129218 -1.61268 -0.291898 0.000650192 0.221407
2.37753 -0.128895 -1.61215 -0.290528 -0.00114079 0.221786
2.37771 -0.128572 -1.61162 -0.289159 -0.00293176 0.222165
2.37789 -0.128249 -1.61109 -0.287789 -0.00472274 0.222545
2.37807 -0.127927 -1.61057 -0.286419 -0.00651372 0.222924
2.37826 -0.127604 -1.61004 -0.285049 -0.0083047 0.223303
2.37844 -0.127281 -1.60951 -0.283679 -0.0100957 0.223682
2.37862 -0.126958 -1.60898 -0.282309 -0.0118867 0.224061
2.3788 -0.126635 -1.60845 -0.280939 -0.0136776 0.224441
2.37898 -0.126313 -1.60792 -0.279569 -0.0154686 0.22482
2.37916 -0.12599 -1.6074 -0.278199 -0.0172596 0.225199
2.37934 -0.125667 -1.60687 -0.276829 -0.0190506 0.225578
2.37953 -0.125344 -1.60634 -0.275459 -0.0208415 0.225957
2.37971 -0.125021 -1.60581 -0.274089 -0.0226325 0.226336
2.37989 -0.124698 -1.60528 -0.272719 -0.0244235 0.226716
2.38007 -0.124376 -1.60476 -0.271349 -0.0262145 0.227095
2.38025 -0.124053 -1.60423 -0.269979 -0.0280054 0.227474
2.38043 -0.12373 -1.6037 -0.268609 -0.0297964 0.227853
2.38061 -0.123407 -1.60317 -0.267239 -0.0315874 0.228232
2.3808 -0.123084 -1.60264 -0.265869 -0.0333784 0.228611
2.38098 -0.122762 -1.60212 -0.264499 -0.0351694 0.228991
2.38116 -0.122439 -1.60159 -0.263129 -0.0369603 0.22937
2.38134 -0.122116 -1.60106 -0.261759 -0.0387513 0.229749
2.38152 -0.121793 -1.60053 -0.260389 -0.0405423 0.230128
2.3817 -0.12147 -1.6 -0.259019 -0.0423333 0.230507
2.38188 -0.121147 -1.59948 -0.25765 -0.0441242 0.230887
2.38207 -0.120825 -1.59895 -0.25628 -0.0459152 0.231266
2.38225 -0.120502 -1.59842 -0.25491 -0.0477062 0.231645
2.38243 -0.120179 -1.59789 -0.25354 -0.0494972 0.232024
2.38261 -0.119856 -1.59736 -0.25217 -0.0512882 0.232403
2.38279 -0.119533 -1.59683 -0.2508 -0.0530791 0.232782
2.38297 -0.119211 -1.59631 -0.24943 -0.0548701 0.233162
2.38315 -0.118888 -1.59578 -0.24806 -0.0566611 0.233541
2.38334 -0.118565 -1.59525 -0.24669 -0.0584521 0.23392
2.38352 -0.118242 -1.59472 -0.24532 -0.060243 0.234299
2.3837 -0.117919 -1.59419 -0.24395 -0.062034 0.234678
2.38388 -0.117596 -1.59367 -0.24258 -0.063825 0.235057
2.38406 -0.117274 -1.59314 -0.24121 -0.065616 0.235437
2.38424 -0.116951 -1.59261 -0.23984 -0.067407 0.235816
2.38442 -0.116628 -1.59208 -0.23847 -0.0691979 0.236195
2.38461 -0.116305 -1.59155 -0.2371 -0.0709889 0.236574
2.38479 -0.115982 -1.59103 -0.23573 -0.0727799 0.236953
2.38497 -0.11566 -1.5905 -0.23436 -0.0745709 0.237333
2.38515 -0.115337 -1.58997 -0.23299 -0.0763618 0.237712
2.38533 -0.115014 -1.58944 -0.23162 -0.0781528 0.238091
2.38551 -0.114691 -1.58891 -0.23025 -0.0799438 0.23847
2.3857 -0.114368 -1.58838 -0.22888 -0.0817348 0.238849
2.38588 -0.114045 -1.58786 -0.22751 -0.0835258 0.239228
2.38606 -0.113723 -1.58733 -0.22614 -0.0853167 0.239608
2.38624 -0.1134 -1.5868 -0.224771 -0.0871077 0.239987
2.38642 -0.113077 -1.58627 -0.223401 -0.0888987 0.240366
2.3866 -0.112754 -1.58574 -0.222031 -0.0906897 0.240745
2.38678 -0.112431 -1.58522 -0.220661 -0.0924806 0.241124
2.38697 -0.112109 -1.58469 -0.219291 -0.0942716 0.241503
2.38715 -0.111786 -1.58416 -0.217921 -0.0960626 0.241883
2.38733 -0.111463 -1.58363 -0.216551 -0.0978536 0.242262
2.38751 -0.11114 -1.5831 -0.215181 -0.0996445 0.242641
2.38769 -0.110817 -1.58258 -0.213811 -0.101436 0.24302
2.38787 -0.110494 -1.58205 -0.212441 -0.103227 0.243399
2.38805 -0.110172 -1.58152 -0.211071 -0.105017 0.243779
2.38824 -0.109849 -1.58099 -0.209701 -0.106808 0.244158
2.38842 -0.109526 -1.58046 -0.208331 -0.108599 0.244537
2.3886 -0.109203 -1.57993 -0.206961 -0.11039 0.244916
2.38878 -0.10888 -1.57941 -0.205591 -0.112181 0.245295
2.38896 -0.108558 -1.57888 -0.204221 -0.113972 0.245674
2.38914 -0.108235 -1.57835 -0.202851 -0.115763 0.246054
2.38932 -0.107912 -1.57782 -0.201481 -0.117554 0.246433
2.38951 -0.107589 -1.57729 -0.200111 -0.119345 0.246812
2.38969 -0.107266 -1.57677 -0.198741 -0.121136 0.247191
2.38987 -0.106944 -1.57624 -0.197371 -0.122927 0.24757
2.39005 -0.106621 -1.57571 -0.196001 -0.124718 0.247949
2.39023 -0.106298 -1.57518 -0.194631 -0.126509 0.248329
2.39041 -0.105975 -1.57465 -0.193262 -0.1283 0.248708
2.39059 -0.105652 -1.57413 -0.191892 -0.130091 0.249087
2.39078 -0.105329 -1.5736 -0.190522 -0.131882 0.249466
2.39096 -0.105007 -1.57307 -0.189152 -0.133673 0.249845
2.39114 -0.104684 -1.57254 -0.187782 -0.135464 0.250225
2.39132 -0.104361 -1.57201 -0.186412 -0.137255 0.250604
2.3915 -0.104038 -1.57149 -0.185042 -0.139046 0.250983
2.39168 -0.103715 -1.57096 -0.183672 -0.140837 0.251362
2.39186 -0.103393 -1.57043 -0.182302 -0.142628 0.251741
2.39205 -0.10307 -1.5699 -0.180932 -0.144419 0.25212
2.39223 -0.102747 -1.56937 -0.179562 -0.14621 0.2525
2.39241 -0.102424 -1.56884 -0.178192 -0.148001 0.252879
2.39259 -0.102101 -1.56832 -0.176822 -0.149792 0.253258
2.39277 -0.101778 -1.56779 -0.175452 -0.151583 0.253637
2.39295 -0.101456 -1.56726 -0.174082 -0.153374 0.254016
2.39313 -0.101133 -1.56673 -0.172712 -0.155165 0.254395
2.39332 -0.10081 -1.5662 -0.171342 -0.156956 0.254775
2.3935 -0.100487 -1.56568 -0.169972 -0.158747 0.255154
2.39368 -0.100164 -1.56515 -0.168602 -0.160538 0.255533
2.39386 -0.0998415 -1.56462 -0.167232 -0.162329 0.255912
2.39404 -0.0995187 -1.56409 -0.165862 -0.16412 0.256291
2.39422 -0.0991959 -1.56356 -0.164492 -0.165911 0.256671
2.39441 -0.0988731 -1.56304 -0.163122 -0.167702 0.25705
2.39459 -0.0985502 -1.56251 -0.161752 -0.169493 0.257429
2.39477 -0.0982274 -1.56198 -0.160383 -0.171284 0.257808
2.39495 -0.0979046 -1.56145 -0.159013 -0.173075 0.258187
2.39513 -0.0975818 -1.56092 -0.157643 -0.174866 0.258566
2.39531 -0.097259 -1.56039 -0.156273 -0.176657 0.258946
2.39549 -0.0969362 -1.55987 -0.154903 -0.178448 0.259325
2.39568 -0.0966133 -1.55934 -0.153533 -0.180239 0.259704
2.39586 -0.0962905 -1.55881 -0.152163 -0.18203 0.260083
2.39604 -0.0959677 -1.55828 -0.150793 -0.18382 0.260462
2.39622 -0.0956449 -1.55775 -0.149423 -0.185611 0.260841
2.3964 -0.0953221 -1.55723 -0.148053 -0.187402 0.261221
2.39658 -0.0949993 -1.5567 -0.146683 -0.189193 0.2616
2.39676 -0.0946764 -1.55617 -0.145313 -0.190984 0.261979
2.39695 -0.0943536 -1.55564 -0.143943 -0.192775 0.262358
2.39713 -0.0940308 -1.55511 -0.142573 -0.194566 0.262737
2.39731 -0.093708 -1.55459 -0.141203 -0.196357 0.263117
2.39749 -0.0933852 -1.55406 -0.139833 -0.198148 0.263496
2.39767 -0.0930623 -1.55353 -0.138463 -0.199939 0.263875
2.39785 -0.0927395 -1.553 -0.137093 -0.20173 0.264254
2.39803 -0.0924167 -1.55247 -0.135723 -0.203521 0.264633
2.39822 -0.0920939 -1.55195 -0.134353 -0.205312 0.265012
2.3984 -0.0917711 -1.55142 -0.132983 -0.207103 0.265392
2.39858 -0.0914483 -1.55089 -0.131613 -0.208894 0.265771
2.39876 -0.0911254 -1.55036 -0.130243 -0.210685 0.26615
2.39894 -0.0908026 -1.54983 -0.128874 -0.212476 0.266529
2.39912 -0.0904798 -1.5493 -0.127504 -0.214267 0.266908
2.3993 -0.090157 -1.54878 -0.126134 -0.216058 0.267287
2.39949 -0.0898342 -1.54825 -0.124764 -0.217849 0.267667
2.39967 -0.0895114 -1.54772 -0.123394 -0.21964 0.268046
2.39985 -0.0891885 -1.54719 -0.122024 -0.221431 0.268425
2.40003 -0.0888657 -1.54666 -0.120654 -0.223222 0.268804
2.40021 -0.0885429 -1.54614 -0.119284 -0.225013 0.269183
2.40039 -0.0882201 -1.54561 -0.117914 -0.226804 0.269563
2.40057 -0.0878973 -1.54508 -0.116544 -0.228595 0.269942
2.40076 -0.0875745 -1.54455 -0.115174 -0.230386 0.270321
2.40094 -0.0872516 -1.54402 -0.113804 -0.232177 0.2707
2.40112 -0.0869288 -1.5435 -0.112434 -0.233968 0.271079
2.4013 -0.086606 -1.54297 -0.111064 -0.235759 0.271458
2.40148 -0.0862832 -1.54244 -0.109694 -0.23755 0.271838
2.40166 -0.0859604 -1.54191 -0.108324 -0.239341 0.272217
2.40184 -0.0856375 -1.54138 -0.106954 -0.241132 0.272596
2.40203 -0.0853147 -1.54085 -0.105584 -0.242923 0.272975
2.40221 -0.0849919 -1.54033 -0.104214 -0.244714 0.273354
2.40239 -0.0846691 -1.5398 -0.102844 -0.246505 0.273733
2.40257 -0.0843463 -1.53927 -0.101474 -0.248296 0.274113
2.40275 -0.0840235 -1.53874 -0.100104 -0.250087 0.274492
2.40293 -0.0837006 -1.53821 -0.0987345 -0.251878 0.274871
2.40311 -0.0833778 -1.53769 -0.0973645 -0.253669 0.27525
2.4033 -0.083055 -1.53716 -0.0959946 -0.25546 0.275629
2.40348 -0.0827322 -1.53663 -0.0946246 -0.257251 0.276009
2.40366 -0.0824094 -1.5361 -0.0932546 -0.259042 0.276388
2.40384 -0.0820866 -1.53557 -0.0918847 -0.260833 0.276767
2.40402 -0.0817637 -1.53505 -0.0905147 -0.262624 0.277146
2.4042 -0.0814409 -1.53452 -0.0891448 -0.264414 0.277525
2.40439 -0.0811181 -1.53399 -0.0877748 -0.266205 0.277904
2.40457 -0.0807953 -1.53346 -0.0864048 -0.267996 0.278284
2.40475 -0.0804725 -1.53293 -0.0850349 -0.269787 0.278663
2.40493 -0.0801496 -1.5324 -0.0836649 -0.271578 0.279042
2.40511 -0.0798268 -1.53188 -0.082295 -0.273369 0.279421
2.40529 -0.079504 -1.53135 -0.080925 -0.27516 0.2798
2.40547 -0.0791812 -1.53082 -0.0795551 -0.276951 0.280179
2.40566 -0.0788584 -1.53029 -0.0781851 -0.278742 0.280559
2.40584 -0.0785356 -1.52976 -0.0768151 -0.280533 0.280938
2.40602 -0.0782127 -1.52924 -0.0754452 -0.282324 0.281317
2.4062 -0.0778899 -1.52871 -0.0740752 -0.284115 0.281696
2.40638 -0.0775671 -1.52818 -0.0727053 -0.285906 0.282075
2.40656 -0.0772443 -1.52765 -0.0713353 -0.287697 0.282455
2.40674 -0.0769215 -1.52712 -0.0699654 -0.289488 0.282834
2.40693 -0.0765987 -1.5266 -0.0685954 -0.291279 0.283213
2.40711 -0.0762758 -1.52607 -0.0672254 -0.29307 0.283592
2.40729 -0.075953 -1.52554 -0.0658555 -0.294861 0.283971
2.40747 -0.0756302 -1.52501 -0.0644855 -0.296652 0.28435
2.40765 -0.0753074 -1.52448 -0.0631156 -0.298443 0.28473
2.40783 -0.0749846 -1.52396 -0.0617456 -0.300234 0.285109
2.40801 -0.0746617 -1.52343 -0.0603757 -0.302025 0.285488
2.4082 -0.0743389 -1.5229 -0.0590057 -0.303816 0.285867
2.40838 -0.0740161 -1.52237 -0.0576357 -0.305607 0.286246
2.40856 -0.0736933 -1.52184 -0.0562658 -0.307398 0.286625
2.40874 -0.0733705 -1.52131 -0.0548958 -0.309189 0.287005
2.40892 -0.0730477 -1.52079 -0.0535259 -0.31098 0.287384
2.4091 -0.0727248 -1.52026 -0.0521559 -0.312771 0.287763
2.40928 -0.072402 -1.51973 -0.050786 -0.314562 0.288142
2.40947 -0.0720792 -1.5192 -0.049416 -0.316353 0.288521
2.40965 -0.0717564 -1.51867 -0.048046 -0.318144 0.2889
2.40983 -0.0714336 -1.51815 -0.0466761 -0.319935 0.28928
2.41001 -0.0711108 -1.51762 -0.0453061 -0.321726 0.289659
2.41019 -0.0707879 -1.51709 -0.0439362 -0.323517 0.290038
2.41037 -0.0704651 -1.51656 -0.0425662 -0.325308 0.290417
2.41055 -0.0701423 -1.51603 -0.0411963 -0.327099 0.290796
2.41074 -0.0698195 -1.51551 -0.0398263 -0.32889 0.291176
2.41092 -0.0694967 -1.51498 -0.0384563 -0.330681 0.291555
2.4111 -0.0691739 -1.51445 -0.0370864 -0.332472 0.291934
2.41128 -0.068851 -1.51392 -0.0357164 -0.334263 0.292313
2.41146 -0.0685282 -1.51339 -0.0343465 -0.336054 0.292692
2.41164 -0.0682054 -1.51286 -0.0329765 -0.337845 0.293071
2.41182 -0.0678826 -1.51234 -0.0316066 -0.339636 0.293451
2.41201 -0.0675598 -1.51181 -0.0302366 -0.341427 0.29383
2.41219 -0.0672369 -1.51128 -0.0288666 -0.343217 0.294209
2.41237 -0.0669141 -1.51075 -0.0274967 -0.345008 0.294588
2.41255 -0.0665913 -1.51022 -0.0261267 -0.346799 0.294967
2.41273 -0.0662685 -1.5097 -0.0247568 -0.34859 0.295346
2.41291 -0.0659457 -1.50917 -0.0233868 -0.350381 0.295726
2.4131 -0.0656229 -1.50864 -0.0220169 -0.352172 0.296105
2.41328 -0.0653 -1.50811 -0.0206469 -0.353963 0.296484
2.41346 -0.0649772 -1.50758 -0.0192769 -0.355754 0.296863
2.41364 -0.0646544 -1.50706 -0.017907 -0.357545 0.297242
2.41382 -0.0643316 -1.50653 -0.016537 -0.359336 0.297622
2.414 -0.0640088 -1.506 -0.0151671 -0.361127 0.298001
2.41418 -0.063686 -1.50547 -0.0137971 -0.362918 0.29838
2.41437 -0.0633631 -1.50494 -0.0124272 -0.364709 0.298759
2.41455 -0.0630403 -1.50442 -0.0110572 -0.3665 0.299138
2.41473 -0.0627175 -1.50389 -0.00968724 -0.368291 0.299517
2.41491 -0.0623947 -1.50336 -0.00831729 -0.370082 0.299897
2.41509 -0.0620719 -1.50283 -0.00694733 -0.371873 0.300276
2.41527 -0.061749 -1.5023 -0.00557737 -0.373664 0.300655
2.41545 -0.0614262 -1.50177 -0.00420741 -0.375455 0.301034
2.41564 -0.0611034 -1.50125 -0.00283746 -0.377246 0.301413
2.41582 -0.0607806 -1.50072 -0.0014675 -0.379037 0.301792
2.416 -0.0604578 -1.50019 -9.75431e-05 -0.380828 0.302172
2.41618 -0.060135 -1.49966 0.00127241 -0.382619 0.302551
2.41636 -0.0598121 -1.49913 0.00264237 -0.38441 0.30293
2.41654 -0.0594893 -1.49861 0.00401233 -0.386201 0.303309
2.41672 -0.0591665 -1.49808 0.00538229 -0.387992 0.303688
2.41691 -0.0588437 -1.49755 0.00675224 -0.389783 0.304068
2.41709 -0.0585209 -1.49702 0.0081222 -0.391574 0.304447
2.41727 -0.0581981 -1.49649 0.00949216 -0.393365 0.304826
2.41745 -0.0578752 -1.49597 0.0108621 -0.395156 0.305205
2.41763 -0.0575524 -1.49544 0.0122321 -0.396947 0.305584
2.41781 -0.0572296 -1.49491 0.013602 -0.398738 0.305963
2.41799 -0.0569068 -1.49438 0.014972 -0.400529 0.306343
2.41818 -0.056584 -1.49385 0.0163419 -0.40232 0.306722
2.41836 -0.0562612 -1.49332 0.0177119 -0.404111 0.307101
2.41854 -0.0559383 -1.4928 0.0190819 -0.405902 0.30748
2.41872 -0.0556155 -1.49227 0.0204518 -0.407693 0.307859
2.4189 -0.0552927 -1.49174 0.0218218 -0.409484 0.308238
2.41908 -0.0549699 -1.49121 0.0231917 -0.411275 0.308618
2.41926 -0.0546471 -1.49068 0.0245617 -0.413066 0.308997
2.41945 -0.0543242 -1.49016 0.0259316 -0.414857 0.309376
2.41963 -0.0540014 -1.48963 0.0273016 -0.416648 0.309755
2.41981 -0.0536786 -1.4891 0.0286716 -0.418439 0.310134
2.41999 -0.0533558 -1.48857 0.0300415 -0.42023 0.310514
2.42017 -0.053033 -1.48804 0.0314115 -0.422021 0.310893
2.42035 -0.0527102 -1.48752 0.0327814 -0.423811 0.311272
2.42053 -0.0523873 -1.48699 0.0341514 -0.425602 0.311651
2.42072 -0.0520645 -1.48646 0.0355213 -0.427393 0.31203
2.4209 -0.0517417 -1.48593 0.0368913 -0.429184 0.312409
2.42108 -0.0514189 -1.4854 0.0382613 -0.430975 0.312789
2.42126 -0.0510961 -1.48487 0.0396312 -0.432766 0.313168
2.42144 -0.0507733 -1.48435 0.0410012 -0.434557 0.313547
2.42162 -0.0504504 -1.48382 0.0423711 -0.436348 0.313926
2.4218 -0.0501276 -1.48329 0.0437411 -0.438139 0.314305
2.42199 -0.0498048 -1.48276 0.045111 -0.43993 0.314684
2.42217 -0.049482 -1.48223 0.046481 -0.441721 0.315064
2.42235 -0.0491592 -1.48171 0.047851 -0.443512 0.315443
2.42253 -0.0488363 -1.48118 0.0492209 -0.445303 0.315822
2.42271 -0.0485135 -1.48065 0.0505909 -0.447094 0.316201
2.42289 -0.0481907 -1.48012 0.0519608 -0.448885 0.31658
2.42308 -0.0478679 -1.47959 0.0533308 -0.450676 0.31696
2.42326 -0.0475451 -1.47907 0.0547007 -0.452467 0.317339
2.42344 -0.0472223 -1.47854 0.0560707 -0.454258 0.317718
2.42362 -0.0468994 -1.47801 0.0574407 -0.456049 0.318097
2.4238 -0.0465766 -1.47748 0.0588106 -0.45784 0.318476
2.42398 -0.0462538 -1.47695 0.0601806 -0.459631 0.318855
2.42416 -0.045931 -1.47643 0.0615505 -0.461422 0.319235
2.42435 -0.0456082 -1.4759 0.0629205 -0.463213 0.319614
2.42453 -0.0452854 -1.47537 0.0642904 -0.465004 0.319993
2.42471 -0.0449625 -1.47484 0.0656604 -0.466795 0.320372
2.42489 -0.0446397 -1.47431 0.0670304 -0.468586 0.320751
2.42507 -0.0443169 -1.47378 0.0684003 -0.470377 0.32113
2.42525 -0.0439941 -1.47326 0.0697703 -0.472168 0.32151
2.42543 -0.0436713 -1.47273 0.0711402 -0.473959 0.321889
2.42562 -0.0433485 -1.4722 0.0725102 -0.47575 0.322268
2.4258 -0.0430256 -1.47167 0.0738801 -0.477541 0.322647
2.42598 -0.0427028 -1.47114 0.0752501 -0.479332 0.323026
2.42616 -0.04238 -1.47062 0.0766201 -0.481123 0.323406
2.42634 -0.0420572 -1.47009 0.07799 -0.482914 0.323785
2.42652 -0.0417344 -1.46956 0.07936 -0.484705 0.324164
2.4267 -0.0414115 -1.46903 0.0807299 -0.486496 0.324543
2.42689 -0.0410887 -1.4685 0.0820999 -0.488287 0.324922
2.42707 -0.0407659 -1.46798 0.0834698 -0.490078 0.325301
2.42725 -0.0404431 -1.46745 0.0848398 -0.491869 0.325681
2.42743 -0.0401203 -1.46692 0.0862098 -0.49366 0.32606
2.42761 -0.0397975 -1.46639 0.0875797 -0.495451 0.326439
2.42779 -0.0394746 -1.46586 0.0889497 -0.497242 0.326818
2.42797 -0.0391518 -1.46533 0.0903196 -0.499033 0.327197
2.42816 -0.038829 -1.46481 0.0916896 -0.500824 0.327576
2.42834 -0.0385062 -1.46428 0.0930595 -0.502614 0.327956
2.42852 -0.0381834 -1.46375 0.0944295 -0.504405 0.328335
2.4287 -0.0378606 -1.46322 0.0957995 -0.506196 0.328714
2.42888 -0.0375377 -1.46269 0.0971694 -0.507987 0.329093
2.42906 -0.0372149 -1.46217 0.0985394 -0.509778 0.329472
2.42924 -0.0368921 -1.46164 0.0999093 -0.511569 0.329852
2.42943 -0.0365693 -1.46111 0.101279 -0.51336 0.330231
2.42961 -0.0362465 -1.46058 0.102649 -0.515151 0.33061
2.42979 -0.0359236 -1.46005 0.104019 -0.516942 0.330989
2.42997 -0.0356008 -1.45953 0.105389 -0.518733 0.331368
2.43015 -0.035278 -1.459 0.106759 -0.520524 0.331747
2.43033 -0.0349552 -1.45847 0.108129 -0.522315 0.332127
2.43051 -0.0346324 -1.45794 0.109499 -0.524106 0.332506
2.4307 -0.0343096 -1.45741 0.110869 -0.525897 0.332885
2.43088 -0.0339867 -1.45689 0.112239 -0.527688 0.333264
2.43106 -0.0336639 -1.45636 0.113609 -0.529479 0.333643
2.43124 -0.0333411 -1.45583 0.114979 -0.53127 0.334022
2.43142 -0.0330183 -1.4553 0.116349 -0.533061 0.334402
2.4316 -0.0326955 -1.45477 0.117719 -0.534852 0.334781
2.43179 -0.0323727 -1.45424 0.119089 -0.536643 0.33516
2.43197 -0.0320498 -1.45372 0.120459 -0.538434 0.335539
2.43215 -0.031727 -1.45319 0.121829 -0.540225 0.335918
2.43233 -0.0314042 -1.45266 0.123199 -0.542016 0.336298
2.43251 -0.0310814 -1.45213 0.124569 -0.543807 0.336677
2.43269 -0.0307586 -1.4516 0.125939 -0.545598 0.337056
2.43287 -0.0304358 -1.45108 0.127308 -0.547389 0.337435
2.43306 -0.0301129 -1.45055 0.128678 -0.54918 0.337814
2.43324 -0.0297901 -1.45002 0.130048 -0.550971 0.338193
2.43342 -0.0294673 -1.44949 0.131418 -0.552762 0.338573
2.4336 -0.0291445 -1.44896 0.132788 -0.554553 0.338952
2.43378 -0.0288217 -1.44844 0.134158 -0.556344 0.339331
2.43396 -0.0284988 -1.44791 0.135528 -0.558135 0.33971
2.43414 -0.028176 -1.44738 0.136898 -0.559926 0.340089
2.43433 -0.0278532 -1.44685 0.138268 -0.561717 0.340468
2.43451 -0.0275304 -1.44632 0.139638 -0.563508 0.340848
2.43469 -0.0272076 -1.44579 0.141008 -0.565299 0.341227
2.43487 -0.0268848 -1.44527 0.142378 -0.56709 0.341606
2.43505 -0.0265619 -1.44474 0.143748 -0.568881 0.341985
2.43523 -0.0262391 -1.44421 0.145118 -0.570672 0.342364
2.43541 -0.0259163 -1.44368 0.146488 -0.572463 0.342744
2.4356 -0.0255935 -1.44315 0.147858 -0.574254 0.343123
2.43578 -0.0252707 -1.44263 0.149228 -0.576045 0.343502
2.43596 -0.0249479 -1.4421 0.150598 -0.577836 0.343881
2.43614 -0.024625 -1.44157 0.151968 -0.579627 0.34426
2.43632 -0.0243022 -1.44104 0.153338 -0.581418 0.344639
2.4365 -0.0239794 -1.44051 0.154708 -0.583208 0.345019
2.43668 -0.0236566 -1.43999 0.156078 -0.584999 0.345398
2.43687 -0.0233338 -1.43946 0.157448 -0.58679 0.345777
2.43705 -0.0230109 -1.43893 0.158817 -0.588581 0.346156
2.43723 -0.0226881 -1.4384 0.160187 -0.590372 0.346535
2.43741 -0.0223653 -1.43787 0.161557 -0.592163 0.346914
2.43759 -0.0220425 -1.43734 0.162927 -0.593954 0.347294
2.43777 -0.0217197 -1.43682 0.164297 -0.595745 0.347673
2.43795 -0.0213969 -1.43629 0.165667 -0.597536 0.348052
2.43814 -0.021074 -1.43576 0.167037 -0.599327 0.348431
2.43832 -0.0207512 -1.43523 0.168407 -0.601118 0.34881
2.4385 -0.0204284 -1.4347 0.169777 -0.602909 0.34919
2.43868 -0.0201056 -1.43418 0.171147 -0.6047 0.349569
2.43886 -0.0197828 -1.43365 0.172517 -0.606491 0.349948
2.43904 -0.01946 -1.43312 0.173887 -0.608282 0.350327
2.43922 -0.0191371 -1.43259 0.175257 -0.610073 0.350706
2.43941 -0.0188143 -1.43206 0.176627 -0.611864 0.351085
2.43959 -0.0184915 -1.43154 0.177997 -0.613655 0.351465
2.43977 -0.0181687 -1.43101 0.179367 -0.615446 0.351844
2.43995 -0.0178459 -1.43048 0.180737 -0.617237 0.352223
2.44013 -0.0175231 -1.42995 0.182107 -0.619028 0.352602
2.44031 -0.0172002 -1.42942 0.183477 -0.620819 0.352981
2.44049 -0.0168774 -1.4289 0.184847 -0.62261 0.35336
2.44068 -0.0165546 -1.42837 0.186217 -0.624401 0.35374
2.44086 -0.0162318 -1.42784 0.187587 -0.626192 0.354119
2.44104 -0.015909 -1.42731 0.188957 -0.627983 0.354498
2.44122 -0.0155861 -1.42678 0.190327 -0.629774 0.354877
2.4414 -0.0152633 -1.42625 0.191696 -0.631565 0.355256
2.44158 -0.0149405 -1.42573 0.193066 -0.633356 0.355636
2.44177 -0.0146177 -1.4252 0.194436 -0.635147 0.356015
2.44195 -0.0142949 -1.42467 0.195806 -0.636938 0.356394
2.44213 -0.0139721 -1.42414 0.197176 -0.638729 0.356773
2.44231 -0.0136492 -1.42361 0.198546 -0.64052 0.357152
2.44249 -0.0133264 -1.42309 0.199916 -0.642311 0.357531
2.44267 -0.0130036 -1.42256 0.201286 -0.644102 0.357911
2.44285 -0.0126808 -1.42203 0.202656 -0.645893 0.35829
2.44304 -0.012358 -1.4215 0.204026 -0.647684 0.358669
2.44322 -0.0120352 -1.42097 0.205396 -0.649475 0.359048
2.4434 -0.0117123 -1.42045 0.206766 -0.651266 0.359427
2.44358 -0.0113895 -1.41992 0.208136 -0.653057 0.359806
2.44376 -0.0110667 -1.41939 0.209506 -0.654848 0.360186
2.44394 -0.0107439 -1.41886 0.210876 -0.656639 0.360565
2.44412 -0.0104211 -1.41833 0.212246 -0.65843 0.360944
2.44431 -0.0100982 -1.4178 0.213616 -0.660221 0.361323
2.44449 -0.00977543 -1.41728 0.214986 -0.662011 0.361702
2.44467 -0.00945261 -1.41675 0.216356 -0.663802 0.362082
2.44485 -0.0091298 -1.41622 0.217726 -0.665593 0.362461
2.44503 -0.00880698 -1.41569 0.219096 -0.667384 0.36284
