2.1637 -2.11199 1.05055 -1.99643 1.90359 1.36266
2.16362 -2.11025 1.0479 -1.99556 1.90279 1.36155
2.16354 -2.1085 1.04525 -1.99469 1.90199 1.36043
2.16346 -2.10675 1.04259 -1.99383 1.90118 1.35932
2.16338 -2.105 1.03994 -1.99296 1.90038 1.3582
2.1633 -2.10325 1.03729 -1.9921 1.89958 1.35709
2.16321 -2.1015 1.03463 -1.99123 1.89878 1.35597
2.16313 -2.09976 1.03198 -1.99037 1.89797 1.35486
2.16305 -2.09801 1.02933 -1.9895 1.89717 1.35374
2.16297 -2.09626 1.02667 -1.98864 1.89637 1.35263
2.16289 -2.09451 1.02402 -1.98777 1.89556 1.35152
2.16281 -2.09276 1.02137 -1.98691 1.89476 1.3504
2.16272 -2.09101 1.01871 -1.98604 1.89396 1.34929
2.16264 -2.08927 1.01606 -1.98518 1.89315 1.34817
2.16256 -2.08752 1.01341 -1.98431 1.89235 1.34706
2.16248 -2.08577 1.01076 -1.98344 1.89155 1.34594
2.1624 -2.08402 1.0081 -1.98258 1.89075 1.34483
2.16232 -2.08227 1.00545 -1.98171 1.88994 1.34371
2.16223 -2.08052 1.0028 -1.98085 1.88914 1.3426
2.16215 -2.07878 1.00014 -1.97998 1.88834 1.34148
2.16207 -2.07703 0.997489 -1.97912 1.88753 1.34037
2.16199 -2.07528 0.994836 -1.97825 1.88673 1.33925
2.16191 -2.07353 0.992183 -1.97739 1.88593 1.33814
2.16183 -2.07178 0.989529 -1.97652 1.88512 1.33702
2.16174 -2.07003 0.986876 -1.97566 1.88432 1.33591
2.16166 -2.06829 0.984223 -1.97479 1.88352 1.3348
2.16158 -2.06654 0.98157 -1.97393 1.88272 1.33368
2.1615 -2.06479 0.978916 -1.97306 1.88191 1.33257
2.16142 -2.06304 0.976263 -1.97219 1.88111 1.33145
2.16134 -2.06129 0.97361 -1.97133 1.88031 1.33034
2.16125 -2.05954 0.970957 -1.97046 1.8795 1.32922
2.16117 -2.0578 0.968303 -1.9696 1.8787 1.32811
2.16109 -2.05605 0.96565 -1.96873 1.8779 1.32699
2.16101 -2.0543 0.962997 -1.96787 1.87709 1.32588
2.16093 -2.05255 0.960344 -1.967 1.87629 1.32476
2.16085 -2.0508 0.95769 -1.96614 1.87549 1.32365
2.16076 -2.04905 0.955037 -1.96527 1.87468 1.32253
2.16068 -2.04731 0.952384 -1.96441 1.87388 1.32142
2.1606 -2.04556 0.949731 -1.96354 1.87308 1.3203
2.16052 -2.04381 0.947077 -1.96268 1.87228 1.31919
2.16044 -2.04206 0.944424 -1.96181 1.87147 1.31807
2.16036 -2.04031 0.941771 -1.96095 1.87067 1.31696
2.16027 -2.03857 0.939118 -1.96008 1.86987 1.31585
2.16019 -2.03682 0.936464 -1.95921 1.86906 1.31473
2.16011 -2.03507 0.933811 -1.95835 1.86826 1.31362
2.16003 -2.03332 0.931158 -1.95748 1.86746 1.3125
2.15995 -2.03157 0.928505 -1.95662 1.86665 1.31139
2.15987 -2.02982 0.925851 -1.95575 1.86585 1.31027
2.15978 -2.02808 0.923198 -1.95489 1.86505 1.30916
2.1597 -2.02633 0.920545 -1.95402 1.86425 1.30804
2.15962 -2.02458 0.917892 -1.95316 1.86344 1.30693
2.15954 -2.02283 0.915238 -1.95229 1.86264 1.30581
2.15946 -2.02108 0.912585 -1.95143 1.86184 1.3047
2.15937 -2.01933 0.909932 -1.95056 1.86103 1.30358
2.15929 -2.01759 0.907279 -1.9497 1.86023 1.30247
2.15921 -2.01584 0.904625 -1.94883 1.85943 1.30135
2.15913 -2.01409 0.901972 -1.94796 1.85862 1.30024
2.15905 -2.01234 0.899319 -1.9471 1.85782 1.29913
2.15897 -2.01059 0.896666 -1.94623 1.85702 1.29801
2.15888 -2.00884 0.894012 -1.94537 1.85621 1.2969
2.1588 -2.0071 0.891359 -1.9445 1.85541 1.29578
2.15872 -2.00535 0.888706 -1.94364 1.85461 1.29467
2.15864 -2.0036 0.886053 -1.94277 1.85381 1.29355
2.15856 -2.00185 0.883399 -1.94191 1.853 1.29244
2.15848 -2.0001 0.880746 -1.94104 1.8522 1.29132
2.15839 -1.99835 0.878093 -1.94018 1.8514 1.29021
2.15831 -1.99661 0.87544 -1.93931 1.85059 1.28909
2.15823 -1.99486 0.872787 -1.93845 1.84979 1.28798
2.15815 -1.99311 0.870133 -1.93758 1.84899 1.28686
2.15807 -1.99136 0.86748 -1.93671 1.84818 1.28575
2.15799 -1.98961 0.864827 -1.93585 1.84738 1.28463
2.1579 -1.98786 0.862174 -1.93498 1.84658 1.28352
2.15782 -1.98612 0.85952 -1.93412 1.84578 1.28241
2.15774 -1.98437 0.856867 -1.93325 1.84497 1.28129
2.15766 -1.98262 0.854214 -1.93239 1.84417 1.28018
2.15758 -1.98087 0.851561 -1.93152 1.84337 1.27906
2.1575 -1.97912 0.848907 -1.93066 1.84256 1.27795
2.15741 -1.97737 0.846254 -1.92979 1.84176 1.27683
2.15733 -1.97563 0.843601 -1.92893 1.84096 1.27572
2.15725 -1.97388 0.840948 -1.92806 1.84015 1.2746
2.15717 -1.97213 0.838294 -1.9272 1.83935 1.27349
2.15709 -1.97038 0.835641 -1.92633 1.83855 1.27237
2.15701 -1.96863 0.832988 -1.92546 1.83774 1.27126
2.15692 -1.96688 0.830335 -1.9246 1.83694 1.27014
2.15684 -1.96514 0.827681 -1.92373 1.83614 1.26903
2.15676 -1.96339 0.825028 -1.92287 1.83534 1.26791
2.15668 -1.96164 0.822375 -1.922 1.83453 1.2668
2.1566 -1.95989 0.819722 -1.92114 1.83373 1.26569
2.15652 -1.95814 0.817068 -1.92027 1.83293 1.26457
2.15643 -1.9564 0.814415 -1.91941 1.83212 1.26346
2.15635 -1.95465 0.811762 -1.91854 1.83132 1.26234
2.15627 -1.9529 0.809109 -1.91768 1.83052 1.26123
2.15619 -1.95115 0.806455 -1.91681 1.82971 1.26011
2.15611 -1.9494 0.803802 -1.91595 1.82891 1.259
2.15603 -1.94765 0.801149 -1.91508 1.82811 1.25788
2.15594 -1.94591 0.798496 -1.91421 1.82731 1.25677
2.15586 -1.94416 0.795842 -1.91335 1.8265 1.25565
2.15578 -1.94241 0.793189 -1.91248 1.8257 1.25454
2.1557 -1.94066 0.790536 -1.91162 1.8249 1.25342
2.15562 -1.93891 0.787883 -1.91075 1.82409 1.25231
2.15554 -1.93716 0.785229 -1.90989 1.82329 1.25119
2.15545 -1.93542 0.782576 -1.90902 1.82249 1.25008
2.15537 -1.93367 0.779923 -1.90816 1.82168 1.24896
2.15529 -1.93192 0.77727 -1.90729 1.82088 1.24785
2.15521 -1.93017 0.774616 -1.90643 1.82008 1.24674
2.15513 -1.92842 0.771963 -1.90556 1.81927 1.24562
2.15505 -1.92667 0.76931 -1.9047 1.81847 1.24451
2.15496 -1.92493 0.766657 -1.90383 1.81767 1.24339
2.15488 -1.92318 0.764003 -1.90296 1.81687 1.24228
2.1548 -1.92143 0.76135 -1.9021 1.81606 1.24116
2.15472 -1.91968 0.758697 -1.90123 1.81526 1.24005
2.15464 -1.91793 0.756044 -1.90037 1.81446 1.23893
2.15456 -1.91618 0.753391 -1.8995 1.81365 1.23782
2.15447 -1.91444 0.750737 -1.89864 1.81285 1.2367
2.15439 -1.91269 0.748084 -1.89777 1.81205 1.23559
2.15431 -1.91094 0.745431 -1.89691 1.81124 1.23447
2.15423 -1.90919 0.742778 -1.89604 1.81044 1.23336
2.15415 -1.90744 0.740124 -1.89518 1.80964 1.23224
2.15407 -1.90569 0.737471 -1.89431 1.80884 1.23113
2.15398 -1.90395 0.734818 -1.89345 1.80803 1.23002
2.1539 -1.9022 0.732165 -1.89258 1.80723 1.2289
2.15382 -1.90045 0.729511 -1.89172 1.80643 1.22779
2.15374 -1.8987 0.726858 -1.89085 1.80562 1.22667
2.15366 -1.89695 0.724205 -1.88998 1.80482 1.22556
2.15358 -1.8952 0.721552 -1.88912 1.80402 1.22444
2.15349 -1.89346 0.718898 -1.88825 1.80321 1.22333
2.15341 -1.89171 0.716245 -1.88739 1.80241 1.22221
2.15333 -1.88996 0.713592 -1.88652 1.80161 1.2211
2.15325 -1.88821 0.710939 -1.88566 1.8008 1.21998
2.15317 -1.88646 0.708285 -1.88479 1.8 1.21887
2.15309 -1.88471 0.705632 -1.88393 1.7992 1.21775
2.153 -1.88297 0.702979 -1.88306 1.7984 1.21664
2.15292 -1.88122 0.700326 -1.8822 1.79759 1.21552
2.15284 -1.87947 0.697672 -1.88133 1.79679 1.21441
2.15276 -1.87772 0.695019 -1.88047 1.79599 1.2133
2.15268 -1.87597 0.692366 -1.8796 1.79518 1.21218
2.1526 -1.87422 0.689713 -1.87873 1.79438 1.21107
2.15251 -1.87248 0.687059 -1.87787 1.79358 1.20995
2.15243 -1.87073 0.684406 -1.877 1.79277 1.20884
2.15235 -1.86898 0.681753 -1.87614 1.79197 1.20772
2.15227 -1.86723 0.6791 -1.87527 1.79117 1.20661
2.15219 -1.86548 0.676446 -1.87441 1.79037 1.20549
2.15211 -1.86374 0.673793 -1.87354 1.78956 1.20438
2.15202 -1.86199 0.67114 -1.87268 1.78876 1.20326
2.15194 -1.86024 0.668487 -1.87181 1.78796 1.20215
2.15186 -1.85849 0.665833 -1.87095 1.78715 1.20103
2.15178 -1.85674 0.66318 -1.87008 1.78635 1.19992
2.1517 -1.85499 0.660527 -1.86922 1.78555 1.1988
2.15161 -1.85325 0.657874 -1.86835 1.78474 1.19769
2.15153 -1.8515 0.65522 -1.86748 1.78394 1.19657
2.15145 -1.84975 0.652567 -1.86662 1.78314 1.19546
2.15137 -1.848 0.649914 -1.86575 1.78233 1.19435
2.15129 -1.84625 0.647261 -1.86489 1.78153 1.19323
2.15121 -1.8445 0.644607 -1.86402 1.78073 1.19212
2.15112 -1.84276 0.641954 -1.86316 1.77993 1.191
2.15104 -1.84101 0.639301 -1.86229 1.77912 1.18989
2.15096 -1.83926 0.636648 -1.86143 1.77832 1.18877
2.15088 -1.83751 0.633995 -1.86056 1.77752 1.18766
2.1508 -1.83576 0.631341 -1.8597 1.77671 1.18654
2.15072 -1.83401 0.628688 -1.85883 1.77591 1.18543
2.15063 -1.83227 0.626035 -1.85797 1.77511 1.18431
2.15055 -1.83052 0.623382 -1.8571 1.7743 1.1832
2.15047 -1.82877 0.620728 -1.85623 1.7735 1.18208
2.15039 -1.82702 0.618075 -1.85537 1.7727 1.18097
2.15031 -1.82527 0.615422 -1.8545 1.7719 1.17985
2.15023 -1.82352 0.612769 -1.85364 1.77109 1.17874
2.15014 -1.82178 0.610115 -1.85277 1.77029 1.17763
2.15006 -1.82003 0.607462 -1.85191 1.76949 1.17651
2.14998 -1.81828 0.604809 -1.85104 1.76868 1.1754
2.1499 -1.81653 0.602156 -1.85018 1.76788 1.17428
2.14982 -1.81478 0.599502 -1.84931 1.76708 1.17317
2.14974 -1.81303 0.596849 -1.84845 1.76627 1.17205
2.14965 -1.81129 0.594196 -1.84758 1.76547 1.17094
2.14957 -1.80954 0.591543 -1.84672 1.76467 1.16982
2.14949 -1.80779 0.588889 -1.84585 1.76386 1.16871
2.14941 -1.80604 0.586236 -1.84498 1.76306 1.16759
2.14933 -1.80429 0.583583 -1.84412 1.76226 1.16648
2.14925 -1.80254 0.58093 -1.84325 1.76146 1.16536
2.14916 -1.8008 0.578276 -1.84239 1.76065 1.16425
2.14908 -1.79905 0.575623 -1.84152 1.75985 1.16313
2.149 -1.7973 0.57297 -1.84066 1.75905 1.16202
2.14892 -1.79555 0.570317 -1.83979 1.75824 1.16091
2.14884 -1.7938 0.567663 -1.83893 1.75744 1.15979
2.14876 -1.79205 0.56501 -1.83806 1.75664 1.15868
2.14867 -1.79031 0.562357 -1.8372 1.75583 1.15756
2.14859 -1.78856 0.559704 -1.83633 1.75503 1.15645
2.14851 -1.78681 0.55705 -1.83547 1.75423 1.15533
2.14843 -1.78506 0.554397 -1.8346 1.75343 1.15422
2.14835 -1.78331 0.551744 -1.83374 1.75262 1.1531
2.14827 -1.78157 0.549091 -1.83287 1.75182 1.15199
2.14818 -1.77982 0.546437 -1.832 1.75102 1.15087
2.1481 -1.77807 0.543784 -1.83114 1.75021 1.14976
2.14802 -1.77632 0.541131 -1.83027 1.74941 1.14864
2.14794 -1.77457 0.538478 -1.82941 1.74861 1.14753
2.14786 -1.77282 0.535824 -1.82854 1.7478 1.14641
2.14778 -1.77108 0.533171 -1.82768 1.747 1.1453
2.14769 -1.76933 0.530518 -1.82681 1.7462 1.14419
2.14761 -1.76758 0.527865 -1.82595 1.74539 1.14307
2.14753 -1.76583 0.525211 -1.82508 1.74459 1.14196
2.14745 -1.76408 0.522558 -1.82422 1.74379 1.14084
2.14737 -1.76233 0.519905 -1.82335 1.74299 1.13973
2.14729 -1.76059 0.517252 -1.82249 1.74218 1.13861
2.1472 -1.75884 0.514598 -1.82162 1.74138 1.1375
2.14712 -1.75709 0.511945 -1.82075 1.74058 1.13638
2.14704 -1.75534 0.509292 -1.81989 1.73977 1.13527
2.14696 -1.75359 0.506639 -1.81902 1.73897 1.13415
2.14688 -1.75184 0.503986 -1.81816 1.73817 1.13304
2.1468 -1.7501 0.501332 -1.81729 1.73736 1.13192
2.14671 -1.74835 0.498679 -1.81643 1.73656 1.13081
2.14663 -1.7466 0.496026 -1.81556 1.73576 1.12969
2.14655 -1.74485 0.493373 -1.8147 1.73496 1.12858
2.14647 -1.7431 0.490719 -1.81383 1.73415 1.12746
2.14639 -1.74135 0.488066 -1.81297 1.73335 1.12635
2.14631 -1.73961 0.485413 -1.8121 1.73255 1.12524
2.14622 -1.73786 0.48276 -1.81124 1.73174 1.12412
2.14614 -1.73611 0.480106 -1.81037 1.73094 1.12301
2.14606 -1.73436 0.477453 -1.8095 1.73014 1.12189
2.14598 -1.73261 0.4748 -1.80864 1.72933 1.12078
2.1459 -1.73086 0.472147 -1.80777 1.72853 1.11966
2.14582 -1.72912 0.469493 -1.80691 1.72773 1.11855
2.14573 -1.72737 0.46684 -1.80604 1.72692 1.11743
2.14565 -1.72562 0.464187 -1.80518 1.72612 1.11632
2.14557 -1.72387 0.461534 -1.80431 1.72532 1.1152
2.14549 -1.72212 0.45888 -1.80345 1.72452 1.11409
2.14541 -1.72037 0.456227 -1.80258 1.72371 1.11297
2.14533 -1.71863 0.453574 -1.80172 1.72291 1.11186
2.14524 -1.71688 0.450921 -1.80085 1.72211 1.11074
2.14516 -1.71513 0.448267 -1.79999 1.7213 1.10963
2.14508 -1.71338 0.445614 -1.79912 1.7205 1.10852
2.145 -1.71163 0.442961 -1.79825 1.7197 1.1074
2.14492 -1.70988 0.440308 -1.79739 1.71889 1.10629
2.14484 -1.70814 0.437654 -1.79652 1.71809 1.10517
2.14475 -1.70639 0.435001 -1.79566 1.71729 1.10406
2.14467 -1.70464 0.432348 -1.79479 1.71649 1.10294
2.14459 -1.70289 0.429695 -1.79393 1.71568 1.10183
2.14451 -1.70114 0.427041 -1.79306 1.71488 1.10071
2.14443 -1.69939 0.424388 -1.7922 1.71408 1.0996
2.14434 -1.69765 0.421735 -1.79133 1.71327 1.09848
2.14426 -1.6959 0.419082 -1.79047 1.71247 1.09737
2.14418 -1.69415 0.416428 -1.7896 1.71167 1.09625
2.1441 -1.6924 0.413775 -1.78874 1.71086 1.09514
2.14402 -1.69065 0.411122 -1.78787 1.71006 1.09402
2.14394 -1.68891 0.408469 -1.787 1.70926 1.09291
2.14385 -1.68716 0.405815 -1.78614 1.70845 1.0918
2.14377 -1.68541 0.403162 -1.78527 1.70765 1.09068
2.14369 -1.68366 0.400509 -1.78441 1.70685 1.08957
2.14361 -1.68191 0.397856 -1.78354 1.70605 1.08845
2.14353 -1.68016 0.395202 -1.78268 1.70524 1.08734
2.14345 -1.67842 0.392549 -1.78181 1.70444 1.08622
2.14336 -1.67667 0.389896 -1.78095 1.70364 1.08511
2.14328 -1.67492 0.387243 -1.78008 1.70283 1.08399
2.1432 -1.67317 0.38459 -1.77922 1.70203 1.08288
2.14312 -1.67142 0.381936 -1.77835 1.70123 1.08176
2.14304 -1.66967 0.379283 -1.77749 1.70042 1.08065
2.14296 -1.66793 0.37663 -1.77662 1.69962 1.07953
2.14287 -1.66618 0.373977 -1.77576 1.69882 1.07842
2.14279 -1.66443 0.371323 -1.77489 1.69802 1.0773
2.14271 -1.66268 0.36867 -1.77402 1.69721 1.07619
2.14263 -1.66093 0.366017 -1.77316 1.69641 1.07507
2.14255 -1.65918 0.363364 -1.77229 1.69561 1.07396
2.14247 -1.65744 0.36071 -1.77143 1.6948 1.07285
2.14238 -1.65569 0.358057 -1.77056 1.694 1.07173
2.1423 -1.65394 0.355404 -1.7697 1.6932 1.07062
2.14222 -1.65219 0.352751 -1.76883 1.69239 1.0695
2.14214 -1.65044 0.350097 -1.76797 1.69159 1.06839
2.14206 -1.64869 0.347444 -1.7671 1.69079 1.06727
2.14198 -1.64695 0.344791 -1.76624 1.68998 1.06616
2.14189 -1.6452 0.342138 -1.76537 1.68918 1.06504
2.14181 -1.64345 0.339484 -1.76451 1.68838 1.06393
2.14173 -1.6417 0.336831 -1.76364 1.68758 1.06281
2.14165 -1.63995 0.334178 -1.76277 1.68677 1.0617
2.14157 -1.6382 0.331525 -1.76191 1.68597 1.06058
2.14149 -1.63646 0.328871 -1.76104 1.68517 1.05947
2.1414 -1.63471 0.326218 -1.76018 1.68436 1.05835
2.14132 -1.63296 0.323565 -1.75931 1.68356 1.05724
2.14124 -1.63121 0.320912 -1.75845 1.68276 1.05613
2.14116 -1.62946 0.318258 -1.75758 1.68195 1.05501
2.14108 -1.62771 0.315605 -1.75672 1.68115 1.0539
2.141 -1.62597 0.312952 -1.75585 1.68035 1.05278
2.14091 -1.62422 0.310299 -1.75499 1.67955 1.05167
2.14083 -1.62247 0.307645 -1.75412 1.67874 1.05055
2.14075 -1.62072 0.304992 -1.75326 1.67794 1.04944
2.14067 -1.61897 0.302339 -1.75239 1.67714 1.04832
2.14059 -1.61722 0.299686 -1.75152 1.67633 1.04721
2.14051 -1.61548 0.297032 -1.75066 1.67553 1.04609
2.14042 -1.61373 0.294379 -1.74979 1.67473 1.04498
2.14034 -1.61198 0.291726 -1.74893 1.67392 1.04386
2.14026 -1.61023 0.289073 -1.74806 1.67312 1.04275
2.14018 -1.60848 0.286419 -1.7472 1.67232 1.04163
2.1401 -1.60674 0.283766 -1.74633 1.67151 1.04052
2.14002 -1.60499 0.281113 -1.74547 1.67071 1.03941
2.13993 -1.60324 0.27846 -1.7446 1.66991 1.03829
2.13985 -1.60149 0.275807 -1.74374 1.66911 1.03718
2.13977 -1.59974 0.273154 -1.74287 1.6683 1.03606
2.13969 -1.59799 0.270501 -1.74201 1.6675 1.03495
2.13961 -1.59625 0.267849 -1.74114 1.6667 1.03383
2.13953 -1.5945 0.265197 -1.74028 1.66589 1.03272
2.13944 -1.59275 0.262544 -1.73941 1.66509 1.0316
2.13936 -1.59101 0.259893 -1.73855 1.66429 1.03049
2.13928 -1.58926 0.257242 -1.73768 1.66349 1.02938
2.1392 -1.58751 0.254591 -1.73682 1.66269 1.02826
2.13912 -1.58577 0.251941 -1.73595 1.66188 1.02715
2.13904 -1.58402 0.249291 -1.73509 1.66108 1.02603
2.13896 -1.58228 0.246642 -1.73423 1.66028 1.02492
2.13888 -1.58053 0.243994 -1.73336 1.65948 1.02381
2.1388 -1.57879 0.241346 -1.7325 1.65868 1.0227
2.13872 -1.57704 0.238698 -1.73164 1.65788 1.02158
2.13864 -1.5753 0.236052 -1.73078 1.65708 1.02047
2.13856 -1.57356 0.233406 -1.72991 1.65628 1.01936
2.13848 -1.57182 0.23076 -1.72905 1.65548 1.01825
2.1384 -1.57008 0.228116 -1.72819 1.65468 1.01713
2.13832 -1.56834 0.225473 -1.72733 1.65388 1.01602
2.13824 -1.5666 0.222829 -1.72647 1.65308 1.01491
2.13816 -1.56486 0.220189 -1.72561 1.65228 1.0138
2.13808 -1.56312 0.217548 -1.72475 1.65149 1.01269
2.138 -1.56138 0.214907 -1.72389 1.65069 1.01158
2.13792 -1.55965 0.21227 -1.72303 1.64989 1.01047
2.13784 -1.55791 0.209632 -1.72217 1.64909 1.00936
2.13776 -1.55618 0.206995 -1.72131 1.6483 1.00825
2.13769 -1.55444 0.204361 -1.72046 1.6475 1.00714
2.13761 -1.55271 0.201726 -1.7196 1.64671 1.00603
2.13753 -1.55098 0.199092 -1.71874 1.64591 1.00492
2.13745 -1.54925 0.196462 -1.71789 1.64512 1.00382
2.13738 -1.54752 0.193832 -1.71703 1.64432 1.00271
2.1373 -1.54579 0.191202 -1.71618 1.64353 1.0016
2.13722 -1.54407 0.188576 -1.71533 1.64274 1.0005
2.13715 -1.54234 0.18595 -1.71447 1.64195 0.99939
2.13707 -1.54061 0.183323 -1.71362 1.64116 0.998284
2.13699 -1.53889 0.180702 -1.71277 1.64037 0.997179
2.13692 -1.53717 0.17808 -1.71192 1.63958 0.996075
2.13684 -1.53545 0.175459 -1.71107 1.63879 0.99497
2.13677 -1.53373 0.172842 -1.71022 1.638 0.993867
2.13669 -1.53201 0.170226 -1.70937 1.63721 0.992764
2.13662 -1.53029 0.167609 -1.70852 1.63642 0.991661
2.13655 -1.52858 0.164997 -1.70767 1.63564 0.99056
2.13647 -1.52687 0.162386 -1.70683 1.63485 0.989458
2.1364 -1.52515 0.159775 -1.70598 1.63406 0.988357
2.13633 -1.52344 0.157169 -1.70514 1.63328 0.987258
2.13626 -1.52173 0.154563 -1.70429 1.6325 0.986158
2.13618 -1.52002 0.151957 -1.70345 1.63171 0.985058
2.13611 -1.51832 0.149357 -1.70261 1.63093 0.983961
2.13604 -1.51662 0.146757 -1.70176 1.63015 0.982863
2.13597 -1.51491 0.144157 -1.70092 1.62937 0.981766
2.1359 -1.51321 0.141564 -1.70008 1.62859 0.98067
2.13583 -1.51151 0.13897 -1.69925 1.62781 0.979574
2.13576 -1.50981 0.136376 -1.69841 1.62703 0.978479
2.13569 -1.50812 0.133789 -1.69757 1.62626 0.977385
2.13562 -1.50643 0.131202 -1.69674 1.62548 0.976292
2.13556 -1.50473 0.128615 -1.6959 1.62471 0.975198
2.13549 -1.50305 0.126035 -1.69507 1.62393 0.974107
2.13542 -1.50136 0.123455 -1.69424 1.62316 0.973015
2.13536 -1.49967 0.120875 -1.6934 1.62239 0.971924
2.13529 -1.49799 0.118302 -1.69257 1.62162 0.970835
2.13522 -1.49631 0.115729 -1.69175 1.62085 0.969746
2.13516 -1.49462 0.113157 -1.69092 1.62008 0.968657
2.13509 -1.49295 0.110592 -1.69009 1.61931 0.967571
2.13503 -1.49127 0.108026 -1.68927 1.61854 0.966484
2.13497 -1.4896 0.105461 -1.68844 1.61778 0.965398
2.13487 -1.48709 0.101626 -1.68721 1.61663 0.963772
2.13478 -1.48459 0.0977902 -1.68597 1.61549 0.962146
2.13469 -1.4821 0.0939671 -1.68475 1.61435 0.960524
2.1346 -1.4796 0.090144 -1.68352 1.61321 0.958902
2.13451 -1.47712 0.086334 -1.6823 1.61207 0.957284
2.13442 -1.47464 0.082524 -1.68107 1.61094 0.955666
2.13433 -1.47217 0.0787276 -1.67986 1.60981 0.954053
2.13425 -1.4697 0.0749312 -1.67864 1.60868 0.95244
2.13417 -1.46724 0.0711489 -1.67743 1.60755 0.950831
2.13408 -1.46478 0.0673666 -1.67623 1.60643 0.949222
2.134 -1.46233 0.063599 -1.67502 1.60531 0.947618
2.13392 -1.45989 0.0598313 -1.67382 1.6042 0.946013
2.13385 -1.45745 0.0560788 -1.67262 1.60308 0.944414
2.13377 -1.45502 0.0523263 -1.67143 1.60197 0.942814
2.13369 -1.45259 0.0485895 -1.67024 1.60087 0.94122
2.13362 -1.45017 0.0448526 -1.66905 1.59976 0.939626
2.13355 -1.44776 0.041132 -1.66787 1.59867 0.938037
2.13348 -1.44536 0.0374114 -1.66669 1.59757 0.936447
2.13341 -1.44296 0.0337075 -1.66552 1.59648 0.934863
2.13334 -1.44057 0.0300036 -1.66434 1.59539 0.93328
2.13328 -1.43818 0.0263159 -1.66317 1.5943 0.931701
2.13322 -1.4358 0.0226282 -1.66201 1.59322 0.930122
2.13316 -1.43344 0.0189562 -1.66085 1.59214 0.928549
2.13309 -1.43107 0.0152842 -1.65969 1.59106 0.926975
2.13304 -1.42871 0.0116273 -1.65854 1.58999 0.925406
2.13298 -1.42636 0.00797047 -1.65738 1.58892 0.923837
2.13292 -1.42401 0.00432824 -1.65624 1.58785 0.922273
2.13287 -1.42167 0.000686023 -1.65509 1.58678 0.920709
2.13282 -1.41934 -0.00294209 -1.65395 1.58572 0.919149
2.13277 -1.417 -0.0065702 -1.65281 1.58466 0.91759
2.13272 -1.41468 -0.0101847 -1.65168 1.58361 0.916034
2.13267 -1.41236 -0.0137992 -1.65055 1.58256 0.914479
2.13262 -1.41005 -0.0174007 -1.64942 1.58151 0.912928
2.13257 -1.40774 -0.0210021 -1.64829 1.58046 0.911377
2.13253 -1.40544 -0.0245911 -1.64717 1.57941 0.90983
2.13248 -1.40314 -0.02818 -1.64605 1.57837 0.908282
2.13244 -1.40085 -0.0317568 -1.64493 1.57733 0.906739
2.1324 -1.39856 -0.0353337 -1.64381 1.57629 0.905196
2.13236 -1.39628 -0.0388991 -1.6427 1.57526 0.903656
2.13232 -1.394 -0.0424645 -1.64159 1.57422 0.902117
2.13228 -1.39173 -0.0460189 -1.64048 1.57319 0.90058
2.13225 -1.38946 -0.0495733 -1.63938 1.57216 0.899044
2.13221 -1.3872 -0.0531173 -1.63827 1.57114 0.897512
2.13218 -1.38494 -0.0566613 -1.63717 1.57011 0.895979
2.13214 -1.38268 -0.0601953 -1.63608 1.56909 0.894449
2.13211 -1.38043 -0.0637293 -1.63498 1.56807 0.89292
2.13208 -1.37818 -0.0672539 -1.63388 1.56705 0.891393
2.13205 -1.37593 -0.0707786 -1.63279 1.56603 0.889866
2.13202 -1.37369 -0.0742943 -1.6317 1.56502 0.888343
2.13199 -1.37146 -0.07781 -1.63061 1.56401 0.886819
2.13196 -1.36922 -0.0813174 -1.62953 1.56299 0.885298
2.13193 -1.36699 -0.0848248 -1.62844 1.56198 0.883777
2.13191 -1.36476 -0.0883243 -1.62736 1.56098 0.882258
2.13188 -1.36254 -0.0918238 -1.62628 1.55997 0.88074
2.13185 -1.36032 -0.095316 -1.6252 1.55897 0.879223
2.13183 -1.3581 -0.0988083 -1.62412 1.55796 0.877707
2.13181 -1.35588 -0.102294 -1.62305 1.55696 0.876193
2.13178 -1.35367 -0.105779 -1.62197 1.55596 0.874679
2.13176 -1.35146 -0.109258 -1.6209 1.55496 0.873167
2.13174 -1.34925 -0.112737 -1.61983 1.55396 0.871655
2.13172 -1.34705 -0.116211 -1.61876 1.55296 0.870144
2.1317 -1.34484 -0.119684 -1.61769 1.55197 0.868634
2.13168 -1.34264 -0.123152 -1.61662 1.55097 0.867126
2.13166 -1.34044 -0.126621 -1.61555 1.54998 0.865617
2.13164 -1.33825 -0.130084 -1.61448 1.54899 0.86411
2.13162 -1.33605 -0.133547 -1.61342 1.54799 0.862603
2.1316 -1.33386 -0.137007 -1.61235 1.547 0.861097
2.13158 -1.33167 -0.140466 -1.61129 1.54601 0.859592
2.13156 -1.32948 -0.143922 -1.61023 1.54502 0.858087
2.13155 -1.32729 -0.147377 -1.60917 1.54403 0.856582
2.13153 -1.3251 -0.15083 -1.60811 1.54305 0.855079
2.13151 -1.32291 -0.154282 -1.60705 1.54206 0.853575
2.13149 -1.32073 -0.157732 -1.60599 1.54107 0.852073
2.13148 -1.31854 -0.161182 -1.60493 1.54008 0.85057
2.13146 -1.31636 -0.16463 -1.60387 1.5391 0.849068
2.13145 -1.31418 -0.168078 -1.60281 1.53811 0.847566
2.13143 -1.31199 -0.171524 -1.60175 1.53713 0.846064
2.13142 -1.30981 -0.17497 -1.60069 1.53614 0.844563
2.1314 -1.30763 -0.178415 -1.59964 1.53516 0.843061
2.13138 -1.30545 -0.18186 -1.59858 1.53417 0.84156
2.13137 -1.30327 -0.185305 -1.59752 1.53319 0.840059
2.13135 -1.30109 -0.18875 -1.59646 1.5322 0.838558
2.13134 -1.29891 -0.192194 -1.59541 1.53122 0.837057
2.13132 -1.29673 -0.195639 -1.59435 1.53023 0.835556
2.13131 -1.29455 -0.199083 -1.59329 1.52925 0.834055
2.13129 -1.29237 -0.202528 -1.59224 1.52826 0.832554
2.13128 -1.29019 -0.205972 -1.59118 1.52728 0.831053
2.13126 -1.28801 -0.209416 -1.59012 1.52629 0.829552
2.13125 -1.28583 -0.212859 -1.58907 1.52531 0.828052
2.13123 -1.28365 -0.216302 -1.58801 1.52433 0.826551
2.13122 -1.28147 -0.219744 -1.58695 1.52334 0.825051
2.1312 -1.27929 -0.223186 -1.5859 1.52236 0.823551
2.13119 -1.27712 -0.226627 -1.58484 1.52137 0.822051
2.13117 -1.27494 -0.230067 -1.58379 1.52039 0.820551
2.13116 -1.27276 -0.233506 -1.58273 1.51941 0.819052
2.13114 -1.27059 -0.236946 -1.58168 1.51843 0.817553
2.13113 -1.26841 -0.240383 -1.58062 1.51744 0.816054
2.13112 -1.26624 -0.24382 -1.57957 1.51646 0.814555
2.1311 -1.26406 -0.247255 -1.57852 1.51548 0.813057
2.13109 -1.26189 -0.250691 -1.57746 1.5145 0.811559
2.13108 -1.25972 -0.254124 -1.57641 1.51352 0.810062
2.13106 -1.25755 -0.257557 -1.57536 1.51254 0.808565
2.13105 -1.25538 -0.260987 -1.57431 1.51156 0.807068
2.13104 -1.25321 -0.264417 -1.57326 1.51058 0.805572
2.13103 -1.25105 -0.267844 -1.57221 1.50961 0.804076
2.13101 -1.24888 -0.271272 -1.57116 1.50863 0.802581
2.131 -1.24672 -0.274696 -1.57011 1.50765 0.801086
2.13099 -1.24455 -0.27812 -1.56906 1.50668 0.799592
2.13098 -1.24239 -0.281541 -1.56802 1.5057 0.798098
2.13097 -1.24023 -0.284962 -1.56697 1.50473 0.796605
2.13096 -1.23807 -0.288379 -1.56593 1.50375 0.795112
2.13095 -1.23591 -0.291797 -1.56488 1.50278 0.79362
2.13094 -1.23376 -0.29521 -1.56384 1.50181 0.792129
2.13093 -1.23161 -0.298623 -1.5628 1.50084 0.790638
2.13092 -1.22945 -0.302032 -1.56175 1.49986 0.789148
2.13092 -1.2273 -0.305441 -1.56071 1.49889 0.787659
2.13091 -1.22516 -0.308846 -1.55967 1.49793 0.78617
2.1309 -1.22301 -0.312251 -1.55864 1.49696 0.784682
2.1309 -1.22086 -0.315651 -1.5576 1.49599 0.783195
2.13089 -1.21872 -0.319051 -1.55656 1.49503 0.781708
2.13088 -1.21658 -0.322446 -1.55553 1.49406 0.780223
2.13088 -1.21444 -0.325841 -1.55449 1.4931 0.778738
2.13087 -1.21231 -0.32923 -1.55346 1.49213 0.777255
2.13087 -1.21017 -0.33262 -1.55243 1.49117 0.775771
2.13087 -1.20804 -0.336004 -1.5514 1.49021 0.774289
2.13086 -1.20591 -0.339389 -1.55037 1.48925 0.772808
2.13086 -1.20378 -0.342767 -1.54934 1.48829 0.771328
2.13086 -1.20166 -0.346146 -1.54831 1.48734 0.769848
2.13086 -1.19954 -0.349518 -1.54729 1.48638 0.76837
2.13086 -1.19741 -0.352891 -1.54626 1.48543 0.766892
2.13086 -1.1953 -0.356257 -1.54524 1.48447 0.765416
2.13086 -1.19318 -0.359623 -1.54422 1.48352 0.76394
2.13086 -1.19107 -0.362983 -1.5432 1.48257 0.762466
2.13086 -1.18896 -0.366343 -1.54218 1.48162 0.760992
2.13086 -1.18686 -0.369696 -1.54117 1.48067 0.75952
2.13087 -1.18475 -0.373049 -1.54015 1.47973 0.758048
2.13087 -1.18265 -0.376395 -1.53914 1.47878 0.756579
2.13087 -1.18055 -0.37974 -1.53812 1.47784 0.755109
2.13088 -1.17846 -0.383079 -1.53711 1.4769 0.753642
2.13089 -1.17637 -0.386417 -1.53611 1.47596 0.752175
2.13089 -1.17428 -0.389748 -1.5351 1.47502 0.75071
2.1309 -1.1722 -0.393079 -1.53409 1.47408 0.749245
2.13091 -1.17012 -0.396403 -1.53309 1.47315 0.747783
2.13092 -1.16803 -0.399726 -1.53209 1.47221 0.746321
2.13093 -1.16596 -0.403041 -1.53109 1.47128 0.744861
2.13094 -1.16389 -0.406356 -1.53009 1.47035 0.743402
2.13095 -1.16182 -0.409662 -1.5291 1.46942 0.741945
2.13097 -1.15975 -0.412969 -1.5281 1.46849 0.740488
2.13098 -1.15769 -0.416268 -1.52711 1.46757 0.739033
2.13099 -1.15563 -0.419566 -1.52612 1.46664 0.737579
2.13101 -1.15358 -0.422857 -1.52513 1.46572 0.736127
2.13102 -1.15153 -0.426148 -1.52414 1.4648 0.734675
2.13104 -1.14948 -0.429431 -1.52316 1.46388 0.733226
2.13106 -1.14743 -0.432714 -1.52217 1.46296 0.731776
2.13108 -1.14539 -0.43599 -1.52119 1.46205 0.730329
2.13109 -1.14335 -0.439266 -1.52021 1.46113 0.728882
2.13111 -1.14132 -0.442534 -1.51923 1.46022 0.727437
2.13113 -1.13928 -0.445803 -1.51826 1.45931 0.725992
2.13116 -1.13725 -0.449065 -1.51728 1.4584 0.72455
2.13118 -1.13522 -0.452327 -1.51631 1.45749 0.723107
2.1312 -1.1332 -0.455583 -1.51533 1.45658 0.721666
2.13122 -1.13117 -0.458838 -1.51436 1.45567 0.720226
2.13125 -1.12915 -0.462087 -1.51339 1.45477 0.718787
2.13127 -1.12713 -0.465336 -1.51242 1.45386 0.717348
2.13129 -1.12512 -0.46858 -1.51146 1.45296 0.715912
2.13132 -1.1231 -0.471823 -1.51049 1.45206 0.714475
2.13135 -1.1211 -0.47506 -1.50953 1.45116 0.71304
2.13137 -1.11909 -0.478298 -1.50856 1.45026 0.711605
2.1314 -1.11708 -0.481529 -1.5076 1.44936 0.710172
2.13143 -1.11508 -0.484761 -1.50664 1.44847 0.708739
2.13145 -1.11308 -0.487988 -1.50568 1.44757 0.707308
2.13148 -1.11107 -0.491215 -1.50472 1.44668 0.705876
2.13151 -1.10908 -0.494436 -1.50376 1.44578 0.704446
2.13154 -1.10708 -0.497658 -1.50281 1.44489 0.703017
2.13157 -1.10509 -0.500875 -1.50185 1.444 0.701588
2.1316 -1.1031 -0.504092 -1.5009 1.44311 0.70016
2.13163 -1.10111 -0.507305 -1.49995 1.44222 0.698733
2.13166 -1.09912 -0.510517 -1.49899 1.44133 0.697306
2.1317 -1.09713 -0.513726 -1.49804 1.44044 0.695881
2.13173 -1.09515 -0.516934 -1.49709 1.43955 0.694455
2.13176 -1.09317 -0.520139 -1.49614 1.43867 0.693031
2.13179 -1.09118 -0.523343 -1.49519 1.43778 0.691606
2.13183 -1.0892 -0.526544 -1.49425 1.4369 0.690183
2.13186 -1.08722 -0.529745 -1.4933 1.43601 0.68876
2.13189 -1.08525 -0.532942 -1.49235 1.43513 0.687338
2.13193 -1.08327 -0.53614 -1.49141 1.43424 0.685916
2.13196 -1.0813 -0.539334 -1.49046 1.43336 0.684495
2.132 -1.07932 -0.542528 -1.48952 1.43248 0.683074
2.13203 -1.07735 -0.54572 -1.48858 1.4316 0.681653
2.13207 -1.07538 -0.548911 -1.48763 1.43072 0.680233
2.1321 -1.07341 -0.5521 -1.48669 1.42984 0.678814
2.13214 -1.07144 -0.555289 -1.48575 1.42896 0.677395
2.13218 -1.06947 -0.558475 -1.48481 1.42808 0.675976
2.13221 -1.06751 -0.561662 -1.48387 1.4272 0.674558
2.13225 -1.06554 -0.564846 -1.48293 1.42632 0.67314
2.13229 -1.06358 -0.56803 -1.48199 1.42545 0.671722
2.13232 -1.06161 -0.571213 -1.48105 1.42457 0.670304
2.13236 -1.05965 -0.574395 -1.48011 1.42369 0.668887
2.1324 -1.05768 -0.577576 -1.47917 1.42282 0.66747
2.13243 -1.05572 -0.580757 -1.47823 1.42194 0.666053
2.13247 -1.05376 -0.583937 -1.47729 1.42106 0.664637
2.13251 -1.0518 -0.587117 -1.47636 1.42019 0.663221
2.13255 -1.04984 -0.590295 -1.47542 1.41931 0.661805
2.13259 -1.04788 -0.593474 -1.47448 1.41844 0.660388
2.13262 -1.04592 -0.596652 -1.47354 1.41756 0.658973
2.13266 -1.04396 -0.59983 -1.47261 1.41669 0.657557
2.1327 -1.042 -0.603007 -1.47167 1.41581 0.656141
2.13274 -1.04004 -0.606184 -1.47073 1.41494 0.654726
2.13278 -1.03808 -0.609361 -1.4698 1.41406 0.65331
2.13281 -1.03612 -0.612538 -1.46886 1.41319 0.651894
2.13285 -1.03416 -0.615715 -1.46792 1.41231 0.650479
2.13289 -1.0322 -0.618892 -1.46699 1.41144 0.649063
2.13293 -1.03024 -0.622069 -1.46605 1.41056 0.647648
2.13297 -1.02828 -0.625245 -1.46511 1.40969 0.646232
2.13301 -1.02632 -0.628421 -1.46418 1.40881 0.644817
2.13304 -1.02436 -0.631596 -1.46324 1.40794 0.643402
2.13308 -1.02241 -0.63477 -1.46231 1.40707 0.641988
2.13312 -1.02045 -0.637944 -1.46137 1.40619 0.640573
2.13316 -1.01849 -0.641116 -1.46044 1.40532 0.639159
2.1332 -1.01654 -0.644288 -1.4595 1.40445 0.637745
2.13324 -1.01458 -0.647457 -1.45857 1.40357 0.636332
2.13328 -1.01263 -0.650626 -1.45764 1.4027 0.634919
2.13332 -1.01068 -0.653792 -1.4567 1.40183 0.633507
2.13336 -1.00873 -0.656958 -1.45577 1.40096 0.632095
2.1334 -1.00678 -0.660121 -1.45484 1.40009 0.630684
2.13344 -1.00484 -0.663283 -1.45391 1.39922 0.629273
2.13349 -1.00289 -0.666441 -1.45298 1.39836 0.627864
2.13353 -1.00095 -0.6696 -1.45206 1.39749 0.626454
2.13357 -0.999007 -0.672753 -1.45113 1.39663 0.625046
2.13361 -0.997066 -0.675907 -1.4502 1.39576 0.623638
2.13366 -0.995131 -0.679055 -1.44928 1.3949 0.622232
2.1337 -0.993195 -0.682203 -1.44836 1.39403 0.620825
2.13375 -0.991264 -0.685346 -1.44743 1.39317 0.619421
2.13379 -0.989332 -0.688488 -1.44651 1.39231 0.618016
2.13384 -0.987406 -0.691625 -1.4456 1.39145 0.616614
2.13388 -0.98548 -0.694761 -1.44468 1.3906 0.615211
2.13393 -0.98356 -0.69789 -1.44376 1.38974 0.613811
2.13398 -0.98164 -0.70102 -1.44285 1.38889 0.61241
2.13403 -0.979725 -0.704142 -1.44193 1.38803 0.611012
2.13408 -0.977811 -0.707264 -1.44102 1.38718 0.609614
2.13413 -0.975903 -0.710379 -1.44011 1.38633 0.608219
2.13418 -0.973995 -0.713493 -1.43921 1.38548 0.606823
2.13423 -0.972094 -0.716599 -1.4383 1.38464 0.60543
2.13428 -0.970193 -0.719705 -1.4374 1.38379 0.604038
2.13434 -0.9683 -0.722802 -1.4365 1.38295 0.602647
2.13439 -0.966406 -0.725899 -1.43559 1.38211 0.601257
2.13445 -0.96452 -0.728987 -1.4347 1.38127 0.59987
2.13451 -0.962635 -0.732074 -1.4338 1.38043 0.598483
2.13456 -0.960757 -0.735152 -1.43291 1.3796 0.5971
2.13462 -0.958879 -0.73823 -1.43202 1.37876 0.595716
2.13468 -0.95701 -0.741297 -1.43113 1.37793 0.594335
2.13474 -0.955141 -0.744364 -1.43024 1.3771 0.592955
2.1348 -0.953281 -0.747421 -1.42936 1.37628 0.591578
2.13487 -0.951421 -0.750477 -1.42848 1.37545 0.590201
2.13493 -0.949571 -0.753522 -1.4276 1.37463 0.588827
2.135 -0.94772 -0.756567 -1.42672 1.37381 0.587454
2.13506 -0.94588 -0.759599 -1.42585 1.373 0.586085
2.13513 -0.944039 -0.762632 -1.42498 1.37218 0.584715
2.1352 -0.942209 -0.765652 -1.42411 1.37137 0.58335
2.13527 -0.940379 -0.768673 -1.42325 1.37056 0.581984
2.13534 -0.93856 -0.77168 -1.42239 1.36975 0.580623
2.13541 -0.93674 -0.774687 -1.42153 1.36895 0.579261
2.13549 -0.934932 -0.777681 -1.42067 1.36815 0.577905
2.13556 -0.933124 -0.780674 -1.41982 1.36735 0.576548
2.13564 -0.931327 -0.783654 -1.41897 1.36656 0.575195
2.13572 -0.929531 -0.786633 -1.41812 1.36576 0.573843
2.1358 -0.927746 -0.789598 -1.41728 1.36498 0.572495
2.13588 -0.925962 -0.792563 -1.41644 1.36419 0.571147
2.13596 -0.92419 -0.795512 -1.41561 1.36341 0.569804
2.13605 -0.922418 -0.798462 -1.41477 1.36262 0.568461
2.13613 -0.920659 -0.801396 -1.41395 1.36185 0.567123
2.13622 -0.9189 -0.80433 -1.41312 1.36107 0.565785
2.13631 -0.917155 -0.807248 -1.4123 1.36031 0.564453
2.1364 -0.915409 -0.810166 -1.41148 1.35954 0.56312
2.1365 -0.913677 -0.813067 -1.41067 1.35878 0.561792
2.13659 -0.911945 -0.815968 -1.40985 1.35801 0.560465
2.13669 -0.910227 -0.818853 -1.40905 1.35726 0.559143
2.13678 -0.908509 -0.821738 -1.40824 1.35651 0.55782
2.13688 -0.906803 -0.824607 -1.40745 1.35576 0.556503
2.13698 -0.905098 -0.827476 -1.40665 1.35501 0.555186
2.13708 -0.903405 -0.83033 -1.40586 1.35427 0.553874
2.13719 -0.901712 -0.833184 -1.40506 1.35352 0.552561
2.13729 -0.900031 -0.836023 -1.40428 1.35279 0.551254
2.1374 -0.89835 -0.838863 -1.4035 1.35205 0.549946
2.13751 -0.896681 -0.841688 -1.40272 1.35132 0.548643
2.13762 -0.895012 -0.844513 -1.40194 1.35059 0.547339
2.13773 -0.893354 -0.847325 -1.40117 1.34987 0.546041
2.13784 -0.891696 -0.850137 -1.40039 1.34914 0.544742
2.13795 -0.890048 -0.852935 -1.39963 1.34842 0.543447
2.13807 -0.888401 -0.855734 -1.39886 1.3477 0.542152
2.13818 -0.886764 -0.85852 -1.3981 1.34699 0.540862
2.1383 -0.885127 -0.861306 -1.39734 1.34627 0.539571
2.13842 -0.8835 -0.86408 -1.39658 1.34556 0.538284
2.13854 -0.881874 -0.866854 -1.39583 1.34486 0.536997
2.13866 -0.880256 -0.869617 -1.39508 1.34415 0.535714
2.13878 -0.878639 -0.87238 -1.39433 1.34345 0.534431
2.1389 -0.87703 -0.875131 -1.39358 1.34275 0.533151
2.13903 -0.875422 -0.877883 -1.39284 1.34205 0.531872
2.13915 -0.873822 -0.880624 -1.3921 1.34135 0.530595
2.13928 -0.872222 -0.883365 -1.39136 1.34065 0.529319
2.13941 -0.870631 -0.886096 -1.39062 1.33996 0.528046
2.13953 -0.869039 -0.888827 -1.38989 1.33927 0.526773
2.13966 -0.867456 -0.891549 -1.38915 1.33858 0.525502
2.13979 -0.865872 -0.894271 -1.38842 1.33789 0.524232
2.13992 -0.864295 -0.896984 -1.38769 1.33721 0.522965
2.14005 -0.862719 -0.899697 -1.38697 1.33653 0.521698
2.14019 -0.861149 -0.902401 -1.38624 1.33585 0.520433
2.14032 -0.85958 -0.905106 -1.38552 1.33516 0.519168
2.14045 -0.858017 -0.907803 -1.3848 1.33449 0.517906
2.14059 -0.856454 -0.910499 -1.38408 1.33381 0.516644
2.14072 -0.854897 -0.913189 -1.38336 1.33313 0.515384
2.14086 -0.85334 -0.915878 -1.38264 1.33246 0.514125
2.141 -0.851788 -0.918561 -1.38193 1.33179 0.512867
2.14113 -0.850237 -0.921243 -1.38122 1.33112 0.511609
2.14127 -0.848691 -0.92392 -1.3805 1.33045 0.510354
2.14141 -0.847144 -0.926596 -1.37979 1.32978 0.509098
2.14155 -0.845603 -0.929267 -1.37908 1.32911 0.507844
2.14169 -0.844061 -0.931937 -1.37838 1.32844 0.506591
2.14183 -0.842524 -0.934602 -1.37767 1.32778 0.505338
2.14197 -0.840987 -0.937268 -1.37696 1.32712 0.504086
2.14211 -0.839454 -0.939928 -1.37626 1.32645 0.502836
2.14225 -0.83792 -0.942589 -1.37555 1.32579 0.501585
2.1424 -0.836391 -0.945246 -1.37485 1.32513 0.500336
2.14254 -0.834861 -0.947902 -1.37415 1.32447 0.499086
2.14268 -0.833334 -0.950555 -1.37345 1.32381 0.497838
2.14283 -0.831807 -0.953208 -1.37275 1.32315 0.49659
2.14297 -0.830283 -0.955857 -1.37205 1.32249 0.495343
2.14311 -0.828759 -0.958507 -1.37135 1.32183 0.494096
2.14326 -0.827237 -0.961154 -1.37065 1.32117 0.49285
2.1434 -0.825714 -0.963801 -1.36995 1.32052 0.491604
2.14355 -0.824194 -0.966446 -1.36926 1.31986 0.490358
2.14369 -0.822674 -0.969091 -1.36856 1.3192 0.489112
2.14384 -0.821155 -0.971734 -1.36786 1.31855 0.487867
2.14398 -0.819636 -0.974378 -1.36717 1.31789 0.486622
2.14413 -0.818118 -0.97702 -1.36647 1.31724 0.485377
2.14427 -0.816599 -0.979663 -1.36577 1.31658 0.484133
2.14442 -0.815082 -0.982304 -1.36508 1.31593 0.482888
2.14456 -0.813564 -0.984946 -1.36438 1.31527 0.481643
2.14471 -0.812046 -0.987588 -1.36369 1.31462 0.480399
2.14485 -0.810528 -0.99023 -1.36299 1.31396 0.479154
2.145 -0.809011 -0.992871 -1.36229 1.31331 0.47791
2.14514 -0.807493 -0.995513 -1.3616 1.31265 0.476665
2.14529 -0.805976 -0.998154 -1.3609 1.312 0.475421
2.14544 -0.804459 -1.0008 -1.36021 1.31134 0.474176
2.14558 -0.802943 -1.00344 -1.35951 1.31069 0.472932
2.14573 -0.801426 -1.00608 -1.35882 1.31003 0.471688
2.14587 -0.79991 -1.00871 -1.35812 1.30938 0.470444
2.14602 -0.798395 -1.01135 -1.35743 1.30873 0.469201
2.14616 -0.79688 -1.01399 -1.35674 1.30807 0.467957
2.14631 -0.795366 -1.01663 -1.35604 1.30742 0.466714
2.14646 -0.793853 -1.01927 -1.35535 1.30677 0.465471
2.1466 -0.792339 -1.0219 -1.35465 1.30611 0.464228
2.14675 -0.790828 -1.02454 -1.35396 1.30546 0.462986
2.1469 -0.789316 -1.02717 -1.35327 1.30481 0.461744
2.14704 -0.787806 -1.0298 -1.35258 1.30416 0.460502
2.14719 -0.786296 -1.03244 -1.35189 1.30351 0.459261
2.14734 -0.784788 -1.03507 -1.3512 1.30286 0.45802
2.14749 -0.78328 -1.0377 -1.35051 1.30221 0.456779
2.14764 -0.781774 -1.04032 -1.34982 1.30156 0.455539
2.14778 -0.780268 -1.04295 -1.34913 1.30091 0.454299
2.14793 -0.778765 -1.04558 -1.34844 1.30026 0.45306
2.14808 -0.777261 -1.0482 -1.34775 1.29961 0.451821
2.14823 -0.77576 -1.05082 -1.34706 1.29897 0.450583
2.14838 -0.774259 -1.05344 -1.34638 1.29832 0.449344
2.14853 -0.772761 -1.05606 -1.34569 1.29767 0.448107
2.14868 -0.771263 -1.05868 -1.34501 1.29703 0.44687
2.14883 -0.769768 -1.06129 -1.34432 1.29639 0.445635
2.14898 -0.768273 -1.06391 -1.34364 1.29574 0.444399
2.14913 -0.766781 -1.06652 -1.34296 1.2951 0.443164
2.14929 -0.765289 -1.06913 -1.34228 1.29446 0.44193
2.14944 -0.763801 -1.07174 -1.3416 1.29382 0.440696
2.14959 -0.762312 -1.07434 -1.34092 1.29318 0.439463
2.14974 -0.760827 -1.07694 -1.34024 1.29254 0.438231
2.1499 -0.759343 -1.07955 -1.33956 1.2919 0.436999
2.15005 -0.757862 -1.08214 -1.33889 1.29126 0.435769
2.15021 -0.756381 -1.08474 -1.33821 1.29063 0.434539
2.15036 -0.754904 -1.08733 -1.33754 1.28999 0.43331
2.15052 -0.753428 -1.08992 -1.33686 1.28936 0.432081
2.15067 -0.751955 -1.09251 -1.33619 1.28872 0.430854
2.15083 -0.750483 -1.0951 -1.33552 1.28809 0.429627
2.15099 -0.749015 -1.09768 -1.33485 1.28746 0.428402
2.15114 -0.747547 -1.10026 -1.33418 1.28683 0.427176
2.1513 -0.746084 -1.10284 -1.33352 1.2862 0.425953
2.15146 -0.74462 -1.10541 -1.33285 1.28558 0.42473
2.15162 -0.743162 -1.10798 -1.33219 1.28495 0.423508
2.15178 -0.741704 -1.11055 -1.33153 1.28432 0.422286
2.15194 -0.740251 -1.11312 -1.33087 1.2837 0.421067
2.1521 -0.738798 -1.11568 -1.33021 1.28308 0.419847
2.15226 -0.73735 -1.11824 -1.32955 1.28246 0.41863
2.15243 -0.735903 -1.12079 -1.32889 1.28184 0.417412
2.15259 -0.734461 -1.12334 -1.32824 1.28122 0.416197
2.15275 -0.733019 -1.12589 -1.32758 1.2806 0.414982
2.15292 -0.731582 -1.12844 -1.32693 1.27999 0.413769
2.15309 -0.730146 -1.13098 -1.32628 1.27937 0.412556
2.15325 -0.728716 -1.13351 -1.32563 1.27876 0.411345
2.15342 -0.727286 -1.13605 -1.32498 1.27815 0.410134
2.15359 -0.725862 -1.13858 -1.32434 1.27754 0.408926
2.15375 -0.724438 -1.14111 -1.32369 1.27693 0.407718
2.15392 -0.723021 -1.14363 -1.32305 1.27633 0.406512
2.15409 -0.721603 -1.14615 -1.32241 1.27572 0.405306
2.15427 -0.720193 -1.14866 -1.32177 1.27512 0.404103
2.15444 -0.718782 -1.15117 -1.32114 1.27452 0.4029
2.15461 -0.717378 -1.15368 -1.3205 1.27392 0.401699
2.15478 -0.715974 -1.15618 -1.31987 1.27332 0.400499
2.15496 -0.714577 -1.15868 -1.31924 1.27273 0.399301
2.15513 -0.71318 -1.16117 -1.31861 1.27213 0.398103
2.15531 -0.711789 -1.16366 -1.31798 1.27154 0.396907
2.15548 -0.710399 -1.16615 -1.31736 1.27095 0.395712
2.15566 -0.709014 -1.16863 -1.31673 1.27036 0.394519
2.15584 -0.70763 -1.17111 -1.31611 1.26977 0.393326
2.15602 -0.706251 -1.17358 -1.31549 1.26919 0.392135
2.1562 -0.704873 -1.17605 -1.31487 1.2686 0.390944
2.15638 -0.7035 -1.17852 -1.31425 1.26802 0.389756
2.15656 -0.702128 -1.18099 -1.31364 1.26744 0.388568
2.15674 -0.700761 -1.18344 -1.31302 1.26686 0.387381
2.15692 -0.699394 -1.1859 -1.31241 1.26628 0.386195
2.15711 -0.698032 -1.18836 -1.3118 1.2657 0.385011
2.15729 -0.696671 -1.19081 -1.31119 1.26512 0.383827
2.15747 -0.695314 -1.19326 -1.31058 1.26455 0.382645
2.15766 -0.693958 -1.1957 -1.30997 1.26397 0.381463
2.15784 -0.692607 -1.19814 -1.30937 1.2634 0.380282
2.15803 -0.691255 -1.20058 -1.30876 1.26283 0.379102
2.1584 -0.688562 -1.20545 -1.30756 1.26169 0.376745
2.15878 -0.685878 -1.21031 -1.30636 1.26055 0.374392
2.15916 -0.683202 -1.21516 -1.30516 1.25942 0.372042
2.15954 -0.680535 -1.22 -1.30397 1.25829 0.369695
2.15992 -0.677875 -1.22482 -1.30279 1.25717 0.367351
2.1603 -0.675223 -1.22964 -1.3016 1.25605 0.36501
2.16069 -0.672577 -1.23445 -1.30042 1.25494 0.362672
2.16088 -0.671258 -1.23686 -1.29984 1.25438 0.361504
2.16107 -0.669938 -1.23926 -1.29925 1.25382 0.360336
2.16146 -0.667305 -1.24405 -1.29808 1.25271 0.358003
2.16185 -0.664678 -1.24884 -1.29691 1.25161 0.355672
2.16224 -0.662056 -1.25363 -1.29574 1.2505 0.353342
2.16264 -0.659439 -1.2584 -1.29458 1.2494 0.351015
2.16283 -0.658132 -1.26079 -1.294 1.24885 0.349852
2.16303 -0.656826 -1.26317 -1.29342 1.2483 0.348689
2.16342 -0.654216 -1.26794 -1.29226 1.2472 0.346365
2.16382 -0.651611 -1.27271 -1.2911 1.2461 0.344042
2.16421 -0.649008 -1.27746 -1.28994 1.24501 0.34172
2.16441 -0.647708 -1.27984 -1.28937 1.24446 0.34056
2.16461 -0.646408 -1.28222 -1.28879 1.24392 0.3394
2.16501 -0.64381 -1.28697 -1.28764 1.24282 0.33708
2.16521 -0.642512 -1.28935 -1.28706 1.24228 0.33592
2.1654 -0.641214 -1.29173 -1.28649 1.24173 0.33476
2.1658 -0.638619 -1.29648 -1.28533 1.24064 0.332442
2.166 -0.637322 -1.29885 -1.28476 1.2401 0.331282
2.1662 -0.636025 -1.30123 -1.28418 1.23955 0.330123
2.1666 -0.633431 -1.30597 -1.28303 1.23846 0.327805
2.167 -0.630838 -1.31072 -1.28188 1.23737 0.325487
2.16719 -0.629541 -1.3131 -1.28131 1.23683 0.324328
2.16739 -0.628245 -1.31547 -1.28073 1.23628 0.323169
2.16779 -0.625654 -1.32021 -1.27958 1.23519 0.320852
2.16799 -0.624359 -1.32259 -1.27901 1.23465 0.319694
2.16819 -0.623065 -1.32496 -1.27844 1.2341 0.318535
2.16859 -0.62048 -1.32969 -1.27729 1.23302 0.316221
2.16899 -0.6179 -1.33443 -1.27615 1.23193 0.313907
2.16919 -0.616612 -1.33679 -1.27558 1.23139 0.312752
2.16939 -0.615324 -1.33915 -1.275 1.23085 0.311596
2.1698 -0.612755 -1.34387 -1.27387 1.22977 0.309287
2.1702 -0.610192 -1.34858 -1.27273 1.2287 0.306981
2.17061 -0.607637 -1.35329 -1.2716 1.22763 0.304678
2.17102 -0.605091 -1.35798 -1.27048 1.22656 0.302378
2.17143 -0.602554 -1.36266 -1.26936 1.2255 0.300082
2.17185 -0.600028 -1.36732 -1.26825 1.22444 0.297789
2.17226 -0.597513 -1.37198 -1.26714 1.22339 0.295502
2.17268 -0.59501 -1.37661 -1.26604 1.22235 0.293218
2.17311 -0.59252 -1.38124 -1.26494 1.22131 0.29094
2.17353 -0.590044 -1.38584 -1.26386 1.22028 0.288667
2.17396 -0.587582 -1.39043 -1.26278 1.21925 0.2864
2.1744 -0.585136 -1.395 -1.26171 1.21823 0.284139
2.17483 -0.582706 -1.39955 -1.26065 1.21723 0.281884
2.17527 -0.580294 -1.40408 -1.25959 1.21623 0.279636
2.17572 -0.5779 -1.40859 -1.25855 1.21523 0.277395
2.17617 -0.575524 -1.41307 -1.25752 1.21425 0.275161
2.17663 -0.573169 -1.41753 -1.2565 1.21328 0.272935
2.17709 -0.570834 -1.42197 -1.25549 1.21232 0.270717
2.17755 -0.568521 -1.42638 -1.25449 1.21137 0.268508
2.17803 -0.56623 -1.43076 -1.25351 1.21043 0.266306
2.1785 -0.563963 -1.43511 -1.25253 1.2095 0.264114
2.17899 -0.56172 -1.43943 -1.25158 1.20859 0.261932
2.17947 -0.559501 -1.44373 -1.25063 1.20768 0.259759
2.17997 -0.557309 -1.44799 -1.2497 1.20679 0.257596
2.18047 -0.555144 -1.45222 -1.24878 1.20591 0.255443
2.18098 -0.553006 -1.45642 -1.24788 1.20505 0.253301
2.18149 -0.550894 -1.46058 -1.24699 1.2042 0.25117
2.18202 -0.548809 -1.46471 -1.24612 1.20336 0.249048
2.18254 -0.546749 -1.46882 -1.24526 1.20254 0.246936
2.18308 -0.544713 -1.47289 -1.24441 1.20172 0.244834
2.18361 -0.5427 -1.47693 -1.24358 1.20092 0.24274
2.18416 -0.54071 -1.48095 -1.24275 1.20013 0.240655
2.18471 -0.538741 -1.48494 -1.24194 1.19935 0.238579
2.18526 -0.536793 -1.48891 -1.24115 1.19858 0.23651
2.18582 -0.534865 -1.49285 -1.24036 1.19783 0.23445
2.18639 -0.532955 -1.49677 -1.23958 1.19708 0.232396
2.18695 -0.531064 -1.50067 -1.23881 1.19633 0.23035
2.18753 -0.52919 -1.50455 -1.23805 1.1956 0.22831
2.1881 -0.527333 -1.5084 -1.23731 1.19488 0.226277
2.18868 -0.525491 -1.51224 -1.23656 1.19416 0.224249
2.18927 -0.523664 -1.51606 -1.23583 1.19345 0.222227
2.18985 -0.52185 -1.51986 -1.23511 1.19275 0.220211
2.19044 -0.52005 -1.52365 -1.23439 1.19205 0.2182
2.19104 -0.518261 -1.52743 -1.23368 1.19137 0.216193
2.19163 -0.516484 -1.53119 -1.23297 1.19068 0.214191
2.19223 -0.514717 -1.53493 -1.23227 1.19 0.212192
2.19283 -0.51296 -1.53867 -1.23158 1.18933 0.210198
2.19343 -0.511211 -1.54239 -1.23089 1.18866 0.208206
2.19404 -0.50947 -1.54611 -1.2302 1.18799 0.206218
2.19465 -0.507736 -1.54982 -1.22952 1.18733 0.204232
2.19525 -0.506008 -1.55352 -1.22884 1.18667 0.202249
2.19586 -0.504285 -1.55721 -1.22816 1.18601 0.200268
2.19647 -0.502567 -1.5609 -1.22749 1.18536 0.198288
2.19708 -0.500852 -1.56458 -1.22682 1.1847 0.19631
2.19769 -0.499139 -1.56826 -1.22615 1.18405 0.194332
2.19831 -0.497429 -1.57194 -1.22548 1.1834 0.192356
2.19892 -0.495719 -1.57562 -1.22481 1.18275 0.190379
2.19953 -0.494009 -1.5793 -1.22414 1.1821 0.188403
2.20014 -0.492299 -1.58298 -1.22347 1.18145 0.186427
2.20076 -0.490589 -1.58665 -1.22281 1.1808 0.184451
2.20137 -0.488879 -1.59033 -1.22214 1.18015 0.182474
2.20198 -0.487169 -1.59401 -1.22147 1.1795 0.180498
2.20259 -0.485459 -1.59769 -1.2208 1.17885 0.178522
2.2032 -0.48375 -1.60137 -1.22013 1.1782 0.176545
2.20382 -0.48204 -1.60504 -1.21946 1.17754 0.174569
2.20443 -0.48033 -1.60872 -1.21879 1.17689 0.172593
2.20504 -0.47862 -1.6124 -1.21812 1.17624 0.170616
2.20565 -0.47691 -1.61608 -1.21745 1.17559 0.16864
2.20626 -0.4752 -1.61976 -1.21679 1.17494 0.166664
2.20688 -0.47349 -1.62343 -1.21612 1.17429 0.164687
2.20749 -0.47178 -1.62711 -1.21545 1.17364 0.162711
2.2081 -0.470071 -1.63079 -1.21478 1.17299 0.160735
2.20871 -0.468361 -1.63447 -1.21411 1.17234 0.158759
2.20933 -0.466651 -1.63815 -1.21344 1.17169 0.156782
2.20994 -0.464941 -1.64182 -1.21277 1.17104 0.154806
2.21055 -0.463231 -1.6455 -1.2121 1.17039 0.15283
2.21116 -0.461521 -1.64918 -1.21144 1.16974 0.150853
2.21177 -0.459811 -1.65286 -1.21077 1.16909 0.148877
2.21239 -0.458101 -1.65654 -1.2101 1.16844 0.146901
2.213 -0.456392 -1.66021 -1.20943 1.16778 0.144924
2.21361 -0.454682 -1.66389 -1.20876 1.16713 0.142948
2.21422 -0.452972 -1.66757 -1.20809 1.16648 0.140972
2.21484 -0.451262 -1.67125 -1.20742 1.16583 0.138995
2.21545 -0.449552 -1.67493 -1.20675 1.16518 0.137019
2.21606 -0.447842 -1.6786 -1.20609 1.16453 0.135043
2.21667 -0.446132 -1.68228 -1.20542 1.16388 0.133067
2.21728 -0.444422 -1.68596 -1.20475 1.16323 0.13109
2.2179 -0.442712 -1.68964 -1.20408 1.16258 0.129114
2.21851 -0.441003 -1.69332 -1.20341 1.16193 0.127138
2.21912 -0.439293 -1.69699 -1.20274 1.16128 0.125161
2.21973 -0.437583 -1.70067 -1.20207 1.16063 0.123185
2.22035 -0.435873 -1.70435 -1.2014 1.15998 0.121209
2.22065 -0.435018 -1.70619 -1.20107 1.15965 0.120221
2.22096 -0.434163 -1.70803 -1.20073 1.15933 0.119232
2.22157 -0.432453 -1.71171 -1.20007 1.15868 0.117256
2.22188 -0.431598 -1.71355 -1.19973 1.15835 0.116268
2.22218 -0.430743 -1.71538 -1.1994 1.15802 0.11528
2.22279 -0.429033 -1.71906 -1.19873 1.15737 0.113303
2.2231 -0.428179 -1.7209 -1.19839 1.15705 0.112315
2.22341 -0.427324 -1.72274 -1.19806 1.15672 0.111327
2.22402 -0.425614 -1.72642 -1.19739 1.15607 0.109351
2.22432 -0.424759 -1.72826 -1.19706 1.15575 0.108363
2.22463 -0.423904 -1.7301 -1.19672 1.15542 0.107375
2.22524 -0.422194 -1.73377 -1.19605 1.15477 0.105398
2.22555 -0.421339 -1.73561 -1.19572 1.15445 0.10441
2.22585 -0.420484 -1.73745 -1.19538 1.15412 0.103422
2.22647 -0.418774 -1.74113 -1.19472 1.15347 0.101446
2.22677 -0.417919 -1.74297 -1.19438 1.15314 0.100457
2.22708 -0.417064 -1.74481 -1.19405 1.15282 0.0994693
2.22769 -0.415354 -1.74849 -1.19338 1.15217 0.097493
2.228 -0.414499 -1.75033 -1.19304 1.15184 0.0965048
2.2283 -0.413645 -1.75216 -1.19271 1.15152 0.0955167
2.22892 -0.411935 -1.75584 -1.19204 1.15087 0.0935404
2.22922 -0.41108 -1.75768 -1.19171 1.15054 0.0925522
2.22953 -0.410225 -1.75952 -1.19137 1.15022 0.091564
2.23014 -0.408515 -1.7632 -1.1907 1.14957 0.0895877
2.23045 -0.40766 -1.76504 -1.19037 1.14924 0.0885996
2.23075 -0.406805 -1.76688 -1.19003 1.14892 0.0876114
2.23136 -0.405095 -1.77055 -1.18937 1.14826 0.0856351
2.23167 -0.40424 -1.77239 -1.18903 1.14794 0.084647
2.23198 -0.403385 -1.77423 -1.1887 1.14761 0.0836588
2.23259 -0.401675 -1.77791 -1.18803 1.14696 0.0816825
2.23289 -0.40082 -1.77975 -1.18769 1.14664 0.0806944
2.2332 -0.399966 -1.78159 -1.18736 1.14631 0.0797062
2.23381 -0.398256 -1.78527 -1.18669 1.14566 0.0777299
2.23412 -0.397401 -1.78711 -1.18636 1.14534 0.0767417
2.23443 -0.396546 -1.78895 -1.18602 1.14501 0.0757536
2.23504 -0.394836 -1.79262 -1.18535 1.14436 0.0737773
2.23534 -0.393981 -1.79446 -1.18502 1.14404 0.0727891
2.23565 -0.393126 -1.7963 -1.18468 1.14371 0.071801
2.23626 -0.391416 -1.79998 -1.18402 1.14306 0.0698247
2.23657 -0.390561 -1.80182 -1.18368 1.14273 0.0688365
2.23687 -0.389706 -1.80366 -1.18335 1.14241 0.0678483
2.23749 -0.387996 -1.80734 -1.18268 1.14176 0.065872
2.23779 -0.387141 -1.80917 -1.18234 1.14143 0.0648839
2.2381 -0.386286 -1.81101 -1.18201 1.14111 0.0638957
2.23871 -0.384577 -1.81469 -1.18134 1.14046 0.0619194
2.23902 -0.383722 -1.81653 -1.18101 1.14013 0.0609313
2.23932 -0.382867 -1.81837 -1.18067 1.13981 0.0599431
2.23993 -0.381157 -1.82205 -1.18 1.13916 0.0579668
2.24024 -0.380302 -1.82389 -1.17967 1.13883 0.0569786
2.24055 -0.379447 -1.82573 -1.17933 1.1385 0.0559905
2.24116 -0.377737 -1.8294 -1.17866 1.13785 0.0540142
2.24147 -0.376882 -1.83124 -1.17833 1.13753 0.053026
2.24177 -0.376027 -1.83308 -1.178 1.1372 0.0520379
2.24238 -0.374317 -1.83676 -1.17733 1.13655 0.0500616
2.24269 -0.373462 -1.8386 -1.17699 1.13623 0.0490734
2.243 -0.372607 -1.84044 -1.17666 1.1359 0.0480853
2.24361 -0.370898 -1.84412 -1.17599 1.13525 0.046109
2.24391 -0.370043 -1.84595 -1.17566 1.13493 0.0451208
2.24422 -0.369188 -1.84779 -1.17532 1.1346 0.0441326
2.24483 -0.367478 -1.85147 -1.17465 1.13395 0.0421563
2.24514 -0.366623 -1.85331 -1.17432 1.13362 0.0411682
2.24544 -0.365768 -1.85515 -1.17398 1.1333 0.04018
2.24606 -0.364058 -1.85883 -1.17331 1.13265 0.0382037
2.24636 -0.363203 -1.86067 -1.17298 1.13232 0.0372156
2.24667 -0.362348 -1.86251 -1.17265 1.132 0.0362274
2.24728 -0.360638 -1.86618 -1.17198 1.13135 0.0342511
2.24759 -0.359783 -1.86802 -1.17164 1.13102 0.0332629
2.24789 -0.358928 -1.86986 -1.17131 1.1307 0.0322748
2.24851 -0.357219 -1.87354 -1.17064 1.13005 0.0302985
2.24881 -0.356364 -1.87538 -1.1703 1.12972 0.0293103
2.24912 -0.355509 -1.87722 -1.16997 1.1294 0.0283222
2.24973 -0.353799 -1.8809 -1.1693 1.12874 0.0263459
2.25004 -0.352944 -1.88273 -1.16897 1.12842 0.0253577
2.25034 -0.352089 -1.88457 -1.16863 1.12809 0.0243696
2.25095 -0.350379 -1.88825 -1.16796 1.12744 0.0223932
2.25126 -0.349524 -1.89009 -1.16763 1.12712 0.0214051
2.25157 -0.348669 -1.89193 -1.1673 1.12679 0.0204169
2.25218 -0.346959 -1.89561 -1.16663 1.12614 0.0184406
2.25248 -0.346104 -1.89745 -1.16629 1.12582 0.0174525
2.25279 -0.345249 -1.89929 -1.16596 1.12549 0.0164643
2.2534 -0.34354 -1.90296 -1.16529 1.12484 0.014488
2.25371 -0.342685 -1.9048 -1.16495 1.12452 0.0134999
2.25401 -0.34183 -1.90664 -1.16462 1.12419 0.0125117
2.25463 -0.34012 -1.91032 -1.16395 1.12354 0.0105354
2.25493 -0.339265 -1.91216 -1.16362 1.12321 0.00954724
2.25524 -0.33841 -1.914 -1.16328 1.12289 0.00855909
2.25585 -0.3367 -1.91768 -1.16261 1.12224 0.00658278
2.25616 -0.335845 -1.91951 -1.16228 1.12191 0.00559462
2.25646 -0.33499 -1.92135 -1.16194 1.12159 0.00460647
2.25708 -0.33328 -1.92503 -1.16128 1.12094 0.00263016
2.25769 -0.33157 -1.92871 -1.16061 1.12029 0.000653853
