0.122437 -0.039076 1.9621 -2.31836 1.84137 1.80178
0.122768 -0.0399887 1.96344 -2.32026 1.83927 1.80397
0.123099 -0.0409015 1.96478 -2.32217 1.83716 1.80615
0.123431 -0.0418143 1.96611 -2.32407 1.83506 1.80833
0.123762 -0.0427271 1.96745 -2.32598 1.83295 1.81052
0.124094 -0.0436399 1.96879 -2.32789 1.83085 1.8127
0.124425 -0.0445527 1.97012 -2.32979 1.82874 1.81488
0.124756 -0.0454655 1.97146 -2.3317 1.82664 1.81707
0.125088 -0.0463783 1.9728 -2.33361 1.82453 1.81925
0.125419 -0.0472911 1.97414 -2.33551 1.82243 1.82143
0.12575 -0.0482038 1.97547 -2.33742 1.82032 1.82361
0.126082 -0.0491166 1.97681 -2.33933 1.81822 1.8258
0.126413 -0.0500294 1.97815 -2.34123 1.81611 1.82798
0.126744 -0.0509422 1.97948 -2.34314 1.81401 1.83016
0.127076 -0.051855 1.98082 -2.34505 1.8119 1.83235
0.127407 -0.0527678 1.98216 -2.34695 1.8098 1.83453
0.127739 -0.0536806 1.98349 -2.34886 1.80769 1.83671
0.12807 -0.0545934 1.98483 -2.35077 1.80559 1.8389
0.128401 -0.0555061 1.98617 -2.35267 1.80348 1.84108
0.128733 -0.0564189 1.9875 -2.35458 1.80138 1.84326
0.129064 -0.0573317 1.98884 -2.35649 1.79927 1.84545
0.129395 -0.0582445 1.99018 -2.35839 1.79717 1.84763
0.129727 -0.0591573 1.99151 -2.3603 1.79506 1.84981
0.130058 -0.0600701 1.99285 -2.3622 1.79296 1.852
0.130389 -0.0609829 1.99419 -2.36411 1.79085 1.85418
0.130721 -0.0618957 1.99553 -2.36602 1.78875 1.85636
0.131052 -0.0628084 1.99686 -2.36792 1.78665 1.85855
0.131384 -0.0637212 1.9982 -2.36983 1.78454 1.86073
0.131715 -0.064634 1.99954 -2.37174 1.78244 1.86291
0.132046 -0.0655468 2.00087 -2.37364 1.78033 1.86509
0.132378 -0.0664596 2.00221 -2.37555 1.77823 1.86728
0.132709 -0.0673724 2.00355 -2.37746 1.77612 1.86946
0.13304 -0.0682852 2.00488 -2.37936 1.77402 1.87164
0.133372 -0.069198 2.00622 -2.38127 1.77191 1.87383
0.133703 -0.0701108 2.00756 -2.38318 1.76981 1.87601
0.134035 -0.0710235 2.00889 -2.38508 1.7677 1.87819
0.134366 -0.0719363 2.01023 -2.38699 1.7656 1.88038
0.134697 -0.0728491 2.01157 -2.3889 1.76349 1.88256
0.135029 -0.0737619 2.01291 -2.3908 1.76139 1.88474
0.13536 -0.0746747 2.01424 -2.39271 1.75928 1.88693
0.135691 -0.0755875 2.01558 -2.39461 1.75718 1.88911
0.136023 -0.0765003 2.01692 -2.39652 1.75507 1.89129
0.136354 -0.0774131 2.01825 -2.39843 1.75297 1.89348
0.136685 -0.0783258 2.01959 -2.40033 1.75086 1.89566
0.137017 -0.0792386 2.02093 -2.40224 1.74876 1.89784
0.137348 -0.0801514 2.02226 -2.40415 1.74665 1.90003
0.13768 -0.0810642 2.0236 -2.40605 1.74455 1.90221
0.138011 -0.081977 2.02494 -2.40796 1.74244 1.90439
0.138342 -0.0828898 2.02627 -2.40987 1.74034 1.90657
0.138674 -0.0838026 2.02761 -2.41177 1.73823 1.90876
0.139005 -0.0847154 2.02895 -2.41368 1.73613 1.91094
0.139336 -0.0856282 2.03028 -2.41559 1.73403 1.91312
0.139668 -0.0865409 2.03162 -2.41749 1.73192 1.91531
0.139999 -0.0874537 2.03296 -2.4194 1.72982 1.91749
0.14033 -0.0883665 2.0343 -2.42131 1.72771 1.91967
0.140662 -0.0892793 2.03563 -2.42321 1.72561 1.92186
0.140993 -0.0901921 2.03697 -2.42512 1.7235 1.92404
0.141325 -0.0911049 2.03831 -2.42702 1.7214 1.92622
0.141656 -0.0920177 2.03964 -2.42893 1.71929 1.92841
0.141987 -0.0929305 2.04098 -2.43084 1.71719 1.93059
0.142319 -0.0938432 2.04232 -2.43274 1.71508 1.93277
0.14265 -0.094756 2.04365 -2.43465 1.71298 1.93496
0.142981 -0.0956688 2.04499 -2.43656 1.71087 1.93714
0.143313 -0.0965816 2.04633 -2.43846 1.70877 1.93932
0.143644 -0.0974944 2.04766 -2.44037 1.70666 1.94151
0.143975 -0.0984072 2.049 -2.44228 1.70456 1.94369
0.144307 -0.09932 2.05034 -2.44418 1.70245 1.94587
0.144638 -0.100233 2.05167 -2.44609 1.70035 1.94805
0.14497 -0.101145 2.05301 -2.44799 1.69825 1.95024
0.145302 -0.102058 2.05435 -2.4499 1.69614 1.95242
0.145634 -0.10297 2.05568 -2.4518 1.69404 1.9546
0.145966 -0.103882 2.05701 -2.4537 1.69194 1.95677
0.146298 -0.104795 2.05835 -2.45559 1.68984 1.95895
0.146632 -0.105706 2.05968 -2.45749 1.68775 1.96112
0.146965 -0.106618 2.06101 -2.45938 1.68565 1.96329
0.147299 -0.107529 2.06234 -2.46127 1.68356 1.96546
0.147632 -0.108441 2.06367 -2.46315 1.68147 1.96763
0.147967 -0.109351 2.06499 -2.46503 1.67939 1.96979
0.148302 -0.110262 2.06632 -2.46691 1.6773 1.97195
0.148638 -0.111172 2.06764 -2.46878 1.67523 1.9741
0.148975 -0.112081 2.06896 -2.47064 1.67315 1.97626
0.149312 -0.11299 2.07027 -2.4725 1.67108 1.9784
0.14965 -0.113899 2.07159 -2.47436 1.66901 1.98055
0.149989 -0.114808 2.0729 -2.4762 1.66695 1.98268
0.150328 -0.115716 2.07421 -2.47805 1.66488 1.98482
0.150668 -0.116623 2.07552 -2.47988 1.66283 1.98694
0.151009 -0.11753 2.07682 -2.48171 1.66078 1.98907
0.151352 -0.118436 2.07812 -2.48353 1.65874 1.99118
0.151694 -0.119342 2.07942 -2.48534 1.6567 1.99329
0.152039 -0.120246 2.08071 -2.48714 1.65467 1.99539
0.152384 -0.121151 2.08201 -2.48894 1.65264 1.99749
0.152731 -0.122054 2.08329 -2.49073 1.65062 1.99958
0.153078 -0.122957 2.08458 -2.49251 1.6486 2.00167
0.153427 -0.123859 2.08585 -2.49427 1.6466 2.00374
0.153776 -0.124761 2.08713 -2.49603 1.6446 2.00581
0.154128 -0.125661 2.0884 -2.49778 1.64261 2.00786
0.15448 -0.126561 2.08967 -2.49952 1.64062 2.00992
0.154834 -0.12746 2.09092 -2.50124 1.63864 2.01196
0.155189 -0.128359 2.09218 -2.50296 1.63667 2.014
0.155546 -0.129256 2.09343 -2.50466 1.63471 2.01602
0.155903 -0.130153 2.09468 -2.50636 1.63275 2.01804
0.156263 -0.131048 2.09593 -2.50804 1.6308 2.02005
0.156622 -0.131944 2.09717 -2.50972 1.62886 2.02206
0.156984 -0.132838 2.0984 -2.51139 1.62692 2.02405
0.157345 -0.133732 2.09964 -2.51305 1.62499 2.02605
0.157709 -0.134625 2.10087 -2.5147 1.62307 2.02803
0.158073 -0.135518 2.1021 -2.51634 1.62114 2.03001
0.158439 -0.13641 2.10332 -2.51798 1.61923 2.03198
0.158804 -0.137301 2.10454 -2.51961 1.61732 2.03395
0.159172 -0.138192 2.10576 -2.52123 1.61542 2.0359
0.159539 -0.139083 2.10697 -2.52284 1.61352 2.03786
0.159908 -0.139973 2.10818 -2.52445 1.61162 2.03981
0.160277 -0.140862 2.10939 -2.52606 1.60973 2.04176
0.160647 -0.141751 2.1106 -2.52765 1.60785 2.0437
0.161017 -0.14264 2.11181 -2.52925 1.60596 2.04564
0.16139 -0.143528 2.113 -2.53082 1.60409 2.04757
0.161763 -0.144415 2.1142 -2.53239 1.60222 2.04949
0.162139 -0.1453 2.11539 -2.53394 1.60037 2.05139
0.162516 -0.146185 2.11657 -2.53548 1.59852 2.0533
0.162897 -0.147067 2.11774 -2.53699 1.59669 2.05517
0.163279 -0.147949 2.11891 -2.53849 1.59487 2.05704
0.163667 -0.148828 2.12006 -2.53995 1.59308 2.05887
0.164054 -0.149706 2.1212 -2.5414 1.5913 2.0607
0.164449 -0.15058 2.12233 -2.5428 1.58955 2.06249
0.164844 -0.151453 2.12345 -2.5442 1.5878 2.06427
0.165651 -0.153191 2.12564 -2.54686 1.58441 2.06774
0.166477 -0.154916 2.12776 -2.54936 1.58112 2.07109
0.167326 -0.156628 2.12982 -2.55168 1.57796 2.0743
0.168193 -0.158328 2.1318 -2.55386 1.5749 2.07739
0.169077 -0.160018 2.13373 -2.5559 1.57194 2.08037
0.169974 -0.1617 2.13562 -2.55783 1.56905 2.08328
0.170882 -0.163375 2.13747 -2.55968 1.56622 2.08611
0.171796 -0.165046 2.1393 -2.56148 1.56343 2.08891
0.172721 -0.166711 2.14109 -2.5632 1.5607 2.09164
0.173645 -0.168376 2.14289 -2.56491 1.55796 2.09438
0.17457 -0.170041 2.14468 -2.56662 1.55523 2.09711
0.175495 -0.171706 2.14648 -2.56834 1.5525 2.09984
0.176419 -0.173371 2.14827 -2.57005 1.54976 2.10258
0.177344 -0.175036 2.15006 -2.57177 1.54703 2.10531
0.178268 -0.176701 2.15186 -2.57348 1.5443 2.10804
0.179193 -0.178366 2.15365 -2.5752 1.54156 2.11077
0.180118 -0.180031 2.15545 -2.57691 1.53883 2.11351
0.181064 -0.181683 2.15717 -2.57845 1.53622 2.1161
0.182054 -0.183308 2.15874 -2.57964 1.53386 2.11843
0.183066 -0.184919 2.16024 -2.58066 1.53161 2.12062
0.184078 -0.18653 2.16174 -2.58167 1.52937 2.12281
0.18509 -0.188142 2.16325 -2.58269 1.52713 2.12499
0.186102 -0.189753 2.16475 -2.5837 1.52489 2.12718
0.187114 -0.191365 2.16625 -2.58472 1.52265 2.12937
0.188126 -0.192976 2.16775 -2.58573 1.52041 2.13156
0.189138 -0.194588 2.16925 -2.58675 1.51817 2.13375
0.19015 -0.196199 2.17075 -2.58776 1.51593 2.13594
0.191161 -0.197811 2.17225 -2.58878 1.51369 2.13812
0.192173 -0.199422 2.17375 -2.58979 1.51144 2.14031
0.193185 -0.201033 2.17525 -2.59081 1.5092 2.1425
0.194197 -0.202645 2.17676 -2.59182 1.50696 2.14469
0.195209 -0.204256 2.17826 -2.59284 1.50472 2.14688
0.196221 -0.205868 2.17976 -2.59385 1.50248 2.14907
0.197233 -0.207479 2.18126 -2.59487 1.50024 2.15125
0.198245 -0.209091 2.18276 -2.59588 1.498 2.15344
0.199257 -0.210701 2.18426 -2.5969 1.49576 2.15563
0.200267 -0.212311 2.18576 -2.59791 1.49352 2.15781
0.201277 -0.213918 2.18725 -2.59892 1.49129 2.15999
0.202286 -0.215523 2.18875 -2.59993 1.48906 2.16217
0.203293 -0.217124 2.19024 -2.60093 1.48684 2.16434
0.204298 -0.218722 2.19172 -2.60192 1.48462 2.1665
0.205301 -0.220314 2.1932 -2.60291 1.48241 2.16865
0.206301 -0.221902 2.19467 -2.60389 1.48022 2.17079
0.207298 -0.223483 2.19613 -2.60486 1.47803 2.17293
0.208292 -0.225058 2.19759 -2.60583 1.47586 2.17504
0.209283 -0.226625 2.19904 -2.60678 1.4737 2.17715
0.210269 -0.228184 2.20047 -2.60772 1.47156 2.17924
0.211251 -0.229734 2.2019 -2.60865 1.46943 2.18131
0.212229 -0.231275 2.20332 -2.60957 1.46733 2.18336
0.213201 -0.232806 2.20472 -2.61047 1.46524 2.1854
0.214169 -0.234326 2.20611 -2.61136 1.46317 2.18741
0.215131 -0.235835 2.20749 -2.61223 1.46112 2.1894
0.216087 -0.237332 2.20885 -2.61308 1.45909 2.19137
0.217036 -0.238815 2.21019 -2.61392 1.45709 2.19332
0.21798 -0.240286 2.21152 -2.61473 1.45511 2.19524
0.218916 -0.241742 2.21284 -2.61553 1.45316 2.19713
0.219845 -0.243184 2.21413 -2.61631 1.45124 2.19899
0.220767 -0.24461 2.21541 -2.61706 1.44935 2.20083
0.221681 -0.24602 2.21666 -2.6178 1.44748 2.20263
0.222586 -0.247413 2.2179 -2.6185 1.44565 2.20441
0.223483 -0.248789 2.21912 -2.61919 1.44385 2.20614
0.224372 -0.250147 2.22031 -2.61985 1.44209 2.20785
0.225251 -0.251486 2.22148 -2.62048 1.44036 2.20952
0.22612 -0.252805 2.22262 -2.62108 1.43867 2.21115
0.22698 -0.254105 2.22375 -2.62166 1.43701 2.21274
0.22783 -0.255383 2.22484 -2.62221 1.43539 2.2143
0.228669 -0.25664 2.22591 -2.62273 1.43382 2.21581
0.229498 -0.257876 2.22696 -2.62321 1.43228 2.21728
0.230317 -0.259092 2.22798 -2.62367 1.43078 2.21871
0.231127 -0.260289 2.22898 -2.62411 1.42932 2.22011
0.231928 -0.261467 2.22995 -2.62451 1.42789 2.22147
0.23272 -0.262626 2.2309 -2.62489 1.4265 2.2228
0.233503 -0.263769 2.23183 -2.62525 1.42514 2.22409
0.234278 -0.264894 2.23274 -2.62558 1.42381 2.22535
0.235045 -0.266003 2.23364 -2.62589 1.42251 2.22659
0.235805 -0.267097 2.23451 -2.62618 1.42124 2.22779
0.236558 -0.268176 2.23536 -2.62645 1.42 2.22896
0.237303 -0.269241 2.2362 -2.62669 1.41878 2.23011
0.238042 -0.270293 2.23702 -2.62692 1.41759 2.23123
0.238775 -0.271332 2.23783 -2.62713 1.41643 2.23232
0.239502 -0.272359 2.23862 -2.62733 1.41528 2.2334
0.240224 -0.273374 2.23939 -2.6275 1.41416 2.23445
0.24094 -0.274379 2.24016 -2.62767 1.41306 2.23548
0.241651 -0.275373 2.24091 -2.62782 1.41198 2.23649
0.242358 -0.276358 2.24165 -2.62795 1.41091 2.23748
0.243061 -0.277335 2.24238 -2.62807 1.40986 2.23846
0.243759 -0.278303 2.2431 -2.62819 1.40883 2.23942
0.244454 -0.279264 2.24381 -2.62829 1.40781 2.24037
0.245146 -0.280218 2.24451 -2.62838 1.4068 2.24131
0.245835 -0.281166 2.24521 -2.62846 1.4058 2.24223
0.246521 -0.282109 2.2459 -2.62854 1.40482 2.24314
0.247205 -0.283047 2.24658 -2.62861 1.40384 2.24405
0.247887 -0.283981 2.24726 -2.62867 1.40287 2.24494
0.248567 -0.284912 2.24793 -2.62873 1.4019 2.24583
0.249246 -0.28584 2.2486 -2.62879 1.40095 2.24672
0.249924 -0.286766 2.24927 -2.62884 1.39999 2.2476
0.250601 -0.287691 2.24994 -2.62889 1.39904 2.24848
0.251278 -0.288615 2.25061 -2.62894 1.39809 2.24936
0.251955 -0.289539 2.25127 -2.62899 1.39714 2.25023
0.252653 -0.290482 2.25194 -2.629 1.39619 2.2511
0.253393 -0.291461 2.2526 -2.62893 1.39526 2.25194
0.254196 -0.292497 2.25325 -2.62874 1.39435 2.25275
0.255083 -0.293606 2.2539 -2.62839 1.39346 2.25352
0.256074 -0.294808 2.25455 -2.62784 1.39261 2.25422
0.257192 -0.296121 2.25518 -2.62705 1.3918 2.25486
0.258457 -0.297563 2.2558 -2.62599 1.39103 2.25542
0.259889 -0.299154 2.25641 -2.6246 1.39031 2.25589
0.26151 -0.300912 2.25701 -2.62286 1.38966 2.25626
0.263341 -0.302854 2.25759 -2.62072 1.38907 2.25651
0.265403 -0.305001 2.25815 -2.61814 1.38855 2.25664
0.267716 -0.307369 2.25869 -2.61509 1.38811 2.25664
0.270303 -0.309979 2.25922 -2.61151 1.38775 2.25648
0.273183 -0.312847 2.25972 -2.60738 1.38749 2.25617
0.27478 -0.314421 2.25996 -2.60502 1.3874 2.25593
0.276378 -0.315994 2.2602 -2.60265 1.38732 2.25568
0.278143 -0.317715 2.26042 -2.59997 1.38729 2.25535
0.279908 -0.319437 2.26065 -2.59728 1.38726 2.25502
0.281852 -0.321316 2.26086 -2.59426 1.38729 2.25459
0.283796 -0.323195 2.26108 -2.59124 1.38731 2.25416
0.285928 -0.32524 2.26128 -2.58786 1.3874 2.25363
0.28806 -0.327286 2.26147 -2.58448 1.38748 2.2531
0.290392 -0.329507 2.26166 -2.58072 1.38763 2.25246
0.292724 -0.331729 2.26184 -2.57696 1.38777 2.25182
0.294418 -0.333333 2.26195 -2.57419 1.38791 2.25132
0.296113 -0.334938 2.26207 -2.57142 1.38805 2.25082
0.297807 -0.336542 2.26218 -2.56865 1.3882 2.25032
0.299649 -0.338276 2.26228 -2.5656 1.38838 2.24974
0.30149 -0.34001 2.26238 -2.56255 1.38857 2.24916
0.303331 -0.341744 2.26248 -2.5595 1.38876 2.24858
0.305326 -0.343614 2.26257 -2.55616 1.38899 2.24791
0.307321 -0.345484 2.26266 -2.55282 1.38923 2.24725
0.309317 -0.347354 2.26275 -2.54948 1.38946 2.24659
0.311473 -0.349366 2.26283 -2.54583 1.38975 2.24583
0.313629 -0.351378 2.26291 -2.54218 1.39003 2.24508
0.315785 -0.35339 2.26299 -2.53853 1.39032 2.24433
0.317527 -0.35501 2.26303 -2.53556 1.39057 2.2437
0.31927 -0.35663 2.26308 -2.53258 1.39082 2.24307
0.321013 -0.35825 2.26313 -2.52961 1.39108 2.24244
0.322756 -0.35987 2.26318 -2.52664 1.39133 2.24181
0.32463 -0.361606 2.26322 -2.52341 1.39162 2.24111
0.326504 -0.363342 2.26326 -2.52019 1.39192 2.2404
0.328378 -0.365078 2.2633 -2.51697 1.39221 2.2397
0.330252 -0.366813 2.26334 -2.51374 1.39251 2.239
0.332263 -0.36867 2.26337 -2.51026 1.39284 2.23822
0.334273 -0.370526 2.2634 -2.50678 1.39318 2.23745
0.336284 -0.372382 2.26343 -2.5033 1.39351 2.23667
0.338294 -0.374238 2.26345 -2.49981 1.39385 2.2359
0.340446 -0.376219 2.26347 -2.49606 1.39423 2.23505
0.342598 -0.378201 2.26349 -2.49231 1.39461 2.23419
0.34475 -0.380182 2.26351 -2.48856 1.39499 2.23334
0.346902 -0.382163 2.26353 -2.48481 1.39537 2.23249
0.348741 -0.383852 2.26353 -2.48159 1.39572 2.23174
0.35058 -0.38554 2.26354 -2.47836 1.39606 2.231
0.35242 -0.387229 2.26355 -2.47514 1.3964 2.23025
0.354259 -0.388918 2.26355 -2.47192 1.39674 2.22951
0.356098 -0.390607 2.26356 -2.46869 1.39708 2.22876
0.358059 -0.392403 2.26355 -2.46524 1.39746 2.22795
0.36002 -0.394199 2.26355 -2.46178 1.39784 2.22714
0.36198 -0.395995 2.26355 -2.45833 1.39822 2.22633
0.363941 -0.397791 2.26354 -2.45487 1.3986 2.22552
0.365902 -0.399587 2.26354 -2.45142 1.39898 2.22471
0.367989 -0.401494 2.26353 -2.44773 1.39939 2.22383
0.370075 -0.403402 2.26352 -2.44403 1.39981 2.22295
0.372162 -0.405309 2.2635 -2.44034 1.40023 2.22207
0.374249 -0.407216 2.26349 -2.43664 1.40065 2.22119
0.376336 -0.409123 2.26348 -2.43295 1.40107 2.22031
0.378183 -0.410808 2.26346 -2.42967 1.40145 2.21952
0.38003 -0.412493 2.26344 -2.42638 1.40183 2.21873
0.381878 -0.414178 2.26342 -2.4231 1.40222 2.21794
0.383725 -0.415863 2.2634 -2.41982 1.4026 2.21715
0.385572 -0.417549 2.26339 -2.41653 1.40298 2.21635
0.38742 -0.419234 2.26337 -2.41325 1.40336 2.21556
0.389379 -0.421017 2.26334 -2.40975 1.40378 2.21471
0.391338 -0.422801 2.26331 -2.40626 1.4042 2.21386
0.393297 -0.424585 2.26329 -2.40276 1.40462 2.21301
0.395257 -0.426369 2.26326 -2.39926 1.40503 2.21216
0.397216 -0.428153 2.26323 -2.39577 1.40545 2.21131
0.399175 -0.429937 2.26321 -2.39227 1.40587 2.21045
0.400948 -0.431548 2.26318 -2.3891 1.40626 2.20967
0.40272 -0.433159 2.26315 -2.38593 1.40664 2.20889
0.404492 -0.43477 2.26312 -2.38275 1.40703 2.20811
0.406264 -0.436381 2.26309 -2.37958 1.40742 2.20733
0.408037 -0.437992 2.26306 -2.37641 1.4078 2.20655
0.409809 -0.439603 2.26303 -2.37323 1.40819 2.20577
0.411581 -0.441214 2.263 -2.37006 1.40858 2.20499
0.413443 -0.442904 2.26296 -2.36672 1.40899 2.20416
0.415306 -0.444594 2.26292 -2.36337 1.40941 2.20333
0.417168 -0.446285 2.26288 -2.36003 1.40982 2.20251
0.41903 -0.447975 2.26285 -2.35669 1.41024 2.20168
0.420892 -0.449666 2.26281 -2.35334 1.41065 2.20085
0.422754 -0.451356 2.26277 -2.35 1.41107 2.20002
0.424617 -0.453046 2.26274 -2.34665 1.41148 2.19919
0.426566 -0.454814 2.26269 -2.34315 1.41192 2.19831
0.428515 -0.456581 2.26265 -2.33964 1.41236 2.19744
0.430464 -0.458348 2.26261 -2.33613 1.41281 2.19656
0.432413 -0.460115 2.26256 -2.33262 1.41325 2.19569
0.434362 -0.461882 2.26252 -2.32911 1.41369 2.19481
0.436311 -0.463649 2.26248 -2.3256 1.41413 2.19394
0.43826 -0.465416 2.26244 -2.32209 1.41457 2.19306
0.440039 -0.467027 2.26239 -2.31888 1.41498 2.19225
0.441818 -0.468638 2.26235 -2.31567 1.41539 2.19145
0.443597 -0.470249 2.26231 -2.31246 1.4158 2.19064
0.445376 -0.47186 2.26226 -2.30925 1.41621 2.18984
0.447155 -0.473472 2.26222 -2.30605 1.41662 2.18903
0.448934 -0.475083 2.26218 -2.30284 1.41703 2.18822
0.450713 -0.476694 2.26213 -2.29963 1.41744 2.18742
0.452492 -0.478305 2.26209 -2.29642 1.41785 2.18661
0.454342 -0.479978 2.26204 -2.29307 1.41828 2.18577
0.456191 -0.481652 2.26199 -2.28973 1.41871 2.18492
0.458041 -0.483325 2.26194 -2.28638 1.41915 2.18408
0.459891 -0.484999 2.26189 -2.28304 1.41958 2.18323
0.461741 -0.486672 2.26185 -2.2797 1.42001 2.18239
0.46359 -0.488346 2.2618 -2.27635 1.42044 2.18155
0.46544 -0.49002 2.26175 -2.27301 1.42087 2.1807
0.46729 -0.491693 2.2617 -2.26967 1.4213 2.17986
0.469208 -0.493427 2.26165 -2.26619 1.42176 2.17898
0.471126 -0.495161 2.26159 -2.26272 1.42221 2.17809
0.473044 -0.496894 2.26154 -2.25925 1.42266 2.17721
0.474961 -0.498628 2.26148 -2.25577 1.42312 2.17633
0.476879 -0.500362 2.26143 -2.2523 1.42357 2.17545
0.478797 -0.502096 2.26138 -2.24883 1.42402 2.17457
0.480715 -0.503829 2.26132 -2.24535 1.42447 2.17369
0.482633 -0.505563 2.26127 -2.24188 1.42493 2.17281
0.484617 -0.507355 2.26121 -2.23828 1.4254 2.17189
0.4866 -0.509146 2.26115 -2.23468 1.42587 2.17097
0.488584 -0.510938 2.26109 -2.23109 1.42635 2.17006
0.490567 -0.51273 2.26104 -2.22749 1.42682 2.16914
0.492551 -0.514521 2.26098 -2.22389 1.4273 2.16822
0.494534 -0.516313 2.26092 -2.22029 1.42777 2.16731
0.496518 -0.518105 2.26086 -2.21669 1.42824 2.16639
0.498501 -0.519896 2.2608 -2.2131 1.42872 2.16548
0.50032 -0.521538 2.26074 -2.20979 1.42915 2.16463
0.502139 -0.52318 2.26069 -2.20649 1.42959 2.16379
0.503958 -0.524822 2.26063 -2.20318 1.43003 2.16294
0.505777 -0.526464 2.26058 -2.19988 1.43047 2.1621
0.507596 -0.528106 2.26052 -2.19658 1.43091 2.16125
0.509415 -0.529748 2.26046 -2.19327 1.43134 2.16041
0.511235 -0.53139 2.26041 -2.18997 1.43178 2.15956
0.513054 -0.533032 2.26035 -2.18666 1.43222 2.15872
0.514873 -0.534674 2.26029 -2.18336 1.43266 2.15787
0.516745 -0.536363 2.26023 -2.17995 1.43311 2.157
0.518618 -0.538052 2.26017 -2.17655 1.43357 2.15612
0.520491 -0.539742 2.26011 -2.17314 1.43402 2.15525
0.522363 -0.541431 2.26005 -2.16973 1.43448 2.15437
0.524236 -0.54312 2.25999 -2.16633 1.43493 2.1535
0.526109 -0.544809 2.25993 -2.16292 1.43539 2.15263
0.527981 -0.546499 2.25987 -2.15952 1.43584 2.15175
0.529854 -0.548188 2.25981 -2.15611 1.4363 2.15088
0.531727 -0.549877 2.25975 -2.1527 1.43675 2.15
0.533651 -0.551612 2.25969 -2.1492 1.43723 2.1491
0.535575 -0.553346 2.25962 -2.1457 1.4377 2.1482
0.537499 -0.555081 2.25956 -2.14219 1.43817 2.1473
0.539423 -0.556815 2.2595 -2.13869 1.43864 2.1464
0.541347 -0.55855 2.25943 -2.13519 1.43911 2.1455
0.543271 -0.560285 2.25937 -2.13168 1.43958 2.14459
0.545195 -0.562019 2.2593 -2.12818 1.44005 2.14369
0.547119 -0.563754 2.25924 -2.12468 1.44052 2.14279
0.549043 -0.565488 2.25917 -2.12117 1.44099 2.14189
0.550818 -0.567088 2.25911 -2.11794 1.44143 2.14105
0.552594 -0.568688 2.25905 -2.1147 1.44187 2.14022
0.554369 -0.570288 2.25899 -2.11146 1.44231 2.13938
0.556145 -0.571888 2.25893 -2.10823 1.44274 2.13855
0.557921 -0.573488 2.25887 -2.10499 1.44318 2.13771
0.559696 -0.575088 2.25881 -2.10175 1.44362 2.13688
0.561472 -0.576688 2.25875 -2.09852 1.44406 2.13604
0.563248 -0.578288 2.25869 -2.09528 1.4445 2.13521
0.565023 -0.579888 2.25863 -2.09204 1.44493 2.13437
0.566799 -0.581488 2.25856 -2.08881 1.44537 2.13354
0.568616 -0.583125 2.2585 -2.08549 1.44582 2.13268
0.570434 -0.584762 2.25844 -2.08218 1.44627 2.13182
0.572252 -0.586399 2.25837 -2.07886 1.44672 2.13096
0.574069 -0.588036 2.25831 -2.07554 1.44717 2.1301
0.575887 -0.589673 2.25824 -2.07223 1.44762 2.12925
0.577704 -0.59131 2.25818 -2.06891 1.44807 2.12839
0.579522 -0.592947 2.25812 -2.06559 1.44853 2.12753
0.58134 -0.594584 2.25805 -2.06228 1.44898 2.12667
0.583157 -0.596221 2.25799 -2.05896 1.44943 2.12581
0.584975 -0.597858 2.25792 -2.05565 1.44988 2.12496
0.586832 -0.599531 2.25786 -2.05225 1.45034 2.12408
0.58869 -0.601203 2.25779 -2.04886 1.4508 2.1232
0.590547 -0.602875 2.25772 -2.04547 1.45127 2.12232
0.592405 -0.604547 2.25766 -2.04208 1.45173 2.12144
0.594262 -0.60622 2.25759 -2.03869 1.45219 2.12056
0.59612 -0.607892 2.25752 -2.03529 1.45266 2.11968
0.597977 -0.609564 2.25745 -2.0319 1.45312 2.1188
0.599835 -0.611236 2.25739 -2.02851 1.45358 2.11792
0.601692 -0.612908 2.25732 -2.02512 1.45405 2.11704
0.60355 -0.614581 2.25725 -2.02173 1.45451 2.11616
0.605445 -0.616286 2.25718 -2.01826 1.45498 2.11526
0.60734 -0.617992 2.25711 -2.0148 1.45546 2.11436
0.609235 -0.619697 2.25704 -2.01134 1.45593 2.11346
0.61113 -0.621403 2.25697 -2.00787 1.45641 2.11256
0.613026 -0.623108 2.2569 -2.00441 1.45688 2.11166
0.614921 -0.624814 2.25683 -2.00094 1.45736 2.11076
0.616816 -0.62652 2.25676 -1.99748 1.45783 2.10986
0.618711 -0.628225 2.25669 -1.99402 1.45831 2.10896
0.620607 -0.629931 2.25662 -1.99055 1.45878 2.10806
0.622502 -0.631636 2.25655 -1.98709 1.45926 2.10716
0.624433 -0.633373 2.25648 -1.98356 1.45974 2.10624
0.626364 -0.63511 2.25641 -1.98003 1.46023 2.10532
0.628295 -0.636847 2.25634 -1.9765 1.46072 2.1044
0.630225 -0.638584 2.25626 -1.97296 1.4612 2.10348
0.632156 -0.640321 2.25619 -1.96943 1.46169 2.10257
0.634087 -0.642059 2.25612 -1.9659 1.46218 2.10165
0.636018 -0.643796 2.25604 -1.96237 1.46266 2.10073
0.637949 -0.645533 2.25597 -1.95884 1.46315 2.09981
0.63988 -0.64727 2.2559 -1.95531 1.46363 2.09889
0.641811 -0.649007 2.25583 -1.95178 1.46412 2.09797
0.643597 -0.650613 2.25576 -1.94851 1.46457 2.09712
0.645383 -0.652219 2.25569 -1.94524 1.46502 2.09626
0.647169 -0.653825 2.25562 -1.94197 1.46547 2.09541
0.648954 -0.655431 2.25555 -1.9387 1.46593 2.09456
0.65074 -0.657037 2.25549 -1.93544 1.46638 2.09371
0.652526 -0.658643 2.25542 -1.93217 1.46683 2.09286
0.654312 -0.660249 2.25535 -1.9289 1.46728 2.092
0.656098 -0.661855 2.25528 -1.92563 1.46773 2.09115
0.657884 -0.663461 2.25521 -1.92236 1.46818 2.0903
0.65967 -0.665067 2.25514 -1.91909 1.46863 2.08945
0.661456 -0.666673 2.25508 -1.91583 1.46909 2.0886
0.66327 -0.668305 2.25501 -1.9125 1.46955 2.08773
0.665085 -0.669936 2.25494 -1.90918 1.47001 2.08686
0.666899 -0.671567 2.25486 -1.90586 1.47047 2.08599
0.668714 -0.673199 2.25479 -1.90254 1.47093 2.08512
0.670528 -0.67483 2.25472 -1.89921 1.47139 2.08426
0.672343 -0.676461 2.25465 -1.89589 1.47185 2.08339
0.674157 -0.678093 2.25458 -1.89257 1.47231 2.08252
0.675972 -0.679724 2.25451 -1.88925 1.47277 2.08165
0.677786 -0.681355 2.25444 -1.88592 1.47323 2.08079
0.679601 -0.682987 2.25437 -1.8826 1.47369 2.07992
0.681415 -0.684618 2.2543 -1.87928 1.47415 2.07905
0.683256 -0.686273 2.25423 -1.87591 1.47462 2.07817
0.685098 -0.687928 2.25416 -1.87253 1.47509 2.07729
0.686939 -0.689583 2.25408 -1.86916 1.47555 2.0764
0.68878 -0.691238 2.25401 -1.86579 1.47602 2.07552
0.690621 -0.692893 2.25394 -1.86241 1.47649 2.07464
0.692462 -0.694547 2.25387 -1.85904 1.47696 2.07376
0.694304 -0.696202 2.25379 -1.85567 1.47743 2.07288
0.696145 -0.697857 2.25372 -1.85229 1.4779 2.07199
0.697986 -0.699512 2.25365 -1.84892 1.47837 2.07111
0.699827 -0.701167 2.25358 -1.84555 1.47884 2.07023
0.701668 -0.702822 2.2535 -1.84217 1.4793 2.06935
0.703534 -0.704499 2.25343 -1.83875 1.47978 2.06845
0.7054 -0.706175 2.25336 -1.83533 1.48026 2.06756
0.707266 -0.707852 2.25328 -1.83191 1.48073 2.06666
0.709132 -0.709529 2.25321 -1.82849 1.48121 2.06577
0.710998 -0.711206 2.25313 -1.82507 1.48169 2.06487
0.712864 -0.712883 2.25306 -1.82165 1.48216 2.06398
0.71473 -0.714559 2.25298 -1.81823 1.48264 2.06308
0.716596 -0.716236 2.25291 -1.81481 1.48312 2.06218
0.718462 -0.717913 2.25284 -1.81139 1.48359 2.06129
0.720328 -0.71959 2.25276 -1.80797 1.48407 2.06039
0.722194 -0.721267 2.25269 -1.80455 1.48454 2.0595
0.724083 -0.722964 2.25261 -1.80109 1.48503 2.05859
0.725972 -0.724661 2.25254 -1.79762 1.48551 2.05768
0.727861 -0.726358 2.25246 -1.79416 1.486 2.05677
0.72975 -0.728054 2.25238 -1.7907 1.48648 2.05587
0.731639 -0.729751 2.25231 -1.78723 1.48696 2.05496
0.733528 -0.731448 2.25223 -1.78377 1.48745 2.05405
0.735417 -0.733145 2.25216 -1.7803 1.48793 2.05314
0.737305 -0.734842 2.25208 -1.77684 1.48841 2.05224
0.739194 -0.736539 2.252 -1.77338 1.4889 2.05133
0.741083 -0.738236 2.25193 -1.76991 1.48938 2.05042
0.742972 -0.739933 2.25185 -1.76645 1.48986 2.04951
0.744882 -0.741649 2.25177 -1.76295 1.49035 2.04859
0.746792 -0.743364 2.2517 -1.75944 1.49084 2.04767
0.748702 -0.74508 2.25162 -1.75594 1.49133 2.04675
0.750612 -0.746795 2.25154 -1.75244 1.49182 2.04584
0.752521 -0.748511 2.25146 -1.74893 1.49231 2.04492
0.754431 -0.750226 2.25139 -1.74543 1.4928 2.044
0.756341 -0.751942 2.25131 -1.74192 1.49329 2.04308
0.758251 -0.753658 2.25123 -1.73842 1.49378 2.04216
0.760161 -0.755373 2.25115 -1.73492 1.49427 2.04124
0.762071 -0.757089 2.25108 -1.73141 1.49476 2.04032
0.763981 -0.758804 2.251 -1.72791 1.49525 2.0394
0.76591 -0.760536 2.25092 -1.72437 1.49575 2.03847
0.767839 -0.762269 2.25084 -1.72083 1.49625 2.03754
0.769767 -0.764001 2.25076 -1.71729 1.49674 2.03661
0.771696 -0.765733 2.25068 -1.71375 1.49724 2.03568
0.773625 -0.767466 2.2506 -1.71021 1.49773 2.03475
0.775554 -0.769198 2.25053 -1.70667 1.49823 2.03382
0.777483 -0.77093 2.25045 -1.70313 1.49873 2.03289
0.779412 -0.772663 2.25037 -1.69959 1.49922 2.03197
0.781341 -0.774395 2.25029 -1.69605 1.49972 2.03104
0.78327 -0.776128 2.25021 -1.69251 1.50021 2.03011
0.785199 -0.77786 2.25013 -1.68897 1.50071 2.02918
0.786983 -0.779462 2.25006 -1.6857 1.50117 2.02832
0.788767 -0.781064 2.24998 -1.68242 1.50163 2.02746
0.790551 -0.782665 2.24991 -1.67915 1.50209 2.0266
0.792335 -0.784267 2.24984 -1.67587 1.50255 2.02573
0.794119 -0.785869 2.24976 -1.6726 1.50301 2.02487
0.795903 -0.787471 2.24969 -1.66933 1.50347 2.02401
0.797687 -0.789073 2.24962 -1.66605 1.50393 2.02315
0.799471 -0.790675 2.24954 -1.66278 1.50439 2.02229
0.801254 -0.792277 2.24947 -1.6595 1.50485 2.02143
0.803038 -0.793879 2.24939 -1.65623 1.50531 2.02057
0.804822 -0.79548 2.24932 -1.65295 1.50577 2.01971
0.806606 -0.797082 2.24925 -1.64968 1.50623 2.01885
0.808404 -0.798697 2.24917 -1.64638 1.50669 2.01798
0.810202 -0.800311 2.2491 -1.64308 1.50715 2.01711
0.812 -0.801925 2.24902 -1.63977 1.50762 2.01625
0.813798 -0.803539 2.24895 -1.63647 1.50808 2.01538
0.815596 -0.805153 2.24887 -1.63317 1.50855 2.01451
0.817394 -0.806768 2.2488 -1.62987 1.50901 2.01364
0.819192 -0.808382 2.24873 -1.62657 1.50947 2.01277
0.82099 -0.809996 2.24865 -1.62327 1.50994 2.01191
0.822788 -0.81161 2.24858 -1.61997 1.5104 2.01104
0.824585 -0.813225 2.2485 -1.61667 1.51087 2.01017
0.826383 -0.814839 2.24843 -1.61336 1.51133 2.0093
0.828181 -0.816453 2.24835 -1.61006 1.51179 2.00843
0.829992 -0.818078 2.24828 -1.60674 1.51226 2.00756
0.831802 -0.819703 2.2482 -1.60341 1.51273 2.00668
0.833612 -0.821328 2.24813 -1.60009 1.5132 2.00581
0.835422 -0.822953 2.24805 -1.59677 1.51366 2.00493
0.837232 -0.824578 2.24797 -1.59344 1.51413 2.00406
0.839042 -0.826203 2.2479 -1.59012 1.5146 2.00319
0.840852 -0.827828 2.24782 -1.58679 1.51507 2.00231
0.842663 -0.829453 2.24775 -1.58347 1.51554 2.00144
0.844473 -0.831078 2.24767 -1.58014 1.516 2.00056
0.846283 -0.832703 2.2476 -1.57682 1.51647 1.99969
0.848093 -0.834328 2.24752 -1.5735 1.51694 1.99881
0.849903 -0.835953 2.24745 -1.57017 1.51741 1.99794
0.851724 -0.837588 2.24737 -1.56683 1.51788 1.99706
0.853545 -0.839222 2.24729 -1.56348 1.51835 1.99618
0.855365 -0.840856 2.24722 -1.56014 1.51882 1.9953
0.857186 -0.84249 2.24714 -1.55679 1.51929 1.99442
0.859007 -0.844125 2.24706 -1.55345 1.51976 1.99354
0.860827 -0.845759 2.24699 -1.5501 1.52023 1.99265
0.862648 -0.847393 2.24691 -1.54676 1.5207 1.99177
0.864469 -0.849028 2.24684 -1.54342 1.52118 1.99089
0.866289 -0.850662 2.24676 -1.54007 1.52165 1.99001
0.86811 -0.852296 2.24668 -1.53673 1.52212 1.98913
0.86993 -0.853931 2.24661 -1.53338 1.52259 1.98825
0.871751 -0.855565 2.24653 -1.53004 1.52306 1.98737
0.873581 -0.857207 2.24645 -1.52668 1.52353 1.98649
0.87541 -0.858849 2.24638 -1.52332 1.52401 1.9856
0.877239 -0.860491 2.2463 -1.51996 1.52448 1.98472
0.879069 -0.862133 2.24622 -1.5166 1.52495 1.98383
0.880898 -0.863775 2.24615 -1.51323 1.52543 1.98295
0.882728 -0.865417 2.24607 -1.50987 1.5259 1.98206
0.884557 -0.867059 2.24599 -1.50651 1.52638 1.98118
0.886386 -0.868701 2.24591 -1.50315 1.52685 1.98029
0.888216 -0.870343 2.24584 -1.49979 1.52732 1.97941
0.890045 -0.871985 2.24576 -1.49643 1.5278 1.97852
0.891875 -0.873627 2.24568 -1.49307 1.52827 1.97764
0.893704 -0.875269 2.24561 -1.48971 1.52875 1.97675
0.89554 -0.876917 2.24553 -1.48633 1.52922 1.97586
0.897377 -0.878565 2.24545 -1.48296 1.5297 1.97497
0.899213 -0.880213 2.24537 -1.47959 1.53017 1.97408
0.901049 -0.881862 2.2453 -1.47621 1.53065 1.9732
0.902886 -0.88351 2.24522 -1.47284 1.53112 1.97231
0.904722 -0.885158 2.24514 -1.46946 1.5316 1.97142
0.906559 -0.886806 2.24506 -1.46609 1.53208 1.97053
0.908395 -0.888454 2.24499 -1.46271 1.53255 1.96964
0.910231 -0.890102 2.24491 -1.45934 1.53303 1.96875
0.912068 -0.891751 2.24483 -1.45597 1.5335 1.96786
0.913904 -0.893399 2.24475 -1.45259 1.53398 1.96697
0.915741 -0.895047 2.24468 -1.44922 1.53446 1.96608
0.917582 -0.8967 2.2446 -1.44583 1.53493 1.96519
0.919424 -0.898353 2.24452 -1.44245 1.53541 1.9643
0.921266 -0.900005 2.24444 -1.43907 1.53589 1.96341
0.923107 -0.901658 2.24437 -1.43568 1.53637 1.96252
0.924949 -0.903311 2.24429 -1.4323 1.53684 1.96163
0.92679 -0.904964 2.24421 -1.42891 1.53732 1.96073
0.928632 -0.906617 2.24413 -1.42553 1.5378 1.95984
0.930474 -0.908269 2.24405 -1.42214 1.53828 1.95895
0.932315 -0.909922 2.24398 -1.41876 1.53876 1.95806
0.934157 -0.911575 2.2439 -1.41538 1.53923 1.95717
0.935999 -0.913228 2.24382 -1.41199 1.53971 1.95628
0.93784 -0.914881 2.24374 -1.40861 1.54019 1.95538
0.939685 -0.916537 2.24366 -1.40522 1.54067 1.95449
0.94153 -0.918192 2.24359 -1.40183 1.54115 1.9536
0.943376 -0.919848 2.24351 -1.39844 1.54162 1.9527
0.945221 -0.921504 2.24343 -1.39505 1.5421 1.95181
0.947066 -0.92316 2.24335 -1.39165 1.54258 1.95092
0.948911 -0.924816 2.24327 -1.38826 1.54306 1.95002
0.950756 -0.926472 2.2432 -1.38487 1.54354 1.94913
0.952601 -0.928128 2.24312 -1.38148 1.54402 1.94824
0.954446 -0.929784 2.24304 -1.37809 1.5445 1.94734
0.956292 -0.93144 2.24296 -1.3747 1.54497 1.94645
0.958137 -0.933095 2.24288 -1.37131 1.54545 1.94555
0.959982 -0.934751 2.2428 -1.36792 1.54593 1.94466
0.961829 -0.936409 2.24273 -1.36452 1.54641 1.94377
0.963676 -0.938066 2.24265 -1.36113 1.54689 1.94287
0.965522 -0.939724 2.24257 -1.35774 1.54737 1.94198
0.967369 -0.941381 2.24249 -1.35434 1.54785 1.94108
0.969216 -0.943039 2.24241 -1.35095 1.54833 1.94019
0.971063 -0.944696 2.24234 -1.34755 1.54881 1.93929
0.97291 -0.946353 2.24226 -1.34416 1.54929 1.9384
0.974757 -0.948011 2.24218 -1.34077 1.54977 1.9375
0.976604 -0.949668 2.2421 -1.33737 1.55025 1.93661
0.978451 -0.951326 2.24202 -1.33398 1.55072 1.93572
0.980298 -0.952983 2.24194 -1.33058 1.5512 1.93482
0.982144 -0.954641 2.24187 -1.32719 1.55168 1.93393
0.983991 -0.956298 2.24179 -1.3238 1.55216 1.93303
0.985838 -0.957956 2.24171 -1.3204 1.55264 1.93214
0.987685 -0.959613 2.24163 -1.31701 1.55312 1.93124
0.989532 -0.96127 2.24155 -1.31361 1.5536 1.93035
0.991379 -0.962928 2.24147 -1.31022 1.55408 1.92945
0.993226 -0.964585 2.2414 -1.30683 1.55456 1.92856
0.995073 -0.966243 2.24132 -1.30343 1.55504 1.92766
0.996919 -0.9679 2.24124 -1.30004 1.55552 1.92677
0.998766 -0.969558 2.24116 -1.29664 1.556 1.92588
1.00061 -0.971215 2.24108 -1.29325 1.55648 1.92498
1.00246 -0.972872 2.241 -1.28985 1.55695 1.92409
1.00431 -0.97453 2.24093 -1.28646 1.55743 1.92319
1.00615 -0.976187 2.24085 -1.28307 1.55791 1.9223
1.008 -0.977845 2.24077 -1.27967 1.55839 1.9214
1.00985 -0.979502 2.24069 -1.27628 1.55887 1.92051
1.01169 -0.98116 2.24061 -1.27288 1.55935 1.91961
1.01354 -0.982817 2.24054 -1.26949 1.55983 1.91872
1.01539 -0.984475 2.24046 -1.2661 1.56031 1.91782
1.01724 -0.986132 2.24038 -1.2627 1.56079 1.91693
1.01908 -0.987789 2.2403 -1.25931 1.56127 1.91604
1.02093 -0.989447 2.24022 -1.25591 1.56175 1.91514
1.02278 -0.991104 2.24014 -1.25252 1.56223 1.91425
1.02462 -0.992762 2.24007 -1.24913 1.56271 1.91335
1.02647 -0.994419 2.23999 -1.24573 1.56318 1.91246
1.02832 -0.996077 2.23991 -1.24234 1.56366 1.91156
1.03016 -0.997734 2.23983 -1.23894 1.56414 1.91067
1.03201 -0.999391 2.23975 -1.23555 1.56462 1.90977
1.03386 -1.00105 2.23967 -1.23216 1.5651 1.90888
1.0357 -1.00271 2.2396 -1.22876 1.56558 1.90798
1.03755 -1.00436 2.23952 -1.22537 1.56606 1.90709
1.0394 -1.00602 2.23944 -1.22197 1.56654 1.9062
1.04124 -1.00768 2.23936 -1.21858 1.56702 1.9053
1.04309 -1.00934 2.23928 -1.21518 1.5675 1.90441
1.04494 -1.01099 2.2392 -1.21179 1.56798 1.90351
1.04679 -1.01265 2.23913 -1.2084 1.56846 1.90262
1.04863 -1.01431 2.23905 -1.205 1.56894 1.90172
1.05048 -1.01597 2.23897 -1.20161 1.56941 1.90083
1.05233 -1.01762 2.23889 -1.19821 1.56989 1.89993
1.05417 -1.01928 2.23881 -1.19482 1.57037 1.89904
1.05602 -1.02094 2.23874 -1.19143 1.57085 1.89814
1.05787 -1.0226 2.23866 -1.18803 1.57133 1.89725
1.05971 -1.02425 2.23858 -1.18464 1.57181 1.89636
1.06156 -1.02591 2.2385 -1.18124 1.57229 1.89546
1.06341 -1.02757 2.23842 -1.17785 1.57277 1.89457
1.06525 -1.02923 2.23834 -1.17446 1.57325 1.89367
1.0671 -1.03088 2.23827 -1.17106 1.57373 1.89278
1.06895 -1.03254 2.23819 -1.16767 1.57421 1.89188
1.07079 -1.0342 2.23811 -1.16427 1.57469 1.89099
1.07264 -1.03586 2.23803 -1.16088 1.57517 1.89009
1.07449 -1.03751 2.23795 -1.15748 1.57565 1.8892
1.07634 -1.03917 2.23787 -1.15409 1.57612 1.8883
1.07818 -1.04083 2.2378 -1.1507 1.5766 1.88741
1.08003 -1.04248 2.23772 -1.1473 1.57708 1.88652
1.08188 -1.04414 2.23764 -1.14391 1.57756 1.88562
1.08372 -1.0458 2.23756 -1.14051 1.57804 1.88473
1.08557 -1.04746 2.23748 -1.13712 1.57852 1.88383
1.08742 -1.04911 2.2374 -1.13373 1.579 1.88294
1.08926 -1.05077 2.23733 -1.13033 1.57948 1.88204
1.09111 -1.05243 2.23725 -1.12694 1.57996 1.88115
1.09296 -1.05409 2.23717 -1.12354 1.58044 1.88025
1.0948 -1.05574 2.23709 -1.12015 1.58092 1.87936
1.09665 -1.0574 2.23701 -1.11676 1.5814 1.87846
1.0985 -1.05906 2.23693 -1.11336 1.58188 1.87757
1.10034 -1.06072 2.23686 -1.10997 1.58235 1.87668
1.10219 -1.06237 2.23678 -1.10657 1.58283 1.87578
1.10404 -1.06403 2.2367 -1.10318 1.58331 1.87489
1.10589 -1.06569 2.23662 -1.09979 1.58379 1.87399
1.10773 -1.06735 2.23654 -1.09639 1.58427 1.8731
1.10958 -1.069 2.23647 -1.093 1.58475 1.8722
1.11143 -1.07066 2.23639 -1.0896 1.58523 1.87131
1.11327 -1.07232 2.23631 -1.08621 1.58571 1.87041
1.11512 -1.07398 2.23623 -1.08281 1.58619 1.86952
1.11697 -1.07563 2.23615 -1.07942 1.58667 1.86862
1.11881 -1.07729 2.23607 -1.07603 1.58715 1.86773
1.12066 -1.07895 2.236 -1.07263 1.58763 1.86684
1.12251 -1.08061 2.23592 -1.06924 1.58811 1.86594
1.12435 -1.08226 2.23584 -1.06584 1.58858 1.86505
1.1262 -1.08392 2.23576 -1.06245 1.58906 1.86415
1.12805 -1.08558 2.23568 -1.05906 1.58954 1.86326
1.12989 -1.08724 2.2356 -1.05566 1.59002 1.86236
1.13174 -1.08889 2.23553 -1.05227 1.5905 1.86147
1.13359 -1.09055 2.23545 -1.04887 1.59098 1.86057
1.13544 -1.09221 2.23537 -1.04548 1.59146 1.85968
1.13728 -1.09387 2.23529 -1.04209 1.59194 1.85878
1.13913 -1.09552 2.23521 -1.03869 1.59242 1.85789
1.14098 -1.09718 2.23513 -1.0353 1.5929 1.85699
1.14282 -1.09884 2.23506 -1.0319 1.59338 1.8561
1.14467 -1.1005 2.23498 -1.02851 1.59386 1.85521
1.14652 -1.10215 2.2349 -1.02512 1.59434 1.85431
1.14836 -1.10381 2.23482 -1.02172 1.59481 1.85342
1.15021 -1.10547 2.23474 -1.01833 1.59529 1.85252
1.15206 -1.10712 2.23467 -1.01493 1.59577 1.85163
1.1539 -1.10878 2.23459 -1.01154 1.59625 1.85073
1.15575 -1.11044 2.23451 -1.00814 1.59673 1.84984
1.1576 -1.1121 2.23443 -1.00475 1.59721 1.84894
1.15945 -1.11375 2.23435 -1.00136 1.59769 1.84805
1.16129 -1.11541 2.23427 -0.997962 1.59817 1.84715
1.16314 -1.11707 2.2342 -0.994568 1.59865 1.84626
1.16499 -1.11873 2.23412 -0.991174 1.59913 1.84537
1.16683 -1.12038 2.23404 -0.98778 1.59961 1.84447
1.16868 -1.12204 2.23396 -0.984386 1.60009 1.84358
1.17053 -1.1237 2.23388 -0.980992 1.60057 1.84268
1.17237 -1.12536 2.2338 -0.977598 1.60104 1.84179
1.17422 -1.12701 2.23373 -0.974204 1.60152 1.84089
1.17607 -1.12867 2.23365 -0.97081 1.602 1.84
1.17791 -1.13033 2.23357 -0.967416 1.60248 1.8391
1.17976 -1.13199 2.23349 -0.964021 1.60296 1.83821
1.18161 -1.13364 2.23341 -0.960627 1.60344 1.83731
1.18345 -1.1353 2.23333 -0.957233 1.60392 1.83642
1.1853 -1.13696 2.23326 -0.953839 1.6044 1.83553
1.18715 -1.13862 2.23318 -0.950445 1.60488 1.83463
1.189 -1.14027 2.2331 -0.947051 1.60536 1.83374
1.19084 -1.14193 2.23302 -0.943657 1.60584 1.83284
1.19269 -1.14359 2.23294 -0.940263 1.60632 1.83195
1.19454 -1.14525 2.23287 -0.936869 1.6068 1.83105
1.19638 -1.1469 2.23279 -0.933475 1.60727 1.83016
1.19823 -1.14856 2.23271 -0.930081 1.60775 1.82926
1.20008 -1.15022 2.23263 -0.926686 1.60823 1.82837
1.20192 -1.15188 2.23255 -0.923292 1.60871 1.82747
1.20377 -1.15353 2.23247 -0.919898 1.60919 1.82658
1.20562 -1.15519 2.2324 -0.916504 1.60967 1.82569
1.20746 -1.15685 2.23232 -0.91311 1.61015 1.82479
1.20931 -1.15851 2.23224 -0.909716 1.61063 1.8239
1.21116 -1.16016 2.23216 -0.906322 1.61111 1.823
1.213 -1.16182 2.23208 -0.902928 1.61159 1.82211
1.21485 -1.16348 2.232 -0.899534 1.61207 1.82121
1.2167 -1.16514 2.23193 -0.89614 1.61255 1.82032
1.21855 -1.16679 2.23185 -0.892745 1.61303 1.81942
1.22039 -1.16845 2.23177 -0.889351 1.6135 1.81853
1.22224 -1.17011 2.23169 -0.885957 1.61398 1.81763
1.22409 -1.17176 2.23161 -0.882563 1.61446 1.81674
1.22593 -1.17342 2.23153 -0.879169 1.61494 1.81585
1.22778 -1.17508 2.23146 -0.875775 1.61542 1.81495
1.22963 -1.17674 2.23138 -0.872381 1.6159 1.81406
1.23147 -1.17839 2.2313 -0.868987 1.61638 1.81316
1.23332 -1.18005 2.23122 -0.865593 1.61686 1.81227
1.23517 -1.18171 2.23114 -0.862199 1.61734 1.81137
1.23701 -1.18337 2.23106 -0.858805 1.61782 1.81048
1.23886 -1.18502 2.23099 -0.85541 1.6183 1.80958
1.24071 -1.18668 2.23091 -0.852016 1.61878 1.80869
1.24255 -1.18834 2.23083 -0.848622 1.61926 1.80779
1.2444 -1.19 2.23075 -0.845228 1.61973 1.8069
1.24625 -1.19165 2.23067 -0.841834 1.62021 1.80601
1.2481 -1.19331 2.2306 -0.83844 1.62069 1.80511
1.24994 -1.19497 2.23052 -0.835046 1.62117 1.80422
1.25179 -1.19663 2.23044 -0.831652 1.62165 1.80332
1.25364 -1.19828 2.23036 -0.828258 1.62213 1.80243
1.25548 -1.19994 2.23028 -0.824864 1.62261 1.80153
1.25733 -1.2016 2.2302 -0.821469 1.62309 1.80064
1.25918 -1.20326 2.23013 -0.818075 1.62357 1.79974
1.26102 -1.20491 2.23005 -0.814681 1.62405 1.79885
1.26287 -1.20657 2.22997 -0.811287 1.62453 1.79795
1.26472 -1.20823 2.22989 -0.807893 1.62501 1.79706
1.26656 -1.20989 2.22981 -0.804499 1.62549 1.79617
1.26841 -1.21154 2.22973 -0.801105 1.62597 1.79527
1.27026 -1.2132 2.22966 -0.797711 1.62644 1.79438
1.2721 -1.21486 2.22958 -0.794317 1.62692 1.79348
1.27395 -1.21652 2.2295 -0.790923 1.6274 1.79259
1.2758 -1.21817 2.22942 -0.787529 1.62788 1.79169
1.27765 -1.21983 2.22934 -0.784134 1.62836 1.7908
1.27949 -1.22149 2.22926 -0.78074 1.62884 1.7899
1.28134 -1.22315 2.22919 -0.777346 1.62932 1.78901
1.28319 -1.2248 2.22911 -0.773952 1.6298 1.78811
1.28503 -1.22646 2.22903 -0.770558 1.63028 1.78722
1.28688 -1.22812 2.22895 -0.767164 1.63076 1.78633
1.28873 -1.22978 2.22887 -0.76377 1.63124 1.78543
1.29057 -1.23143 2.2288 -0.760376 1.63172 1.78454
1.29242 -1.23309 2.22872 -0.756982 1.6322 1.78364
1.29427 -1.23475 2.22864 -0.753588 1.63267 1.78275
1.29611 -1.23641 2.22856 -0.750193 1.63315 1.78185
1.29796 -1.23806 2.22848 -0.746799 1.63363 1.78096
1.29981 -1.23972 2.2284 -0.743405 1.63411 1.78006
1.30165 -1.24138 2.22833 -0.740011 1.63459 1.77917
1.3035 -1.24303 2.22825 -0.736617 1.63507 1.77827
1.30535 -1.24469 2.22817 -0.733223 1.63555 1.77738
1.3072 -1.24635 2.22809 -0.729829 1.63603 1.77649
1.30904 -1.24801 2.22801 -0.726435 1.63651 1.77559
1.31089 -1.24966 2.22793 -0.723041 1.63699 1.7747
1.31274 -1.25132 2.22786 -0.719647 1.63747 1.7738
1.31458 -1.25298 2.22778 -0.716253 1.63795 1.77291
1.31643 -1.25464 2.2277 -0.712858 1.63843 1.77201
1.31828 -1.25629 2.22762 -0.709464 1.6389 1.77112
1.32012 -1.25795 2.22754 -0.70607 1.63938 1.77022
1.32197 -1.25961 2.22746 -0.702676 1.63986 1.76933
1.32382 -1.26127 2.22739 -0.699282 1.64034 1.76843
1.32566 -1.26292 2.22731 -0.695888 1.64082 1.76754
1.32751 -1.26458 2.22723 -0.692494 1.6413 1.76665
1.32936 -1.26624 2.22715 -0.6891 1.64178 1.76575
1.33121 -1.2679 2.22707 -0.685706 1.64226 1.76486
1.33305 -1.26955 2.227 -0.682312 1.64274 1.76396
1.3349 -1.27121 2.22692 -0.678917 1.64322 1.76307
1.33675 -1.27287 2.22684 -0.675523 1.6437 1.76217
1.33859 -1.27453 2.22676 -0.672129 1.64418 1.76128
1.34044 -1.27618 2.22668 -0.668735 1.64466 1.76038
1.34229 -1.27784 2.2266 -0.665341 1.64513 1.75949
1.34413 -1.2795 2.22653 -0.661947 1.64561 1.75859
1.34598 -1.28116 2.22645 -0.658553 1.64609 1.7577
1.34783 -1.28281 2.22637 -0.655159 1.64657 1.75681
1.34967 -1.28447 2.22629 -0.651765 1.64705 1.75591
1.35152 -1.28613 2.22621 -0.648371 1.64753 1.75502
1.35337 -1.28779 2.22613 -0.644976 1.64801 1.75412
1.35521 -1.28944 2.22606 -0.641582 1.64849 1.75323
1.35706 -1.2911 2.22598 -0.638188 1.64897 1.75233
1.35891 -1.29276 2.2259 -0.634794 1.64945 1.75144
1.36076 -1.29442 2.22582 -0.6314 1.64993 1.75054
1.3626 -1.29607 2.22574 -0.628006 1.65041 1.74965
1.36445 -1.29773 2.22566 -0.624612 1.65089 1.74875
1.3663 -1.29939 2.22559 -0.621218 1.65136 1.74786
1.36814 -1.30105 2.22551 -0.617824 1.65184 1.74697
1.36999 -1.3027 2.22543 -0.61443 1.65232 1.74607
1.37184 -1.30436 2.22535 -0.611036 1.6528 1.74518
1.37368 -1.30602 2.22527 -0.607641 1.65328 1.74428
1.37553 -1.30767 2.22519 -0.604247 1.65376 1.74339
1.37738 -1.30933 2.22512 -0.600853 1.65424 1.74249
1.37922 -1.31099 2.22504 -0.597459 1.65472 1.7416
1.38107 -1.31265 2.22496 -0.594065 1.6552 1.7407
1.38292 -1.3143 2.22488 -0.590671 1.65568 1.73981
1.38476 -1.31596 2.2248 -0.587277 1.65616 1.73891
1.38661 -1.31762 2.22473 -0.583883 1.65664 1.73802
1.38846 -1.31928 2.22465 -0.580489 1.65712 1.73713
1.39031 -1.32093 2.22457 -0.577095 1.65759 1.73623
1.39215 -1.32259 2.22449 -0.5737 1.65807 1.73534
1.394 -1.32425 2.22441 -0.570306 1.65855 1.73444
1.39585 -1.32591 2.22433 -0.566912 1.65903 1.73355
1.39769 -1.32756 2.22426 -0.563518 1.65951 1.73265
1.39954 -1.32922 2.22418 -0.560124 1.65999 1.73176
1.40139 -1.33088 2.2241 -0.55673 1.66047 1.73086
1.40323 -1.33254 2.22402 -0.553336 1.66095 1.72997
1.40508 -1.33419 2.22394 -0.549942 1.66143 1.72907
1.40693 -1.33585 2.22386 -0.546548 1.66191 1.72818
1.40877 -1.33751 2.22379 -0.543154 1.66239 1.72729
1.41062 -1.33917 2.22371 -0.53976 1.66287 1.72639
1.41247 -1.34082 2.22363 -0.536365 1.66335 1.7255
1.41431 -1.34248 2.22355 -0.532971 1.66382 1.7246
1.41616 -1.34414 2.22347 -0.529577 1.6643 1.72371
1.41801 -1.3458 2.22339 -0.526183 1.66478 1.72281
1.41986 -1.34745 2.22332 -0.522789 1.66526 1.72192
1.4217 -1.34911 2.22324 -0.519395 1.66574 1.72102
1.42355 -1.35077 2.22316 -0.516001 1.66622 1.72013
1.4254 -1.35243 2.22308 -0.512607 1.6667 1.71923
1.42724 -1.35408 2.223 -0.509213 1.66718 1.71834
1.42909 -1.35574 2.22293 -0.505819 1.66766 1.71745
1.43094 -1.3574 2.22285 -0.502424 1.66814 1.71655
1.43278 -1.35906 2.22277 -0.49903 1.66862 1.71566
1.43463 -1.36071 2.22269 -0.495636 1.6691 1.71476
1.43648 -1.36237 2.22261 -0.492242 1.66958 1.71387
1.43832 -1.36403 2.22253 -0.488848 1.67006 1.71297
1.44017 -1.36569 2.22246 -0.485454 1.67053 1.71208
1.44202 -1.36734 2.22238 -0.48206 1.67101 1.71118
1.44386 -1.369 2.2223 -0.478666 1.67149 1.71029
1.44571 -1.37066 2.22222 -0.475272 1.67197 1.70939
1.44756 -1.37231 2.22214 -0.471878 1.67245 1.7085
1.44941 -1.37397 2.22206 -0.468484 1.67293 1.7076
1.45125 -1.37563 2.22199 -0.465089 1.67341 1.70671
1.4531 -1.37729 2.22191 -0.461695 1.67389 1.70582
1.45495 -1.37894 2.22183 -0.458301 1.67437 1.70492
1.45679 -1.3806 2.22175 -0.454907 1.67485 1.70403
1.45864 -1.38226 2.22167 -0.451513 1.67533 1.70313
1.46049 -1.38392 2.22159 -0.448119 1.67581 1.70224
1.46233 -1.38557 2.22152 -0.444725 1.67629 1.70134
1.46418 -1.38723 2.22144 -0.441331 1.67676 1.70045
1.46603 -1.38889 2.22136 -0.437937 1.67724 1.69955
1.46787 -1.39055 2.22128 -0.434543 1.67772 1.69866
1.46972 -1.3922 2.2212 -0.431148 1.6782 1.69776
1.47157 -1.39386 2.22113 -0.427754 1.67868 1.69687
1.47341 -1.39552 2.22105 -0.42436 1.67916 1.69598
1.47526 -1.39718 2.22097 -0.420966 1.67964 1.69508
1.47711 -1.39883 2.22089 -0.417572 1.68012 1.69419
1.47896 -1.40049 2.22081 -0.414178 1.6806 1.69329
1.4808 -1.40215 2.22073 -0.410784 1.68108 1.6924
1.48265 -1.40381 2.22066 -0.40739 1.68156 1.6915
1.4845 -1.40546 2.22058 -0.403996 1.68204 1.69061
1.48634 -1.40712 2.2205 -0.400602 1.68252 1.68971
1.48819 -1.40878 2.22042 -0.397208 1.68299 1.68882
1.49004 -1.41044 2.22034 -0.393813 1.68347 1.68792
1.49188 -1.41209 2.22026 -0.390419 1.68395 1.68703
1.49373 -1.41375 2.22019 -0.387025 1.68443 1.68614
1.49558 -1.41541 2.22011 -0.383631 1.68491 1.68524
1.49742 -1.41707 2.22003 -0.380237 1.68539 1.68435
1.49927 -1.41872 2.21995 -0.376843 1.68587 1.68345
1.50112 -1.42038 2.21987 -0.373449 1.68635 1.68256
1.50297 -1.42204 2.21979 -0.370055 1.68683 1.68166
1.50481 -1.4237 2.21972 -0.366661 1.68731 1.68077
1.50666 -1.42535 2.21964 -0.363267 1.68779 1.67987
1.50851 -1.42701 2.21956 -0.359872 1.68827 1.67898
1.51035 -1.42867 2.21948 -0.356478 1.68875 1.67808
1.5122 -1.43033 2.2194 -0.353084 1.68922 1.67719
1.51405 -1.43198 2.21932 -0.34969 1.6897 1.6763
1.51589 -1.43364 2.21925 -0.346296 1.69018 1.6754
1.51774 -1.4353 2.21917 -0.342902 1.69066 1.67451
1.51959 -1.43695 2.21909 -0.339508 1.69114 1.67361
1.52143 -1.43861 2.21901 -0.336114 1.69162 1.67272
1.52328 -1.44027 2.21893 -0.33272 1.6921 1.67182
1.52513 -1.44193 2.21886 -0.329326 1.69258 1.67093
1.52697 -1.44358 2.21878 -0.325932 1.69306 1.67003
1.52882 -1.44524 2.2187 -0.322537 1.69354 1.66914
1.53067 -1.4469 2.21862 -0.319143 1.69402 1.66824
1.53252 -1.44856 2.21854 -0.315749 1.6945 1.66735
1.53436 -1.45021 2.21846 -0.312355 1.69498 1.66646
1.53621 -1.45187 2.21839 -0.308961 1.69545 1.66556
1.53806 -1.45353 2.21831 -0.305567 1.69593 1.66467
1.5399 -1.45519 2.21823 -0.302173 1.69641 1.66377
1.54175 -1.45684 2.21815 -0.298779 1.69689 1.66288
1.5436 -1.4585 2.21807 -0.295385 1.69737 1.66198
1.54544 -1.46016 2.21799 -0.291991 1.69785 1.66109
1.54729 -1.46182 2.21792 -0.288596 1.69833 1.66019
1.54914 -1.46347 2.21784 -0.285202 1.69881 1.6593
1.55098 -1.46513 2.21776 -0.281808 1.69929 1.6584
1.55283 -1.46679 2.21768 -0.278414 1.69977 1.65751
1.55468 -1.46845 2.2176 -0.27502 1.70025 1.65662
1.55652 -1.4701 2.21752 -0.271626 1.70073 1.65572
1.55837 -1.47176 2.21745 -0.268232 1.70121 1.65483
1.56022 -1.47342 2.21737 -0.264838 1.70168 1.65393
1.56207 -1.47508 2.21729 -0.261444 1.70216 1.65304
1.56391 -1.47673 2.21721 -0.25805 1.70264 1.65214
1.56576 -1.47839 2.21713 -0.254656 1.70312 1.65125
1.56761 -1.48005 2.21706 -0.251261 1.7036 1.65035
1.56945 -1.48171 2.21698 -0.247867 1.70408 1.64946
1.5713 -1.48336 2.2169 -0.244473 1.70456 1.64856
1.57315 -1.48502 2.21682 -0.241079 1.70504 1.64767
1.57499 -1.48668 2.21674 -0.237685 1.70552 1.64678
1.57684 -1.48834 2.21666 -0.234291 1.706 1.64588
1.57869 -1.48999 2.21659 -0.230897 1.70648 1.64499
1.58053 -1.49165 2.21651 -0.227503 1.70696 1.64409
1.58238 -1.49331 2.21643 -0.224109 1.70744 1.6432
1.58423 -1.49497 2.21635 -0.220715 1.70791 1.6423
1.58607 -1.49662 2.21627 -0.21732 1.70839 1.64141
1.58792 -1.49828 2.21619 -0.213926 1.70887 1.64051
1.58977 -1.49994 2.21612 -0.210532 1.70935 1.63962
1.59162 -1.5016 2.21604 -0.207138 1.70983 1.63872
1.59346 -1.50325 2.21596 -0.203744 1.71031 1.63783
1.59531 -1.50491 2.21588 -0.20035 1.71079 1.63694
1.59716 -1.50657 2.2158 -0.196956 1.71127 1.63604
1.599 -1.50822 2.21572 -0.193562 1.71175 1.63515
1.60085 -1.50988 2.21565 -0.190168 1.71223 1.63425
1.6027 -1.51154 2.21557 -0.186774 1.71271 1.63336
1.60454 -1.5132 2.21549 -0.18338 1.71319 1.63246
1.60639 -1.51485 2.21541 -0.179985 1.71367 1.63157
1.60824 -1.51651 2.21533 -0.176591 1.71415 1.63067
1.61008 -1.51817 2.21526 -0.173197 1.71462 1.62978
1.61193 -1.51983 2.21518 -0.169803 1.7151 1.62888
1.61378 -1.52148 2.2151 -0.166409 1.71558 1.62799
1.61562 -1.52314 2.21502 -0.163015 1.71606 1.6271
1.61747 -1.5248 2.21494 -0.159621 1.71654 1.6262
1.61932 -1.52646 2.21486 -0.156227 1.71702 1.62531
1.62117 -1.52811 2.21479 -0.152833 1.7175 1.62441
1.62301 -1.52977 2.21471 -0.149439 1.71798 1.62352
1.62486 -1.53143 2.21463 -0.146044 1.71846 1.62262
1.62671 -1.53309 2.21455 -0.14265 1.71894 1.62173
1.62855 -1.53474 2.21447 -0.139256 1.71942 1.62083
1.6304 -1.5364 2.21439 -0.135862 1.7199 1.61994
1.63225 -1.53806 2.21432 -0.132468 1.72038 1.61904
1.63409 -1.53972 2.21424 -0.129074 1.72085 1.61815
1.63594 -1.54137 2.21416 -0.12568 1.72133 1.61726
1.63779 -1.54303 2.21408 -0.122286 1.72181 1.61636
1.63963 -1.54469 2.214 -0.118892 1.72229 1.61547
1.64148 -1.54635 2.21392 -0.115498 1.72277 1.61457
1.64333 -1.548 2.21385 -0.112104 1.72325 1.61368
1.64517 -1.54966 2.21377 -0.108709 1.72373 1.61278
1.64702 -1.55132 2.21369 -0.105315 1.72421 1.61189
1.64904 -1.55313 2.2136 -0.101613 1.72473 1.61091
1.65105 -1.55493 2.21352 -0.09791 1.72525 1.60994
1.65307 -1.55674 2.21343 -0.0942074 1.72578 1.60896
1.65508 -1.55855 2.21335 -0.0905047 1.7263 1.60798
1.6571 -1.56036 2.21326 -0.0868021 1.72682 1.60701
1.65911 -1.56217 2.21318 -0.0830994 1.72735 1.60603
1.66113 -1.56397 2.21309 -0.0793968 1.72787 1.60506
1.66314 -1.56578 2.21301 -0.0756941 1.72839 1.60408
1.66515 -1.56759 2.21292 -0.0719915 1.72891 1.60311
1.66717 -1.5694 2.21284 -0.0682888 1.72944 1.60213
1.66918 -1.57121 2.21275 -0.0645862 1.72996 1.60115
1.6712 -1.57302 2.21267 -0.0608835 1.73048 1.60018
1.67321 -1.57482 2.21258 -0.0571809 1.73101 1.5992
1.67523 -1.57663 2.21249 -0.0534782 1.73153 1.59823
1.67724 -1.57844 2.21241 -0.0497756 1.73205 1.59725
1.67926 -1.58025 2.21232 -0.0460729 1.73257 1.59627
1.68127 -1.58206 2.21224 -0.0423703 1.7331 1.5953
1.68329 -1.58386 2.21215 -0.0386676 1.73362 1.59432
1.6853 -1.58567 2.21207 -0.034965 1.73414 1.59335
1.68732 -1.58748 2.21198 -0.0312623 1.73467 1.59237
1.68933 -1.58929 2.2119 -0.0275597 1.73519 1.59139
1.69135 -1.5911 2.21181 -0.023857 1.73571 1.59042
