-1.74533 1.5708 -1.5708 0 0 0
-1.74399 1.57198 -1.56851 0 0 0
-1.74265 1.57317 -1.56622 0 0 0
-1.74131 1.57436 -1.56394 0 0 0
-1.73996 1.57555 -1.56165 0 0 0
-1.73862 1.57674 -1.55937 0 0 0
-1.73728 1.57793 -1.55708 0 0 0
-1.73594 1.57912 -1.55479 0 0 0
-1.7346 1.58031 -1.55251 0 0 0
-1.73326 1.58149 -1.55022 0 0 0
-1.73192 1.58268 -1.54794 0 0 0
-1.73057 1.58387 -1.54565 0 0 0
-1.72923 1.58506 -1.54336 0 0 0
-1.72789 1.58625 -1.54108 0 0 0
-1.72655 1.58744 -1.53879 0 0 0
-1.72521 1.58863 -1.5365 0 0 0
-1.72387 1.58981 -1.53422 0 0 0
-1.72253 1.591 -1.53193 0 0 0
-1.72119 1.59219 -1.52965 0 0 0
-1.71984 1.59338 -1.52736 0 0 0
-1.7185 1.59457 -1.52507 0 0 0
-1.71716 1.59576 -1.52279 0 0 0
-1.71582 1.59695 -1.5205 0 0 0
-1.71448 1.59814 -1.51822 0 0 0
-1.71314 1.59932 -1.51593 0 0 0
-1.7118 1.60051 -1.51364 0 0 0
-1.71046 1.6017 -1.51136 0 0 0
-1.70911 1.60289 -1.50907 0 0 0
-1.70777 1.60408 -1.50679 0 0 0
-1.70643 1.60527 -1.5045 0 0 0
-1.70509 1.60646 -1.50221 0 0 0
-1.70375 1.60764 -1.49993 0 0 0
-1.70241 1.60883 -1.49764 0 0 0
-1.70107 1.61002 -1.49535 0 0 0
-1.69972 1.61121 -1.49307 0 0 0
-1.69838 1.6124 -1.49078 0 0 0
-1.69704 1.61359 -1.4885 0 0 0
-1.6957 1.61478 -1.48621 0 0 0
-1.69436 1.61597 -1.48392 0 0 0
-1.69302 1.61715 -1.48164 0 0 0
-1.69168 1.61834 -1.47935 0 0 0
-1.69034 1.61953 -1.47707 0 0 0
-1.68899 1.62072 -1.47478 0 0 0
-1.68765 1.62191 -1.47249 0 0 0
-1.68631 1.6231 -1.47021 0 0 0
-1.68497 1.62429 -1.46792 0 0 0
-1.68363 1.62547 -1.46564 0 0 0
-1.68229 1.62666 -1.46335 0 0 0
-1.68095 1.62785 -1.46106 0 0 0
-1.67961 1.62904 -1.45878 0 0 0
-1.67826 1.63023 -1.45649 0 0 0
-1.67692 1.63142 -1.45421 0 0 0
-1.67558 1.63261 -1.45192 0 0 0
-1.67424 1.6338 -1.44963 0 0 0
-1.6729 1.63498 -1.44735 0 0 0
-1.67156 1.63617 -1.44506 0 0 0
-1.67022 1.63736 -1.44277 0 0 0
-1.66887 1.63855 -1.44049 0 0 0
-1.66753 1.63974 -1.4382 0 0 0
-1.66619 1.64093 -1.43592 0 0 0
-1.66485 1.64212 -1.43363 0 0 0
-1.66351 1.6433 -1.43134 0 0 0
-1.66217 1.64449 -1.42906 0 0 0
-1.66083 1.64568 -1.42677 0 0 0
-1.65949 1.64687 -1.42449 0 0 0
-1.65814 1.64806 -1.4222 0 0 0
-1.6568 1.64925 -1.41991 0 0 0
-1.65546 1.65044 -1.41763 0 0 0
-1.65412 1.65163 -1.41534 0 0 0
-1.65278 1.65281 -1.41306 0 0 0
-1.65144 1.654 -1.41077 0 0 0
-1.6501 1.65519 -1.40848 0 0 0
-1.64876 1.65638 -1.4062 0 0 0
-1.64741 1.65757 -1.40391 0 0 0
-1.64607 1.65876 -1.40162 0 0 0
-1.64473 1.65995 -1.39934 0 0 0
-1.64339 1.66113 -1.39705 0 0 0
-1.64205 1.66232 -1.39477 0 0 0
-1.64071 1.66351 -1.39248 0 0 0
-1.63937 1.6647 -1.39019 0 0 0
-1.63802 1.66589 -1.38791 0 0 0
-1.63668 1.66708 -1.38562 0 0 0
-1.63534 1.66827 -1.38334 0 0 0
-1.634 1.66946 -1.38105 0 0 0
-1.63266 1.67064 -1.37876 0 0 0
-1.63132 1.67183 -1.37648 0 0 0
-1.62998 1.67302 -1.37419 0 0 0
-1.62864 1.67421 -1.37191 0 0 0
-1.62729 1.6754 -1.36962 0 0 0
-1.62595 1.67659 -1.36733 0 0 0
-1.62461 1.67778 -1.36505 0 0 0
-1.62327 1.67896 -1.36276 0 0 0
-1.62193 1.68015 -1.36047 0 0 0
-1.62059 1.68134 -1.35819 0 0 0
-1.61925 1.68253 -1.3559 0 0 0
-1.61791 1.68372 -1.35362 0 0 0
-1.61656 1.68491 -1.35133 0 0 0
-1.61522 1.6861 -1.34904 0 0 0
-1.61388 1.68729 -1.34676 0 0 0
-1.61254 1.68847 -1.34447 0 0 0
-1.6112 1.68966 -1.34219 0 0 0
-1.60986 1.69085 -1.3399 0 0 0
-1.60852 1.69204 -1.33761 0 0 0
-1.60717 1.69323 -1.33533 0 0 0
-1.60583 1.69442 -1.33304 0 0 0
-1.60449 1.69561 -1.33076 0 0 0
-1.60315 1.69679 -1.32847 0 0 0
-1.60181 1.69798 -1.32618 0 0 0
-1.60047 1.69917 -1.3239 0 0 0
-1.59913 1.70036 -1.32161 0 0 0
-1.59779 1.70155 -1.31932 0 0 0
-1.59644 1.70274 -1.31704 0 0 0
-1.5951 1.70393 -1.31475 0 0 0
-1.59376 1.70512 -1.31247 0 0 0
-1.59242 1.7063 -1.31018 0 0 0
-1.59108 1.70749 -1.30789 0 0 0
-1.58974 1.70868 -1.30561 0 0 0
-1.5884 1.70987 -1.30332 0 0 0
-1.58706 1.71106 -1.30104 0 0 0
-1.58571 1.71225 -1.29875 0 0 0
-1.58437 1.71344 -1.29646 0 0 0
-1.58303 1.71462 -1.29418 0 0 0
-1.58169 1.71581 -1.29189 0 0 0
-1.58035 1.717 -1.28961 0 0 0
-1.57901 1.71819 -1.28732 0 0 0
-1.57767 1.71938 -1.28503 0 0 0
-1.57632 1.72057 -1.28275 0 0 0
-1.57498 1.72176 -1.28046 0 0 0
-1.57364 1.72295 -1.27818 0 0 0
-1.5723 1.72413 -1.27589 0 0 0
-1.57095 1.72533 -1.27358 0 0 0
-1.5696 1.72653 -1.27128 0 0 0
-1.56825 1.72773 -1.26898 0 0 0
-1.56689 1.72893 -1.26667 0 0 0
-1.56554 1.73012 -1.26437 0 0 0
-1.56419 1.73132 -1.26207 0 0 0
-1.56284 1.73252 -1.25976 0 0 0
-1.56149 1.73372 -1.25746 0 0 0
-1.56013 1.73492 -1.25515 0 0 0
-1.55878 1.73611 -1.25285 0 0 0
-1.55743 1.73731 -1.25055 0 0 0
-1.55608 1.73851 -1.24824 0 0 0
-1.55473 1.73971 -1.24594 0 0 0
-1.55338 1.74091 -1.24363 0 0 0
-1.55202 1.7421 -1.24133 0 0 0
-1.55067 1.7433 -1.23903 0 0 0
-1.54932 1.7445 -1.23672 0 0 0
-1.54797 1.7457 -1.23442 0 0 0
-1.54662 1.7469 -1.23211 0 0 0
-1.54527 1.74809 -1.22981 0 0 0
-1.54391 1.74929 -1.22751 0 0 0
-1.54256 1.75049 -1.2252 0 0 0
-1.54121 1.75169 -1.2229 0 0 0
-1.53986 1.75288 -1.22059 0 0 0
-1.53851 1.75408 -1.21829 0 0 0
-1.53715 1.75528 -1.21599 0 0 0
-1.5358 1.75648 -1.21368 0 0 0
-1.53445 1.75768 -1.21138 0 0 0
-1.5331 1.75887 -1.20907 0 0 0
-1.53175 1.76007 -1.20677 0 0 0
-1.5304 1.76127 -1.20447 0 0 0
-1.52904 1.76247 -1.20216 0 0 0
-1.52769 1.76367 -1.19986 0 0 0
-1.52634 1.76486 -1.19755 0 0 0
-1.52499 1.76606 -1.19525 0 0 0
-1.52364 1.76726 -1.19295 0 0 0
-1.52228 1.76846 -1.19064 0 0 0
-1.52093 1.76966 -1.18834 0 0 0
-1.51958 1.77085 -1.18603 0 0 0
-1.51823 1.77205 -1.18373 0 0 0
-1.51688 1.77325 -1.18143 0 0 0
-1.51553 1.77445 -1.17912 0 0 0
-1.51417 1.77565 -1.17682 0 0 0
-1.51282 1.77684 -1.17451 0 0 0
-1.51147 1.77804 -1.17221 0 0 0
-1.51012 1.77924 -1.16991 0 0 0
-1.50877 1.78044 -1.1676 0 0 0
-1.50742 1.78164 -1.1653 0 0 0
-1.50606 1.78283 -1.16299 0 0 0
-1.50471 1.78403 -1.16069 0 0 0
-1.50336 1.78523 -1.15839 0 0 0
-1.50201 1.78643 -1.15608 0 0 0
-1.50066 1.78763 -1.15378 0 0 0
-1.4993 1.78882 -1.15147 0 0 0
-1.49795 1.79002 -1.14917 0 0 0
-1.4966 1.79122 -1.14687 0 0 0
-1.49525 1.79242 -1.14456 0 0 0
-1.4939 1.79362 -1.14226 0 0 0
-1.49255 1.79481 -1.13996 0 0 0
-1.49119 1.79601 -1.13765 0 0 0
-1.48984 1.79721 -1.13535 0 0 0
-1.48849 1.79841 -1.13304 0 0 0
-1.48714 1.7996 -1.13074 0 0 0
-1.48579 1.8008 -1.12844 0 0 0
-1.48444 1.802 -1.12613 0 0 0
-1.48308 1.8032 -1.12383 0 0 0
-1.48173 1.8044 -1.12152 0 0 0
-1.48038 1.80559 -1.11922 0 0 0
-1.47903 1.80679 -1.11692 0 0 0
-1.47768 1.80799 -1.11461 0 0 0
-1.47632 1.80919 -1.11231 0 0 0
-1.47497 1.81039 -1.11 0 0 0
-1.47362 1.81158 -1.1077 0 0 0
-1.47227 1.81278 -1.1054 0 0 0
-1.47092 1.81398 -1.10309 0 0 0
-1.46957 1.81518 -1.10079 0 0 0
-1.46821 1.81638 -1.09848 0 0 0
-1.46686 1.81757 -1.09618 0 0 0
-1.46551 1.81877 -1.09388 0 0 0
-1.46416 1.81997 -1.09157 0 0 0
-1.46281 1.82117 -1.08927 0 0 0
-1.46145 1.82237 -1.08696 0 0 0
-1.4601 1.82356 -1.08466 0 0 0
-1.45875 1.82476 -1.08236 0 0 0
-1.4574 1.82596 -1.08005 0 0 0
-1.45605 1.82716 -1.07775 0 0 0
-1.4547 1.82836 -1.07544 0 0 0
-1.45334 1.82955 -1.07314 0 0 0
-1.45199 1.83075 -1.07084 0 0 0
-1.45064 1.83195 -1.06853 0 0 0
-1.44929 1.83315 -1.06623 0 0 0
-1.44794 1.83435 -1.06392 0 0 0
-1.44659 1.83554 -1.06162 0 0 0
-1.44523 1.83674 -1.05932 0 0 0
-1.44388 1.83794 -1.05701 0 0 0
-1.44253 1.83914 -1.05471 0 0 0
-1.44118 1.84034 -1.0524 0 0 0
-1.43983 1.84153 -1.0501 0 0 0
-1.43847 1.84273 -1.0478 0 0 0
-1.43712 1.84393 -1.04549 0 0 0
-1.43577 1.84513 -1.04319 0 0 0
-1.43442 1.84632 -1.04088 0 0 0
-1.43307 1.84752 -1.03858 0 0 0
-1.43172 1.84872 -1.03628 0 0 0
-1.43036 1.84992 -1.03397 0 0 0
-1.42901 1.85112 -1.03167 0 0 0
-1.42766 1.85231 -1.02936 0 0 0
-1.42631 1.85351 -1.02706 0 0 0
-1.42496 1.85471 -1.02476 0 0 0
-1.4236 1.85591 -1.02245 0 0 0
-1.42225 1.85711 -1.02015 0 0 0
-1.4209 1.8583 -1.01784 0 0 0
-1.41955 1.8595 -1.01554 0 0 0
-1.4182 1.8607 -1.01324 0 0 0
-1.41685 1.8619 -1.01093 0 0 0
-1.41549 1.8631 -1.00863 0 0 0
-1.41414 1.86429 -1.00633 0 0 0
-1.41279 1.86549 -1.00402 0 0 0
-1.41144 1.86669 -1.00172 0 0 0
-1.41009 1.86789 -0.999413 0 0 0
-1.40874 1.86909 -0.997109 0 0 0
-1.40738 1.87028 -0.994805 0 0 0
-1.40603 1.87148 -0.992501 0 0 0
-1.40468 1.87268 -0.990197 0 0 0
-1.40333 1.87388 -0.987893 0 0 0
-1.40198 1.87508 -0.985589 0 0 0
-1.40062 1.87627 -0.983285 0 0 0
-1.39927 1.87747 -0.980981 0 0 0
-1.39793 1.87866 -0.978695 0 0 0
-1.39659 1.87985 -0.976409 0 0 0
-1.39525 1.88104 -0.974123 0 0 0
-1.39391 1.88223 -0.971837 0 0 0
-1.39257 1.88341 -0.969551 0 0 0
-1.39122 1.8846 -0.967265 0 0 0
-1.38988 1.88579 -0.964979 0 0 0
-1.38854 1.88698 -0.962693 0 0 0
-1.3872 1.88817 -0.960407 0 0 0
-1.38586 1.88936 -0.95812 0 0 0
-1.38452 1.89055 -0.955834 0 0 0
-1.38318 1.89174 -0.953548 0 0 0
-1.38184 1.89292 -0.951262 0 0 0
-1.38049 1.89411 -0.948976 0 0 0
-1.37915 1.8953 -0.94669 0 0 0
-1.37781 1.89649 -0.944404 0 0 0
-1.37647 1.89768 -0.942118 0 0 0
-1.37513 1.89887 -0.939832 0 0 0
-1.37379 1.90006 -0.937545 0 0 0
-1.37245 1.90124 -0.935259 0 0 0
-1.37111 1.90243 -0.932973 0 0 0
-1.36976 1.90362 -0.930687 0 0 0
-1.36842 1.90481 -0.928401 0 0 0
-1.36708 1.906 -0.926115 0 0 0
-1.36574 1.90719 -0.923829 0 0 0
-1.3644 1.90838 -0.921543 0 0 0
-1.36306 1.90957 -0.919257 0 0 0
-1.36172 1.91075 -0.916971 0 0 0
-1.36037 1.91194 -0.914684 0 0 0
-1.35903 1.91313 -0.912398 0 0 0
-1.35769 1.91432 -0.910112 0 0 0
-1.35635 1.91551 -0.907826 0 0 0
-1.35501 1.9167 -0.90554 0 0 0
-1.35367 1.91789 -0.903254 0 0 0
-1.35233 1.91907 -0.900968 0 0 0
-1.35099 1.92026 -0.898682 0 0 0
-1.34964 1.92145 -0.896396 0 0 0
-1.3483 1.92264 -0.89411 0 0 0
-1.34696 1.92383 -0.891823 0 0 0
-1.34562 1.92502 -0.889537 0 0 0
-1.34428 1.92621 -0.887251 0 0 0
-1.34294 1.9274 -0.884965 0 0 0
-1.3416 1.92858 -0.882679 0 0 0
-1.34026 1.92977 -0.880393 0 0 0
-1.33891 1.93096 -0.878107 0 0 0
-1.33757 1.93215 -0.875821 0 0 0
-1.33623 1.93334 -0.873535 0 0 0
-1.33489 1.93453 -0.871248 0 0 0
-1.33355 1.93572 -0.868962 0 0 0
-1.33221 1.9369 -0.866676 0 0 0
-1.33087 1.93809 -0.86439 0 0 0
-1.32952 1.93928 -0.862104 0 0 0
-1.32818 1.94047 -0.859818 0 0 0
-1.32684 1.94166 -0.857532 0 0 0
-1.3255 1.94285 -0.855246 0 0 0
-1.32416 1.94404 -0.85296 0 0 0
-1.32282 1.94523 -0.850674 0 0 0
-1.32148 1.94641 -0.848387 0 0 0
-1.32014 1.9476 -0.846101 0 0 0
-1.31879 1.94879 -0.843815 0 0 0
-1.31745 1.94998 -0.841529 0 0 0
-1.31611 1.95117 -0.839243 0 0 0
-1.31477 1.95236 -0.836957 0 0 0
-1.31343 1.95355 -0.834671 0 0 0
-1.31209 1.95473 -0.832385 0 0 0
-1.31075 1.95592 -0.830099 0 0 0
-1.30941 1.95711 -0.827812 0 0 0
-1.30806 1.9583 -0.825526 0 0 0
-1.30672 1.95949 -0.82324 0 0 0
-1.30538 1.96068 -0.820954 0 0 0
-1.30404 1.96187 -0.818668 0 0 0
-1.3027 1.96306 -0.816382 0 0 0
-1.30136 1.96424 -0.814096 0 0 0
-1.30002 1.96543 -0.81181 0 0 0
-1.29867 1.96662 -0.809524 0 0 0
-1.29733 1.96781 -0.807238 0 0 0
-1.29599 1.969 -0.804951 0 0 0
-1.29465 1.97019 -0.802665 0 0 0
-1.29331 1.97138 -0.800379 0 0 0
-1.29197 1.97256 -0.798093 0 0 0
-1.29063 1.97375 -0.795807 0 0 0
-1.28929 1.97494 -0.793521 0 0 0
-1.28794 1.97613 -0.791235 0 0 0
-1.2866 1.97732 -0.788949 0 0 0
-1.28526 1.97851 -0.786663 0 0 0
-1.28392 1.9797 -0.784377 0 0 0
-1.28258 1.98089 -0.78209 0 0 0
-1.28124 1.98207 -0.779804 0 0 0
-1.2799 1.98326 -0.777518 0 0 0
-1.27856 1.98445 -0.775232 0 0 0
-1.27721 1.98564 -0.772946 0 0 0
-1.27587 1.98683 -0.77066 0 0 0
-1.27453 1.98802 -0.768374 0 0 0
-1.27319 1.98921 -0.766088 0 0 0
-1.27185 1.99039 -0.763802 0 0 0
-1.27051 1.99158 -0.761515 0 0 0
-1.26917 1.99277 -0.759229 0 0 0
-1.26782 1.99396 -0.756943 0 0 0
-1.26648 1.99515 -0.754657 0 0 0
-1.26514 1.99634 -0.752371 0 0 0
-1.2638 1.99753 -0.750085 0 0 0
-1.26246 1.99872 -0.747799 0 0 0
-1.26112 1.9999 -0.745513 0 0 0
-1.25978 2.00109 -0.743227 0 0 0
-1.25844 2.00228 -0.740941 0 0 0
-1.25709 2.00347 -0.738654 0 0 0
-1.25575 2.00466 -0.736368 0 0 0
-1.25441 2.00585 -0.734082 0 0 0
-1.25307 2.00704 -0.731796 0 0 0
-1.25173 2.00822 -0.72951 0 0 0
-1.25039 2.00941 -0.727224 0 0 0
-1.24905 2.0106 -0.724938 0 0 0
-1.24771 2.01179 -0.722652 0 0 0
-1.24636 2.01298 -0.720366 0 0 0
-1.24502 2.01417 -0.718079 0 0 0
-1.24368 2.01536 -0.715793 0 0 0
-1.24234 2.01655 -0.713507 0 0 0
-1.241 2.01773 -0.711221 0 0 0
-1.23966 2.01892 -0.708935 0 0 0
-1.23832 2.02011 -0.706649 0 0 0
-1.23697 2.0213 -0.704363 0 0 0
-1.23563 2.02249 -0.702077 0 0 0
-1.23429 2.02368 -0.699791 0 0 0
-1.23295 2.02487 -0.697505 0 0 0
-1.23161 2.02605 -0.695218 0 0 0
-1.23027 2.02724 -0.692932 0 0 0
-1.22893 2.02843 -0.690646 0 0 0
-1.22759 2.02962 -0.68836 0 0 0
-1.22624 2.03081 -0.686074 0 0 0
-1.22489 2.03201 -0.68377 0 0 0
-1.22354 2.03321 -0.681466 0 0 0
-1.22219 2.0344 -0.679162 0 0 0
-1.22084 2.0356 -0.676858 0 0 0
-1.21949 2.0368 -0.674554 0 0 0
-1.21813 2.038 -0.67225 0 0 0
-1.21678 2.0392 -0.669946 0 0 0
-1.21543 2.04039 -0.667642 0 0 0
-1.21408 2.04159 -0.665338 0 0 0
-1.21273 2.04279 -0.663034 0 0 0
-1.21137 2.04399 -0.66073 0 0 0
-1.21002 2.04518 -0.658426 0 0 0
-1.20867 2.04638 -0.656123 0 0 0
-1.20732 2.04758 -0.653819 0 0 0
-1.20597 2.04878 -0.651515 0 0 0
-1.20462 2.04998 -0.649211 0 0 0
-1.20326 2.05117 -0.646907 0 0 0
-1.20191 2.05237 -0.644603 0 0 0
-1.20056 2.05357 -0.642299 0 0 0
-1.19921 2.05477 -0.639995 0 0 0
-1.19786 2.05597 -0.637691 0 0 0
-1.19651 2.05716 -0.635387 0 0 0
-1.19515 2.05836 -0.633083 0 0 0
-1.1938 2.05956 -0.630779 0 0 0
-1.19245 2.06076 -0.628475 0 0 0
-1.1911 2.06196 -0.626171 0 0 0
-1.18975 2.06315 -0.623867 0 0 0
-1.18839 2.06435 -0.621563 0 0 0
-1.18704 2.06555 -0.619259 0 0 0
-1.18569 2.06675 -0.616955 0 0 0
-1.18434 2.06795 -0.614651 0 0 0
-1.18299 2.06914 -0.612347 0 0 0
-1.18164 2.07034 -0.610043 0 0 0
-1.18028 2.07154 -0.607739 0 0 0
-1.17893 2.07274 -0.605435 0 0 0
-1.17758 2.07394 -0.603131 0 0 0
-1.17623 2.07513 -0.600827 0 0 0
-1.17488 2.07633 -0.598523 0 0 0
-1.17352 2.07753 -0.596219 0 0 0
-1.17217 2.07873 -0.593915 0 0 0
-1.17082 2.07993 -0.591612 0 0 0
-1.16947 2.08112 -0.589308 0 0 0
-1.16812 2.08232 -0.587004 0 0 0
-1.16677 2.08352 -0.5847 0 0 0
-1.16541 2.08472 -0.582396 0 0 0
-1.16406 2.08592 -0.580092 0 0 0
-1.16271 2.08711 -0.577788 0 0 0
-1.16136 2.08831 -0.575484 0 0 0
-1.16001 2.08951 -0.57318 0 0 0
-1.15866 2.09071 -0.570876 0 0 0
-1.1573 2.0919 -0.568572 0 0 0
-1.15595 2.0931 -0.566268 0 0 0
-1.1546 2.0943 -0.563964 0 0 0
-1.15325 2.0955 -0.56166 0 0 0
-1.1519 2.0967 -0.559356 0 0 0
-1.15054 2.09789 -0.557052 0 0 0
-1.14919 2.09909 -0.554748 0 0 0
-1.14784 2.10029 -0.552444 0 0 0
-1.14649 2.10149 -0.55014 0 0 0
-1.14514 2.10269 -0.547836 0 0 0
-1.14379 2.10388 -0.545532 0 0 0
-1.14243 2.10508 -0.543228 0 0 0
-1.14108 2.10628 -0.540924 0 0 0
-1.13973 2.10748 -0.53862 0 0 0
-1.13838 2.10868 -0.536316 0 0 0
-1.13703 2.10987 -0.534012 0 0 0
-1.13567 2.11107 -0.531708 0 0 0
-1.13432 2.11227 -0.529404 0 0 0
-1.13297 2.11347 -0.527101 0 0 0
-1.13162 2.11467 -0.524797 0 0 0
-1.13027 2.11586 -0.522493 0 0 0
-1.12892 2.11706 -0.520189 0 0 0
-1.12756 2.11826 -0.517885 0 0 0
-1.12621 2.11946 -0.515581 0 0 0
-1.12486 2.12066 -0.513277 0 0 0
-1.12351 2.12185 -0.510973 0 0 0
-1.12216 2.12305 -0.508669 0 0 0
-1.12081 2.12425 -0.506365 0 0 0
-1.11945 2.12545 -0.504061 0 0 0
-1.1181 2.12665 -0.501757 0 0 0
-1.11675 2.12784 -0.499453 0 0 0
-1.1154 2.12904 -0.497149 0 0 0
-1.11405 2.13024 -0.494845 0 0 0
-1.11269 2.13144 -0.492541 0 0 0
-1.11134 2.13264 -0.490237 0 0 0
-1.10999 2.13383 -0.487933 0 0 0
-1.10864 2.13503 -0.485629 0 0 0
-1.10729 2.13623 -0.483325 0 0 0
-1.10594 2.13743 -0.481021 0 0 0
-1.10458 2.13862 -0.478717 0 0 0
-1.10323 2.13982 -0.476413 0 0 0
-1.10188 2.14102 -0.474109 0 0 0
-1.10053 2.14222 -0.471805 0 0 0
-1.09918 2.14342 -0.469501 0 0 0
-1.09783 2.14461 -0.467197 0 0 0
-1.09647 2.14581 -0.464893 0 0 0
-1.09512 2.14701 -0.46259 0 0 0
-1.09377 2.14821 -0.460286 0 0 0
-1.09242 2.14941 -0.457982 0 0 0
-1.09107 2.1506 -0.455678 0 0 0
-1.08971 2.1518 -0.453374 0 0 0
-1.08836 2.153 -0.45107 0 0 0
-1.08701 2.1542 -0.448766 0 0 0
-1.08566 2.1554 -0.446462 0 0 0
-1.08431 2.15659 -0.444158 0 0 0
-1.08296 2.15779 -0.441854 0 0 0
-1.0816 2.15899 -0.43955 0 0 0
-1.08025 2.16019 -0.437246 0 0 0
-1.0789 2.16139 -0.434942 0 0 0
-1.07755 2.16258 -0.432638 0 0 0
-1.0762 2.16378 -0.430334 0 0 0
-1.07484 2.16498 -0.42803 0 0 0
-1.07349 2.16618 -0.425726 0 0 0
-1.07214 2.16738 -0.423422 0 0 0
-1.07079 2.16857 -0.421118 0 0 0
-1.06944 2.16977 -0.418814 0 0 0
-1.06809 2.17097 -0.41651 0 0 0
-1.06673 2.17217 -0.414206 0 0 0
-1.06538 2.17337 -0.411902 0 0 0
-1.06403 2.17456 -0.409598 0 0 0
-1.06268 2.17576 -0.407294 0 0 0
-1.06133 2.17696 -0.40499 0 0 0
-1.05998 2.17816 -0.402686 0 0 0
-1.05862 2.17936 -0.400382 0 0 0
-1.05727 2.18055 -0.398079 0 0 0
-1.05592 2.18175 -0.395775 0 0 0
-1.05457 2.18295 -0.393471 0 0 0
-1.05322 2.18415 -0.391167 0 0 0
-1.05095 2.18401 -0.392991 0 0 0
-1.04868 2.18387 -0.394815 0 0 0
-1.04641 2.18374 -0.396639 0 0 0
-1.04414 2.1836 -0.398463 0 0 0
-1.04187 2.18346 -0.400287 0 0 0
-1.0396 2.18333 -0.402111 0 0 0
-1.03733 2.18319 -0.403935 0 0 0
-1.03506 2.18305 -0.405759 0 0 0
-1.03279 2.18292 -0.407583 0 0 0
-1.03052 2.18278 -0.409407 0 0 0
-1.02826 2.18264 -0.411231 0 0 0
-1.02599 2.1825 -0.413055 0 0 0
-1.02372 2.18237 -0.414879 0 0 0
-1.02145 2.18223 -0.416703 0 0 0
-1.01918 2.18209 -0.418527 0 0 0
-1.01691 2.18196 -0.420351 0 0 0
-1.01464 2.18182 -0.422175 0 0 0
-1.01237 2.18168 -0.423999 0 0 0
-1.0101 2.18155 -0.425823 0 0 0
-1.00783 2.18141 -0.427647 0 0 0
-1.00556 2.18127 -0.429471 0 0 0
-1.00329 2.18114 -0.431295 0 0 0
-1.00103 2.181 -0.433119 0 0 0
-0.998756 2.18086 -0.434943 0 0 0
-0.996487 2.18073 -0.436767 0 0 0
-0.994218 2.18059 -0.438591 0 0 0
-0.991948 2.18045 -0.440415 0 0 0
-0.989679 2.18031 -0.442239 0 0 0
-0.98741 2.18018 -0.444063 0 0 0
-0.985141 2.18004 -0.445887 0 0 0
-0.982872 2.1799 -0.447711 0 0 0
-0.980603 2.17977 -0.449535 0 0 0
-0.978333 2.17963 -0.451359 0 0 0
-0.976064 2.17949 -0.453183 0 0 0
-0.973795 2.17936 -0.455007 0 0 0
-0.971526 2.17922 -0.456831 0 0 0
-0.969257 2.17908 -0.458655 0 0 0
-0.966987 2.17895 -0.460479 0 0 0
-0.964718 2.17881 -0.462303 0 0 0
-0.962449 2.17867 -0.464127 0 0 0
-0.96018 2.17854 -0.465951 0 0 0
-0.957911 2.1784 -0.467775 0 0 0
-0.955642 2.17826 -0.469599 0 0 0
-0.953372 2.17812 -0.471423 0 0 0
-0.951103 2.17799 -0.473247 0 0 0
-0.948834 2.17785 -0.475071 0 0 0
-0.946565 2.17771 -0.476895 0 0 0
-0.944296 2.17758 -0.478719 0 0 0
-0.942027 2.17744 -0.480543 0 0 0
-0.939757 2.1773 -0.482367 0 0 0
-0.937488 2.17717 -0.484191 0 0 0
-0.935219 2.17703 -0.486015 0 0 0
-0.93295 2.17689 -0.487839 0 0 0
-0.930681 2.17676 -0.489663 0 0 0
-0.928411 2.17662 -0.491487 0 0 0
-0.926142 2.17648 -0.493311 0 0 0
-0.923873 2.17635 -0.495135 0 0 0
-0.921604 2.17621 -0.496959 0 0 0
-0.919335 2.17607 -0.498783 0 0 0
-0.917066 2.17593 -0.500607 0 0 0
-0.914796 2.1758 -0.502431 0 0 0
-0.912527 2.17566 -0.504255 0 0 0
-0.910258 2.17552 -0.506079 0 0 0
-0.907989 2.17539 -0.507903 0 0 0
-0.90572 2.17525 -0.509727 0 0 0
-0.903451 2.17511 -0.511551 0 0 0
-0.901181 2.17498 -0.513375 0 0 0
-0.898912 2.17484 -0.515199 0 0 0
-0.896643 2.1747 -0.517023 0 0 0
-0.894374 2.17457 -0.518847 0 0 0
-0.892105 2.17443 -0.520671 0 0 0
-0.889835 2.17429 -0.522496 0 0 0
-0.887566 2.17416 -0.52432 0 0 0
-0.885297 2.17402 -0.526144 0 0 0
-0.883028 2.17388 -0.527968 0 0 0
-0.880759 2.17374 -0.529792 0 0 0
-0.87849 2.17361 -0.531616 0 0 0
-0.87622 2.17347 -0.53344 0 0 0
-0.873951 2.17333 -0.535264 0 0 0
-0.871682 2.1732 -0.537088 0 0 0
-0.869413 2.17306 -0.538912 0 0 0
-0.867144 2.17292 -0.540736 0 0 0
-0.864875 2.17279 -0.54256 0 0 0
-0.862605 2.17265 -0.544384 0 0 0
-0.860336 2.17251 -0.546208 0 0 0
-0.858067 2.17238 -0.548032 0 0 0
-0.855798 2.17224 -0.549856 0 0 0
-0.853529 2.1721 -0.55168 0 0 0
-0.851259 2.17197 -0.553504 0 0 0
-0.84899 2.17183 -0.555328 0 0 0
-0.846721 2.17169 -0.557152 0 0 0
-0.844452 2.17155 -0.558976 0 0 0
-0.842183 2.17142 -0.5608 0 0 0
-0.839914 2.17128 -0.562624 0 0 0
-0.837644 2.17114 -0.564448 0 0 0
-0.835375 2.17101 -0.566272 0 0 0
-0.833106 2.17087 -0.568096 0 0 0
-0.830837 2.17073 -0.56992 0 0 0
-0.828568 2.1706 -0.571744 0 0 0
-0.826299 2.17046 -0.573568 0 0 0
-0.824029 2.17032 -0.575392 0 0 0
-0.82176 2.17019 -0.577216 0 0 0
-0.819491 2.17005 -0.57904 0 0 0
-0.817222 2.16991 -0.580864 0 0 0
-0.814953 2.16978 -0.582688 0 0 0
-0.812683 2.16964 -0.584512 0 0 0
-0.810414 2.1695 -0.586336 0 0 0
-0.808145 2.16936 -0.58816 0 0 0
-0.805876 2.16923 -0.589984 0 0 0
-0.803607 2.16909 -0.591808 0 0 0
-0.801338 2.16895 -0.593632 0 0 0
-0.799068 2.16882 -0.595456 0 0 0
-0.796799 2.16868 -0.59728 0 0 0
-0.79453 2.16854 -0.599104 0 0 0
-0.792261 2.16841 -0.600928 0 0 0
-0.789992 2.16827 -0.602752 0 0 0
-0.787723 2.16813 -0.604576 0 0 0
-0.785453 2.168 -0.6064 0 0 0
-0.783184 2.16786 -0.608224 0 0 0
-0.780915 2.16772 -0.610048 0 0 0
-0.778646 2.16759 -0.611872 0 0 0
-0.776377 2.16745 -0.613696 0 0 0
-0.774107 2.16731 -0.61552 0 0 0
-0.771838 2.16717 -0.617344 0 0 0
-0.769569 2.16704 -0.619168 0 0 0
-0.7673 2.1669 -0.620992 0 0 0
-0.765031 2.16676 -0.622816 0 0 0
-0.762762 2.16663 -0.62464 0 0 0
-0.760492 2.16649 -0.626464 0 0 0
-0.758223 2.16635 -0.628288 0 0 0
-0.755954 2.16622 -0.630112 0 0 0
-0.753685 2.16608 -0.631936 0 0 0
-0.751416 2.16594 -0.63376 0 0 0
-0.749147 2.16581 -0.635584 0 0 0
-0.746877 2.16567 -0.637408 0 0 0
-0.744608 2.16553 -0.639232 0 0 0
-0.742339 2.1654 -0.641056 0 0 0
-0.74007 2.16526 -0.64288 0 0 0
-0.737801 2.16512 -0.644704 0 0 0
-0.735532 2.16498 -0.646528 0 0 0
-0.733262 2.16485 -0.648352 0 0 0
-0.730993 2.16471 -0.650176 0 0 0
-0.728724 2.16457 -0.652 0 0 0
-0.726455 2.16444 -0.653824 0 0 0
-0.724186 2.1643 -0.655648 0 0 0
-0.721916 2.16416 -0.657472 0 0 0
-0.719647 2.16403 -0.659296 0 0 0
-0.717378 2.16389 -0.66112 0 0 0
-0.715109 2.16375 -0.662944 0 0 0
-0.71284 2.16362 -0.664768 0 0 0
-0.710571 2.16348 -0.666593 0 0 0
-0.708301 2.16334 -0.668417 0 0 0
-0.706032 2.16321 -0.670241 0 0 0
-0.703763 2.16307 -0.672065 0 0 0
-0.701494 2.16293 -0.673889 0 0 0
-0.699225 2.16279 -0.675713 0 0 0
-0.696956 2.16266 -0.677537 0 0 0
-0.694686 2.16252 -0.679361 0 0 0
-0.692417 2.16238 -0.681185 0 0 0
-0.690148 2.16225 -0.683009 0 0 0
-0.689638 2.16132 -0.685743 0 0 0
-0.689128 2.16039 -0.688477 0 0 0
-0.688618 2.15946 -0.691211 0 0 0
-0.688108 2.15853 -0.693946 0 0 0
-0.687597 2.1576 -0.69668 0 0 0
-0.687087 2.15667 -0.699414 0 0 0
-0.686577 2.15574 -0.702148 0 0 0
-0.686067 2.15481 -0.704883 0 0 0
-0.685557 2.15388 -0.707617 0 0 0
-0.685047 2.15295 -0.710351 0 0 0
-0.684537 2.15202 -0.713085 0 0 0
-0.684027 2.15109 -0.71582 0 0 0
-0.683516 2.15016 -0.718554 0 0 0
-0.683006 2.14923 -0.721288 0 0 0
-0.682496 2.1483 -0.724022 0 0 0
-0.681986 2.14738 -0.726757 0 0 0
-0.681476 2.14645 -0.729491 0 0 0
-0.680966 2.14552 -0.732225 0 0 0
-0.680456 2.14459 -0.734959 0 0 0
-0.679946 2.14366 -0.737694 0 0 0
-0.679436 2.14273 -0.740428 0 0 0
-0.678925 2.1418 -0.743162 0 0 0
-0.678415 2.14087 -0.745896 0 0 0
-0.677905 2.13994 -0.748631 0 0 0
-0.677395 2.13901 -0.751365 0 0 0
-0.676885 2.13808 -0.754099 0 0 0
-0.676375 2.13715 -0.756833 0 0 0
-0.675865 2.13622 -0.759568 0 0 0
-0.675355 2.13529 -0.762302 0 0 0
-0.674845 2.13436 -0.765036 0 0 0
-0.674334 2.13343 -0.76777 0 0 0
-0.673824 2.1325 -0.770505 0 0 0
-0.673314 2.13157 -0.773239 0 0 0
-0.672804 2.13064 -0.775973 0 0 0
-0.672294 2.12972 -0.778707 0 0 0
-0.671784 2.12879 -0.781442 0 0 0
-0.671274 2.12786 -0.784176 0 0 0
-0.670764 2.12693 -0.78691 0 0 0
-0.670253 2.126 -0.789644 0 0 0
-0.669743 2.12507 -0.792379 0 0 0
-0.669233 2.12414 -0.795113 0 0 0
-0.668723 2.12321 -0.797847 0 0 0
-0.668213 2.12228 -0.800581 0 0 0
-0.667703 2.12135 -0.803316 0 0 0
-0.667193 2.12042 -0.80605 0 0 0
-0.666683 2.11949 -0.808784 0 0 0
-0.666173 2.11856 -0.811518 0 0 0
-0.665662 2.11763 -0.814253 0 0 0
-0.665152 2.1167 -0.816987 0 0 0
-0.664642 2.11577 -0.819721 0 0 0
-0.664132 2.11484 -0.822455 0 0 0
-0.663622 2.11391 -0.82519 0 0 0
-0.663112 2.11298 -0.827924 0 0 0
-0.662602 2.11205 -0.830658 0 0 0
-0.662092 2.11113 -0.833392 0 0 0
-0.661582 2.1102 -0.836127 0 0 0
-0.661071 2.10927 -0.838861 0 0 0
-0.660561 2.10834 -0.841595 0 0 0
-0.660051 2.10741 -0.844329 0 0 0
-0.659541 2.10648 -0.847064 0 0 0
-0.659031 2.10555 -0.849798 0 0 0
-0.658521 2.10462 -0.852532 0 0 0
-0.658011 2.10369 -0.855266 0 0 0
-0.657501 2.10276 -0.858001 0 0 0
-0.65699 2.10183 -0.860735 0 0 0
-0.65648 2.1009 -0.863469 0 0 0
-0.65597 2.09997 -0.866203 0 0 0
-0.65546 2.09904 -0.868938 0 0 0
-0.65495 2.09811 -0.871672 0 0 0
-0.65444 2.09718 -0.874406 0 0 0
-0.65393 2.09625 -0.87714 0 0 0
-0.65342 2.09532 -0.879874 0 0 0
-0.65291 2.09439 -0.882609 0 0 0
-0.652399 2.09347 -0.885343 0 0 0
-0.651889 2.09254 -0.888077 0 0 0
-0.651379 2.09161 -0.890811 0 0 0
-0.650869 2.09068 -0.893546 0 0 0
-0.650359 2.08975 -0.89628 0 0 0
-0.649849 2.08882 -0.899014 0 0 0
-0.649339 2.08789 -0.901748 0 0 0
-0.648829 2.08696 -0.904483 0 0 0
-0.648325 2.08604 -0.907184 0 0 0
-0.647821 2.08512 -0.909885 0 0 0
-0.647317 2.0842 -0.912585 0 0 0
-0.646813 2.08329 -0.915286 0 0 0
-0.646309 2.08237 -0.917987 0 0 0
-0.645805 2.08145 -0.920688 0 0 0
-0.645301 2.08053 -0.923389 0 0 0
-0.644797 2.07961 -0.92609 0 0 0
-0.644294 2.0787 -0.928791 0 0 0
-0.64379 2.07778 -0.931492 0 0 0
-0.643286 2.07686 -0.934193 0 0 0
-0.642782 2.07594 -0.936894 0 0 0
-0.642278 2.07502 -0.939594 0 0 0
-0.641774 2.0741 -0.942295 0 0 0
-0.64127 2.07319 -0.944996 0 0 0
-0.640766 2.07227 -0.947697 0 0 0
-0.640262 2.07135 -0.950398 0 0 0
-0.639759 2.07043 -0.953099 0 0 0
-0.639255 2.06951 -0.9558 0 0 0
-0.638751 2.0686 -0.958501 0 0 0
-0.638247 2.06768 -0.961202 0 0 0
-0.637743 2.06676 -0.963903 0 0 0
-0.637239 2.06584 -0.966604 0 0 0
-0.636735 2.06492 -0.969304 0 0 0
-0.636231 2.06401 -0.972005 0 0 0
-0.635727 2.06309 -0.974706 0 0 0
-0.635223 2.06217 -0.977407 0 0 0
-0.63472 2.06125 -0.980108 0 0 0
-0.634216 2.06033 -0.982809 0 0 0
-0.633712 2.05941 -0.98551 0 0 0
-0.633208 2.0585 -0.988211 0 0 0
-0.632704 2.05758 -0.990912 0 0 0
-0.6322 2.05666 -0.993613 0 0 0
-0.631696 2.05574 -0.996313 0 0 0
-0.631192 2.05482 -0.999014 0 0 0
-0.630688 2.05391 -1.00172 0 0 0
-0.630185 2.05299 -1.00442 0 0 0
-0.629681 2.05207 -1.00712 0 0 0
-0.629177 2.05115 -1.00982 0 0 0
-0.628673 2.05023 -1.01252 0 0 0
-0.628169 2.04931 -1.01522 0 0 0
-0.627665 2.0484 -1.01792 0 0 0
-0.627161 2.04748 -1.02062 0 0 0
-0.626657 2.04656 -1.02332 0 0 0
-0.626153 2.04564 -1.02602 0 0 0
-0.625649 2.04472 -1.02872 0 0 0
-0.625146 2.04381 -1.03143 0 0 0
-0.624642 2.04289 -1.03413 0 0 0
-0.624138 2.04197 -1.03683 0 0 0
-0.623634 2.04105 -1.03953 0 0 0
-0.62313 2.04013 -1.04223 0 0 0
-0.622626 2.03922 -1.04493 0 0 0
-0.622122 2.0383 -1.04763 0 0 0
-0.621618 2.03738 -1.05033 0 0 0
-0.621114 2.03646 -1.05303 0 0 0
-0.620611 2.03554 -1.05573 0 0 0
-0.620107 2.03462 -1.05843 0 0 0
-0.619603 2.03371 -1.06114 0 0 0
-0.619099 2.03279 -1.06384 0 0 0
-0.618595 2.03187 -1.06654 0 0 0
-0.618091 2.03095 -1.06924 0 0 0
-0.617587 2.03003 -1.07194 0 0 0
-0.617083 2.02912 -1.07464 0 0 0
-0.616579 2.0282 -1.07734 0 0 0
-0.616076 2.02728 -1.08004 0 0 0
-0.615572 2.02636 -1.08274 0 0 0
-0.615068 2.02544 -1.08544 0 0 0
-0.614564 2.02452 -1.08814 0 0 0
-0.61406 2.02361 -1.09085 0 0 0
-0.613556 2.02269 -1.09355 0 0 0
-0.613052 2.02177 -1.09625 0 0 0
-0.612548 2.02085 -1.09895 0 0 0
-0.612044 2.01993 -1.10165 0 0 0
-0.61154 2.01902 -1.10435 0 0 0
-0.611037 2.0181 -1.10705 0 0 0
-0.610533 2.01718 -1.10975 0 0 0
-0.610029 2.01626 -1.11245 0 0 0
-0.609525 2.01534 -1.11515 0 0 0
-0.609021 2.01443 -1.11785 0 0 0
-0.608517 2.01351 -1.12056 0 0 0
-0.608013 2.01259 -1.12326 0 0 0
-0.607509 2.01167 -1.12596 0 0 0
-0.606999 2.01074 -1.12869 0 0 0
-0.606489 2.00981 -1.13143 0 0 0
-0.605979 2.00888 -1.13416 0 0 0
-0.605469 2.00795 -1.13689 0 0 0
-0.604959 2.00702 -1.13963 0 0 0
-0.604449 2.00609 -1.14236 0 0 0
-0.603938 2.00516 -1.1451 0 0 0
-0.603428 2.00423 -1.14783 0 0 0
-0.602918 2.00331 -1.15057 0 0 0
-0.602408 2.00238 -1.1533 0 0 0
-0.601898 2.00145 -1.15603 0 0 0
-0.601388 2.00052 -1.15877 0 0 0
-0.600878 1.99959 -1.1615 0 0 0
-0.600368 1.99866 -1.16424 0 0 0
-0.599858 1.99773 -1.16697 0 0 0
-0.599347 1.9968 -1.1697 0 0 0
-0.598837 1.99587 -1.17244 0 0 0
-0.598327 1.99494 -1.17517 0 0 0
-0.597817 1.99401 -1.17791 0 0 0
-0.597307 1.99308 -1.18064 0 0 0
-0.596797 1.99215 -1.18338 0 0 0
-0.596287 1.99122 -1.18611 0 0 0
-0.595777 1.99029 -1.18884 0 0 0
-0.595267 1.98936 -1.19158 0 0 0
-0.594756 1.98843 -1.19431 0 0 0
-0.594246 1.9875 -1.19705 0 0 0
-0.593736 1.98657 -1.19978 0 0 0
-0.593226 1.98565 -1.20252 0 0 0
-0.592716 1.98472 -1.20525 0 0 0
-0.592206 1.98379 -1.20798 0 0 0
-0.591696 1.98286 -1.21072 0 0 0
-0.591186 1.98193 -1.21345 0 0 0
-0.590675 1.981 -1.21619 0 0 0
-0.590165 1.98007 -1.21892 0 0 0
-0.589655 1.97914 -1.22166 0 0 0
-0.589145 1.97821 -1.22439 0 0 0
-0.588635 1.97728 -1.22712 0 0 0
-0.588125 1.97635 -1.22986 0 0 0
-0.587615 1.97542 -1.23259 0 0 0
-0.587105 1.97449 -1.23533 0 0 0
-0.586595 1.97356 -1.23806 0 0 0
-0.586084 1.97263 -1.2408 0 0 0
-0.585574 1.9717 -1.24353 0 0 0
-0.585064 1.97077 -1.24626 0 0 0
-0.584554 1.96984 -1.249 0 0 0
-0.584044 1.96891 -1.25173 0 0 0
-0.583534 1.96799 -1.25447 0 0 0
-0.583024 1.96706 -1.2572 0 0 0
-0.582514 1.96613 -1.25994 0 0 0
-0.582004 1.9652 -1.26267 0 0 0
-0.581493 1.96427 -1.2654 0 0 0
-0.580983 1.96334 -1.26814 0 0 0
-0.580473 1.96241 -1.27087 0 0 0
-0.579963 1.96148 -1.27361 0 0 0
-0.579453 1.96055 -1.27634 0 0 0
-0.578943 1.95962 -1.27907 0 0 0
-0.578433 1.95869 -1.28181 0 0 0
-0.577923 1.95776 -1.28454 0 0 0
-0.577412 1.95683 -1.28728 0 0 0
-0.576902 1.9559 -1.29001 0 0 0
-0.576392 1.95497 -1.29275 0 0 0
-0.575882 1.95404 -1.29548 0 0 0
-0.575372 1.95311 -1.29821 0 0 0
-0.574862 1.95218 -1.30095 0 0 0
-0.574352 1.95125 -1.30368 0 0 0
-0.573842 1.95032 -1.30642 0 0 0
-0.573332 1.9494 -1.30915 0 0 0
-0.572821 1.94847 -1.31189 0 0 0
-0.572311 1.94754 -1.31462 0 0 0
-0.571801 1.94661 -1.31735 0 0 0
-0.571291 1.94568 -1.32009 0 0 0
-0.570781 1.94475 -1.32282 0 0 0
-0.570271 1.94382 -1.32556 0 0 0
-0.569761 1.94289 -1.32829 0 0 0
-0.569251 1.94196 -1.33103 0 0 0
-0.568741 1.94103 -1.33376 0 0 0
-0.56823 1.9401 -1.33649 0 0 0
-0.56772 1.93917 -1.33923 0 0 0
-0.56721 1.93824 -1.34196 0 0 0
-0.5667 1.93731 -1.3447 0 0 0
-0.56619 1.93638 -1.34743 0 0 0
-0.56568 1.93545 -1.35017 0 0 0
-0.56517 1.93452 -1.3529 0 0 0
-0.56466 1.93359 -1.35563 0 0 0
-0.564149 1.93266 -1.35837 0 0 0
-0.563639 1.93174 -1.3611 0 0 0
-0.563129 1.93081 -1.36384 0 0 0
-0.562619 1.92988 -1.36657 0 0 0
-0.562109 1.92895 -1.3693 0 0 0
-0.561599 1.92802 -1.37204 0 0 0
-0.561089 1.92709 -1.37477 0 0 0
-0.560579 1.92616 -1.37751 0 0 0
-0.560069 1.92523 -1.38024 0 0 0
-0.559558 1.9243 -1.38298 0 0 0
-0.559048 1.92337 -1.38571 0 0 0
-0.558538 1.92244 -1.38844 0 0 0
-0.558028 1.92151 -1.39118 0 0 0
-0.557518 1.92058 -1.39391 0 0 0
-0.557008 1.91965 -1.39665 0 0 0
-0.556498 1.91872 -1.39938 0 0 0
-0.555988 1.91779 -1.40212 0 0 0
-0.555478 1.91686 -1.40485 0 0 0
-0.554967 1.91593 -1.40758 0 0 0
-0.554457 1.915 -1.41032 0 0 0
-0.553947 1.91407 -1.41305 0 0 0
-0.553437 1.91315 -1.41579 0 0 0
-0.552927 1.91222 -1.41852 0 0 0
-0.552417 1.91129 -1.42126 0 0 0
-0.551907 1.91036 -1.42399 0 0 0
-0.551397 1.90943 -1.42672 0 0 0
-0.550886 1.9085 -1.42946 0 0 0
-0.550376 1.90757 -1.43219 0 0 0
-0.549866 1.90664 -1.43493 0 0 0
-0.549356 1.90571 -1.43766 0 0 0
-0.548846 1.90478 -1.4404 0 0 0
-0.548336 1.90385 -1.44313 0 0 0
-0.547826 1.90292 -1.44586 0 0 0
-0.547316 1.90199 -1.4486 0 0 0
-0.546806 1.90106 -1.45133 0 0 0
-0.546295 1.90013 -1.45407 0 0 0
-0.545785 1.8992 -1.4568 0 0 0
-0.545275 1.89827 -1.45954 0 0 0
-0.544765 1.89734 -1.46227 0 0 0
-0.544255 1.89641 -1.465 0 0 0
-0.543745 1.89549 -1.46774 0 0 0
-0.543235 1.89456 -1.47047 0 0 0
-0.542725 1.89363 -1.47321 0 0 0
-0.542215 1.8927 -1.47594 0 0 0
-0.541704 1.89177 -1.47867 0 0 0
-0.541194 1.89084 -1.48141 0 0 0
-0.540684 1.88991 -1.48414 0 0 0
-0.540174 1.88898 -1.48688 0 0 0
-0.539664 1.88805 -1.48961 0 0 0
-0.539154 1.88712 -1.49235 0 0 0
-0.538644 1.88619 -1.49508 0 0 0
-0.538134 1.88526 -1.49781 0 0 0
-0.537623 1.88433 -1.50055 0 0 0
-0.537113 1.8834 -1.50328 0 0 0
-0.536603 1.88247 -1.50602 0 0 0
-0.536093 1.88154 -1.50875 0 0 0
-0.535583 1.88061 -1.51149 0 0 0
-0.535073 1.87968 -1.51422 0 0 0
-0.534563 1.87875 -1.51695 0 0 0
-0.534053 1.87783 -1.51969 0 0 0
-0.533543 1.8769 -1.52242 0 0 0
-0.533032 1.87597 -1.52516 0 0 0
-0.532522 1.87504 -1.52789 0 0 0
-0.532012 1.87411 -1.53063 0 0 0
-0.531502 1.87318 -1.53336 0 0 0
-0.530992 1.87225 -1.53609 0 0 0
-0.530482 1.87132 -1.53883 0 0 0
-0.529972 1.87039 -1.54156 0 0 0
-0.529462 1.86946 -1.5443 0 0 0
-0.528952 1.86853 -1.54703 0 0 0
-0.528441 1.8676 -1.54977 0 0 0
-0.527931 1.86667 -1.5525 0 0 0
-0.527421 1.86574 -1.55523 0 0 0
-0.526911 1.86481 -1.55797 0 0 0
-0.526401 1.86388 -1.5607 0 0 0
-0.525891 1.86295 -1.56344 0 0 0
-0.525381 1.86202 -1.56617 0 0 0
-0.524871 1.86109 -1.56891 0 0 0
-0.524871 1.86109 -1.56891 0 0 0
-0.524871 1.86109 -1.56891 0.00237057 0.00097727 0.00285589
-0.524871 1.86109 -1.56891 0.00474114 0.00195454 0.00571178
-0.524871 1.86109 -1.56891 0.00711171 0.00293181 0.00856767
-0.524871 1.86109 -1.56891 0.00948228 0.00390908 0.0114236
-0.524871 1.86109 -1.56891 0.0118529 0.00488635 0.0142795
-0.524871 1.86109 -1.56891 0.0142234 0.00586362 0.0171353
-0.524871 1.86109 -1.56891 0.016594 0.00684089 0.0199912
-0.524871 1.86109 -1.56891 0.0189646 0.00781816 0.0228471
-0.524871 1.86109 -1.56891 0.0213351 0.00879543 0.025703
-0.524871 1.86109 -1.56891 0.0237057 0.0097727 0.0285589
-0.524871 1.86109 -1.56891 0.0260763 0.01075 0.0314148
-0.524871 1.86109 -1.56891 0.0284468 0.0117272 0.0342707
-0.524871 1.86109 -1.56891 0.0308174 0.0127045 0.0371266
-0.524871 1.86109 -1.56891 0.033188 0.0136818 0.0399825
-0.524871 1.86109 -1.56891 0.0355586 0.0146591 0.0428384
-0.524871 1.86109 -1.56891 0.0379291 0.0156363 0.0456942
-0.524871 1.86109 -1.56891 0.0402997 0.0166136 0.0485501
-0.524871 1.86109 -1.56891 0.0426703 0.0175909 0.051406
-0.524871 1.86109 -1.56891 0.0450408 0.0185681 0.0542619
-0.524871 1.86109 -1.56891 0.0474114 0.0195454 0.0571178
-0.524871 1.86109 -1.56891 0.049782 0.0205227 0.0599737
-0.524871 1.86109 -1.56891 0.0521525 0.0214999 0.0628296
-0.524871 1.86109 -1.56891 0.0545231 0.0224772 0.0656855
-0.524871 1.86109 -1.56891 0.0568937 0.0234545 0.0685414
-0.524871 1.86109 -1.56891 0.0592643 0.0244318 0.0713973
-0.524871 1.86109 -1.56891 0.0616348 0.025409 0.0742531
-0.524871 1.86109 -1.56891 0.0640054 0.0263863 0.077109
-0.524871 1.86109 -1.56891 0.066376 0.0273636 0.0799649
-0.524871 1.86109 -1.56891 0.0687465 0.0283408 0.0828208
-0.524871 1.86109 -1.56891 0.0711171 0.0293181 0.0856767
-0.524871 1.86109 -1.56891 0.0734877 0.0302954 0.0885326
-0.524871 1.86109 -1.56891 0.0758583 0.0312727 0.0913885
-0.524871 1.86109 -1.56891 0.0782288 0.0322499 0.0942444
-0.524871 1.86109 -1.56891 0.0805994 0.0332272 0.0971003
-0.524871 1.86109 -1.56891 0.08297 0.0342045 0.0999562
-0.524871 1.86109 -1.56891 0.0853405 0.0351817 0.102812
-0.524871 1.86109 -1.56891 0.0877111 0.036159 0.105668
-0.524871 1.86109 -1.56891 0.0900817 0.0371363 0.108524
-0.524871 1.86109 -1.56891 0.0924522 0.0381135 0.11138
-0.524871 1.86109 -1.56891 0.0948228 0.0390908 0.114236
-0.524871 1.86109 -1.56891 0.0971934 0.0400681 0.117091
-0.524871 1.86109 -1.56891 0.099564 0.0410454 0.119947
-0.524871 1.86109 -1.56891 0.101935 0.0420226 0.122803
-0.524871 1.86109 -1.56891 0.104305 0.0429999 0.125659
-0.524871 1.86109 -1.56891 0.106676 0.0439772 0.128515
-0.524871 1.86109 -1.56891 0.109046 0.0449544 0.131371
-0.524871 1.86109 -1.56891 0.111417 0.0459317 0.134227
-0.524871 1.86109 -1.56891 0.113787 0.046909 0.137083
-0.524871 1.86109 -1.56891 0.116158 0.0478862 0.139939
-0.524871 1.86109 -1.56891 0.118529 0.0488635 0.142795
-0.524871 1.86109 -1.56891 0.120899 0.0498408 0.14565
-0.524871 1.86109 -1.56891 0.12327 0.0508181 0.148506
-0.524871 1.86109 -1.56891 0.12564 0.0517953 0.151362
-0.524871 1.86109 -1.56891 0.128011 0.0527726 0.154218
-0.524871 1.86109 -1.56891 0.130381 0.0537499 0.157074
-0.524871 1.86109 -1.56891 0.132752 0.0547271 0.15993
-0.524871 1.86109 -1.56891 0.135123 0.0557044 0.162786
-0.524871 1.86109 -1.56891 0.137493 0.0566817 0.165642
-0.524871 1.86109 -1.56891 0.139864 0.0576589 0.168498
-0.524871 1.86109 -1.56891 0.142234 0.0586362 0.171353
-0.524871 1.86109 -1.56891 0.144605 0.0596135 0.174209
-0.524871 1.86109 -1.56891 0.146975 0.0605908 0.177065
-0.524871 1.86109 -1.56891 0.149346 0.061568 0.179921
-0.524871 1.86109 -1.56891 0.151717 0.0625453 0.182777
-0.524871 1.86109 -1.56891 0.154087 0.0635226 0.185633
-0.524871 1.86109 -1.56891 0.156458 0.0644998 0.188489
-0.524871 1.86109 -1.56891 0.158828 0.0654771 0.191345
-0.524871 1.86109 -1.56891 0.161199 0.0664544 0.194201
-0.524871 1.86109 -1.56891 0.163569 0.0674317 0.197056
-0.524871 1.86109 -1.56891 0.16594 0.0684089 0.199912
-0.524871 1.86109 -1.56891 0.16831 0.0693862 0.202768
-0.524871 1.86109 -1.56891 0.170681 0.0703635 0.205624
-0.524871 1.86109 -1.56891 0.173052 0.0713407 0.20848
-0.524871 1.86109 -1.56891 0.175422 0.072318 0.211336
-0.524871 1.86109 -1.56891 0.177793 0.0732953 0.214192
-0.524871 1.86109 -1.56891 0.180163 0.0742725 0.217048
-0.524871 1.86109 -1.56891 0.182534 0.0752498 0.219904
-0.524871 1.86109 -1.56891 0.184904 0.0762271 0.222759
-0.524871 1.86109 -1.56891 0.187275 0.0772044 0.225615
-0.524871 1.86109 -1.56891 0.189646 0.0781816 0.228471
-0.524871 1.86109 -1.56891 0.192016 0.0791589 0.231327
-0.524871 1.86109 -1.56891 0.194387 0.0801362 0.234183
-0.524871 1.86109 -1.56891 0.196757 0.0811134 0.237039
-0.524871 1.86109 -1.56891 0.199128 0.0820907 0.239895
-0.524871 1.86109 -1.56891 0.201498 0.083068 0.242751
-0.524871 1.86109 -1.56891 0.203869 0.0840452 0.245607
-0.524871 1.86109 -1.56891 0.20624 0.0850225 0.248462
-0.524871 1.86109 -1.56891 0.20861 0.0859998 0.251318
-0.524871 1.86109 -1.56891 0.210981 0.0869771 0.254174
-0.524871 1.86109 -1.56891 0.213351 0.0879543 0.25703
-0.524871 1.86109 -1.56891 0.215722 0.0889316 0.259886
-0.524871 1.86109 -1.56891 0.218092 0.0899089 0.262742
-0.524871 1.86109 -1.56891 0.220463 0.0908861 0.265598
-0.524871 1.86109 -1.56891 0.222834 0.0918634 0.268454
-0.524871 1.86109 -1.56891 0.225204 0.0928407 0.27131
-0.524871 1.86109 -1.56891 0.227575 0.093818 0.274165
-0.524871 1.86109 -1.56891 0.229945 0.0947952 0.277021
-0.524871 1.86109 -1.56891 0.232316 0.0957725 0.279877
-0.524871 1.86109 -1.56891 0.234686 0.0967498 0.282733
-0.524871 1.86109 -1.56891 0.237057 0.097727 0.285589
-0.524871 1.86109 -1.56891 0.239428 0.0987043 0.288445
-0.524871 1.86109 -1.56891 0.241798 0.0996816 0.291301
-0.524871 1.86109 -1.56891 0.244169 0.100659 0.294157
-0.524871 1.86109 -1.56891 0.246539 0.101636 0.297013
-0.524871 1.86109 -1.56891 0.24891 0.102613 0.299868
-0.524871 1.86109 -1.56891 0.25128 0.103591 0.302724
-0.524871 1.86109 -1.56891 0.253651 0.104568 0.30558
-0.524871 1.86109 -1.56891 0.256022 0.105545 0.308436
-0.524871 1.86109 -1.56891 0.258392 0.106522 0.311292
-0.524871 1.86109 -1.56891 0.260763 0.1075 0.314148
-0.524871 1.86109 -1.56891 0.263133 0.108477 0.317004
-0.524871 1.86109 -1.56891 0.265504 0.109454 0.31986
-0.524871 1.86109 -1.56891 0.267874 0.110432 0.322716
-0.524871 1.86109 -1.56891 0.270245 0.111409 0.325571
-0.524871 1.86109 -1.56891 0.272616 0.112386 0.328427
-0.524871 1.86109 -1.56891 0.274986 0.113363 0.331283
-0.524871 1.86109 -1.56891 0.277357 0.114341 0.334139
-0.524871 1.86109 -1.56891 0.279727 0.115318 0.336995
-0.524871 1.86109 -1.56891 0.282098 0.116295 0.339851
-0.524871 1.86109 -1.56891 0.284468 0.117272 0.342707
-0.524871 1.86109 -1.56891 0.286839 0.11825 0.345563
-0.524871 1.86109 -1.56891 0.28921 0.119227 0.348419
-0.524871 1.86109 -1.56891 0.29158 0.120204 0.351274
-0.524871 1.86109 -1.56891 0.293951 0.121182 0.35413
-0.524871 1.86109 -1.56891 0.296321 0.122159 0.356986
-0.524871 1.86109 -1.56891 0.298692 0.123136 0.359842
-0.524871 1.86109 -1.56891 0.301062 0.124113 0.362698
-0.524871 1.86109 -1.56891 0.303433 0.125091 0.365554
-0.524871 1.86109 -1.56891 0.305804 0.126068 0.36841
-0.524871 1.86109 -1.56891 0.308174 0.127045 0.371266
-0.524871 1.86109 -1.56891 0.310545 0.128022 0.374122
-0.524871 1.86109 -1.56891 0.312915 0.129 0.376977
-0.524871 1.86109 -1.56891 0.315286 0.129977 0.379833
-0.524871 1.86109 -1.56891 0.317656 0.130954 0.382689
-0.524871 1.86109 -1.56891 0.320027 0.131931 0.385545
-0.524871 1.86109 -1.56891 0.322398 0.132909 0.388401
-0.524871 1.86109 -1.56891 0.324768 0.133886 0.391257
-0.524871 1.86109 -1.56891 0.327139 0.134863 0.394113
-0.524871 1.86109 -1.56891 0.329509 0.135841 0.396969
-0.524871 1.86109 -1.56891 0.33188 0.136818 0.399825
-0.524871 1.86109 -1.56891 0.33425 0.137795 0.40268
-0.524871 1.86109 -1.56891 0.336621 0.138772 0.405536
-0.524871 1.86109 -1.56891 0.338992 0.13975 0.408392
-0.524871 1.86109 -1.56891 0.341362 0.140727 0.411248
-0.524871 1.86109 -1.56891 0.343733 0.141704 0.414104
-0.524871 1.86109 -1.56891 0.346103 0.142681 0.41696
-0.524871 1.86109 -1.56891 0.348474 0.143659 0.419816
-0.524871 1.86109 -1.56891 0.350844 0.144636 0.422672
-0.524871 1.86109 -1.56891 0.353215 0.145613 0.425528
-0.524871 1.86109 -1.56891 0.355586 0.146591 0.428384
-0.524871 1.86109 -1.56891 0.357956 0.147568 0.431239
-0.524871 1.86109 -1.56891 0.360327 0.148545 0.434095
-0.524871 1.86109 -1.56891 0.362697 0.149522 0.436951
-0.524871 1.86109 -1.56891 0.365068 0.1505 0.439807
-0.524871 1.86109 -1.56891 0.367438 0.151477 0.442663
-0.524871 1.86109 -1.56891 0.369809 0.152454 0.445519
-0.524871 1.86109 -1.56891 0.37218 0.153431 0.448375
-0.524871 1.86109 -1.56891 0.37455 0.154409 0.451231
-0.524871 1.86109 -1.56891 0.376921 0.155386 0.454087
-0.524871 1.86109 -1.56891 0.379291 0.156363 0.456942
-0.524871 1.86109 -1.56891 0.381662 0.157341 0.459798
-0.524871 1.86109 -1.56891 0.384032 0.158318 0.462654
-0.524871 1.86109 -1.56891 0.386403 0.159295 0.46551
-0.524871 1.86109 -1.56891 0.388774 0.160272 0.468366
-0.524871 1.86109 -1.56891 0.391144 0.16125 0.471222
-0.524871 1.86109 -1.56891 0.393515 0.162227 0.474078
-0.524871 1.86109 -1.56891 0.395885 0.163204 0.476934
-0.524871 1.86109 -1.56891 0.398256 0.164181 0.47979
-0.524871 1.86109 -1.56891 0.400626 0.165159 0.482645
-0.524871 1.86109 -1.56891 0.402997 0.166136 0.485501
-0.524871 1.86109 -1.56891 0.405368 0.167113 0.488357
-0.524871 1.86109 -1.56891 0.407738 0.16809 0.491213
-0.524871 1.86109 -1.56891 0.410109 0.169068 0.494069
-0.524871 1.86109 -1.56891 0.412479 0.170045 0.496925
-0.524871 1.86109 -1.56891 0.41485 0.171022 0.499781
-0.524871 1.86109 -1.56891 0.41722 0.172 0.502637
-0.524871 1.86109 -1.56891 0.419591 0.172977 0.505493
-0.524871 1.86109 -1.56891 0.421962 0.173954 0.508348
-0.524871 1.86109 -1.56891 0.424332 0.174931 0.511204
-0.524871 1.86109 -1.56891 0.426703 0.175909 0.51406
-0.524871 1.86109 -1.56891 0.429073 0.176886 0.516916
-0.524871 1.86109 -1.56891 0.431444 0.177863 0.519772
-0.524871 1.86109 -1.56891 0.433814 0.17884 0.522628
-0.524871 1.86109 -1.56891 0.436185 0.179818 0.525484
-0.524871 1.86109 -1.56891 0.438556 0.180795 0.52834
-0.524871 1.86109 -1.56891 0.440926 0.181772 0.531196
-0.524871 1.86109 -1.56891 0.443297 0.18275 0.534051
-0.524871 1.86109 -1.56891 0.445667 0.183727 0.536907
-0.524871 1.86109 -1.56891 0.448038 0.184704 0.539763
-0.524871 1.86109 -1.56891 0.450408 0.185681 0.542619
-0.524871 1.86109 -1.56891 0.452779 0.186659 0.545475
-0.524871 1.86109 -1.56891 0.45515 0.187636 0.548331
-0.524871 1.86109 -1.56891 0.45752 0.188613 0.551187
-0.524871 1.86109 -1.56891 0.459891 0.18959 0.554043
-0.524871 1.86109 -1.56891 0.462261 0.190568 0.556899
-0.524871 1.86109 -1.56891 0.464632 0.191545 0.559754
-0.524871 1.86109 -1.56891 0.467002 0.192522 0.56261
-0.524871 1.86109 -1.56891 0.469373 0.1935 0.565466
-0.524871 1.86109 -1.56891 0.471743 0.194477 0.568322
-0.524871 1.86109 -1.56891 0.474114 0.195454 0.571178
-0.524871 1.86109 -1.56891 0.476485 0.196431 0.574034
-0.524871 1.86109 -1.56891 0.478855 0.197409 0.57689
-0.524871 1.86109 -1.56891 0.481226 0.198386 0.579746
-0.524871 1.86109 -1.56891 0.483596 0.199363 0.582602
-0.524871 1.86109 -1.56891 0.485967 0.20034 0.585457
-0.524871 1.86109 -1.56891 0.488337 0.201318 0.588313
-0.524871 1.86109 -1.56891 0.490708 0.202295 0.591169
-0.524871 1.86109 -1.56891 0.493079 0.203272 0.594025
-0.524871 1.86109 -1.56891 0.495449 0.204249 0.596881
-0.524871 1.86109 -1.56891 0.49782 0.205227 0.599737
-0.524871 1.86109 -1.56891 0.50019 0.206204 0.602593
-0.524871 1.86109 -1.56891 0.502561 0.207181 0.605449
-0.524871 1.86109 -1.56891 0.504931 0.208159 0.608305
-0.524871 1.86109 -1.56891 0.507302 0.209136 0.61116
-0.524871 1.86109 -1.56891 0.509673 0.210113 0.614016
-0.524871 1.86109 -1.56891 0.512043 0.21109 0.616872
-0.524871 1.86109 -1.56891 0.514414 0.212068 0.619728
-0.524871 1.86109 -1.56891 0.516784 0.213045 0.622584
-0.524871 1.86109 -1.56891 0.519155 0.214022 0.62544
-0.524871 1.86109 -1.56891 0.521525 0.214999 0.628296
-0.524871 1.86109 -1.56891 0.523896 0.215977 0.631152
-0.524871 1.86109 -1.56891 0.526267 0.216954 0.634008
-0.524871 1.86109 -1.56891 0.528637 0.217931 0.636863
-0.524871 1.86109 -1.56891 0.531008 0.218909 0.639719
-0.524871 1.86109 -1.56891 0.533378 0.219886 0.642575
-0.524871 1.86109 -1.56891 0.535749 0.220863 0.645431
-0.524871 1.86109 -1.56891 0.538119 0.22184 0.648287
-0.524871 1.86109 -1.56891 0.54049 0.222818 0.651143
-0.524871 1.86109 -1.56891 0.542861 0.223795 0.653999
-0.524871 1.86109 -1.56891 0.545231 0.224772 0.656855
-0.524871 1.86109 -1.56891 0.547602 0.225749 0.659711
-0.524871 1.86109 -1.56891 0.549972 0.226727 0.662566
-0.524871 1.86109 -1.56891 0.552343 0.227704 0.665422
-0.524871 1.86109 -1.56891 0.554713 0.228681 0.668278
-0.524871 1.86109 -1.56891 0.557084 0.229659 0.671134
-0.524871 1.86109 -1.56891 0.559455 0.230636 0.67399
-0.524871 1.86109 -1.56891 0.561825 0.231613 0.676846
-0.524871 1.86109 -1.56891 0.564196 0.23259 0.679702
-0.524871 1.86109 -1.56891 0.566566 0.233568 0.682558
-0.524871 1.86109 -1.56891 0.568937 0.234545 0.685414
-0.524871 1.86109 -1.56891 0.571307 0.235522 0.688269
-0.524871 1.86109 -1.56891 0.573678 0.236499 0.691125
-0.524871 1.86109 -1.56891 0.576049 0.237477 0.693981
-0.524871 1.86109 -1.56891 0.578419 0.238454 0.696837
-0.524871 1.86109 -1.56891 0.58079 0.239431 0.699693
-0.524871 1.86109 -1.56891 0.58316 0.240409 0.702549
-0.524871 1.86109 -1.56891 0.585531 0.241386 0.705405
-0.524871 1.86109 -1.56891 0.587901 0.242363 0.708261
-0.524871 1.86109 -1.56891 0.590272 0.24334 0.711117
-0.524871 1.86109 -1.56891 0.592643 0.244318 0.713973
-0.524871 1.86109 -1.56891 0.595013 0.245295 0.716828
-0.524871 1.86109 -1.56891 0.597384 0.246272 0.719684
-0.524871 1.86109 -1.56891 0.599754 0.247249 0.72254
-0.524871 1.86109 -1.56891 0.602125 0.248227 0.725396
-0.524871 1.86109 -1.56891 0.604495 0.249204 0.728252
-0.524871 1.86109 -1.56891 0.606866 0.250181 0.731108
-0.524871 1.86109 -1.56891 0.609237 0.251158 0.733964
-0.524871 1.86109 -1.56891 0.611607 0.252136 0.73682
-0.524871 1.86109 -1.56891 0.613978 0.253113 0.739676
-0.524871 1.86109 -1.56891 0.616348 0.25409 0.742531
-0.524871 1.86109 -1.56891 0.618719 0.255068 0.745387
-0.524871 1.86109 -1.56891 0.621089 0.256045 0.748243
-0.524871 1.86109 -1.56891 0.62346 0.257022 0.751099
-0.524871 1.86109 -1.56891 0.625831 0.257999 0.753955
-0.524871 1.86109 -1.56891 0.628201 0.258977 0.756811
-0.524871 1.86109 -1.56891 0.630572 0.259954 0.759667
-0.524871 1.86109 -1.56891 0.632942 0.260931 0.762523
-0.524871 1.86109 -1.56891 0.635313 0.261908 0.765379
-0.524871 1.86109 -1.56891 0.637683 0.262886 0.768234
-0.524871 1.86109 -1.56891 0.640054 0.263863 0.77109
-0.524871 1.86109 -1.56891 0.642425 0.26484 0.773946
-0.524871 1.86109 -1.56891 0.644795 0.265818 0.776802
-0.524871 1.86109 -1.56891 0.647166 0.266795 0.779658
-0.524871 1.86109 -1.56891 0.649536 0.267772 0.782514
-0.524871 1.86109 -1.56891 0.651907 0.268749 0.78537
-0.524871 1.86109 -1.56891 0.654277 0.269727 0.788226
-0.524871 1.86109 -1.56891 0.656648 0.270704 0.791082
-0.524871 1.86109 -1.56891 0.659019 0.271681 0.793937
-0.524871 1.86109 -1.56891 0.661389 0.272658 0.796793
-0.524871 1.86109 -1.56891 0.66376 0.273636 0.799649
-0.524871 1.86109 -1.56891 0.66613 0.274613 0.802505
-0.524871 1.86109 -1.56891 0.668501 0.27559 0.805361
-0.524871 1.86109 -1.56891 0.670871 0.276568 0.808217
-0.524871 1.86109 -1.56891 0.673242 0.277545 0.811073
-0.524871 1.86109 -1.56891 0.675613 0.278522 0.813929
-0.524871 1.86109 -1.56891 0.677983 0.279499 0.816785
-0.524871 1.86109 -1.56891 0.680354 0.280477 0.81964
-0.524871 1.86109 -1.56891 0.682724 0.281454 0.822496
-0.524871 1.86109 -1.56891 0.685095 0.282431 0.825352
-0.524871 1.86109 -1.56891 0.687465 0.283408 0.828208
-0.524871 1.86109 -1.56891 0.689836 0.284386 0.831064
-0.524871 1.86109 -1.56891 0.692207 0.285363 0.83392
-0.524871 1.86109 -1.56891 0.694577 0.28634 0.836776
-0.524871 1.86109 -1.56891 0.696948 0.287317 0.839632
-0.524871 1.86109 -1.56891 0.699318 0.288295 0.842488
-0.524871 1.86109 -1.56891 0.701689 0.289272 0.845343
-0.524871 1.86109 -1.56891 0.704059 0.290249 0.848199
-0.524871 1.86109 -1.56891 0.70643 0.291227 0.851055
-0.524871 1.86109 -1.56891 0.708801 0.292204 0.853911
-0.524871 1.86109 -1.56891 0.711171 0.293181 0.856767
-0.524871 1.86109 -1.56891 0.713542 0.294158 0.859623
-0.524871 1.86109 -1.56891 0.715912 0.295136 0.862479
-0.524871 1.86109 -1.56891 0.718283 0.296113 0.865335
-0.524871 1.86109 -1.56891 0.720653 0.29709 0.868191
-0.524871 1.86109 -1.56891 0.723024 0.298067 0.871046
-0.524871 1.86109 -1.56891 0.725395 0.299045 0.873902
-0.524871 1.86109 -1.56891 0.727765 0.300022 0.876758
-0.524871 1.86109 -1.56891 0.730136 0.300999 0.879614
-0.524871 1.86109 -1.56891 0.732506 0.301977 0.88247
-0.524871 1.86109 -1.56891 0.734877 0.302954 0.885326
-0.524871 1.86109 -1.56891 0.737247 0.303931 0.888182
-0.524871 1.86109 -1.56891 0.739618 0.304908 0.891038
-0.524871 1.86109 -1.56891 0.741989 0.305886 0.893894
-0.524871 1.86109 -1.56891 0.744359 0.306863 0.896749
-0.524871 1.86109 -1.56891 0.74673 0.30784 0.899605
-0.524871 1.86109 -1.56891 0.7491 0.308817 0.902461
-0.524871 1.86109 -1.56891 0.751471 0.309795 0.905317
-0.524871 1.86109 -1.56891 0.753841 0.310772 0.908173
-0.524871 1.86109 -1.56891 0.756212 0.311749 0.911029
-0.524871 1.86109 -1.56891 0.758583 0.312727 0.913885
-0.524871 1.86109 -1.56891 0.760953 0.313704 0.916741
-0.524871 1.86109 -1.56891 0.763324 0.314681 0.919597
-0.524871 1.86109 -1.56891 0.765694 0.315658 0.922452
-0.524871 1.86109 -1.56891 0.768065 0.316636 0.925308
-0.524871 1.86109 -1.56891 0.770435 0.317613 0.928164
-0.524871 1.86109 -1.56891 0.772806 0.31859 0.93102
-0.524871 1.86109 -1.56891 0.775176 0.319567 0.933876
-0.524871 1.86109 -1.56891 0.777547 0.320545 0.936732
-0.524871 1.86109 -1.56891 0.779918 0.321522 0.939588
-0.524871 1.86109 -1.56891 0.782288 0.322499 0.942444
-0.524871 1.86109 -1.56891 0.784659 0.323476 0.9453
-0.524871 1.86109 -1.56891 0.787029 0.324454 0.948155
-0.524871 1.86109 -1.56891 0.7894 0.325431 0.951011
-0.524871 1.86109 -1.56891 0.79177 0.326408 0.953867
-0.524871 1.86109 -1.56891 0.794141 0.327386 0.956723
-0.524871 1.86109 -1.56891 0.796512 0.328363 0.959579
-0.524871 1.86109 -1.56891 0.798882 0.32934 0.962435
-0.524871 1.86109 -1.56891 0.801253 0.330317 0.965291
-0.524871 1.86109 -1.56891 0.803623 0.331295 0.968147
-0.524871 1.86109 -1.56891 0.805994 0.332272 0.971003
-0.524871 1.86109 -1.56891 0.808364 0.333249 0.973858
-0.524871 1.86109 -1.56891 0.810735 0.334226 0.976714
-0.524871 1.86109 -1.56891 0.813106 0.335204 0.97957
-0.524871 1.86109 -1.56891 0.815476 0.336181 0.982426
-0.524871 1.86109 -1.56891 0.817847 0.337158 0.985282
-0.524871 1.86109 -1.56891 0.820217 0.338136 0.988138
-0.524871 1.86109 -1.56891 0.822588 0.339113 0.990994
-0.524871 1.86109 -1.56891 0.824958 0.34009 0.99385
-0.524871 1.86109 -1.56891 0.827329 0.341067 0.996706
-0.524871 1.86109 -1.56891 0.8297 0.342045 0.999562
-0.524871 1.86109 -1.56891 0.83207 0.343022 1.00242
-0.524871 1.86109 -1.56891 0.834441 0.343999 1.00527
-0.524871 1.86109 -1.56891 0.836811 0.344976 1.00813
-0.524871 1.86109 -1.56891 0.839182 0.345954 1.01099
-0.524871 1.86109 -1.56891 0.841552 0.346931 1.01384
-0.524871 1.86109 -1.56891 0.843923 0.347908 1.0167
-0.524871 1.86109 -1.56891 0.846294 0.348886 1.01955
-0.524871 1.86109 -1.56891 0.848664 0.349863 1.02241
-0.524871 1.86109 -1.56891 0.851035 0.35084 1.02526
-0.524871 1.86109 -1.56891 0.853405 0.351817 1.02812
-0.524871 1.86109 -1.56891 0.855776 0.352795 1.03098
-0.524871 1.86109 -1.56891 0.858146 0.353772 1.03383
-0.524871 1.86109 -1.56891 0.860517 0.354749 1.03669
-0.524871 1.86109 -1.56891 0.862888 0.355726 1.03954
-0.524871 1.86109 -1.56891 0.865258 0.356704 1.0424
-0.524871 1.86109 -1.56891 0.867629 0.357681 1.04526
-0.524871 1.86109 -1.56891 0.869999 0.358658 1.04811
-0.524871 1.86109 -1.56891 0.87237 0.359635 1.05097
-0.524871 1.86109 -1.56891 0.87474 0.360613 1.05382
-0.524871 1.86109 -1.56891 0.877111 0.36159 1.05668
-0.524871 1.86109 -1.56891 0.879482 0.362567 1.05954
-0.524871 1.86109 -1.56891 0.881852 0.363545 1.06239
-0.524871 1.86109 -1.56891 0.884223 0.364522 1.06525
-0.524871 1.86109 -1.56891 0.886593 0.365499 1.0681
-0.524871 1.86109 -1.56891 0.888964 0.366476 1.07096
-0.524871 1.86109 -1.56891 0.891334 0.367454 1.07381
-0.524871 1.86109 -1.56891 0.893705 0.368431 1.07667
-0.524871 1.86109 -1.56891 0.896076 0.369408 1.07953
-0.524871 1.86109 -1.56891 0.898446 0.370385 1.08238
-0.524871 1.86109 -1.56891 0.900817 0.371363 1.08524
-0.524871 1.86109 -1.56891 0.903187 0.37234 1.08809
-0.524871 1.86109 -1.56891 0.905558 0.373317 1.09095
-0.524871 1.86109 -1.56891 0.907928 0.374295 1.09381
-0.524871 1.86109 -1.56891 0.910299 0.375272 1.09666
-0.524871 1.86109 -1.56891 0.91267 0.376249 1.09952
-0.524871 1.86109 -1.56891 0.91504 0.377226 1.10237
-0.524871 1.86109 -1.56891 0.917411 0.378204 1.10523
-0.524871 1.86109 -1.56891 0.919781 0.379181 1.10809
-0.524871 1.86109 -1.56891 0.922152 0.380158 1.11094
-0.524871 1.86109 -1.56891 0.924522 0.381135 1.1138
-0.524871 1.86109 -1.56891 0.926893 0.382113 1.11665
-0.524871 1.86109 -1.56891 0.929264 0.38309 1.11951
-0.524871 1.86109 -1.56891 0.931634 0.384067 1.12236
-0.524871 1.86109 -1.56891 0.934005 0.385045 1.12522
-0.524871 1.86109 -1.56891 0.936375 0.386022 1.12808
-0.524871 1.86109 -1.56891 0.938746 0.386999 1.13093
-0.524871 1.86109 -1.56891 0.941116 0.387976 1.13379
-0.524871 1.86109 -1.56891 0.943487 0.388954 1.13664
-0.524871 1.86109 -1.56891 0.945858 0.389931 1.1395
-0.524871 1.86109 -1.56891 0.948228 0.390908 1.14236
-0.524871 1.86109 -1.56891 0.950599 0.391885 1.14521
-0.524871 1.86109 -1.56891 0.952969 0.392863 1.14807
-0.524871 1.86109 -1.56891 0.95534 0.39384 1.15092
-0.524871 1.86109 -1.56891 0.95771 0.394817 1.15378
-0.524871 1.86109 -1.56891 0.960081 0.395794 1.15664
-0.524871 1.86109 -1.56891 0.962452 0.396772 1.15949
-0.524871 1.86109 -1.56891 0.964822 0.397749 1.16235
-0.524871 1.86109 -1.56891 0.967193 0.398726 1.1652
-0.524871 1.86109 -1.56891 0.969563 0.399704 1.16806
-0.524871 1.86109 -1.56891 0.971934 0.400681 1.17091
-0.524871 1.86109 -1.56891 0.974304 0.401658 1.17377
-0.524871 1.86109 -1.56891 0.976675 0.402635 1.17663
-0.524871 1.86109 -1.56891 0.979046 0.403613 1.17948
-0.524871 1.86109 -1.56891 0.981416 0.40459 1.18234
-0.524871 1.86109 -1.56891 0.983787 0.405567 1.18519
-0.524871 1.86109 -1.56891 0.986157 0.406544 1.18805
-0.524871 1.86109 -1.56891 0.988528 0.407522 1.19091
-0.524871 1.86109 -1.56891 0.990898 0.408499 1.19376
-0.524871 1.86109 -1.56891 0.993269 0.409476 1.19662
-0.524871 1.86109 -1.56891 0.99564 0.410454 1.19947
-0.524871 1.86109 -1.56891 0.99801 0.411431 1.20233
-0.524871 1.86109 -1.56891 1.00038 0.412408 1.20519
-0.524871 1.86109 -1.56891 1.00275 0.413385 1.20804
-0.524871 1.86109 -1.56891 1.00512 0.414363 1.2109
-0.524871 1.86109 -1.56891 1.00749 0.41534 1.21375
-0.524871 1.86109 -1.56891 1.00986 0.416317 1.21661
-0.524871 1.86109 -1.56891 1.01223 0.417294 1.21947
-0.524871 1.86109 -1.56891 1.0146 0.418272 1.22232
-0.524871 1.86109 -1.56891 1.01697 0.419249 1.22518
-0.524871 1.86109 -1.56891 1.01935 0.420226 1.22803
-0.524871 1.86109 -1.56891 1.02172 0.421204 1.23089
-0.524871 1.86109 -1.56891 1.02409 0.422181 1.23374
-0.524871 1.86109 -1.56891 1.02646 0.423158 1.2366
-0.524871 1.86109 -1.56891 1.02883 0.424135 1.23946
-0.524871 1.86109 -1.56891 1.0312 0.425113 1.24231
-0.524871 1.86109 -1.56891 1.03357 0.42609 1.24517
-0.524871 1.86109 -1.56891 1.03594 0.427067 1.24802
-0.524871 1.86109 -1.56891 1.03831 0.428044 1.25088
-0.524871 1.86109 -1.56891 1.04068 0.429022 1.25374
-0.524871 1.86109 -1.56891 1.04305 0.429999 1.25659
-0.524871 1.86109 -1.56891 1.04542 0.430976 1.25945
-0.524871 1.86109 -1.56891 1.04779 0.431953 1.2623
-0.524871 1.86109 -1.56891 1.05016 0.432931 1.26516
-0.524871 1.86109 -1.56891 1.05253 0.433908 1.26802
-0.524871 1.86109 -1.56891 1.0549 0.434885 1.27087
-0.524871 1.86109 -1.56891 1.05727 0.435863 1.27373
-0.524871 1.86109 -1.56891 1.05964 0.43684 1.27658
-0.524871 1.86109 -1.56891 1.06202 0.437817 1.27944
-0.524871 1.86109 -1.56891 1.06439 0.438794 1.28229
-0.524871 1.86109 -1.56891 1.06676 0.439772 1.28515
-0.524871 1.86109 -1.56891 1.06913 0.440749 1.28801
-0.524871 1.86109 -1.56891 1.0715 0.441726 1.29086
-0.524871 1.86109 -1.56891 1.07387 0.442703 1.29372
-0.524871 1.86109 -1.56891 1.07624 0.443681 1.29657
-0.524871 1.86109 -1.56891 1.07861 0.444658 1.29943
-0.524871 1.86109 -1.56891 1.08098 0.445635 1.30229
-0.524871 1.86109 -1.56891 1.08335 0.446613 1.30514
-0.524871 1.86109 -1.56891 1.08572 0.44759 1.308
-0.524871 1.86109 -1.56891 1.08809 0.448567 1.31085
-0.524871 1.86109 -1.56891 1.09046 0.449544 1.31371
-0.524871 1.86109 -1.56891 1.09283 0.450522 1.31657
-0.524871 1.86109 -1.56891 1.0952 0.451499 1.31942
-0.524871 1.86109 -1.56891 1.09757 0.452476 1.32228
-0.524871 1.86109 -1.56891 1.09994 0.453453 1.32513
-0.524871 1.86109 -1.56891 1.10232 0.454431 1.32799
-0.524871 1.86109 -1.56891 1.10469 0.455408 1.33084
-0.524871 1.86109 -1.56891 1.10706 0.456385 1.3337
-0.524871 1.86109 -1.56891 1.10943 0.457363 1.33656
-0.524871 1.86109 -1.56891 1.1118 0.45834 1.33941
-0.524871 1.86109 -1.56891 1.11417 0.459317 1.34227
-0.524871 1.86109 -1.56891 1.11654 0.460294 1.34512
-0.524871 1.86109 -1.56891 1.11891 0.461272 1.34798
-0.524871 1.86109 -1.56891 1.12128 0.462249 1.35084
-0.524871 1.86109 -1.56891 1.12365 0.463226 1.35369
-0.524871 1.86109 -1.56891 1.12602 0.464203 1.35655
-0.524871 1.86109 -1.56891 1.12839 0.465181 1.3594
-0.524871 1.86109 -1.56891 1.13076 0.466158 1.36226
-0.524871 1.86109 -1.56891 1.13313 0.467135 1.36512
-0.524871 1.86109 -1.56891 1.1355 0.468112 1.36797
-0.524871 1.86109 -1.56891 1.13787 0.46909 1.37083
-0.524871 1.86109 -1.56891 1.14024 0.470067 1.37368
-0.524871 1.86109 -1.56891 1.14261 0.471044 1.37654
-0.524871 1.86109 -1.56891 1.14499 0.472022 1.37939
-0.524871 1.86109 -1.56891 1.14736 0.472999 1.38225
-0.524871 1.86109 -1.56891 1.14973 0.473976 1.38511
-0.524871 1.86109 -1.56891 1.1521 0.474953 1.38796
-0.524871 1.86109 -1.56891 1.15447 0.475931 1.39082
-0.524871 1.86109 -1.56891 1.15684 0.476908 1.39367
-0.524871 1.86109 -1.56891 1.15921 0.477885 1.39653
-0.524871 1.86109 -1.56891 1.16158 0.478862 1.39939
-0.524871 1.86109 -1.56891 1.16395 0.47984 1.40224
-0.524871 1.86109 -1.56891 1.16632 0.480817 1.4051
-0.524871 1.86109 -1.56891 1.16869 0.481794 1.40795
-0.524871 1.86109 -1.56891 1.17106 0.482772 1.41081
-0.524871 1.86109 -1.56891 1.17343 0.483749 1.41367
-0.524871 1.86109 -1.56891 1.1758 0.484726 1.41652
-0.524871 1.86109 -1.56891 1.17817 0.485703 1.41938
-0.524871 1.86109 -1.56891 1.18054 0.486681 1.42223
-0.524871 1.86109 -1.56891 1.18291 0.487658 1.42509
-0.524871 1.86109 -1.56891 1.18529 0.488635 1.42795
-0.524871 1.86109 -1.56891 1.18766 0.489612 1.4308
-0.524871 1.86109 -1.56891 1.19003 0.49059 1.43366
-0.524871 1.86109 -1.56891 1.1924 0.491567 1.43651
-0.524871 1.86109 -1.56891 1.19477 0.492544 1.43937
-0.524871 1.86109 -1.56891 1.19714 0.493522 1.44222
-0.524871 1.86109 -1.56891 1.19951 0.494499 1.44508
-0.524871 1.86109 -1.56891 1.20188 0.495476 1.44794
-0.524871 1.86109 -1.56891 1.20425 0.496453 1.45079
-0.524871 1.86109 -1.56891 1.20662 0.497431 1.45365
-0.524871 1.86109 -1.56891 1.20899 0.498408 1.4565
-0.524871 1.86109 -1.56891 1.21136 0.499385 1.45936
-0.524871 1.86109 -1.56891 1.21373 0.500362 1.46222
-0.524871 1.86109 -1.56891 1.2161 0.50134 1.46507
-0.524871 1.86109 -1.56891 1.21847 0.502317 1.46793
-0.524871 1.86109 -1.56891 1.22084 0.503294 1.47078
-0.524871 1.86109 -1.56891 1.22321 0.504271 1.47364
-0.524871 1.86109 -1.56891 1.22558 0.505249 1.4765
-0.524871 1.86109 -1.56891 1.22796 0.506226 1.47935
-0.524871 1.86109 -1.56891 1.23033 0.507203 1.48221
-0.524871 1.86109 -1.56891 1.2327 0.508181 1.48506
-0.524871 1.86109 -1.56891 1.23507 0.509158 1.48792
-0.524871 1.86109 -1.56891 1.23744 0.510135 1.49077
-0.524871 1.86109 -1.56891 1.23981 0.511112 1.49363
-0.524871 1.86109 -1.56891 1.24218 0.51209 1.49649
-0.524871 1.86109 -1.56891 1.24455 0.513067 1.49934
-0.524871 1.86109 -1.56891 1.24692 0.514044 1.5022
-0.524871 1.86109 -1.56891 1.24929 0.515021 1.50505
-0.524871 1.86109 -1.56891 1.25166 0.515999 1.50791
-0.524871 1.86109 -1.56891 1.25403 0.516976 1.51077
-0.524871 1.86109 -1.56891 1.2564 0.517953 1.51362
-0.524871 1.86109 -1.56891 1.25877 0.518931 1.51648
-0.524871 1.86109 -1.56891 1.26114 0.519908 1.51933
-0.524871 1.86109 -1.56891 1.26351 0.520885 1.52219
-0.524871 1.86109 -1.56891 1.26588 0.521862 1.52505
-0.524871 1.86109 -1.56891 1.26826 0.52284 1.5279
-0.524871 1.86109 -1.56891 1.27063 0.523817 1.53076
-0.524871 1.86109 -1.56891 1.273 0.524794 1.53361
-0.524871 1.86109 -1.56891 1.27537 0.525771 1.53647
-0.524871 1.86109 -1.56891 1.27774 0.526749 1.53932
-0.524871 1.86109 -1.56891 1.28011 0.527726 1.54218
-0.524871 1.86109 -1.56891 1.28248 0.528703 1.54504
-0.524871 1.86109 -1.56891 1.28485 0.529681 1.54789
-0.524871 1.86109 -1.56891 1.28722 0.530658 1.55075
-0.524871 1.86109 -1.56891 1.28959 0.531635 1.5536
-0.524871 1.86109 -1.56891 1.29196 0.532612 1.55646
-0.524871 1.86109 -1.56891 1.29433 0.53359 1.55932
-0.524871 1.86109 -1.56891 1.2967 0.534567 1.56217
-0.524871 1.86109 -1.56891 1.29907 0.535544 1.56503
-0.524871 1.86109 -1.56891 1.30144 0.536521 1.56788
-0.524871 1.86109 -1.56891 1.30381 0.537499 1.57074
-0.524871 1.86109 -1.56891 1.30618 0.538476 1.5736
-0.524871 1.86109 -1.56891 1.30855 0.539453 1.57645
-0.524871 1.86109 -1.56891 1.31093 0.54043 1.57931
-0.524871 1.86109 -1.56891 1.3133 0.541408 1.58216
-0.524871 1.86109 -1.56891 1.31567 0.542385 1.58502
-0.524871 1.86109 -1.56891 1.31804 0.543362 1.58787
-0.524871 1.86109 -1.56891 1.32041 0.54434 1.59073
-0.524871 1.86109 -1.56891 1.32278 0.545317 1.59359
-0.524871 1.86109 -1.56891 1.32515 0.546294 1.59644
-0.524871 1.86109 -1.56891 1.32752 0.547271 1.5993
-0.524871 1.86109 -1.56891 1.32989 0.548249 1.60215
-0.524871 1.86109 -1.56891 1.33226 0.549226 1.60501
-0.524871 1.86109 -1.56891 1.33463 0.550203 1.60787
-0.524871 1.86109 -1.56891 1.337 0.55118 1.61072
-0.524871 1.86109 -1.56891 1.33937 0.552158 1.61358
-0.524871 1.86109 -1.56891 1.34174 0.553135 1.61643
-0.524871 1.86109 -1.56891 1.34411 0.554112 1.61929
-0.524871 1.86109 -1.56891 1.34648 0.55509 1.62215
-0.524871 1.86109 -1.56891 1.34885 0.556067 1.625
-0.524871 1.86109 -1.56891 1.35123 0.557044 1.62786
-0.524871 1.86109 -1.56891 1.3536 0.558021 1.63071
-0.524871 1.86109 -1.56891 1.35597 0.558999 1.63357
-0.524871 1.86109 -1.56891 1.35834 0.559976 1.63642
-0.524871 1.86109 -1.56891 1.36071 0.560953 1.63928
-0.524871 1.86109 -1.56891 1.36308 0.56193 1.64214
-0.524871 1.86109 -1.56891 1.36545 0.562908 1.64499
-0.524871 1.86109 -1.56891 1.36782 0.563885 1.64785
-0.524871 1.86109 -1.56891 1.37019 0.564862 1.6507
-0.524871 1.86109 -1.56891 1.37256 0.56584 1.65356
-0.524871 1.86109 -1.56891 1.37493 0.566817 1.65642
-0.524871 1.86109 -1.56891 1.3773 0.567794 1.65927
-0.524871 1.86109 -1.56891 1.37967 0.568771 1.66213
-0.524871 1.86109 -1.56891 1.38204 0.569749 1.66498
-0.524871 1.86109 -1.56891 1.38441 0.570726 1.66784
-0.524871 1.86109 -1.56891 1.38678 0.571703 1.6707
-0.524871 1.86109 -1.56891 1.38915 0.57268 1.67355
-0.524871 1.86109 -1.56891 1.39152 0.573658 1.67641
-0.524871 1.86109 -1.56891 1.3939 0.574635 1.67926
-0.524871 1.86109 -1.56891 1.39627 0.575612 1.68212
-0.524871 1.86109 -1.56891 1.39864 0.576589 1.68498
-0.524871 1.86109 -1.56891 1.40101 0.577567 1.68783
-0.524871 1.86109 -1.56891 1.40338 0.578544 1.69069
-0.524871 1.86109 -1.56891 1.40575 0.579521 1.69354
-0.524871 1.86109 -1.56891 1.40812 0.580499 1.6964
-0.524871 1.86109 -1.56891 1.41049 0.581476 1.69925
-0.524871 1.86109 -1.56891 1.41286 0.582453 1.70211
-0.524871 1.86109 -1.56891 1.41523 0.58343 1.70497
-0.524871 1.86109 -1.56891 1.4176 0.584408 1.70782
-0.524871 1.86109 -1.56891 1.41997 0.585385 1.71068
-0.524871 1.86109 -1.56891 1.42234 0.586362 1.71353
-0.524871 1.86109 -1.56891 1.42471 0.587339 1.71639
-0.524871 1.86109 -1.56891 1.42708 0.588317 1.71925
-0.524871 1.86109 -1.56891 1.42945 0.589294 1.7221
-0.524871 1.86109 -1.56891 1.43182 0.590271 1.72496
-0.524871 1.86109 -1.56891 1.4342 0.591249 1.72781
-0.524871 1.86109 -1.56891 1.43657 0.592226 1.73067
-0.524871 1.86109 -1.56891 1.43894 0.593203 1.73353
-0.524871 1.86109 -1.56891 1.44131 0.59418 1.73638
-0.524871 1.86109 -1.56891 1.44368 0.595158 1.73924
-0.524871 1.86109 -1.56891 1.44605 0.596135 1.74209
-0.524871 1.86109 -1.56891 1.44842 0.597112 1.74495
-0.524871 1.86109 -1.56891 1.45079 0.598089 1.7478
-0.524871 1.86109 -1.56891 1.45316 0.599067 1.75066
-0.524871 1.86109 -1.56891 1.45553 0.600044 1.75352
-0.524871 1.86109 -1.56891 1.4579 0.601021 1.75637
-0.524871 1.86109 -1.56891 1.46027 0.601999 1.75923
-0.524871 1.86109 -1.56891 1.46264 0.602976 1.76208
-0.524871 1.86109 -1.56891 1.46501 0.603953 1.76494
-0.524871 1.86109 -1.56891 1.46738 0.60493 1.7678
-0.524871 1.86109 -1.56891 1.46975 0.605908 1.77065
-0.524871 1.86109 -1.56891 1.47212 0.606885 1.77351
-0.524871 1.86109 -1.56891 1.47449 0.607862 1.77636
-0.524871 1.86109 -1.56891 1.47687 0.608839 1.77922
-0.524871 1.86109 -1.56891 1.47924 0.609817 1.78208
-0.524871 1.86109 -1.56891 1.48161 0.610794 1.78493
-0.524871 1.86109 -1.56891 1.48398 0.611771 1.78779
-0.524871 1.86109 -1.56891 1.48635 0.612748 1.79064
-0.524871 1.86109 -1.56891 1.48872 0.613726 1.7935
-0.524871 1.86109 -1.56891 1.49109 0.614703 1.79635
-0.524871 1.86109 -1.56891 1.49346 0.61568 1.79921
-0.524871 1.86109 -1.56891 1.49583 0.616658 1.80207
-0.524871 1.86109 -1.56891 1.4982 0.617635 1.80492
-0.524871 1.86109 -1.56891 1.50057 0.618612 1.80778
-0.524871 1.86109 -1.56891 1.50294 0.619589 1.81063
-0.524871 1.86109 -1.56891 1.50531 0.620567 1.81349
-0.524871 1.86109 -1.56891 1.50768 0.621544 1.81635
-0.524871 1.86109 -1.56891 1.51005 0.622521 1.8192
-0.524871 1.86109 -1.56891 1.51242 0.623498 1.82206
-0.524871 1.86109 -1.56891 1.51479 0.624476 1.82491
-0.524871 1.86109 -1.56891 1.51717 0.625453 1.82777
-0.524871 1.86109 -1.56891 1.51954 0.62643 1.83063
-0.524871 1.86109 -1.56891 1.52191 0.627408 1.83348
-0.524871 1.86109 -1.56891 1.52428 0.628385 1.83634
-0.524871 1.86109 -1.56891 1.52665 0.629362 1.83919
-0.524871 1.86109 -1.56891 1.52902 0.630339 1.84205
-0.524871 1.86109 -1.56891 1.53139 0.631317 1.8449
-0.524871 1.86109 -1.56891 1.53376 0.632294 1.84776
-0.524871 1.86109 -1.56891 1.53613 0.633271 1.85062
-0.524871 1.86109 -1.56891 1.5385 0.634248 1.85347
-0.524871 1.86109 -1.56891 1.54087 0.635226 1.85633
-0.524871 1.86109 -1.56891 1.54324 0.636203 1.85918
-0.524871 1.86109 -1.56891 1.54561 0.63718 1.86204
-0.524871 1.86109 -1.56891 1.54798 0.638158 1.8649
-0.524871 1.86109 -1.56891 1.55035 0.639135 1.86775
-0.524871 1.86109 -1.56891 1.55272 0.640112 1.87061
-0.524871 1.86109 -1.56891 1.55509 0.641089 1.87346
-0.524871 1.86109 -1.56891 1.55746 0.642067 1.87632
-0.524871 1.86109 -1.56891 1.55984 0.643044 1.87918
-0.524871 1.86109 -1.56891 1.56221 0.644021 1.88203
-0.524871 1.86109 -1.56891 1.56458 0.644998 1.88489
-0.524871 1.86109 -1.56891 1.56695 0.645976 1.88774
-0.524871 1.86109 -1.56891 1.56932 0.646953 1.8906
-0.524871 1.86109 -1.56891 1.57169 0.64793 1.89346
-0.524871 1.86109 -1.56891 1.57406 0.648908 1.89631
-0.524871 1.86109 -1.56891 1.57643 0.649885 1.89917
-0.524871 1.86109 -1.56891 1.5788 0.650862 1.90202
-0.524871 1.86109 -1.56891 1.58117 0.651839 1.90488
-0.524871 1.86109 -1.56891 1.58354 0.652817 1.90773
-0.524871 1.86109 -1.56891 1.58591 0.653794 1.91059
-0.524871 1.86109 -1.56891 1.58828 0.654771 1.91345
-0.524871 1.86109 -1.56891 1.59065 0.655748 1.9163
-0.524871 1.86109 -1.56891 1.59302 0.656726 1.91916
-0.524871 1.86109 -1.56891 1.59539 0.657703 1.92201
-0.524871 1.86109 -1.56891 1.59776 0.65868 1.92487
-0.524871 1.86109 -1.56891 1.60013 0.659657 1.92773
-0.524871 1.86109 -1.56891 1.60251 0.660635 1.93058
-0.524871 1.86109 -1.56891 1.60488 0.661612 1.93344
-0.524871 1.86109 -1.56891 1.60725 0.662589 1.93629
-0.524871 1.86109 -1.56891 1.60962 0.663567 1.93915
-0.524871 1.86109 -1.56891 1.61199 0.664544 1.94201
-0.524871 1.86109 -1.56891 1.61436 0.665521 1.94486
-0.524871 1.86109 -1.56891 1.61673 0.666498 1.94772
-0.524871 1.86109 -1.56891 1.6191 0.667476 1.95057
-0.524871 1.86109 -1.56891 1.62147 0.668453 1.95343
-0.524871 1.86109 -1.56891 1.62384 0.66943 1.95628
-0.524871 1.86109 -1.56891 1.62621 0.670407 1.95914
-0.524871 1.86109 -1.56891 1.62858 0.671385 1.962
-0.524871 1.86109 -1.56891 1.63095 0.672362 1.96485
-0.524871 1.86109 -1.56891 1.63332 0.673339 1.96771
-0.524871 1.86109 -1.56891 1.63569 0.674317 1.97056
-0.524871 1.86109 -1.56891 1.63806 0.675294 1.97342
-0.524871 1.86109 -1.56891 1.64043 0.676271 1.97628
-0.524871 1.86109 -1.56891 1.64281 0.677248 1.97913
-0.524871 1.86109 -1.56891 1.64518 0.678226 1.98199
-0.524871 1.86109 -1.56891 1.64755 0.679203 1.98484
-0.524871 1.86109 -1.56891 1.64992 0.68018 1.9877
-0.524871 1.86109 -1.56891 1.65229 0.681157 1.99056
-0.524871 1.86109 -1.56891 1.65466 0.682135 1.99341
-0.524871 1.86109 -1.56891 1.65703 0.683112 1.99627
-0.524871 1.86109 -1.56891 1.6594 0.684089 1.99912
-0.524871 1.86109 -1.56891 1.66177 0.685067 2.00198
-0.524871 1.86109 -1.56891 1.66414 0.686044 2.00483
-0.524871 1.86109 -1.56891 1.66651 0.687021 2.00769
-0.524871 1.86109 -1.56891 1.66888 0.687998 2.01055
-0.524871 1.86109 -1.56891 1.67125 0.688976 2.0134
-0.524871 1.86109 -1.56891 1.67362 0.689953 2.01626
-0.524871 1.86109 -1.56891 1.67599 0.69093 2.01911
-0.524871 1.86109 -1.56891 1.67836 0.691907 2.02197
-0.524871 1.86109 -1.56891 1.68073 0.692885 2.02483
-0.524871 1.86109 -1.56891 1.6831 0.693862 2.02768
-0.524871 1.86109 -1.56891 1.68548 0.694839 2.03054
-0.524871 1.86109 -1.56891 1.68785 0.695816 2.03339
-0.524871 1.86109 -1.56891 1.69022 0.696794 2.03625
-0.524871 1.86109 -1.56891 1.69259 0.697771 2.03911
-0.524871 1.86109 -1.56891 1.69496 0.698748 2.04196
-0.524871 1.86109 -1.56891 1.69733 0.699726 2.04482
-0.524871 1.86109 -1.56891 1.6997 0.700703 2.04767
-0.524871 1.86109 -1.56891 1.70207 0.70168 2.05053
-0.524871 1.86109 -1.56891 1.70444 0.702657 2.05338
-0.524871 1.86109 -1.56891 1.70681 0.703635 2.05624
-0.524871 1.86109 -1.56891 1.70918 0.704612 2.0591
-0.524871 1.86109 -1.56891 1.71155 0.705589 2.06195
-0.524871 1.86109 -1.56891 1.71392 0.706566 2.06481
-0.524871 1.86109 -1.56891 1.71629 0.707544 2.06766
-0.524871 1.86109 -1.56891 1.71866 0.708521 2.07052
-0.524871 1.86109 -1.56891 1.72103 0.709498 2.07338
-0.524871 1.86109 -1.56891 1.7234 0.710476 2.07623
-0.524871 1.86109 -1.56891 1.72578 0.711453 2.07909
-0.524871 1.86109 -1.56891 1.72815 0.71243 2.08194
-0.524871 1.86109 -1.56891 1.73052 0.713407 2.0848
-0.524871 1.86109 -1.56891 1.73289 0.714385 2.08766
-0.524871 1.86109 -1.56891 1.73526 0.715362 2.09051
-0.524871 1.86109 -1.56891 1.73763 0.716339 2.09337
-0.524871 1.86109 -1.56891 1.74 0.717316 2.09622
-0.524871 1.86109 -1.56891 1.74237 0.718294 2.09908
-0.524871 1.86109 -1.56891 1.74474 0.719271 2.10194
-0.524871 1.86109 -1.56891 1.74711 0.720248 2.10479
-0.524871 1.86109 -1.56891 1.74948 0.721226 2.10765
-0.524871 1.86109 -1.56891 1.75185 0.722203 2.1105
-0.524871 1.86109 -1.56891 1.75422 0.72318 2.11336
-0.524871 1.86109 -1.56891 1.75659 0.724157 2.11621
-0.524871 1.86109 -1.56891 1.75896 0.725135 2.11907
-0.524871 1.86109 -1.56891 1.76133 0.726112 2.12193
-0.524871 1.86109 -1.56891 1.7637 0.727089 2.12478
-0.524871 1.86109 -1.56891 1.76607 0.728066 2.12764
-0.524871 1.86109 -1.56891 1.76845 0.729044 2.13049
-0.524871 1.86109 -1.56891 1.77082 0.730021 2.13335
-0.524871 1.86109 -1.56891 1.77319 0.730998 2.13621
-0.524871 1.86109 -1.56891 1.77556 0.731975 2.13906
-0.524871 1.86109 -1.56891 1.77793 0.732953 2.14192
-0.524871 1.86109 -1.56891 1.7803 0.73393 2.14477
-0.524871 1.86109 -1.56891 1.78267 0.734907 2.14763
-0.524871 1.86109 -1.56891 1.78504 0.735885 2.15049
-0.524871 1.86109 -1.56891 1.78741 0.736862 2.15334
-0.524871 1.86109 -1.56891 1.78978 0.737839 2.1562
-0.524871 1.86109 -1.56891 1.79215 0.738816 2.15905
-0.524871 1.86109 -1.56891 1.79452 0.739794 2.16191
-0.524871 1.86109 -1.56891 1.79689 0.740771 2.16476
-0.524871 1.86109 -1.56891 1.79926 0.741748 2.16762
-0.524871 1.86109 -1.56891 1.80163 0.742725 2.17048
-0.524871 1.86109 -1.56891 1.804 0.743703 2.17333
-0.524871 1.86109 -1.56891 1.80637 0.74468 2.17619
-0.524871 1.86109 -1.56891 1.80875 0.745657 2.17904
-0.524871 1.86109 -1.56891 1.81112 0.746635 2.1819
-0.524871 1.86109 -1.56891 1.81349 0.747612 2.18476
-0.524871 1.86109 -1.56891 1.81586 0.748589 2.18761
-0.524871 1.86109 -1.56891 1.81823 0.749566 2.19047
-0.524871 1.86109 -1.56891 1.8206 0.750544 2.19332
-0.524871 1.86109 -1.56891 1.82297 0.751521 2.19618
-0.524871 1.86109 -1.56891 1.82534 0.752498 2.19904
-0.524871 1.86109 -1.56891 1.82771 0.753475 2.20189
-0.524871 1.86109 -1.56891 1.83008 0.754453 2.20475
-0.524871 1.86109 -1.56891 1.83245 0.75543 2.2076
-0.524871 1.86109 -1.56891 1.83482 0.756407 2.21046
-0.524871 1.86109 -1.56891 1.83719 0.757385 2.21331
-0.524871 1.86109 -1.56891 1.83956 0.758362 2.21617
-0.524871 1.86109 -1.56891 1.84193 0.759339 2.21903
-0.524871 1.86109 -1.56891 1.8443 0.760316 2.22188
-0.524871 1.86109 -1.56891 1.84667 0.761294 2.22474
-0.524871 1.86109 -1.56891 1.84904 0.762271 2.22759
-0.524871 1.86109 -1.56891 1.85142 0.763248 2.23045
-0.524871 1.86109 -1.56891 1.85379 0.764225 2.23331
-0.524871 1.86109 -1.56891 1.85616 0.765203 2.23616
-0.524871 1.86109 -1.56891 1.85853 0.76618 2.23902
-0.524871 1.86109 -1.56891 1.8609 0.767157 2.24187
-0.524871 1.86109 -1.56891 1.86327 0.768134 2.24473
-0.524871 1.86109 -1.56891 1.86564 0.769112 2.24759
-0.524871 1.86109 -1.56891 1.86801 0.770089 2.25044
-0.524871 1.86109 -1.56891 1.87038 0.771066 2.2533
-0.524871 1.86109 -1.56891 1.87275 0.772044 2.25615
-0.524871 1.86109 -1.56891 1.87512 0.773021 2.25901
-0.524871 1.86109 -1.56891 1.87749 0.773998 2.26186
-0.524871 1.86109 -1.56891 1.87986 0.774975 2.26472
-0.524871 1.86109 -1.56891 1.88223 0.775953 2.26758
-0.524871 1.86109 -1.56891 1.8846 0.77693 2.27043
-0.524871 1.86109 -1.56891 1.88697 0.777907 2.27329
-0.524871 1.86109 -1.56891 1.88934 0.778884 2.27614
-0.524871 1.86109 -1.56891 1.89172 0.779862 2.279
-0.524871 1.86109 -1.56891 1.89409 0.780839 2.28186
-0.524871 1.86109 -1.56891 1.89646 0.781816 2.28471
-0.524871 1.86109 -1.56891 1.89883 0.782794 2.28757
-0.524871 1.86109 -1.56891 1.9012 0.783771 2.29042
-0.524871 1.86109 -1.56891 1.90357 0.784748 2.29328
-0.524871 1.86109 -1.56891 1.90594 0.785725 2.29614
-0.524871 1.86109 -1.56891 1.90831 0.786703 2.29899
-0.524871 1.86109 -1.56891 1.91068 0.78768 2.30185
-0.524871 1.86109 -1.56891 1.91305 0.788657 2.3047
-0.524871 1.86109 -1.56891 1.91542 0.789634 2.30756
-0.524871 1.86109 -1.56891 1.91779 0.790612 2.31042
-0.524871 1.86109 -1.56891 1.92016 0.791589 2.31327
-0.524871 1.86109 -1.56891 1.92253 0.792566 2.31613
-0.524871 1.86109 -1.56891 1.9249 0.793544 2.31898
-0.524871 1.86109 -1.56891 1.92727 0.794521 2.32184
-0.524871 1.86109 -1.56891 1.92964 0.795498 2.32469
-0.524871 1.86109 -1.56891 1.93201 0.796475 2.32755
-0.524871 1.86109 -1.56891 1.93439 0.797453 2.33041
-0.524871 1.86109 -1.56891 1.93676 0.79843 2.33326
-0.524871 1.86109 -1.56891 1.93913 0.799407 2.33612
-0.524871 1.86109 -1.56891 1.9415 0.800384 2.33897
-0.524871 1.86109 -1.56891 1.94387 0.801362 2.34183
-0.524871 1.86109 -1.56891 1.94624 0.802339 2.34469
-0.524871 1.86109 -1.56891 1.94861 0.803316 2.34754
-0.524871 1.86109 -1.56891 1.95098 0.804293 2.3504
-0.524871 1.86109 -1.56891 1.95335 0.805271 2.35325
-0.524871 1.86109 -1.56891 1.95572 0.806248 2.35611
-0.524871 1.86109 -1.56891 1.95809 0.807225 2.35897
-0.524871 1.86109 -1.56891 1.96046 0.808203 2.36182
-0.524871 1.86109 -1.56891 1.96283 0.80918 2.36468
-0.524871 1.86109 -1.56891 1.9652 0.810157 2.36753
-0.524871 1.86109 -1.56891 1.96757 0.811134 2.37039
-0.524871 1.86109 -1.56891 1.96994 0.812112 2.37324
-0.524871 1.86109 -1.56891 1.97231 0.813089 2.3761
-0.524871 1.86109 -1.56891 1.97469 0.814066 2.37896
-0.524871 1.86109 -1.56891 1.97706 0.815043 2.38181
-0.524871 1.86109 -1.56891 1.97943 0.816021 2.38467
-0.524871 1.86109 -1.56891 1.9818 0.816998 2.38752
-0.524871 1.86109 -1.56891 1.98417 0.817975 2.39038
-0.524871 1.86109 -1.56891 1.98654 0.818953 2.39324
-0.524871 1.86109 -1.56891 1.98891 0.81993 2.39609
-0.524871 1.86109 -1.56891 1.99128 0.820907 2.39895
-0.524871 1.86109 -1.56891 1.99365 0.821884 2.4018
-0.524871 1.86109 -1.56891 1.99602 0.822862 2.40466
-0.524871 1.86109 -1.56891 1.99839 0.823839 2.40752
-0.524871 1.86109 -1.56891 2.00076 0.824816 2.41037
-0.524871 1.86109 -1.56891 2.00313 0.825793 2.41323
-0.524871 1.86109 -1.56891 2.0055 0.826771 2.41608
-0.524871 1.86109 -1.56891 2.00787 0.827748 2.41894
-0.524871 1.86109 -1.56891 2.01024 0.828725 2.42179
-0.524871 1.86109 -1.56891 2.01261 0.829703 2.42465
-0.524871 1.86109 -1.56891 2.01498 0.83068 2.42751
-0.524871 1.86109 -1.56891 2.01736 0.831657 2.43036
-0.524871 1.86109 -1.56891 2.01973 0.832634 2.43322
-0.524871 1.86109 -1.56891 2.0221 0.833612 2.43607
-0.524871 1.86109 -1.56891 2.02447 0.834589 2.43893
-0.524871 1.86109 -1.56891 2.02684 0.835566 2.44179
-0.524871 1.86109 -1.56891 2.02921 0.836543 2.44464
-0.524871 1.86109 -1.56891 2.03158 0.837521 2.4475
-0.524871 1.86109 -1.56891 2.03395 0.838498 2.45035
-0.524871 1.86109 -1.56891 2.03632 0.839475 2.45321
-0.524871 1.86109 -1.56891 2.03869 0.840452 2.45607
-0.524871 1.86109 -1.56891 2.04106 0.84143 2.45892
-0.524871 1.86109 -1.56891 2.04343 0.842407 2.46178
-0.524871 1.86109 -1.56891 2.0458 0.843384 2.46463
-0.524871 1.86109 -1.56891 2.04817 0.844362 2.46749
-0.524871 1.86109 -1.56891 2.05054 0.845339 2.47034
-0.524871 1.86109 -1.56891 2.05291 0.846316 2.4732
-0.524871 1.86109 -1.56891 2.05528 0.847293 2.47606
-0.524871 1.86109 -1.56891 2.05766 0.848271 2.47891
-0.524871 1.86109 -1.56891 2.06003 0.849248 2.48177
-0.524871 1.86109 -1.56891 2.0624 0.850225 2.48462
-0.524871 1.86109 -1.56891 2.06477 0.851202 2.48748
-0.524871 1.86109 -1.56891 2.06714 0.85218 2.49034
-0.524871 1.86109 -1.56891 2.06951 0.853157 2.49319
-0.524871 1.86109 -1.56891 2.07188 0.854134 2.49605
-0.524871 1.86109 -1.56891 2.07425 0.855112 2.4989
-0.524871 1.86109 -1.56891 2.07662 0.856089 2.50176
-0.524871 1.86109 -1.56891 2.07899 0.857066 2.50462
-0.524871 1.86109 -1.56891 2.08136 0.858043 2.50747
-0.524871 1.86109 -1.56891 2.08373 0.859021 2.51033
-0.524871 1.86109 -1.56891 2.0861 0.859998 2.51318
-0.524871 1.86109 -1.56891 2.08847 0.860975 2.51604
-0.524871 1.86109 -1.56891 2.09084 0.861952 2.51889
-0.524871 1.86109 -1.56891 2.09321 0.86293 2.52175
-0.524871 1.86109 -1.56891 2.09558 0.863907 2.52461
-0.524871 1.86109 -1.56891 2.09795 0.864884 2.52746
-0.524871 1.86109 -1.56891 2.10033 0.865862 2.53032
-0.524871 1.86109 -1.56891 2.1027 0.866839 2.53317
-0.524871 1.86109 -1.56891 2.10507 0.867816 2.53603
-0.524871 1.86109 -1.56891 2.10744 0.868793 2.53889
-0.524871 1.86109 -1.56891 2.10981 0.869771 2.54174
-0.524871 1.86109 -1.56891 2.11218 0.870748 2.5446
-0.524871 1.86109 -1.56891 2.11455 0.871725 2.54745
-0.524871 1.86109 -1.56891 2.11692 0.872702 2.55031
-0.524871 1.86109 -1.56891 2.11929 0.87368 2.55317
-0.524871 1.86109 -1.56891 2.12166 0.874657 2.55602
-0.524871 1.86109 -1.56891 2.12403 0.875634 2.55888
-0.524871 1.86109 -1.56891 2.1264 0.876611 2.56173
-0.524871 1.86109 -1.56891 2.12877 0.877589 2.56459
-0.524871 1.86109 -1.56891 2.13114 0.878566 2.56745
-0.524871 1.86109 -1.56891 2.13351 0.879543 2.5703
-0.524871 1.86109 -1.56891 2.13588 0.880521 2.57316
-0.524871 1.86109 -1.56891 2.13825 0.881498 2.57601
-0.524871 1.86109 -1.56891 2.14062 0.882475 2.57887
-0.524871 1.86109 -1.56891 2.143 0.883452 2.58172
-0.524871 1.86109 -1.56891 2.14537 0.88443 2.58458
-0.524871 1.86109 -1.56891 2.14774 0.885407 2.58744
-0.524871 1.86109 -1.56891 2.15011 0.886384 2.59029
-0.524871 1.86109 -1.56891 2.15248 0.887361 2.59315
-0.524871 1.86109 -1.56891 2.15485 0.888339 2.596
-0.524871 1.86109 -1.56891 2.15722 0.889316 2.59886
-0.524871 1.86109 -1.56891 2.15959 0.890293 2.60172
-0.524871 1.86109 -1.56891 2.16196 0.891271 2.60457
-0.524871 1.86109 -1.56891 2.16433 0.892248 2.60743
-0.524871 1.86109 -1.56891 2.1667 0.893225 2.61028
-0.524871 1.86109 -1.56891 2.16907 0.894202 2.61314
-0.524871 1.86109 -1.56891 2.17144 0.89518 2.616
-0.524871 1.86109 -1.56891 2.17381 0.896157 2.61885
-0.524871 1.86109 -1.56891 2.17618 0.897134 2.62171
-0.524871 1.86109 -1.56891 2.17855 0.898111 2.62456
-0.524871 1.86109 -1.56891 2.18092 0.899089 2.62742
-0.524871 1.86109 -1.56891 2.1833 0.900066 2.63027
-0.524871 1.86109 -1.56891 2.18567 0.901043 2.63313
-0.524871 1.86109 -1.56891 2.18804 0.902021 2.63599
-0.524871 1.86109 -1.56891 2.19041 0.902998 2.63884
-0.524871 1.86109 -1.56891 2.19278 0.903975 2.6417
-0.524871 1.86109 -1.56891 2.19515 0.904952 2.64455
-0.524871 1.86109 -1.56891 2.19752 0.90593 2.64741
-0.524871 1.86109 -1.56891 2.19989 0.906907 2.65027
-0.524871 1.86109 -1.56891 2.20226 0.907884 2.65312
-0.524871 1.86109 -1.56891 2.20463 0.908861 2.65598
-0.524871 1.86109 -1.56891 2.207 0.909839 2.65883
-0.524871 1.86109 -1.56891 2.20937 0.910816 2.66169
-0.524871 1.86109 -1.56891 2.21174 0.911793 2.66455
-0.524871 1.86109 -1.56891 2.21411 0.91277 2.6674
-0.524871 1.86109 -1.56891 2.21648 0.913748 2.67026
-0.524871 1.86109 -1.56891 2.21885 0.914725 2.67311
-0.524871 1.86109 -1.56891 2.22122 0.915702 2.67597
-0.524871 1.86109 -1.56891 2.22359 0.91668 2.67882
-0.524871 1.86109 -1.56891 2.22597 0.917657 2.68168
-0.524871 1.86109 -1.56891 2.22834 0.918634 2.68454
-0.524871 1.86109 -1.56891 2.23071 0.919611 2.68739
-0.524871 1.86109 -1.56891 2.23308 0.920589 2.69025
-0.524871 1.86109 -1.56891 2.23545 0.921566 2.6931
-0.524871 1.86109 -1.56891 2.23782 0.922543 2.69596
-0.524871 1.86109 -1.56891 2.24019 0.92352 2.69882
-0.524871 1.86109 -1.56891 2.24256 0.924498 2.70167
-0.524871 1.86109 -1.56891 2.24493 0.925475 2.70453
-0.524871 1.86109 -1.56891 2.2473 0.926452 2.70738
-0.524871 1.86109 -1.56891 2.24967 0.92743 2.71024
-0.524871 1.86109 -1.56891 2.25204 0.928407 2.7131
-0.524871 1.86109 -1.56891 2.25441 0.929384 2.71595
-0.524871 1.86109 -1.56891 2.25678 0.930361 2.71881
-0.524871 1.86109 -1.56891 2.25915 0.931339 2.72166
-0.524871 1.86109 -1.56891 2.26152 0.932316 2.72452
-0.524871 1.86109 -1.56891 2.26389 0.933293 2.72737
-0.524871 1.86109 -1.56891 2.26627 0.93427 2.73023
-0.524871 1.86109 -1.56891 2.26864 0.935248 2.73309
-0.524871 1.86109 -1.56891 2.27101 0.936225 2.73594
-0.524871 1.86109 -1.56891 2.27338 0.937202 2.7388
-0.524871 1.86109 -1.56891 2.27575 0.93818 2.74165
-0.524871 1.86109 -1.56891 2.27812 0.939157 2.74451
-0.524871 1.86109 -1.56891 2.28049 0.940134 2.74737
-0.524871 1.86109 -1.56891 2.28286 0.941111 2.75022
-0.524871 1.86109 -1.56891 2.28523 0.942089 2.75308
-0.524871 1.86109 -1.56891 2.2876 0.943066 2.75593
-0.524871 1.86109 -1.56891 2.28997 0.944043 2.75879
-0.524871 1.86109 -1.56891 2.29234 0.94502 2.76165
-0.524871 1.86109 -1.56891 2.29471 0.945998 2.7645
-0.524871 1.86109 -1.56891 2.29708 0.946975 2.76736
-0.524871 1.86109 -1.56891 2.29945 0.947952 2.77021
-0.524871 1.86109 -1.56891 2.30182 0.948929 2.77307
-0.524871 1.86109 -1.56891 2.30419 0.949907 2.77593
-0.524871 1.86109 -1.56891 2.30656 0.950884 2.77878
-0.524871 1.86109 -1.56891 2.30894 0.951861 2.78164
-0.524871 1.86109 -1.56891 2.31131 0.952839 2.78449
-0.524871 1.86109 -1.56891 2.31368 0.953816 2.78735
-0.524871 1.86109 -1.56891 2.31605 0.954793 2.7902
-0.524871 1.86109 -1.56891 2.31842 0.95577 2.79306
-0.524871 1.86109 -1.56891 2.32079 0.956748 2.79592
-0.524871 1.86109 -1.56891 2.32316 0.957725 2.79877
-0.524871 1.86109 -1.56891 2.32553 0.958702 2.80163
-0.524871 1.86109 -1.56891 2.3279 0.959679 2.80448
-0.524871 1.86109 -1.56891 2.33027 0.960657 2.80734
-0.524871 1.86109 -1.56891 2.33264 0.961634 2.8102
-0.524871 1.86109 -1.56891 2.33501 0.962611 2.81305
-0.524871 1.86109 -1.56891 2.33738 0.963589 2.81591
-0.524871 1.86109 -1.56891 2.33975 0.964566 2.81876
-0.524871 1.86109 -1.56891 2.34212 0.965543 2.82162
-0.524871 1.86109 -1.56891 2.34449 0.96652 2.82448
-0.524871 1.86109 -1.56891 2.34686 0.967498 2.82733
-0.524871 1.86109 -1.56891 2.34924 0.968475 2.83019
-0.524871 1.86109 -1.56891 2.35161 0.969452 2.83304
-0.524871 1.86109 -1.56891 2.35398 0.970429 2.8359
-0.524871 1.86109 -1.56891 2.35635 0.971407 2.83875
-0.524871 1.86109 -1.56891 2.35872 0.972384 2.84161
-0.524871 1.86109 -1.56891 2.36109 0.973361 2.84447
-0.524871 1.86109 -1.56891 2.36346 0.974339 2.84732
-0.524871 1.86109 -1.56891 2.36583 0.975316 2.85018
-0.524871 1.86109 -1.56891 2.3682 0.976293 2.85303
