0.758228 0.726898 1.73028 0.0486642 1.73076 -0.57996
0.757755 0.726509 1.72942 0.0466723 1.73016 -0.576815
0.757283 0.72612 1.72857 0.0446804 1.72957 -0.573671
0.756811 0.72573 1.72772 0.0426885 1.72897 -0.570526
0.756338 0.725341 1.72686 0.0406966 1.72837 -0.567381
0.755866 0.724952 1.72601 0.0387047 1.72777 -0.564237
0.755393 0.724563 1.72516 0.0367128 1.72717 -0.561092
0.754921 0.724174 1.7243 0.0347209 1.72658 -0.557947
0.754448 0.723784 1.72345 0.032729 1.72598 -0.554802
0.753976 0.723395 1.7226 0.0307371 1.72538 -0.551658
0.753504 0.723006 1.72174 0.0287452 1.72478 -0.548513
0.753031 0.722617 1.72089 0.0267533 1.72418 -0.545368
0.752559 0.722228 1.72004 0.0247614 1.72358 -0.542224
0.752086 0.721838 1.71918 0.0227695 1.72299 -0.539079
0.751614 0.721449 1.71833 0.0207776 1.72239 -0.535934
0.751141 0.72106 1.71748 0.0187856 1.72179 -0.53279
0.750669 0.720671 1.71662 0.0167937 1.72119 -0.529645
0.750197 0.720282 1.71577 0.0148018 1.72059 -0.5265
0.749724 0.719892 1.71492 0.0128099 1.71999 -0.523355
0.749252 0.719503 1.71406 0.010818 1.7194 -0.520211
0.748779 0.719114 1.71321 0.00882612 1.7188 -0.517066
0.748307 0.718725 1.71236 0.00683421 1.7182 -0.513921
0.747834 0.718336 1.7115 0.00484231 1.7176 -0.510777
0.747362 0.717946 1.71065 0.0028504 1.717 -0.507632
0.74689 0.717557 1.7098 0.000858497 1.71641 -0.504487
0.746417 0.717168 1.70894 -0.00113341 1.71581 -0.501343
0.745945 0.716779 1.70809 -0.00312531 1.71521 -0.498198
0.745472 0.71639 1.70724 -0.00511722 1.71461 -0.495053
0.745 0.716 1.70638 -0.00710913 1.71401 -0.491909
0.744527 0.715611 1.70553 -0.00910103 1.71341 -0.488764
0.744055 0.715222 1.70468 -0.0110929 1.71282 -0.485619
0.743583 0.714833 1.70382 -0.0130848 1.71222 -0.482474
0.74311 0.714444 1.70297 -0.0150768 1.71162 -0.47933
0.742638 0.714054 1.70212 -0.0170687 1.71102 -0.476185
0.742165 0.713665 1.70126 -0.0190606 1.71042 -0.47304
0.741693 0.713276 1.70041 -0.0210525 1.70983 -0.469896
0.74122 0.712887 1.69956 -0.0230444 1.70923 -0.466751
0.740748 0.712498 1.69871 -0.0250363 1.70863 -0.463606
0.740276 0.712108 1.69785 -0.0270282 1.70803 -0.460462
0.739803 0.711719 1.697 -0.0290201 1.70743 -0.457317
0.739331 0.71133 1.69615 -0.031012 1.70683 -0.454172
0.738858 0.710941 1.69529 -0.0330039 1.70624 -0.451028
0.738386 0.710552 1.69444 -0.0349958 1.70564 -0.447883
0.737913 0.710162 1.69359 -0.0369877 1.70504 -0.444738
0.737441 0.709773 1.69273 -0.0389796 1.70444 -0.441593
0.736969 0.709384 1.69188 -0.0409715 1.70384 -0.438449
0.736496 0.708995 1.69103 -0.0429634 1.70324 -0.435304
0.736024 0.708606 1.69017 -0.0449553 1.70265 -0.432159
0.735551 0.708216 1.68932 -0.0469472 1.70205 -0.429015
0.735079 0.707827 1.68847 -0.0489392 1.70145 -0.42587
0.734606 0.707438 1.68761 -0.0509311 1.70085 -0.422725
0.734134 0.707049 1.68676 -0.052923 1.70025 -0.419581
0.733662 0.70666 1.68591 -0.0549149 1.69966 -0.416436
0.733189 0.70627 1.68505 -0.0569068 1.69906 -0.413291
0.732717 0.705881 1.6842 -0.0588987 1.69846 -0.410146
0.732244 0.705492 1.68335 -0.0608906 1.69786 -0.407002
0.731772 0.705103 1.68249 -0.0628825 1.69726 -0.403857
0.731299 0.704714 1.68164 -0.0648744 1.69666 -0.400712
0.730827 0.704324 1.68079 -0.0668663 1.69607 -0.397568
0.730355 0.703935 1.67993 -0.0688582 1.69547 -0.394423
0.729882 0.703546 1.67908 -0.0708501 1.69487 -0.391278
0.72941 0.703157 1.67823 -0.072842 1.69427 -0.388134
0.728937 0.702768 1.67737 -0.0748339 1.69367 -0.384989
0.728465 0.702378 1.67652 -0.0768258 1.69307 -0.381844
0.727992 0.701989 1.67567 -0.0788177 1.69248 -0.3787
0.72752 0.7016 1.67481 -0.0808096 1.69188 -0.375555
0.727048 0.701211 1.67396 -0.0828016 1.69128 -0.37241
0.726575 0.700822 1.67311 -0.0847935 1.69068 -0.369265
0.726103 0.700432 1.67225 -0.0867854 1.69008 -0.366121
0.72563 0.700043 1.6714 -0.0887773 1.68949 -0.362976
0.725158 0.699654 1.67055 -0.0907692 1.68889 -0.359831
0.724685 0.699265 1.66969 -0.0927611 1.68829 -0.356687
0.724213 0.698876 1.66884 -0.094753 1.68769 -0.353542
0.723741 0.698486 1.66799 -0.0967449 1.68709 -0.350397
0.723268 0.698097 1.66713 -0.0987368 1.68649 -0.347253
0.722796 0.697708 1.66628 -0.100729 1.6859 -0.344108
0.722323 0.697319 1.66543 -0.102721 1.6853 -0.340963
0.721851 0.69693 1.66457 -0.104713 1.6847 -0.337818
0.721378 0.69654 1.66372 -0.106704 1.6841 -0.334674
0.720906 0.696151 1.66287 -0.108696 1.6835 -0.331529
0.720434 0.695762 1.66201 -0.110688 1.6829 -0.328384
0.719961 0.695373 1.66116 -0.11268 1.68231 -0.32524
0.719489 0.694984 1.66031 -0.114672 1.68171 -0.322095
0.719016 0.694594 1.65945 -0.116664 1.68111 -0.31895
0.718544 0.694205 1.6586 -0.118656 1.68051 -0.315806
0.718071 0.693816 1.65775 -0.120648 1.67991 -0.312661
0.717599 0.693427 1.6569 -0.12264 1.67932 -0.309516
0.717127 0.693038 1.65604 -0.124632 1.67872 -0.306372
0.716654 0.692648 1.65519 -0.126623 1.67812 -0.303227
0.716182 0.692259 1.65434 -0.128615 1.67752 -0.300082
0.715709 0.69187 1.65348 -0.130607 1.67692 -0.296937
0.715237 0.691481 1.65263 -0.132599 1.67632 -0.293793
0.714764 0.691092 1.65178 -0.134591 1.67573 -0.290648
0.714292 0.690702 1.65092 -0.136583 1.67513 -0.287503
0.71382 0.690313 1.65007 -0.138575 1.67453 -0.284359
0.713347 0.689924 1.64922 -0.140567 1.67393 -0.281214
0.712875 0.689535 1.64836 -0.142559 1.67333 -0.278069
0.712402 0.689146 1.64751 -0.144551 1.67274 -0.274925
0.711929 0.688756 1.64666 -0.146544 1.67214 -0.271779
0.711456 0.688365 1.64581 -0.14854 1.67154 -0.268632
0.710981 0.687973 1.64496 -0.150539 1.67094 -0.265483
0.710505 0.687578 1.64411 -0.152544 1.67035 -0.262331
0.710027 0.687181 1.64327 -0.154555 1.66976 -0.259175
0.709547 0.68678 1.64243 -0.156574 1.66917 -0.256015
0.709064 0.686376 1.64159 -0.158602 1.66858 -0.25285
0.708578 0.685967 1.64076 -0.16064 1.668 -0.249679
0.708088 0.685554 1.63993 -0.16269 1.66742 -0.246501
0.707595 0.685135 1.63912 -0.164752 1.66684 -0.243316
0.707098 0.68471 1.63831 -0.166829 1.66627 -0.240122
0.706596 0.684278 1.6375 -0.168921 1.6657 -0.23692
0.70609 0.68384 1.63671 -0.17103 1.66514 -0.233709
0.705578 0.683394 1.63592 -0.173157 1.66458 -0.230487
0.70506 0.68294 1.63514 -0.175303 1.66403 -0.227254
0.704537 0.682477 1.63438 -0.177469 1.66349 -0.224009
0.704007 0.682006 1.63362 -0.179658 1.66295 -0.220752
0.70347 0.681524 1.63288 -0.18187 1.66242 -0.217481
0.702926 0.681032 1.63215 -0.184106 1.6619 -0.214197
0.702375 0.680529 1.63143 -0.186367 1.66138 -0.210897
0.701816 0.680015 1.63072 -0.188656 1.66088 -0.207583
0.701248 0.679489 1.63003 -0.190973 1.66038 -0.204252
0.700672 0.678951 1.62935 -0.193319 1.65989 -0.200904
0.700087 0.6784 1.62869 -0.195697 1.65941 -0.197539
0.699493 0.677835 1.62804 -0.198106 1.65894 -0.194155
0.698888 0.677256 1.62741 -0.200549 1.65848 -0.190752
0.698274 0.676662 1.6268 -0.203027 1.65804 -0.187329
0.697649 0.676054 1.62621 -0.20554 1.6576 -0.183885
0.697013 0.67543 1.62563 -0.208091 1.65717 -0.180421
0.696366 0.674789 1.62507 -0.21068 1.65676 -0.176934
0.695707 0.674132 1.62454 -0.213309 1.65636 -0.173424
0.695037 0.673457 1.62402 -0.21598 1.65597 -0.169891
0.694354 0.672766 1.62352 -0.21869 1.6556 -0.166335
0.69366 0.672058 1.62305 -0.221438 1.65523 -0.162756
0.692956 0.671335 1.62259 -0.224224 1.65488 -0.159157
0.692241 0.670597 1.62215 -0.227046 1.65454 -0.155537
0.691515 0.669844 1.62172 -0.229903 1.65421 -0.151897
0.69078 0.669077 1.62131 -0.232793 1.65389 -0.148238
0.690036 0.668296 1.62092 -0.235715 1.65358 -0.14456
0.689283 0.667503 1.62055 -0.238668 1.65328 -0.140865
0.688521 0.666697 1.62018 -0.24165 1.65298 -0.137153
0.68775 0.665879 1.61984 -0.244661 1.6527 -0.133425
0.686972 0.66505 1.6195 -0.247698 1.65243 -0.129681
0.686186 0.66421 1.61918 -0.250762 1.65216 -0.125923
0.685393 0.66336 1.61887 -0.25385 1.6519 -0.12215
0.684594 0.6625 1.61857 -0.256961 1.65165 -0.118365
0.683788 0.661631 1.61829 -0.260093 1.6514 -0.114566
0.682976 0.660753 1.61801 -0.263247 1.65116 -0.110756
0.682158 0.659867 1.61774 -0.266419 1.65093 -0.106935
0.681335 0.658974 1.61749 -0.26961 1.6507 -0.103104
0.680507 0.658073 1.61724 -0.272817 1.65048 -0.0992632
0.679675 0.657166 1.61699 -0.27604 1.65026 -0.0954135
0.678839 0.656254 1.61676 -0.279277 1.65005 -0.0915557
0.677998 0.655335 1.61653 -0.282526 1.64984 -0.0876905
0.677155 0.654412 1.61631 -0.285788 1.64964 -0.0838188
0.676732 0.653948 1.6162 -0.287423 1.64954 -0.0818799
0.676308 0.653485 1.61609 -0.289059 1.64944 -0.0799411
0.675884 0.653019 1.61598 -0.290699 1.64934 -0.0779997
0.675459 0.652553 1.61587 -0.29234 1.64924 -0.0760583
0.675033 0.652086 1.61577 -0.293984 1.64914 -0.0741147
0.674608 0.651619 1.61566 -0.295628 1.64904 -0.0721711
0.674181 0.65115 1.61556 -0.297275 1.64894 -0.0702256
0.673754 0.650682 1.61546 -0.298922 1.64884 -0.0682802
0.673327 0.650212 1.61536 -0.300572 1.64875 -0.0663332
0.672899 0.649742 1.61525 -0.302222 1.64865 -0.0643863
0.672471 0.649272 1.61515 -0.303874 1.64855 -0.0624383
0.672043 0.648801 1.61505 -0.305526 1.64846 -0.0604902
0.671615 0.64833 1.61495 -0.307179 1.64836 -0.0585415
0.671187 0.647859 1.61485 -0.308832 1.64827 -0.0565927
0.670758 0.647388 1.61475 -0.310486 1.64817 -0.0546436
0.67033 0.646917 1.61465 -0.31214 1.64808 -0.0526944
0.669901 0.646445 1.61455 -0.313793 1.64798 -0.0507453
0.669472 0.645974 1.61445 -0.315447 1.64788 -0.0487962
0.669044 0.645502 1.61435 -0.317101 1.64779 -0.0468468
0.668615 0.645031 1.61425 -0.318755 1.64769 -0.0448975
0.668186 0.644559 1.61415 -0.32041 1.6476 -0.0429478
0.667758 0.644088 1.61405 -0.322065 1.6475 -0.0409982
0.667328 0.643615 1.61395 -0.32372 1.64741 -0.0390479
0.666899 0.643143 1.61385 -0.325376 1.64731 -0.0370977
0.66647 0.642671 1.61375 -0.327033 1.64722 -0.0351467
0.66604 0.642198 1.61366 -0.32869 1.64712 -0.0331957
0.66561 0.641725 1.61356 -0.330348 1.64703 -0.0312438
0.66518 0.641251 1.61346 -0.332007 1.64694 -0.0292919
0.66475 0.640777 1.61336 -0.333668 1.64684 -0.0273389
0.664319 0.640303 1.61327 -0.335328 1.64675 -0.0253859
0.663888 0.639828 1.61317 -0.336991 1.64666 -0.0234317
0.663457 0.639353 1.61308 -0.338654 1.64656 -0.0214774
0.663025 0.638877 1.61298 -0.340319 1.64647 -0.0195216
0.662593 0.638401 1.61289 -0.341984 1.64638 -0.0175659
0.66216 0.637923 1.61279 -0.343652 1.64629 -0.0156084
0.661728 0.637446 1.6127 -0.345321 1.6462 -0.013651
0.661294 0.636967 1.61261 -0.346992 1.64611 -0.0116918
0.66086 0.636488 1.61252 -0.348663 1.64602 -0.00973253
0.660425 0.636008 1.61243 -0.350338 1.64593 -0.00777125
0.659991 0.635528 1.61234 -0.352013 1.64584 -0.00580997
0.659555 0.635046 1.61225 -0.353692 1.64575 -0.00384649
0.659119 0.634564 1.61216 -0.355371 1.64566 -0.001883
0.658682 0.634081 1.61208 -0.357054 1.64558 8.28721e-05
0.658245 0.633597 1.61199 -0.358737 1.64549 0.00204875
0.657806 0.633111 1.61191 -0.360424 1.64541 0.0040172
0.657368 0.632626 1.61183 -0.362112 1.64532 0.00598565
0.656928 0.632138 1.61174 -0.363804 1.64524 0.00795686
0.656488 0.631651 1.61166 -0.365496 1.64515 0.00992808
0.656047 0.631161 1.61158 -0.367194 1.64507 0.0119022
0.655606 0.630671 1.61151 -0.368891 1.64499 0.0138764
0.655163 0.63018 1.61143 -0.370594 1.64491 0.0158537
0.65472 0.629688 1.61135 -0.372297 1.64483 0.017831
0.654275 0.629193 1.61128 -0.374006 1.64475 0.0198115
0.65383 0.628699 1.61121 -0.375714 1.64467 0.0217921
0.653384 0.628202 1.61114 -0.377429 1.64459 0.0237762
0.652938 0.627705 1.61107 -0.379144 1.64452 0.0257603
0.652489 0.627205 1.611 -0.380865 1.64444 0.0277481
0.652041 0.626705 1.61094 -0.382586 1.64437 0.0297359
0.651591 0.626203 1.61087 -0.384314 1.6443 0.0317275
0.651141 0.6257 1.61081 -0.386042 1.64422 0.0337191
0.650688 0.625195 1.61075 -0.387777 1.64415 0.0357148
0.650236 0.624689 1.61069 -0.389512 1.64408 0.0377105
0.649782 0.624181 1.61063 -0.391255 1.64401 0.0397104
0.649327 0.623672 1.61058 -0.392997 1.64395 0.0417103
0.64887 0.62316 1.61053 -0.394747 1.64388 0.0437146
0.648414 0.622648 1.61047 -0.396497 1.64381 0.045719
0.647955 0.622133 1.61042 -0.398255 1.64375 0.0477279
0.647495 0.621618 1.61038 -0.400013 1.64369 0.0497368
0.647034 0.621099 1.61033 -0.40178 1.64363 0.0517505
0.646572 0.620581 1.61029 -0.403546 1.64357 0.0537642
0.646108 0.620058 1.61025 -0.405322 1.64351 0.0557829
0.645644 0.619536 1.61021 -0.407097 1.64345 0.0578016
0.645178 0.61901 1.61017 -0.408881 1.6434 0.0598254
0.644711 0.618483 1.61014 -0.410665 1.64334 0.0618493
0.644242 0.617953 1.61011 -0.412458 1.64329 0.0638784
0.643772 0.617423 1.61008 -0.414252 1.64324 0.0659076
0.6433 0.616889 1.61005 -0.416055 1.64319 0.0679423
0.642828 0.616355 1.61002 -0.417858 1.64314 0.069977
0.642353 0.615817 1.61 -0.419671 1.64309 0.0720173
0.641877 0.615278 1.60998 -0.421484 1.64304 0.0740577
0.641399 0.614736 1.60997 -0.423308 1.643 0.076104
0.640921 0.614193 1.60995 -0.425131 1.64296 0.0781503
0.64044 0.613646 1.60994 -0.426964 1.64292 0.0802023
0.639959 0.613099 1.60993 -0.428798 1.64288 0.0822542
0.639475 0.612548 1.60992 -0.43064 1.64284 0.0843117
0.638991 0.611998 1.60992 -0.432483 1.6428 0.0863692
0.638505 0.611443 1.60991 -0.434336 1.64277 0.0884321
0.638018 0.610888 1.60991 -0.436188 1.64274 0.0904949
0.637529 0.610329 1.60992 -0.438049 1.6427 0.0925629
0.63704 0.609771 1.60992 -0.43991 1.64267 0.0946309
0.636548 0.609209 1.60993 -0.44178 1.64264 0.0967038
0.636056 0.608646 1.60993 -0.44365 1.64262 0.0987768
0.635562 0.608081 1.60994 -0.445528 1.64259 0.100855
0.635068 0.607515 1.60996 -0.447407 1.64256 0.102932
0.634571 0.606946 1.60997 -0.449293 1.64254 0.105015
0.634075 0.606377 1.60999 -0.451179 1.64252 0.107097
0.633576 0.605804 1.61001 -0.453073 1.6425 0.109184
0.633077 0.605232 1.61002 -0.454967 1.64247 0.11127
0.632576 0.604656 1.61005 -0.456869 1.64246 0.113361
0.632075 0.604081 1.61007 -0.45877 1.64244 0.115452
0.631572 0.603502 1.6101 -0.460678 1.64242 0.117547
0.631069 0.602924 1.61012 -0.462587 1.6424 0.119642
0.630564 0.602343 1.61015 -0.464502 1.64239 0.121741
0.630059 0.601761 1.61018 -0.466417 1.64237 0.12384
0.629552 0.601177 1.61021 -0.468339 1.64236 0.125943
0.629045 0.600593 1.61025 -0.470261 1.64235 0.128045
0.628537 0.600007 1.61028 -0.472188 1.64234 0.130151
0.628028 0.59942 1.61032 -0.474116 1.64233 0.132257
0.627518 0.598831 1.61036 -0.476049 1.64232 0.134367
0.627007 0.598242 1.6104 -0.477983 1.64231 0.136476
0.626495 0.597651 1.61044 -0.479922 1.6423 0.138589
0.625983 0.59706 1.61048 -0.481861 1.64229 0.140701
0.62547 0.596466 1.61052 -0.483805 1.64229 0.142817
0.624957 0.595873 1.61057 -0.485749 1.64228 0.144932
0.624442 0.595277 1.61061 -0.487698 1.64228 0.14705
0.623927 0.594682 1.61066 -0.489647 1.64227 0.149169
0.623411 0.594084 1.61071 -0.4916 1.64227 0.151289
0.622894 0.593487 1.61076 -0.493554 1.64227 0.15341
0.622377 0.592888 1.61081 -0.495511 1.64227 0.155533
0.62186 0.592289 1.61086 -0.497469 1.64227 0.157657
0.621341 0.591688 1.61091 -0.49943 1.64227 0.159782
0.620823 0.591087 1.61096 -0.501392 1.64227 0.161907
0.620303 0.590485 1.61102 -0.503357 1.64227 0.164035
0.619784 0.589883 1.61107 -0.505322 1.64227 0.166162
0.619263 0.589279 1.61113 -0.50729 1.64227 0.168291
0.618743 0.588676 1.61119 -0.509258 1.64227 0.170421
0.618221 0.588071 1.61124 -0.511229 1.64227 0.172552
0.6177 0.587466 1.6113 -0.5132 1.64228 0.174682
0.617178 0.58686 1.61136 -0.515174 1.64228 0.176815
0.616656 0.586254 1.61142 -0.517148 1.64228 0.178947
0.616133 0.585647 1.61148 -0.519124 1.64229 0.181081
0.61561 0.585041 1.61154 -0.521099 1.64229 0.183214
0.615087 0.584433 1.6116 -0.523077 1.6423 0.185349
0.614564 0.583825 1.61166 -0.525055 1.6423 0.187484
0.61404 0.583217 1.61172 -0.527035 1.64231 0.18962
0.613516 0.582609 1.61178 -0.529014 1.64231 0.191755
0.612992 0.582 1.61184 -0.530995 1.64232 0.193892
0.612468 0.581391 1.61191 -0.532975 1.64232 0.196028
0.611943 0.580782 1.61197 -0.534957 1.64233 0.198165
0.611419 0.580172 1.61203 -0.536939 1.64233 0.200302
0.610894 0.579563 1.61209 -0.538921 1.64234 0.20244
0.61037 0.578953 1.61216 -0.540903 1.64235 0.204577
0.609845 0.578344 1.61222 -0.542886 1.64235 0.206714
0.60932 0.577734 1.61228 -0.544869 1.64236 0.208852
0.608795 0.577124 1.61235 -0.546851 1.64237 0.210989
0.608271 0.576515 1.61241 -0.548834 1.64237 0.213127
0.607746 0.575905 1.61247 -0.550817 1.64238 0.215265
0.607221 0.575295 1.61254 -0.552801 1.64238 0.217403
0.606696 0.574684 1.6126 -0.554785 1.64239 0.219541
0.60617 0.574074 1.61266 -0.55677 1.6424 0.22168
0.605644 0.573463 1.61273 -0.558756 1.64241 0.22382
0.605119 0.572851 1.61279 -0.560743 1.64241 0.22596
0.604592 0.572239 1.61286 -0.562732 1.64242 0.228101
0.604065 0.571627 1.61293 -0.564721 1.64243 0.230242
0.603538 0.571013 1.613 -0.566713 1.64244 0.232385
0.60301 0.570399 1.61306 -0.568705 1.64245 0.234528
0.602482 0.569784 1.61313 -0.570702 1.64246 0.236673
0.601953 0.569168 1.6132 -0.572698 1.64247 0.238819
0.601423 0.568551 1.61328 -0.574698 1.64248 0.240966
0.600893 0.567934 1.61335 -0.576699 1.64249 0.243114
0.600362 0.567315 1.61342 -0.578705 1.64251 0.245265
0.59983 0.566695 1.6135 -0.580711 1.64252 0.247416
0.599297 0.566073 1.61357 -0.582722 1.64253 0.24957
0.598764 0.565452 1.61365 -0.584734 1.64255 0.251724
0.598229 0.564827 1.61373 -0.586752 1.64257 0.253882
0.597694 0.564203 1.61381 -0.58877 1.64258 0.256039
0.597156 0.563575 1.6139 -0.590795 1.6426 0.258201
0.596619 0.562948 1.61398 -0.59282 1.64262 0.260363
0.59608 0.562317 1.61407 -0.594852 1.64264 0.262529
0.595541 0.561686 1.61416 -0.596885 1.64267 0.264696
0.594999 0.561052 1.61425 -0.598926 1.64269 0.266867
0.594457 0.560418 1.61434 -0.600967 1.64271 0.269038
0.593913 0.559779 1.61444 -0.603017 1.64274 0.271214
0.593368 0.559141 1.61453 -0.605068 1.64277 0.27339
0.592821 0.558499 1.61464 -0.607127 1.6428 0.275572
0.592274 0.557857 1.61474 -0.609187 1.64283 0.277753
0.591723 0.557211 1.61484 -0.611257 1.64286 0.279941
0.591173 0.556564 1.61495 -0.613327 1.6429 0.282128
0.59062 0.555913 1.61506 -0.615408 1.64293 0.284322
0.590066 0.555262 1.61517 -0.617489 1.64297 0.286516
0.589509 0.554607 1.61529 -0.619581 1.64301 0.288716
0.588952 0.553951 1.61541 -0.621674 1.64305 0.290917
0.588392 0.55329 1.61553 -0.623779 1.64309 0.293124
0.587832 0.552629 1.61566 -0.625883 1.64314 0.295332
0.587267 0.551962 1.61579 -0.628001 1.64318 0.297547
0.586703 0.551296 1.61592 -0.630118 1.64323 0.299761
0.586135 0.550624 1.61605 -0.632249 1.64329 0.301984
0.585567 0.549952 1.61619 -0.63438 1.64334 0.304206
0.584995 0.549274 1.61633 -0.636526 1.64339 0.306437
0.584423 0.548596 1.61648 -0.638671 1.64345 0.308668
0.583846 0.547911 1.61663 -0.640831 1.64351 0.310907
0.583269 0.547227 1.61678 -0.642991 1.64357 0.313146
0.582688 0.546536 1.61694 -0.645166 1.64364 0.315394
0.582107 0.545846 1.6171 -0.647341 1.6437 0.317642
0.581522 0.545148 1.61727 -0.649533 1.64378 0.319899
0.580936 0.544451 1.61743 -0.651724 1.64385 0.322156
0.580345 0.543746 1.61761 -0.653932 1.64392 0.324423
0.579754 0.543042 1.61778 -0.65614 1.644 0.326689
0.579159 0.54233 1.61797 -0.658366 1.64408 0.328966
0.578563 0.541618 1.61815 -0.660591 1.64416 0.331243
0.577962 0.540899 1.61834 -0.662835 1.64425 0.333529
0.577361 0.540179 1.61853 -0.665078 1.64433 0.335816
0.576755 0.539452 1.61874 -0.66734 1.64443 0.338114
0.576148 0.538725 1.61894 -0.669602 1.64452 0.340412
0.575536 0.537989 1.61915 -0.671884 1.64462 0.34272
0.574924 0.537254 1.61936 -0.674165 1.64472 0.345029
0.574306 0.53651 1.61958 -0.676466 1.64482 0.347349
0.573688 0.535767 1.6198 -0.678768 1.64493 0.349669
0.573064 0.535014 1.62004 -0.681089 1.64504 0.352001
0.572441 0.534262 1.62027 -0.683411 1.64515 0.354332
0.571811 0.533501 1.62051 -0.685753 1.64527 0.356676
0.571181 0.532741 1.62075 -0.688095 1.64538 0.359019
0.570546 0.531972 1.621 -0.690456 1.64551 0.361373
0.56991 0.531203 1.62125 -0.692817 1.64563 0.363727
0.56927 0.530426 1.62151 -0.695196 1.64576 0.366092
0.568629 0.52965 1.62177 -0.697576 1.64589 0.368457
0.567983 0.528865 1.62204 -0.699974 1.64602 0.370832
0.567337 0.528081 1.62231 -0.702371 1.64616 0.373208
0.566686 0.52729 1.62259 -0.704786 1.6463 0.375593
0.566034 0.526498 1.62287 -0.707201 1.64644 0.377978
0.565378 0.5257 1.62315 -0.709633 1.64658 0.380373
0.564722 0.524901 1.62344 -0.712065 1.64673 0.382768
0.564062 0.524096 1.62373 -0.714512 1.64688 0.385171
0.563401 0.52329 1.62403 -0.71696 1.64703 0.387575
0.562736 0.522479 1.62433 -0.719423 1.64718 0.389988
0.562071 0.521667 1.62463 -0.721886 1.64734 0.392401
0.561401 0.520849 1.62494 -0.724364 1.6475 0.394822
0.560731 0.520031 1.62525 -0.726842 1.64766 0.397243
0.560058 0.519207 1.62556 -0.729334 1.64782 0.399673
0.559384 0.518383 1.62588 -0.731826 1.64799 0.402102
0.558707 0.517553 1.6262 -0.734332 1.64815 0.404539
0.558029 0.516724 1.62652 -0.736837 1.64832 0.406976
0.557348 0.515889 1.62685 -0.739356 1.64849 0.40942
0.556666 0.515054 1.62718 -0.741874 1.64867 0.411865
0.555981 0.514213 1.62752 -0.744405 1.64884 0.414316
0.555296 0.513373 1.62785 -0.746935 1.64902 0.416768
0.554608 0.512528 1.62819 -0.749477 1.6492 0.419226
0.55392 0.511683 1.62853 -0.75202 1.64938 0.421684
0.553228 0.510834 1.62888 -0.754573 1.64956 0.424148
0.552537 0.509984 1.62923 -0.757126 1.64974 0.426612
0.551842 0.50913 1.62958 -0.759689 1.64993 0.429082
0.551148 0.508276 1.62993 -0.762252 1.65011 0.431553
0.55045 0.507418 1.63029 -0.764825 1.6503 0.434028
0.549753 0.50656 1.63064 -0.767398 1.65049 0.436504
0.549053 0.505698 1.631 -0.76998 1.65068 0.438985
0.548353 0.504836 1.63136 -0.772562 1.65087 0.441466
0.547651 0.503971 1.63173 -0.775153 1.65107 0.443951
0.546948 0.503106 1.63209 -0.777743 1.65126 0.446437
0.546243 0.502237 1.63246 -0.780341 1.65146 0.448927
0.545539 0.501369 1.63283 -0.782939 1.65166 0.451417
0.544832 0.500497 1.6332 -0.785544 1.65186 0.453911
0.544125 0.499626 1.63357 -0.788149 1.65205 0.456405
0.543417 0.498751 1.63395 -0.790761 1.65226 0.458903
0.542708 0.497877 1.63432 -0.793372 1.65246 0.461401
0.541998 0.497001 1.6347 -0.79599 1.65266 0.463902
0.541288 0.496124 1.63508 -0.798607 1.65286 0.466403
0.540576 0.495245 1.63546 -0.80123 1.65307 0.468907
0.539864 0.494366 1.63584 -0.803852 1.65327 0.471411
0.539151 0.493486 1.63623 -0.806479 1.65348 0.473917
0.538438 0.492605 1.63661 -0.809106 1.65368 0.476424
0.537723 0.491723 1.63699 -0.811737 1.65389 0.478933
0.537009 0.49084 1.63738 -0.814368 1.65409 0.481441
0.536294 0.489957 1.63776 -0.817002 1.6543 0.483952
0.535579 0.489073 1.63815 -0.819636 1.65451 0.486463
0.534863 0.488188 1.63854 -0.822272 1.65472 0.488975
0.534147 0.487303 1.63893 -0.824909 1.65493 0.491487
0.533431 0.486418 1.63932 -0.827547 1.65514 0.494
0.532714 0.485532 1.6397 -0.830186 1.65535 0.496513
0.531997 0.484646 1.64009 -0.832826 1.65556 0.499027
0.53128 0.48376 1.64048 -0.835465 1.65577 0.501541
0.530563 0.482874 1.64087 -0.838106 1.65597 0.504056
0.529846 0.481987 1.64126 -0.840746 1.65618 0.50657
0.529129 0.481101 1.64165 -0.843387 1.65639 0.509084
0.528412 0.480215 1.64204 -0.846027 1.6566 0.511598
0.527695 0.479328 1.64243 -0.848668 1.65681 0.514113
0.526978 0.478442 1.64282 -0.851309 1.65702 0.516627
0.52626 0.477555 1.64321 -0.85395 1.65723 0.519142
0.525543 0.476668 1.6436 -0.856591 1.65744 0.521657
0.524825 0.475781 1.64399 -0.859234 1.65765 0.524173
0.524108 0.474894 1.64438 -0.861876 1.65787 0.526688
0.52339 0.474006 1.64477 -0.86452 1.65808 0.529204
0.522672 0.473118 1.64516 -0.867163 1.65829 0.53172
0.521953 0.47223 1.64556 -0.869809 1.6585 0.534237
0.521235 0.471341 1.64595 -0.872454 1.65871 0.536755
0.520516 0.470452 1.64634 -0.875101 1.65892 0.539273
0.519797 0.469563 1.64673 -0.877748 1.65913 0.541791
0.519077 0.468673 1.64713 -0.880398 1.65935 0.54431
0.518357 0.467783 1.64752 -0.883047 1.65956 0.54683
0.517637 0.466891 1.64792 -0.885699 1.65977 0.549351
0.516917 0.466 1.64831 -0.888351 1.65998 0.551872
0.516195 0.465108 1.64871 -0.891006 1.6602 0.554394
0.515474 0.464215 1.64911 -0.893661 1.66041 0.556917
0.514752 0.463321 1.64951 -0.896319 1.66063 0.559441
0.51403 0.462428 1.6499 -0.898977 1.66084 0.561966
0.513306 0.461532 1.6503 -0.901639 1.66106 0.564492
0.512583 0.460637 1.6507 -0.9043 1.66128 0.567019
0.511859 0.45974 1.65111 -0.906966 1.66149 0.569547
0.511134 0.458843 1.65151 -0.909631 1.66171 0.572076
0.510409 0.457945 1.65191 -0.912301 1.66193 0.574607
0.509683 0.457046 1.65232 -0.914971 1.66215 0.577138
0.508956 0.456145 1.65272 -0.917645 1.66237 0.579672
0.508229 0.455245 1.65313 -0.920319 1.66259 0.582205
0.507501 0.454342 1.65354 -0.922998 1.66281 0.584742
0.506773 0.45344 1.65395 -0.925677 1.66303 0.587278
0.506043 0.452535 1.65436 -0.928361 1.66326 0.589817
0.505313 0.45163 1.65477 -0.931045 1.66348 0.592357
0.504581 0.450723 1.65518 -0.933735 1.66371 0.594899
0.50385 0.449816 1.6556 -0.936425 1.66393 0.597442
0.503117 0.448906 1.65602 -0.93912 1.66416 0.599988
0.502384 0.447997 1.65643 -0.941815 1.66438 0.602533
0.501649 0.447085 1.65685 -0.944517 1.66461 0.605083
0.500914 0.446173 1.65727 -0.947218 1.66484 0.607632
0.500177 0.445258 1.6577 -0.949926 1.66507 0.610185
0.49944 0.444343 1.65812 -0.952634 1.6653 0.612738
0.498702 0.443426 1.65854 -0.955349 1.66554 0.615295
0.497963 0.442508 1.65897 -0.958063 1.66577 0.617851
0.497222 0.441588 1.6594 -0.960785 1.666 0.620412
0.496481 0.440667 1.65983 -0.963507 1.66624 0.622973
0.495738 0.439743 1.66026 -0.966236 1.66647 0.625538
0.494995 0.43882 1.6607 -0.968965 1.66671 0.628103
0.49425 0.437893 1.66114 -0.971702 1.66695 0.630673
0.493505 0.436966 1.66157 -0.974438 1.66719 0.633242
0.492757 0.436036 1.66201 -0.977183 1.66743 0.635816
0.49201 0.435105 1.66246 -0.979928 1.66768 0.638391
0.49126 0.434172 1.6629 -0.982681 1.66792 0.640969
0.49051 0.433238 1.66335 -0.985434 1.66817 0.643548
0.489757 0.4323 1.6638 -0.988196 1.66841 0.646132
0.489005 0.431363 1.66425 -0.990958 1.66866 0.648716
0.488249 0.430422 1.6647 -0.993729 1.66891 0.651305
0.487494 0.42948 1.66516 -0.9965 1.66916 0.653894
0.486736 0.428535 1.66562 -0.99928 1.66941 0.656488
0.485978 0.42759 1.66607 -1.00206 1.66967 0.659083
0.485218 0.426641 1.66654 -1.00485 1.66992 0.661683
0.484457 0.425692 1.667 -1.00764 1.67018 0.664282
0.483693 0.424738 1.66747 -1.01044 1.67044 0.666888
0.48293 0.423785 1.66794 -1.01324 1.6707 0.669494
0.482163 0.422827 1.66841 -1.01605 1.67096 0.672105
0.481396 0.421869 1.66889 -1.01886 1.67122 0.674716
0.480627 0.420908 1.66937 -1.02168 1.67149 0.677334
0.479857 0.419946 1.66984 -1.0245 1.67175 0.679951
0.479085 0.41898 1.67033 -1.02733 1.67202 0.682573
0.478312 0.418014 1.67081 -1.03016 1.67229 0.685196
0.477537 0.417044 1.6713 -1.033 1.67256 0.687824
0.476762 0.416074 1.67179 -1.03584 1.67283 0.690452
0.475985 0.4151 1.67228 -1.03868 1.6731 0.693085
0.475207 0.414127 1.67277 -1.04153 1.67338 0.695719
0.474427 0.413149 1.67327 -1.04439 1.67366 0.698357
0.473646 0.412172 1.67377 -1.04725 1.67393 0.700995
0.472864 0.411191 1.67427 -1.05011 1.67421 0.703638
0.472081 0.41021 1.67477 -1.05298 1.67449 0.706281
0.471296 0.409226 1.67527 -1.05585 1.67477 0.708928
0.470511 0.408242 1.67578 -1.05872 1.67505 0.711576
0.469723 0.407255 1.67629 -1.0616 1.67534 0.714228
0.468936 0.406267 1.6768 -1.06448 1.67562 0.71688
0.468147 0.405277 1.67731 -1.06737 1.67591 0.719536
0.467357 0.404286 1.67782 -1.07026 1.6762 0.722192
0.466566 0.403292 1.67834 -1.07315 1.67648 0.724852
0.465774 0.402299 1.67885 -1.07605 1.67677 0.727512
0.464981 0.401303 1.67937 -1.07895 1.67706 0.730176
0.464187 0.400306 1.67989 -1.08185 1.67735 0.73284
0.463392 0.399307 1.68042 -1.08476 1.67765 0.735508
0.462596 0.398308 1.68094 -1.08767 1.67794 0.738176
0.461799 0.397306 1.68146 -1.09058 1.67823 0.740847
0.461002 0.396305 1.68199 -1.0935 1.67853 0.743518
0.460203 0.395301 1.68252 -1.09642 1.67882 0.746193
0.459404 0.394297 1.68305 -1.09934 1.67912 0.748868
0.458604 0.39329 1.68358 -1.10226 1.67942 0.751545
0.457803 0.392284 1.68411 -1.10519 1.67972 0.754223
0.457001 0.391276 1.68464 -1.10812 1.68002 0.756904
0.4562 0.390267 1.68518 -1.11105 1.68032 0.759584
0.455396 0.389256 1.68571 -1.11399 1.68062 0.762268
0.454593 0.388246 1.68625 -1.11692 1.68092 0.764951
0.453788 0.387233 1.68679 -1.11986 1.68122 0.767637
0.452983 0.386221 1.68733 -1.1228 1.68152 0.770323
0.452178 0.385207 1.68787 -1.12575 1.68183 0.773011
0.451372 0.384193 1.68841 -1.12869 1.68213 0.7757
0.450565 0.383177 1.68895 -1.13164 1.68244 0.77839
0.449758 0.382161 1.68949 -1.13459 1.68274 0.781081
0.448949 0.381144 1.69004 -1.13754 1.68305 0.783773
0.448141 0.380126 1.69058 -1.14049 1.68335 0.786466
0.447332 0.379108 1.69113 -1.14345 1.68366 0.78916
0.446523 0.378089 1.69167 -1.1464 1.68397 0.791855
0.445714 0.377069 1.69222 -1.14936 1.68428 0.794551
0.444904 0.376049 1.69277 -1.15232 1.68458 0.797247
0.444093 0.375028 1.69331 -1.15528 1.68489 0.799944
0.443283 0.374007 1.69386 -1.15824 1.6852 0.802642
0.442471 0.372986 1.69441 -1.1612 1.68551 0.805341
0.44166 0.371964 1.69496 -1.16416 1.68582 0.80804
0.440848 0.370941 1.69551 -1.16713 1.68613 0.81074
0.440036 0.369918 1.69606 -1.17009 1.68644 0.81344
0.439224 0.368895 1.69661 -1.17306 1.68675 0.81614
0.438412 0.367872 1.69717 -1.17602 1.68706 0.818841
0.437599 0.366848 1.69772 -1.17899 1.68737 0.821543
0.436786 0.365824 1.69827 -1.18196 1.68768 0.824245
0.435974 0.364799 1.69882 -1.18493 1.688 0.826947
0.435161 0.363775 1.69937 -1.1879 1.68831 0.829649
0.434347 0.36275 1.69993 -1.19086 1.68862 0.832351
0.433534 0.361726 1.70048 -1.19383 1.68893 0.835054
0.432721 0.360701 1.70103 -1.1968 1.68924 0.837757
0.431908 0.359676 1.70159 -1.19977 1.68955 0.840459
0.431095 0.358652 1.70214 -1.20274 1.68986 0.843162
0.430281 0.357627 1.70269 -1.20571 1.69018 0.845865
0.429468 0.356602 1.70324 -1.20868 1.69049 0.848568
0.428655 0.355577 1.7038 -1.21165 1.6908 0.851271
0.427841 0.354551 1.70435 -1.21462 1.69111 0.853975
0.427027 0.353526 1.70491 -1.21759 1.69142 0.856679
0.426213 0.352499 1.70546 -1.22057 1.69174 0.859383
0.425398 0.351473 1.70602 -1.22354 1.69205 0.862088
0.424583 0.350446 1.70657 -1.22652 1.69236 0.864795
0.423768 0.349418 1.70713 -1.22949 1.69268 0.867501
0.422952 0.348389 1.70768 -1.23247 1.69299 0.870209
0.422136 0.347361 1.70824 -1.23545 1.69331 0.872918
0.421319 0.34633 1.7088 -1.23843 1.69362 0.875628
0.420502 0.3453 1.70936 -1.24141 1.69394 0.878338
0.419683 0.344268 1.70992 -1.2444 1.69425 0.881051
0.418865 0.343235 1.71049 -1.24739 1.69457 0.883764
0.418045 0.342201 1.71105 -1.25038 1.69489 0.88648
0.417225 0.341166 1.71161 -1.25337 1.69521 0.889196
0.416403 0.340129 1.71218 -1.25637 1.69553 0.891916
0.415581 0.339093 1.71275 -1.25937 1.69585 0.894635
0.414758 0.338053 1.71332 -1.26238 1.69617 0.897358
0.413934 0.337013 1.71389 -1.26538 1.69649 0.900081
0.413109 0.335971 1.71446 -1.26839 1.69682 0.902808
0.412283 0.334928 1.71504 -1.2714 1.69714 0.905535
0.411455 0.333882 1.71562 -1.27442 1.69747 0.908266
0.410627 0.332837 1.71619 -1.27744 1.6978 0.910998
0.409797 0.331787 1.71678 -1.28047 1.69813 0.913734
0.408967 0.330738 1.71736 -1.2835 1.69846 0.91647
0.408134 0.329685 1.71794 -1.28653 1.69879 0.919211
0.407301 0.328632 1.71853 -1.28957 1.69912 0.921953
0.406743 0.327927 1.71892 -1.2916 1.69935 0.923784
0.406186 0.327222 1.71932 -1.29363 1.69957 0.925615
0.405629 0.326517 1.71971 -1.29566 1.69979 0.927446
0.40507 0.32581 1.72011 -1.2977 1.70002 0.929282
0.404511 0.325102 1.72051 -1.29974 1.70025 0.931117
0.403952 0.324394 1.7209 -1.30178 1.70047 0.932952
0.40339 0.323684 1.72131 -1.30382 1.7007 0.934791
0.402829 0.322973 1.72171 -1.30587 1.70093 0.936631
0.402268 0.322262 1.72211 -1.30791 1.70115 0.93847
0.401704 0.321548 1.72251 -1.30997 1.70139 0.940314
0.401141 0.320834 1.72292 -1.31202 1.70162 0.942157
0.400577 0.32012 1.72332 -1.31407 1.70185 0.944001
0.400011 0.319403 1.72373 -1.31613 1.70208 0.94585
0.399445 0.318686 1.72414 -1.31819 1.70231 0.947698
0.398879 0.317968 1.72455 -1.32025 1.70254 0.949546
0.398311 0.317247 1.72496 -1.32232 1.70278 0.9514
0.397742 0.316526 1.72538 -1.32439 1.70302 0.953253
0.397174 0.315805 1.72579 -1.32646 1.70325 0.955106
0.396603 0.315081 1.72621 -1.32854 1.70349 0.956965
0.396032 0.314356 1.72663 -1.33062 1.70373 0.958823
0.395461 0.313631 1.72704 -1.3327 1.70397 0.960682
0.394887 0.312902 1.72747 -1.33479 1.70421 0.962546
0.394313 0.312174 1.72789 -1.33687 1.70445 0.96441
0.393739 0.311445 1.72831 -1.33896 1.70469 0.966273
0.393162 0.310712 1.72874 -1.34106 1.70493 0.968143
0.392586 0.309979 1.72916 -1.34316 1.70518 0.970012
0.392009 0.309246 1.72959 -1.34526 1.70542 0.971882
0.391429 0.308509 1.73002 -1.34736 1.70567 0.973757
0.390849 0.307772 1.73046 -1.34947 1.70592 0.975633
0.39027 0.307035 1.73089 -1.35158 1.70617 0.977508
0.389687 0.306293 1.73133 -1.3537 1.70642 0.97939
0.389104 0.305551 1.73176 -1.35582 1.70667 0.981271
0.388521 0.304809 1.7322 -1.35794 1.70692 0.983153
0.387935 0.304063 1.73265 -1.36007 1.70717 0.985041
0.387349 0.303317 1.73309 -1.3622 1.70743 0.986929
0.386763 0.30257 1.73353 -1.36433 1.70768 0.988816
0.386173 0.301819 1.73398 -1.36647 1.70794 0.990711
0.385584 0.301068 1.73443 -1.36861 1.7082 0.992605
0.384994 0.300317 1.73488 -1.37075 1.70845 0.9945
0.384401 0.29956 1.73533 -1.3729 1.70872 0.996401
0.383808 0.298804 1.73579 -1.37506 1.70898 0.998303
0.383215 0.298048 1.73624 -1.37721 1.70924 1.0002
0.382619 0.297286 1.7367 -1.37938 1.7095 1.00211
0.382022 0.296525 1.73717 -1.38154 1.70977 1.00402
0.381426 0.295763 1.73763 -1.38371 1.71003 1.00593
0.380825 0.294996 1.73809 -1.38589 1.7103 1.00785
0.380225 0.294229 1.73856 -1.38806 1.71057 1.00976
0.379624 0.293462 1.73903 -1.39024 1.71084 1.01168
0.37902 0.29269 1.7395 -1.39244 1.71112 1.0136
0.378416 0.291917 1.73998 -1.39463 1.71139 1.01552
0.377812 0.291145 1.74045 -1.39682 1.71166 1.01745
0.377203 0.290367 1.74093 -1.39902 1.71194 1.01938
0.376595 0.289588 1.74141 -1.40123 1.71222 1.02131
0.375987 0.28881 1.74189 -1.40344 1.7125 1.02324
0.375375 0.288026 1.74238 -1.40566 1.71278 1.02518
0.374763 0.287242 1.74287 -1.40787 1.71306 1.02712
0.37415 0.286458 1.74336 -1.41009 1.71334 1.02906
0.373535 0.285669 1.74385 -1.41232 1.71363 1.031
0.372919 0.28488 1.74434 -1.41456 1.71391 1.03295
0.372303 0.284091 1.74484 -1.41679 1.7142 1.0349
0.371683 0.283296 1.74534 -1.41903 1.71449 1.03685
0.371064 0.282502 1.74584 -1.42128 1.71478 1.0388
0.370444 0.281707 1.74634 -1.42352 1.71507 1.04076
0.369821 0.280908 1.74684 -1.42578 1.71536 1.04272
0.369198 0.280108 1.74735 -1.42803 1.71565 1.04468
0.368575 0.279309 1.74785 -1.43029 1.71595 1.04664
0.367949 0.278504 1.74837 -1.43256 1.71624 1.04861
0.367322 0.2777 1.74888 -1.43483 1.71654 1.05057
0.366696 0.276895 1.74939 -1.43709 1.71684 1.05254
0.366066 0.276086 1.74991 -1.43937 1.71714 1.05451
0.365436 0.275277 1.75042 -1.44165 1.71744 1.05649
0.364807 0.274468 1.75094 -1.44393 1.71774 1.05846
0.364174 0.273655 1.75146 -1.44622 1.71804 1.06044
0.363541 0.272841 1.75199 -1.44851 1.71835 1.06242
0.362908 0.272027 1.75251 -1.4508 1.71865 1.0644
0.362272 0.271209 1.75304 -1.4531 1.71896 1.06638
0.361637 0.270392 1.75356 -1.4554 1.71926 1.06837
0.361001 0.269574 1.75409 -1.4577 1.71957 1.07035
0.360362 0.268752 1.75462 -1.46001 1.71988 1.07234
0.359723 0.26793 1.75516 -1.46232 1.72019 1.07433
0.359085 0.267107 1.75569 -1.46463 1.7205 1.07633
0.358443 0.266281 1.75623 -1.46695 1.72081 1.07832
0.357802 0.265455 1.75676 -1.46927 1.72113 1.08032
0.35716 0.264629 1.7573 -1.47159 1.72144 1.08231
0.356516 0.2638 1.75784 -1.47391 1.72175 1.08432
0.355872 0.26297 1.75838 -1.47624 1.72207 1.08632
0.355228 0.26214 1.75893 -1.47857 1.72239 1.08832
0.354582 0.261307 1.75947 -1.48091 1.7227 1.09033
0.353935 0.260473 1.76002 -1.48324 1.72302 1.09233
0.353288 0.25964 1.76056 -1.48558 1.72334 1.09434
0.352639 0.258803 1.76111 -1.48792 1.72366 1.09635
0.35199 0.257966 1.76166 -1.49027 1.72398 1.09836
0.351341 0.257129 1.76221 -1.49261 1.7243 1.10037
0.35069 0.256289 1.76277 -1.49497 1.72463 1.10239
0.350039 0.255449 1.76332 -1.49732 1.72495 1.1044
0.349388 0.254609 1.76387 -1.49967 1.72527 1.10642
0.348734 0.253766 1.76443 -1.50203 1.7256 1.10844
0.348081 0.252923 1.76499 -1.50439 1.72592 1.11046
0.347428 0.25208 1.76555 -1.50675 1.72625 1.11248
0.346772 0.251234 1.76611 -1.50912 1.72658 1.1145
0.346117 0.250388 1.76667 -1.51148 1.7269 1.11652
0.345462 0.249542 1.76723 -1.51385 1.72723 1.11855
0.344805 0.248693 1.76779 -1.51622 1.72756 1.12057
0.344147 0.247844 1.76836 -1.5186 1.72789 1.1226
0.34349 0.246996 1.76892 -1.52097 1.72822 1.12463
0.342831 0.246144 1.76949 -1.52335 1.72855 1.12666
0.342172 0.245293 1.77005 -1.52573 1.72888 1.12869
0.341513 0.244442 1.77062 -1.52811 1.72921 1.13072
0.340852 0.243588 1.77119 -1.53049 1.72955 1.13276
0.340192 0.242735 1.77176 -1.53288 1.72988 1.13479
0.339531 0.241881 1.77233 -1.53526 1.73021 1.13682
0.338869 0.241025 1.7729 -1.53765 1.73055 1.13886
0.338207 0.24017 1.77348 -1.54004 1.73088 1.1409
0.337545 0.239314 1.77405 -1.54243 1.73122 1.14293
0.336881 0.238456 1.77462 -1.54483 1.73155 1.14497
0.336218 0.237599 1.7752 -1.54722 1.73189 1.14701
0.335554 0.236741 1.77577 -1.54962 1.73223 1.14905
0.33489 0.235881 1.77635 -1.55201 1.73256 1.15109
0.334225 0.235022 1.77692 -1.55441 1.7329 1.15314
0.33356 0.234162 1.7775 -1.55681 1.73324 1.15518
0.332894 0.233301 1.77808 -1.55921 1.73358 1.15722
0.332229 0.23244 1.77866 -1.56162 1.73392 1.15927
0.331563 0.231579 1.77924 -1.56402 1.73425 1.16131
0.330896 0.230716 1.77982 -1.56643 1.73459 1.16336
0.330229 0.229854 1.7804 -1.56883 1.73493 1.1654
0.329562 0.228991 1.78098 -1.57124 1.73527 1.16745
0.328894 0.228127 1.78156 -1.57365 1.73561 1.1695
0.328227 0.227263 1.78214 -1.57606 1.73595 1.17154
0.327559 0.2264 1.78272 -1.57847 1.73629 1.17359
0.32689 0.225535 1.78331 -1.58088 1.73664 1.17564
0.326222 0.22467 1.78389 -1.58329 1.73698 1.17769
0.325553 0.223805 1.78447 -1.5857 1.73732 1.17974
0.324884 0.222939 1.78506 -1.58811 1.73766 1.18179
0.324215 0.222073 1.78564 -1.59053 1.738 1.18384
0.323546 0.221207 1.78623 -1.59294 1.73835 1.18589
0.322876 0.220341 1.78681 -1.59536 1.73869 1.18794
0.322207 0.219474 1.7874 -1.59777 1.73903 1.18999
0.321537 0.218608 1.78798 -1.60019 1.73937 1.19205
0.320867 0.217741 1.78857 -1.60261 1.73972 1.1941
0.320197 0.216873 1.78915 -1.60502 1.74006 1.19615
0.319527 0.216006 1.78974 -1.60744 1.7404 1.1982
0.318857 0.215139 1.79032 -1.60986 1.74075 1.20026
0.318187 0.214271 1.79091 -1.61227 1.74109 1.20231
0.317516 0.213404 1.7915 -1.61469 1.74143 1.20436
0.316846 0.212536 1.79208 -1.61711 1.74178 1.20641
0.316176 0.211669 1.79267 -1.61953 1.74212 1.20847
0.315505 0.210801 1.79325 -1.62195 1.74246 1.21052
0.314835 0.209933 1.79384 -1.62436 1.74281 1.21257
0.314164 0.209066 1.79443 -1.62678 1.74315 1.21463
0.313494 0.208198 1.79501 -1.6292 1.74349 1.21668
0.312824 0.207331 1.7956 -1.63162 1.74384 1.21873
0.312153 0.206463 1.79619 -1.63404 1.74418 1.22079
0.311483 0.205595 1.79677 -1.63645 1.74452 1.22284
0.310813 0.204728 1.79736 -1.63887 1.74487 1.22489
0.310142 0.20386 1.79794 -1.64129 1.74521 1.22694
0.309472 0.202992 1.79853 -1.64371 1.74555 1.229
0.308801 0.202125 1.79912 -1.64613 1.7459 1.23105
0.308131 0.201257 1.7997 -1.64855 1.74624 1.2331
0.307461 0.20039 1.80029 -1.65096 1.74658 1.23516
0.30679 0.199522 1.80088 -1.65338 1.74693 1.23721
0.30612 0.198654 1.80146 -1.6558 1.74727 1.23926
0.30545 0.197787 1.80205 -1.65822 1.74761 1.24132
0.304779 0.196919 1.80263 -1.66064 1.74796 1.24337
0.304109 0.196051 1.80322 -1.66305 1.7483 1.24542
0.303438 0.195184 1.80381 -1.66547 1.74864 1.24747
0.302768 0.194316 1.80439 -1.66789 1.74899 1.24953
0.302098 0.193449 1.80498 -1.67031 1.74933 1.25158
0.301427 0.192581 1.80557 -1.67273 1.74967 1.25363
0.300757 0.191713 1.80615 -1.67514 1.75002 1.25569
0.300086 0.190846 1.80674 -1.67756 1.75036 1.25774
0.299416 0.189978 1.80733 -1.67998 1.7507 1.25979
0.298746 0.18911 1.80791 -1.6824 1.75105 1.26185
0.298075 0.188243 1.8085 -1.68482 1.75139 1.2639
0.297405 0.187375 1.80908 -1.68723 1.75174 1.26595
0.296735 0.186508 1.80967 -1.68965 1.75208 1.268
0.296064 0.18564 1.81026 -1.69207 1.75242 1.27006
0.295394 0.184772 1.81084 -1.69449 1.75277 1.27211
0.294723 0.183905 1.81143 -1.69691 1.75311 1.27416
0.294053 0.183037 1.81202 -1.69932 1.75345 1.27622
0.293383 0.182169 1.8126 -1.70174 1.7538 1.27827
0.292712 0.181302 1.81319 -1.70416 1.75414 1.28032
0.292042 0.180434 1.81377 -1.70658 1.75448 1.28238
0.291372 0.179566 1.81436 -1.709 1.75483 1.28443
0.290701 0.178699 1.81495 -1.71142 1.75517 1.28648
0.290031 0.177831 1.81553 -1.71383 1.75551 1.28853
0.28936 0.176964 1.81612 -1.71625 1.75586 1.29059
0.28869 0.176096 1.81671 -1.71867 1.7562 1.29264
0.28802 0.175228 1.81729 -1.72109 1.75654 1.29469
0.287349 0.174361 1.81788 -1.72351 1.75689 1.29675
0.286679 0.173493 1.81846 -1.72592 1.75723 1.2988
0.286009 0.172625 1.81905 -1.72834 1.75757 1.30085
0.285338 0.171758 1.81964 -1.73076 1.75792 1.30291
0.284668 0.17089 1.82022 -1.73318 1.75826 1.30496
0.283997 0.170023 1.82081 -1.7356 1.7586 1.30701
0.283327 0.169155 1.8214 -1.73801 1.75895 1.30906
0.282657 0.168287 1.82198 -1.74043 1.75929 1.31112
0.281986 0.16742 1.82257 -1.74285 1.75963 1.31317
0.281316 0.166552 1.82315 -1.74527 1.75998 1.31522
0.280646 0.165684 1.82374 -1.74769 1.76032 1.31728
0.279975 0.164817 1.82433 -1.7501 1.76066 1.31933
0.279305 0.163949 1.82491 -1.75252 1.76101 1.32138
0.278634 0.163082 1.8255 -1.75494 1.76135 1.32344
0.277964 0.162214 1.82609 -1.75736 1.76169 1.32549
0.277294 0.161346 1.82667 -1.75978 1.76204 1.32754
0.276623 0.160479 1.82726 -1.7622 1.76238 1.32959
0.275953 0.159611 1.82785 -1.76461 1.76272 1.33165
0.275283 0.158743 1.82843 -1.76703 1.76307 1.3337
0.274612 0.157876 1.82902 -1.76945 1.76341 1.33575
0.273942 0.157008 1.8296 -1.77187 1.76376 1.33781
0.273271 0.156141 1.83019 -1.77429 1.7641 1.33986
0.272601 0.155273 1.83078 -1.7767 1.76444 1.34191
0.271931 0.154405 1.83136 -1.77912 1.76479 1.34397
0.27126 0.153538 1.83195 -1.78154 1.76513 1.34602
0.27059 0.15267 1.83254 -1.78396 1.76547 1.34807
0.26992 0.151802 1.83312 -1.78638 1.76582 1.35012
0.269249 0.150935 1.83371 -1.78879 1.76616 1.35218
0.268579 0.150067 1.83429 -1.79121 1.7665 1.35423
0.267908 0.149199 1.83488 -1.79363 1.76685 1.35628
0.267238 0.148332 1.83547 -1.79605 1.76719 1.35834
0.266568 0.147464 1.83605 -1.79847 1.76753 1.36039
0.265897 0.146597 1.83664 -1.80088 1.76788 1.36244
0.265227 0.145729 1.83723 -1.8033 1.76822 1.3645
0.264557 0.144861 1.83781 -1.80572 1.76856 1.36655
0.263886 0.143994 1.8384 -1.80814 1.76891 1.3686
0.263216 0.143126 1.83898 -1.81056 1.76925 1.37065
0.262545 0.142258 1.83957 -1.81298 1.76959 1.37271
0.261875 0.141391 1.84016 -1.81539 1.76994 1.37476
0.261205 0.140523 1.84074 -1.81781 1.77028 1.37681
0.260534 0.139656 1.84133 -1.82023 1.77062 1.37887
0.259864 0.138788 1.84192 -1.82265 1.77097 1.38092
0.259194 0.13792 1.8425 -1.82507 1.77131 1.38297
0.258523 0.137053 1.84309 -1.82748 1.77165 1.38503
0.257853 0.136185 1.84367 -1.8299 1.772 1.38708
0.257182 0.135317 1.84426 -1.83232 1.77234 1.38913
0.256512 0.13445 1.84485 -1.83474 1.77268 1.39118
0.255842 0.133582 1.84543 -1.83716 1.77303 1.39324
0.255171 0.132715 1.84602 -1.83957 1.77337 1.39529
0.254501 0.131847 1.84661 -1.84199 1.77371 1.39734
0.253831 0.130979 1.84719 -1.84441 1.77406 1.3994
0.25316 0.130112 1.84778 -1.84683 1.7744 1.40145
0.25249 0.129244 1.84836 -1.84925 1.77474 1.4035
0.251819 0.128376 1.84895 -1.85166 1.77509 1.40556
0.251149 0.127509 1.84954 -1.85408 1.77543 1.40761
0.250479 0.126641 1.85012 -1.8565 1.77578 1.40966
0.249808 0.125774 1.85071 -1.85892 1.77612 1.41171
0.249138 0.124906 1.8513 -1.86134 1.77646 1.41377
0.248467 0.124038 1.85188 -1.86375 1.77681 1.41582
0.247797 0.123171 1.85247 -1.86617 1.77715 1.41787
0.247127 0.122303 1.85306 -1.86859 1.77749 1.41993
0.246456 0.121435 1.85364 -1.87101 1.77784 1.42198
0.245786 0.120568 1.85423 -1.87343 1.77818 1.42403
0.245116 0.1197 1.85481 -1.87585 1.77852 1.42608
0.244445 0.118832 1.8554 -1.87826 1.77887 1.42814
0.243775 0.117965 1.85599 -1.88068 1.77921 1.43019
0.243104 0.117097 1.85657 -1.8831 1.77955 1.43224
0.242434 0.11623 1.85716 -1.88552 1.7799 1.4343
0.241764 0.115362 1.85775 -1.88794 1.78024 1.43635
0.241093 0.114494 1.85833 -1.89035 1.78058 1.4384
0.240423 0.113627 1.85892 -1.89277 1.78093 1.44046
0.239753 0.112759 1.8595 -1.89519 1.78127 1.44251
0.239082 0.111891 1.86009 -1.89761 1.78161 1.44456
0.238412 0.111024 1.86068 -1.90003 1.78196 1.44661
0.237741 0.110156 1.86126 -1.90244 1.7823 1.44867
0.237071 0.109289 1.86185 -1.90486 1.78264 1.45072
0.236401 0.108421 1.86244 -1.90728 1.78299 1.45277
0.23573 0.107553 1.86302 -1.9097 1.78333 1.45483
0.23506 0.106686 1.86361 -1.91212 1.78367 1.45688
0.23439 0.105818 1.86419 -1.91453 1.78402 1.45893
0.233719 0.10495 1.86478 -1.91695 1.78436 1.46099
0.233049 0.104083 1.86537 -1.91937 1.7847 1.46304
0.232378 0.103215 1.86595 -1.92179 1.78505 1.46509
0.231708 0.102348 1.86654 -1.92421 1.78539 1.46714
0.231038 0.10148 1.86713 -1.92663 1.78573 1.4692
0.230367 0.100612 1.86771 -1.92904 1.78608 1.47125
0.229697 0.0997446 1.8683 -1.93146 1.78642 1.4733
0.229027 0.098877 1.86888 -1.93388 1.78676 1.47536
0.228356 0.0980094 1.86947 -1.9363 1.78711 1.47741
0.227686 0.0971418 1.87006 -1.93872 1.78745 1.47946
0.227015 0.0962741 1.87064 -1.94113 1.7878 1.48152
0.226345 0.0954065 1.87123 -1.94355 1.78814 1.48357
0.225675 0.0945389 1.87182 -1.94597 1.78848 1.48562
0.225004 0.0936712 1.8724 -1.94839 1.78883 1.48767
0.224334 0.0928036 1.87299 -1.95081 1.78917 1.48973
0.223664 0.091936 1.87357 -1.95322 1.78951 1.49178
0.222993 0.0910684 1.87416 -1.95564 1.78986 1.49383
0.222323 0.0902007 1.87475 -1.95806 1.7902 1.49589
0.221652 0.0893331 1.87533 -1.96048 1.79054 1.49794
0.220982 0.0884655 1.87592 -1.9629 1.79089 1.49999
0.220312 0.0875978 1.87651 -1.96531 1.79123 1.50205
0.219641 0.0867302 1.87709 -1.96773 1.79157 1.5041
0.218971 0.0858626 1.87768 -1.97015 1.79192 1.50615
0.218301 0.084995 1.87827 -1.97257 1.79226 1.5082
0.21763 0.0841273 1.87885 -1.97499 1.7926 1.51026
0.21696 0.0832597 1.87944 -1.97741 1.79295 1.51231
0.216289 0.0823921 1.88002 -1.97982 1.79329 1.51436
0.215619 0.0815244 1.88061 -1.98224 1.79363 1.51642
0.214949 0.0806568 1.8812 -1.98466 1.79398 1.51847
0.214278 0.0797892 1.88178 -1.98708 1.79432 1.52052
0.213608 0.0789216 1.88237 -1.9895 1.79466 1.52258
0.212938 0.0780539 1.88296 -1.99191 1.79501 1.52463
0.212267 0.0771863 1.88354 -1.99433 1.79535 1.52668
0.211597 0.0763187 1.88413 -1.99675 1.79569 1.52873
0.210926 0.075451 1.88471 -1.99917 1.79604 1.53079
0.210256 0.0745834 1.8853 -2.00159 1.79638 1.53284
0.209586 0.0737158 1.88589 -2.004 1.79672 1.53489
0.208915 0.0728482 1.88647 -2.00642 1.79707 1.53695
0.208245 0.0719805 1.88706 -2.00884 1.79741 1.539
0.207575 0.0711129 1.88765 -2.01126 1.79775 1.54105
0.206904 0.0702453 1.88823 -2.01368 1.7981 1.54311
0.206234 0.0693776 1.88882 -2.01609 1.79844 1.54516
0.205563 0.06851 1.8894 -2.01851 1.79878 1.54721
0.204893 0.0676424 1.88999 -2.02093 1.79913 1.54926
0.204223 0.0667748 1.89058 -2.02335 1.79947 1.55132
0.203552 0.0659071 1.89116 -2.02577 1.79982 1.55337
0.202882 0.0650395 1.89175 -2.02818 1.80016 1.55542
0.202212 0.0641719 1.89234 -2.0306 1.8005 1.55748
0.201541 0.0633042 1.89292 -2.03302 1.80085 1.55953
0.200871 0.0624366 1.89351 -2.03544 1.80119 1.56158
0.2002 0.061569 1.89409 -2.03786 1.80153 1.56364
0.19953 0.0607013 1.89468 -2.04028 1.80188 1.56569
0.19886 0.0598337 1.89527 -2.04269 1.80222 1.56774
0.198189 0.0589661 1.89585 -2.04511 1.80256 1.56979
0.197519 0.0580985 1.89644 -2.04753 1.80291 1.57185
0.196848 0.0572308 1.89703 -2.04995 1.80325 1.5739
0.196178 0.0563632 1.89761 -2.05237 1.80359 1.57595
0.195508 0.0554956 1.8982 -2.05478 1.80394 1.57801
0.194837 0.0546279 1.89878 -2.0572 1.80428 1.58006
0.194167 0.0537603 1.89937 -2.05962 1.80462 1.58211
0.193497 0.0528927 1.89996 -2.06204 1.80497 1.58417
0.192826 0.0520251 1.90054 -2.06446 1.80531 1.58622
0.192156 0.0511574 1.90113 -2.06687 1.80565 1.58827
0.191485 0.0502898 1.90172 -2.06929 1.806 1.59032
0.190815 0.0494222 1.9023 -2.07171 1.80634 1.59238
0.190145 0.0485545 1.90289 -2.07413 1.80668 1.59443
0.189474 0.0476869 1.90348 -2.07655 1.80703 1.59648
0.188804 0.0468193 1.90406 -2.07896 1.80737 1.59854
0.187798 0.0455178 1.90494 -2.08259 1.80789 1.60162
0.186793 0.0442164 1.90582 -2.08622 1.8084 1.6047
0.185787 0.042915 1.9067 -2.08985 1.80892 1.60778
0.184782 0.0416135 1.90758 -2.09347 1.80943 1.61085
0.184111 0.0407459 1.90817 -2.09589 1.80977 1.61291
0.183441 0.0398783 1.90875 -2.09831 1.81012 1.61496
0.182771 0.0390106 1.90934 -2.10073 1.81046 1.61701
0.181765 0.0377092 1.91022 -2.10435 1.81098 1.62009
0.180759 0.0364077 1.9111 -2.10798 1.81149 1.62317
0.180089 0.0355401 1.91168 -2.1104 1.81184 1.62523
0.179419 0.0346725 1.91227 -2.11282 1.81218 1.62728
0.178748 0.0338049 1.91286 -2.11524 1.81252 1.62933
0.177743 0.0325034 1.91374 -2.11886 1.81304 1.63241
0.176737 0.031202 1.91461 -2.12249 1.81355 1.63549
0.176067 0.0303343 1.9152 -2.12491 1.8139 1.63754
0.175396 0.0294667 1.91579 -2.12733 1.81424 1.6396
0.174726 0.0285991 1.91637 -2.12974 1.81458 1.64165
0.17372 0.0272976 1.91725 -2.13337 1.8151 1.64473
0.172715 0.0259962 1.91813 -2.137 1.81561 1.64781
0.172045 0.0251286 1.91872 -2.13942 1.81596 1.64986
0.171374 0.0242609 1.9193 -2.14184 1.8163 1.65191
0.170704 0.0233933 1.91989 -2.14425 1.81664 1.65397
0.169698 0.0220919 1.92077 -2.14788 1.81716 1.65705
0.168693 0.0207904 1.92165 -2.15151 1.81767 1.66013
0.168022 0.0199228 1.92224 -2.15393 1.81802 1.66218
0.167352 0.0190552 1.92282 -2.15634 1.81836 1.66423
0.166682 0.0181875 1.92341 -2.15876 1.8187 1.66629
0.165676 0.0168861 1.92429 -2.16239 1.81922 1.66937
0.16467 0.0155847 1.92517 -2.16602 1.81973 1.67244
0.164 0.014717 1.92575 -2.16843 1.82008 1.6745
0.16333 0.0138494 1.92634 -2.17085 1.82042 1.67655
0.162659 0.0129818 1.92693 -2.17327 1.82076 1.6786
0.161654 0.0116803 1.92781 -2.1769 1.82128 1.68168
0.160648 0.0103789 1.92869 -2.18052 1.82179 1.68476
0.159978 0.00951125 1.92927 -2.18294 1.82214 1.68682
0.159307 0.00864362 1.92986 -2.18536 1.82248 1.68887
0.158637 0.007776 1.93044 -2.18778 1.82282 1.69092
0.157631 0.00647455 1.93132 -2.19141 1.82334 1.694
0.156626 0.00517311 1.9322 -2.19503 1.82386 1.69708
0.155956 0.00430548 1.93279 -2.19745 1.8242 1.69913
0.155285 0.00343785 1.93338 -2.19987 1.82454 1.70119
0.154615 0.00257022 1.93396 -2.20229 1.82489 1.70324
0.153609 0.00126878 1.93484 -2.20591 1.8254 1.70632
0.152604 -3.26637e-05 1.93572 -2.20954 1.82592 1.7094
0.151933 -0.000900292 1.93631 -2.21196 1.82626 1.71145
0.151263 -0.00176792 1.93689 -2.21438 1.8266 1.7135
0.150593 -0.00263555 1.93748 -2.2168 1.82695 1.71556
0.149587 -0.00393699 1.93836 -2.22042 1.82746 1.71864
0.148581 -0.00523844 1.93924 -2.22405 1.82798 1.72172
0.147911 -0.00610607 1.93982 -2.22647 1.82832 1.72377
0.147241 -0.00697369 1.94041 -2.22889 1.82866 1.72582
0.14657 -0.00784132 1.941 -2.2313 1.82901 1.72788
0.145565 -0.00914277 1.94188 -2.23493 1.82952 1.73095
0.144559 -0.0104442 1.94276 -2.23856 1.83004 1.73403
0.143889 -0.0113118 1.94334 -2.24098 1.83038 1.73609
0.143218 -0.0121795 1.94393 -2.24339 1.83072 1.73814
0.142548 -0.0130471 1.94451 -2.24581 1.83107 1.74019
0.141542 -0.0143485 1.94539 -2.24944 1.83158 1.74327
0.140537 -0.01565 1.94627 -2.25307 1.8321 1.74635
0.139866 -0.0165176 1.94686 -2.25549 1.83244 1.74841
0.139196 -0.0173852 1.94745 -2.2579 1.83278 1.75046
0.138526 -0.0182529 1.94803 -2.26032 1.83313 1.75251
0.13752 -0.0195543 1.94891 -2.26395 1.83364 1.75559
0.136515 -0.0208558 1.94979 -2.26758 1.83416 1.75867
0.135844 -0.0217234 1.95038 -2.26999 1.8345 1.76072
0.135174 -0.022591 1.95096 -2.27241 1.83484 1.76278
0.134503 -0.0234586 1.95155 -2.27483 1.83519 1.76483
0.133498 -0.0247601 1.95243 -2.27846 1.8357 1.76791
0.132492 -0.0260615 1.95331 -2.28208 1.83622 1.77099
0.131822 -0.0269292 1.9539 -2.2845 1.83656 1.77304
0.131152 -0.0277968 1.95448 -2.28692 1.83691 1.77509
0.130481 -0.0286644 1.95507 -2.28934 1.83725 1.77715
0.129476 -0.0299659 1.95595 -2.29297 1.83776 1.78023
0.12847 -0.0312673 1.95683 -2.29659 1.83828 1.78331
0.1278 -0.0321349 1.95741 -2.29901 1.83862 1.78536
0.127129 -0.0330026 1.958 -2.30143 1.83897 1.78741
0.126459 -0.0338702 1.95859 -2.30385 1.83931 1.78947
0.125453 -0.0351716 1.95946 -2.30747 1.83982 1.79254
0.124448 -0.0364731 1.96034 -2.3111 1.84034 1.79562
0.123442 -0.0377745 1.96122 -2.31473 1.84085 1.7987
0.122437 -0.039076 1.9621 -2.31836 1.84137 1.80178
