0.780595 0.596657 1.88672 -1.41847 1.00895 2.98425
0.779828 0.594942 1.88727 -1.41687 1.00983 2.98082
0.77906 0.593227 1.88781 -1.41528 1.0107 2.97738
0.778293 0.591512 1.88836 -1.41368 1.01158 2.97394
0.777525 0.589798 1.88891 -1.41208 1.01246 2.97051
0.776758 0.588083 1.88945 -1.41048 1.01334 2.96707
0.77599 0.586368 1.89 -1.40888 1.01421 2.96363
0.775223 0.584653 1.89054 -1.40729 1.01509 2.9602
0.774455 0.582939 1.89109 -1.40569 1.01597 2.95676
0.773688 0.581224 1.89163 -1.40409 1.01684 2.95332
0.77292 0.579509 1.89218 -1.40249 1.01772 2.94989
0.772153 0.577794 1.89272 -1.40089 1.0186 2.94645
0.771385 0.57608 1.89327 -1.3993 1.01948 2.94301
0.770618 0.574365 1.89381 -1.3977 1.02035 2.93958
0.76985 0.57265 1.89436 -1.3961 1.02123 2.93614
0.769083 0.570935 1.8949 -1.3945 1.02211 2.9327
0.768315 0.56922 1.89545 -1.3929 1.02298 2.92927
0.767548 0.567506 1.89599 -1.39131 1.02386 2.92583
0.76678 0.565791 1.89654 -1.38971 1.02474 2.92239
0.766013 0.564076 1.89708 -1.38811 1.02562 2.91896
0.765245 0.562361 1.89763 -1.38651 1.02649 2.91552
0.764478 0.560647 1.89817 -1.38491 1.02737 2.91208
0.76371 0.558932 1.89872 -1.38332 1.02825 2.90865
0.762943 0.557217 1.89926 -1.38172 1.02912 2.90521
0.762175 0.555502 1.89981 -1.38012 1.03 2.90177
0.761408 0.553788 1.90035 -1.37852 1.03088 2.89834
0.76064 0.552073 1.9009 -1.37692 1.03176 2.8949
0.759873 0.550358 1.90144 -1.37533 1.03263 2.89146
0.759105 0.548643 1.90199 -1.37373 1.03351 2.88803
0.758338 0.546928 1.90253 -1.37213 1.03439 2.88459
0.757571 0.545214 1.90308 -1.37053 1.03526 2.88115
0.756803 0.543499 1.90362 -1.36893 1.03614 2.87772
0.756036 0.541784 1.90417 -1.36734 1.03702 2.87428
0.755268 0.540069 1.90471 -1.36574 1.0379 2.87084
0.754501 0.538355 1.90526 -1.36414 1.03877 2.86741
0.753733 0.53664 1.90581 -1.36254 1.03965 2.86397
0.752966 0.534925 1.90635 -1.36094 1.04053 2.86053
0.752198 0.53321 1.9069 -1.35935 1.0414 2.8571
0.751431 0.531496 1.90744 -1.35775 1.04228 2.85366
0.750663 0.529781 1.90799 -1.35615 1.04316 2.85022
0.749896 0.528066 1.90853 -1.35455 1.04404 2.84679
0.749128 0.526351 1.90908 -1.35295 1.04491 2.84335
0.748361 0.524636 1.90962 -1.35136 1.04579 2.83991
0.747593 0.522922 1.91017 -1.34976 1.04667 2.83648
0.746826 0.521207 1.91071 -1.34816 1.04754 2.83304
0.746058 0.519492 1.91126 -1.34656 1.04842 2.8296
0.745291 0.517777 1.9118 -1.34496 1.0493 2.82617
0.744523 0.516063 1.91235 -1.34337 1.05018 2.82273
0.743756 0.514348 1.91289 -1.34177 1.05105 2.81929
0.742988 0.512633 1.91344 -1.34017 1.05193 2.81586
0.742221 0.510918 1.91398 -1.33857 1.05281 2.81242
0.741453 0.509204 1.91453 -1.33697 1.05368 2.80898
0.740686 0.507489 1.91507 -1.33538 1.05456 2.80555
0.739918 0.505774 1.91562 -1.33378 1.05544 2.80211
0.739151 0.504059 1.91616 -1.33218 1.05632 2.79867
0.738383 0.502344 1.91671 -1.33058 1.05719 2.79524
0.737616 0.50063 1.91725 -1.32898 1.05807 2.7918
0.736848 0.498915 1.9178 -1.32739 1.05895 2.78836
0.736081 0.4972 1.91834 -1.32579 1.05982 2.78493
0.735313 0.495485 1.91889 -1.32419 1.0607 2.78149
0.734546 0.493771 1.91943 -1.32259 1.06158 2.77805
0.733778 0.492056 1.91998 -1.32099 1.06246 2.77462
0.733011 0.490341 1.92052 -1.3194 1.06333 2.77118
0.732243 0.488626 1.92107 -1.3178 1.06421 2.76774
0.731476 0.486912 1.92161 -1.3162 1.06509 2.76431
0.730709 0.485197 1.92216 -1.3146 1.06596 2.76087
0.729941 0.483482 1.92271 -1.313 1.06684 2.75743
0.729174 0.481767 1.92325 -1.31141 1.06772 2.754
0.728406 0.480052 1.9238 -1.30981 1.0686 2.75056
0.727639 0.478338 1.92434 -1.30821 1.06947 2.74712
0.726871 0.476623 1.92489 -1.30661 1.07035 2.74369
0.726104 0.474908 1.92543 -1.30501 1.07123 2.74025
0.725336 0.473193 1.92598 -1.30342 1.0721 2.73681
0.724569 0.471479 1.92652 -1.30182 1.07298 2.73338
0.723801 0.469764 1.92707 -1.30022 1.07386 2.72994
0.723034 0.468049 1.92761 -1.29862 1.07474 2.7265
0.722266 0.466334 1.92816 -1.29702 1.07561 2.72307
0.721499 0.46462 1.9287 -1.29543 1.07649 2.71963
0.720731 0.462905 1.92925 -1.29383 1.07737 2.71619
0.719964 0.46119 1.92979 -1.29223 1.07824 2.71276
0.719196 0.459475 1.93034 -1.29063 1.07912 2.70932
0.718429 0.45776 1.93088 -1.28903 1.08 2.70588
0.717661 0.456046 1.93143 -1.28744 1.08088 2.70245
0.716894 0.454331 1.93197 -1.28584 1.08175 2.69901
0.716126 0.452616 1.93252 -1.28424 1.08263 2.69557
0.715359 0.450901 1.93306 -1.28264 1.08351 2.69214
0.714591 0.449187 1.93361 -1.28104 1.08438 2.6887
0.713824 0.447472 1.93415 -1.27945 1.08526 2.68526
0.713056 0.445757 1.9347 -1.27785 1.08614 2.68183
0.712289 0.444042 1.93524 -1.27625 1.08702 2.67839
0.711521 0.442328 1.93579 -1.27465 1.08789 2.67495
0.710754 0.440613 1.93633 -1.27305 1.08877 2.67152
0.709986 0.438898 1.93688 -1.27146 1.08965 2.66808
0.709219 0.437183 1.93742 -1.26986 1.09052 2.66464
0.708451 0.435468 1.93797 -1.26826 1.0914 2.66121
0.707684 0.433754 1.93851 -1.26666 1.09228 2.65777
0.706916 0.432039 1.93906 -1.26506 1.09316 2.65433
0.706149 0.430324 1.93961 -1.26347 1.09403 2.6509
0.705381 0.428609 1.94015 -1.26187 1.09491 2.64746
0.704614 0.426895 1.9407 -1.26027 1.09579 2.64402
0.703847 0.42518 1.94124 -1.25867 1.09666 2.64059
0.703079 0.423465 1.94179 -1.25707 1.09754 2.63715
0.702312 0.42175 1.94233 -1.25548 1.09842 2.63371
0.701544 0.420036 1.94288 -1.25388 1.0993 2.63028
0.700777 0.418321 1.94342 -1.25228 1.10017 2.62684
0.700009 0.416606 1.94397 -1.25068 1.10105 2.6234
0.699242 0.414891 1.94451 -1.24908 1.10193 2.61996
0.698474 0.413176 1.94506 -1.24749 1.1028 2.61653
0.697707 0.411462 1.9456 -1.24589 1.10368 2.61309
0.696939 0.409747 1.94615 -1.24429 1.10456 2.60965
0.696172 0.408032 1.94669 -1.24269 1.10544 2.60622
0.695404 0.406317 1.94724 -1.24109 1.10631 2.60278
0.694637 0.404603 1.94778 -1.2395 1.10719 2.59934
0.693869 0.402888 1.94833 -1.2379 1.10807 2.59591
0.693102 0.401173 1.94887 -1.2363 1.10894 2.59247
0.692334 0.399458 1.94942 -1.2347 1.10982 2.58903
0.691567 0.397744 1.94996 -1.2331 1.1107 2.5856
0.690799 0.396029 1.95051 -1.23151 1.11158 2.58216
0.690032 0.394314 1.95105 -1.22991 1.11245 2.57872
0.689264 0.392599 1.9516 -1.22831 1.11333 2.57529
0.688497 0.390884 1.95214 -1.22671 1.11421 2.57185
0.687729 0.38917 1.95269 -1.22511 1.11508 2.56841
0.686962 0.387455 1.95323 -1.22352 1.11596 2.56498
0.686194 0.38574 1.95378 -1.22192 1.11684 2.56154
0.685427 0.384025 1.95432 -1.22032 1.11772 2.5581
0.684659 0.382311 1.95487 -1.21872 1.11859 2.55467
0.683892 0.380596 1.95541 -1.21712 1.11947 2.55123
0.683124 0.378881 1.95596 -1.21553 1.12035 2.54779
0.682357 0.377166 1.95651 -1.21393 1.12122 2.54436
0.681589 0.375452 1.95705 -1.21233 1.1221 2.54092
0.680822 0.373737 1.9576 -1.21073 1.12298 2.53748
0.680054 0.372022 1.95814 -1.20913 1.12386 2.53405
0.679287 0.370307 1.95869 -1.20754 1.12473 2.53061
0.678519 0.368592 1.95923 -1.20594 1.12561 2.52717
0.677752 0.366878 1.95978 -1.20434 1.12649 2.52374
0.676985 0.365163 1.96032 -1.20274 1.12736 2.5203
0.676217 0.363448 1.96087 -1.20114 1.12824 2.51686
0.67545 0.361733 1.96141 -1.19955 1.12912 2.51343
0.674682 0.360019 1.96196 -1.19795 1.13 2.50999
0.673915 0.358304 1.9625 -1.19635 1.13087 2.50655
0.673147 0.356589 1.96305 -1.19475 1.13175 2.50312
0.67238 0.354874 1.96359 -1.19315 1.13263 2.49968
0.671612 0.35316 1.96414 -1.19156 1.1335 2.49624
0.670845 0.351445 1.96468 -1.18996 1.13438 2.49281
0.670077 0.34973 1.96523 -1.18836 1.13526 2.48937
0.66931 0.348015 1.96577 -1.18676 1.13614 2.48593
0.668542 0.3463 1.96632 -1.18516 1.13701 2.4825
0.667775 0.344586 1.96686 -1.18357 1.13789 2.47906
0.667007 0.342871 1.96741 -1.18197 1.13877 2.47562
0.66624 0.341156 1.96795 -1.18037 1.13964 2.47219
0.665472 0.339441 1.9685 -1.17877 1.14052 2.46875
0.664705 0.337727 1.96904 -1.17717 1.1414 2.46531
0.663937 0.336012 1.96959 -1.17558 1.14228 2.46188
0.66317 0.334297 1.97013 -1.17398 1.14315 2.45844
0.662402 0.332582 1.97068 -1.17238 1.14403 2.455
0.661635 0.330868 1.97122 -1.17078 1.14491 2.45157
0.660867 0.329153 1.97177 -1.16918 1.14578 2.44813
0.6601 0.327438 1.97232 -1.16759 1.14666 2.44469
0.659332 0.325723 1.97286 -1.16599 1.14754 2.44126
0.658565 0.324008 1.97341 -1.16439 1.14842 2.43782
0.657797 0.322294 1.97395 -1.16279 1.14929 2.43438
0.65703 0.320579 1.9745 -1.16119 1.15017 2.43095
0.656262 0.318864 1.97504 -1.1596 1.15105 2.42751
0.655495 0.317149 1.97559 -1.158 1.15192 2.42407
0.654727 0.315435 1.97613 -1.1564 1.1528 2.42064
0.65396 0.31372 1.97668 -1.1548 1.15368 2.4172
0.653192 0.312005 1.97722 -1.1532 1.15456 2.41376
0.652425 0.31029 1.97777 -1.15161 1.15543 2.41033
0.651657 0.308576 1.97831 -1.15001 1.15631 2.40689
0.65089 0.306861 1.97886 -1.14841 1.15719 2.40345
0.650123 0.305146 1.9794 -1.14681 1.15806 2.40002
0.649355 0.303431 1.97995 -1.14521 1.15894 2.39658
0.648588 0.301716 1.98049 -1.14362 1.15982 2.39314
0.64782 0.300002 1.98104 -1.14202 1.1607 2.38971
0.647053 0.298287 1.98158 -1.14042 1.16157 2.38627
0.646285 0.296572 1.98213 -1.13882 1.16245 2.38283
0.645518 0.294857 1.98267 -1.13722 1.16333 2.3794
0.64475 0.293143 1.98322 -1.13563 1.1642 2.37596
0.643983 0.291428 1.98376 -1.13403 1.16508 2.37252
0.643215 0.289713 1.98431 -1.13243 1.16596 2.36909
0.642448 0.287998 1.98485 -1.13083 1.16684 2.36565
0.64168 0.286284 1.9854 -1.12923 1.16771 2.36221
0.640913 0.284569 1.98594 -1.12764 1.16859 2.35878
0.640145 0.282854 1.98649 -1.12604 1.16947 2.35534
0.639378 0.281139 1.98703 -1.12444 1.17034 2.3519
0.63861 0.279424 1.98758 -1.12284 1.17122 2.34847
0.637843 0.27771 1.98812 -1.12124 1.1721 2.34503
0.637075 0.275995 1.98867 -1.11965 1.17298 2.34159
0.636308 0.27428 1.98922 -1.11805 1.17385 2.33816
0.63554 0.272565 1.98976 -1.11645 1.17473 2.33472
0.634773 0.270851 1.99031 -1.11485 1.17561 2.33128
0.634005 0.269136 1.99085 -1.11325 1.17648 2.32785
0.633238 0.267421 1.9914 -1.11166 1.17736 2.32441
0.63247 0.265706 1.99194 -1.11006 1.17824 2.32097
0.631703 0.263992 1.99249 -1.10846 1.17912 2.31754
0.630935 0.262277 1.99303 -1.10686 1.17999 2.3141
0.630168 0.260562 1.99358 -1.10526 1.18087 2.31066
0.6294 0.258847 1.99412 -1.10367 1.18175 2.30723
0.628633 0.257132 1.99467 -1.10207 1.18262 2.30379
0.627865 0.255418 1.99521 -1.10047 1.1835 2.30035
0.627098 0.253703 1.99576 -1.09887 1.18438 2.29692
0.62633 0.251988 1.9963 -1.09727 1.18526 2.29348
0.625563 0.250273 1.99685 -1.09568 1.18613 2.29004
0.624795 0.248559 1.99739 -1.09408 1.18701 2.28661
0.624028 0.246844 1.99794 -1.09248 1.18789 2.28317
0.62326 0.245129 1.99848 -1.09088 1.18876 2.27973
0.622493 0.243414 1.99903 -1.08928 1.18964 2.2763
0.621726 0.2417 1.99957 -1.08769 1.19052 2.27286
0.620958 0.239985 2.00012 -1.08609 1.1914 2.26942
0.620191 0.23827 2.00066 -1.08449 1.19227 2.26599
0.619423 0.236555 2.00121 -1.08289 1.19315 2.26255
0.618656 0.23484 2.00175 -1.08129 1.19403 2.25911
0.617888 0.233126 2.0023 -1.0797 1.1949 2.25568
0.617121 0.231411 2.00284 -1.0781 1.19578 2.25224
0.616353 0.229696 2.00339 -1.0765 1.19666 2.2488
0.615586 0.227981 2.00393 -1.0749 1.19754 2.24536
0.614818 0.226267 2.00448 -1.0733 1.19841 2.24193
0.614051 0.224552 2.00502 -1.07171 1.19929 2.23849
0.613283 0.222837 2.00557 -1.07011 1.20017 2.23505
0.612516 0.221122 2.00612 -1.06851 1.20104 2.23162
0.611748 0.219408 2.00666 -1.06691 1.20192 2.22818
0.610981 0.217693 2.00721 -1.06531 1.2028 2.22474
0.610213 0.215978 2.00775 -1.06372 1.20368 2.22131
0.609446 0.214263 2.0083 -1.06212 1.20455 2.21787
0.608678 0.212548 2.00884 -1.06052 1.20543 2.21443
0.607911 0.210834 2.00939 -1.05892 1.20631 2.211
0.607143 0.209119 2.00993 -1.05732 1.20718 2.20756
0.606376 0.207404 2.01048 -1.05573 1.20806 2.20412
0.605608 0.205689 2.01102 -1.05413 1.20894 2.20069
0.604841 0.203975 2.01157 -1.05253 1.20982 2.19725
0.604073 0.20226 2.01211 -1.05093 1.21069 2.19381
0.603306 0.200545 2.01266 -1.04933 1.21157 2.19038
0.602537 0.198831 2.0132 -1.04774 1.21245 2.18694
0.601769 0.197116 2.01375 -1.04614 1.21332 2.1835
0.601 0.195402 2.01429 -1.04454 1.2142 2.18007
0.600232 0.193687 2.01484 -1.04294 1.21508 2.17663
0.599463 0.191973 2.01538 -1.04134 1.21595 2.17319
0.598695 0.190258 2.01593 -1.03975 1.21683 2.16975
0.597926 0.188544 2.01647 -1.03815 1.21771 2.16632
0.597155 0.18683 2.01702 -1.03655 1.21858 2.16288
0.596385 0.185116 2.01756 -1.03495 1.21946 2.15944
0.595614 0.183402 2.01811 -1.03335 1.22033 2.156
0.594844 0.181688 2.01865 -1.03176 1.22121 2.15256
0.594073 0.179974 2.0192 -1.03016 1.22209 2.14912
0.593302 0.17826 2.01974 -1.02856 1.22296 2.14568
0.592532 0.176546 2.02029 -1.02696 1.22384 2.14224
0.591758 0.174833 2.02083 -1.02537 1.22471 2.1388
0.590984 0.173119 2.02138 -1.02377 1.22559 2.13536
0.59021 0.171406 2.02192 -1.02217 1.22646 2.13192
0.589436 0.169693 2.02246 -1.02057 1.22734 2.12847
0.588663 0.16798 2.02301 -1.01897 1.22821 2.12503
0.587889 0.166267 2.02355 -1.01738 1.22909 2.12159
0.587115 0.164554 2.0241 -1.01578 1.22996 2.11815
0.586337 0.162842 2.02464 -1.01418 1.23084 2.1147
0.585559 0.16113 2.02519 -1.01258 1.23171 2.11126
0.584781 0.159417 2.02573 -1.01098 1.23258 2.10781
0.584003 0.157705 2.02627 -1.00939 1.23346 2.10437
0.583225 0.155993 2.02682 -1.00779 1.23433 2.10092
0.582447 0.154281 2.02736 -1.00619 1.2352 2.09748
0.581669 0.152569 2.02791 -1.00459 1.23608 2.09403
0.580885 0.150858 2.02845 -1.003 1.23695 2.09059
0.580102 0.149148 2.02899 -1.0014 1.23782 2.08714
0.579319 0.147437 2.02954 -0.999801 1.23869 2.08369
0.578536 0.145726 2.03008 -0.998203 1.23956 2.08024
0.577752 0.144015 2.03062 -0.996606 1.24044 2.07679
0.576969 0.142305 2.03117 -0.995008 1.24131 2.07334
0.576186 0.140594 2.03171 -0.993411 1.24218 2.06989
0.575396 0.138885 2.03225 -0.991813 1.24305 2.06644
0.574606 0.137176 2.0328 -0.990216 1.24392 2.06298
0.573817 0.135466 2.03334 -0.988618 1.24479 2.05953
0.573027 0.133757 2.03388 -0.987021 1.24566 2.05607
0.572238 0.132048 2.03442 -0.985423 1.24653 2.05262
0.571448 0.130339 2.03497 -0.983826 1.2474 2.04917
0.570658 0.12863 2.03551 -0.982228 1.24827 2.04571
0.569861 0.126923 2.03605 -0.980631 1.24913 2.04225
0.569064 0.125215 2.03659 -0.979034 1.25 2.03879
0.568267 0.123508 2.03714 -0.977436 1.25087 2.03533
0.56747 0.121801 2.03768 -0.975839 1.25173 2.03187
0.566673 0.120093 2.03822 -0.974242 1.2526 2.02841
0.565876 0.118386 2.03876 -0.972644 1.25347 2.02495
0.565079 0.116679 2.0393 -0.971047 1.25433 2.02149
0.564274 0.114974 2.03985 -0.96945 1.2552 2.01803
0.563469 0.113269 2.04039 -0.967853 1.25606 2.01456
0.562663 0.111564 2.04093 -0.966256 1.25692 2.01109
0.561858 0.109858 2.04147 -0.964659 1.25779 2.00763
0.561052 0.108153 2.04201 -0.963061 1.25865 2.00416
0.560247 0.106448 2.04255 -0.961464 1.25952 2.00069
0.559441 0.104743 2.04309 -0.959867 1.26038 1.99723
0.558626 0.10304 2.04363 -0.95827 1.26124 1.99375
0.557812 0.101338 2.04417 -0.956673 1.2621 1.99028
0.556997 0.0996349 2.04471 -0.955076 1.26296 1.9868
0.556182 0.0979322 2.04525 -0.95348 1.26382 1.98333
0.555367 0.0962295 2.04579 -0.951883 1.26468 1.97986
0.554552 0.0945268 2.04633 -0.950286 1.26554 1.97638
0.553737 0.092824 2.04687 -0.948689 1.2664 1.97291
0.552912 0.091124 2.04741 -0.947092 1.26726 1.96943
0.552086 0.089424 2.04795 -0.945496 1.26812 1.96594
0.551261 0.0877239 2.04849 -0.943899 1.26898 1.96246
0.550435 0.0860239 2.04903 -0.942302 1.26983 1.95898
0.54961 0.0843239 2.04957 -0.940706 1.27069 1.9555
0.548784 0.0826238 2.05011 -0.939109 1.27155 1.95202
0.547959 0.0809238 2.05065 -0.937512 1.2724 1.94853
0.547122 0.0792267 2.05118 -0.935916 1.27326 1.94504
0.546285 0.0775296 2.05172 -0.93432 1.27411 1.94155
0.545448 0.0758325 2.05226 -0.932723 1.27496 1.93806
0.544611 0.0741354 2.0528 -0.931127 1.27581 1.93457
0.543774 0.0724384 2.05334 -0.929531 1.27667 1.93108
0.542937 0.0707413 2.05387 -0.927934 1.27752 1.92759
0.5421 0.0690442 2.05441 -0.926338 1.27837 1.92409
0.54125 0.0673503 2.05495 -0.924742 1.27922 1.92059
0.5404 0.0656564 2.05548 -0.923146 1.28007 1.91709
0.53955 0.0639626 2.05602 -0.92155 1.28092 1.91359
0.538701 0.0622687 2.05656 -0.919954 1.28177 1.91009
0.537851 0.0605748 2.05709 -0.918357 1.28262 1.90659
0.537001 0.0588809 2.05763 -0.916761 1.28346 1.90309
0.536152 0.0571871 2.05817 -0.915165 1.28431 1.89958
0.535288 0.0554967 2.0587 -0.91357 1.28516 1.89607
0.534425 0.0538063 2.05924 -0.911974 1.286 1.89256
0.533562 0.0521159 2.05977 -0.910378 1.28684 1.88905
0.532698 0.0504255 2.06031 -0.908782 1.28769 1.88554
0.531835 0.0487351 2.06084 -0.907186 1.28853 1.88202
0.530971 0.0470447 2.06138 -0.905591 1.28937 1.87851
0.530108 0.0453543 2.06191 -0.903995 1.29022 1.875
0.52923 0.0436677 2.06244 -0.9024 1.29106 1.87148
0.528352 0.041981 2.06298 -0.900804 1.2919 1.86795
0.527474 0.0402944 2.06351 -0.899209 1.29273 1.86443
0.526595 0.0386078 2.06405 -0.897613 1.29357 1.86091
0.525717 0.0369211 2.06458 -0.896018 1.29441 1.85738
0.524839 0.0352345 2.06511 -0.894423 1.29525 1.85386
0.523961 0.0335478 2.06565 -0.892827 1.29609 1.85033
0.523067 0.0318652 2.06618 -0.891232 1.29692 1.8468
0.522173 0.0301826 2.06671 -0.889637 1.29775 1.84326
0.521279 0.0285 2.06724 -0.888042 1.29859 1.83973
0.520385 0.0268174 2.06777 -0.886447 1.29942 1.83619
0.519491 0.0251347 2.0683 -0.884852 1.30025 1.83265
0.518597 0.0234521 2.06884 -0.883257 1.30109 1.82912
0.517703 0.0217695 2.06937 -0.881662 1.30192 1.82558
0.516792 0.0200912 2.0699 -0.880067 1.30275 1.82203
0.515882 0.0184128 2.07043 -0.878473 1.30357 1.81848
0.514971 0.0167345 2.07096 -0.876878 1.3044 1.81493
0.51406 0.0150561 2.07149 -0.875283 1.30523 1.81138
0.513149 0.0133778 2.07202 -0.873689 1.30606 1.80783
0.512238 0.0116995 2.07255 -0.872094 1.30688 1.80429
0.511328 0.0100211 2.07308 -0.870499 1.30771 1.80074
0.510399 0.00834736 2.07361 -0.868905 1.30853 1.79717
0.50947 0.00667358 2.07413 -0.867311 1.30935 1.79361
0.508541 0.0049998 2.07466 -0.865717 1.31017 1.79005
0.507613 0.00332602 2.07519 -0.864122 1.31099 1.78648
0.506684 0.00165223 2.07572 -0.862528 1.31181 1.78292
0.505755 -2.15475e-05 2.07625 -0.860934 1.31264 1.77936
0.504826 -0.00169533 2.07677 -0.85934 1.31346 1.77579
0.503879 -0.00336429 2.0773 -0.857746 1.31427 1.77221
0.502931 -0.00503325 2.07783 -0.856152 1.31508 1.76864
0.501983 -0.00670221 2.07835 -0.854558 1.3159 1.76506
0.501036 -0.00837117 2.07888 -0.852965 1.31671 1.76148
0.500088 -0.0100401 2.0794 -0.851371 1.31753 1.7579
0.49914 -0.0117091 2.07993 -0.849777 1.31834 1.75432
0.498193 -0.013378 2.08046 -0.848183 1.31916 1.75074
0.497225 -0.0150419 2.08098 -0.84659 1.31996 1.74715
0.496257 -0.0167058 2.0815 -0.844997 1.32077 1.74356
0.495289 -0.0183697 2.08203 -0.843403 1.32158 1.73996
0.494322 -0.0200335 2.08255 -0.84181 1.32239 1.73637
0.493354 -0.0216974 2.08308 -0.840217 1.32319 1.73277
0.492386 -0.0233613 2.0836 -0.838623 1.324 1.72918
0.491418 -0.0250251 2.08412 -0.83703 1.32481 1.72558
0.49043 -0.0266836 2.08465 -0.835437 1.32561 1.72197
0.489441 -0.0283422 2.08517 -0.833844 1.32641 1.71836
0.488452 -0.0300007 2.08569 -0.832252 1.32721 1.71475
0.487463 -0.0316592 2.08621 -0.830659 1.32801 1.71114
0.486474 -0.0333177 2.08673 -0.829066 1.32881 1.70753
0.485486 -0.0349762 2.08725 -0.827473 1.32961 1.70392
0.484497 -0.0366347 2.08778 -0.82588 1.33041 1.70031
0.483612 -0.038081 2.08823 -0.824487 1.3311 1.69714
0.482728 -0.0395273 2.08869 -0.823094 1.33179 1.69396
0.481843 -0.0409735 2.08914 -0.821701 1.33249 1.69079
0.480959 -0.0424198 2.08959 -0.820307 1.33318 1.68761
0.480074 -0.0438661 2.09005 -0.818914 1.33387 1.68444
0.479189 -0.0453124 2.0905 -0.817521 1.33457 1.68126
0.478305 -0.0467586 2.09096 -0.816128 1.33526 1.67809
0.47742 -0.0482049 2.09141 -0.814734 1.33595 1.67491
0.476515 -0.049646 2.09186 -0.813342 1.33664 1.67172
0.475611 -0.0510871 2.09232 -0.811949 1.33732 1.66853
0.474706 -0.0525283 2.09277 -0.810556 1.33801 1.66534
0.473801 -0.0539694 2.09322 -0.809163 1.3387 1.66215
0.472896 -0.0554105 2.09367 -0.80777 1.33938 1.65896
0.471991 -0.0568516 2.09413 -0.806378 1.34007 1.65577
0.471086 -0.0582927 2.09458 -0.804985 1.34076 1.65258
0.470181 -0.0597339 2.09503 -0.803592 1.34144 1.64939
0.469255 -0.0611696 2.09548 -0.8022 1.34212 1.64618
0.468329 -0.0626053 2.09593 -0.800807 1.3428 1.64298
0.467403 -0.064041 2.09638 -0.799415 1.34348 1.63977
0.466477 -0.0654768 2.09683 -0.798023 1.34416 1.63656
0.465551 -0.0669125 2.09728 -0.796631 1.34484 1.63335
0.464625 -0.0683482 2.09773 -0.795238 1.34551 1.63015
0.463699 -0.0697839 2.09818 -0.793846 1.34619 1.62694
0.462773 -0.0712197 2.09863 -0.792454 1.34687 1.62373
0.461825 -0.0726498 2.09908 -0.791062 1.34754 1.62051
0.460876 -0.0740799 2.09953 -0.78967 1.34821 1.61728
0.459928 -0.07551 2.09997 -0.788278 1.34888 1.61406
0.45898 -0.0769401 2.10042 -0.786887 1.34956 1.61083
0.458032 -0.0783702 2.10087 -0.785495 1.35023 1.60761
0.457084 -0.0798003 2.10132 -0.784103 1.3509 1.60439
0.456135 -0.0812304 2.10177 -0.782711 1.35157 1.60116
0.455187 -0.0826605 2.10221 -0.78132 1.35224 1.59794
0.454216 -0.0840847 2.10266 -0.779928 1.3529 1.59469
0.453245 -0.085509 2.1031 -0.778537 1.35357 1.59145
0.452273 -0.0869332 2.10355 -0.777146 1.35423 1.58821
0.451302 -0.0883574 2.10399 -0.775755 1.35489 1.58497
0.450331 -0.0897817 2.10444 -0.774363 1.35555 1.58172
0.44936 -0.0912059 2.10488 -0.772972 1.35622 1.57848
0.448388 -0.0926302 2.10533 -0.771581 1.35688 1.57524
0.447417 -0.0940544 2.10578 -0.77019 1.35754 1.57199
0.446422 -0.0954725 2.10622 -0.768799 1.3582 1.56873
0.445427 -0.0968907 2.10666 -0.767408 1.35885 1.56547
0.444432 -0.0983088 2.1071 -0.766018 1.35951 1.56221
0.443436 -0.099727 2.10755 -0.764627 1.36016 1.55895
0.442441 -0.101145 2.10799 -0.763236 1.36082 1.55569
0.441446 -0.102563 2.10843 -0.761846 1.36147 1.55243
0.440451 -0.103981 2.10887 -0.760455 1.36213 1.54916
0.439455 -0.1054 2.10932 -0.759064 1.36278 1.5459
0.438435 -0.106811 2.10976 -0.757674 1.36343 1.54262
0.437415 -0.108223 2.1102 -0.756284 1.36407 1.53934
0.436395 -0.109635 2.11064 -0.754894 1.36472 1.53606
0.435375 -0.111047 2.11108 -0.753504 1.36536 1.53278
0.434355 -0.112459 2.11152 -0.752114 1.36601 1.5295
0.433335 -0.11387 2.11196 -0.750724 1.36666 1.52622
0.432314 -0.115282 2.1124 -0.749334 1.3673 1.52293
0.431294 -0.116694 2.11284 -0.747944 1.36795 1.51965
0.430248 -0.118099 2.11328 -0.746554 1.36858 1.51635
0.429202 -0.119505 2.11371 -0.745165 1.36922 1.51305
0.428157 -0.12091 2.11415 -0.743775 1.36986 1.50975
0.427111 -0.122315 2.11459 -0.742386 1.3705 1.50645
0.426065 -0.12372 2.11503 -0.740996 1.37113 1.50315
0.425019 -0.125126 2.11546 -0.739607 1.37177 1.49985
0.423973 -0.126531 2.1159 -0.738217 1.37241 1.49654
0.422927 -0.127936 2.11634 -0.736828 1.37304 1.49324
0.421854 -0.129335 2.11677 -0.735439 1.37367 1.48992
0.420781 -0.130733 2.11721 -0.73405 1.3743 1.4866
0.419709 -0.132132 2.11764 -0.732661 1.37493 1.48328
0.418636 -0.13353 2.11808 -0.731272 1.37555 1.47995
0.417563 -0.134928 2.11851 -0.729883 1.37618 1.47663
0.416491 -0.136327 2.11894 -0.728495 1.37681 1.47331
0.415418 -0.137725 2.11938 -0.727106 1.37744 1.46999
0.414345 -0.139124 2.11981 -0.725717 1.37806 1.46666
0.413245 -0.140515 2.12025 -0.724329 1.37868 1.46332
0.412145 -0.141907 2.12068 -0.722941 1.3793 1.45997
0.411044 -0.143298 2.12111 -0.721552 1.37992 1.45663
0.409944 -0.144689 2.12154 -0.720164 1.38054 1.45329
0.408843 -0.146081 2.12197 -0.718776 1.38115 1.44994
0.407743 -0.147472 2.1224 -0.717388 1.38177 1.4466
0.406643 -0.148864 2.12283 -0.715999 1.38239 1.44325
0.405542 -0.150255 2.12327 -0.714611 1.38301 1.43991
0.404413 -0.151639 2.12369 -0.713224 1.38362 1.43654
0.403285 -0.153023 2.12412 -0.711836 1.38422 1.43318
0.402156 -0.154408 2.12455 -0.710449 1.38483 1.42981
0.401027 -0.155792 2.12498 -0.709061 1.38544 1.42644
0.399898 -0.157176 2.12541 -0.707674 1.38605 1.42308
0.398769 -0.15856 2.12584 -0.706286 1.38666 1.41971
0.39764 -0.159944 2.12627 -0.704898 1.38726 1.41634
0.396511 -0.161328 2.12669 -0.703511 1.38787 1.41298
0.395352 -0.162705 2.12712 -0.702124 1.38847 1.40959
0.394194 -0.164082 2.12755 -0.700737 1.38907 1.4062
0.393035 -0.165458 2.12797 -0.69935 1.38966 1.40281
0.391877 -0.166835 2.1284 -0.697964 1.39026 1.39942
0.390719 -0.168212 2.12882 -0.696577 1.39086 1.39603
0.38956 -0.169588 2.12925 -0.69519 1.39146 1.39264
0.388402 -0.170965 2.12967 -0.693803 1.39206 1.38925
0.387243 -0.172342 2.1301 -0.692416 1.39265 1.38586
0.386056 -0.173711 2.13052 -0.69103 1.39324 1.38245
0.384869 -0.17508 2.13094 -0.689644 1.39383 1.37903
0.383682 -0.17645 2.13137 -0.688258 1.39442 1.37562
0.382495 -0.177819 2.13179 -0.686871 1.395 1.37221
0.381308 -0.179189 2.13221 -0.685485 1.39559 1.3688
0.380121 -0.180558 2.13263 -0.684099 1.39618 1.36538
0.378934 -0.181927 2.13306 -0.682713 1.39677 1.36197
0.377747 -0.183297 2.13348 -0.681327 1.39735 1.35856
0.376532 -0.184659 2.1339 -0.679941 1.39793 1.35513
0.375318 -0.186022 2.13432 -0.678556 1.39851 1.35169
0.374103 -0.187384 2.13474 -0.67717 1.39909 1.34826
0.372888 -0.188746 2.13516 -0.675785 1.39967 1.34482
0.371673 -0.190109 2.13558 -0.674399 1.40025 1.34139
0.370459 -0.191471 2.136 -0.673014 1.40082 1.33796
0.369244 -0.192833 2.13641 -0.671628 1.4014 1.33452
0.368029 -0.194196 2.13683 -0.670243 1.40198 1.33109
0.366788 -0.195551 2.13725 -0.668858 1.40255 1.32763
0.365546 -0.196907 2.13767 -0.667473 1.40312 1.32418
0.364305 -0.198262 2.13808 -0.666088 1.40369 1.32072
0.363063 -0.199618 2.1385 -0.664703 1.40425 1.31727
0.361822 -0.200973 2.13892 -0.663318 1.40482 1.31381
0.360581 -0.202329 2.13933 -0.661933 1.40539 1.31036
0.359339 -0.203685 2.13975 -0.660548 1.40596 1.3069
0.358098 -0.20504 2.14017 -0.659163 1.40653 1.30345
0.35683 -0.206389 2.14058 -0.657779 1.40709 1.29997
0.355563 -0.207738 2.141 -0.656395 1.40765 1.2965
0.354296 -0.209087 2.14141 -0.65501 1.40821 1.29302
0.353029 -0.210436 2.14182 -0.653626 1.40877 1.28955
0.351761 -0.211785 2.14224 -0.652242 1.40933 1.28607
0.350494 -0.213134 2.14265 -0.650858 1.40989 1.28259
0.349227 -0.214483 2.14306 -0.649473 1.41045 1.27912
0.34796 -0.215832 2.14348 -0.648089 1.41101 1.27564
0.346667 -0.217175 2.14389 -0.646705 1.41156 1.27215
0.345375 -0.218517 2.1443 -0.645322 1.41211 1.26865
0.344083 -0.21986 2.14471 -0.643938 1.41266 1.26516
0.342791 -0.221203 2.14512 -0.642554 1.41321 1.26166
0.341499 -0.222545 2.14554 -0.64117 1.41376 1.25817
0.340207 -0.223888 2.14595 -0.639787 1.41431 1.25467
0.338914 -0.225231 2.14636 -0.638403 1.41486 1.25118
0.337622 -0.226573 2.14677 -0.637019 1.41542 1.24768
0.336306 -0.22791 2.14718 -0.635636 1.41596 1.24417
0.33499 -0.229247 2.14759 -0.634253 1.4165 1.24066
0.333674 -0.230583 2.148 -0.63287 1.41704 1.23714
0.332358 -0.23192 2.1484 -0.631487 1.41759 1.23363
0.331042 -0.233256 2.14881 -0.630103 1.41813 1.23012
0.329725 -0.234593 2.14922 -0.62872 1.41867 1.2266
0.328409 -0.235929 2.14963 -0.627337 1.41921 1.22309
0.327093 -0.237266 2.15004 -0.625954 1.41976 1.21957
0.325754 -0.238597 2.15045 -0.624571 1.42029 1.21604
0.324415 -0.239927 2.15085 -0.623189 1.42083 1.21251
0.323076 -0.241258 2.15126 -0.621806 1.42136 1.20898
0.321736 -0.242589 2.15166 -0.620424 1.4219 1.20545
0.320397 -0.24392 2.15207 -0.619041 1.42243 1.20192
0.319058 -0.24525 2.15248 -0.617658 1.42297 1.19838
0.317719 -0.246581 2.15288 -0.616276 1.4235 1.19485
0.31638 -0.247912 2.15329 -0.614893 1.42403 1.19132
0.315018 -0.249237 2.15369 -0.613511 1.42456 1.18777
0.313657 -0.250562 2.1541 -0.612129 1.42509 1.18422
0.312296 -0.251887 2.1545 -0.610747 1.42562 1.18067
0.310934 -0.253212 2.15491 -0.609365 1.42614 1.17712
0.309573 -0.254537 2.15531 -0.607983 1.42667 1.17357
0.308212 -0.255862 2.15571 -0.606601 1.4272 1.17002
0.30685 -0.257187 2.15612 -0.605218 1.42772 1.16647
0.305489 -0.258512 2.15652 -0.603836 1.42825 1.16293
0.304106 -0.259832 2.15692 -0.602455 1.42877 1.15936
0.302724 -0.261152 2.15733 -0.601073 1.42929 1.15579
0.301341 -0.262471 2.15773 -0.599692 1.42981 1.15223
0.299959 -0.263791 2.15813 -0.59831 1.43033 1.14866
0.298576 -0.265111 2.15853 -0.596928 1.43085 1.1451
0.297194 -0.266431 2.15893 -0.595547 1.43137 1.14153
0.295811 -0.26775 2.15933 -0.594165 1.43189 1.13796
0.294429 -0.26907 2.15974 -0.592784 1.43241 1.1344
0.293026 -0.270384 2.16014 -0.591402 1.43292 1.13082
0.291623 -0.271699 2.16053 -0.590021 1.43343 1.12723
0.29022 -0.273014 2.16093 -0.58864 1.43394 1.12365
0.288817 -0.274328 2.16133 -0.587259 1.43446 1.12007
0.287414 -0.275643 2.16173 -0.585878 1.43497 1.11649
0.286012 -0.276957 2.16213 -0.584497 1.43548 1.11291
0.284609 -0.278272 2.16253 -0.583116 1.43599 1.10932
0.283206 -0.279586 2.16293 -0.581735 1.43651 1.10574
0.281784 -0.280896 2.16333 -0.580354 1.43701 1.10215
0.280362 -0.282205 2.16373 -0.578973 1.43752 1.09855
0.278939 -0.283515 2.16412 -0.577593 1.43802 1.09495
0.277517 -0.284825 2.16452 -0.576212 1.43853 1.09135
0.276095 -0.286134 2.16492 -0.574831 1.43903 1.08776
0.274673 -0.287444 2.16532 -0.573451 1.43954 1.08416
0.273251 -0.288754 2.16571 -0.57207 1.44005 1.08056
0.271828 -0.290063 2.16611 -0.570689 1.44055 1.07697
0.270388 -0.291368 2.16651 -0.569309 1.44105 1.07335
0.268947 -0.292673 2.1669 -0.567929 1.44155 1.06974
0.267507 -0.293978 2.1673 -0.566549 1.44205 1.06613
0.266066 -0.295283 2.16769 -0.565168 1.44255 1.06252
0.264625 -0.296588 2.16809 -0.563788 1.44305 1.05891
0.263185 -0.297893 2.16849 -0.562408 1.44355 1.0553
0.261744 -0.299198 2.16888 -0.561028 1.44405 1.05168
0.260303 -0.300503 2.16928 -0.559647 1.44455 1.04807
0.258845 -0.301803 2.16967 -0.558268 1.44504 1.04445
0.257387 -0.303104 2.17006 -0.556888 1.44553 1.04082
0.255929 -0.304404 2.17046 -0.555508 1.44603 1.0372
0.254471 -0.305704 2.17085 -0.554128 1.44652 1.03357
0.253013 -0.307005 2.17125 -0.552748 1.44701 1.02995
0.251554 -0.308305 2.17164 -0.551368 1.44751 1.02632
0.250096 -0.309606 2.17203 -0.549989 1.448 1.02269
0.248638 -0.310906 2.17243 -0.548609 1.44849 1.01907
0.247163 -0.312203 2.17282 -0.547229 1.44898 1.01543
0.245689 -0.313499 2.17321 -0.54585 1.44947 1.01179
0.244214 -0.314795 2.1736 -0.54447 1.44995 1.00815
0.242739 -0.316091 2.17399 -0.543091 1.45044 1.00452
0.241264 -0.317388 2.17439 -0.541712 1.45093 1.00088
0.23979 -0.318684 2.17478 -0.540332 1.45142 0.997238
0.238315 -0.31998 2.17517 -0.538953 1.4519 0.9936
0.23684 -0.321276 2.17556 -0.537573 1.45239 0.989962
0.23535 -0.322569 2.17595 -0.536194 1.45287 0.986311
0.233859 -0.323861 2.17634 -0.534815 1.45335 0.98266
0.232369 -0.325153 2.17673 -0.533436 1.45384 0.979009
0.230878 -0.326446 2.17712 -0.532057 1.45432 0.975358
0.229388 -0.327738 2.17751 -0.530678 1.4548 0.971708
0.227897 -0.32903 2.1779 -0.529299 1.45528 0.968057
0.226407 -0.330322 2.17829 -0.52792 1.45576 0.964406
0.224917 -0.331615 2.17868 -0.526541 1.45625 0.960755
0.223411 -0.332903 2.17907 -0.525162 1.45672 0.957093
0.221906 -0.334192 2.17946 -0.523783 1.4572 0.953431
0.220401 -0.33548 2.17985 -0.522405 1.45768 0.949768
0.218896 -0.336769 2.18024 -0.521026 1.45815 0.946106
0.217391 -0.338057 2.18063 -0.519647 1.45863 0.942444
0.215886 -0.339346 2.18102 -0.518268 1.45911 0.938781
0.21438 -0.340634 2.18141 -0.51689 1.45958 0.935119
0.212875 -0.341923 2.18179 -0.515511 1.46006 0.931456
0.211356 -0.343208 2.18218 -0.514133 1.46053 0.927783
0.209837 -0.344493 2.18257 -0.512754 1.461 0.92411
0.208318 -0.345778 2.18296 -0.511376 1.46148 0.920437
0.206799 -0.347063 2.18334 -0.509997 1.46195 0.916764
0.20528 -0.348348 2.18373 -0.508619 1.46242 0.91309
0.203761 -0.349633 2.18412 -0.507241 1.46289 0.909417
0.202242 -0.350918 2.18451 -0.505862 1.46336 0.905744
0.200723 -0.352203 2.18489 -0.504484 1.46384 0.902071
0.199361 -0.353342 2.18524 -0.503259 1.46425 0.898796
0.198 -0.354481 2.18558 -0.502034 1.46467 0.895522
0.196638 -0.355621 2.18592 -0.500809 1.46508 0.892248
0.195276 -0.35676 2.18627 -0.499584 1.4655 0.888974
0.193914 -0.357899 2.18661 -0.498359 1.46591 0.8857
0.192553 -0.359039 2.18695 -0.497134 1.46633 0.882426
0.191191 -0.360178 2.18729 -0.495909 1.46674 0.879152
0.189829 -0.361317 2.18764 -0.494684 1.46716 0.875878
0.188468 -0.362457 2.18798 -0.493459 1.46758 0.872604
0.187095 -0.363593 2.18832 -0.492234 1.46799 0.869321
0.185723 -0.36473 2.18866 -0.491009 1.4684 0.866039
0.18435 -0.365866 2.18901 -0.489785 1.46881 0.862756
0.182978 -0.367003 2.18935 -0.48856 1.46922 0.859474
0.181606 -0.36814 2.18969 -0.487335 1.46963 0.856191
0.180233 -0.369276 2.19003 -0.486111 1.47005 0.852909
0.178861 -0.370413 2.19037 -0.484886 1.47046 0.849626
0.177489 -0.371549 2.19072 -0.483661 1.47087 0.846344
0.176116 -0.372686 2.19106 -0.482436 1.47128 0.843061
0.174734 -0.37382 2.1914 -0.481212 1.47169 0.839771
0.173352 -0.374954 2.19174 -0.479987 1.4721 0.836481
0.17197 -0.376088 2.19208 -0.478763 1.47251 0.83319
0.170587 -0.377222 2.19242 -0.477538 1.47291 0.8299
0.169205 -0.378356 2.19276 -0.476314 1.47332 0.82661
0.167823 -0.379491 2.1931 -0.475089 1.47373 0.82332
0.166441 -0.380625 2.19344 -0.473865 1.47414 0.82003
0.165059 -0.381759 2.19378 -0.47264 1.47455 0.816739
0.163676 -0.382893 2.19413 -0.471416 1.47496 0.813449
0.162285 -0.384025 2.19446 -0.470192 1.47536 0.810152
0.160894 -0.385156 2.1948 -0.468967 1.47577 0.806854
0.159503 -0.386288 2.19514 -0.467743 1.47617 0.803557
0.158111 -0.38742 2.19548 -0.466519 1.47658 0.80026
0.15672 -0.388552 2.19582 -0.465295 1.47698 0.796962
0.155329 -0.389684 2.19616 -0.46407 1.47739 0.793665
0.153938 -0.390815 2.1965 -0.462846 1.47779 0.790368
0.152547 -0.391947 2.19684 -0.461622 1.4782 0.787071
0.151155 -0.393079 2.19718 -0.460397 1.4786 0.783773
0.149756 -0.394209 2.19752 -0.459173 1.47901 0.780469
0.148357 -0.395339 2.19786 -0.457949 1.47941 0.777166
0.146957 -0.396468 2.1982 -0.456725 1.47981 0.773862
0.145558 -0.397598 2.19854 -0.455501 1.48021 0.770558
0.144158 -0.398728 2.19888 -0.454277 1.48062 0.767254
0.142759 -0.399857 2.19922 -0.453053 1.48102 0.763951
0.141359 -0.400987 2.19956 -0.451829 1.48142 0.760647
0.13996 -0.402117 2.1999 -0.450605 1.48182 0.757343
0.138561 -0.403247 2.20024 -0.449381 1.48222 0.754039
0.137154 -0.404374 2.20057 -0.448157 1.48262 0.75073
0.135747 -0.405502 2.20091 -0.446933 1.48302 0.74742
0.13434 -0.40663 2.20125 -0.445709 1.48342 0.744111
0.132933 -0.407758 2.20159 -0.444485 1.48382 0.740801
0.131527 -0.408886 2.20193 -0.443261 1.48422 0.737492
0.13012 -0.410014 2.20227 -0.442037 1.48462 0.734182
0.128713 -0.411141 2.2026 -0.440813 1.48502 0.730873
0.127306 -0.412269 2.20294 -0.439589 1.48542 0.727563
0.125899 -0.413397 2.20328 -0.438365 1.48582 0.724253
0.124486 -0.414523 2.20362 -0.437141 1.48622 0.720939
0.123073 -0.41565 2.20395 -0.435918 1.48662 0.717624
0.121659 -0.416776 2.20429 -0.434694 1.48702 0.714309
0.120246 -0.417902 2.20463 -0.43347 1.48741 0.710995
0.118833 -0.419028 2.20497 -0.432246 1.48781 0.70768
0.117419 -0.420154 2.20531 -0.431023 1.48821 0.704365
0.116006 -0.42128 2.20564 -0.429799 1.48861 0.70105
0.114593 -0.422407 2.20598 -0.428575 1.489 0.697736
0.113179 -0.423533 2.20632 -0.427351 1.4894 0.694421
0.11176 -0.424658 2.20665 -0.426128 1.4898 0.691102
0.110341 -0.425782 2.20699 -0.424904 1.49019 0.687783
0.108922 -0.426907 2.20733 -0.42368 1.49059 0.684463
0.107503 -0.428032 2.20767 -0.422457 1.49098 0.681144
0.106084 -0.429156 2.208 -0.421233 1.49138 0.677825
0.104665 -0.430281 2.20834 -0.42001 1.49177 0.674506
0.103246 -0.431406 2.20868 -0.418786 1.49217 0.671187
0.101826 -0.432531 2.20901 -0.417562 1.49256 0.667867
0.100407 -0.433655 2.20935 -0.416339 1.49296 0.664548
0.0989833 -0.434779 2.20969 -0.415115 1.49335 0.661225
0.0975593 -0.435902 2.21002 -0.413892 1.49375 0.657902
0.0961353 -0.437026 2.21036 -0.412668 1.49414 0.654579
0.0947113 -0.438149 2.2107 -0.411445 1.49453 0.651256
0.0932873 -0.439273 2.21103 -0.410221 1.49493 0.647933
0.0918633 -0.440396 2.21137 -0.408998 1.49532 0.64461
0.0904393 -0.44152 2.21171 -0.407774 1.49572 0.641286
0.0890153 -0.442643 2.21204 -0.406551 1.49611 0.637963
0.0875912 -0.443767 2.21238 -0.405327 1.4965 0.63464
0.0861631 -0.444889 2.21271 -0.404104 1.4969 0.631314
0.084735 -0.446011 2.21305 -0.40288 1.49729 0.627988
0.0833069 -0.447134 2.21339 -0.401657 1.49768 0.624661
0.0818788 -0.448256 2.21372 -0.400433 1.49807 0.621335
0.0804507 -0.449379 2.21406 -0.39921 1.49847 0.618009
0.0790226 -0.450501 2.21439 -0.397987 1.49886 0.614682
0.0775945 -0.451624 2.21473 -0.396763 1.49925 0.611356
0.0761664 -0.452746 2.21507 -0.39554 1.49964 0.60803
0.0747382 -0.453868 2.2154 -0.394316 1.50003 0.604704
0.0733069 -0.45499 2.21574 -0.393093 1.50043 0.601375
0.0718755 -0.456112 2.21607 -0.39187 1.50082 0.598046
0.0704441 -0.457233 2.21641 -0.390646 1.50121 0.594717
0.0690127 -0.458355 2.21674 -0.389423 1.5016 0.591388
0.0675813 -0.459476 2.21708 -0.3882 1.50199 0.588059
0.0661499 -0.460598 2.21742 -0.386976 1.50238 0.58473
0.0647185 -0.46172 2.21775 -0.385753 1.50277 0.581401
0.0632871 -0.462841 2.21809 -0.384529 1.50316 0.578072
0.0618557 -0.463963 2.21842 -0.383306 1.50356 0.574744
0.0604219 -0.465084 2.21876 -0.382083 1.50395 0.571413
0.058988 -0.466205 2.21909 -0.38086 1.50434 0.568082
0.0575542 -0.467326 2.21943 -0.379636 1.50473 0.564751
0.0561204 -0.468447 2.21976 -0.378413 1.50512 0.56142
0.0546865 -0.469568 2.2201 -0.37719 1.50551 0.55809
0.0532527 -0.470689 2.22044 -0.375966 1.5059 0.554759
0.0518188 -0.47181 2.22077 -0.374743 1.50629 0.551428
0.050385 -0.472931 2.22111 -0.37352 1.50668 0.548097
0.0489511 -0.474052 2.22144 -0.372297 1.50707 0.544766
0.0473362 -0.475312 2.22182 -0.37092 1.50751 0.541018
0.0457213 -0.476573 2.2222 -0.369544 1.50795 0.537269
0.0441063 -0.477833 2.22257 -0.368168 1.50838 0.53352
0.0424914 -0.479094 2.22295 -0.366792 1.50882 0.529772
0.0408765 -0.480355 2.22333 -0.365416 1.50926 0.526023
0.0392616 -0.481615 2.2237 -0.36404 1.5097 0.522275
0.0376466 -0.482876 2.22408 -0.362663 1.51014 0.518526
0.0360317 -0.484137 2.22446 -0.361287 1.51058 0.514777
0.0345954 -0.485257 2.22479 -0.360064 1.51097 0.511445
0.0331591 -0.486377 2.22513 -0.358841 1.51136 0.508112
0.0317228 -0.487498 2.22546 -0.357618 1.51175 0.504779
0.0302865 -0.488618 2.2258 -0.356394 1.51213 0.501446
0.0288502 -0.489738 2.22613 -0.355171 1.51252 0.498114
0.0274139 -0.490859 2.22647 -0.353948 1.51291 0.494781
0.0259776 -0.491979 2.2268 -0.352725 1.5133 0.491448
0.0245413 -0.493099 2.22714 -0.351502 1.51369 0.488115
0.023105 -0.49422 2.22747 -0.350278 1.51408 0.484783
0.0216687 -0.49534 2.22781 -0.349055 1.51447 0.48145
0.0202323 -0.49646 2.22815 -0.347832 1.51486 0.478117
0.018796 -0.497581 2.22848 -0.346609 1.51525 0.474784
0.0173597 -0.498701 2.22882 -0.345385 1.51564 0.471452
0.0159234 -0.499821 2.22915 -0.344162 1.51603 0.468119
0.0144871 -0.500942 2.22949 -0.342939 1.51642 0.464786
0.0130508 -0.502062 2.22982 -0.341716 1.51681 0.461453
0.0116145 -0.503182 2.23016 -0.340492 1.5172 0.458121
0.0101782 -0.504303 2.23049 -0.339269 1.51759 0.454788
0.00856235 -0.505563 2.23087 -0.337893 1.51803 0.451038
0.0069465 -0.506824 2.23125 -0.336517 1.51846 0.447289
0.00533066 -0.508084 2.23162 -0.335141 1.5189 0.44354
0.00371481 -0.509344 2.232 -0.333765 1.51934 0.43979
0.00209896 -0.510605 2.23238 -0.332389 1.51978 0.436041
0.000483118 -0.511865 2.23275 -0.331012 1.52022 0.432292
-0.00113273 -0.513126 2.23313 -0.329636 1.52065 0.428542
-0.00274857 -0.514386 2.23351 -0.32826 1.52109 0.424793
-0.00418488 -0.515506 2.23384 -0.327037 1.52148 0.42146
-0.00562119 -0.516627 2.23418 -0.325814 1.52187 0.418128
-0.0070575 -0.517747 2.23451 -0.32459 1.52226 0.414795
-0.0084938 -0.518867 2.23485 -0.323367 1.52265 0.411462
-0.00993011 -0.519988 2.23518 -0.322144 1.52304 0.408129
-0.0113664 -0.521108 2.23552 -0.320921 1.52343 0.404797
-0.0128027 -0.522228 2.23585 -0.319698 1.52382 0.401464
-0.014239 -0.523349 2.23619 -0.318474 1.52421 0.398131
-0.0156753 -0.524469 2.23652 -0.317251 1.5246 0.394798
-0.0172912 -0.525729 2.2369 -0.315875 1.52504 0.391049
-0.018907 -0.52699 2.23728 -0.314499 1.52547 0.3873
-0.0205229 -0.52825 2.23765 -0.313123 1.52591 0.38355
-0.0221387 -0.529511 2.23803 -0.311747 1.52635 0.379801
-0.0237546 -0.530771 2.23841 -0.31037 1.52679 0.376052
-0.0253704 -0.532031 2.23879 -0.308994 1.52723 0.372302
-0.0269863 -0.533292 2.23916 -0.307618 1.52767 0.368553
-0.0286021 -0.534552 2.23954 -0.306242 1.5281 0.364804
-0.0300384 -0.535672 2.23987 -0.305019 1.52849 0.361471
-0.0314747 -0.536793 2.24021 -0.303796 1.52888 0.358138
-0.032911 -0.537913 2.24054 -0.302572 1.52927 0.354805
-0.0343473 -0.539034 2.24088 -0.301349 1.52966 0.351473
-0.0357836 -0.540154 2.24122 -0.300126 1.53005 0.34814
-0.0372199 -0.541274 2.24155 -0.298903 1.53044 0.344807
-0.0386563 -0.542395 2.24189 -0.297679 1.53083 0.341474
-0.0400926 -0.543515 2.24222 -0.296456 1.53122 0.338142
-0.0415289 -0.544635 2.24256 -0.295233 1.53161 0.334809
-0.0431447 -0.545896 2.24293 -0.293857 1.53205 0.331059
-0.0447606 -0.547156 2.24331 -0.292481 1.53249 0.32731
-0.0463764 -0.548416 2.24369 -0.291105 1.53292 0.323561
-0.0479923 -0.549677 2.24406 -0.289728 1.53336 0.319811
-0.0496081 -0.550937 2.24444 -0.288352 1.5338 0.316062
-0.0512239 -0.552198 2.24482 -0.286976 1.53424 0.312313
-0.0528398 -0.553458 2.24519 -0.2856 1.53468 0.308563
-0.0544556 -0.554718 2.24557 -0.284224 1.53511 0.304814
-0.0558919 -0.555839 2.24591 -0.283001 1.5355 0.301481
-0.0573282 -0.556959 2.24624 -0.281777 1.53589 0.298149
-0.0587646 -0.558079 2.24658 -0.280554 1.53628 0.294816
-0.0602009 -0.5592 2.24691 -0.279331 1.53667 0.291483
-0.0616372 -0.56032 2.24725 -0.278108 1.53706 0.28815
-0.0630735 -0.56144 2.24758 -0.276885 1.53745 0.284818
-0.0645098 -0.562561 2.24792 -0.275661 1.53784 0.281485
-0.0659461 -0.563681 2.24825 -0.274438 1.53823 0.278152
-0.0673824 -0.564802 2.24859 -0.273215 1.53862 0.274819
-0.0689982 -0.566062 2.24897 -0.271839 1.53906 0.27107
-0.0706141 -0.567322 2.24934 -0.270463 1.5395 0.267321
-0.0722299 -0.568583 2.24972 -0.269086 1.53993 0.263571
-0.0738458 -0.569843 2.2501 -0.26771 1.54037 0.259822
-0.0754616 -0.571103 2.25047 -0.266334 1.54081 0.256073
-0.0770775 -0.572364 2.25085 -0.264958 1.54125 0.252323
-0.0786933 -0.573624 2.25123 -0.263582 1.54169 0.248574
-0.0803092 -0.574885 2.2516 -0.262206 1.54213 0.244825
-0.0817455 -0.576005 2.25194 -0.260983 1.54251 0.241492
-0.0831818 -0.577125 2.25227 -0.259759 1.5429 0.238159
-0.0846181 -0.578246 2.25261 -0.258536 1.54329 0.234826
-0.0860544 -0.579366 2.25294 -0.257313 1.54368 0.231494
-0.0874907 -0.580486 2.25328 -0.25609 1.54407 0.228161
-0.088927 -0.581607 2.25362 -0.254866 1.54446 0.224828
-0.0903633 -0.582727 2.25395 -0.253643 1.54485 0.221495
-0.0917996 -0.583847 2.25429 -0.25242 1.54524 0.218163
-0.0932359 -0.584968 2.25462 -0.251197 1.54563 0.21483
-0.0948518 -0.586228 2.255 -0.249821 1.54607 0.21108
-0.0964676 -0.587489 2.25537 -0.248445 1.54651 0.207331
-0.0980835 -0.588749 2.25575 -0.247068 1.54695 0.203582
-0.0996993 -0.590009 2.25613 -0.245692 1.54738 0.199832
-0.101315 -0.59127 2.25651 -0.244316 1.54782 0.196083
-0.102931 -0.59253 2.25688 -0.24294 1.54826 0.192334
-0.104547 -0.59379 2.25726 -0.241564 1.5487 0.188584
-0.106163 -0.595051 2.25764 -0.240188 1.54914 0.184835
-0.107599 -0.596171 2.25797 -0.238964 1.54953 0.181502
-0.109035 -0.597292 2.25831 -0.237741 1.54992 0.17817
-0.110472 -0.598412 2.25864 -0.236518 1.5503 0.174837
-0.111908 -0.599532 2.25898 -0.235295 1.55069 0.171504
-0.113344 -0.600653 2.25931 -0.234072 1.55108 0.168171
-0.114781 -0.601773 2.25965 -0.232848 1.55147 0.164839
-0.116217 -0.602893 2.25998 -0.231625 1.55186 0.161506
-0.117653 -0.604014 2.26032 -0.230402 1.55225 0.158173
-0.119089 -0.605134 2.26065 -0.229179 1.55264 0.15484
-0.120705 -0.606394 2.26103 -0.227803 1.55308 0.151091
-0.122321 -0.607655 2.26141 -0.226426 1.55352 0.147342
-0.123937 -0.608915 2.26178 -0.22505 1.55396 0.143592
-0.125553 -0.610176 2.26216 -0.223674 1.55439 0.139843
-0.127169 -0.611436 2.26254 -0.222298 1.55483 0.136094
-0.128785 -0.612696 2.26291 -0.220922 1.55527 0.132344
-0.1304 -0.613957 2.26329 -0.219546 1.55571 0.128595
-0.132016 -0.615217 2.26367 -0.21817 1.55615 0.124846
-0.133453 -0.616337 2.264 -0.216946 1.55654 0.121513
-0.134889 -0.617458 2.26434 -0.215723 1.55693 0.11818
-0.136325 -0.618578 2.26467 -0.2145 1.55732 0.114847
-0.137761 -0.619698 2.26501 -0.213277 1.5577 0.111515
-0.139198 -0.620819 2.26534 -0.212053 1.55809 0.108182
-0.140634 -0.621939 2.26568 -0.21083 1.55848 0.104849
-0.14207 -0.62306 2.26601 -0.209607 1.55887 0.101516
-0.143507 -0.62418 2.26635 -0.208384 1.55926 0.0981836
-0.144943 -0.6253 2.26669 -0.207161 1.55965 0.0948508
-0.146559 -0.626561 2.26706 -0.205784 1.56009 0.0911015
-0.148175 -0.627821 2.26744 -0.204408 1.56053 0.0873522
-0.149791 -0.629081 2.26782 -0.203032 1.56097 0.0836028
-0.151406 -0.630342 2.26819 -0.201656 1.5614 0.0798535
-0.153022 -0.631602 2.26857 -0.20028 1.56184 0.0761041
-0.154638 -0.632863 2.26895 -0.198904 1.56228 0.0723548
-0.156254 -0.634123 2.26932 -0.197528 1.56272 0.0686054
-0.15787 -0.635383 2.2697 -0.196151 1.56316 0.0648561
-0.159306 -0.636504 2.27004 -0.194928 1.56355 0.0615234
-0.160742 -0.637624 2.27037 -0.193705 1.56394 0.0581906
-0.162179 -0.638744 2.27071 -0.192482 1.56433 0.0548579
-0.163615 -0.639865 2.27104 -0.191259 1.56472 0.0515251
-0.165051 -0.640985 2.27138 -0.190035 1.56511 0.0481924
-0.166488 -0.642105 2.27171 -0.188812 1.56549 0.0448596
-0.167924 -0.643226 2.27205 -0.187589 1.56588 0.0415269
-0.16936 -0.644346 2.27238 -0.186366 1.56627 0.0381941
-0.170797 -0.645466 2.27272 -0.185142 1.56666 0.0348614
-0.172412 -0.646727 2.27309 -0.183766 1.5671 0.031112
-0.174028 -0.647987 2.27347 -0.18239 1.56754 0.0273627
-0.175644 -0.649248 2.27385 -0.181014 1.56798 0.0236133
-0.17726 -0.650508 2.27423 -0.179638 1.56842 0.019864
-0.178876 -0.651768 2.2746 -0.178262 1.56885 0.0161146
-0.180492 -0.653029 2.27498 -0.176886 1.56929 0.0123653
-0.182107 -0.654289 2.27536 -0.17551 1.56973 0.00861595
-0.183723 -0.65555 2.27573 -0.174133 1.57017 0.00486661
-0.18516 -0.65667 2.27607 -0.17291 1.57056 0.00153386
-0.186596 -0.65779 2.2764 -0.171687 1.57095 -0.00179889
-0.188032 -0.658911 2.27674 -0.170464 1.57134 -0.00513164
-0.189469 -0.660031 2.27707 -0.16924 1.57173 -0.00846439
-0.190905 -0.661151 2.27741 -0.168017 1.57212 -0.0117971
-0.192341 -0.662272 2.27774 -0.166794 1.57251 -0.0151299
-0.193777 -0.663392 2.27808 -0.165571 1.57289 -0.0184626
-0.195214 -0.664512 2.27841 -0.164348 1.57328 -0.0217954
-0.19665 -0.665633 2.27875 -0.163124 1.57367 -0.0251281
-0.198266 -0.666893 2.27913 -0.161748 1.57411 -0.0288775
-0.199882 -0.668153 2.2795 -0.160372 1.57455 -0.0326268
-0.201498 -0.669414 2.27988 -0.158996 1.57499 -0.0363762
-0.203113 -0.670674 2.28026 -0.15762 1.57543 -0.0401255
-0.204729 -0.671935 2.28063 -0.156244 1.57586 -0.0438749
-0.206345 -0.673195 2.28101 -0.154868 1.5763 -0.0476242
-0.207961 -0.674455 2.28139 -0.153491 1.57674 -0.0513735
-0.209577 -0.675716 2.28177 -0.152115 1.57718 -0.0551229
-0.211013 -0.676836 2.2821 -0.150892 1.57757 -0.0584556
-0.212449 -0.677957 2.28244 -0.149669 1.57796 -0.0617884
-0.213886 -0.679077 2.28277 -0.148446 1.57835 -0.0651211
-0.215322 -0.680197 2.28311 -0.147222 1.57874 -0.0684539
-0.216758 -0.681318 2.28344 -0.145999 1.57913 -0.0717866
-0.218195 -0.682438 2.28378 -0.144776 1.57952 -0.0751194
-0.219631 -0.683558 2.28411 -0.143553 1.57991 -0.0784521
-0.221067 -0.684679 2.28445 -0.142329 1.5803 -0.0817849
-0.222504 -0.685799 2.28478 -0.141106 1.58068 -0.0851176
-0.224119 -0.687059 2.28516 -0.13973 1.58112 -0.088867
-0.225735 -0.68832 2.28554 -0.138354 1.58156 -0.0926163
-0.227351 -0.68958 2.28591 -0.136978 1.582 -0.0963657
-0.228967 -0.690841 2.28629 -0.135602 1.58244 -0.100115
-0.230583 -0.692101 2.28667 -0.134226 1.58288 -0.103864
-0.232199 -0.693361 2.28704 -0.132849 1.58331 -0.107614
-0.233815 -0.694622 2.28742 -0.131473 1.58375 -0.111363
-0.23543 -0.695882 2.2878 -0.130097 1.58419 -0.115112
-0.236867 -0.697002 2.28813 -0.128874 1.58458 -0.118445
-0.238303 -0.698123 2.28847 -0.127651 1.58497 -0.121778
-0.239739 -0.699243 2.2888 -0.126427 1.58536 -0.125111
-0.241176 -0.700363 2.28914 -0.125204 1.58575 -0.128443
-0.242612 -0.701484 2.28947 -0.123981 1.58614 -0.131776
-0.244048 -0.702604 2.28981 -0.122758 1.58653 -0.135109
-0.245485 -0.703724 2.29014 -0.121535 1.58692 -0.138442
-0.246921 -0.704845 2.29048 -0.120311 1.58731 -0.141774
-0.248357 -0.705965 2.29081 -0.119088 1.5877 -0.145107
-0.249973 -0.707226 2.29119 -0.117712 1.58813 -0.148856
-0.251589 -0.708486 2.29157 -0.116336 1.58857 -0.152606
-0.253205 -0.709746 2.29195 -0.11496 1.58901 -0.156355
-0.254821 -0.711007 2.29232 -0.113584 1.58945 -0.160105
-0.256436 -0.712267 2.2927 -0.112207 1.58989 -0.163854
-0.258052 -0.713528 2.29308 -0.110831 1.59032 -0.167603
-0.259668 -0.714788 2.29345 -0.109455 1.59076 -0.171353
-0.261284 -0.716048 2.29383 -0.108079 1.5912 -0.175102
-0.26272 -0.717169 2.29417 -0.106856 1.59159 -0.178435
-0.264156 -0.718289 2.2945 -0.105633 1.59198 -0.181767
-0.265593 -0.719409 2.29484 -0.104409 1.59237 -0.1851
-0.267029 -0.72053 2.29517 -0.103186 1.59276 -0.188433
-0.268465 -0.72165 2.29551 -0.101963 1.59315 -0.191766
-0.269902 -0.72277 2.29584 -0.10074 1.59354 -0.195098
-0.271338 -0.723891 2.29618 -0.0995164 1.59393 -0.198431
-0.272774 -0.725011 2.29651 -0.0982932 1.59432 -0.201764
-0.274211 -0.726131 2.29685 -0.09707 1.59471 -0.205097
-0.275826 -0.727392 2.29722 -0.0956938 1.59514 -0.208846
-0.277442 -0.728652 2.2976 -0.0943177 1.59558 -0.212595
-0.279058 -0.729913 2.29798 -0.0929416 1.59602 -0.216345
-0.280674 -0.731173 2.29835 -0.0915654 1.59646 -0.220094
-0.28229 -0.732433 2.29873 -0.0901893 1.5969 -0.223843
-0.283906 -0.733694 2.29911 -0.0888132 1.59734 -0.227593
-0.285522 -0.734954 2.29949 -0.087437 1.59777 -0.231342
-0.287137 -0.736215 2.29986 -0.0860609 1.59821 -0.235091
-0.288574 -0.737335 2.3002 -0.0848377 1.5986 -0.238424
-0.29001 -0.738455 2.30053 -0.0836145 1.59899 -0.241757
-0.291446 -0.739576 2.30087 -0.0823912 1.59938 -0.24509
-0.292883 -0.740696 2.3012 -0.081168 1.59977 -0.248422
-0.294319 -0.741816 2.30154 -0.0799448 1.60016 -0.251755
-0.295755 -0.742937 2.30187 -0.0787215 1.60055 -0.255088
-0.297192 -0.744057 2.30221 -0.0774983 1.60094 -0.258421
-0.298628 -0.745177 2.30254 -0.0762751 1.60133 -0.261753
-0.300064 -0.746298 2.30288 -0.0750519 1.60172 -0.265086
-0.30168 -0.747558 2.30326 -0.0736757 1.60216 -0.268835
-0.303296 -0.748818 2.30363 -0.0722996 1.60259 -0.272585
-0.304912 -0.750079 2.30401 -0.0709235 1.60303 -0.276334
-0.306528 -0.751339 2.30439 -0.0695473 1.60347 -0.280083
-0.308143 -0.7526 2.30476 -0.0681712 1.60391 -0.283833
-0.309759 -0.75386 2.30514 -0.0667951 1.60435 -0.287582
-0.311375 -0.75512 2.30552 -0.0654189 1.60478 -0.291332
-0.312991 -0.756381 2.3059 -0.0640428 1.60522 -0.295081
-0.314427 -0.757501 2.30623 -0.0628196 1.60561 -0.298414
-0.315864 -0.758621 2.30657 -0.0615963 1.606 -0.301746
-0.3173 -0.759742 2.3069 -0.0603731 1.60639 -0.305079
-0.318736 -0.760862 2.30724 -0.0591499 1.60678 -0.308412
-0.320172 -0.761983 2.30757 -0.0579267 1.60717 -0.311745
-0.321609 -0.763103 2.30791 -0.0567034 1.60756 -0.315077
-0.323045 -0.764223 2.30824 -0.0554802 1.60795 -0.31841
-0.324481 -0.765344 2.30858 -0.054257 1.60834 -0.321743
-0.325918 -0.766464 2.30891 -0.0530337 1.60873 -0.325076
-0.327534 -0.767724 2.30929 -0.0516576 1.60917 -0.328825
-0.329149 -0.768985 2.30967 -0.0502815 1.6096 -0.332574
-0.330765 -0.770245 2.31004 -0.0489053 1.61004 -0.336324
-0.332381 -0.771505 2.31042 -0.0475292 1.61048 -0.340073
-0.333997 -0.772766 2.3108 -0.0461531 1.61092 -0.343822
-0.335613 -0.774026 2.31117 -0.0447769 1.61136 -0.347572
-0.337229 -0.775287 2.31155 -0.0434008 1.6118 -0.351321
-0.338844 -0.776547 2.31193 -0.0420247 1.61223 -0.35507
-0.340281 -0.777667 2.31226 -0.0408015 1.61262 -0.358403
-0.341717 -0.778788 2.3126 -0.0395782 1.61301 -0.361736
-0.343153 -0.779908 2.31293 -0.038355 1.6134 -0.365069
-0.34459 -0.781028 2.31327 -0.0371318 1.61379 -0.368401
-0.346026 -0.782149 2.3136 -0.0359085 1.61418 -0.371734
-0.347462 -0.783269 2.31394 -0.0346853 1.61457 -0.375067
-0.348899 -0.784389 2.31427 -0.0334621 1.61496 -0.3784
-0.350335 -0.78551 2.31461 -0.0322389 1.61535 -0.381732
-0.351771 -0.78663 2.31494 -0.0310156 1.61574 -0.385065
-0.353387 -0.787891 2.31532 -0.0296395 1.61618 -0.388814
-0.355003 -0.789151 2.3157 -0.0282634 1.61662 -0.392564
-0.356619 -0.790411 2.31608 -0.0268872 1.61705 -0.396313
-0.358235 -0.791672 2.31645 -0.0255111 1.61749 -0.400062
-0.35985 -0.792932 2.31683 -0.024135 1.61793 -0.403812
-0.361466 -0.794192 2.31721 -0.0227588 1.61837 -0.407561
-0.363082 -0.795453 2.31758 -0.0213827 1.61881 -0.411311
-0.364698 -0.796713 2.31796 -0.0200066 1.61924 -0.41506
-0.366134 -0.797834 2.3183 -0.0187833 1.61963 -0.418393
-0.367571 -0.798954 2.31863 -0.0175601 1.62002 -0.421725
-0.369007 -0.800074 2.31897 -0.0163369 1.62041 -0.425058
-0.370443 -0.801195 2.3193 -0.0151137 1.6208 -0.428391
-0.37188 -0.802315 2.31964 -0.0138904 1.62119 -0.431724
-0.373316 -0.803435 2.31997 -0.0126672 1.62158 -0.435056
-0.374752 -0.804556 2.32031 -0.011444 1.62197 -0.438389
-0.376188 -0.805676 2.32064 -0.0102207 1.62236 -0.441722
-0.377625 -0.806796 2.32098 -0.00899751 1.62275 -0.445055
-0.379471 -0.808237 2.32141 -0.00742479 1.62325 -0.44934
-0.381318 -0.809677 2.32184 -0.00585207 1.62375 -0.453625
-0.383165 -0.811118 2.32227 -0.00427935 1.62425 -0.457909
-0.385011 -0.812558 2.3227 -0.00270662 1.62475 -0.462194
-0.386858 -0.813999 2.32313 -0.0011339 1.62525 -0.466479
-0.388705 -0.815439 2.32356 0.000438822 1.62575 -0.470764
-0.390552 -0.81688 2.32399 0.00201154 1.62626 -0.475049
