1.8858 -0.334417 -1.95317 -1.09588 1.08754 -0.050538
1.88551 -0.334206 -1.95262 -1.09588 1.08754 -0.050538
1.88521 -0.333996 -1.95206 -1.09588 1.08754 -0.050538
1.88492 -0.333785 -1.95151 -1.09588 1.08754 -0.050538
1.88462 -0.333574 -1.95096 -1.09588 1.08754 -0.050538
1.88433 -0.333363 -1.95041 -1.09588 1.08754 -0.050538
1.88403 -0.333153 -1.94986 -1.09588 1.08754 -0.050538
1.88374 -0.332942 -1.94931 -1.09588 1.08754 -0.050538
1.88344 -0.332731 -1.94876 -1.09588 1.08754 -0.050538
1.88315 -0.332521 -1.94821 -1.09588 1.08754 -0.050538
1.88286 -0.33231 -1.94766 -1.09588 1.08754 -0.050538
1.88256 -0.332099 -1.94711 -1.09588 1.08754 -0.050538
1.88227 -0.331888 -1.94656 -1.09588 1.08754 -0.050538
1.88197 -0.331678 -1.946 -1.09588 1.08754 -0.050538
1.88168 -0.331467 -1.94545 -1.09588 1.08754 -0.050538
1.88138 -0.331256 -1.9449 -1.09588 1.08754 -0.050538
1.88109 -0.331045 -1.94435 -1.09588 1.08754 -0.050538
1.88079 -0.330835 -1.9438 -1.09588 1.08754 -0.050538
1.8805 -0.330624 -1.94325 -1.09588 1.08754 -0.050538
1.8802 -0.330413 -1.9427 -1.09588 1.08754 -0.050538
1.87991 -0.330203 -1.94215 -1.09588 1.08754 -0.050538
1.87962 -0.329992 -1.9416 -1.09588 1.08754 -0.050538
1.87932 -0.329781 -1.94105 -1.09588 1.08754 -0.050538
1.87903 -0.32957 -1.9405 -1.09588 1.08754 -0.050538
1.87873 -0.32936 -1.93994 -1.09588 1.08754 -0.050538
1.87844 -0.329149 -1.93939 -1.09588 1.08754 -0.050538
1.87814 -0.328938 -1.93884 -1.09588 1.08754 -0.050538
1.87785 -0.328728 -1.93829 -1.09588 1.08754 -0.050538
1.87755 -0.328517 -1.93774 -1.09588 1.08754 -0.050538
1.87726 -0.328306 -1.93719 -1.09588 1.08754 -0.050538
1.87696 -0.328095 -1.93664 -1.09588 1.08754 -0.050538
1.87667 -0.327885 -1.93609 -1.09588 1.08754 -0.050538
1.87638 -0.327674 -1.93554 -1.09588 1.08754 -0.050538
1.87608 -0.327463 -1.93499 -1.09588 1.08754 -0.050538
1.87579 -0.327252 -1.93444 -1.09588 1.08754 -0.050538
1.87549 -0.327042 -1.93388 -1.09588 1.08754 -0.050538
1.8752 -0.326831 -1.93333 -1.09588 1.08754 -0.050538
1.8749 -0.32662 -1.93278 -1.09588 1.08754 -0.050538
1.87461 -0.32641 -1.93223 -1.09588 1.08754 -0.050538
1.87431 -0.326199 -1.93168 -1.09588 1.08754 -0.050538
1.87402 -0.325988 -1.93113 -1.09588 1.08754 -0.050538
1.87373 -0.325777 -1.93058 -1.09588 1.08754 -0.050538
1.87343 -0.325567 -1.93003 -1.09588 1.08754 -0.050538
1.87314 -0.325356 -1.92948 -1.09588 1.08754 -0.050538
1.87284 -0.325145 -1.92893 -1.09588 1.08754 -0.050538
1.87255 -0.324935 -1.92838 -1.09588 1.08754 -0.050538
1.87225 -0.324724 -1.92782 -1.09588 1.08754 -0.050538
1.87196 -0.324513 -1.92727 -1.09588 1.08754 -0.050538
1.87166 -0.324302 -1.92672 -1.09588 1.08754 -0.050538
1.87137 -0.324092 -1.92617 -1.09588 1.08754 -0.050538
1.87107 -0.323881 -1.92562 -1.09588 1.08754 -0.050538
1.87078 -0.32367 -1.92507 -1.09588 1.08754 -0.050538
1.87049 -0.32346 -1.92452 -1.09588 1.08754 -0.050538
1.87019 -0.323249 -1.92397 -1.09588 1.08754 -0.050538
1.8699 -0.323038 -1.92342 -1.09588 1.08754 -0.050538
1.8696 -0.322827 -1.92287 -1.09588 1.08754 -0.050538
1.86931 -0.322617 -1.92232 -1.09588 1.08754 -0.050538
1.86901 -0.322406 -1.92176 -1.09588 1.08754 -0.050538
1.86872 -0.322195 -1.92121 -1.09588 1.08754 -0.050538
1.86842 -0.321984 -1.92066 -1.09588 1.08754 -0.050538
1.86813 -0.321774 -1.92011 -1.09588 1.08754 -0.050538
1.86783 -0.321563 -1.91956 -1.09588 1.08754 -0.050538
1.86754 -0.321352 -1.91901 -1.09588 1.08754 -0.050538
1.86725 -0.321142 -1.91846 -1.09588 1.08754 -0.050538
1.86695 -0.320931 -1.91791 -1.09588 1.08754 -0.050538
1.86666 -0.32072 -1.91736 -1.09588 1.08754 -0.050538
1.86636 -0.320509 -1.91681 -1.09588 1.08754 -0.050538
1.86607 -0.320299 -1.91626 -1.09588 1.08754 -0.050538
1.86577 -0.320088 -1.9157 -1.09588 1.08754 -0.050538
1.86548 -0.319877 -1.91515 -1.09588 1.08754 -0.050538
1.86518 -0.319667 -1.9146 -1.09588 1.08754 -0.050538
1.86489 -0.319456 -1.91405 -1.09588 1.08754 -0.050538
1.86459 -0.319245 -1.9135 -1.09588 1.08754 -0.050538
1.8643 -0.319034 -1.91295 -1.09588 1.08754 -0.050538
1.86401 -0.318824 -1.9124 -1.09588 1.08754 -0.050538
1.86371 -0.318613 -1.91185 -1.09588 1.08754 -0.050538
1.86342 -0.318402 -1.9113 -1.09588 1.08754 -0.050538
1.86312 -0.318191 -1.91075 -1.09588 1.08754 -0.050538
1.86283 -0.317981 -1.9102 -1.09588 1.08754 -0.050538
1.86253 -0.31777 -1.90964 -1.09588 1.08754 -0.050538
1.86224 -0.317559 -1.90909 -1.09588 1.08754 -0.050538
1.86194 -0.317349 -1.90854 -1.09588 1.08754 -0.050538
1.86165 -0.317138 -1.90799 -1.09588 1.08754 -0.050538
1.86136 -0.316927 -1.90744 -1.09588 1.08754 -0.050538
1.86106 -0.316716 -1.90689 -1.09588 1.08754 -0.050538
1.86077 -0.316506 -1.90634 -1.09588 1.08754 -0.050538
1.86047 -0.316295 -1.90579 -1.09588 1.08754 -0.050538
1.86018 -0.316084 -1.90524 -1.09588 1.08754 -0.050538
1.85988 -0.315874 -1.90469 -1.09588 1.08754 -0.050538
1.85959 -0.315663 -1.90414 -1.09588 1.08754 -0.050538
1.85929 -0.315452 -1.90358 -1.09588 1.08754 -0.050538
1.859 -0.315241 -1.90303 -1.09588 1.08754 -0.050538
1.8587 -0.315031 -1.90248 -1.09588 1.08754 -0.050538
1.85841 -0.31482 -1.90193 -1.09588 1.08754 -0.050538
1.85812 -0.314609 -1.90138 -1.09588 1.08754 -0.050538
1.85782 -0.314398 -1.90083 -1.09588 1.08754 -0.050538
1.85753 -0.314188 -1.90028 -1.09588 1.08754 -0.050538
1.85723 -0.313977 -1.89973 -1.09588 1.08754 -0.050538
1.85694 -0.313766 -1.89918 -1.09588 1.08754 -0.050538
1.85664 -0.313556 -1.89863 -1.09588 1.08754 -0.050538
1.85635 -0.313345 -1.89808 -1.09588 1.08754 -0.050538
1.85605 -0.313134 -1.89752 -1.09588 1.08754 -0.050538
1.85576 -0.312923 -1.89697 -1.09588 1.08754 -0.050538
1.85546 -0.312713 -1.89642 -1.09588 1.08754 -0.050538
1.85517 -0.312502 -1.89587 -1.09588 1.08754 -0.050538
1.85488 -0.312291 -1.89532 -1.09588 1.08754 -0.050538
1.85458 -0.312081 -1.89477 -1.09588 1.08754 -0.050538
1.85429 -0.31187 -1.89422 -1.09588 1.08754 -0.050538
1.85399 -0.311659 -1.89367 -1.09588 1.08754 -0.050538
1.8537 -0.311448 -1.89312 -1.09588 1.08754 -0.050538
1.8534 -0.311238 -1.89257 -1.09588 1.08754 -0.050538
1.85311 -0.311027 -1.89201 -1.09588 1.08754 -0.050538
1.85281 -0.310816 -1.89146 -1.09588 1.08754 -0.050538
1.85252 -0.310605 -1.89091 -1.09588 1.08754 -0.050538
1.85223 -0.310395 -1.89036 -1.09588 1.08754 -0.050538
1.85193 -0.310184 -1.88981 -1.09588 1.08754 -0.050538
1.85164 -0.309973 -1.88926 -1.09588 1.08754 -0.050538
1.85134 -0.309763 -1.88871 -1.09588 1.08754 -0.050538
1.85105 -0.309552 -1.88816 -1.09588 1.08754 -0.050538
1.85075 -0.309341 -1.88761 -1.09588 1.08754 -0.050538
1.85046 -0.30913 -1.88706 -1.09588 1.08754 -0.050538
1.85016 -0.30892 -1.88651 -1.09588 1.08754 -0.050538
1.84987 -0.308709 -1.88595 -1.09588 1.08754 -0.050538
1.84957 -0.308498 -1.8854 -1.09588 1.08754 -0.050538
1.84928 -0.308288 -1.88485 -1.09588 1.08754 -0.050538
1.84899 -0.308077 -1.8843 -1.09588 1.08754 -0.050538
1.84869 -0.307866 -1.88375 -1.09588 1.08754 -0.050538
1.8484 -0.307655 -1.8832 -1.09588 1.08754 -0.050538
1.8481 -0.307445 -1.88265 -1.09588 1.08754 -0.050538
1.84781 -0.307234 -1.8821 -1.09588 1.08754 -0.050538
1.84751 -0.307023 -1.88155 -1.09588 1.08754 -0.050538
1.84722 -0.306813 -1.881 -1.09588 1.08754 -0.050538
1.84692 -0.306602 -1.88045 -1.09588 1.08754 -0.050538
1.84663 -0.306391 -1.87989 -1.09588 1.08754 -0.050538
1.84633 -0.30618 -1.87934 -1.09588 1.08754 -0.050538
1.84604 -0.30597 -1.87879 -1.09588 1.08754 -0.050538
1.84575 -0.305759 -1.87824 -1.09588 1.08754 -0.050538
1.84545 -0.305548 -1.87769 -1.09588 1.08754 -0.050538
1.84516 -0.305337 -1.87714 -1.09588 1.08754 -0.050538
1.84486 -0.305127 -1.87659 -1.09588 1.08754 -0.050538
1.84457 -0.304916 -1.87604 -1.09588 1.08754 -0.050538
1.84427 -0.304705 -1.87549 -1.09588 1.08754 -0.050538
1.84398 -0.304495 -1.87494 -1.09588 1.08754 -0.050538
1.84368 -0.304284 -1.87439 -1.09588 1.08754 -0.050538
1.84339 -0.304073 -1.87383 -1.09588 1.08754 -0.050538
1.84309 -0.303862 -1.87328 -1.09588 1.08754 -0.050538
1.8428 -0.303652 -1.87273 -1.09588 1.08754 -0.050538
1.84251 -0.303441 -1.87218 -1.09588 1.08754 -0.050538
1.84221 -0.30323 -1.87163 -1.09588 1.08754 -0.050538
1.84192 -0.30302 -1.87108 -1.09588 1.08754 -0.050538
1.84162 -0.302809 -1.87053 -1.09588 1.08754 -0.050538
1.84133 -0.302598 -1.86998 -1.09588 1.08754 -0.050538
1.84103 -0.302387 -1.86943 -1.09588 1.08754 -0.050538
1.84074 -0.302177 -1.86888 -1.09588 1.08754 -0.050538
1.84044 -0.301966 -1.86833 -1.09588 1.08754 -0.050538
1.84015 -0.301755 -1.86777 -1.09588 1.08754 -0.050538
1.83986 -0.301544 -1.86722 -1.09588 1.08754 -0.050538
1.83956 -0.301334 -1.86667 -1.09588 1.08754 -0.050538
1.83927 -0.301123 -1.86612 -1.09588 1.08754 -0.050538
1.83897 -0.300912 -1.86557 -1.09588 1.08754 -0.050538
1.83868 -0.300702 -1.86502 -1.09588 1.08754 -0.050538
1.83838 -0.300491 -1.86447 -1.09588 1.08754 -0.050538
1.83809 -0.30028 -1.86392 -1.09588 1.08754 -0.050538
1.83779 -0.300069 -1.86337 -1.09588 1.08754 -0.050538
1.8375 -0.299859 -1.86282 -1.09588 1.08754 -0.050538
1.8372 -0.299648 -1.86227 -1.09588 1.08754 -0.050538
1.83691 -0.299437 -1.86171 -1.09588 1.08754 -0.050538
1.83662 -0.299227 -1.86116 -1.09588 1.08754 -0.050538
1.83632 -0.299016 -1.86061 -1.09588 1.08754 -0.050538
1.83603 -0.298805 -1.86006 -1.09588 1.08754 -0.050538
1.83573 -0.298594 -1.85951 -1.09588 1.08754 -0.050538
1.83544 -0.298384 -1.85896 -1.09588 1.08754 -0.050538
1.83514 -0.298173 -1.85841 -1.09588 1.08754 -0.050538
1.83485 -0.297962 -1.85786 -1.09588 1.08754 -0.050538
1.83455 -0.297751 -1.85731 -1.09588 1.08754 -0.050538
1.83426 -0.297541 -1.85676 -1.09588 1.08754 -0.050538
1.83396 -0.29733 -1.85621 -1.09588 1.08754 -0.050538
1.83367 -0.297119 -1.85565 -1.09588 1.08754 -0.050538
1.83338 -0.296909 -1.8551 -1.09588 1.08754 -0.050538
1.83308 -0.296698 -1.85455 -1.09588 1.08754 -0.050538
1.83279 -0.296487 -1.854 -1.09588 1.08754 -0.050538
1.83249 -0.296276 -1.85345 -1.09588 1.08754 -0.050538
1.8322 -0.296066 -1.8529 -1.09588 1.08754 -0.050538
1.8319 -0.295855 -1.85235 -1.09588 1.08754 -0.050538
1.83161 -0.295644 -1.8518 -1.09588 1.08754 -0.050538
1.83131 -0.295434 -1.85125 -1.09588 1.08754 -0.050538
1.83102 -0.295223 -1.8507 -1.09588 1.08754 -0.050538
1.83072 -0.295012 -1.85015 -1.09588 1.08754 -0.050538
1.83043 -0.294801 -1.84959 -1.09588 1.08754 -0.050538
1.83014 -0.294591 -1.84904 -1.09588 1.08754 -0.050538
1.82984 -0.29438 -1.84849 -1.09588 1.08754 -0.050538
1.82955 -0.294169 -1.84794 -1.09588 1.08754 -0.050538
1.82925 -0.293958 -1.84739 -1.09588 1.08754 -0.050538
1.82896 -0.293748 -1.84684 -1.09588 1.08754 -0.050538
1.82866 -0.293537 -1.84629 -1.09588 1.08754 -0.050538
1.82837 -0.293326 -1.84574 -1.09588 1.08754 -0.050538
1.82807 -0.293116 -1.84519 -1.09588 1.08754 -0.050538
1.82778 -0.292905 -1.84464 -1.09588 1.08754 -0.050538
1.82749 -0.292694 -1.84409 -1.09588 1.08754 -0.050538
1.82719 -0.292483 -1.84353 -1.09588 1.08754 -0.050538
1.8269 -0.292273 -1.84298 -1.09588 1.08754 -0.050538
1.8266 -0.292062 -1.84243 -1.09588 1.08754 -0.050538
1.82631 -0.291851 -1.84188 -1.09588 1.08754 -0.050538
1.82601 -0.291641 -1.84133 -1.09588 1.08754 -0.050538
1.82572 -0.29143 -1.84078 -1.09588 1.08754 -0.050538
1.82542 -0.291219 -1.84023 -1.09588 1.08754 -0.050538
1.82513 -0.291008 -1.83968 -1.09588 1.08754 -0.050538
1.82483 -0.290798 -1.83913 -1.09588 1.08754 -0.050538
1.82454 -0.290587 -1.83858 -1.09588 1.08754 -0.050538
1.82425 -0.290376 -1.83803 -1.09588 1.08754 -0.050538
1.82395 -0.290166 -1.83747 -1.09588 1.08754 -0.050538
1.82366 -0.289955 -1.83692 -1.09588 1.08754 -0.050538
1.82336 -0.289744 -1.83637 -1.09588 1.08754 -0.050538
1.82307 -0.289533 -1.83582 -1.09588 1.08754 -0.050538
1.82277 -0.289323 -1.83527 -1.09588 1.08754 -0.050538
1.82248 -0.289112 -1.83472 -1.09588 1.08754 -0.050538
1.82218 -0.288901 -1.83417 -1.09588 1.08754 -0.050538
1.82189 -0.28869 -1.83362 -1.09588 1.08754 -0.050538
1.82159 -0.28848 -1.83307 -1.09588 1.08754 -0.050538
1.8213 -0.288269 -1.83252 -1.09588 1.08754 -0.050538
1.82101 -0.288058 -1.83197 -1.09588 1.08754 -0.050538
1.82071 -0.287848 -1.83141 -1.09588 1.08754 -0.050538
1.82042 -0.287637 -1.83086 -1.09588 1.08754 -0.050538
1.82012 -0.287426 -1.83031 -1.09588 1.08754 -0.050538
1.81983 -0.287215 -1.82976 -1.09588 1.08754 -0.050538
1.81953 -0.287005 -1.82921 -1.09588 1.08754 -0.050538
1.81924 -0.286794 -1.82866 -1.09588 1.08754 -0.050538
1.81894 -0.286583 -1.82811 -1.09588 1.08754 -0.050538
1.81865 -0.286373 -1.82756 -1.09588 1.08754 -0.050538
1.81836 -0.286162 -1.82701 -1.09588 1.08754 -0.050538
1.81806 -0.285951 -1.82646 -1.09588 1.08754 -0.050538
1.81777 -0.28574 -1.82591 -1.09588 1.08754 -0.050538
1.81747 -0.28553 -1.82535 -1.09588 1.08754 -0.050538
1.81718 -0.285319 -1.8248 -1.09588 1.08754 -0.050538
1.81688 -0.285108 -1.82425 -1.09588 1.08754 -0.050538
1.81659 -0.284897 -1.8237 -1.09588 1.08754 -0.050538
1.81629 -0.284687 -1.82315 -1.09588 1.08754 -0.050538
1.816 -0.284476 -1.8226 -1.09588 1.08754 -0.050538
1.8157 -0.284265 -1.82205 -1.09588 1.08754 -0.050538
1.81541 -0.284055 -1.8215 -1.09588 1.08754 -0.050538
1.81512 -0.283844 -1.82095 -1.09588 1.08754 -0.050538
1.81482 -0.283633 -1.8204 -1.09588 1.08754 -0.050538
1.81453 -0.283422 -1.81985 -1.09588 1.08754 -0.050538
1.81423 -0.283212 -1.81929 -1.09588 1.08754 -0.050538
1.81394 -0.283001 -1.81874 -1.09588 1.08754 -0.050538
1.81364 -0.28279 -1.81819 -1.09588 1.08754 -0.050538
1.81335 -0.28258 -1.81764 -1.09588 1.08754 -0.050538
1.81305 -0.282369 -1.81709 -1.09588 1.08754 -0.050538
1.81276 -0.282158 -1.81654 -1.09588 1.08754 -0.050538
1.81246 -0.281947 -1.81599 -1.09588 1.08754 -0.050538
1.81217 -0.281737 -1.81544 -1.09588 1.08754 -0.050538
1.81188 -0.281526 -1.81489 -1.09588 1.08754 -0.050538
1.81158 -0.281315 -1.81434 -1.09588 1.08754 -0.050538
1.81129 -0.281104 -1.81379 -1.09588 1.08754 -0.050538
1.81099 -0.280894 -1.81323 -1.09588 1.08754 -0.050538
1.8107 -0.280683 -1.81268 -1.09588 1.08754 -0.050538
1.8104 -0.280472 -1.81213 -1.09588 1.08754 -0.050538
1.81011 -0.280262 -1.81158 -1.09588 1.08754 -0.050538
1.80981 -0.280051 -1.81103 -1.09588 1.08754 -0.050538
1.80952 -0.27984 -1.81048 -1.09588 1.08754 -0.050538
1.80922 -0.279629 -1.80993 -1.09588 1.08754 -0.050538
1.80893 -0.279419 -1.80938 -1.09588 1.08754 -0.050538
1.80864 -0.279208 -1.80883 -1.09588 1.08754 -0.050538
1.80834 -0.278997 -1.80828 -1.09588 1.08754 -0.050538
1.80805 -0.278787 -1.80773 -1.09588 1.08754 -0.050538
1.80775 -0.278576 -1.80717 -1.09588 1.08754 -0.050538
1.80746 -0.278365 -1.80662 -1.09588 1.08754 -0.050538
1.80716 -0.278154 -1.80607 -1.09588 1.08754 -0.050538
1.80687 -0.277944 -1.80552 -1.09588 1.08754 -0.050538
1.80657 -0.277733 -1.80497 -1.09588 1.08754 -0.050538
1.80628 -0.277522 -1.80442 -1.09588 1.08754 -0.050538
1.80599 -0.277311 -1.80387 -1.09588 1.08754 -0.050538
1.80569 -0.277101 -1.80332 -1.09588 1.08754 -0.050538
1.8054 -0.27689 -1.80277 -1.09588 1.08754 -0.050538
1.8051 -0.276679 -1.80222 -1.09588 1.08754 -0.050538
1.80481 -0.276469 -1.80167 -1.09588 1.08754 -0.050538
1.80451 -0.276258 -1.80111 -1.09588 1.08754 -0.050538
1.80422 -0.276047 -1.80056 -1.09588 1.08754 -0.050538
1.80392 -0.275836 -1.80001 -1.09588 1.08754 -0.050538
1.80363 -0.275626 -1.79946 -1.09588 1.08754 -0.050538
1.80333 -0.275415 -1.79891 -1.09588 1.08754 -0.050538
1.80304 -0.275204 -1.79836 -1.09588 1.08754 -0.050538
1.80275 -0.274994 -1.79781 -1.09588 1.08754 -0.050538
1.80245 -0.274783 -1.79726 -1.09588 1.08754 -0.050538
1.80216 -0.274572 -1.79671 -1.09588 1.08754 -0.050538
1.80186 -0.274361 -1.79616 -1.09588 1.08754 -0.050538
1.80157 -0.274151 -1.79561 -1.09588 1.08754 -0.050538
1.80127 -0.27394 -1.79505 -1.09588 1.08754 -0.050538
1.80098 -0.273729 -1.7945 -1.09588 1.08754 -0.050538
1.80068 -0.273518 -1.79395 -1.09588 1.08754 -0.050538
1.80039 -0.273308 -1.7934 -1.09588 1.08754 -0.050538
1.80009 -0.273097 -1.79285 -1.09588 1.08754 -0.050538
1.7998 -0.272886 -1.7923 -1.09588 1.08754 -0.050538
1.79951 -0.272676 -1.79175 -1.09588 1.08754 -0.050538
1.79921 -0.272465 -1.7912 -1.09588 1.08754 -0.050538
1.79892 -0.272254 -1.79065 -1.09588 1.08754 -0.050538
1.79862 -0.272043 -1.7901 -1.09588 1.08754 -0.050538
1.79833 -0.271833 -1.78955 -1.09588 1.08754 -0.050538
1.79803 -0.271622 -1.78899 -1.09588 1.08754 -0.050538
1.79774 -0.271411 -1.78844 -1.09588 1.08754 -0.050538
1.79744 -0.271201 -1.78789 -1.09588 1.08754 -0.050538
1.79715 -0.27099 -1.78734 -1.09588 1.08754 -0.050538
1.79685 -0.270779 -1.78679 -1.09588 1.08754 -0.050538
1.79656 -0.270568 -1.78624 -1.09588 1.08754 -0.050538
1.79627 -0.270358 -1.78569 -1.09588 1.08754 -0.050538
1.79597 -0.270147 -1.78514 -1.09588 1.08754 -0.050538
1.79568 -0.269936 -1.78459 -1.09588 1.08754 -0.050538
1.79538 -0.269726 -1.78404 -1.09588 1.08754 -0.050538
1.79509 -0.269515 -1.78349 -1.09588 1.08754 -0.050538
1.79479 -0.269304 -1.78293 -1.09588 1.08754 -0.050538
1.7945 -0.269093 -1.78238 -1.09588 1.08754 -0.050538
1.7942 -0.268883 -1.78183 -1.09588 1.08754 -0.050538
1.79391 -0.268672 -1.78128 -1.09588 1.08754 -0.050538
1.79362 -0.268461 -1.78073 -1.09588 1.08754 -0.050538
1.79332 -0.26825 -1.78018 -1.09588 1.08754 -0.050538
1.79303 -0.26804 -1.77963 -1.09588 1.08754 -0.050538
1.79273 -0.267829 -1.77908 -1.09588 1.08754 -0.050538
1.79244 -0.267618 -1.77853 -1.09588 1.08754 -0.050538
1.79214 -0.267408 -1.77798 -1.09588 1.08754 -0.050538
1.79185 -0.267197 -1.77743 -1.09588 1.08754 -0.050538
1.79155 -0.266986 -1.77687 -1.09588 1.08754 -0.050538
1.79126 -0.266775 -1.77632 -1.09588 1.08754 -0.050538
1.79096 -0.266565 -1.77577 -1.09588 1.08754 -0.050538
1.79067 -0.266354 -1.77522 -1.09588 1.08754 -0.050538
1.79038 -0.266143 -1.77467 -1.09588 1.08754 -0.050538
1.79008 -0.265933 -1.77412 -1.09588 1.08754 -0.050538
1.78979 -0.265722 -1.77357 -1.09588 1.08754 -0.050538
1.78949 -0.265511 -1.77302 -1.09588 1.08754 -0.050538
1.7892 -0.2653 -1.77247 -1.09588 1.08754 -0.050538
1.7889 -0.26509 -1.77192 -1.09588 1.08754 -0.050538
1.78861 -0.264879 -1.77137 -1.09588 1.08754 -0.050538
1.78831 -0.264668 -1.77081 -1.09588 1.08754 -0.050538
1.78802 -0.264457 -1.77026 -1.09588 1.08754 -0.050538
1.78772 -0.264247 -1.76971 -1.09588 1.08754 -0.050538
1.78743 -0.264036 -1.76916 -1.09588 1.08754 -0.050538
1.78714 -0.263825 -1.76861 -1.09588 1.08754 -0.050538
1.78684 -0.263615 -1.76806 -1.09588 1.08754 -0.050538
1.78655 -0.263404 -1.76751 -1.09588 1.08754 -0.050538
1.78625 -0.263193 -1.76696 -1.09588 1.08754 -0.050538
1.78596 -0.262982 -1.76641 -1.09588 1.08754 -0.050538
1.78566 -0.262772 -1.76586 -1.09588 1.08754 -0.050538
1.78537 -0.262561 -1.76531 -1.09588 1.08754 -0.050538
1.78507 -0.26235 -1.76475 -1.09588 1.08754 -0.050538
1.78478 -0.26214 -1.7642 -1.09588 1.08754 -0.050538
1.78449 -0.261929 -1.76365 -1.09588 1.08754 -0.050538
1.78419 -0.261718 -1.7631 -1.09588 1.08754 -0.050538
1.7839 -0.261507 -1.76255 -1.09588 1.08754 -0.050538
1.7836 -0.261297 -1.762 -1.09588 1.08754 -0.050538
1.78331 -0.261086 -1.76145 -1.09588 1.08754 -0.050538
1.78301 -0.260875 -1.7609 -1.09588 1.08754 -0.050538
1.78272 -0.260664 -1.76035 -1.09588 1.08754 -0.050538
1.78242 -0.260454 -1.7598 -1.09588 1.08754 -0.050538
1.78213 -0.260243 -1.75925 -1.09588 1.08754 -0.050538
1.78183 -0.260032 -1.75869 -1.09588 1.08754 -0.050538
1.78154 -0.259822 -1.75814 -1.09588 1.08754 -0.050538
1.78125 -0.259611 -1.75759 -1.09588 1.08754 -0.050538
1.78095 -0.2594 -1.75704 -1.09588 1.08754 -0.050538
1.78066 -0.259189 -1.75649 -1.09588 1.08754 -0.050538
1.78036 -0.258979 -1.75594 -1.09588 1.08754 -0.050538
1.78007 -0.258768 -1.75539 -1.09588 1.08754 -0.050538
1.77977 -0.258557 -1.75484 -1.09588 1.08754 -0.050538
1.77948 -0.258347 -1.75429 -1.09588 1.08754 -0.050538
1.77918 -0.258136 -1.75374 -1.09588 1.08754 -0.050538
1.77889 -0.257925 -1.75319 -1.09588 1.08754 -0.050538
1.77859 -0.257714 -1.75263 -1.09588 1.08754 -0.050538
1.7783 -0.257504 -1.75208 -1.09588 1.08754 -0.050538
1.77801 -0.257293 -1.75153 -1.09588 1.08754 -0.050538
1.77771 -0.257082 -1.75098 -1.09588 1.08754 -0.050538
1.77742 -0.256871 -1.75043 -1.09588 1.08754 -0.050538
1.77712 -0.256661 -1.74988 -1.09588 1.08754 -0.050538
1.77683 -0.25645 -1.74933 -1.09588 1.08754 -0.050538
1.77653 -0.256239 -1.74878 -1.09588 1.08754 -0.050538
1.77624 -0.256029 -1.74823 -1.09588 1.08754 -0.050538
1.77594 -0.255818 -1.74768 -1.09588 1.08754 -0.050538
1.77565 -0.255607 -1.74713 -1.09588 1.08754 -0.050538
1.77535 -0.255396 -1.74657 -1.09588 1.08754 -0.050538
1.77506 -0.255186 -1.74602 -1.09588 1.08754 -0.050538
1.77477 -0.254975 -1.74547 -1.09588 1.08754 -0.050538
1.77447 -0.254764 -1.74492 -1.09588 1.08754 -0.050538
1.77418 -0.254554 -1.74437 -1.09588 1.08754 -0.050538
1.77388 -0.254343 -1.74382 -1.09588 1.08754 -0.050538
1.77359 -0.254132 -1.74327 -1.09588 1.08754 -0.050538
1.77329 -0.253921 -1.74272 -1.09588 1.08754 -0.050538
1.773 -0.253711 -1.74217 -1.09588 1.08754 -0.050538
1.7727 -0.2535 -1.74162 -1.09588 1.08754 -0.050538
1.77241 -0.253289 -1.74107 -1.09588 1.08754 -0.050538
1.77212 -0.253079 -1.74051 -1.09588 1.08754 -0.050538
1.77182 -0.252868 -1.73996 -1.09588 1.08754 -0.050538
1.77153 -0.252657 -1.73941 -1.09588 1.08754 -0.050538
1.77123 -0.252446 -1.73886 -1.09588 1.08754 -0.050538
1.77094 -0.252236 -1.73831 -1.09588 1.08754 -0.050538
1.77064 -0.252025 -1.73776 -1.09588 1.08754 -0.050538
1.77035 -0.251814 -1.73721 -1.09588 1.08754 -0.050538
1.77005 -0.251603 -1.73666 -1.09588 1.08754 -0.050538
1.76976 -0.251393 -1.73611 -1.09588 1.08754 -0.050538
1.76946 -0.251182 -1.73556 -1.09588 1.08754 -0.050538
1.76917 -0.250971 -1.73501 -1.09588 1.08754 -0.050538
1.76888 -0.250761 -1.73445 -1.09588 1.08754 -0.050538
1.76858 -0.25055 -1.7339 -1.09588 1.08754 -0.050538
1.76829 -0.250339 -1.73335 -1.09588 1.08754 -0.050538
1.76799 -0.250128 -1.7328 -1.09588 1.08754 -0.050538
1.7677 -0.249918 -1.73225 -1.09588 1.08754 -0.050538
1.7674 -0.249707 -1.7317 -1.09588 1.08754 -0.050538
1.76711 -0.249496 -1.73115 -1.09588 1.08754 -0.050538
1.76681 -0.249286 -1.7306 -1.09588 1.08754 -0.050538
1.76652 -0.249075 -1.73005 -1.09588 1.08754 -0.050538
1.76622 -0.248864 -1.7295 -1.09588 1.08754 -0.050538
1.76593 -0.248653 -1.72895 -1.09588 1.08754 -0.050538
1.76564 -0.248443 -1.72839 -1.09588 1.08754 -0.050538
1.76534 -0.248232 -1.72784 -1.09588 1.08754 -0.050538
1.76505 -0.248021 -1.72729 -1.09588 1.08754 -0.050538
1.76475 -0.24781 -1.72674 -1.09588 1.08754 -0.050538
1.76446 -0.2476 -1.72619 -1.09588 1.08754 -0.050538
1.76416 -0.247389 -1.72564 -1.09588 1.08754 -0.050538
1.76387 -0.247178 -1.72509 -1.09588 1.08754 -0.050538
1.76357 -0.246968 -1.72454 -1.09588 1.08754 -0.050538
1.76328 -0.246757 -1.72399 -1.09588 1.08754 -0.050538
1.76298 -0.246546 -1.72344 -1.09588 1.08754 -0.050538
1.76269 -0.246335 -1.72289 -1.09588 1.08754 -0.050538
1.7624 -0.246125 -1.72233 -1.09588 1.08754 -0.050538
1.7621 -0.245914 -1.72178 -1.09588 1.08754 -0.050538
1.76181 -0.245703 -1.72123 -1.09588 1.08754 -0.050538
1.76151 -0.245493 -1.72068 -1.09588 1.08754 -0.050538
1.76122 -0.245282 -1.72013 -1.09588 1.08754 -0.050538
1.76092 -0.245071 -1.71958 -1.09588 1.08754 -0.050538
1.76063 -0.24486 -1.71903 -1.09588 1.08754 -0.050538
1.76033 -0.24465 -1.71848 -1.09588 1.08754 -0.050538
1.76004 -0.244439 -1.71793 -1.09588 1.08754 -0.050538
1.75975 -0.244228 -1.71738 -1.09588 1.08754 -0.050538
1.75945 -0.244017 -1.71683 -1.09588 1.08754 -0.050538
1.75916 -0.243807 -1.71627 -1.09588 1.08754 -0.050538
1.75886 -0.243596 -1.71572 -1.09588 1.08754 -0.050538
1.75857 -0.243385 -1.71517 -1.09588 1.08754 -0.050538
1.75827 -0.243175 -1.71462 -1.09588 1.08754 -0.050538
1.75798 -0.242964 -1.71407 -1.09588 1.08754 -0.050538
1.75768 -0.242753 -1.71352 -1.09588 1.08754 -0.050538
1.75739 -0.242542 -1.71297 -1.09588 1.08754 -0.050538
1.75709 -0.242332 -1.71242 -1.09588 1.08754 -0.050538
1.7568 -0.242121 -1.71187 -1.09588 1.08754 -0.050538
1.75651 -0.24191 -1.71132 -1.09588 1.08754 -0.050538
1.75621 -0.2417 -1.71077 -1.09588 1.08754 -0.050538
1.75592 -0.241489 -1.71021 -1.09588 1.08754 -0.050538
1.75562 -0.241278 -1.70966 -1.09588 1.08754 -0.050538
1.75533 -0.241067 -1.70911 -1.09588 1.08754 -0.050538
1.75503 -0.240857 -1.70856 -1.09588 1.08754 -0.050538
1.75474 -0.240646 -1.70801 -1.09588 1.08754 -0.050538
1.75444 -0.240435 -1.70746 -1.09588 1.08754 -0.050538
1.75415 -0.240224 -1.70691 -1.09588 1.08754 -0.050538
1.75385 -0.240014 -1.70636 -1.09588 1.08754 -0.050538
1.75356 -0.239803 -1.70581 -1.09588 1.08754 -0.050538
1.75327 -0.239592 -1.70526 -1.09588 1.08754 -0.050538
1.75297 -0.239382 -1.70471 -1.09588 1.08754 -0.050538
1.75268 -0.239171 -1.70415 -1.09588 1.08754 -0.050538
1.75238 -0.23896 -1.7036 -1.09588 1.08754 -0.050538
1.75209 -0.238749 -1.70305 -1.09588 1.08754 -0.050538
1.75179 -0.238539 -1.7025 -1.09588 1.08754 -0.050538
1.7515 -0.238328 -1.70195 -1.09588 1.08754 -0.050538
1.7512 -0.238117 -1.7014 -1.09588 1.08754 -0.050538
1.75091 -0.237907 -1.70085 -1.09588 1.08754 -0.050538
1.75062 -0.237696 -1.7003 -1.09588 1.08754 -0.050538
1.75032 -0.237485 -1.69975 -1.09588 1.08754 -0.050538
1.75003 -0.237274 -1.6992 -1.09588 1.08754 -0.050538
1.74973 -0.237064 -1.69865 -1.09588 1.08754 -0.050538
1.74944 -0.236853 -1.69809 -1.09588 1.08754 -0.050538
1.74914 -0.236642 -1.69754 -1.09588 1.08754 -0.050538
1.74885 -0.236432 -1.69699 -1.09588 1.08754 -0.050538
1.74855 -0.236221 -1.69644 -1.09588 1.08754 -0.050538
1.74826 -0.23601 -1.69589 -1.09588 1.08754 -0.050538
1.74796 -0.235799 -1.69534 -1.09588 1.08754 -0.050538
1.74767 -0.235589 -1.69479 -1.09588 1.08754 -0.050538
1.74738 -0.235378 -1.69424 -1.09588 1.08754 -0.050538
1.74708 -0.235167 -1.69369 -1.09588 1.08754 -0.050538
1.74679 -0.234956 -1.69314 -1.09588 1.08754 -0.050538
1.74649 -0.234746 -1.69259 -1.09588 1.08754 -0.050538
1.7462 -0.234535 -1.69203 -1.09588 1.08754 -0.050538
1.7459 -0.234324 -1.69148 -1.09588 1.08754 -0.050538
1.74561 -0.234114 -1.69093 -1.09588 1.08754 -0.050538
1.74531 -0.233903 -1.69038 -1.09588 1.08754 -0.050538
1.74502 -0.233692 -1.68983 -1.09588 1.08754 -0.050538
1.74472 -0.233481 -1.68928 -1.09588 1.08754 -0.050538
1.74443 -0.233271 -1.68873 -1.09588 1.08754 -0.050538
1.74414 -0.23306 -1.68818 -1.09588 1.08754 -0.050538
1.74384 -0.232849 -1.68763 -1.09588 1.08754 -0.050538
1.74355 -0.232639 -1.68708 -1.09588 1.08754 -0.050538
1.74325 -0.232428 -1.68653 -1.09588 1.08754 -0.050538
1.74296 -0.232217 -1.68597 -1.09588 1.08754 -0.050538
1.74266 -0.232006 -1.68542 -1.09588 1.08754 -0.050538
1.74237 -0.231796 -1.68487 -1.09588 1.08754 -0.050538
1.74207 -0.231585 -1.68432 -1.09588 1.08754 -0.050538
1.74178 -0.231374 -1.68377 -1.09588 1.08754 -0.050538
1.74148 -0.231163 -1.68322 -1.09588 1.08754 -0.050538
1.74119 -0.230953 -1.68267 -1.09588 1.08754 -0.050538
1.7409 -0.230742 -1.68212 -1.09588 1.08754 -0.050538
1.7406 -0.230531 -1.68157 -1.09588 1.08754 -0.050538
1.74031 -0.230321 -1.68102 -1.09588 1.08754 -0.050538
1.74001 -0.23011 -1.68047 -1.09588 1.08754 -0.050538
1.73972 -0.229899 -1.67991 -1.09588 1.08754 -0.050538
1.73942 -0.229688 -1.67936 -1.09588 1.08754 -0.050538
1.73913 -0.229478 -1.67881 -1.09588 1.08754 -0.050538
1.73883 -0.229267 -1.67826 -1.09588 1.08754 -0.050538
1.73854 -0.229056 -1.67771 -1.09588 1.08754 -0.050538
1.73825 -0.228846 -1.67716 -1.09588 1.08754 -0.050538
1.73795 -0.228635 -1.67661 -1.09588 1.08754 -0.050538
1.73766 -0.228424 -1.67606 -1.09588 1.08754 -0.050538
1.73736 -0.228213 -1.67551 -1.09588 1.08754 -0.050538
1.73707 -0.228003 -1.67496 -1.09588 1.08754 -0.050538
1.73677 -0.227792 -1.67441 -1.09588 1.08754 -0.050538
1.73648 -0.227581 -1.67385 -1.09588 1.08754 -0.050538
1.73618 -0.22737 -1.6733 -1.09588 1.08754 -0.050538
1.73589 -0.22716 -1.67275 -1.09588 1.08754 -0.050538
1.73559 -0.226949 -1.6722 -1.09588 1.08754 -0.050538
1.7353 -0.226738 -1.67165 -1.09588 1.08754 -0.050538
1.73501 -0.226528 -1.6711 -1.09588 1.08754 -0.050538
1.73471 -0.226317 -1.67055 -1.09588 1.08754 -0.050538
1.73442 -0.226106 -1.67 -1.09588 1.08754 -0.050538
1.73412 -0.225895 -1.66945 -1.09588 1.08754 -0.050538
1.73383 -0.225685 -1.6689 -1.09588 1.08754 -0.050538
1.73353 -0.225474 -1.66835 -1.09588 1.08754 -0.050538
1.73324 -0.225263 -1.66779 -1.09588 1.08754 -0.050538
1.73294 -0.225053 -1.66724 -1.09588 1.08754 -0.050538
1.73265 -0.224842 -1.66669 -1.09588 1.08754 -0.050538
1.73235 -0.224631 -1.66614 -1.09588 1.08754 -0.050538
1.73206 -0.22442 -1.66559 -1.09588 1.08754 -0.050538
1.73177 -0.22421 -1.66504 -1.09588 1.08754 -0.050538
1.73147 -0.223999 -1.66449 -1.09588 1.08754 -0.050538
1.73118 -0.223788 -1.66394 -1.09588 1.08754 -0.050538
1.73088 -0.223577 -1.66339 -1.09588 1.08754 -0.050538
1.73059 -0.223367 -1.66284 -1.09588 1.08754 -0.050538
1.73029 -0.223156 -1.66229 -1.09588 1.08754 -0.050538
1.73 -0.222945 -1.66173 -1.09588 1.08754 -0.050538
1.7297 -0.222735 -1.66118 -1.09588 1.08754 -0.050538
1.72941 -0.222524 -1.66063 -1.09588 1.08754 -0.050538
1.72911 -0.222313 -1.66008 -1.09588 1.08754 -0.050538
1.72882 -0.222102 -1.65953 -1.09588 1.08754 -0.050538
1.72853 -0.221892 -1.65898 -1.09588 1.08754 -0.050538
1.72823 -0.221681 -1.65843 -1.09588 1.08754 -0.050538
1.72794 -0.22147 -1.65788 -1.09588 1.08754 -0.050538
1.72764 -0.22126 -1.65733 -1.09588 1.08754 -0.050538
1.72735 -0.221049 -1.65678 -1.09588 1.08754 -0.050538
1.72705 -0.220838 -1.65623 -1.09588 1.08754 -0.050538
1.72676 -0.220627 -1.65567 -1.09588 1.08754 -0.050538
1.72646 -0.220417 -1.65512 -1.09588 1.08754 -0.050538
1.72617 -0.220206 -1.65457 -1.09588 1.08754 -0.050538
1.72588 -0.219995 -1.65402 -1.09588 1.08754 -0.050538
1.72558 -0.219785 -1.65347 -1.09588 1.08754 -0.050538
1.72529 -0.219574 -1.65292 -1.09588 1.08754 -0.050538
1.72499 -0.219363 -1.65237 -1.09588 1.08754 -0.050538
1.7247 -0.219152 -1.65182 -1.09588 1.08754 -0.050538
1.7244 -0.218942 -1.65127 -1.09588 1.08754 -0.050538
1.72411 -0.218731 -1.65072 -1.09588 1.08754 -0.050538
1.72381 -0.21852 -1.65017 -1.09588 1.08754 -0.050538
1.72352 -0.218309 -1.64961 -1.09588 1.08754 -0.050538
1.72322 -0.218099 -1.64906 -1.09588 1.08754 -0.050538
1.72293 -0.217888 -1.64851 -1.09588 1.08754 -0.050538
1.72264 -0.217677 -1.64796 -1.09588 1.08754 -0.050538
1.72234 -0.217467 -1.64741 -1.09588 1.08754 -0.050538
1.72205 -0.217256 -1.64686 -1.09588 1.08754 -0.050538
1.72175 -0.217045 -1.64631 -1.09588 1.08754 -0.050538
1.72146 -0.216834 -1.64576 -1.09588 1.08754 -0.050538
1.72116 -0.216624 -1.64521 -1.09588 1.08754 -0.050538
1.72087 -0.216413 -1.64466 -1.09588 1.08754 -0.050538
1.72057 -0.216202 -1.64411 -1.09588 1.08754 -0.050538
1.72028 -0.215992 -1.64355 -1.09588 1.08754 -0.050538
1.71998 -0.215781 -1.643 -1.09588 1.08754 -0.050538
1.71969 -0.21557 -1.64245 -1.09588 1.08754 -0.050538
1.7194 -0.215359 -1.6419 -1.09588 1.08754 -0.050538
1.7191 -0.215149 -1.64135 -1.09588 1.08754 -0.050538
1.71881 -0.214938 -1.6408 -1.09588 1.08754 -0.050538
1.71851 -0.214727 -1.64025 -1.09588 1.08754 -0.050538
1.71822 -0.214516 -1.6397 -1.09588 1.08754 -0.050538
1.71792 -0.214306 -1.63915 -1.09588 1.08754 -0.050538
1.71763 -0.214095 -1.6386 -1.09588 1.08754 -0.050538
1.71733 -0.213884 -1.63805 -1.09588 1.08754 -0.050538
1.71704 -0.213674 -1.63749 -1.09588 1.08754 -0.050538
1.71675 -0.213463 -1.63694 -1.09588 1.08754 -0.050538
1.71645 -0.213252 -1.63639 -1.09588 1.08754 -0.050538
1.71616 -0.213041 -1.63584 -1.09588 1.08754 -0.050538
1.71586 -0.212831 -1.63529 -1.09588 1.08754 -0.050538
1.71557 -0.21262 -1.63474 -1.09588 1.08754 -0.050538
1.71527 -0.212409 -1.63419 -1.09588 1.08754 -0.050538
1.71498 -0.212199 -1.63364 -1.09588 1.08754 -0.050538
1.71468 -0.211988 -1.63309 -1.09588 1.08754 -0.050538
1.71439 -0.211777 -1.63254 -1.09588 1.08754 -0.050538
1.71409 -0.211566 -1.63199 -1.09588 1.08754 -0.050538
1.7138 -0.211356 -1.63143 -1.09588 1.08754 -0.050538
1.71351 -0.211145 -1.63088 -1.09588 1.08754 -0.050538
1.71321 -0.210934 -1.63033 -1.09588 1.08754 -0.050538
1.71292 -0.210723 -1.62978 -1.09588 1.08754 -0.050538
1.71262 -0.210513 -1.62923 -1.09588 1.08754 -0.050538
1.71233 -0.210302 -1.62868 -1.09588 1.08754 -0.050538
1.71203 -0.210091 -1.62813 -1.09588 1.08754 -0.050538
1.71174 -0.209881 -1.62758 -1.09588 1.08754 -0.050538
1.71144 -0.20967 -1.62703 -1.09588 1.08754 -0.050538
1.71115 -0.209459 -1.62648 -1.09588 1.08754 -0.050538
1.71085 -0.209248 -1.62593 -1.09588 1.08754 -0.050538
1.71056 -0.209038 -1.62537 -1.09588 1.08754 -0.050538
1.71027 -0.208827 -1.62482 -1.09588 1.08754 -0.050538
1.70997 -0.208616 -1.62427 -1.09588 1.08754 -0.050538
1.70968 -0.208406 -1.62372 -1.09588 1.08754 -0.050538
1.70938 -0.208195 -1.62317 -1.09588 1.08754 -0.050538
1.70909 -0.207984 -1.62262 -1.09588 1.08754 -0.050538
1.70879 -0.207773 -1.62207 -1.09588 1.08754 -0.050538
1.7085 -0.207563 -1.62152 -1.09588 1.08754 -0.050538
1.7082 -0.207352 -1.62097 -1.09588 1.08754 -0.050538
1.70791 -0.207141 -1.62042 -1.09588 1.08754 -0.050538
1.70761 -0.20693 -1.61987 -1.09588 1.08754 -0.050538
1.70732 -0.20672 -1.61931 -1.09588 1.08754 -0.050538
1.70703 -0.206509 -1.61876 -1.09588 1.08754 -0.050538
1.70673 -0.206298 -1.61821 -1.09588 1.08754 -0.050538
1.70644 -0.206088 -1.61766 -1.09588 1.08754 -0.050538
1.70614 -0.205877 -1.61711 -1.09588 1.08754 -0.050538
1.70585 -0.205666 -1.61656 -1.09588 1.08754 -0.050538
1.70555 -0.205455 -1.61601 -1.09588 1.08754 -0.050538
1.70526 -0.205245 -1.61546 -1.09588 1.08754 -0.050538
1.70496 -0.205034 -1.61491 -1.09588 1.08754 -0.050538
1.70467 -0.204823 -1.61436 -1.09588 1.08754 -0.050538
1.70438 -0.204613 -1.61381 -1.09588 1.08754 -0.050538
1.70408 -0.204402 -1.61325 -1.09588 1.08754 -0.050538
1.70379 -0.204191 -1.6127 -1.09588 1.08754 -0.050538
1.70349 -0.20398 -1.61215 -1.09588 1.08754 -0.050538
1.7032 -0.20377 -1.6116 -1.09588 1.08754 -0.050538
1.7029 -0.203559 -1.61105 -1.09588 1.08754 -0.050538
1.70261 -0.203348 -1.6105 -1.09588 1.08754 -0.050538
1.70231 -0.203138 -1.60995 -1.09588 1.08754 -0.050538
1.70202 -0.202927 -1.6094 -1.09588 1.08754 -0.050538
1.70172 -0.202716 -1.60885 -1.09588 1.08754 -0.050538
1.70143 -0.202505 -1.6083 -1.09588 1.08754 -0.050538
1.70114 -0.202295 -1.60775 -1.09588 1.08754 -0.050538
1.70084 -0.202084 -1.60719 -1.09588 1.08754 -0.050538
1.70055 -0.201873 -1.60664 -1.09588 1.08754 -0.050538
1.70025 -0.201662 -1.60609 -1.09588 1.08754 -0.050538
1.69996 -0.201452 -1.60554 -1.09588 1.08754 -0.050538
1.69966 -0.201241 -1.60499 -1.09588 1.08754 -0.050538
1.69937 -0.20103 -1.60444 -1.09588 1.08754 -0.050538
1.69907 -0.20082 -1.60389 -1.09588 1.08754 -0.050538
1.69878 -0.200609 -1.60334 -1.09588 1.08754 -0.050538
1.69848 -0.200398 -1.60279 -1.09588 1.08754 -0.050538
1.69819 -0.200187 -1.60224 -1.09588 1.08754 -0.050538
1.6979 -0.199977 -1.60169 -1.09588 1.08754 -0.050538
1.6976 -0.199766 -1.60113 -1.09588 1.08754 -0.050538
1.69731 -0.199555 -1.60058 -1.09588 1.08754 -0.050538
1.69701 -0.199345 -1.60003 -1.09588 1.08754 -0.050538
1.69672 -0.199134 -1.59948 -1.09588 1.08754 -0.050538
1.69642 -0.198923 -1.59893 -1.09588 1.08754 -0.050538
1.69613 -0.198712 -1.59838 -1.09588 1.08754 -0.050538
1.69583 -0.198502 -1.59783 -1.09588 1.08754 -0.050538
1.69554 -0.198291 -1.59728 -1.09588 1.08754 -0.050538
1.69524 -0.19808 -1.59673 -1.09588 1.08754 -0.050538
1.69495 -0.197869 -1.59618 -1.09588 1.08754 -0.050538
1.69466 -0.197659 -1.59563 -1.09588 1.08754 -0.050538
1.69436 -0.197448 -1.59507 -1.09588 1.08754 -0.050538
1.69407 -0.197237 -1.59452 -1.09588 1.08754 -0.050538
1.69377 -0.197027 -1.59397 -1.09588 1.08754 -0.050538
1.69348 -0.196816 -1.59342 -1.09588 1.08754 -0.050538
1.69318 -0.196605 -1.59287 -1.09588 1.08754 -0.050538
1.69289 -0.196394 -1.59232 -1.09588 1.08754 -0.050538
1.69259 -0.196184 -1.59177 -1.09588 1.08754 -0.050538
1.6923 -0.195973 -1.59122 -1.09588 1.08754 -0.050538
1.69201 -0.195762 -1.59067 -1.09588 1.08754 -0.050538
1.69171 -0.195552 -1.59012 -1.09588 1.08754 -0.050538
1.69142 -0.195341 -1.58957 -1.09588 1.08754 -0.050538
1.69112 -0.19513 -1.58901 -1.09588 1.08754 -0.050538
1.69083 -0.194919 -1.58846 -1.09588 1.08754 -0.050538
1.69053 -0.194709 -1.58791 -1.09588 1.08754 -0.050538
1.69024 -0.194498 -1.58736 -1.09588 1.08754 -0.050538
1.68994 -0.194287 -1.58681 -1.09588 1.08754 -0.050538
1.68965 -0.194076 -1.58626 -1.09588 1.08754 -0.050538
1.68935 -0.193866 -1.58571 -1.09588 1.08754 -0.050538
1.68906 -0.193655 -1.58516 -1.09588 1.08754 -0.050538
1.68877 -0.193444 -1.58461 -1.09588 1.08754 -0.050538
1.68847 -0.193234 -1.58406 -1.09588 1.08754 -0.050538
1.68818 -0.193023 -1.58351 -1.09588 1.08754 -0.050538
1.68788 -0.192812 -1.58295 -1.09588 1.08754 -0.050538
1.68759 -0.192601 -1.5824 -1.09588 1.08754 -0.050538
1.68729 -0.192391 -1.58185 -1.09588 1.08754 -0.050538
1.687 -0.19218 -1.5813 -1.09588 1.08754 -0.050538
1.6867 -0.191969 -1.58075 -1.09588 1.08754 -0.050538
1.68641 -0.191759 -1.5802 -1.09588 1.08754 -0.050538
1.68611 -0.191548 -1.57965 -1.09588 1.08754 -0.050538
1.68582 -0.191337 -1.5791 -1.09588 1.08754 -0.050538
1.68553 -0.191126 -1.57855 -1.09588 1.08754 -0.050538
1.68523 -0.190916 -1.578 -1.09588 1.08754 -0.050538
1.68494 -0.190705 -1.57745 -1.09588 1.08754 -0.050538
1.68464 -0.190494 -1.57689 -1.09588 1.08754 -0.050538
1.68435 -0.190283 -1.57634 -1.09588 1.08754 -0.050538
1.68405 -0.190073 -1.57579 -1.09588 1.08754 -0.050538
1.68376 -0.189862 -1.57524 -1.09588 1.08754 -0.050538
1.68346 -0.189651 -1.57469 -1.09588 1.08754 -0.050538
1.68317 -0.189441 -1.57414 -1.09588 1.08754 -0.050538
1.68288 -0.18923 -1.57359 -1.09588 1.08754 -0.050538
1.68258 -0.189019 -1.57304 -1.09588 1.08754 -0.050538
1.68229 -0.188808 -1.57249 -1.09588 1.08754 -0.050538
1.68199 -0.188598 -1.57194 -1.09588 1.08754 -0.050538
1.6817 -0.188387 -1.57139 -1.09588 1.08754 -0.050538
1.6814 -0.188176 -1.57083 -1.09588 1.08754 -0.050538
1.68111 -0.187966 -1.57028 -1.09588 1.08754 -0.050538
1.68081 -0.187755 -1.56973 -1.09588 1.08754 -0.050538
1.68052 -0.187544 -1.56918 -1.09588 1.08754 -0.050538
1.68022 -0.187333 -1.56863 -1.09588 1.08754 -0.050538
1.67993 -0.187123 -1.56808 -1.09588 1.08754 -0.050538
1.67964 -0.186912 -1.56753 -1.09588 1.08754 -0.050538
1.67934 -0.186701 -1.56698 -1.09588 1.08754 -0.050538
1.67905 -0.18649 -1.56643 -1.09588 1.08754 -0.050538
1.67875 -0.18628 -1.56588 -1.09588 1.08754 -0.050538
1.67846 -0.186069 -1.56533 -1.09588 1.08754 -0.050538
1.67816 -0.185858 -1.56477 -1.09588 1.08754 -0.050538
1.67787 -0.185648 -1.56422 -1.09588 1.08754 -0.050538
1.67757 -0.185437 -1.56367 -1.09588 1.08754 -0.050538
1.67728 -0.185226 -1.56312 -1.09588 1.08754 -0.050538
1.67698 -0.185015 -1.56257 -1.09588 1.08754 -0.050538
1.67669 -0.184805 -1.56202 -1.09588 1.08754 -0.050538
1.6764 -0.184594 -1.56147 -1.09588 1.08754 -0.050538
1.6761 -0.184383 -1.56092 -1.09588 1.08754 -0.050538
1.67581 -0.184173 -1.56037 -1.09588 1.08754 -0.050538
1.67551 -0.183962 -1.55982 -1.09588 1.08754 -0.050538
1.67522 -0.183751 -1.55927 -1.09588 1.08754 -0.050538
1.67492 -0.18354 -1.55871 -1.09588 1.08754 -0.050538
1.67463 -0.18333 -1.55816 -1.09588 1.08754 -0.050538
1.67433 -0.183119 -1.55761 -1.09588 1.08754 -0.050538
1.67404 -0.182908 -1.55706 -1.09588 1.08754 -0.050538
1.67374 -0.182698 -1.55651 -1.09588 1.08754 -0.050538
1.67345 -0.182487 -1.55596 -1.09588 1.08754 -0.050538
1.67316 -0.182276 -1.55541 -1.09588 1.08754 -0.050538
1.67286 -0.182065 -1.55486 -1.09588 1.08754 -0.050538
1.67257 -0.181855 -1.55431 -1.09588 1.08754 -0.050538
1.67227 -0.181644 -1.55376 -1.09588 1.08754 -0.050538
1.67198 -0.181433 -1.55321 -1.09588 1.08754 -0.050538
1.67168 -0.181222 -1.55265 -1.09588 1.08754 -0.050538
1.67139 -0.181012 -1.5521 -1.09588 1.08754 -0.050538
1.67109 -0.180801 -1.55155 -1.09588 1.08754 -0.050538
1.6708 -0.18059 -1.551 -1.09588 1.08754 -0.050538
1.67051 -0.18038 -1.55045 -1.09588 1.08754 -0.050538
1.67021 -0.180169 -1.5499 -1.09588 1.08754 -0.050538
1.66992 -0.179958 -1.54935 -1.09588 1.08754 -0.050538
1.66962 -0.179747 -1.5488 -1.09588 1.08754 -0.050538
1.66933 -0.179537 -1.54825 -1.09588 1.08754 -0.050538
1.66903 -0.179326 -1.5477 -1.09588 1.08754 -0.050538
1.66874 -0.179115 -1.54715 -1.09588 1.08754 -0.050538
1.66844 -0.178905 -1.54659 -1.09588 1.08754 -0.050538
1.66815 -0.178694 -1.54604 -1.09588 1.08754 -0.050538
1.66785 -0.178483 -1.54549 -1.09588 1.08754 -0.050538
1.66756 -0.178272 -1.54494 -1.09588 1.08754 -0.050538
1.66727 -0.178062 -1.54439 -1.09588 1.08754 -0.050538
1.66697 -0.177851 -1.54384 -1.09588 1.08754 -0.050538
1.66668 -0.17764 -1.54329 -1.09588 1.08754 -0.050538
1.66638 -0.177429 -1.54274 -1.09588 1.08754 -0.050538
1.66609 -0.177219 -1.54219 -1.09588 1.08754 -0.050538
1.66579 -0.177008 -1.54164 -1.09588 1.08754 -0.050538
1.6655 -0.176797 -1.54109 -1.09588 1.08754 -0.050538
1.6652 -0.176587 -1.54053 -1.09588 1.08754 -0.050538
1.66491 -0.176376 -1.53998 -1.09588 1.08754 -0.050538
1.66461 -0.176165 -1.53943 -1.09588 1.08754 -0.050538
1.66432 -0.175954 -1.53888 -1.09588 1.08754 -0.050538
1.66403 -0.175744 -1.53833 -1.09588 1.08754 -0.050538
1.66373 -0.175533 -1.53778 -1.09588 1.08754 -0.050538
1.66344 -0.175322 -1.53723 -1.09588 1.08754 -0.050538
1.66314 -0.175112 -1.53668 -1.09588 1.08754 -0.050538
1.66285 -0.174901 -1.53613 -1.09588 1.08754 -0.050538
1.66255 -0.17469 -1.53558 -1.09588 1.08754 -0.050538
1.66226 -0.174479 -1.53503 -1.09588 1.08754 -0.050538
1.66196 -0.174269 -1.53447 -1.09588 1.08754 -0.050538
1.66167 -0.174058 -1.53392 -1.09588 1.08754 -0.050538
1.66137 -0.173847 -1.53337 -1.09588 1.08754 -0.050538
1.66108 -0.173636 -1.53282 -1.09588 1.08754 -0.050538
1.66079 -0.173426 -1.53227 -1.09588 1.08754 -0.050538
1.66049 -0.173215 -1.53172 -1.09588 1.08754 -0.050538
1.6602 -0.173004 -1.53117 -1.09588 1.08754 -0.050538
1.6599 -0.172794 -1.53062 -1.09588 1.08754 -0.050538
1.65961 -0.172583 -1.53007 -1.09588 1.08754 -0.050538
1.65931 -0.172372 -1.52952 -1.09588 1.08754 -0.050538
1.65902 -0.172161 -1.52897 -1.09588 1.08754 -0.050538
1.65872 -0.171951 -1.52841 -1.09588 1.08754 -0.050538
1.65843 -0.17174 -1.52786 -1.09588 1.08754 -0.050538
1.65814 -0.171529 -1.52731 -1.09588 1.08754 -0.050538
1.65784 -0.171319 -1.52676 -1.09588 1.08754 -0.050538
1.65755 -0.171108 -1.52621 -1.09588 1.08754 -0.050538
1.65725 -0.170897 -1.52566 -1.09588 1.08754 -0.050538
1.65696 -0.170686 -1.52511 -1.09588 1.08754 -0.050538
1.65666 -0.170476 -1.52456 -1.09588 1.08754 -0.050538
1.65637 -0.170265 -1.52401 -1.09588 1.08754 -0.050538
1.65607 -0.170054 -1.52346 -1.09588 1.08754 -0.050538
1.65578 -0.169843 -1.52291 -1.09588 1.08754 -0.050538
1.65548 -0.169633 -1.52235 -1.09588 1.08754 -0.050538
1.65519 -0.169422 -1.5218 -1.09588 1.08754 -0.050538
1.6549 -0.169211 -1.52125 -1.09588 1.08754 -0.050538
1.6546 -0.169001 -1.5207 -1.09588 1.08754 -0.050538
1.65431 -0.16879 -1.52015 -1.09588 1.08754 -0.050538
1.65401 -0.168579 -1.5196 -1.09588 1.08754 -0.050538
1.65372 -0.168368 -1.51905 -1.09588 1.08754 -0.050538
1.65342 -0.168158 -1.5185 -1.09588 1.08754 -0.050538
1.65313 -0.167947 -1.51795 -1.09588 1.08754 -0.050538
1.65283 -0.167736 -1.5174 -1.09588 1.08754 -0.050538
1.65254 -0.167526 -1.51685 -1.09588 1.08754 -0.050538
1.65224 -0.167315 -1.51629 -1.09588 1.08754 -0.050538
1.65195 -0.167104 -1.51574 -1.09588 1.08754 -0.050538
1.65166 -0.166893 -1.51519 -1.09588 1.08754 -0.050538
1.65136 -0.166683 -1.51464 -1.09588 1.08754 -0.050538
1.65107 -0.166472 -1.51409 -1.09588 1.08754 -0.050538
1.65077 -0.166261 -1.51354 -1.09588 1.08754 -0.050538
1.65048 -0.166051 -1.51299 -1.09588 1.08754 -0.050538
1.65018 -0.16584 -1.51244 -1.09588 1.08754 -0.050538
1.64989 -0.165629 -1.51189 -1.09588 1.08754 -0.050538
1.64959 -0.165418 -1.51134 -1.09588 1.08754 -0.050538
1.6493 -0.165208 -1.51079 -1.09588 1.08754 -0.050538
1.64901 -0.164997 -1.51023 -1.09588 1.08754 -0.050538
1.64871 -0.164786 -1.50968 -1.09588 1.08754 -0.050538
1.64842 -0.164575 -1.50913 -1.09588 1.08754 -0.050538
1.64812 -0.164365 -1.50858 -1.09588 1.08754 -0.050538
1.64783 -0.164154 -1.50803 -1.09588 1.08754 -0.050538
1.64753 -0.163943 -1.50748 -1.09588 1.08754 -0.050538
1.64724 -0.163733 -1.50693 -1.09588 1.08754 -0.050538
1.64694 -0.163522 -1.50638 -1.09588 1.08754 -0.050538
1.64665 -0.163311 -1.50583 -1.09588 1.08754 -0.050538
1.64635 -0.1631 -1.50528 -1.09588 1.08754 -0.050538
1.64606 -0.16289 -1.50473 -1.09588 1.08754 -0.050538
1.64577 -0.162679 -1.50417 -1.09588 1.08754 -0.050538
1.64547 -0.162468 -1.50362 -1.09588 1.08754 -0.050538
1.64518 -0.162258 -1.50307 -1.09588 1.08754 -0.050538
1.64488 -0.162047 -1.50252 -1.09588 1.08754 -0.050538
1.64459 -0.161836 -1.50197 -1.09588 1.08754 -0.050538
1.64429 -0.161625 -1.50142 -1.09588 1.08754 -0.050538
1.644 -0.161415 -1.50087 -1.09588 1.08754 -0.050538
1.6437 -0.161204 -1.50032 -1.09588 1.08754 -0.050538
1.64341 -0.160993 -1.49977 -1.09588 1.08754 -0.050538
1.64311 -0.160782 -1.49922 -1.09588 1.08754 -0.050538
1.64282 -0.160572 -1.49867 -1.09588 1.08754 -0.050538
1.64253 -0.160361 -1.49811 -1.09588 1.08754 -0.050538
1.64223 -0.16015 -1.49756 -1.09588 1.08754 -0.050538
1.64194 -0.15994 -1.49701 -1.09588 1.08754 -0.050538
1.64164 -0.159729 -1.49646 -1.09588 1.08754 -0.050538
1.64135 -0.159518 -1.49591 -1.09588 1.08754 -0.050538
1.64105 -0.159307 -1.49536 -1.09588 1.08754 -0.050538
1.64076 -0.159097 -1.49481 -1.09588 1.08754 -0.050538
1.64046 -0.158886 -1.49426 -1.09588 1.08754 -0.050538
1.64017 -0.158675 -1.49371 -1.09588 1.08754 -0.050538
1.63987 -0.158465 -1.49316 -1.09588 1.08754 -0.050538
1.63958 -0.158254 -1.49261 -1.09588 1.08754 -0.050538
1.63929 -0.158043 -1.49205 -1.09588 1.08754 -0.050538
1.63899 -0.157832 -1.4915 -1.09588 1.08754 -0.050538
1.6387 -0.157622 -1.49095 -1.09588 1.08754 -0.050538
1.6384 -0.157411 -1.4904 -1.09588 1.08754 -0.050538
1.63811 -0.1572 -1.48985 -1.09588 1.08754 -0.050538
1.63781 -0.156989 -1.4893 -1.09588 1.08754 -0.050538
1.63752 -0.156779 -1.48875 -1.09588 1.08754 -0.050538
1.63722 -0.156568 -1.4882 -1.09588 1.08754 -0.050538
1.63693 -0.156357 -1.48765 -1.09588 1.08754 -0.050538
1.63664 -0.156147 -1.4871 -1.09588 1.08754 -0.050538
1.63634 -0.155936 -1.48655 -1.09588 1.08754 -0.050538
1.63605 -0.155725 -1.48599 -1.09588 1.08754 -0.050538
1.63575 -0.155514 -1.48544 -1.09588 1.08754 -0.050538
1.63546 -0.155304 -1.48489 -1.09588 1.08754 -0.050538
1.63516 -0.155093 -1.48434 -1.09588 1.08754 -0.050538
1.63487 -0.154882 -1.48379 -1.09588 1.08754 -0.050538
1.63457 -0.154672 -1.48324 -1.09588 1.08754 -0.050538
1.63428 -0.154461 -1.48269 -1.09588 1.08754 -0.050538
1.63398 -0.15425 -1.48214 -1.09588 1.08754 -0.050538
1.63369 -0.154039 -1.48159 -1.09588 1.08754 -0.050538
1.6334 -0.153829 -1.48104 -1.09588 1.08754 -0.050538
1.6331 -0.153618 -1.48049 -1.09588 1.08754 -0.050538
1.63281 -0.153407 -1.47993 -1.09588 1.08754 -0.050538
1.63251 -0.153196 -1.47938 -1.09588 1.08754 -0.050538
1.63222 -0.152986 -1.47883 -1.09588 1.08754 -0.050538
1.63192 -0.152775 -1.47828 -1.09588 1.08754 -0.050538
1.63163 -0.152564 -1.47773 -1.09588 1.08754 -0.050538
1.63133 -0.152354 -1.47718 -1.09588 1.08754 -0.050538
1.63104 -0.152143 -1.47663 -1.09588 1.08754 -0.050538
1.63074 -0.151932 -1.47608 -1.09588 1.08754 -0.050538
1.63045 -0.151721 -1.47553 -1.09588 1.08754 -0.050538
1.63016 -0.151511 -1.47498 -1.09588 1.08754 -0.050538
1.62986 -0.1513 -1.47443 -1.09588 1.08754 -0.050538
1.62957 -0.151089 -1.47387 -1.09588 1.08754 -0.050538
1.62927 -0.150879 -1.47332 -1.09588 1.08754 -0.050538
1.62898 -0.150668 -1.47277 -1.09588 1.08754 -0.050538
1.62868 -0.150457 -1.47222 -1.09588 1.08754 -0.050538
1.62839 -0.150246 -1.47167 -1.09588 1.08754 -0.050538
1.62809 -0.150036 -1.47112 -1.09588 1.08754 -0.050538
1.6278 -0.149825 -1.47057 -1.09588 1.08754 -0.050538
1.6275 -0.149614 -1.47002 -1.09588 1.08754 -0.050538
1.62721 -0.149404 -1.46947 -1.09588 1.08754 -0.050538
1.62692 -0.149193 -1.46892 -1.09588 1.08754 -0.050538
1.62662 -0.148982 -1.46837 -1.09588 1.08754 -0.050538
1.62633 -0.148771 -1.46781 -1.09588 1.08754 -0.050538
1.62603 -0.148561 -1.46726 -1.09588 1.08754 -0.050538
1.62574 -0.14835 -1.46671 -1.09588 1.08754 -0.050538
1.62544 -0.148139 -1.46616 -1.09588 1.08754 -0.050538
1.62515 -0.147928 -1.46561 -1.09588 1.08754 -0.050538
1.62485 -0.147718 -1.46506 -1.09588 1.08754 -0.050538
1.62456 -0.147507 -1.46451 -1.09588 1.08754 -0.050538
1.62427 -0.147296 -1.46396 -1.09588 1.08754 -0.050538
1.62397 -0.147086 -1.46341 -1.09588 1.08754 -0.050538
1.62368 -0.146875 -1.46286 -1.09588 1.08754 -0.050538
1.62338 -0.146664 -1.46231 -1.09588 1.08754 -0.050538
1.62309 -0.146453 -1.46175 -1.09588 1.08754 -0.050538
1.62279 -0.146243 -1.4612 -1.09588 1.08754 -0.050538
1.6225 -0.146032 -1.46065 -1.09588 1.08754 -0.050538
1.6222 -0.145821 -1.4601 -1.09588 1.08754 -0.050538
1.62191 -0.145611 -1.45955 -1.09588 1.08754 -0.050538
1.62161 -0.1454 -1.459 -1.09588 1.08754 -0.050538
1.62132 -0.145189 -1.45845 -1.09588 1.08754 -0.050538
1.62103 -0.144978 -1.4579 -1.09588 1.08754 -0.050538
1.62073 -0.144768 -1.45735 -1.09588 1.08754 -0.050538
1.62044 -0.144557 -1.4568 -1.09588 1.08754 -0.050538
1.62014 -0.144346 -1.45625 -1.09588 1.08754 -0.050538
1.61985 -0.144135 -1.45569 -1.09588 1.08754 -0.050538
1.61955 -0.143925 -1.45514 -1.09588 1.08754 -0.050538
1.61926 -0.143714 -1.45459 -1.09588 1.08754 -0.050538
1.61896 -0.143503 -1.45404 -1.09588 1.08754 -0.050538
1.61867 -0.143293 -1.45349 -1.09588 1.08754 -0.050538
1.61837 -0.143082 -1.45294 -1.09588 1.08754 -0.050538
1.61808 -0.142871 -1.45239 -1.09588 1.08754 -0.050538
1.61779 -0.14266 -1.45184 -1.09588 1.08754 -0.050538
1.61749 -0.14245 -1.45129 -1.09588 1.08754 -0.050538
1.6172 -0.142239 -1.45074 -1.09588 1.08754 -0.050538
1.6169 -0.142028 -1.45019 -1.09588 1.08754 -0.050538
1.61661 -0.141818 -1.44963 -1.09588 1.08754 -0.050538
1.61631 -0.141607 -1.44908 -1.09588 1.08754 -0.050538
1.61602 -0.141396 -1.44853 -1.09588 1.08754 -0.050538
1.61572 -0.141185 -1.44798 -1.09588 1.08754 -0.050538
1.61543 -0.140975 -1.44743 -1.09588 1.08754 -0.050538
1.61514 -0.140764 -1.44688 -1.09588 1.08754 -0.050538
1.61484 -0.140553 -1.44633 -1.09588 1.08754 -0.050538
1.61455 -0.140342 -1.44578 -1.09588 1.08754 -0.050538
1.61425 -0.140132 -1.44523 -1.09588 1.08754 -0.050538
1.61396 -0.139921 -1.44468 -1.09588 1.08754 -0.050538
1.61366 -0.13971 -1.44413 -1.09588 1.08754 -0.050538
1.61337 -0.1395 -1.44357 -1.09588 1.08754 -0.050538
1.61307 -0.139289 -1.44302 -1.09588 1.08754 -0.050538
1.61278 -0.139078 -1.44247 -1.09588 1.08754 -0.050538
1.61248 -0.138867 -1.44192 -1.09588 1.08754 -0.050538
1.61219 -0.138657 -1.44137 -1.09588 1.08754 -0.050538
1.6119 -0.138446 -1.44082 -1.09588 1.08754 -0.050538
1.6116 -0.138235 -1.44027 -1.09588 1.08754 -0.050538
1.61131 -0.138025 -1.43972 -1.09588 1.08754 -0.050538
1.61101 -0.137814 -1.43917 -1.09588 1.08754 -0.050538
1.61072 -0.137603 -1.43862 -1.09588 1.08754 -0.050538
1.61042 -0.137392 -1.43807 -1.09588 1.08754 -0.050538
1.61013 -0.137182 -1.43751 -1.09588 1.08754 -0.050538
1.60983 -0.136971 -1.43696 -1.09588 1.08754 -0.050538
1.60954 -0.13676 -1.43641 -1.09588 1.08754 -0.050538
1.60924 -0.136549 -1.43586 -1.09588 1.08754 -0.050538
1.60895 -0.136339 -1.43531 -1.09588 1.08754 -0.050538
1.60866 -0.136128 -1.43476 -1.09588 1.08754 -0.050538
1.60836 -0.135917 -1.43421 -1.09588 1.08754 -0.050538
1.60807 -0.135707 -1.43366 -1.09588 1.08754 -0.050538
1.60777 -0.135496 -1.43311 -1.09588 1.08754 -0.050538
1.60748 -0.135285 -1.43256 -1.09588 1.08754 -0.050538
1.60718 -0.135074 -1.43201 -1.09588 1.08754 -0.050538
1.60689 -0.134864 -1.43145 -1.09588 1.08754 -0.050538
1.60659 -0.134653 -1.4309 -1.09588 1.08754 -0.050538
1.6063 -0.134442 -1.43035 -1.09588 1.08754 -0.050538
1.606 -0.134232 -1.4298 -1.09588 1.08754 -0.050538
1.60571 -0.134021 -1.42925 -1.09588 1.08754 -0.050538
1.60542 -0.13381 -1.4287 -1.09588 1.08754 -0.050538
1.60512 -0.133599 -1.42815 -1.09588 1.08754 -0.050538
1.60483 -0.133389 -1.4276 -1.09588 1.08754 -0.050538
1.60453 -0.133178 -1.42705 -1.09588 1.08754 -0.050538
1.60424 -0.132967 -1.4265 -1.09588 1.08754 -0.050538
1.60394 -0.132757 -1.42595 -1.09588 1.08754 -0.050538
1.60365 -0.132546 -1.42539 -1.09588 1.08754 -0.050538
1.60335 -0.132335 -1.42484 -1.09588 1.08754 -0.050538
1.60306 -0.132124 -1.42429 -1.09588 1.08754 -0.050538
1.60277 -0.131914 -1.42374 -1.09588 1.08754 -0.050538
1.60247 -0.131703 -1.42319 -1.09588 1.08754 -0.050538
1.60218 -0.131492 -1.42264 -1.09588 1.08754 -0.050538
1.60188 -0.131281 -1.42209 -1.09588 1.08754 -0.050538
1.60159 -0.131071 -1.42154 -1.09588 1.08754 -0.050538
1.60129 -0.13086 -1.42099 -1.09588 1.08754 -0.050538
1.601 -0.130649 -1.42044 -1.09588 1.08754 -0.050538
1.6007 -0.130439 -1.41989 -1.09588 1.08754 -0.050538
1.60041 -0.130228 -1.41933 -1.09588 1.08754 -0.050538
1.60011 -0.130017 -1.41878 -1.09588 1.08754 -0.050538
1.59982 -0.129806 -1.41823 -1.09588 1.08754 -0.050538
1.59953 -0.129596 -1.41768 -1.09588 1.08754 -0.050538
1.59923 -0.129385 -1.41713 -1.09588 1.08754 -0.050538
1.59894 -0.129174 -1.41658 -1.09588 1.08754 -0.050538
1.59864 -0.128964 -1.41603 -1.09588 1.08754 -0.050538
1.59835 -0.128753 -1.41548 -1.09588 1.08754 -0.050538
1.59805 -0.128542 -1.41493 -1.09588 1.08754 -0.050538
1.59776 -0.128331 -1.41438 -1.09588 1.08754 -0.050538
1.59746 -0.128121 -1.41383 -1.09588 1.08754 -0.050538
1.59717 -0.12791 -1.41327 -1.09588 1.08754 -0.050538
1.59687 -0.127699 -1.41272 -1.09588 1.08754 -0.050538
1.59658 -0.127488 -1.41217 -1.09588 1.08754 -0.050538
1.59629 -0.127278 -1.41162 -1.09588 1.08754 -0.050538
1.59599 -0.127067 -1.41107 -1.09588 1.08754 -0.050538
1.5957 -0.126856 -1.41052 -1.09588 1.08754 -0.050538
1.5954 -0.126646 -1.40997 -1.09588 1.08754 -0.050538
1.59511 -0.126435 -1.40942 -1.09588 1.08754 -0.050538
1.59481 -0.126224 -1.40887 -1.09588 1.08754 -0.050538
1.59452 -0.126013 -1.40832 -1.09588 1.08754 -0.050538
1.59422 -0.125803 -1.40777 -1.09588 1.08754 -0.050538
1.59393 -0.125592 -1.40721 -1.09588 1.08754 -0.050538
1.59363 -0.125381 -1.40666 -1.09588 1.08754 -0.050538
1.59334 -0.125171 -1.40611 -1.09588 1.08754 -0.050538
1.59305 -0.12496 -1.40556 -1.09588 1.08754 -0.050538
1.59275 -0.124749 -1.40501 -1.09588 1.08754 -0.050538
1.59246 -0.124538 -1.40446 -1.09588 1.08754 -0.050538
1.59216 -0.124328 -1.40391 -1.09588 1.08754 -0.050538
1.59187 -0.124117 -1.40336 -1.09588 1.08754 -0.050538
1.59157 -0.123906 -1.40281 -1.09588 1.08754 -0.050538
