-1.1534 1.89835 -1.78081 1.95852 0.824049 2.98746
-1.15326 1.89822 -1.77984 1.95887 0.824474 2.985
-1.15313 1.8981 -1.77887 1.95923 0.824898 2.98255
-1.15299 1.89798 -1.7779 1.95958 0.825323 2.9801
-1.15286 1.89786 -1.77692 1.95994 0.825747 2.97765
-1.15272 1.89774 -1.77595 1.96029 0.826172 2.9752
-1.15259 1.89762 -1.77498 1.96064 0.826597 2.97275
-1.15245 1.89749 -1.77401 1.961 0.827021 2.9703
-1.15232 1.89737 -1.77304 1.96135 0.827446 2.96784
-1.15218 1.89725 -1.77207 1.96171 0.82787 2.96539
-1.15205 1.89713 -1.7711 1.96206 0.828295 2.96294
-1.15191 1.89701 -1.77012 1.96241 0.82872 2.96049
-1.15178 1.89689 -1.76915 1.96277 0.829144 2.95804
-1.15164 1.89676 -1.76818 1.96312 0.829569 2.95559
-1.15151 1.89664 -1.76721 1.96348 0.829993 2.95314
-1.15137 1.89652 -1.76624 1.96383 0.830418 2.95068
-1.15124 1.8964 -1.76527 1.96418 0.830843 2.94823
-1.1511 1.89628 -1.76429 1.96454 0.831267 2.94578
-1.15097 1.89616 -1.76332 1.96489 0.831692 2.94333
-1.15083 1.89603 -1.76235 1.96524 0.832116 2.94088
-1.1507 1.89591 -1.76138 1.9656 0.832541 2.93843
-1.15056 1.89579 -1.76041 1.96595 0.832965 2.93598
-1.15043 1.89567 -1.75944 1.96631 0.83339 2.93352
-1.15029 1.89555 -1.75847 1.96666 0.833815 2.93107
-1.15016 1.89543 -1.75749 1.96701 0.834239 2.92862
-1.15002 1.89531 -1.75652 1.96737 0.834664 2.92617
-1.14989 1.89518 -1.75555 1.96772 0.835088 2.92372
-1.14975 1.89506 -1.75458 1.96808 0.835513 2.92127
-1.14962 1.89494 -1.75361 1.96843 0.835938 2.91882
-1.14948 1.89482 -1.75264 1.96878 0.836362 2.91636
-1.14935 1.8947 -1.75166 1.96914 0.836787 2.91391
-1.14921 1.89458 -1.75069 1.96949 0.837211 2.91146
-1.14908 1.89445 -1.74972 1.96985 0.837636 2.90901
-1.14895 1.89433 -1.74875 1.9702 0.838061 2.90656
-1.14881 1.89421 -1.74778 1.97055 0.838485 2.90411
-1.14868 1.89409 -1.74681 1.97091 0.83891 2.90166
-1.14854 1.89397 -1.74584 1.97126 0.839334 2.8992
-1.14841 1.89385 -1.74486 1.97161 0.839759 2.89675
-1.14827 1.89372 -1.74389 1.97197 0.840183 2.8943
-1.14814 1.8936 -1.74292 1.97232 0.840608 2.89185
-1.148 1.89348 -1.74195 1.97268 0.841033 2.8894
-1.14787 1.89336 -1.74098 1.97303 0.841457 2.88695
-1.14773 1.89324 -1.74001 1.97338 0.841882 2.8845
-1.1476 1.89312 -1.73903 1.97374 0.842306 2.88204
-1.14746 1.89299 -1.73806 1.97409 0.842731 2.87959
-1.14733 1.89287 -1.73709 1.97445 0.843156 2.87714
-1.14719 1.89275 -1.73612 1.9748 0.84358 2.87469
-1.14706 1.89263 -1.73515 1.97515 0.844005 2.87224
-1.14692 1.89251 -1.73418 1.97551 0.844429 2.86979
-1.14679 1.89239 -1.73321 1.97586 0.844854 2.86734
-1.14665 1.89227 -1.73223 1.97621 0.845278 2.86488
-1.14652 1.89214 -1.73126 1.97657 0.845703 2.86243
-1.14638 1.89202 -1.73029 1.97692 0.846128 2.85998
-1.14625 1.8919 -1.72932 1.97728 0.846552 2.85753
-1.14611 1.89178 -1.72835 1.97763 0.846977 2.85508
-1.14598 1.89166 -1.72738 1.97798 0.847401 2.85263
-1.14584 1.89154 -1.7264 1.97834 0.847826 2.85018
-1.14571 1.89141 -1.72543 1.97869 0.848251 2.84772
-1.14557 1.89129 -1.72446 1.97905 0.848675 2.84527
-1.14544 1.89117 -1.72349 1.9794 0.8491 2.84282
-1.1453 1.89105 -1.72252 1.97975 0.849524 2.84037
-1.14517 1.89093 -1.72155 1.98011 0.849949 2.83792
-1.14503 1.89081 -1.72058 1.98046 0.850374 2.83547
-1.1449 1.89068 -1.7196 1.98082 0.850798 2.83302
-1.14477 1.89056 -1.71863 1.98117 0.851223 2.83056
-1.14463 1.89044 -1.71766 1.98152 0.851647 2.82811
-1.1445 1.89032 -1.71669 1.98188 0.852072 2.82566
-1.14436 1.8902 -1.71572 1.98223 0.852496 2.82321
-1.14423 1.89008 -1.71475 1.98258 0.852921 2.82076
-1.14409 1.88995 -1.71377 1.98294 0.853346 2.81831
-1.14396 1.88983 -1.7128 1.98329 0.85377 2.81586
-1.14382 1.88971 -1.71183 1.98365 0.854195 2.8134
-1.14369 1.88959 -1.71086 1.984 0.854619 2.81095
-1.14355 1.88947 -1.70989 1.98435 0.855044 2.8085
-1.14342 1.88935 -1.70892 1.98471 0.855469 2.80605
-1.14328 1.88923 -1.70795 1.98506 0.855893 2.8036
-1.14315 1.8891 -1.70697 1.98542 0.856318 2.80115
-1.14301 1.88898 -1.706 1.98577 0.856742 2.7987
-1.14288 1.88886 -1.70503 1.98612 0.857167 2.79624
-1.14274 1.88874 -1.70406 1.98648 0.857592 2.79379
-1.14261 1.88862 -1.70309 1.98683 0.858016 2.79134
-1.14247 1.8885 -1.70212 1.98718 0.858441 2.78889
-1.14234 1.88837 -1.70114 1.98754 0.858865 2.78644
-1.1422 1.88825 -1.70017 1.98789 0.85929 2.78399
-1.14207 1.88813 -1.6992 1.98825 0.859714 2.78154
-1.14193 1.88801 -1.69823 1.9886 0.860139 2.77908
-1.1418 1.88789 -1.69726 1.98895 0.860564 2.77663
-1.14166 1.88777 -1.69629 1.98931 0.860988 2.77418
-1.14153 1.88764 -1.69532 1.98966 0.861413 2.77173
-1.14139 1.88752 -1.69434 1.99002 0.861837 2.76928
-1.14126 1.8874 -1.69337 1.99037 0.862262 2.76683
-1.14112 1.88728 -1.6924 1.99072 0.862687 2.76437
-1.14099 1.88716 -1.69143 1.99108 0.863111 2.76192
-1.14085 1.88704 -1.69046 1.99143 0.863536 2.75947
-1.14072 1.88692 -1.68949 1.99179 0.86396 2.75702
-1.14059 1.88679 -1.68851 1.99214 0.864385 2.75457
-1.14045 1.88667 -1.68754 1.99249 0.86481 2.75212
-1.14032 1.88655 -1.68657 1.99285 0.865234 2.74967
-1.14018 1.88643 -1.6856 1.9932 0.865659 2.74721
-1.14005 1.88631 -1.68463 1.99355 0.866083 2.74476
-1.13991 1.88619 -1.68366 1.99391 0.866508 2.74231
-1.13978 1.88606 -1.68269 1.99426 0.866932 2.73986
-1.13964 1.88594 -1.68171 1.99462 0.867357 2.73741
-1.13951 1.88582 -1.68074 1.99497 0.867782 2.73496
-1.13937 1.8857 -1.67977 1.99532 0.868206 2.73251
-1.13924 1.88558 -1.6788 1.99568 0.868631 2.73005
-1.1391 1.88546 -1.67783 1.99603 0.869055 2.7276
-1.13897 1.88533 -1.67686 1.99639 0.86948 2.72515
-1.13883 1.88521 -1.67588 1.99674 0.869905 2.7227
-1.1387 1.88509 -1.67491 1.99709 0.870329 2.72025
-1.13856 1.88497 -1.67394 1.99745 0.870754 2.7178
-1.13843 1.88485 -1.67297 1.9978 0.871178 2.71535
-1.13829 1.88473 -1.672 1.99815 0.871603 2.71289
-1.13816 1.8846 -1.67103 1.99851 0.872028 2.71044
-1.13802 1.88448 -1.67006 1.99886 0.872452 2.70799
-1.13789 1.88436 -1.66908 1.99922 0.872877 2.70554
-1.13775 1.88424 -1.66811 1.99957 0.873301 2.70309
-1.13762 1.88412 -1.66714 1.99992 0.873726 2.70064
-1.13748 1.884 -1.66617 2.00028 0.87415 2.69819
-1.13735 1.88388 -1.6652 2.00063 0.874575 2.69573
-1.13721 1.88375 -1.66423 2.00099 0.875 2.69328
-1.13708 1.88363 -1.66325 2.00134 0.875424 2.69083
-1.13694 1.88351 -1.66228 2.00169 0.875849 2.68838
-1.13681 1.88339 -1.66131 2.00205 0.876273 2.68593
-1.13667 1.88327 -1.66034 2.0024 0.876698 2.68348
-1.13654 1.88315 -1.65937 2.00276 0.877123 2.68103
-1.13641 1.88302 -1.6584 2.00311 0.877547 2.67857
-1.13627 1.8829 -1.65743 2.00346 0.877972 2.67612
-1.13614 1.88278 -1.65645 2.00382 0.878396 2.67367
-1.136 1.88266 -1.65548 2.00417 0.878821 2.67122
-1.13587 1.88254 -1.65451 2.00452 0.879245 2.66877
-1.13573 1.88242 -1.65354 2.00488 0.87967 2.66632
-1.1356 1.88229 -1.65257 2.00523 0.880095 2.66387
-1.13546 1.88217 -1.6516 2.00559 0.880519 2.66141
-1.13533 1.88205 -1.65062 2.00594 0.880944 2.65896
-1.13519 1.88193 -1.64965 2.00629 0.881368 2.65651
-1.13506 1.88181 -1.64868 2.00665 0.881793 2.65406
-1.13492 1.88169 -1.64771 2.007 0.882218 2.65161
-1.13479 1.88156 -1.64674 2.00736 0.882642 2.64916
-1.13465 1.88144 -1.64577 2.00771 0.883067 2.64671
-1.13452 1.88132 -1.6448 2.00806 0.883491 2.64425
-1.13438 1.8812 -1.64382 2.00842 0.883916 2.6418
-1.13425 1.88108 -1.64285 2.00877 0.884341 2.63935
-1.13411 1.88096 -1.64188 2.00913 0.884765 2.6369
-1.13398 1.88084 -1.64091 2.00948 0.88519 2.63445
-1.13384 1.88071 -1.63994 2.00983 0.885614 2.632
-1.13371 1.88059 -1.63897 2.01019 0.886039 2.62955
-1.13357 1.88047 -1.63799 2.01054 0.886463 2.62709
-1.13344 1.88035 -1.63702 2.01089 0.886888 2.62464
-1.1333 1.88023 -1.63605 2.01125 0.887313 2.62219
-1.13317 1.88011 -1.63508 2.0116 0.887737 2.61974
-1.13303 1.87998 -1.63411 2.01196 0.888162 2.61729
-1.1329 1.87986 -1.63314 2.01231 0.888586 2.61484
-1.13276 1.87974 -1.63217 2.01266 0.889011 2.61239
-1.13263 1.87962 -1.63119 2.01302 0.889436 2.60993
-1.13249 1.8795 -1.63022 2.01337 0.88986 2.60748
-1.13236 1.87938 -1.62925 2.01373 0.890285 2.60503
-1.13223 1.87925 -1.62828 2.01408 0.890709 2.60258
-1.13209 1.87913 -1.62731 2.01443 0.891134 2.60013
-1.13196 1.87901 -1.62634 2.01479 0.891559 2.59768
-1.13182 1.87889 -1.62536 2.01514 0.891983 2.59523
-1.13169 1.87877 -1.62439 2.01549 0.892408 2.59277
-1.13155 1.87865 -1.62342 2.01585 0.892832 2.59032
-1.13142 1.87852 -1.62245 2.0162 0.893257 2.58787
-1.13128 1.8784 -1.62148 2.01656 0.893681 2.58542
-1.13115 1.87828 -1.62051 2.01691 0.894106 2.58297
-1.13101 1.87816 -1.61954 2.01726 0.894531 2.58052
-1.13088 1.87804 -1.61856 2.01762 0.894955 2.57807
-1.13074 1.87792 -1.61759 2.01797 0.89538 2.57561
-1.13061 1.8778 -1.61662 2.01833 0.895804 2.57316
-1.13047 1.87767 -1.61565 2.01868 0.896229 2.57071
-1.13034 1.87755 -1.61468 2.01903 0.896654 2.56826
-1.1302 1.87743 -1.61371 2.01939 0.897078 2.56581
-1.13007 1.87731 -1.61273 2.01974 0.897503 2.56336
-1.12993 1.87719 -1.61176 2.0201 0.897927 2.56091
-1.1298 1.87707 -1.61079 2.02045 0.898352 2.55845
-1.12966 1.87694 -1.60982 2.0208 0.898777 2.556
-1.12953 1.87682 -1.60885 2.02116 0.899201 2.55355
-1.12939 1.8767 -1.60788 2.02151 0.899626 2.5511
-1.12926 1.87658 -1.60691 2.02186 0.90005 2.54865
-1.12912 1.87646 -1.60593 2.02222 0.900475 2.5462
-1.12899 1.87634 -1.60496 2.02257 0.900899 2.54375
-1.12885 1.87621 -1.60399 2.02293 0.901324 2.54129
-1.12872 1.87609 -1.60302 2.02328 0.901749 2.53884
-1.12858 1.87597 -1.60205 2.02363 0.902173 2.53639
-1.12845 1.87585 -1.60108 2.02399 0.902598 2.53394
-1.12831 1.87573 -1.6001 2.02434 0.903022 2.53149
-1.12818 1.87561 -1.59913 2.0247 0.903447 2.52904
-1.12805 1.87549 -1.59816 2.02505 0.903872 2.52659
-1.12791 1.87536 -1.59719 2.0254 0.904296 2.52413
-1.12778 1.87524 -1.59622 2.02576 0.904721 2.52168
-1.12764 1.87512 -1.59525 2.02611 0.905145 2.51923
-1.12751 1.875 -1.59428 2.02646 0.90557 2.51678
-1.12737 1.87488 -1.5933 2.02682 0.905994 2.51433
-1.12724 1.87476 -1.59233 2.02717 0.906419 2.51188
-1.1271 1.87463 -1.59136 2.02753 0.906844 2.50943
-1.12697 1.87451 -1.59039 2.02788 0.907268 2.50697
-1.12683 1.87439 -1.58942 2.02823 0.907693 2.50452
-1.1267 1.87427 -1.58845 2.02859 0.908117 2.50207
-1.12656 1.87415 -1.58747 2.02894 0.908542 2.49962
-1.12643 1.87403 -1.5865 2.0293 0.908967 2.49717
-1.12629 1.8739 -1.58553 2.02965 0.909391 2.49472
-1.12616 1.87378 -1.58456 2.03 0.909816 2.49226
-1.12602 1.87366 -1.58359 2.03036 0.91024 2.48981
-1.12589 1.87354 -1.58262 2.03071 0.910665 2.48736
-1.12575 1.87342 -1.58165 2.03107 0.91109 2.48491
-1.12562 1.8733 -1.58067 2.03142 0.911514 2.48246
-1.12548 1.87317 -1.5797 2.03177 0.911939 2.48001
-1.12535 1.87305 -1.57873 2.03213 0.912363 2.47756
-1.12521 1.87293 -1.57776 2.03248 0.912788 2.4751
-1.12508 1.87281 -1.57679 2.03283 0.913212 2.47265
-1.12494 1.87269 -1.57582 2.03319 0.913637 2.4702
-1.12481 1.87257 -1.57484 2.03354 0.914062 2.46775
-1.12467 1.87245 -1.57387 2.0339 0.914486 2.4653
-1.12454 1.87232 -1.5729 2.03425 0.914911 2.46285
-1.1244 1.8722 -1.57193 2.0346 0.915335 2.4604
-1.12427 1.87208 -1.57096 2.03496 0.91576 2.45794
-1.12413 1.87196 -1.56999 2.03531 0.916185 2.45549
-1.124 1.87184 -1.56902 2.03567 0.916609 2.45304
-1.12387 1.87172 -1.56804 2.03602 0.917034 2.45059
-1.12373 1.87159 -1.56707 2.03637 0.917458 2.44814
-1.1236 1.87147 -1.5661 2.03673 0.917883 2.44569
-1.12346 1.87135 -1.56513 2.03708 0.918308 2.44324
-1.12333 1.87123 -1.56416 2.03743 0.918732 2.44078
-1.12319 1.87111 -1.56319 2.03779 0.919157 2.43833
-1.12306 1.87099 -1.56221 2.03814 0.919581 2.43588
-1.12292 1.87086 -1.56124 2.0385 0.920006 2.43343
-1.12279 1.87074 -1.56027 2.03885 0.92043 2.43098
-1.12265 1.87062 -1.5593 2.0392 0.920855 2.42853
-1.12252 1.8705 -1.55833 2.03956 0.92128 2.42608
-1.12238 1.87038 -1.55736 2.03991 0.921704 2.42362
-1.12225 1.87026 -1.55639 2.04027 0.922129 2.42117
-1.12211 1.87013 -1.55541 2.04062 0.922553 2.41872
-1.12198 1.87001 -1.55444 2.04097 0.922978 2.41627
-1.12184 1.86989 -1.55347 2.04133 0.923403 2.41382
-1.12171 1.86977 -1.5525 2.04168 0.923827 2.41137
-1.12157 1.86965 -1.55153 2.04204 0.924252 2.40892
-1.12144 1.86953 -1.55056 2.04239 0.924676 2.40646
-1.1213 1.86941 -1.54958 2.04274 0.925101 2.40401
-1.12117 1.86928 -1.54861 2.0431 0.925526 2.40156
-1.12103 1.86916 -1.54764 2.04345 0.92595 2.39911
-1.1209 1.86904 -1.54667 2.0438 0.926375 2.39666
-1.12076 1.86892 -1.5457 2.04416 0.926799 2.39421
-1.12063 1.8688 -1.54473 2.04451 0.927224 2.39176
-1.12049 1.86868 -1.54376 2.04487 0.927648 2.3893
-1.12036 1.86855 -1.54278 2.04522 0.928073 2.38685
-1.12022 1.86843 -1.54181 2.04557 0.928498 2.3844
-1.12009 1.86831 -1.54084 2.04593 0.928922 2.38195
-1.11995 1.86819 -1.53987 2.04628 0.929347 2.3795
-1.11982 1.86807 -1.5389 2.04664 0.929771 2.37705
-1.11968 1.86795 -1.53793 2.04699 0.930196 2.3746
-1.11955 1.86782 -1.53695 2.04734 0.930621 2.37214
-1.11942 1.8677 -1.53598 2.0477 0.931045 2.36969
-1.11928 1.86758 -1.53501 2.04805 0.93147 2.36724
-1.11915 1.86746 -1.53404 2.04841 0.931894 2.36479
-1.11901 1.86734 -1.53307 2.04876 0.932319 2.36234
-1.11888 1.86722 -1.5321 2.04911 0.932744 2.35989
-1.11874 1.8671 -1.53113 2.04947 0.933168 2.35744
-1.11861 1.86697 -1.53015 2.04982 0.933593 2.35498
-1.11847 1.86685 -1.52918 2.05017 0.934017 2.35253
-1.11834 1.86673 -1.52821 2.05053 0.934442 2.35008
-1.1182 1.86661 -1.52724 2.05088 0.934866 2.34763
-1.11807 1.86649 -1.52627 2.05124 0.935291 2.34518
-1.11793 1.86637 -1.5253 2.05159 0.935716 2.34273
-1.1178 1.86624 -1.52432 2.05194 0.93614 2.34028
-1.11766 1.86612 -1.52335 2.0523 0.936565 2.33782
-1.11753 1.866 -1.52238 2.05265 0.936989 2.33537
-1.11739 1.86588 -1.52141 2.05301 0.937414 2.33292
-1.11726 1.86576 -1.52044 2.05336 0.937839 2.33047
-1.11712 1.86564 -1.51947 2.05371 0.938263 2.32802
-1.11699 1.86551 -1.5185 2.05407 0.938688 2.32557
-1.11685 1.86539 -1.51752 2.05442 0.939112 2.32312
-1.11672 1.86527 -1.51655 2.05477 0.939537 2.32066
-1.11658 1.86515 -1.51558 2.05513 0.939961 2.31821
-1.11645 1.86503 -1.51461 2.05548 0.940386 2.31576
-1.11631 1.86491 -1.51364 2.05584 0.940811 2.31331
-1.11618 1.86478 -1.51267 2.05619 0.941235 2.31086
-1.11604 1.86466 -1.51169 2.05654 0.94166 2.30841
-1.11591 1.86454 -1.51072 2.0569 0.942084 2.30596
-1.11577 1.86442 -1.50975 2.05725 0.942509 2.3035
-1.11564 1.8643 -1.50878 2.05761 0.942934 2.30105
-1.1155 1.86418 -1.50781 2.05796 0.943358 2.2986
-1.11537 1.86406 -1.50684 2.05831 0.943783 2.29615
-1.11524 1.86393 -1.50587 2.05867 0.944207 2.2937
-1.1151 1.86381 -1.50489 2.05902 0.944632 2.29125
-1.11497 1.86369 -1.50392 2.05938 0.945057 2.2888
-1.11483 1.86357 -1.50295 2.05973 0.945481 2.28634
-1.1147 1.86345 -1.50198 2.06008 0.945906 2.28389
-1.11456 1.86333 -1.50101 2.06044 0.94633 2.28144
-1.11443 1.8632 -1.50004 2.06079 0.946755 2.27899
-1.11429 1.86308 -1.49906 2.06114 0.947179 2.27654
-1.11416 1.86296 -1.49809 2.0615 0.947604 2.27409
-1.11402 1.86284 -1.49712 2.06185 0.948029 2.27164
-1.11389 1.86272 -1.49615 2.06221 0.948453 2.26918
-1.11375 1.8626 -1.49518 2.06256 0.948878 2.26673
-1.11362 1.86247 -1.49421 2.06291 0.949302 2.26428
-1.11348 1.86235 -1.49324 2.06327 0.949727 2.26183
-1.11335 1.86223 -1.49226 2.06362 0.950152 2.25938
-1.11321 1.86211 -1.49129 2.06398 0.950576 2.25693
-1.11308 1.86199 -1.49032 2.06433 0.951001 2.25448
-1.11294 1.86187 -1.48935 2.06468 0.951425 2.25202
-1.11281 1.86174 -1.48838 2.06504 0.95185 2.24957
-1.11267 1.86162 -1.48741 2.06539 0.952275 2.24712
-1.11254 1.8615 -1.48644 2.06574 0.952699 2.24467
-1.1124 1.86138 -1.48546 2.0661 0.953124 2.24222
-1.11227 1.86126 -1.48449 2.06645 0.953548 2.23977
-1.11213 1.86114 -1.48352 2.06681 0.953973 2.23732
-1.112 1.86102 -1.48255 2.06716 0.954397 2.23486
-1.11186 1.86089 -1.48158 2.06751 0.954822 2.23241
-1.11173 1.86077 -1.48061 2.06787 0.955247 2.22996
-1.11159 1.86065 -1.47963 2.06822 0.955671 2.22751
-1.11146 1.86053 -1.47866 2.06858 0.956096 2.22506
-1.11132 1.86041 -1.47769 2.06893 0.95652 2.22261
-1.11119 1.86029 -1.47672 2.06928 0.956945 2.22015
-1.11106 1.86016 -1.47575 2.06964 0.95737 2.2177
-1.11092 1.86004 -1.47478 2.06999 0.957794 2.21525
-1.11079 1.85992 -1.47381 2.07035 0.958219 2.2128
-1.11065 1.8598 -1.47283 2.0707 0.958643 2.21035
-1.11052 1.85968 -1.47186 2.07105 0.959068 2.2079
-1.11038 1.85956 -1.47089 2.07141 0.959493 2.20545
-1.11025 1.85943 -1.46992 2.07176 0.959917 2.20299
-1.11011 1.85931 -1.46895 2.07211 0.960342 2.20054
-1.10998 1.85919 -1.46798 2.07247 0.960766 2.19809
-1.10984 1.85907 -1.467 2.07282 0.961191 2.19564
-1.10971 1.85895 -1.46603 2.07318 0.961615 2.19319
-1.10957 1.85883 -1.46506 2.07353 0.96204 2.19074
-1.10944 1.8587 -1.46409 2.07388 0.962465 2.18829
-1.1093 1.85858 -1.46312 2.07424 0.962889 2.18583
-1.10917 1.85846 -1.46215 2.07459 0.963314 2.18338
-1.10903 1.85834 -1.46118 2.07495 0.963738 2.18093
-1.1089 1.85822 -1.4602 2.0753 0.964163 2.17848
-1.10876 1.8581 -1.45923 2.07565 0.964588 2.17603
-1.10863 1.85798 -1.45826 2.07601 0.965012 2.17358
-1.10849 1.85785 -1.45729 2.07636 0.965437 2.17113
-1.10836 1.85773 -1.45632 2.07671 0.965861 2.16867
-1.10822 1.85761 -1.45535 2.07707 0.966286 2.16622
-1.10809 1.85749 -1.45437 2.07742 0.966711 2.16377
-1.10795 1.85737 -1.4534 2.07778 0.967135 2.16132
-1.10782 1.85725 -1.45243 2.07813 0.96756 2.15887
-1.10768 1.85712 -1.45146 2.07848 0.967984 2.15642
-1.10755 1.857 -1.45049 2.07884 0.968409 2.15397
-1.10741 1.85688 -1.44952 2.07919 0.968833 2.15151
-1.10728 1.85676 -1.44855 2.07955 0.969258 2.14906
-1.10714 1.85664 -1.44757 2.0799 0.969683 2.14661
-1.10701 1.85652 -1.4466 2.08025 0.970107 2.14416
-1.10688 1.85639 -1.44563 2.08061 0.970532 2.14171
-1.10674 1.85627 -1.44466 2.08096 0.970956 2.13926
-1.10661 1.85615 -1.44369 2.08132 0.971381 2.13681
-1.10647 1.85603 -1.44272 2.08167 0.971806 2.13435
-1.10634 1.85591 -1.44174 2.08202 0.97223 2.1319
-1.1062 1.85579 -1.44077 2.08238 0.972655 2.12945
-1.10607 1.85567 -1.4398 2.08273 0.973079 2.127
-1.10593 1.85554 -1.43883 2.08308 0.973504 2.12455
-1.1058 1.85542 -1.43786 2.08344 0.973928 2.1221
-1.10566 1.8553 -1.43689 2.08379 0.974353 2.11965
-1.10553 1.85518 -1.43592 2.08415 0.974778 2.11719
-1.10539 1.85506 -1.43494 2.0845 0.975202 2.11474
-1.10526 1.85494 -1.43397 2.08485 0.975627 2.11229
-1.10512 1.85481 -1.433 2.08521 0.976051 2.10984
-1.10499 1.85469 -1.43203 2.08556 0.976476 2.10739
-1.10485 1.85457 -1.43106 2.08592 0.976901 2.10494
-1.10472 1.85445 -1.43009 2.08627 0.977325 2.10249
-1.10458 1.85433 -1.42911 2.08662 0.97775 2.10003
-1.10445 1.85421 -1.42814 2.08698 0.978174 2.09758
-1.10431 1.85408 -1.42717 2.08733 0.978599 2.09513
-1.10418 1.85396 -1.4262 2.08769 0.979024 2.09268
-1.10404 1.85384 -1.42523 2.08804 0.979448 2.09023
-1.10391 1.85372 -1.42426 2.08839 0.979873 2.08778
-1.10377 1.8536 -1.42329 2.08875 0.980297 2.08533
-1.10364 1.85348 -1.42231 2.0891 0.980722 2.08287
-1.1035 1.85335 -1.42134 2.08945 0.981146 2.08042
-1.10337 1.85323 -1.42037 2.08981 0.981571 2.07797
-1.10323 1.85311 -1.4194 2.09016 0.981996 2.07552
-1.1031 1.85299 -1.41843 2.09052 0.98242 2.07307
-1.10296 1.85287 -1.41746 2.09087 0.982845 2.07062
-1.10283 1.85275 -1.41648 2.09122 0.983269 2.06817
-1.1027 1.85263 -1.41551 2.09158 0.983694 2.06571
-1.10256 1.8525 -1.41454 2.09193 0.984119 2.06326
-1.10243 1.85238 -1.41357 2.09229 0.984543 2.06081
-1.10229 1.85226 -1.4126 2.09264 0.984968 2.05836
-1.10216 1.85214 -1.41163 2.09299 0.985392 2.05591
-1.10202 1.85202 -1.41066 2.09335 0.985817 2.05346
-1.10189 1.8519 -1.40968 2.0937 0.986242 2.05101
-1.10175 1.85177 -1.40871 2.09405 0.986666 2.04855
-1.10162 1.85165 -1.40774 2.09441 0.987091 2.0461
-1.10148 1.85153 -1.40677 2.09476 0.987515 2.04365
-1.10135 1.85141 -1.4058 2.09512 0.98794 2.0412
-1.10121 1.85129 -1.40483 2.09547 0.988364 2.03875
-1.10108 1.85117 -1.40385 2.09582 0.988789 2.0363
-1.10094 1.85104 -1.40288 2.09618 0.989214 2.03385
-1.10081 1.85092 -1.40191 2.09653 0.989638 2.03139
-1.10067 1.8508 -1.40094 2.09689 0.990063 2.02894
-1.10054 1.85068 -1.39997 2.09724 0.990487 2.02649
-1.1004 1.85056 -1.399 2.09759 0.990912 2.02404
-1.10027 1.85044 -1.39803 2.09795 0.991337 2.02159
-1.10013 1.85031 -1.39705 2.0983 0.991761 2.01914
-1.1 1.85019 -1.39608 2.09866 0.992186 2.01669
-1.09986 1.85007 -1.39511 2.09901 0.99261 2.01423
-1.09973 1.84995 -1.39414 2.09936 0.993035 2.01178
-1.09959 1.84983 -1.39317 2.09972 0.99346 2.00933
-1.09946 1.84971 -1.3922 2.10007 0.993884 2.00688
-1.09932 1.84959 -1.39122 2.10042 0.994309 2.00443
-1.09919 1.84946 -1.39025 2.10078 0.994733 2.00198
-1.09905 1.84934 -1.38928 2.10113 0.995158 1.99953
-1.09892 1.84922 -1.38831 2.10149 0.995582 1.99707
-1.09878 1.8491 -1.38734 2.10184 0.996007 1.99462
-1.09865 1.84898 -1.38637 2.10219 0.996432 1.99217
-1.09852 1.84886 -1.3854 2.10255 0.996856 1.98972
-1.09838 1.84873 -1.38442 2.1029 0.997281 1.98727
-1.09825 1.84861 -1.38345 2.10326 0.997705 1.98482
-1.09811 1.84849 -1.38248 2.10361 0.99813 1.98237
-1.09798 1.84837 -1.38151 2.10396 0.998555 1.97991
-1.09784 1.84825 -1.38054 2.10432 0.998979 1.97746
-1.09771 1.84813 -1.37957 2.10467 0.999404 1.97501
-1.09757 1.848 -1.37859 2.10502 0.999828 1.97256
-1.09744 1.84788 -1.37762 2.10538 1.00025 1.97011
-1.0973 1.84776 -1.37665 2.10573 1.00068 1.96766
-1.09717 1.84764 -1.37568 2.10609 1.0011 1.9652
-1.09703 1.84752 -1.37471 2.10644 1.00153 1.96275
-1.0969 1.8474 -1.37374 2.10679 1.00195 1.9603
-1.09676 1.84727 -1.37277 2.10715 1.00238 1.95785
-1.09663 1.84715 -1.37179 2.1075 1.0028 1.9554
-1.09649 1.84703 -1.37082 2.10786 1.00323 1.95295
-1.09636 1.84691 -1.36985 2.10821 1.00365 1.9505
-1.09622 1.84679 -1.36888 2.10856 1.00407 1.94804
-1.09609 1.84667 -1.36791 2.10892 1.0045 1.94559
-1.09595 1.84655 -1.36694 2.10927 1.00492 1.94314
-1.09582 1.84642 -1.36596 2.10963 1.00535 1.94069
-1.09568 1.8463 -1.36499 2.10998 1.00577 1.93824
-1.09555 1.84618 -1.36402 2.11033 1.0062 1.93579
-1.09541 1.84606 -1.36305 2.11069 1.00662 1.93334
-1.09528 1.84594 -1.36208 2.11104 1.00705 1.93088
-1.09514 1.84582 -1.36111 2.11139 1.00747 1.92843
-1.09501 1.84569 -1.36014 2.11175 1.0079 1.92598
-1.09487 1.84557 -1.35916 2.1121 1.00832 1.92353
-1.09474 1.84545 -1.35819 2.11246 1.00874 1.92108
-1.0946 1.84533 -1.35722 2.11281 1.00917 1.91863
-1.09447 1.84521 -1.35625 2.11316 1.00959 1.91618
-1.09434 1.84509 -1.35528 2.11352 1.01002 1.91372
-1.0942 1.84496 -1.35431 2.11387 1.01044 1.91127
-1.09407 1.84484 -1.35333 2.11423 1.01087 1.90882
-1.09393 1.84472 -1.35236 2.11458 1.01129 1.90637
-1.0938 1.8446 -1.35139 2.11493 1.01172 1.90392
-1.09366 1.84448 -1.35042 2.11529 1.01214 1.90147
-1.09353 1.84436 -1.34945 2.11564 1.01257 1.89902
-1.09339 1.84424 -1.34848 2.11599 1.01299 1.89656
-1.09326 1.84411 -1.34751 2.11635 1.01342 1.89411
-1.09312 1.84399 -1.34653 2.1167 1.01384 1.89166
-1.09299 1.84387 -1.34556 2.11706 1.01426 1.88921
-1.09285 1.84375 -1.34459 2.11741 1.01469 1.88676
-1.09272 1.84363 -1.34362 2.11776 1.01511 1.88431
-1.09258 1.84351 -1.34265 2.11812 1.01554 1.88186
-1.09245 1.84338 -1.34168 2.11847 1.01596 1.8794
-1.09231 1.84326 -1.3407 2.11883 1.01639 1.87695
-1.09218 1.84314 -1.33973 2.11918 1.01681 1.8745
-1.09204 1.84302 -1.33876 2.11953 1.01724 1.87205
-1.09191 1.8429 -1.33779 2.11989 1.01766 1.8696
-1.09177 1.84278 -1.33682 2.12024 1.01809 1.86715
-1.09164 1.84265 -1.33585 2.1206 1.01851 1.8647
-1.0915 1.84253 -1.33488 2.12095 1.01893 1.86224
-1.09137 1.84241 -1.3339 2.1213 1.01936 1.85979
-1.09123 1.84229 -1.33293 2.12166 1.01978 1.85734
-1.0911 1.84217 -1.33196 2.12201 1.02021 1.85489
-1.09096 1.84205 -1.33099 2.12236 1.02063 1.85244
-1.09083 1.84192 -1.33002 2.12272 1.02106 1.84999
-1.09069 1.8418 -1.32905 2.12307 1.02148 1.84754
-1.09056 1.84168 -1.32807 2.12343 1.02191 1.84508
-1.09042 1.84156 -1.3271 2.12378 1.02233 1.84263
-1.09029 1.84144 -1.32613 2.12413 1.02276 1.84018
-1.09015 1.84132 -1.32516 2.12449 1.02318 1.83773
-1.09002 1.8412 -1.32419 2.12484 1.02361 1.83528
-1.08989 1.84107 -1.32322 2.1252 1.02403 1.83283
-1.08975 1.84095 -1.32225 2.12555 1.02445 1.83038
-1.08962 1.84083 -1.32127 2.1259 1.02488 1.82792
-1.08948 1.84071 -1.3203 2.12626 1.0253 1.82547
-1.08935 1.84059 -1.31933 2.12661 1.02573 1.82302
-1.08921 1.84047 -1.31836 2.12697 1.02615 1.82057
-1.08908 1.84034 -1.31739 2.12732 1.02658 1.81812
-1.08894 1.84022 -1.31642 2.12767 1.027 1.81567
-1.08881 1.8401 -1.31544 2.12803 1.02743 1.81322
-1.08867 1.83998 -1.31447 2.12838 1.02785 1.81076
-1.08854 1.83986 -1.3135 2.12873 1.02828 1.80831
-1.0884 1.83974 -1.31253 2.12909 1.0287 1.80586
-1.08827 1.83961 -1.31156 2.12944 1.02912 1.80341
-1.08813 1.83949 -1.31059 2.1298 1.02955 1.80096
-1.088 1.83937 -1.30962 2.13015 1.02997 1.79851
-1.08786 1.83925 -1.30864 2.1305 1.0304 1.79606
-1.08773 1.83913 -1.30767 2.13086 1.03082 1.7936
-1.08759 1.83901 -1.3067 2.13121 1.03125 1.79115
-1.08746 1.83888 -1.30573 2.13157 1.03167 1.7887
-1.08732 1.83876 -1.30476 2.13192 1.0321 1.78625
-1.08719 1.83864 -1.30379 2.13227 1.03252 1.7838
-1.08705 1.83852 -1.30281 2.13263 1.03295 1.78135
-1.08692 1.8384 -1.30184 2.13298 1.03337 1.7789
-1.08678 1.83828 -1.30087 2.13333 1.0338 1.77644
-1.08665 1.83816 -1.2999 2.13369 1.03422 1.77399
-1.08651 1.83803 -1.29893 2.13404 1.03464 1.77154
-1.08638 1.83791 -1.29796 2.1344 1.03507 1.76909
-1.08624 1.83779 -1.29699 2.13475 1.03549 1.76664
-1.08611 1.83767 -1.29601 2.1351 1.03592 1.76419
-1.08597 1.83755 -1.29504 2.13546 1.03634 1.76174
-1.08584 1.83743 -1.29407 2.13581 1.03677 1.75928
-1.08571 1.8373 -1.2931 2.13617 1.03719 1.75683
-1.08557 1.83718 -1.29213 2.13652 1.03762 1.75438
-1.08544 1.83706 -1.29116 2.13687 1.03804 1.75193
-1.0853 1.83694 -1.29018 2.13723 1.03847 1.74948
-1.08517 1.83682 -1.28921 2.13758 1.03889 1.74703
-1.08503 1.8367 -1.28824 2.13794 1.03931 1.74458
-1.0849 1.83657 -1.28727 2.13829 1.03974 1.74212
-1.08476 1.83645 -1.2863 2.13864 1.04016 1.73967
-1.08463 1.83633 -1.28533 2.139 1.04059 1.73722
-1.08449 1.83621 -1.28436 2.13935 1.04101 1.73477
-1.08436 1.83609 -1.28338 2.1397 1.04144 1.73232
-1.08422 1.83597 -1.28241 2.14006 1.04186 1.72987
-1.08409 1.83584 -1.28144 2.14041 1.04229 1.72742
-1.08395 1.83572 -1.28047 2.14077 1.04271 1.72496
-1.08382 1.8356 -1.2795 2.14112 1.04314 1.72251
-1.08368 1.83548 -1.27853 2.14147 1.04356 1.72006
-1.08355 1.83536 -1.27755 2.14183 1.04399 1.71761
-1.08341 1.83524 -1.27658 2.14218 1.04441 1.71516
-1.08328 1.83512 -1.27561 2.14254 1.04483 1.71271
-1.08314 1.83499 -1.27464 2.14289 1.04526 1.71026
-1.08301 1.83487 -1.27367 2.14324 1.04568 1.7078
-1.08287 1.83475 -1.2727 2.1436 1.04611 1.70535
-1.08274 1.83463 -1.27173 2.14395 1.04653 1.7029
-1.0826 1.83451 -1.27075 2.1443 1.04696 1.70045
-1.08247 1.83439 -1.26978 2.14466 1.04738 1.698
-1.08233 1.83426 -1.26881 2.14501 1.04781 1.69555
-1.0822 1.83414 -1.26784 2.14537 1.04823 1.69309
-1.08206 1.83402 -1.26687 2.14572 1.04866 1.69064
-1.08193 1.8339 -1.2659 2.14607 1.04908 1.68819
-1.08179 1.83378 -1.26492 2.14643 1.04951 1.68574
-1.08166 1.83366 -1.26395 2.14678 1.04993 1.68329
-1.08153 1.83353 -1.26298 2.14714 1.05035 1.68084
-1.08139 1.83341 -1.26201 2.14749 1.05078 1.67839
-1.08126 1.83329 -1.26104 2.14784 1.0512 1.67593
-1.08112 1.83317 -1.26007 2.1482 1.05163 1.67348
-1.08099 1.83305 -1.2591 2.14855 1.05205 1.67103
-1.08085 1.83293 -1.25812 2.14891 1.05248 1.66858
-1.08072 1.83281 -1.25715 2.14926 1.0529 1.66613
-1.08058 1.83268 -1.25618 2.14961 1.05333 1.66368
-1.08045 1.83256 -1.25521 2.14997 1.05375 1.66123
-1.08031 1.83244 -1.25424 2.15032 1.05418 1.65877
-1.08018 1.83232 -1.25327 2.15067 1.0546 1.65632
-1.08004 1.8322 -1.25229 2.15103 1.05502 1.65387
-1.07991 1.83208 -1.25132 2.15138 1.05545 1.65142
-1.07977 1.83195 -1.25035 2.15174 1.05587 1.64897
-1.07964 1.83183 -1.24938 2.15209 1.0563 1.64652
-1.0795 1.83171 -1.24841 2.15244 1.05672 1.64407
-1.07937 1.83159 -1.24744 2.1528 1.05715 1.64161
-1.07923 1.83147 -1.24647 2.15315 1.05757 1.63916
-1.0791 1.83135 -1.24549 2.15351 1.058 1.63671
-1.07896 1.83122 -1.24452 2.15386 1.05842 1.63426
-1.07883 1.8311 -1.24355 2.15421 1.05885 1.63181
-1.07869 1.83098 -1.24258 2.15457 1.05927 1.62936
-1.07856 1.83086 -1.24161 2.15492 1.0597 1.62691
-1.07842 1.83074 -1.24064 2.15527 1.06012 1.62445
-1.07829 1.83062 -1.23966 2.15563 1.06054 1.622
-1.07815 1.83049 -1.23869 2.15598 1.06097 1.61955
-1.07802 1.83037 -1.23772 2.15634 1.06139 1.6171
-1.07788 1.83025 -1.23675 2.15669 1.06182 1.61465
-1.07775 1.83013 -1.23578 2.15704 1.06224 1.6122
-1.07761 1.83001 -1.23481 2.1574 1.06267 1.60975
-1.07748 1.82989 -1.23384 2.15775 1.06309 1.60729
-1.07735 1.82977 -1.23286 2.15811 1.06352 1.60484
-1.07721 1.82964 -1.23189 2.15846 1.06394 1.60239
-1.07708 1.82952 -1.23092 2.15881 1.06437 1.59994
-1.07694 1.8294 -1.22995 2.15917 1.06479 1.59749
-1.07681 1.82928 -1.22898 2.15952 1.06521 1.59504
-1.07667 1.82916 -1.22801 2.15988 1.06564 1.59259
-1.07654 1.82904 -1.22703 2.16023 1.06606 1.59013
-1.0764 1.82891 -1.22606 2.16058 1.06649 1.58768
-1.07627 1.82879 -1.22509 2.16094 1.06691 1.58523
-1.07613 1.82867 -1.22412 2.16129 1.06734 1.58278
-1.076 1.82855 -1.22315 2.16164 1.06776 1.58033
-1.07586 1.82843 -1.22218 2.162 1.06819 1.57788
-1.07573 1.82831 -1.22121 2.16235 1.06861 1.57543
-1.07559 1.82818 -1.22023 2.16271 1.06904 1.57297
-1.07546 1.82806 -1.21926 2.16306 1.06946 1.57052
-1.07532 1.82794 -1.21829 2.16341 1.06989 1.56807
-1.07519 1.82782 -1.21732 2.16377 1.07031 1.56562
-1.07505 1.8277 -1.21635 2.16412 1.07073 1.56317
-1.07492 1.82758 -1.21538 2.16448 1.07116 1.56072
-1.07478 1.82745 -1.2144 2.16483 1.07158 1.55827
-1.07465 1.82733 -1.21343 2.16518 1.07201 1.55581
-1.07451 1.82721 -1.21246 2.16554 1.07243 1.55336
-1.07438 1.82709 -1.21149 2.16589 1.07286 1.55091
-1.07424 1.82697 -1.21052 2.16625 1.07328 1.54846
-1.07411 1.82685 -1.20955 2.1666 1.07371 1.54601
-1.07397 1.82673 -1.20858 2.16695 1.07413 1.54356
-1.07384 1.8266 -1.2076 2.16731 1.07456 1.54111
-1.0737 1.82648 -1.20663 2.16766 1.07498 1.53865
-1.07357 1.82636 -1.20566 2.16801 1.0754 1.5362
-1.07343 1.82624 -1.20469 2.16837 1.07583 1.53375
-1.0733 1.82612 -1.20372 2.16872 1.07625 1.5313
-1.07317 1.826 -1.20275 2.16908 1.07668 1.52885
-1.07303 1.82587 -1.20177 2.16943 1.0771 1.5264
-1.0729 1.82575 -1.2008 2.16978 1.07753 1.52395
-1.07276 1.82563 -1.19983 2.17014 1.07795 1.52149
-1.07263 1.82551 -1.19886 2.17049 1.07838 1.51904
-1.07249 1.82539 -1.19789 2.17085 1.0788 1.51659
-1.07236 1.82527 -1.19692 2.1712 1.07923 1.51414
-1.07222 1.82514 -1.19595 2.17155 1.07965 1.51169
-1.07209 1.82502 -1.19497 2.17191 1.08008 1.50924
-1.07195 1.8249 -1.194 2.17226 1.0805 1.50679
-1.07182 1.82478 -1.19303 2.17261 1.08092 1.50433
-1.07168 1.82466 -1.19206 2.17297 1.08135 1.50188
-1.07155 1.82454 -1.19109 2.17332 1.08177 1.49943
-1.07141 1.82442 -1.19012 2.17368 1.0822 1.49698
-1.07128 1.82429 -1.18915 2.17403 1.08262 1.49453
-1.07114 1.82417 -1.18817 2.17438 1.08305 1.49208
-1.07101 1.82405 -1.1872 2.17474 1.08347 1.48963
-1.07087 1.82393 -1.18623 2.17509 1.0839 1.48717
-1.07074 1.82381 -1.18526 2.17545 1.08432 1.48472
-1.0706 1.82369 -1.18429 2.1758 1.08475 1.48227
-1.07047 1.82356 -1.18332 2.17615 1.08517 1.47982
-1.07033 1.82344 -1.18234 2.17651 1.08559 1.47737
-1.0702 1.82332 -1.18137 2.17686 1.08602 1.47492
-1.07006 1.8232 -1.1804 2.17722 1.08644 1.47247
-1.06993 1.82308 -1.17943 2.17757 1.08687 1.47001
-1.06979 1.82296 -1.17846 2.17792 1.08729 1.46756
-1.06966 1.82283 -1.17749 2.17828 1.08772 1.46511
-1.06952 1.82271 -1.17652 2.17863 1.08814 1.46266
-1.06939 1.82259 -1.17554 2.17898 1.08857 1.46021
-1.06925 1.82247 -1.17457 2.17934 1.08899 1.45776
-1.06912 1.82235 -1.1736 2.17969 1.08942 1.45531
-1.06899 1.82223 -1.17263 2.18005 1.08984 1.45285
-1.06885 1.8221 -1.17166 2.1804 1.09027 1.4504
-1.06872 1.82198 -1.17069 2.18075 1.09069 1.44795
-1.06858 1.82186 -1.16971 2.18111 1.09111 1.4455
-1.06845 1.82174 -1.16874 2.18146 1.09154 1.44305
-1.06831 1.82162 -1.16777 2.18182 1.09196 1.4406
-1.06818 1.8215 -1.1668 2.18217 1.09239 1.43815
-1.06804 1.82138 -1.16583 2.18252 1.09281 1.43569
-1.06791 1.82125 -1.16486 2.18288 1.09324 1.43324
-1.06777 1.82113 -1.16389 2.18323 1.09366 1.43079
-1.06764 1.82101 -1.16291 2.18358 1.09409 1.42834
-1.0675 1.82089 -1.16194 2.18394 1.09451 1.42589
-1.06737 1.82077 -1.16097 2.18429 1.09494 1.42344
-1.06723 1.82065 -1.16 2.18465 1.09536 1.42098
-1.0671 1.82052 -1.15903 2.185 1.09579 1.41853
-1.06696 1.8204 -1.15806 2.18535 1.09621 1.41608
-1.06683 1.82028 -1.15708 2.18571 1.09663 1.41363
-1.06669 1.82016 -1.15611 2.18606 1.09706 1.41118
-1.06656 1.82004 -1.15514 2.18642 1.09748 1.40873
-1.06642 1.81992 -1.15417 2.18677 1.09791 1.40628
-1.06629 1.81979 -1.1532 2.18712 1.09833 1.40382
-1.06615 1.81967 -1.15223 2.18748 1.09876 1.40137
-1.06602 1.81955 -1.15126 2.18783 1.09918 1.39892
-1.06588 1.81943 -1.15028 2.18819 1.09961 1.39647
-1.06575 1.81931 -1.14931 2.18854 1.10003 1.39402
-1.06561 1.81919 -1.14834 2.18889 1.10046 1.39157
-1.06548 1.81906 -1.14737 2.18925 1.10088 1.38912
-1.06534 1.81894 -1.1464 2.1896 1.1013 1.38666
-1.06521 1.81882 -1.14543 2.18995 1.10173 1.38421
-1.06507 1.8187 -1.14445 2.19031 1.10215 1.38176
-1.06494 1.81858 -1.14348 2.19066 1.10258 1.37931
-1.06481 1.81846 -1.14251 2.19102 1.103 1.37686
-1.06467 1.81834 -1.14154 2.19137 1.10343 1.37441
-1.06454 1.81821 -1.14057 2.19172 1.10385 1.37196
-1.0644 1.81809 -1.1396 2.19208 1.10428 1.3695
-1.06427 1.81797 -1.13863 2.19243 1.1047 1.36705
-1.06413 1.81785 -1.13765 2.19279 1.10513 1.3646
-1.064 1.81773 -1.13668 2.19314 1.10555 1.36215
-1.06386 1.81761 -1.13571 2.19349 1.10598 1.3597
-1.06373 1.81748 -1.13474 2.19385 1.1064 1.35725
-1.06359 1.81736 -1.13377 2.1942 1.10682 1.3548
-1.06346 1.81724 -1.1328 2.19455 1.10725 1.35234
-1.06332 1.81712 -1.13182 2.19491 1.10767 1.34989
-1.06319 1.817 -1.13085 2.19526 1.1081 1.34744
-1.06305 1.81688 -1.12988 2.19562 1.10852 1.34499
-1.06292 1.81675 -1.12891 2.19597 1.10895 1.34254
-1.06278 1.81663 -1.12794 2.19632 1.10937 1.34009
-1.06265 1.81651 -1.12697 2.19668 1.1098 1.33764
-1.06251 1.81639 -1.126 2.19703 1.11022 1.33518
-1.06238 1.81627 -1.12502 2.19739 1.11065 1.33273
-1.06224 1.81615 -1.12405 2.19774 1.11107 1.33028
-1.06211 1.81602 -1.12308 2.19809 1.11149 1.32783
-1.06197 1.8159 -1.12211 2.19845 1.11192 1.32538
-1.06184 1.81578 -1.12114 2.1988 1.11234 1.32293
-1.0617 1.81566 -1.12017 2.19916 1.11277 1.32048
-1.06157 1.81554 -1.11919 2.19951 1.11319 1.31802
-1.06143 1.81542 -1.11822 2.19986 1.11362 1.31557
-1.0613 1.8153 -1.11725 2.20022 1.11404 1.31312
-1.06116 1.81517 -1.11628 2.20057 1.11447 1.31067
-1.06103 1.81505 -1.11531 2.20092 1.11489 1.30822
-1.06089 1.81493 -1.11434 2.20128 1.11532 1.30577
-1.06076 1.81481 -1.11337 2.20163 1.11574 1.30332
-1.06062 1.81469 -1.11239 2.20199 1.11617 1.30086
-1.06049 1.81457 -1.11142 2.20234 1.11659 1.29841
-1.06036 1.81444 -1.11045 2.20269 1.11701 1.29596
-1.06022 1.81432 -1.10948 2.20305 1.11744 1.29351
-1.06009 1.8142 -1.10851 2.2034 1.11786 1.29106
-1.05995 1.81408 -1.10754 2.20376 1.11829 1.28861
-1.05982 1.81396 -1.10656 2.20411 1.11871 1.28616
-1.05968 1.81384 -1.10559 2.20446 1.11914 1.2837
-1.05955 1.81371 -1.10462 2.20482 1.11956 1.28125
-1.05941 1.81359 -1.10365 2.20517 1.11999 1.2788
-1.05928 1.81347 -1.10268 2.20553 1.12041 1.27635
-1.05914 1.81335 -1.10171 2.20588 1.12084 1.2739
-1.05901 1.81323 -1.10074 2.20623 1.12126 1.27145
-1.05887 1.81311 -1.09976 2.20659 1.12168 1.269
-1.05874 1.81299 -1.09879 2.20694 1.12211 1.26654
-1.0586 1.81286 -1.09782 2.20729 1.12253 1.26409
-1.05847 1.81274 -1.09685 2.20765 1.12296 1.26164
-1.05833 1.81262 -1.09588 2.208 1.12338 1.25919
-1.0582 1.8125 -1.09491 2.20836 1.12381 1.25674
-1.05806 1.81238 -1.09393 2.20871 1.12423 1.25429
-1.05793 1.81226 -1.09296 2.20906 1.12466 1.25184
-1.05779 1.81213 -1.09199 2.20942 1.12508 1.24938
-1.05766 1.81201 -1.09102 2.20977 1.12551 1.24693
-1.05752 1.81189 -1.09005 2.21013 1.12593 1.24448
-1.05739 1.81177 -1.08908 2.21048 1.12636 1.24203
-1.05725 1.81165 -1.08811 2.21083 1.12678 1.23958
-1.05712 1.81153 -1.08713 2.21119 1.1272 1.23713
-1.05698 1.8114 -1.08616 2.21154 1.12763 1.23468
-1.05685 1.81128 -1.08519 2.21189 1.12805 1.23222
-1.05671 1.81116 -1.08422 2.21225 1.12848 1.22977
-1.05658 1.81104 -1.08325 2.2126 1.1289 1.22732
-1.05644 1.81092 -1.08228 2.21296 1.12933 1.22487
-1.05631 1.8108 -1.0813 2.21331 1.12975 1.22242
-1.05618 1.81067 -1.08033 2.21366 1.13018 1.21997
-1.05604 1.81055 -1.07936 2.21402 1.1306 1.21752
-1.05591 1.81043 -1.07839 2.21437 1.13103 1.21506
-1.05577 1.81031 -1.07742 2.21473 1.13145 1.21261
-1.05564 1.81019 -1.07645 2.21508 1.13188 1.21016
-1.0555 1.81007 -1.07548 2.21543 1.1323 1.20771
-1.05537 1.80995 -1.0745 2.21579 1.13272 1.20526
-1.05523 1.80982 -1.07353 2.21614 1.13315 1.20281
-1.0551 1.8097 -1.07256 2.2165 1.13357 1.20036
-1.05496 1.80958 -1.07159 2.21685 1.134 1.1979
-1.05483 1.80946 -1.07062 2.2172 1.13442 1.19545
-1.05469 1.80934 -1.06965 2.21756 1.13485 1.193
-1.05456 1.80922 -1.06867 2.21791 1.13527 1.19055
-1.05442 1.80909 -1.0677 2.21826 1.1357 1.1881
-1.05429 1.80897 -1.06673 2.21862 1.13612 1.18565
-1.05415 1.80885 -1.06576 2.21897 1.13655 1.1832
-1.05402 1.80873 -1.06479 2.21933 1.13697 1.18074
-1.05388 1.80861 -1.06382 2.21968 1.13739 1.17829
-1.05375 1.80849 -1.06285 2.22003 1.13782 1.17584
-1.05361 1.80836 -1.06187 2.22039 1.13824 1.17339
-1.05348 1.80824 -1.0609 2.22074 1.13867 1.17094
-1.05334 1.80812 -1.05993 2.2211 1.13909 1.16849
-1.05321 1.808 -1.05896 2.22145 1.13952 1.16603
-1.05307 1.80788 -1.05799 2.2218 1.13994 1.16358
-1.05294 1.80776 -1.05702 2.22216 1.14037 1.16113
-1.0528 1.80763 -1.05604 2.22251 1.14079 1.15868
-1.05267 1.80751 -1.05507 2.22286 1.14122 1.15623
-1.05253 1.80739 -1.0541 2.22322 1.14164 1.15378
-1.0524 1.80727 -1.05313 2.22357 1.14207 1.15133
-1.05226 1.80715 -1.05216 2.22393 1.14249 1.14887
-1.05213 1.80703 -1.05119 2.22428 1.14291 1.14642
-1.052 1.80691 -1.05022 2.22463 1.14334 1.14397
-1.05186 1.80678 -1.04924 2.22499 1.14376 1.14152
-1.05173 1.80666 -1.04827 2.22534 1.14419 1.13907
-1.05159 1.80654 -1.0473 2.2257 1.14461 1.13662
-1.05146 1.80642 -1.04633 2.22605 1.14504 1.13417
-1.05132 1.8063 -1.04536 2.2264 1.14546 1.13171
-1.05119 1.80618 -1.04439 2.22676 1.14589 1.12926
-1.05105 1.80605 -1.04341 2.22711 1.14631 1.12681
-1.05092 1.80593 -1.04244 2.22747 1.14674 1.12436
-1.05078 1.80581 -1.04147 2.22782 1.14716 1.12191
-1.05065 1.80569 -1.0405 2.22817 1.14758 1.11946
-1.05051 1.80557 -1.03953 2.22853 1.14801 1.11701
-1.05038 1.80545 -1.03856 2.22888 1.14843 1.11455
-1.05024 1.80532 -1.03759 2.22923 1.14886 1.1121
-1.05011 1.8052 -1.03661 2.22959 1.14928 1.10965
-1.04997 1.80508 -1.03564 2.22994 1.14971 1.1072
-1.04984 1.80496 -1.03467 2.2303 1.15013 1.10475
-1.0497 1.80484 -1.0337 2.23065 1.15056 1.1023
-1.04957 1.80472 -1.03273 2.231 1.15098 1.09985
-1.04943 1.80459 -1.03176 2.23136 1.15141 1.09739
-1.0493 1.80447 -1.03078 2.23171 1.15183 1.09494
-1.04916 1.80435 -1.02981 2.23207 1.15226 1.09249
-1.04903 1.80423 -1.02884 2.23242 1.15268 1.09004
-1.04889 1.80411 -1.02787 2.23277 1.1531 1.08759
-1.04876 1.80399 -1.0269 2.23313 1.15353 1.08514
-1.04862 1.80387 -1.02593 2.23348 1.15395 1.08269
-1.04849 1.80374 -1.02496 2.23383 1.15438 1.08023
-1.04835 1.80362 -1.02398 2.23419 1.1548 1.07778
-1.04822 1.8035 -1.02301 2.23454 1.15523 1.07533
-1.04808 1.80338 -1.02204 2.2349 1.15565 1.07288
-1.04795 1.80326 -1.02107 2.23525 1.15608 1.07043
-1.04782 1.80314 -1.0201 2.2356 1.1565 1.06798
-1.04768 1.80301 -1.01913 2.23596 1.15693 1.06553
-1.04755 1.80289 -1.01815 2.23631 1.15735 1.06307
-1.04741 1.80277 -1.01718 2.23667 1.15777 1.06062
-1.04728 1.80265 -1.01621 2.23702 1.1582 1.05817
-1.04714 1.80253 -1.01524 2.23737 1.15862 1.05572
-1.04701 1.80241 -1.01427 2.23773 1.15905 1.05327
-1.04687 1.80228 -1.0133 2.23808 1.15947 1.05082
-1.04674 1.80216 -1.01233 2.23844 1.1599 1.04837
-1.0466 1.80204 -1.01135 2.23879 1.16032 1.04591
-1.04647 1.80192 -1.01038 2.23914 1.16075 1.04346
-1.04633 1.8018 -1.00941 2.2395 1.16117 1.04101
-1.0462 1.80168 -1.00844 2.23985 1.1616 1.03856
-1.04606 1.80156 -1.00747 2.2402 1.16202 1.03611
-1.04593 1.80143 -1.0065 2.24056 1.16245 1.03366
-1.04579 1.80131 -1.00552 2.24091 1.16287 1.03121
-1.04566 1.80119 -1.00455 2.24127 1.16329 1.02875
-1.04552 1.80107 -1.00358 2.24162 1.16372 1.0263
-1.04539 1.80095 -1.00261 2.24197 1.16414 1.02385
-1.04525 1.80083 -1.00164 2.24233 1.16457 1.0214
-1.04512 1.8007 -1.00067 2.24268 1.16499 1.01895
-1.04498 1.80058 -0.999696 2.24304 1.16542 1.0165
-1.04485 1.80046 -0.998724 2.24339 1.16584 1.01405
-1.04471 1.80034 -0.997752 2.24374 1.16627 1.01159
-1.04458 1.80022 -0.996781 2.2441 1.16669 1.00914
-1.04444 1.8001 -0.995809 2.24445 1.16712 1.00669
-1.04431 1.79997 -0.994838 2.24481 1.16754 1.00424
-1.04417 1.79985 -0.993866 2.24516 1.16796 1.00179
-1.04404 1.79973 -0.992895 2.24551 1.16839 0.999337
-1.0439 1.79961 -0.991923 2.24587 1.16881 0.996886
-1.04377 1.79949 -0.990952 2.24622 1.16924 0.994434
-1.04364 1.79937 -0.98998 2.24657 1.16966 0.991983
-1.0435 1.79924 -0.989009 2.24693 1.17009 0.989531
-1.04337 1.79912 -0.988037 2.24728 1.17051 0.98708
-1.04323 1.799 -0.987066 2.24764 1.17094 0.984628
-1.0431 1.79888 -0.986094 2.24799 1.17136 0.982177
-1.04296 1.79876 -0.985122 2.24834 1.17179 0.979725
-1.04283 1.79864 -0.984151 2.2487 1.17221 0.977274
-1.04269 1.79852 -0.983179 2.24905 1.17264 0.974823
-1.04256 1.79839 -0.982208 2.24941 1.17306 0.972371
-1.04242 1.79827 -0.981236 2.24976 1.17348 0.96992
-1.04229 1.79815 -0.980265 2.25011 1.17391 0.967468
-1.04215 1.79803 -0.979293 2.25047 1.17433 0.965017
-1.04202 1.79791 -0.978322 2.25082 1.17476 0.962565
-1.04188 1.79779 -0.97735 2.25117 1.17518 0.960114
-1.04175 1.79766 -0.976379 2.25153 1.17561 0.957662
-1.04161 1.79754 -0.975407 2.25188 1.17603 0.955211
-1.04148 1.79742 -0.974436 2.25224 1.17646 0.95276
-1.04134 1.7973 -0.973464 2.25259 1.17688 0.950308
-1.04121 1.79718 -0.972493 2.25294 1.17731 0.947857
-1.04107 1.79706 -0.971521 2.2533 1.17773 0.945405
-1.04094 1.79693 -0.970549 2.25365 1.17816 0.942954
-1.0408 1.79681 -0.969578 2.25401 1.17858 0.940502
-1.04067 1.79669 -0.968606 2.25436 1.179 0.938051
-1.04053 1.79657 -0.967635 2.25471 1.17943 0.935599
-1.0404 1.79645 -0.966663 2.25507 1.17985 0.933148
-1.04026 1.79633 -0.965692 2.25542 1.18028 0.930697
-1.04013 1.7962 -0.96472 2.25578 1.1807 0.928245
-1.03999 1.79608 -0.963749 2.25613 1.18113 0.925794
-1.03986 1.79596 -0.962777 2.25648 1.18155 0.923342
-1.03972 1.79584 -0.961806 2.25684 1.18198 0.920891
-1.03959 1.79572 -0.960834 2.25719 1.1824 0.918439
-1.03946 1.7956 -0.959863 2.25754 1.18283 0.915988
-1.03932 1.79548 -0.958891 2.2579 1.18325 0.913536
-1.03919 1.79535 -0.957919 2.25825 1.18367 0.911085
-1.03905 1.79523 -0.956948 2.25861 1.1841 0.908634
-1.03892 1.79511 -0.955976 2.25896 1.18452 0.906182
-1.03878 1.79499 -0.955005 2.25931 1.18495 0.903731
-1.03865 1.79487 -0.954033 2.25967 1.18537 0.901279
-1.03851 1.79475 -0.953062 2.26002 1.1858 0.898828
-1.03838 1.79462 -0.95209 2.26038 1.18622 0.896376
-1.03824 1.7945 -0.951119 2.26073 1.18665 0.893925
-1.03811 1.79438 -0.950147 2.26108 1.18707 0.891474
-1.03797 1.79426 -0.949176 2.26144 1.1875 0.889022
-1.03784 1.79414 -0.948204 2.26179 1.18792 0.886571
-1.0377 1.79402 -0.947233 2.26214 1.18835 0.884119
-1.03757 1.79389 -0.946261 2.2625 1.18877 0.881668
-1.03743 1.79377 -0.94529 2.26285 1.18919 0.879216
-1.0373 1.79365 -0.944318 2.26321 1.18962 0.876765
-1.03716 1.79353 -0.943346 2.26356 1.19004 0.874313
-1.03703 1.79341 -0.942375 2.26391 1.19047 0.871862
-1.03689 1.79329 -0.941403 2.26427 1.19089 0.869411
-1.03676 1.79316 -0.940432 2.26462 1.19132 0.866959
-1.03662 1.79304 -0.93946 2.26498 1.19174 0.864508
-1.03649 1.79292 -0.938489 2.26533 1.19217 0.862056
-1.03635 1.7928 -0.937517 2.26568 1.19259 0.859605
-1.03622 1.79268 -0.936546 2.26604 1.19302 0.857153
-1.03608 1.79256 -0.935574 2.26639 1.19344 0.854702
-1.03595 1.79244 -0.934603 2.26675 1.19386 0.85225
-1.03581 1.79231 -0.933631 2.2671 1.19429 0.849799
-1.03568 1.79219 -0.93266 2.26745 1.19471 0.847348
-1.03554 1.79207 -0.931688 2.26781 1.19514 0.844896
-1.03541 1.79195 -0.930716 2.26816 1.19556 0.842445
-1.03528 1.79183 -0.929745 2.26851 1.19599 0.839993
-1.03514 1.79171 -0.928773 2.26887 1.19641 0.837542
-1.03501 1.79158 -0.927802 2.26922 1.19684 0.83509
-1.03487 1.79146 -0.92683 2.26958 1.19726 0.832639
-1.03474 1.79134 -0.925859 2.26993 1.19769 0.830187
-1.0346 1.79122 -0.924887 2.27028 1.19811 0.827736
-1.03447 1.7911 -0.923916 2.27064 1.19854 0.825285
-1.03433 1.79098 -0.922944 2.27099 1.19896 0.822833
-1.0342 1.79085 -0.921973 2.27135 1.19938 0.820382
-1.03406 1.79073 -0.921001 2.2717 1.19981 0.81793
-1.03393 1.79061 -0.92003 2.27205 1.20023 0.815479
-1.03379 1.79049 -0.919058 2.27241 1.20066 0.813027
-1.03366 1.79037 -0.918087 2.27276 1.20108 0.810576
-1.03352 1.79025 -0.917115 2.27311 1.20151 0.808125
-1.03339 1.79013 -0.916143 2.27347 1.20193 0.805673
-1.03325 1.79 -0.915172 2.27382 1.20236 0.803222
-1.03312 1.78988 -0.9142 2.27418 1.20278 0.80077
-1.03298 1.78976 -0.913229 2.27453 1.20321 0.798319
-1.03285 1.78964 -0.912257 2.27488 1.20363 0.795867
-1.03271 1.78952 -0.911286 2.27524 1.20405 0.793416
-1.03258 1.7894 -0.910314 2.27559 1.20448 0.790964
-1.03244 1.78927 -0.909343 2.27595 1.2049 0.788513
-1.03231 1.78915 -0.908371 2.2763 1.20533 0.786062
-1.03217 1.78903 -0.9074 2.27665 1.20575 0.78361
-1.03204 1.78891 -0.906428 2.27701 1.20618 0.781159
-1.0319 1.78879 -0.905457 2.27736 1.2066 0.778707
-1.03177 1.78867 -0.904485 2.27772 1.20703 0.776256
-1.03163 1.78854 -0.903513 2.27807 1.20745 0.773804
-1.0315 1.78842 -0.902542 2.27842 1.20788 0.771353
-1.03136 1.7883 -0.90157 2.27878 1.2083 0.768901
-1.03123 1.78818 -0.900599 2.27913 1.20873 0.76645
-1.03109 1.78806 -0.899627 2.27948 1.20915 0.763999
-1.03096 1.78794 -0.898656 2.27984 1.20957 0.761547
-1.03083 1.78781 -0.897684 2.28019 1.21 0.759096
-1.03069 1.78769 -0.896713 2.28055 1.21042 0.756644
-1.03056 1.78757 -0.895741 2.2809 1.21085 0.754193
-1.03042 1.78745 -0.89477 2.28125 1.21127 0.751741
-1.03029 1.78733 -0.893798 2.28161 1.2117 0.74929
-1.03015 1.78721 -0.892827 2.28196 1.21212 0.746838
-1.03002 1.78709 -0.891855 2.28232 1.21255 0.744387
-1.02988 1.78696 -0.890884 2.28267 1.21297 0.741936
-1.02975 1.78684 -0.889912 2.28302 1.2134 0.739484
-1.02961 1.78672 -0.88894 2.28338 1.21382 0.737033
-1.02948 1.7866 -0.887969 2.28373 1.21424 0.734581
-1.02934 1.78648 -0.886997 2.28409 1.21467 0.73213
-1.02921 1.78636 -0.886026 2.28444 1.21509 0.729678
-1.02907 1.78623 -0.885054 2.28479 1.21552 0.727227
-1.02894 1.78611 -0.884083 2.28515 1.21594 0.724775
-1.0288 1.78599 -0.883111 2.2855 1.21637 0.722324
-1.02867 1.78587 -0.88214 2.28585 1.21679 0.719873
-1.02853 1.78575 -0.881168 2.28621 1.21722 0.717421
-1.0284 1.78563 -0.880197 2.28656 1.21764 0.71497
-1.02826 1.7855 -0.879225 2.28692 1.21807 0.712518
-1.02813 1.78538 -0.878254 2.28727 1.21849 0.710067
-1.02799 1.78526 -0.877282 2.28762 1.21892 0.707615
-1.02786 1.78514 -0.87631 2.28798 1.21934 0.705164
-1.02772 1.78502 -0.875339 2.28833 1.21976 0.702713
-1.02759 1.7849 -0.874367 2.28869 1.22019 0.700261
-1.02745 1.78477 -0.873396 2.28904 1.22061 0.69781
-1.02732 1.78465 -0.872424 2.28939 1.22104 0.695358
-1.02718 1.78453 -0.871453 2.28975 1.22146 0.692907
-1.02705 1.78441 -0.870481 2.2901 1.22189 0.690455
-1.02691 1.78429 -0.86951 2.29045 1.22231 0.688004
-1.02678 1.78417 -0.868538 2.29081 1.22274 0.685552
-1.02665 1.78405 -0.867567 2.29116 1.22316 0.683101
-1.02651 1.78392 -0.866595 2.29152 1.22359 0.68065
-1.02638 1.7838 -0.865624 2.29187 1.22401 0.678198
-1.02624 1.78368 -0.864652 2.29222 1.22444 0.675747
-1.02611 1.78356 -0.863681 2.29258 1.22486 0.673295
-1.02597 1.78344 -0.862709 2.29293 1.22528 0.670844
-1.02584 1.78332 -0.861737 2.29329 1.22571 0.668392
-1.0257 1.78319 -0.860766 2.29364 1.22613 0.665941
-1.02557 1.78307 -0.859794 2.29399 1.22656 0.663489
-1.02543 1.78295 -0.858823 2.29435 1.22698 0.661038
-1.0253 1.78283 -0.857851 2.2947 1.22741 0.658587
-1.02516 1.78271 -0.85688 2.29506 1.22783 0.656135
-1.02503 1.78259 -0.855908 2.29541 1.22826 0.653684
-1.02489 1.78246 -0.854937 2.29576 1.22868 0.651232
-1.02476 1.78234 -0.853965 2.29612 1.22911 0.648781
-1.02462 1.78222 -0.852994 2.29647 1.22953 0.646329
-1.02449 1.7821 -0.852022 2.29682 1.22995 0.643878
-1.02435 1.78198 -0.851051 2.29718 1.23038 0.641426
-1.02422 1.78186 -0.850079 2.29753 1.2308 0.638975
-1.02408 1.78174 -0.849107 2.29789 1.23123 0.636524
-1.02395 1.78161 -0.848136 2.29824 1.23165 0.634072
-1.02381 1.78149 -0.847164 2.29859 1.23208 0.631621
-1.02368 1.78137 -0.846193 2.29895 1.2325 0.629169
-1.02354 1.78125 -0.845221 2.2993 1.23293 0.626718
-1.02341 1.78113 -0.84425 2.29966 1.23335 0.624266
-1.02327 1.78101 -0.843278 2.30001 1.23378 0.621815
-1.02314 1.78088 -0.842307 2.30036 1.2342 0.619363
-1.023 1.78076 -0.841335 2.30072 1.23463 0.616912
-1.02287 1.78064 -0.840364 2.30107 1.23505 0.614461
-1.02273 1.78052 -0.839392 2.30142 1.23547 0.612009
-1.0226 1.7804 -0.838421 2.30178 1.2359 0.609558
-1.02247 1.78028 -0.837449 2.30213 1.23632 0.607106
-1.02233 1.78015 -0.836478 2.30249 1.23675 0.604655
-1.0222 1.78003 -0.835506 2.30284 1.23717 0.602203
-1.02206 1.77991 -0.834534 2.30319 1.2376 0.599752
-1.02193 1.77979 -0.833563 2.30355 1.23802 0.597301
-1.02179 1.77967 -0.832591 2.3039 1.23845 0.594849
-1.02166 1.77955 -0.83162 2.30426 1.23887 0.592398
-1.02152 1.77942 -0.830648 2.30461 1.2393 0.589946
-1.02139 1.7793 -0.829677 2.30496 1.23972 0.587495
-1.02125 1.77918 -0.828705 2.30532 1.24014 0.585043
-1.02112 1.77906 -0.827734 2.30567 1.24057 0.582592
-1.02098 1.77894 -0.826762 2.30603 1.24099 0.58014
-1.02085 1.77882 -0.825791 2.30638 1.24142 0.577689
-1.02071 1.7787 -0.824819 2.30673 1.24184 0.575238
-1.02058 1.77857 -0.823848 2.30709 1.24227 0.572786
-1.02044 1.77845 -0.822876 2.30744 1.24269 0.570335
-1.02031 1.77833 -0.821904 2.30779 1.24312 0.567883
-1.02017 1.77821 -0.820933 2.30815 1.24354 0.565432
-1.02004 1.77809 -0.819961 2.3085 1.24397 0.56298
-1.0199 1.77797 -0.81899 2.30886 1.24439 0.560529
-1.01977 1.77784 -0.818018 2.30921 1.24482 0.558077
-1.01963 1.77772 -0.817047 2.30956 1.24524 0.555626
-1.0195 1.7776 -0.816075 2.30992 1.24566 0.553175
-1.01936 1.77748 -0.815104 2.31027 1.24609 0.550723
-1.01923 1.77736 -0.814132 2.31063 1.24651 0.548272
-1.01909 1.77724 -0.813161 2.31098 1.24694 0.54582
-1.01896 1.77711 -0.812189 2.31133 1.24736 0.543369
-1.01882 1.77699 -0.811218 2.31169 1.24779 0.540917
-1.01869 1.77687 -0.810246 2.31204 1.24821 0.538466
