1.69135 -1.5911 2.21181 -0.023857 1.73571 1.59042
1.69012 -1.58907 2.21142 -0.0245787 1.7353 1.59112
1.68889 -1.58705 2.21102 -0.0253004 1.7349 1.59183
1.68765 -1.58503 2.21062 -0.026022 1.73449 1.59254
1.68642 -1.58301 2.21023 -0.0267437 1.73408 1.59324
1.68519 -1.58099 2.20983 -0.0274654 1.73368 1.59395
1.68396 -1.57896 2.20943 -0.028187 1.73327 1.59465
1.68273 -1.57694 2.20904 -0.0289087 1.73286 1.59536
1.6815 -1.57492 2.20864 -0.0296304 1.73245 1.59606
1.68027 -1.5729 2.20825 -0.030352 1.73205 1.59677
1.67904 -1.57087 2.20785 -0.0310737 1.73164 1.59748
1.67781 -1.56885 2.20745 -0.0317953 1.73123 1.59818
1.67658 -1.56683 2.20706 -0.032517 1.73083 1.59889
1.67535 -1.56481 2.20666 -0.0332387 1.73042 1.59959
1.67412 -1.56278 2.20626 -0.0339603 1.73001 1.6003
1.67288 -1.56076 2.20587 -0.034682 1.7296 1.601
1.67165 -1.55874 2.20547 -0.0354037 1.7292 1.60171
1.67042 -1.55672 2.20508 -0.0361253 1.72879 1.60242
1.66919 -1.5547 2.20468 -0.036847 1.72838 1.60312
1.66796 -1.55267 2.20428 -0.0375686 1.72798 1.60383
1.66673 -1.55065 2.20389 -0.0382903 1.72757 1.60453
1.6655 -1.54863 2.20349 -0.039012 1.72716 1.60524
1.66427 -1.54661 2.20309 -0.0397336 1.72675 1.60594
1.66304 -1.54458 2.2027 -0.0404553 1.72635 1.60665
1.66181 -1.54256 2.2023 -0.041177 1.72594 1.60736
1.66058 -1.54054 2.20191 -0.0418986 1.72553 1.60806
1.65935 -1.53852 2.20151 -0.0426203 1.72513 1.60877
1.65811 -1.53649 2.20111 -0.043342 1.72472 1.60947
1.65688 -1.53447 2.20072 -0.0440636 1.72431 1.61018
1.65565 -1.53245 2.20032 -0.0447853 1.7239 1.61088
1.65442 -1.53043 2.19992 -0.0455069 1.7235 1.61159
1.65319 -1.52841 2.19953 -0.0462286 1.72309 1.61229
1.65196 -1.52638 2.19913 -0.0469503 1.72268 1.613
1.65073 -1.52436 2.19873 -0.0476719 1.72228 1.61371
1.6495 -1.52234 2.19834 -0.0483936 1.72187 1.61441
1.64827 -1.52032 2.19794 -0.0491153 1.72146 1.61512
1.64704 -1.51829 2.19755 -0.0498369 1.72105 1.61582
1.64581 -1.51627 2.19715 -0.0505586 1.72065 1.61653
1.64458 -1.51425 2.19675 -0.0512803 1.72024 1.61723
1.64334 -1.51223 2.19636 -0.0520019 1.71983 1.61794
1.64211 -1.5102 2.19596 -0.0527236 1.71943 1.61865
1.64088 -1.50818 2.19556 -0.0534452 1.71902 1.61935
1.63965 -1.50616 2.19517 -0.0541669 1.71861 1.62006
1.63842 -1.50414 2.19477 -0.0548886 1.7182 1.62076
1.63719 -1.50212 2.19438 -0.0556102 1.7178 1.62147
1.63596 -1.50009 2.19398 -0.0563319 1.71739 1.62217
1.63473 -1.49807 2.19358 -0.0570536 1.71698 1.62288
1.6335 -1.49605 2.19319 -0.0577752 1.71658 1.62359
1.63227 -1.49403 2.19279 -0.0584969 1.71617 1.62429
1.63104 -1.492 2.19239 -0.0592186 1.71576 1.625
1.62981 -1.48998 2.192 -0.0599402 1.71535 1.6257
1.62857 -1.48796 2.1916 -0.0606619 1.71495 1.62641
1.62734 -1.48594 2.19121 -0.0613835 1.71454 1.62711
1.62611 -1.48391 2.19081 -0.0621052 1.71413 1.62782
1.62488 -1.48189 2.19041 -0.0628269 1.71373 1.62853
1.62365 -1.47987 2.19002 -0.0635485 1.71332 1.62923
1.62242 -1.47785 2.18962 -0.0642702 1.71291 1.62994
1.62119 -1.47583 2.18922 -0.0649919 1.7125 1.63064
1.61996 -1.4738 2.18883 -0.0657135 1.7121 1.63135
1.61873 -1.47178 2.18843 -0.0664352 1.71169 1.63205
1.6175 -1.46976 2.18804 -0.0671569 1.71128 1.63276
1.61627 -1.46774 2.18764 -0.0678785 1.71088 1.63347
1.61504 -1.46571 2.18724 -0.0686002 1.71047 1.63417
1.6138 -1.46369 2.18685 -0.0693218 1.71006 1.63488
1.61257 -1.46167 2.18645 -0.0700435 1.70965 1.63558
1.61134 -1.45965 2.18605 -0.0707652 1.70925 1.63629
1.61011 -1.45762 2.18566 -0.0714868 1.70884 1.63699
1.60888 -1.4556 2.18526 -0.0722085 1.70843 1.6377
1.60765 -1.45358 2.18487 -0.0729302 1.70803 1.63841
1.60642 -1.45156 2.18447 -0.0736518 1.70762 1.63911
1.60519 -1.44954 2.18407 -0.0743735 1.70721 1.63982
1.60396 -1.44751 2.18368 -0.0750952 1.7068 1.64052
1.60273 -1.44549 2.18328 -0.0758168 1.7064 1.64123
1.6015 -1.44347 2.18288 -0.0765385 1.70599 1.64193
1.60027 -1.44145 2.18249 -0.0772601 1.70558 1.64264
1.59903 -1.43942 2.18209 -0.0779818 1.70518 1.64334
1.5978 -1.4374 2.1817 -0.0787035 1.70477 1.64405
1.59657 -1.43538 2.1813 -0.0794251 1.70436 1.64476
1.59534 -1.43336 2.1809 -0.0801468 1.70395 1.64546
1.59411 -1.43133 2.18051 -0.0808685 1.70355 1.64617
1.59288 -1.42931 2.18011 -0.0815901 1.70314 1.64687
1.59165 -1.42729 2.17971 -0.0823118 1.70273 1.64758
1.59042 -1.42527 2.17932 -0.0830335 1.70233 1.64828
1.58919 -1.42325 2.17892 -0.0837551 1.70192 1.64899
1.58796 -1.42122 2.17853 -0.0844768 1.70151 1.6497
1.58673 -1.4192 2.17813 -0.0851984 1.7011 1.6504
1.5855 -1.41718 2.17773 -0.0859201 1.7007 1.65111
1.58426 -1.41516 2.17734 -0.0866418 1.70029 1.65181
1.58303 -1.41313 2.17694 -0.0873634 1.69988 1.65252
1.5818 -1.41111 2.17654 -0.0880851 1.69948 1.65322
1.58057 -1.40909 2.17615 -0.0888068 1.69907 1.65393
1.57934 -1.40707 2.17575 -0.0895284 1.69866 1.65464
1.57811 -1.40504 2.17536 -0.0902501 1.69825 1.65534
1.57688 -1.40302 2.17496 -0.0909717 1.69785 1.65605
1.57565 -1.401 2.17456 -0.0916934 1.69744 1.65675
1.57442 -1.39898 2.17417 -0.0924151 1.69703 1.65746
1.57319 -1.39696 2.17377 -0.0931367 1.69663 1.65816
1.57196 -1.39493 2.17337 -0.0938584 1.69622 1.65887
1.57073 -1.39291 2.17298 -0.0945801 1.69581 1.65958
1.5695 -1.39089 2.17258 -0.0953017 1.6954 1.66028
1.56826 -1.38887 2.17219 -0.0960234 1.695 1.66099
1.56703 -1.38684 2.17179 -0.0967451 1.69459 1.66169
1.5658 -1.38482 2.17139 -0.0974667 1.69418 1.6624
1.56457 -1.3828 2.171 -0.0981884 1.69378 1.6631
1.56334 -1.38078 2.1706 -0.09891 1.69337 1.66381
1.56211 -1.37875 2.1702 -0.0996317 1.69296 1.66452
1.56088 -1.37673 2.16981 -0.100353 1.69255 1.66522
1.55965 -1.37471 2.16941 -0.101075 1.69215 1.66593
1.55842 -1.37269 2.16902 -0.101797 1.69174 1.66663
1.55719 -1.37067 2.16862 -0.102518 1.69133 1.66734
1.55596 -1.36864 2.16822 -0.10324 1.69093 1.66804
1.55473 -1.36662 2.16783 -0.103962 1.69052 1.66875
1.55349 -1.3646 2.16743 -0.104683 1.69011 1.66945
1.55226 -1.36258 2.16703 -0.105405 1.6897 1.67016
1.55103 -1.36055 2.16664 -0.106127 1.6893 1.67087
1.5498 -1.35853 2.16624 -0.106848 1.68889 1.67157
1.54857 -1.35651 2.16585 -0.10757 1.68848 1.67228
1.54734 -1.35449 2.16545 -0.108292 1.68808 1.67298
1.54611 -1.35246 2.16505 -0.109013 1.68767 1.67369
1.54488 -1.35044 2.16466 -0.109735 1.68726 1.67439
1.54365 -1.34842 2.16426 -0.110457 1.68685 1.6751
1.54242 -1.3464 2.16386 -0.111178 1.68645 1.67581
1.54119 -1.34438 2.16347 -0.1119 1.68604 1.67651
1.53996 -1.34235 2.16307 -0.112622 1.68563 1.67722
1.53872 -1.34033 2.16268 -0.113343 1.68523 1.67792
1.53749 -1.33831 2.16228 -0.114065 1.68482 1.67863
1.53626 -1.33629 2.16188 -0.114787 1.68441 1.67933
1.53503 -1.33426 2.16149 -0.115508 1.684 1.68004
1.5338 -1.33224 2.16109 -0.11623 1.6836 1.68075
1.53257 -1.33022 2.16069 -0.116952 1.68319 1.68145
1.53134 -1.3282 2.1603 -0.117673 1.68278 1.68216
1.53011 -1.32617 2.1599 -0.118395 1.68238 1.68286
1.52888 -1.32415 2.15951 -0.119117 1.68197 1.68357
1.52765 -1.32213 2.15911 -0.119838 1.68156 1.68427
1.52642 -1.32011 2.15871 -0.12056 1.68115 1.68498
1.52519 -1.31809 2.15832 -0.121282 1.68075 1.68569
1.52395 -1.31606 2.15792 -0.122003 1.68034 1.68639
1.52272 -1.31404 2.15752 -0.122725 1.67993 1.6871
1.52149 -1.31202 2.15713 -0.123447 1.67953 1.6878
1.52026 -1.31 2.15673 -0.124168 1.67912 1.68851
1.51903 -1.30797 2.15634 -0.12489 1.67871 1.68921
1.5178 -1.30595 2.15594 -0.125612 1.6783 1.68992
1.51657 -1.30393 2.15554 -0.126333 1.6779 1.69063
1.51534 -1.30191 2.15515 -0.127055 1.67749 1.69133
1.51411 -1.29988 2.15475 -0.127777 1.67708 1.69204
1.51288 -1.29786 2.15435 -0.128498 1.67668 1.69274
1.51165 -1.29584 2.15396 -0.12922 1.67627 1.69345
1.51042 -1.29382 2.15356 -0.129942 1.67586 1.69415
1.50918 -1.2918 2.15317 -0.130663 1.67545 1.69486
1.50795 -1.28977 2.15277 -0.131385 1.67505 1.69557
1.50672 -1.28775 2.15237 -0.132107 1.67464 1.69627
1.50549 -1.28573 2.15198 -0.132828 1.67423 1.69698
1.50426 -1.28371 2.15158 -0.13355 1.67383 1.69768
1.50303 -1.28168 2.15118 -0.134272 1.67342 1.69839
1.5018 -1.27966 2.15079 -0.134993 1.67301 1.69909
1.50057 -1.27764 2.15039 -0.135715 1.6726 1.6998
1.49934 -1.27562 2.15 -0.136437 1.6722 1.7005
1.49811 -1.27359 2.1496 -0.137158 1.67179 1.70121
1.49688 -1.27157 2.1492 -0.13788 1.67138 1.70192
1.49565 -1.26955 2.14881 -0.138602 1.67098 1.70262
1.49441 -1.26753 2.14841 -0.139323 1.67057 1.70333
1.49318 -1.26551 2.14801 -0.140045 1.67016 1.70403
1.49195 -1.26348 2.14762 -0.140767 1.66975 1.70474
1.49072 -1.26146 2.14722 -0.141488 1.66935 1.70544
1.48949 -1.25944 2.14683 -0.14221 1.66894 1.70615
1.48826 -1.25742 2.14643 -0.142932 1.66853 1.70686
1.48703 -1.25539 2.14603 -0.143653 1.66813 1.70756
1.4858 -1.25337 2.14564 -0.144375 1.66772 1.70827
1.48457 -1.25135 2.14524 -0.145097 1.66731 1.70897
1.48334 -1.24933 2.14484 -0.145818 1.6669 1.70968
1.48211 -1.2473 2.14445 -0.14654 1.6665 1.71038
1.48088 -1.24528 2.14405 -0.147262 1.66609 1.71109
1.47964 -1.24326 2.14366 -0.147983 1.66568 1.7118
1.47841 -1.24124 2.14326 -0.148705 1.66528 1.7125
1.47718 -1.23922 2.14286 -0.149426 1.66487 1.71321
1.47595 -1.23719 2.14247 -0.150148 1.66446 1.71391
1.47472 -1.23517 2.14207 -0.15087 1.66405 1.71462
1.47349 -1.23315 2.14167 -0.151591 1.66365 1.71532
1.47226 -1.23113 2.14128 -0.152313 1.66324 1.71603
1.47103 -1.2291 2.14088 -0.153035 1.66283 1.71674
1.4698 -1.22708 2.14049 -0.153756 1.66243 1.71744
1.46857 -1.22506 2.14009 -0.154478 1.66202 1.71815
1.46734 -1.22304 2.13969 -0.1552 1.66161 1.71885
1.46611 -1.22101 2.1393 -0.155921 1.6612 1.71956
1.46487 -1.21899 2.1389 -0.156643 1.6608 1.72026
1.46364 -1.21697 2.1385 -0.157365 1.66039 1.72097
1.46241 -1.21495 2.13811 -0.158086 1.65998 1.72168
1.46118 -1.21293 2.13771 -0.158808 1.65958 1.72238
1.45995 -1.2109 2.13732 -0.15953 1.65917 1.72309
1.45872 -1.20888 2.13692 -0.160251 1.65876 1.72379
1.45749 -1.20686 2.13652 -0.160973 1.65835 1.7245
1.45626 -1.20484 2.13613 -0.161695 1.65795 1.7252
1.45503 -1.20281 2.13573 -0.162416 1.65754 1.72591
1.4538 -1.20079 2.13533 -0.163138 1.65713 1.72662
1.45257 -1.19877 2.13494 -0.16386 1.65673 1.72732
1.45134 -1.19675 2.13454 -0.164581 1.65632 1.72803
1.4501 -1.19472 2.13415 -0.165303 1.65591 1.72873
1.44887 -1.1927 2.13375 -0.166025 1.6555 1.72944
1.44764 -1.19068 2.13335 -0.166746 1.6551 1.73014
1.44641 -1.18866 2.13296 -0.167468 1.65469 1.73085
1.44518 -1.18664 2.13256 -0.16819 1.65428 1.73155
1.44395 -1.18461 2.13216 -0.168911 1.65388 1.73226
1.44272 -1.18259 2.13177 -0.169633 1.65347 1.73297
1.44149 -1.18057 2.13137 -0.170355 1.65306 1.73367
1.44026 -1.17855 2.13098 -0.171076 1.65265 1.73438
1.43903 -1.17652 2.13058 -0.171798 1.65225 1.73508
1.4378 -1.1745 2.13018 -0.17252 1.65184 1.73579
1.43657 -1.17248 2.12979 -0.173241 1.65143 1.73649
1.43533 -1.17046 2.12939 -0.173963 1.65103 1.7372
1.4341 -1.16843 2.12899 -0.174685 1.65062 1.73791
1.43287 -1.16641 2.1286 -0.175406 1.65021 1.73861
1.43164 -1.16439 2.1282 -0.176128 1.6498 1.73932
1.43041 -1.16237 2.12781 -0.17685 1.6494 1.74002
1.42918 -1.16035 2.12741 -0.177571 1.64899 1.74073
1.42795 -1.15832 2.12701 -0.178293 1.64858 1.74143
1.42672 -1.1563 2.12662 -0.179015 1.64818 1.74214
1.42549 -1.15428 2.12622 -0.179736 1.64777 1.74285
1.42426 -1.15226 2.12582 -0.180458 1.64736 1.74355
1.42303 -1.15023 2.12543 -0.18118 1.64695 1.74426
1.4218 -1.14821 2.12503 -0.181901 1.64655 1.74496
1.42056 -1.14619 2.12464 -0.182623 1.64614 1.74567
1.41933 -1.14417 2.12424 -0.183345 1.64573 1.74637
1.4181 -1.14214 2.12384 -0.184066 1.64533 1.74708
1.41687 -1.14012 2.12345 -0.184788 1.64492 1.74779
1.41564 -1.1381 2.12305 -0.18551 1.64451 1.74849
1.41441 -1.13608 2.12265 -0.186231 1.6441 1.7492
1.41318 -1.13406 2.12226 -0.186953 1.6437 1.7499
1.41195 -1.13203 2.12186 -0.187675 1.64329 1.75061
1.41072 -1.13001 2.12147 -0.188396 1.64288 1.75131
1.40949 -1.12799 2.12107 -0.189118 1.64248 1.75202
1.40826 -1.12597 2.12067 -0.18984 1.64207 1.75273
1.40703 -1.12394 2.12028 -0.190561 1.64166 1.75343
1.4058 -1.12192 2.11988 -0.191283 1.64125 1.75414
1.40456 -1.1199 2.11948 -0.192005 1.64085 1.75484
1.40333 -1.11788 2.11909 -0.192726 1.64044 1.75555
1.4021 -1.11585 2.11869 -0.193448 1.64003 1.75625
1.40087 -1.11383 2.1183 -0.19417 1.63963 1.75696
1.39964 -1.11181 2.1179 -0.194891 1.63922 1.75766
1.39841 -1.10979 2.1175 -0.195613 1.63881 1.75837
1.39718 -1.10777 2.11711 -0.196335 1.6384 1.75908
1.39595 -1.10574 2.11671 -0.197056 1.638 1.75978
1.39472 -1.10372 2.11631 -0.197778 1.63759 1.76049
1.39349 -1.1017 2.11592 -0.1985 1.63718 1.76119
1.39226 -1.09968 2.11552 -0.199221 1.63678 1.7619
1.39103 -1.09765 2.11513 -0.199943 1.63637 1.7626
1.38979 -1.09563 2.11473 -0.200665 1.63596 1.76331
1.38856 -1.09361 2.11433 -0.201386 1.63555 1.76402
1.38733 -1.09159 2.11394 -0.202108 1.63515 1.76472
1.3861 -1.08956 2.11354 -0.20283 1.63474 1.76543
1.38487 -1.08754 2.11314 -0.203551 1.63433 1.76613
1.38364 -1.08552 2.11275 -0.204273 1.63393 1.76684
1.38241 -1.0835 2.11235 -0.204995 1.63352 1.76754
1.38118 -1.08148 2.11196 -0.205716 1.63311 1.76825
1.37995 -1.07945 2.11156 -0.206438 1.6327 1.76896
1.37872 -1.07743 2.11116 -0.20716 1.6323 1.76966
1.37749 -1.07541 2.11077 -0.207881 1.63189 1.77037
1.37626 -1.07339 2.11037 -0.208603 1.63148 1.77107
1.37502 -1.07136 2.10997 -0.209325 1.63108 1.77178
1.37379 -1.06934 2.10958 -0.210046 1.63067 1.77248
1.37256 -1.06732 2.10918 -0.210768 1.63026 1.77319
1.37133 -1.0653 2.10879 -0.21149 1.62985 1.7739
1.3701 -1.06327 2.10839 -0.212211 1.62945 1.7746
1.36887 -1.06125 2.10799 -0.212933 1.62904 1.77531
1.36764 -1.05923 2.1076 -0.213655 1.62863 1.77601
1.36641 -1.05721 2.1072 -0.214376 1.62823 1.77672
1.36518 -1.05519 2.1068 -0.215098 1.62782 1.77742
1.36395 -1.05316 2.10641 -0.21582 1.62741 1.77813
1.36272 -1.05114 2.10601 -0.216541 1.627 1.77884
1.36149 -1.04912 2.10562 -0.217263 1.6266 1.77954
1.36025 -1.0471 2.10522 -0.217985 1.62619 1.78025
1.35902 -1.04507 2.10482 -0.218706 1.62578 1.78095
1.35779 -1.04305 2.10443 -0.219428 1.62538 1.78166
1.35656 -1.04103 2.10403 -0.22015 1.62497 1.78236
1.35533 -1.03901 2.10363 -0.220871 1.62456 1.78307
1.3541 -1.03698 2.10324 -0.221593 1.62415 1.78378
1.35287 -1.03496 2.10284 -0.222315 1.62375 1.78448
1.35164 -1.03294 2.10245 -0.223036 1.62334 1.78519
1.35041 -1.03092 2.10205 -0.223758 1.62293 1.78589
1.34918 -1.0289 2.10165 -0.22448 1.62253 1.7866
1.34795 -1.02687 2.10126 -0.225201 1.62212 1.7873
1.34672 -1.02485 2.10086 -0.225923 1.62171 1.78801
1.34548 -1.02283 2.10046 -0.226644 1.6213 1.78871
1.34425 -1.02081 2.10007 -0.227366 1.6209 1.78942
1.34302 -1.01878 2.09967 -0.228088 1.62049 1.79013
1.34179 -1.01676 2.09928 -0.228809 1.62008 1.79083
1.34056 -1.01474 2.09888 -0.229531 1.61968 1.79154
1.33933 -1.01272 2.09848 -0.230253 1.61927 1.79224
1.3381 -1.01069 2.09809 -0.230974 1.61886 1.79295
1.33687 -1.00867 2.09769 -0.231696 1.61845 1.79365
1.33564 -1.00665 2.09729 -0.232418 1.61805 1.79436
1.33441 -1.00463 2.0969 -0.233139 1.61764 1.79507
1.33318 -1.00261 2.0965 -0.233861 1.61723 1.79577
1.33195 -1.00058 2.09611 -0.234583 1.61683 1.79648
1.33071 -0.998561 2.09571 -0.235304 1.61642 1.79718
1.32948 -0.996539 2.09531 -0.236026 1.61601 1.79789
1.32825 -0.994516 2.09492 -0.236748 1.6156 1.79859
1.32702 -0.992494 2.09452 -0.237469 1.6152 1.7993
1.32579 -0.990472 2.09412 -0.238191 1.61479 1.80001
1.32456 -0.988449 2.09373 -0.238913 1.61438 1.80071
1.32333 -0.986427 2.09333 -0.239634 1.61398 1.80142
1.3221 -0.984405 2.09294 -0.240356 1.61357 1.80212
1.32087 -0.982383 2.09254 -0.241078 1.61316 1.80283
1.31964 -0.98036 2.09214 -0.241799 1.61275 1.80353
1.31841 -0.978338 2.09175 -0.242521 1.61235 1.80424
1.31718 -0.976316 2.09135 -0.243243 1.61194 1.80495
1.31594 -0.974293 2.09095 -0.243964 1.61153 1.80565
1.31471 -0.972271 2.09056 -0.244686 1.61113 1.80636
1.31348 -0.970249 2.09016 -0.245408 1.61072 1.80706
1.31225 -0.968226 2.08977 -0.246129 1.61031 1.80777
1.31102 -0.966204 2.08937 -0.246851 1.6099 1.80847
1.30979 -0.964182 2.08897 -0.247573 1.6095 1.80918
1.30856 -0.962159 2.08858 -0.248294 1.60909 1.80989
1.30733 -0.960137 2.08818 -0.249016 1.60868 1.81059
1.3061 -0.958115 2.08778 -0.249738 1.60828 1.8113
1.30487 -0.956093 2.08739 -0.250459 1.60787 1.812
1.30364 -0.95407 2.08699 -0.251181 1.60746 1.81271
1.30241 -0.952048 2.0866 -0.251903 1.60705 1.81341
1.30117 -0.950026 2.0862 -0.252624 1.60665 1.81412
1.29994 -0.948003 2.0858 -0.253346 1.60624 1.81482
1.29871 -0.945981 2.08541 -0.254068 1.60583 1.81553
1.29748 -0.943959 2.08501 -0.254789 1.60543 1.81624
1.29625 -0.941936 2.08461 -0.255511 1.60502 1.81694
1.29502 -0.939914 2.08422 -0.256233 1.60461 1.81765
1.29379 -0.937892 2.08382 -0.256954 1.6042 1.81835
1.29256 -0.935869 2.08343 -0.257676 1.6038 1.81906
1.29133 -0.933847 2.08303 -0.258398 1.60339 1.81976
1.2901 -0.931825 2.08263 -0.259119 1.60298 1.82047
1.28887 -0.929803 2.08224 -0.259841 1.60258 1.82118
1.28764 -0.92778 2.08184 -0.260563 1.60217 1.82188
1.2864 -0.925758 2.08144 -0.261284 1.60176 1.82259
1.28517 -0.923736 2.08105 -0.262006 1.60135 1.82329
1.28394 -0.921713 2.08065 -0.262728 1.60095 1.824
1.28271 -0.919691 2.08026 -0.263449 1.60054 1.8247
1.28148 -0.917669 2.07986 -0.264171 1.60013 1.82541
1.28025 -0.915646 2.07946 -0.264893 1.59973 1.82612
1.27902 -0.913624 2.07907 -0.265614 1.59932 1.82682
1.27779 -0.911602 2.07867 -0.266336 1.59891 1.82753
1.27656 -0.909579 2.07827 -0.267058 1.5985 1.82823
1.27533 -0.907557 2.07788 -0.267779 1.5981 1.82894
1.2741 -0.905535 2.07748 -0.268501 1.59769 1.82964
1.27287 -0.903513 2.07709 -0.269223 1.59728 1.83035
1.27163 -0.90149 2.07669 -0.269944 1.59688 1.83106
1.2704 -0.899468 2.07629 -0.270666 1.59647 1.83176
1.26917 -0.897446 2.0759 -0.271388 1.59606 1.83247
1.26794 -0.895423 2.0755 -0.272109 1.59565 1.83317
1.26671 -0.893401 2.0751 -0.272831 1.59525 1.83388
1.26548 -0.891379 2.07471 -0.273553 1.59484 1.83458
1.26425 -0.889356 2.07431 -0.274274 1.59443 1.83529
1.26302 -0.887334 2.07392 -0.274996 1.59403 1.836
1.26179 -0.885312 2.07352 -0.275718 1.59362 1.8367
1.26056 -0.88329 2.07312 -0.276439 1.59321 1.83741
1.25933 -0.881267 2.07273 -0.277161 1.5928 1.83811
1.2581 -0.879245 2.07233 -0.277883 1.5924 1.83882
1.25686 -0.877223 2.07193 -0.278604 1.59199 1.83952
1.25563 -0.8752 2.07154 -0.279326 1.59158 1.84023
1.2544 -0.873178 2.07114 -0.280048 1.59118 1.84094
1.25317 -0.871156 2.07075 -0.280769 1.59077 1.84164
1.25194 -0.869133 2.07035 -0.281491 1.59036 1.84235
1.25071 -0.867111 2.06995 -0.282213 1.58995 1.84305
1.24948 -0.865089 2.06956 -0.282934 1.58955 1.84376
1.24825 -0.863066 2.06916 -0.283656 1.58914 1.84446
1.24702 -0.861044 2.06876 -0.284378 1.58873 1.84517
1.24579 -0.859022 2.06837 -0.285099 1.58833 1.84587
1.24456 -0.857 2.06797 -0.285821 1.58792 1.84658
1.24333 -0.854977 2.06758 -0.286543 1.58751 1.84729
1.24209 -0.852955 2.06718 -0.287264 1.5871 1.84799
1.24086 -0.850933 2.06678 -0.287986 1.5867 1.8487
1.23963 -0.84891 2.06639 -0.288708 1.58629 1.8494
1.2384 -0.846888 2.06599 -0.289429 1.58588 1.85011
1.23717 -0.844866 2.06559 -0.290151 1.58548 1.85081
1.23594 -0.842843 2.0652 -0.290873 1.58507 1.85152
1.23471 -0.840821 2.0648 -0.291594 1.58466 1.85223
1.23348 -0.838799 2.06441 -0.292316 1.58425 1.85293
1.23225 -0.836776 2.06401 -0.293038 1.58385 1.85364
1.23102 -0.834754 2.06361 -0.293759 1.58344 1.85434
1.22979 -0.832732 2.06322 -0.294481 1.58303 1.85505
1.22856 -0.83071 2.06282 -0.295203 1.58263 1.85575
1.22733 -0.828687 2.06242 -0.295924 1.58222 1.85646
1.22609 -0.826665 2.06203 -0.296646 1.58181 1.85717
1.22486 -0.824643 2.06163 -0.297368 1.5814 1.85787
1.22363 -0.82262 2.06124 -0.298089 1.581 1.85858
1.2224 -0.820598 2.06084 -0.298811 1.58059 1.85928
1.22117 -0.818576 2.06044 -0.299533 1.58018 1.85999
1.21994 -0.816553 2.06005 -0.300254 1.57978 1.86069
1.21871 -0.814531 2.05965 -0.300976 1.57937 1.8614
1.21748 -0.812509 2.05925 -0.301697 1.57896 1.86211
1.21625 -0.810486 2.05886 -0.302419 1.57855 1.86281
1.21502 -0.808464 2.05846 -0.303141 1.57815 1.86352
1.21379 -0.806442 2.05807 -0.303862 1.57774 1.86422
1.21256 -0.80442 2.05767 -0.304584 1.57733 1.86493
1.21132 -0.802397 2.05727 -0.305306 1.57693 1.86563
1.21009 -0.800375 2.05688 -0.306027 1.57652 1.86634
1.20886 -0.798353 2.05648 -0.306749 1.57611 1.86705
1.20763 -0.79633 2.05608 -0.307471 1.5757 1.86775
1.2064 -0.794308 2.05569 -0.308192 1.5753 1.86846
1.20517 -0.792286 2.05529 -0.308914 1.57489 1.86916
1.20394 -0.790263 2.0549 -0.309636 1.57448 1.86987
1.20271 -0.788241 2.0545 -0.310357 1.57408 1.87057
1.20148 -0.786219 2.0541 -0.311079 1.57367 1.87128
1.20025 -0.784197 2.05371 -0.311801 1.57326 1.87198
1.19902 -0.782174 2.05331 -0.312522 1.57285 1.87269
1.19779 -0.780152 2.05291 -0.313244 1.57245 1.8734
1.19655 -0.77813 2.05252 -0.313966 1.57204 1.8741
1.19532 -0.776107 2.05212 -0.314687 1.57163 1.87481
1.19409 -0.774085 2.05173 -0.315409 1.57123 1.87551
1.19286 -0.772063 2.05133 -0.316131 1.57082 1.87622
1.19163 -0.77004 2.05093 -0.316852 1.57041 1.87692
1.1904 -0.768018 2.05054 -0.317574 1.57 1.87763
1.18917 -0.765996 2.05014 -0.318296 1.5696 1.87834
1.18794 -0.763973 2.04974 -0.319017 1.56919 1.87904
1.18671 -0.761951 2.04935 -0.319739 1.56878 1.87975
1.18548 -0.759929 2.04895 -0.320461 1.56838 1.88045
1.18425 -0.757907 2.04856 -0.321182 1.56797 1.88116
1.18302 -0.755884 2.04816 -0.321904 1.56756 1.88186
1.18178 -0.753862 2.04776 -0.322626 1.56715 1.88257
1.18055 -0.75184 2.04737 -0.323347 1.56675 1.88328
1.17932 -0.749817 2.04697 -0.324069 1.56634 1.88398
1.17809 -0.747795 2.04657 -0.324791 1.56593 1.88469
1.17686 -0.745773 2.04618 -0.325512 1.56553 1.88539
1.17563 -0.74375 2.04578 -0.326234 1.56512 1.8861
1.1744 -0.741728 2.04539 -0.326956 1.56471 1.8868
1.17317 -0.739706 2.04499 -0.327677 1.5643 1.88751
1.17194 -0.737683 2.04459 -0.328399 1.5639 1.88822
1.17071 -0.735661 2.0442 -0.329121 1.56349 1.88892
1.16948 -0.733639 2.0438 -0.329842 1.56308 1.88963
1.16825 -0.731617 2.0434 -0.330564 1.56268 1.89033
1.16701 -0.729594 2.04301 -0.331286 1.56227 1.89104
1.16578 -0.727572 2.04261 -0.332007 1.56186 1.89174
1.16455 -0.72555 2.04222 -0.332729 1.56145 1.89245
1.16332 -0.723527 2.04182 -0.333451 1.56105 1.89316
1.16209 -0.721505 2.04142 -0.334172 1.56064 1.89386
1.16086 -0.719483 2.04103 -0.334894 1.56023 1.89457
1.15963 -0.71746 2.04063 -0.335616 1.55983 1.89527
1.1584 -0.715438 2.04023 -0.336337 1.55942 1.89598
1.15717 -0.713416 2.03984 -0.337059 1.55901 1.89668
1.15594 -0.711393 2.03944 -0.337781 1.5586 1.89739
1.15471 -0.709371 2.03905 -0.338502 1.5582 1.8981
1.15348 -0.707349 2.03865 -0.339224 1.55779 1.8988
1.15224 -0.705327 2.03825 -0.339946 1.55738 1.89951
1.15101 -0.703304 2.03786 -0.340667 1.55698 1.90021
1.14978 -0.701282 2.03746 -0.341389 1.55657 1.90092
1.14855 -0.69926 2.03706 -0.342111 1.55616 1.90162
1.14732 -0.697237 2.03667 -0.342832 1.55575 1.90233
1.14609 -0.695215 2.03627 -0.343554 1.55535 1.90303
1.14486 -0.693193 2.03588 -0.344276 1.55494 1.90374
1.14363 -0.69117 2.03548 -0.344997 1.55453 1.90445
1.1424 -0.689148 2.03508 -0.345719 1.55413 1.90515
1.14117 -0.687126 2.03469 -0.346441 1.55372 1.90586
1.13994 -0.685104 2.03429 -0.347162 1.55331 1.90656
1.13871 -0.683081 2.03389 -0.347884 1.5529 1.90727
1.13747 -0.681059 2.0335 -0.348606 1.5525 1.90797
1.13624 -0.679037 2.0331 -0.349327 1.55209 1.90868
1.13501 -0.677014 2.03271 -0.350049 1.55168 1.90939
1.13378 -0.674992 2.03231 -0.350771 1.55128 1.91009
1.13255 -0.67297 2.03191 -0.351492 1.55087 1.9108
1.13132 -0.670947 2.03152 -0.352214 1.55046 1.9115
1.13009 -0.668925 2.03112 -0.352936 1.55005 1.91221
1.12886 -0.666903 2.03072 -0.353657 1.54965 1.91291
1.12763 -0.66488 2.03033 -0.354379 1.54924 1.91362
1.1264 -0.662858 2.02993 -0.355101 1.54883 1.91433
1.12517 -0.660836 2.02954 -0.355822 1.54843 1.91503
1.12394 -0.658814 2.02914 -0.356544 1.54802 1.91574
1.1227 -0.656791 2.02874 -0.357266 1.54761 1.91644
1.12147 -0.654769 2.02835 -0.357987 1.5472 1.91715
1.12024 -0.652747 2.02795 -0.358709 1.5468 1.91785
1.11901 -0.650724 2.02755 -0.359431 1.54639 1.91856
1.11778 -0.648702 2.02716 -0.360152 1.54598 1.91927
1.11655 -0.64668 2.02676 -0.360874 1.54558 1.91997
1.11532 -0.644657 2.02637 -0.361596 1.54517 1.92068
1.11409 -0.642635 2.02597 -0.362317 1.54476 1.92138
1.11286 -0.640613 2.02557 -0.363039 1.54435 1.92209
1.11163 -0.63859 2.02518 -0.363761 1.54395 1.92279
1.1104 -0.636568 2.02478 -0.364482 1.54354 1.9235
1.10917 -0.634546 2.02438 -0.365204 1.54313 1.92421
1.10793 -0.632524 2.02399 -0.365926 1.54273 1.92491
1.1067 -0.630501 2.02359 -0.366647 1.54232 1.92562
1.10547 -0.628479 2.0232 -0.367369 1.54191 1.92632
1.10424 -0.626457 2.0228 -0.368091 1.5415 1.92703
1.10301 -0.624434 2.0224 -0.368812 1.5411 1.92773
1.10178 -0.622412 2.02201 -0.369534 1.54069 1.92844
1.10055 -0.62039 2.02161 -0.370256 1.54028 1.92915
1.09932 -0.618367 2.02121 -0.370977 1.53988 1.92985
1.09809 -0.616345 2.02082 -0.371699 1.53947 1.93056
1.09686 -0.614323 2.02042 -0.372421 1.53906 1.93126
1.09563 -0.6123 2.02003 -0.373142 1.53865 1.93197
1.0944 -0.610278 2.01963 -0.373864 1.53825 1.93267
1.09316 -0.608256 2.01923 -0.374586 1.53784 1.93338
1.09193 -0.606234 2.01884 -0.375307 1.53743 1.93408
1.0907 -0.604211 2.01844 -0.376029 1.53703 1.93479
1.08947 -0.602189 2.01804 -0.376751 1.53662 1.9355
1.08824 -0.600167 2.01765 -0.377472 1.53621 1.9362
1.08701 -0.598144 2.01725 -0.378194 1.5358 1.93691
1.08578 -0.596122 2.01686 -0.378915 1.5354 1.93761
1.08455 -0.5941 2.01646 -0.379637 1.53499 1.93832
1.08332 -0.592077 2.01606 -0.380359 1.53458 1.93902
1.08209 -0.590055 2.01567 -0.38108 1.53418 1.93973
1.08086 -0.588033 2.01527 -0.381802 1.53377 1.94044
1.07963 -0.586011 2.01487 -0.382524 1.53336 1.94114
1.07839 -0.583988 2.01448 -0.383245 1.53295 1.94185
1.07716 -0.581966 2.01408 -0.383967 1.53255 1.94255
1.07593 -0.579944 2.01369 -0.384689 1.53214 1.94326
1.0747 -0.577921 2.01329 -0.38541 1.53173 1.94396
1.07347 -0.575899 2.01289 -0.386132 1.53133 1.94467
1.07224 -0.573877 2.0125 -0.386854 1.53092 1.94538
1.07101 -0.571854 2.0121 -0.387575 1.53051 1.94608
1.06978 -0.569832 2.0117 -0.388297 1.5301 1.94679
1.06855 -0.56781 2.01131 -0.389019 1.5297 1.94749
1.06732 -0.565787 2.01091 -0.38974 1.52929 1.9482
1.06609 -0.563765 2.01052 -0.390462 1.52888 1.9489
1.06486 -0.561743 2.01012 -0.391184 1.52848 1.94961
1.06362 -0.559721 2.00972 -0.391905 1.52807 1.95032
1.06239 -0.557698 2.00933 -0.392627 1.52766 1.95102
1.06116 -0.555676 2.00893 -0.393349 1.52725 1.95173
1.05993 -0.553654 2.00853 -0.39407 1.52685 1.95243
1.0587 -0.551631 2.00814 -0.394792 1.52644 1.95314
1.05747 -0.549609 2.00774 -0.395514 1.52603 1.95384
1.05624 -0.547587 2.00735 -0.396235 1.52563 1.95455
1.05501 -0.545564 2.00695 -0.396957 1.52522 1.95526
1.05378 -0.543542 2.00655 -0.397679 1.52481 1.95596
1.05255 -0.54152 2.00616 -0.3984 1.5244 1.95667
1.05132 -0.539497 2.00576 -0.399122 1.524 1.95737
1.05009 -0.537475 2.00536 -0.399844 1.52359 1.95808
1.04886 -0.535453 2.00497 -0.400565 1.52318 1.95878
1.04762 -0.533431 2.00457 -0.401287 1.52278 1.95949
1.04639 -0.531408 2.00418 -0.402009 1.52237 1.96019
1.04516 -0.529386 2.00378 -0.40273 1.52196 1.9609
1.04393 -0.527364 2.00338 -0.403452 1.52155 1.96161
1.0427 -0.525341 2.00299 -0.404174 1.52115 1.96231
1.04147 -0.523319 2.00259 -0.404895 1.52074 1.96302
1.04024 -0.521297 2.00219 -0.405617 1.52033 1.96372
1.03901 -0.519274 2.0018 -0.406339 1.51993 1.96443
1.03778 -0.517252 2.0014 -0.40706 1.51952 1.96513
1.03655 -0.51523 2.00101 -0.407782 1.51911 1.96584
1.03532 -0.513207 2.00061 -0.408504 1.5187 1.96655
1.03409 -0.511185 2.00021 -0.409225 1.5183 1.96725
1.03285 -0.509163 1.99982 -0.409947 1.51789 1.96796
1.03162 -0.507141 1.99942 -0.410669 1.51748 1.96866
1.03039 -0.505118 1.99902 -0.41139 1.51708 1.96937
1.02916 -0.503096 1.99863 -0.412112 1.51667 1.97007
1.02793 -0.501074 1.99823 -0.412834 1.51626 1.97078
1.0267 -0.499051 1.99784 -0.413555 1.51585 1.97149
1.02547 -0.497029 1.99744 -0.414277 1.51545 1.97219
1.02424 -0.495007 1.99704 -0.414999 1.51504 1.9729
1.02301 -0.492984 1.99665 -0.41572 1.51463 1.9736
1.02178 -0.490962 1.99625 -0.416442 1.51423 1.97431
1.02055 -0.48894 1.99585 -0.417164 1.51382 1.97501
1.01932 -0.486917 1.99546 -0.417885 1.51341 1.97572
1.01808 -0.484895 1.99506 -0.418607 1.513 1.97643
1.01685 -0.482873 1.99467 -0.419329 1.5126 1.97713
1.01562 -0.480851 1.99427 -0.42005 1.51219 1.97784
1.01439 -0.478828 1.99387 -0.420772 1.51178 1.97854
1.01316 -0.476806 1.99348 -0.421494 1.51138 1.97925
1.01193 -0.474784 1.99308 -0.422215 1.51097 1.97995
1.0107 -0.472761 1.99268 -0.422937 1.51056 1.98066
1.00947 -0.470739 1.99229 -0.423659 1.51015 1.98137
1.00824 -0.468717 1.99189 -0.42438 1.50975 1.98207
1.00701 -0.466694 1.9915 -0.425102 1.50934 1.98278
1.00578 -0.464672 1.9911 -0.425824 1.50893 1.98348
1.00455 -0.46265 1.9907 -0.426545 1.50853 1.98419
1.00331 -0.460628 1.99031 -0.427267 1.50812 1.98489
1.00208 -0.458605 1.98991 -0.427989 1.50771 1.9856
1.00085 -0.456583 1.98951 -0.42871 1.5073 1.98631
0.999622 -0.454561 1.98912 -0.429432 1.5069 1.98701
0.998391 -0.452538 1.98872 -0.430154 1.50649 1.98772
0.99716 -0.450516 1.98833 -0.430875 1.50608 1.98842
0.995929 -0.448494 1.98793 -0.431597 1.50568 1.98913
0.994699 -0.446471 1.98753 -0.432319 1.50527 1.98983
0.993468 -0.444449 1.98714 -0.43304 1.50486 1.99054
0.992237 -0.442427 1.98674 -0.433762 1.50445 1.99124
0.991006 -0.440404 1.98634 -0.434484 1.50405 1.99195
0.989775 -0.438382 1.98595 -0.435205 1.50364 1.99266
0.988545 -0.43636 1.98555 -0.435927 1.50323 1.99336
0.987314 -0.434338 1.98516 -0.436649 1.50283 1.99407
0.986083 -0.432315 1.98476 -0.43737 1.50242 1.99477
0.984852 -0.430293 1.98436 -0.438092 1.50201 1.99548
0.983621 -0.428271 1.98397 -0.438814 1.5016 1.99618
0.98239 -0.426248 1.98357 -0.439535 1.5012 1.99689
0.98116 -0.424226 1.98317 -0.440257 1.50079 1.9976
0.979929 -0.422204 1.98278 -0.440979 1.50038 1.9983
0.978698 -0.420181 1.98238 -0.4417 1.49998 1.99901
0.977467 -0.418159 1.98199 -0.442422 1.49957 1.99971
0.976236 -0.416137 1.98159 -0.443144 1.49916 2.00042
0.975005 -0.414114 1.98119 -0.443865 1.49875 2.00112
0.973775 -0.412092 1.9808 -0.444587 1.49835 2.00183
0.972544 -0.41007 1.9804 -0.445309 1.49794 2.00254
0.971313 -0.408048 1.98 -0.44603 1.49753 2.00324
0.970082 -0.406025 1.97961 -0.446752 1.49713 2.00395
0.968851 -0.404003 1.97921 -0.447474 1.49672 2.00465
0.96762 -0.401981 1.97882 -0.448195 1.49631 2.00536
0.96639 -0.399958 1.97842 -0.448917 1.4959 2.00606
0.965159 -0.397936 1.97802 -0.449639 1.4955 2.00677
0.963928 -0.395914 1.97763 -0.45036 1.49509 2.00748
0.962697 -0.393891 1.97723 -0.451082 1.49468 2.00818
0.961466 -0.391869 1.97683 -0.451804 1.49428 2.00889
0.960235 -0.389847 1.97644 -0.452525 1.49387 2.00959
0.959005 -0.387824 1.97604 -0.453247 1.49346 2.0103
0.957774 -0.385802 1.97565 -0.453968 1.49305 2.011
0.956543 -0.38378 1.97525 -0.45469 1.49265 2.01171
0.955312 -0.381758 1.97485 -0.455412 1.49224 2.01242
0.954081 -0.379735 1.97446 -0.456133 1.49183 2.01312
0.952851 -0.377713 1.97406 -0.456855 1.49143 2.01383
0.95162 -0.375691 1.97366 -0.457577 1.49102 2.01453
0.950389 -0.373668 1.97327 -0.458298 1.49061 2.01524
0.949158 -0.371646 1.97287 -0.45902 1.4902 2.01594
0.947927 -0.369624 1.97248 -0.459742 1.4898 2.01665
0.946696 -0.367601 1.97208 -0.460463 1.48939 2.01735
0.945466 -0.365579 1.97168 -0.461185 1.48898 2.01806
0.944235 -0.363557 1.97129 -0.461907 1.48858 2.01877
0.943004 -0.361535 1.97089 -0.462628 1.48817 2.01947
0.941773 -0.359512 1.97049 -0.46335 1.48776 2.02018
0.940542 -0.35749 1.9701 -0.464072 1.48735 2.02088
0.939311 -0.355468 1.9697 -0.464793 1.48695 2.02159
0.938081 -0.353445 1.96931 -0.465515 1.48654 2.02229
0.93685 -0.351423 1.96891 -0.466237 1.48613 2.023
0.935619 -0.349401 1.96851 -0.466958 1.48573 2.02371
0.934388 -0.347378 1.96812 -0.46768 1.48532 2.02441
0.933157 -0.345356 1.96772 -0.468402 1.48491 2.02512
0.931926 -0.343334 1.96732 -0.469123 1.4845 2.02582
0.930696 -0.341311 1.96693 -0.469845 1.4841 2.02653
0.929465 -0.339289 1.96653 -0.470567 1.48369 2.02723
0.928234 -0.337267 1.96614 -0.471288 1.48328 2.02794
0.927003 -0.335245 1.96574 -0.47201 1.48288 2.02865
0.925772 -0.333222 1.96534 -0.472732 1.48247 2.02935
0.924541 -0.3312 1.96495 -0.473453 1.48206 2.03006
0.923311 -0.329178 1.96455 -0.474175 1.48165 2.03076
0.92208 -0.327155 1.96415 -0.474897 1.48125 2.03147
0.920849 -0.325133 1.96376 -0.475618 1.48084 2.03217
0.919618 -0.323111 1.96336 -0.47634 1.48043 2.03288
0.918387 -0.321088 1.96297 -0.477062 1.48003 2.03359
0.917157 -0.319066 1.96257 -0.477783 1.47962 2.03429
0.915926 -0.317044 1.96217 -0.478505 1.47921 2.035
0.914695 -0.315021 1.96178 -0.479227 1.4788 2.0357
0.913464 -0.312999 1.96138 -0.479948 1.4784 2.03641
0.912233 -0.310977 1.96098 -0.48067 1.47799 2.03711
0.911002 -0.308955 1.96059 -0.481392 1.47758 2.03782
0.909772 -0.306932 1.96019 -0.482113 1.47718 2.03853
0.908541 -0.30491 1.9598 -0.482835 1.47677 2.03923
0.90731 -0.302888 1.9594 -0.483557 1.47636 2.03994
0.906079 -0.300865 1.959 -0.484278 1.47595 2.04064
0.904848 -0.298843 1.95861 -0.485 1.47555 2.04135
0.903617 -0.296821 1.95821 -0.485722 1.47514 2.04205
0.902387 -0.294798 1.95781 -0.486443 1.47473 2.04276
0.901156 -0.292776 1.95742 -0.487165 1.47433 2.04347
0.899925 -0.290754 1.95702 -0.487887 1.47392 2.04417
0.898694 -0.288731 1.95663 -0.488608 1.47351 2.04488
0.897463 -0.286709 1.95623 -0.48933 1.4731 2.04558
0.896232 -0.284687 1.95583 -0.490052 1.4727 2.04629
0.895002 -0.282665 1.95544 -0.490773 1.47229 2.04699
0.893771 -0.280642 1.95504 -0.491495 1.47188 2.0477
0.89254 -0.27862 1.95464 -0.492217 1.47148 2.0484
0.891309 -0.276598 1.95425 -0.492938 1.47107 2.04911
0.890078 -0.274575 1.95385 -0.49366 1.47066 2.04982
0.888848 -0.272553 1.95346 -0.494382 1.47025 2.05052
0.887617 -0.270531 1.95306 -0.495103 1.46985 2.05123
0.886386 -0.268508 1.95266 -0.495825 1.46944 2.05193
0.885155 -0.266486 1.95227 -0.496547 1.46903 2.05264
0.883924 -0.264464 1.95187 -0.497268 1.46863 2.05334
0.882693 -0.262442 1.95147 -0.49799 1.46822 2.05405
0.881463 -0.260419 1.95108 -0.498712 1.46781 2.05476
0.880232 -0.258397 1.95068 -0.499433 1.4674 2.05546
0.879001 -0.256375 1.95029 -0.500155 1.467 2.05617
0.87777 -0.254352 1.94989 -0.500877 1.46659 2.05687
0.876539 -0.25233 1.94949 -0.501598 1.46618 2.05758
0.875308 -0.250308 1.9491 -0.50232 1.46578 2.05828
0.874078 -0.248285 1.9487 -0.503042 1.46537 2.05899
0.872847 -0.246263 1.9483 -0.503763 1.46496 2.0597
0.871616 -0.244241 1.94791 -0.504485 1.46455 2.0604
0.870385 -0.242218 1.94751 -0.505207 1.46415 2.06111
0.869154 -0.240196 1.94712 -0.505928 1.46374 2.06181
0.867923 -0.238174 1.94672 -0.50665 1.46333 2.06252
0.866693 -0.236152 1.94632 -0.507372 1.46293 2.06322
0.865462 -0.234129 1.94593 -0.508093 1.46252 2.06393
0.864231 -0.232107 1.94553 -0.508815 1.46211 2.06464
0.863 -0.230085 1.94513 -0.509537 1.4617 2.06534
0.861769 -0.228062 1.94474 -0.510258 1.4613 2.06605
0.860538 -0.22604 1.94434 -0.51098 1.46089 2.06675
0.859308 -0.224018 1.94395 -0.511702 1.46048 2.06746
0.858077 -0.221995 1.94355 -0.512423 1.46008 2.06816
0.856846 -0.219973 1.94315 -0.513145 1.45967 2.06887
0.855615 -0.217951 1.94276 -0.513867 1.45926 2.06958
0.854384 -0.215928 1.94236 -0.514588 1.45885 2.07028
0.853154 -0.213906 1.94196 -0.51531 1.45845 2.07099
0.851923 -0.211884 1.94157 -0.516032 1.45804 2.07169
0.850692 -0.209862 1.94117 -0.516753 1.45763 2.0724
0.849461 -0.207839 1.94078 -0.517475 1.45723 2.0731
0.84823 -0.205817 1.94038 -0.518197 1.45682 2.07381
0.846999 -0.203795 1.93998 -0.518918 1.45641 2.07452
0.845769 -0.201772 1.93959 -0.51964 1.456 2.07522
0.844538 -0.19975 1.93919 -0.520362 1.4556 2.07593
0.843307 -0.197728 1.93879 -0.521083 1.45519 2.07663
0.842076 -0.195705 1.9384 -0.521805 1.45478 2.07734
0.840845 -0.193683 1.938 -0.522527 1.45438 2.07804
0.839614 -0.191661 1.93761 -0.523248 1.45397 2.07875
0.838384 -0.189638 1.93721 -0.52397 1.45356 2.07945
0.837153 -0.187616 1.93681 -0.524692 1.45315 2.08016
0.835922 -0.185594 1.93642 -0.525413 1.45275 2.08087
0.834691 -0.183572 1.93602 -0.526135 1.45234 2.08157
0.83346 -0.181549 1.93562 -0.526857 1.45193 2.08228
0.832229 -0.179527 1.93523 -0.527578 1.45153 2.08298
0.830999 -0.177505 1.93483 -0.5283 1.45112 2.08369
0.829768 -0.175482 1.93444 -0.529022 1.45071 2.08439
0.828537 -0.17346 1.93404 -0.529743 1.4503 2.0851
0.827306 -0.171438 1.93364 -0.530465 1.4499 2.08581
0.826075 -0.169415 1.93325 -0.531186 1.44949 2.08651
0.824844 -0.167393 1.93285 -0.531908 1.44908 2.08722
0.823614 -0.165371 1.93245 -0.53263 1.44868 2.08792
0.822383 -0.163349 1.93206 -0.533351 1.44827 2.08863
0.821152 -0.161326 1.93166 -0.534073 1.44786 2.08933
0.819921 -0.159304 1.93127 -0.534795 1.44745 2.09004
0.81869 -0.157282 1.93087 -0.535516 1.44705 2.09075
0.81746 -0.155259 1.93047 -0.536238 1.44664 2.09145
0.816229 -0.153237 1.93008 -0.53696 1.44623 2.09216
0.814998 -0.151215 1.92968 -0.537681 1.44583 2.09286
0.813767 -0.149192 1.92928 -0.538403 1.44542 2.09357
0.812536 -0.14717 1.92889 -0.539125 1.44501 2.09427
0.811305 -0.145148 1.92849 -0.539846 1.4446 2.09498
0.810075 -0.143125 1.9281 -0.540568 1.4442 2.09569
0.808844 -0.141103 1.9277 -0.54129 1.44379 2.09639
0.807613 -0.139081 1.9273 -0.542011 1.44338 2.0971
0.806382 -0.137059 1.92691 -0.542733 1.44298 2.0978
0.805151 -0.135036 1.92651 -0.543455 1.44257 2.09851
0.80392 -0.133014 1.92611 -0.544176 1.44216 2.09921
0.80269 -0.130992 1.92572 -0.544898 1.44175 2.09992
0.801459 -0.128969 1.92532 -0.54562 1.44135 2.10063
0.800228 -0.126947 1.92493 -0.546341 1.44094 2.10133
0.798997 -0.124925 1.92453 -0.547063 1.44053 2.10204
0.797766 -0.122902 1.92413 -0.547785 1.44013 2.10274
0.796535 -0.12088 1.92374 -0.548506 1.43972 2.10345
0.795305 -0.118858 1.92334 -0.549228 1.43931 2.10415
0.794074 -0.116835 1.92294 -0.54995 1.4389 2.10486
0.792843 -0.114813 1.92255 -0.550671 1.4385 2.10556
0.791612 -0.112791 1.92215 -0.551393 1.43809 2.10627
0.790381 -0.110769 1.92176 -0.552115 1.43768 2.10698
0.78915 -0.108746 1.92136 -0.552836 1.43728 2.10768
0.78792 -0.106724 1.92096 -0.553558 1.43687 2.10839
0.786689 -0.104702 1.92057 -0.55428 1.43646 2.10909
0.785458 -0.102679 1.92017 -0.555001 1.43605 2.1098
0.784227 -0.100657 1.91977 -0.555723 1.43565 2.1105
0.782996 -0.0986347 1.91938 -0.556445 1.43524 2.11121
0.781766 -0.0966124 1.91898 -0.557166 1.43483 2.11192
0.780535 -0.0945901 1.91859 -0.557888 1.43443 2.11262
0.779304 -0.0925678 1.91819 -0.55861 1.43402 2.11333
0.778073 -0.0905455 1.91779 -0.559331 1.43361 2.11403
0.776842 -0.0885232 1.9174 -0.560053 1.4332 2.11474
0.775611 -0.0865009 1.917 -0.560775 1.4328 2.11544
0.774381 -0.0844786 1.9166 -0.561496 1.43239 2.11615
0.77315 -0.0824563 1.91621 -0.562218 1.43198 2.11686
0.771919 -0.080434 1.91581 -0.56294 1.43158 2.11756
0.770688 -0.0784117 1.91542 -0.563661 1.43117 2.11827
0.769457 -0.0763893 1.91502 -0.564383 1.43076 2.11897
0.768226 -0.074367 1.91462 -0.565105 1.43035 2.11968
0.766996 -0.0723447 1.91423 -0.565826 1.42995 2.12038
0.765765 -0.0703224 1.91383 -0.566548 1.42954 2.12109
0.764534 -0.0683001 1.91343 -0.56727 1.42913 2.1218
0.763303 -0.0662778 1.91304 -0.567991 1.42873 2.1225
0.762072 -0.0642555 1.91264 -0.568713 1.42832 2.12321
0.760841 -0.0622332 1.91225 -0.569435 1.42791 2.12391
0.759611 -0.0602109 1.91185 -0.570156 1.4275 2.12462
0.75838 -0.0581886 1.91145 -0.570878 1.4271 2.12532
0.757149 -0.0561663 1.91106 -0.5716 1.42669 2.12603
0.755918 -0.054144 1.91066 -0.572321 1.42628 2.12674
0.754687 -0.0521217 1.91026 -0.573043 1.42588 2.12744
0.753456 -0.0500994 1.90987 -0.573765 1.42547 2.12815
0.752226 -0.0480771 1.90947 -0.574486 1.42506 2.12885
0.750995 -0.0460548 1.90908 -0.575208 1.42465 2.12956
0.749764 -0.0440324 1.90868 -0.57593 1.42425 2.13026
0.748533 -0.0420101 1.90828 -0.576651 1.42384 2.13097
0.747302 -0.0399878 1.90789 -0.577373 1.42343 2.13168
0.746072 -0.0379655 1.90749 -0.578095 1.42303 2.13238
0.744841 -0.0359432 1.90709 -0.578816 1.42262 2.13309
0.74361 -0.0339209 1.9067 -0.579538 1.42221 2.13379
0.742379 -0.0318986 1.9063 -0.58026 1.4218 2.1345
0.741148 -0.0298763 1.90591 -0.580981 1.4214 2.1352
0.739917 -0.027854 1.90551 -0.581703 1.42099 2.13591
0.738687 -0.0258317 1.90511 -0.582425 1.42058 2.13661
0.737456 -0.0238094 1.90472 -0.583146 1.42018 2.13732
0.736225 -0.0217871 1.90432 -0.583868 1.41977 2.13803
0.734994 -0.0197648 1.90392 -0.58459 1.41936 2.13873
0.733763 -0.0177425 1.90353 -0.585311 1.41895 2.13944
0.732532 -0.0157202 1.90313 -0.586033 1.41855 2.14014
0.731302 -0.0136979 1.90274 -0.586755 1.41814 2.14085
0.730071 -0.0116755 1.90234 -0.587476 1.41773 2.14155
0.72884 -0.00965324 1.90194 -0.588198 1.41733 2.14226
0.727609 -0.00763094 1.90155 -0.58892 1.41692 2.14297
0.726378 -0.00560863 1.90115 -0.589641 1.41651 2.14367
0.725147 -0.00358633 1.90075 -0.590363 1.4161 2.14438
0.723917 -0.00156402 1.90036 -0.591085 1.4157 2.14508
0.722686 0.000458287 1.89996 -0.591806 1.41529 2.14579
0.721455 0.00248059 1.89957 -0.592528 1.41488 2.14649
0.720224 0.0045029 1.89917 -0.59325 1.41448 2.1472
0.718993 0.00652521 1.89877 -0.593971 1.41407 2.14791
0.717762 0.00854751 1.89838 -0.594693 1.41366 2.14861
0.716532 0.0105698 1.89798 -0.595415 1.41325 2.14932
0.715301 0.0125921 1.89758 -0.596136 1.41285 2.15002
0.71407 0.0146144 1.89719 -0.596858 1.41244 2.15073
0.712839 0.0166367 1.89679 -0.59758 1.41203 2.15143
0.711608 0.018659 1.8964 -0.598301 1.41163 2.15214
0.710378 0.0206813 1.896 -0.599023 1.41122 2.15285
0.709147 0.0227037 1.8956 -0.599745 1.41081 2.15355
0.707916 0.024726 1.89521 -0.600466 1.4104 2.15426
0.706685 0.0267483 1.89481 -0.601188 1.41 2.15496
0.705454 0.0287706 1.89441 -0.60191 1.40959 2.15567
0.704223 0.0307929 1.89402 -0.602631 1.40918 2.15637
0.702993 0.0328152 1.89362 -0.603353 1.40878 2.15708
0.701762 0.0348375 1.89323 -0.604075 1.40837 2.15779
0.700531 0.0368598 1.89283 -0.604796 1.40796 2.15849
0.6993 0.0388821 1.89243 -0.605518 1.40755 2.1592
0.698069 0.0409044 1.89204 -0.60624 1.40715 2.1599
0.696838 0.0429267 1.89164 -0.606961 1.40674 2.16061
0.695608 0.044949 1.89124 -0.607683 1.40633 2.16131
0.694377 0.0469713 1.89085 -0.608404 1.40593 2.16202
0.693146 0.0489936 1.89045 -0.609126 1.40552 2.16272
0.691915 0.0510159 1.89006 -0.609848 1.40511 2.16343
0.690684 0.0530382 1.88966 -0.610569 1.4047 2.16414
0.689453 0.0550606 1.88926 -0.611291 1.4043 2.16484
0.688223 0.0570829 1.88887 -0.612013 1.40389 2.16555
0.686992 0.0591052 1.88847 -0.612734 1.40348 2.16625
0.685761 0.0611275 1.88807 -0.613456 1.40308 2.16696
0.68453 0.0631498 1.88768 -0.614178 1.40267 2.16766
0.683299 0.0651721 1.88728 -0.614899 1.40226 2.16837
0.682068 0.0671944 1.88689 -0.615621 1.40185 2.16908
0.680838 0.0692167 1.88649 -0.616343 1.40145 2.16978
0.679607 0.071239 1.88609 -0.617064 1.40104 2.17049
0.678376 0.0732613 1.8857 -0.617786 1.40063 2.17119
0.677145 0.0752836 1.8853 -0.618508 1.40023 2.1719
0.675914 0.0773059 1.8849 -0.619229 1.39982 2.1726
0.674684 0.0793282 1.88451 -0.619951 1.39941 2.17331
0.673453 0.0813505 1.88411 -0.620673 1.399 2.17402
0.672222 0.0833728 1.88372 -0.621394 1.3986 2.17472
0.670991 0.0853951 1.88332 -0.622116 1.39819 2.17543
0.66976 0.0874175 1.88292 -0.622838 1.39778 2.17613
0.668529 0.0894398 1.88253 -0.623559 1.39738 2.17684
0.667299 0.0914621 1.88213 -0.624281 1.39697 2.17754
0.666068 0.0934844 1.88173 -0.625003 1.39656 2.17825
0.664837 0.0955067 1.88134 -0.625724 1.39615 2.17896
0.663606 0.097529 1.88094 -0.626446 1.39575 2.17966
0.662375 0.0995513 1.88055 -0.627168 1.39534 2.18037
0.661144 0.101574 1.88015 -0.627889 1.39493 2.18107
0.659914 0.103596 1.87975 -0.628611 1.39453 2.18178
0.658683 0.105618 1.87936 -0.629333 1.39412 2.18248
0.657452 0.107641 1.87896 -0.630054 1.39371 2.18319
0.656221 0.109663 1.87856 -0.630776 1.3933 2.1839
0.65499 0.111685 1.87817 -0.631498 1.3929 2.1846
0.653759 0.113707 1.87777 -0.632219 1.39249 2.18531
0.652529 0.11573 1.87738 -0.632941 1.39208 2.18601
0.651298 0.117752 1.87698 -0.633663 1.39168 2.18672
0.650067 0.119774 1.87658 -0.634384 1.39127 2.18742
0.648836 0.121797 1.87619 -0.635106 1.39086 2.18813
0.647605 0.123819 1.87579 -0.635828 1.39045 2.18884
0.646375 0.125841 1.87539 -0.636549 1.39005 2.18954
0.645144 0.127864 1.875 -0.637271 1.38964 2.19025
0.643913 0.129886 1.8746 -0.637993 1.38923 2.19095
0.642682 0.131908 1.87421 -0.638714 1.38883 2.19166
0.641451 0.13393 1.87381 -0.639436 1.38842 2.19236
0.64022 0.135953 1.87341 -0.640158 1.38801 2.19307
0.63899 0.137975 1.87302 -0.640879 1.3876 2.19377
0.637759 0.139997 1.87262 -0.641601 1.3872 2.19448
0.636528 0.14202 1.87222 -0.642323 1.38679 2.19519
0.635297 0.144042 1.87183 -0.643044 1.38638 2.19589
0.634066 0.146064 1.87143 -0.643766 1.38598 2.1966
0.632835 0.148087 1.87104 -0.644488 1.38557 2.1973
0.631605 0.150109 1.87064 -0.645209 1.38516 2.19801
0.630374 0.152131 1.87024 -0.645931 1.38475 2.19871
0.629143 0.154154 1.86985 -0.646653 1.38435 2.19942
0.627912 0.156176 1.86945 -0.647374 1.38394 2.20013
0.626681 0.158198 1.86905 -0.648096 1.38353 2.20083
0.62545 0.16022 1.86866 -0.648818 1.38313 2.20154
0.62422 0.162243 1.86826 -0.649539 1.38272 2.20224
0.622989 0.164265 1.86787 -0.650261 1.38231 2.20295
0.621758 0.166287 1.86747 -0.650983 1.3819 2.20365
0.620527 0.16831 1.86707 -0.651704 1.3815 2.20436
0.619296 0.170332 1.86668 -0.652426 1.38109 2.20507
0.618065 0.172354 1.86628 -0.653148 1.38068 2.20577
0.616835 0.174377 1.86588 -0.653869 1.38028 2.20648
0.615604 0.176399 1.86549 -0.654591 1.37987 2.20718
0.614373 0.178421 1.86509 -0.655313 1.37946 2.20789
0.613142 0.180444 1.8647 -0.656034 1.37905 2.20859
0.611911 0.182466 1.8643 -0.656756 1.37865 2.2093
0.610681 0.184488 1.8639 -0.657478 1.37824 2.21001
0.60945 0.18651 1.86351 -0.658199 1.37783 2.21071
0.608219 0.188533 1.86311 -0.658921 1.37743 2.21142
0.606988 0.190555 1.86271 -0.659643 1.37702 2.21212
0.605757 0.192577 1.86232 -0.660364 1.37661 2.21283
0.604526 0.1946 1.86192 -0.661086 1.3762 2.21353
0.603296 0.196622 1.86153 -0.661808 1.3758 2.21424
0.602065 0.198644 1.86113 -0.662529 1.37539 2.21495
0.600834 0.200667 1.86073 -0.663251 1.37498 2.21565
0.599603 0.202689 1.86034 -0.663973 1.37458 2.21636
0.598372 0.204711 1.85994 -0.664694 1.37417 2.21706
0.597141 0.206734 1.85954 -0.665416 1.37376 2.21777
0.595911 0.208756 1.85915 -0.666138 1.37335 2.21847
0.59468 0.210778 1.85875 -0.666859 1.37295 2.21918
0.593449 0.2128 1.85836 -0.667581 1.37254 2.21988
0.592218 0.214823 1.85796 -0.668303 1.37213 2.22059
0.590987 0.216845 1.85756 -0.669024 1.37173 2.2213
0.589756 0.218867 1.85717 -0.669746 1.37132 2.222
0.588526 0.22089 1.85677 -0.670468 1.37091 2.22271
0.587295 0.222912 1.85637 -0.671189 1.3705 2.22341
0.586064 0.224934 1.85598 -0.671911 1.3701 2.22412
0.584833 0.226957 1.85558 -0.672633 1.36969 2.22482
0.583602 0.228979 1.85519 -0.673354 1.36928 2.22553
0.582371 0.231001 1.85479 -0.674076 1.36888 2.22624
0.581141 0.233023 1.85439 -0.674798 1.36847 2.22694
0.57991 0.235046 1.854 -0.675519 1.36806 2.22765
0.578679 0.237068 1.8536 -0.676241 1.36765 2.22835
0.577448 0.23909 1.8532 -0.676963 1.36725 2.22906
0.576217 0.241113 1.85281 -0.677684 1.36684 2.22976
0.574987 0.243135 1.85241 -0.678406 1.36643 2.23047
0.573756 0.245157 1.85202 -0.679128 1.36603 2.23118
0.572525 0.24718 1.85162 -0.679849 1.36562 2.23188
0.571294 0.249202 1.85122 -0.680571 1.36521 2.23259
0.570063 0.251224 1.85083 -0.681293 1.3648 2.23329
0.568832 0.253247 1.85043 -0.682014 1.3644 2.234
0.567602 0.255269 1.85003 -0.682736 1.36399 2.2347
0.566371 0.257291 1.84964 -0.683457 1.36358 2.23541
0.56514 0.259313 1.84924 -0.684179 1.36318 2.23612
0.563909 0.261336 1.84885 -0.684901 1.36277 2.23682
0.562678 0.263358 1.84845 -0.685622 1.36236 2.23753
0.561447 0.26538 1.84805 -0.686344 1.36195 2.23823
0.560217 0.267403 1.84766 -0.687066 1.36155 2.23894
0.558986 0.269425 1.84726 -0.687787 1.36114 2.23964
0.557755 0.271447 1.84686 -0.688509 1.36073 2.24035
0.556524 0.27347 1.84647 -0.689231 1.36033 2.24106
0.555293 0.275492 1.84607 -0.689952 1.35992 2.24176
0.554062 0.277514 1.84568 -0.690674 1.35951 2.24247
0.552832 0.279537 1.84528 -0.691396 1.3591 2.24317
0.551601 0.281559 1.84488 -0.692117 1.3587 2.24388
0.55037 0.283581 1.84449 -0.692839 1.35829 2.24458
0.549139 0.285603 1.84409 -0.693561 1.35788 2.24529
0.547908 0.287626 1.84369 -0.694282 1.35748 2.246
0.546677 0.289648 1.8433 -0.695004 1.35707 2.2467
0.545447 0.29167 1.8429 -0.695726 1.35666 2.24741
0.544216 0.293693 1.84251 -0.696447 1.35625 2.24811
0.542985 0.295715 1.84211 -0.697169 1.35585 2.24882
0.541754 0.297737 1.84171 -0.697891 1.35544 2.24952
0.540523 0.29976 1.84132 -0.698612 1.35503 2.25023
0.539293 0.301782 1.84092 -0.699334 1.35463 2.25093
0.538062 0.303804 1.84052 -0.700056 1.35422 2.25164
0.536831 0.305827 1.84013 -0.700777 1.35381 2.25235
0.5356 0.307849 1.83973 -0.701499 1.3534 2.25305
0.534369 0.309871 1.83934 -0.702221 1.353 2.25376
0.533138 0.311893 1.83894 -0.702942 1.35259 2.25446
0.531908 0.313916 1.83854 -0.703664 1.35218 2.25517
0.530677 0.315938 1.83815 -0.704386 1.35178 2.25587
0.529446 0.31796 1.83775 -0.705107 1.35137 2.25658
0.528215 0.319983 1.83735 -0.705829 1.35096 2.25729
0.526984 0.322005 1.83696 -0.706551 1.35055 2.25799
0.525753 0.324027 1.83656 -0.707272 1.35015 2.2587
0.524523 0.32605 1.83617 -0.707994 1.34974 2.2594
0.523292 0.328072 1.83577 -0.708716 1.34933 2.26011
0.522061 0.330094 1.83537 -0.709437 1.34893 2.26081
0.52083 0.332116 1.83498 -0.710159 1.34852 2.26152
0.519599 0.334139 1.83458 -0.710881 1.34811 2.26223
0.518368 0.336161 1.83418 -0.711602 1.3477 2.26293
0.517138 0.338183 1.83379 -0.712324 1.3473 2.26364
0.515907 0.340206 1.83339 -0.713046 1.34689 2.26434
0.514676 0.342228 1.833 -0.713767 1.34648 2.26505
0.513445 0.34425 1.8326 -0.714489 1.34608 2.26575
0.512214 0.346273 1.8322 -0.715211 1.34567 2.26646
0.510983 0.348295 1.83181 -0.715932 1.34526 2.26717
0.509753 0.350317 1.83141 -0.716654 1.34485 2.26787
0.508522 0.35234 1.83101 -0.717376 1.34445 2.26858
0.507291 0.354362 1.83062 -0.718097 1.34404 2.26928
0.50606 0.356384 1.83022 -0.718819 1.34363 2.26999
0.504829 0.358406 1.82983 -0.719541 1.34323 2.27069
0.503599 0.360429 1.82943 -0.720262 1.34282 2.2714
0.502368 0.362451 1.82903 -0.720984 1.34241 2.27211
0.501137 0.364473 1.82864 -0.721706 1.342 2.27281
0.499906 0.366496 1.82824 -0.722427 1.3416 2.27352
0.498675 0.368518 1.82784 -0.723149 1.34119 2.27422
0.497444 0.37054 1.82745 -0.723871 1.34078 2.27493
0.496214 0.372563 1.82705 -0.724592 1.34038 2.27563
0.494983 0.374585 1.82666 -0.725314 1.33997 2.27634
0.493752 0.376607 1.82626 -0.726036 1.33956 2.27705
0.492521 0.37863 1.82586 -0.726757 1.33915 2.27775
0.49129 0.380652 1.82547 -0.727479 1.33875 2.27846
0.490059 0.382674 1.82507 -0.728201 1.33834 2.27916
0.488829 0.384696 1.82467 -0.728922 1.33793 2.27987
0.487598 0.386719 1.82428 -0.729644 1.33753 2.28057
0.486367 0.388741 1.82388 -0.730366 1.33712 2.28128
0.485136 0.390763 1.82349 -0.731087 1.33671 2.28198
0.483905 0.392786 1.82309 -0.731809 1.3363 2.28269
0.482674 0.394808 1.82269 -0.732531 1.3359 2.2834
0.481444 0.39683 1.8223 -0.733252 1.33549 2.2841
0.480213 0.398853 1.8219 -0.733974 1.33508 2.28481
0.478982 0.400875 1.8215 -0.734696 1.33468 2.28551
0.477751 0.402897 1.82111 -0.735417 1.33427 2.28622
0.47652 0.40492 1.82071 -0.736139 1.33386 2.28692
0.475289 0.406942 1.82032 -0.736861 1.33345 2.28763
0.474059 0.408964 1.81992 -0.737582 1.33305 2.28834
0.472828 0.410986 1.81952 -0.738304 1.33264 2.28904
0.471597 0.413009 1.81913 -0.739026 1.33223 2.28975
0.470366 0.415031 1.81873 -0.739747 1.33183 2.29045
0.469135 0.417053 1.81833 -0.740469 1.33142 2.29116
0.467905 0.419076 1.81794 -0.741191 1.33101 2.29186
0.466674 0.421098 1.81754 -0.741912 1.3306 2.29257
0.465443 0.42312 1.81715 -0.742634 1.3302 2.29328
0.464212 0.425143 1.81675 -0.743356 1.32979 2.29398
0.462981 0.427165 1.81635 -0.744077 1.32938 2.29469
0.46175 0.429187 1.81596 -0.744799 1.32898 2.29539
