-0.410274 -0.818783 2.33035 -8.3413e-17 1.63003 -0.497541
-0.40795 -0.817462 2.32916 0.000618078 1.63025 -0.497582
-0.405625 -0.816142 2.32798 0.00123616 1.63047 -0.497623
-0.403301 -0.814821 2.3268 0.00185423 1.63069 -0.497663
-0.400977 -0.813501 2.32562 0.00247231 1.63091 -0.497704
-0.398652 -0.81218 2.32443 0.00309039 1.63113 -0.497745
-0.396328 -0.81086 2.32325 0.00370847 1.63135 -0.497786
-0.394003 -0.809539 2.32207 0.00432655 1.63157 -0.497827
-0.391679 -0.808219 2.32089 0.00494463 1.6318 -0.497867
-0.389354 -0.806898 2.3197 0.0055627 1.63202 -0.497908
-0.38703 -0.805578 2.31852 0.00618078 1.63224 -0.497949
-0.384705 -0.804257 2.31734 0.00679886 1.63246 -0.49799
-0.382381 -0.802937 2.31616 0.00741694 1.63268 -0.498031
-0.380056 -0.801616 2.31497 0.00803502 1.6329 -0.498072
-0.377732 -0.800296 2.31379 0.0086531 1.63312 -0.498112
-0.375407 -0.798975 2.31261 0.00927117 1.63334 -0.498153
-0.373083 -0.797655 2.31143 0.00988925 1.63356 -0.498194
-0.370758 -0.796334 2.31024 0.0105073 1.63378 -0.498235
-0.368434 -0.795014 2.30906 0.0111254 1.634 -0.498276
-0.366109 -0.793693 2.30788 0.0117435 1.63423 -0.498317
-0.363785 -0.792373 2.30669 0.0123616 1.63445 -0.498357
-0.36146 -0.791052 2.30551 0.0129796 1.63467 -0.498398
-0.359136 -0.789732 2.30433 0.0135977 1.63489 -0.498439
-0.356811 -0.788411 2.30315 0.0142158 1.63511 -0.49848
-0.354487 -0.787091 2.30196 0.0148339 1.63533 -0.498521
-0.352162 -0.78577 2.30078 0.015452 1.63555 -0.498561
-0.349838 -0.78445 2.2996 0.01607 1.63577 -0.498602
-0.347513 -0.783129 2.29842 0.0166881 1.63599 -0.498643
-0.345189 -0.781809 2.29723 0.0173062 1.63621 -0.498684
-0.342865 -0.780488 2.29605 0.0179243 1.63643 -0.498725
-0.34054 -0.779168 2.29487 0.0185423 1.63666 -0.498766
-0.338216 -0.777847 2.29369 0.0191604 1.63688 -0.498806
-0.335891 -0.776527 2.2925 0.0197785 1.6371 -0.498847
-0.333567 -0.775206 2.29132 0.0203966 1.63732 -0.498888
-0.331242 -0.773886 2.29014 0.0210147 1.63754 -0.498929
-0.328918 -0.772565 2.28896 0.0216327 1.63776 -0.49897
-0.326593 -0.771245 2.28777 0.0222508 1.63798 -0.499011
-0.324269 -0.769924 2.28659 0.0228689 1.6382 -0.499051
-0.321944 -0.768604 2.28541 0.023487 1.63842 -0.499092
-0.31962 -0.767283 2.28422 0.0241051 1.63864 -0.499133
-0.317295 -0.765963 2.28304 0.0247231 1.63887 -0.499174
-0.314971 -0.764642 2.28186 0.0253412 1.63909 -0.499215
-0.312646 -0.763322 2.28068 0.0259593 1.63931 -0.499255
-0.310322 -0.762001 2.27949 0.0265774 1.63953 -0.499296
-0.307997 -0.760681 2.27831 0.0271954 1.63975 -0.499337
-0.305673 -0.75936 2.27713 0.0278135 1.63997 -0.499378
-0.303348 -0.75804 2.27595 0.0284316 1.64019 -0.499419
-0.301024 -0.756719 2.27476 0.0290497 1.64041 -0.49946
-0.298699 -0.755399 2.27358 0.0296678 1.64063 -0.4995
-0.296375 -0.754078 2.2724 0.0302858 1.64085 -0.499541
-0.29405 -0.752758 2.27122 0.0309039 1.64107 -0.499582
-0.291726 -0.751438 2.27003 0.031522 1.6413 -0.499623
-0.289402 -0.750117 2.26885 0.0321401 1.64152 -0.499664
-0.287077 -0.748797 2.26767 0.0327581 1.64174 -0.499705
-0.284753 -0.747476 2.26649 0.0333762 1.64196 -0.499745
-0.282428 -0.746156 2.2653 0.0339943 1.64218 -0.499786
-0.280104 -0.744835 2.26412 0.0346124 1.6424 -0.499827
-0.277779 -0.743515 2.26294 0.0352305 1.64262 -0.499868
-0.275455 -0.742194 2.26175 0.0358485 1.64284 -0.499909
-0.27313 -0.740874 2.26057 0.0364666 1.64306 -0.499949
-0.270806 -0.739553 2.25939 0.0370847 1.64328 -0.49999
-0.268481 -0.738233 2.25821 0.0377028 1.6435 -0.500031
-0.266157 -0.736912 2.25702 0.0383209 1.64373 -0.500072
-0.263832 -0.735592 2.25584 0.0389389 1.64395 -0.500113
-0.261508 -0.734271 2.25466 0.039557 1.64417 -0.500154
-0.259183 -0.732951 2.25348 0.0401751 1.64439 -0.500194
-0.256859 -0.73163 2.25229 0.0407932 1.64461 -0.500235
-0.254534 -0.73031 2.25111 0.0414112 1.64483 -0.500276
-0.25221 -0.728989 2.24993 0.0420293 1.64505 -0.500317
-0.249885 -0.727669 2.24875 0.0426474 1.64527 -0.500358
-0.247561 -0.726348 2.24756 0.0432655 1.64549 -0.500398
-0.245236 -0.725028 2.24638 0.0438836 1.64571 -0.500439
-0.242912 -0.723707 2.2452 0.0445016 1.64594 -0.50048
-0.240587 -0.722387 2.24401 0.0451197 1.64616 -0.500521
-0.238263 -0.721066 2.24283 0.0457378 1.64638 -0.500562
-0.235939 -0.719746 2.24165 0.0463559 1.6466 -0.500603
-0.233614 -0.718425 2.24047 0.0469739 1.64682 -0.500643
-0.23129 -0.717105 2.23928 0.047592 1.64704 -0.500684
-0.228965 -0.715784 2.2381 0.0482101 1.64726 -0.500725
-0.226641 -0.714464 2.23692 0.0488282 1.64748 -0.500766
-0.224316 -0.713143 2.23574 0.0494463 1.6477 -0.500807
-0.221992 -0.711823 2.23455 0.0500643 1.64792 -0.500848
-0.219667 -0.710502 2.23337 0.0506824 1.64814 -0.500888
-0.217343 -0.709182 2.23219 0.0513005 1.64837 -0.500929
-0.215018 -0.707861 2.23101 0.0519186 1.64859 -0.50097
-0.212694 -0.706541 2.22982 0.0525367 1.64881 -0.501011
-0.210369 -0.70522 2.22864 0.0531547 1.64903 -0.501052
-0.208045 -0.7039 2.22746 0.0537728 1.64925 -0.501092
-0.20572 -0.702579 2.22628 0.0543909 1.64947 -0.501133
-0.203396 -0.701259 2.22509 0.055009 1.64969 -0.501174
-0.201071 -0.699938 2.22391 0.055627 1.64991 -0.501215
-0.198747 -0.698618 2.22273 0.0562451 1.65013 -0.501256
-0.196422 -0.697297 2.22154 0.0568632 1.65035 -0.501297
-0.194098 -0.695977 2.22036 0.0574813 1.65057 -0.501337
-0.191773 -0.694656 2.21918 0.0580994 1.6508 -0.501378
-0.189449 -0.693336 2.218 0.0587174 1.65102 -0.501419
-0.187124 -0.692015 2.21681 0.0593355 1.65124 -0.50146
-0.1848 -0.690695 2.21563 0.0599536 1.65146 -0.501501
-0.182476 -0.689375 2.21445 0.0605715 1.65168 -0.501542
-0.180154 -0.688056 2.21327 0.0611889 1.6519 -0.501582
-0.177835 -0.686738 2.21209 0.0618056 1.65212 -0.501623
-0.175518 -0.685421 2.21091 0.0624215 1.65234 -0.501664
-0.173205 -0.684107 2.20973 0.0630363 1.65256 -0.501704
-0.170898 -0.682796 2.20856 0.0636498 1.65278 -0.501745
-0.168595 -0.681487 2.20739 0.0642617 1.653 -0.501785
-0.1663 -0.680182 2.20622 0.0648719 1.65322 -0.501826
-0.164011 -0.678881 2.20505 0.0654801 1.65343 -0.501866
-0.16173 -0.677584 2.20389 0.0660862 1.65365 -0.501906
-0.159458 -0.676291 2.20274 0.0666898 1.65387 -0.501946
-0.157196 -0.675004 2.20159 0.0672908 1.65408 -0.501986
-0.154943 -0.673722 2.20044 0.0678889 1.6543 -0.502026
-0.152702 -0.672446 2.1993 0.068484 1.65451 -0.502065
-0.150473 -0.671177 2.19817 0.0690758 1.65472 -0.502105
-0.148257 -0.669914 2.19704 0.069664 1.65493 -0.502144
-0.146054 -0.668659 2.19592 0.0702486 1.65514 -0.502183
-0.143866 -0.667411 2.19481 0.0708292 1.65535 -0.502222
-0.141692 -0.666172 2.1937 0.0714057 1.65556 -0.50226
-0.139535 -0.66494 2.1926 0.0719777 1.65576 -0.502298
-0.137394 -0.663718 2.19151 0.0725452 1.65596 -0.502337
-0.13527 -0.662505 2.19043 0.0731078 1.65617 -0.502374
-0.133165 -0.661302 2.18936 0.0736654 1.65637 -0.502412
-0.131079 -0.66011 2.1883 0.0742178 1.65656 -0.502449
-0.129013 -0.658927 2.18725 0.0747646 1.65676 -0.502486
-0.126968 -0.657756 2.18621 0.0753058 1.65695 -0.502522
-0.124944 -0.656597 2.18518 0.0758411 1.65715 -0.502559
-0.122942 -0.655449 2.18416 0.0763702 1.65734 -0.502594
-0.120963 -0.654314 2.18315 0.0768929 1.65752 -0.50263
-0.119009 -0.653191 2.18216 0.0774091 1.65771 -0.502665
-0.117078 -0.652082 2.18118 0.0779185 1.65789 -0.5027
-0.115174 -0.650986 2.18021 0.0784209 1.65807 -0.502734
-0.113294 -0.649903 2.17925 0.0789165 1.65825 -0.502768
-0.111437 -0.648833 2.17831 0.0794055 1.65843 -0.502802
-0.109604 -0.647776 2.17737 0.0798882 1.6586 -0.502835
-0.107793 -0.64673 2.17645 0.0803647 1.65878 -0.502868
-0.106004 -0.645696 2.17554 0.0808353 1.65895 -0.502901
-0.104235 -0.644673 2.17464 0.0813003 1.65911 -0.502933
-0.102486 -0.643661 2.17375 0.0817597 1.65928 -0.502966
-0.100756 -0.642659 2.17287 0.0822139 1.65944 -0.502997
-0.0990446 -0.641666 2.172 0.082663 1.65961 -0.503029
-0.0973506 -0.640683 2.17114 0.0831073 1.65977 -0.50306
-0.0956732 -0.639709 2.17028 0.0835471 1.65993 -0.503091
-0.0940117 -0.638744 2.16944 0.0839824 1.66008 -0.503122
-0.0923653 -0.637786 2.1686 0.0844136 1.66024 -0.503152
-0.0907332 -0.636836 2.16777 0.0848408 1.66039 -0.503182
-0.0891147 -0.635894 2.16695 0.0852643 1.66055 -0.503212
-0.0875088 -0.634958 2.16613 0.0856843 1.6607 -0.503242
-0.0859149 -0.634028 2.16532 0.086101 1.66085 -0.503272
-0.0843322 -0.633105 2.16451 0.0865147 1.661 -0.503301
-0.0827597 -0.632187 2.16371 0.0869254 1.66115 -0.503331
-0.0811968 -0.631274 2.16292 0.0873336 1.6613 -0.50336
-0.0796426 -0.630366 2.16213 0.0877394 1.66145 -0.503389
-0.0780964 -0.629462 2.16134 0.0881429 1.66159 -0.503418
-0.0765574 -0.628562 2.16056 0.0885445 1.66174 -0.503447
-0.0750247 -0.627666 2.15978 0.0889444 1.66188 -0.503475
-0.0734975 -0.626772 2.159 0.0893427 1.66203 -0.503504
-0.0719752 -0.625881 2.15822 0.0897397 1.66217 -0.503533
-0.0704568 -0.624992 2.15745 0.0901356 1.66232 -0.503561
-0.0689416 -0.624105 2.15668 0.0905306 1.66246 -0.50359
-0.0674287 -0.623219 2.15591 0.0909249 1.66261 -0.503618
-0.0659175 -0.622334 2.15514 0.0913189 1.66275 -0.503647
-0.0644071 -0.621449 2.15437 0.0917126 1.66289 -0.503675
-0.0628966 -0.620564 2.1536 0.0921063 1.66303 -0.503703
-0.0613862 -0.619679 2.15284 0.0925 1.66318 -0.503732
-0.0598757 -0.618795 2.15207 0.0928937 1.66332 -0.50376
-0.0583653 -0.61791 2.1513 0.0932874 1.66346 -0.503789
-0.0568549 -0.617025 2.15053 0.0936811 1.66361 -0.503817
-0.0553444 -0.616141 2.14976 0.0940748 1.66375 -0.503845
-0.053834 -0.615256 2.14899 0.0944685 1.66389 -0.503874
-0.0523235 -0.614371 2.14822 0.0948622 1.66404 -0.503902
-0.0508131 -0.613487 2.14746 0.0952559 1.66418 -0.503931
-0.0493027 -0.612602 2.14669 0.0956496 1.66432 -0.503959
-0.0477922 -0.611717 2.14592 0.0960433 1.66447 -0.503987
-0.0462818 -0.610832 2.14515 0.096437 1.66461 -0.504016
-0.0447713 -0.609948 2.14438 0.0968307 1.66475 -0.504044
-0.0432609 -0.609063 2.14361 0.0972244 1.6649 -0.504073
-0.0417505 -0.608178 2.14284 0.0976181 1.66504 -0.504101
-0.04024 -0.607294 2.14208 0.0980118 1.66518 -0.504129
-0.0387296 -0.606409 2.14131 0.0984056 1.66533 -0.504158
-0.0372191 -0.605524 2.14054 0.0987993 1.66547 -0.504186
-0.0357087 -0.604639 2.13977 0.099193 1.66561 -0.504215
-0.0341983 -0.603755 2.139 0.0995867 1.66576 -0.504243
-0.0326878 -0.60287 2.13823 0.0999804 1.6659 -0.504271
-0.0311774 -0.601985 2.13746 0.100374 1.66604 -0.5043
-0.0296669 -0.601101 2.13669 0.100768 1.66619 -0.504328
-0.0281565 -0.600216 2.13593 0.101161 1.66633 -0.504357
-0.0266461 -0.599331 2.13516 0.101555 1.66647 -0.504385
-0.0251356 -0.598446 2.13439 0.101949 1.66662 -0.504413
-0.0236252 -0.597562 2.13362 0.102343 1.66676 -0.504442
-0.0221147 -0.596677 2.13285 0.102736 1.6669 -0.50447
-0.0206043 -0.595792 2.13208 0.10313 1.66705 -0.504498
-0.0190939 -0.594908 2.13131 0.103524 1.66719 -0.504527
-0.0175834 -0.594023 2.13055 0.103917 1.66733 -0.504555
-0.016073 -0.593138 2.12978 0.104311 1.66748 -0.504584
-0.0145625 -0.592253 2.12901 0.104705 1.66762 -0.504612
-0.0130521 -0.591369 2.12824 0.105099 1.66776 -0.50464
-0.0115417 -0.590484 2.12747 0.105492 1.66791 -0.504669
-0.0100312 -0.589599 2.1267 0.105886 1.66805 -0.504697
-0.00852078 -0.588715 2.12593 0.10628 1.66819 -0.504726
-0.00701034 -0.58783 2.12517 0.106673 1.66834 -0.504754
-0.0054999 -0.586945 2.1244 0.107067 1.66848 -0.504782
-0.00398946 -0.586061 2.12363 0.107461 1.66862 -0.504811
-0.00247902 -0.585176 2.12286 0.107854 1.66876 -0.504839
-0.000968577 -0.584291 2.12209 0.108248 1.66891 -0.504868
0.000541863 -0.583406 2.12132 0.108642 1.66905 -0.504896
0.0020523 -0.582522 2.12055 0.109036 1.66919 -0.504924
0.00356274 -0.581637 2.11978 0.109429 1.66934 -0.504953
0.00507318 -0.580752 2.11902 0.109823 1.66948 -0.504981
0.00658362 -0.579868 2.11825 0.110217 1.66962 -0.50501
0.00809406 -0.578983 2.11748 0.11061 1.66977 -0.505038
0.00960451 -0.578098 2.11671 0.111004 1.66991 -0.505066
0.0111149 -0.577213 2.11594 0.111398 1.67005 -0.505095
0.0126254 -0.576329 2.11517 0.111792 1.6702 -0.505123
0.0141358 -0.575444 2.1144 0.112185 1.67034 -0.505152
0.0156463 -0.574559 2.11364 0.112579 1.67048 -0.50518
0.0171567 -0.573675 2.11287 0.112973 1.67063 -0.505208
0.0186671 -0.57279 2.1121 0.113366 1.67077 -0.505237
0.0201776 -0.571905 2.11133 0.11376 1.67091 -0.505265
0.021688 -0.57102 2.11056 0.114154 1.67106 -0.505294
0.0231985 -0.570136 2.10979 0.114547 1.6712 -0.505322
0.0247089 -0.569251 2.10902 0.114941 1.67134 -0.50535
0.0262193 -0.568366 2.10825 0.115335 1.67149 -0.505379
0.0277298 -0.567482 2.10749 0.115729 1.67163 -0.505407
0.0292402 -0.566597 2.10672 0.116122 1.67177 -0.505436
0.0307507 -0.565712 2.10595 0.116516 1.67192 -0.505464
0.0322611 -0.564827 2.10518 0.11691 1.67206 -0.505492
0.0337715 -0.563943 2.10441 0.117303 1.6722 -0.505521
0.035281 -0.563059 2.10364 0.117697 1.67235 -0.505549
0.0367885 -0.562176 2.10288 0.11809 1.67249 -0.505578
0.038293 -0.561294 2.10211 0.118482 1.67263 -0.505606
0.0397936 -0.560415 2.10135 0.118873 1.67277 -0.505634
0.0412892 -0.559539 2.10059 0.119263 1.67292 -0.505662
0.0427789 -0.558667 2.09983 0.119651 1.67306 -0.50569
0.0442617 -0.557798 2.09907 0.120038 1.6732 -0.505718
0.0457366 -0.556934 2.09832 0.120422 1.67334 -0.505746
0.0472027 -0.556076 2.09758 0.120804 1.67348 -0.505773
0.0486588 -0.555223 2.09684 0.121184 1.67361 -0.505801
0.0501041 -0.554376 2.0961 0.12156 1.67375 -0.505828
0.0515376 -0.553536 2.09537 0.121934 1.67389 -0.505855
0.0529582 -0.552704 2.09465 0.122304 1.67402 -0.505882
0.0543651 -0.55188 2.09393 0.122671 1.67416 -0.505908
0.0557571 -0.551065 2.09322 0.123034 1.67429 -0.505934
0.0571333 -0.550258 2.09252 0.123393 1.67442 -0.50596
0.0584927 -0.549462 2.09183 0.123747 1.67455 -0.505986
0.0598344 -0.548676 2.09115 0.124096 1.67467 -0.506011
0.0611573 -0.547901 2.09048 0.124441 1.6748 -0.506036
0.0624605 -0.547137 2.08981 0.124781 1.67492 -0.50606
0.063743 -0.546386 2.08916 0.125115 1.67505 -0.506084
0.0650038 -0.545647 2.08852 0.125444 1.67516 -0.506108
0.0662418 -0.544922 2.08789 0.125766 1.67528 -0.506131
0.0674562 -0.54421 2.08727 0.126083 1.6754 -0.506154
0.0686459 -0.543513 2.08666 0.126393 1.67551 -0.506177
0.0698099 -0.542831 2.08607 0.126696 1.67562 -0.506199
0.0709473 -0.542164 2.08549 0.126992 1.67573 -0.50622
0.0720571 -0.541514 2.08493 0.127282 1.67583 -0.506241
0.0731382 -0.54088 2.08438 0.127563 1.67594 -0.506261
0.0741898 -0.540264 2.08384 0.127837 1.67604 -0.506281
0.0752107 -0.539665 2.08332 0.128103 1.67613 -0.5063
0.0762001 -0.539085 2.08282 0.128361 1.67623 -0.506319
0.0771588 -0.538523 2.08233 0.128611 1.67632 -0.506337
0.078088 -0.537978 2.08186 0.128853 1.67641 -0.506355
0.0789885 -0.53745 2.0814 0.129087 1.67649 -0.506371
0.0798614 -0.536938 2.08096 0.129314 1.67657 -0.506388
0.0807077 -0.536442 2.08053 0.129535 1.67665 -0.506404
0.0815283 -0.53596 2.08011 0.129749 1.67673 -0.506419
0.0823242 -0.535493 2.0797 0.129956 1.67681 -0.506434
0.0830965 -0.53504 2.07931 0.130157 1.67688 -0.506449
0.083846 -0.5346 2.07893 0.130352 1.67695 -0.506463
0.0845739 -0.534173 2.07856 0.130541 1.67702 -0.506477
0.085281 -0.533758 2.0782 0.130725 1.67709 -0.50649
0.0859683 -0.533355 2.07785 0.130904 1.67715 -0.506503
0.086637 -0.532962 2.07751 0.131078 1.67722 -0.506516
0.0872878 -0.53258 2.07718 0.131248 1.67728 -0.506528
0.0879219 -0.532208 2.07686 0.131413 1.67734 -0.50654
0.0885402 -0.531845 2.07654 0.131574 1.6774 -0.506552
0.0891437 -0.531491 2.07623 0.131731 1.67745 -0.506563
0.0897333 -0.531144 2.07593 0.131884 1.67751 -0.506574
0.0903102 -0.530805 2.07564 0.132034 1.67756 -0.506585
0.0908752 -0.530473 2.07535 0.132181 1.67762 -0.506596
0.0914293 -0.530148 2.07507 0.132325 1.67767 -0.506606
0.0919736 -0.529828 2.07479 0.132467 1.67772 -0.506617
0.092509 -0.529513 2.07452 0.132606 1.67777 -0.506627
0.0930365 -0.529204 2.07425 0.132743 1.67782 -0.506637
0.0935571 -0.528898 2.07399 0.132879 1.67787 -0.506647
0.0940717 -0.528595 2.07373 0.133013 1.67792 -0.506656
0.0945814 -0.528295 2.07347 0.133145 1.67797 -0.506666
0.0950872 -0.527998 2.07321 0.133277 1.67802 -0.506676
0.0955901 -0.527703 2.07295 0.133407 1.67807 -0.506685
0.0960909 -0.527408 2.0727 0.133538 1.67811 -0.506695
0.0965908 -0.527114 2.07244 0.133668 1.67816 -0.506704
0.0970906 -0.526821 2.07219 0.133798 1.67821 -0.506714
0.0975908 -0.526527 2.07193 0.133928 1.67826 -0.506723
0.0980917 -0.526232 2.07168 0.134058 1.6783 -0.506733
0.0985936 -0.525937 2.07142 0.134188 1.67835 -0.506742
0.0990968 -0.525641 2.07117 0.134319 1.6784 -0.506752
0.0996016 -0.525344 2.07091 0.134451 1.67845 -0.506761
0.100108 -0.525046 2.07065 0.134582 1.67849 -0.506771
0.100618 -0.524747 2.07039 0.134715 1.67854 -0.506781
0.10113 -0.524446 2.07013 0.134848 1.67859 -0.50679
0.101644 -0.524143 2.06987 0.134982 1.67864 -0.5068
0.102163 -0.523838 2.06961 0.135116 1.67869 -0.50681
0.102685 -0.52353 2.06934 0.135252 1.67874 -0.50682
0.103211 -0.523221 2.06907 0.135388 1.67879 -0.50683
0.103741 -0.522908 2.0688 0.135526 1.67884 -0.50684
0.104276 -0.522593 2.06853 0.135665 1.67889 -0.50685
0.104816 -0.522275 2.06826 0.135805 1.67894 -0.50686
0.105361 -0.521954 2.06798 0.135947 1.67899 -0.506871
0.105912 -0.521629 2.0677 0.13609 1.67904 -0.506881
0.106469 -0.5213 2.06742 0.136234 1.6791 -0.506892
0.107032 -0.520968 2.06713 0.13638 1.67915 -0.506903
0.107602 -0.520631 2.06684 0.136528 1.6792 -0.506914
0.108179 -0.520291 2.06655 0.136678 1.67926 -0.506925
0.108764 -0.519945 2.06625 0.136829 1.67931 -0.506936
0.109356 -0.519596 2.06595 0.136982 1.67937 -0.506947
0.109956 -0.519241 2.06564 0.137138 1.67943 -0.506959
0.110564 -0.518881 2.06533 0.137295 1.67948 -0.50697
0.111181 -0.518516 2.06502 0.137455 1.67954 -0.506982
0.111807 -0.518145 2.0647 0.137617 1.6796 -0.506994
0.112443 -0.517769 2.06438 0.137782 1.67966 -0.507006
0.113088 -0.517387 2.06405 0.137949 1.67972 -0.507019
0.113743 -0.516999 2.06371 0.138118 1.67979 -0.507032
0.114409 -0.516604 2.06338 0.13829 1.67985 -0.507044
0.115085 -0.516203 2.06303 0.138465 1.67991 -0.507057
0.115771 -0.515796 2.06268 0.138642 1.67998 -0.507071
0.116468 -0.515382 2.06233 0.138822 1.68004 -0.507084
0.117174 -0.514963 2.06197 0.139005 1.68011 -0.507098
0.11789 -0.514538 2.0616 0.139189 1.68018 -0.507112
0.118615 -0.514107 2.06124 0.139377 1.68025 -0.507126
0.119348 -0.513672 2.06086 0.139566 1.68032 -0.50714
0.12009 -0.513231 2.06048 0.139757 1.68039 -0.507154
0.120839 -0.512785 2.0601 0.139951 1.68046 -0.507169
0.121597 -0.512335 2.05972 0.140146 1.68053 -0.507184
0.122361 -0.51188 2.05933 0.140343 1.6806 -0.507199
0.123133 -0.511421 2.05894 0.140542 1.68068 -0.507214
0.123912 -0.510958 2.05854 0.140743 1.68075 -0.507229
0.124696 -0.510491 2.05814 0.140946 1.68082 -0.507244
0.125487 -0.51002 2.05774 0.141149 1.6809 -0.507259
0.126284 -0.509546 2.05733 0.141355 1.68097 -0.507275
0.127085 -0.509068 2.05692 0.141561 1.68105 -0.50729
0.127892 -0.508588 2.05651 0.141769 1.68113 -0.507306
0.128704 -0.508105 2.0561 0.141979 1.6812 -0.507322
0.12952 -0.507619 2.05569 0.142189 1.68128 -0.507338
0.130339 -0.50713 2.05527 0.1424 1.68136 -0.507354
0.131163 -0.50664 2.05485 0.142612 1.68144 -0.50737
0.13199 -0.506147 2.05443 0.142825 1.68151 -0.507386
0.13282 -0.505653 2.05401 0.143039 1.68159 -0.507402
0.133652 -0.505157 2.05358 0.143254 1.68167 -0.507419
0.134487 -0.504659 2.05316 0.143469 1.68175 -0.507435
0.135324 -0.50416 2.05273 0.143684 1.68183 -0.507451
0.136163 -0.503661 2.0523 0.1439 1.68191 -0.507468
0.137002 -0.50316 2.05188 0.144117 1.68199 -0.507484
0.137843 -0.502659 2.05145 0.144333 1.68207 -0.5075
0.138685 -0.502157 2.05102 0.14455 1.68215 -0.507517
0.139527 -0.501656 2.05059 0.144767 1.68223 -0.507533
0.140369 -0.501154 2.05016 0.144984 1.68231 -0.50755
0.141211 -0.500652 2.04973 0.145201 1.68239 -0.507566
0.142055 -0.500149 2.04931 0.145418 1.68247 -0.507583
0.142901 -0.499644 2.04887 0.145636 1.68255 -0.507599
0.14375 -0.499139 2.04844 0.145855 1.68263 -0.507616
0.144601 -0.498631 2.04801 0.146074 1.68271 -0.507632
0.145457 -0.49812 2.04757 0.146295 1.68279 -0.507649
0.146318 -0.497607 2.04714 0.146516 1.68287 -0.507666
0.147184 -0.497091 2.04669 0.146739 1.68295 -0.507683
0.148056 -0.496571 2.04625 0.146964 1.68304 -0.5077
0.148935 -0.496047 2.0458 0.14719 1.68312 -0.507717
0.14982 -0.495518 2.04535 0.147418 1.6832 -0.507734
0.150714 -0.494985 2.0449 0.147648 1.68329 -0.507752
0.151617 -0.494446 2.04444 0.147881 1.68337 -0.507769
0.152529 -0.493902 2.04397 0.148115 1.68346 -0.507787
0.153451 -0.493351 2.04351 0.148352 1.68355 -0.507805
0.154384 -0.492794 2.04303 0.148592 1.68364 -0.507824
0.155328 -0.49223 2.04255 0.148835 1.68373 -0.507842
0.156284 -0.491659 2.04206 0.149081 1.68382 -0.507861
0.157253 -0.49108 2.04157 0.14933 1.68391 -0.50788
0.158235 -0.490493 2.04107 0.149583 1.684 -0.507899
0.159231 -0.489897 2.04056 0.149839 1.6841 -0.507919
0.160242 -0.489293 2.04005 0.150099 1.68419 -0.507939
0.161269 -0.488679 2.03953 0.150362 1.68429 -0.507959
0.162311 -0.488055 2.039 0.15063 1.68439 -0.507979
0.16337 -0.487422 2.03846 0.150902 1.68449 -0.508
0.164446 -0.486777 2.03791 0.151179 1.68459 -0.508022
0.165541 -0.486122 2.03735 0.15146 1.68469 -0.508043
0.166654 -0.485455 2.03679 0.151745 1.6848 -0.508065
0.167786 -0.484777 2.03621 0.152036 1.68491 -0.508087
0.168939 -0.484086 2.03562 0.152332 1.68501 -0.50811
0.170112 -0.483383 2.03503 0.152633 1.68513 -0.508133
0.171307 -0.482667 2.03442 0.152939 1.68524 -0.508157
0.172522 -0.481938 2.0338 0.153251 1.68535 -0.508181
0.173757 -0.481197 2.03317 0.153568 1.68547 -0.508205
0.175012 -0.480444 2.03253 0.15389 1.68559 -0.50823
0.176285 -0.47968 2.03188 0.154216 1.68571 -0.508256
0.177577 -0.478905 2.03123 0.154547 1.68583 -0.508281
0.178886 -0.478119 2.03056 0.154883 1.68596 -0.508307
0.180211 -0.477324 2.02989 0.155223 1.68608 -0.508333
0.181553 -0.476518 2.0292 0.155566 1.68621 -0.50836
0.18291 -0.475703 2.02851 0.155914 1.68634 -0.508387
0.184281 -0.474879 2.02781 0.156266 1.68647 -0.508414
0.185667 -0.474047 2.02711 0.156621 1.6866 -0.508442
0.187066 -0.473207 2.0264 0.156979 1.68673 -0.508469
0.188478 -0.472358 2.02568 0.157341 1.68686 -0.508497
0.189901 -0.471503 2.02495 0.157705 1.687 -0.508526
0.191337 -0.47064 2.02422 0.158073 1.68713 -0.508554
0.192782 -0.469771 2.02349 0.158443 1.68727 -0.508583
0.194238 -0.468896 2.02275 0.158816 1.68741 -0.508612
0.195703 -0.468016 2.022 0.159191 1.68755 -0.508641
0.197177 -0.46713 2.02125 0.159569 1.68769 -0.50867
0.198659 -0.466239 2.0205 0.159948 1.68783 -0.5087
0.200148 -0.465344 2.01974 0.160329 1.68797 -0.508729
0.201644 -0.464444 2.01898 0.160712 1.68811 -0.508759
0.203146 -0.463541 2.01821 0.161097 1.68825 -0.508789
0.204653 -0.462635 2.01744 0.161483 1.6884 -0.508819
0.206165 -0.461726 2.01668 0.16187 1.68854 -0.508849
0.207681 -0.460814 2.0159 0.162258 1.68868 -0.508879
0.2092 -0.459901 2.01513 0.162647 1.68883 -0.508909
0.210722 -0.458985 2.01436 0.163037 1.68897 -0.50894
0.212246 -0.458069 2.01358 0.163427 1.68911 -0.50897
0.213771 -0.457152 2.0128 0.163817 1.68926 -0.509
0.215297 -0.456234 2.01203 0.164208 1.6894 -0.509031
0.216823 -0.455316 2.01125 0.164599 1.68955 -0.509061
0.218349 -0.454399 2.01047 0.164989 1.68969 -0.509092
0.219875 -0.453481 2.0097 0.16538 1.68984 -0.509122
0.221401 -0.452563 2.00892 0.16577 1.68998 -0.509152
0.222926 -0.451646 2.00814 0.166161 1.69012 -0.509183
0.224451 -0.450728 2.00737 0.166551 1.69027 -0.509213
0.225976 -0.44981 2.00659 0.166941 1.69041 -0.509243
0.2275 -0.448893 2.00582 0.167331 1.69056 -0.509274
0.229024 -0.447975 2.00504 0.167721 1.6907 -0.509304
0.230547 -0.447057 2.00426 0.16811 1.69085 -0.509335
0.23207 -0.446139 2.00349 0.168499 1.69099 -0.509365
0.233592 -0.445221 2.00272 0.168888 1.69113 -0.509396
0.235113 -0.444303 2.00194 0.169277 1.69128 -0.509426
0.236634 -0.443385 2.00117 0.169665 1.69142 -0.509457
0.238154 -0.442467 2.00039 0.170053 1.69157 -0.509487
0.239673 -0.441549 1.99962 0.17044 1.69171 -0.509518
0.241191 -0.44063 1.99885 0.170827 1.69185 -0.509548
0.242708 -0.439712 1.99808 0.171214 1.692 -0.509579
0.244224 -0.438794 1.9973 0.1716 1.69214 -0.50961
0.245738 -0.437875 1.99653 0.171986 1.69228 -0.50964
0.247252 -0.436957 1.99576 0.172371 1.69243 -0.509671
0.248765 -0.436038 1.99499 0.172755 1.69257 -0.509702
0.250276 -0.435119 1.99422 0.173139 1.69271 -0.509732
0.251785 -0.4342 1.99345 0.173522 1.69286 -0.509763
0.253294 -0.433281 1.99269 0.173905 1.693 -0.509794
0.254801 -0.432362 1.99192 0.174287 1.69314 -0.509825
0.256306 -0.431443 1.99115 0.174668 1.69328 -0.509856
0.25781 -0.430524 1.99039 0.175049 1.69343 -0.509887
0.259312 -0.429604 1.98962 0.175428 1.69357 -0.509918
0.260813 -0.428685 1.98886 0.175807 1.69371 -0.509949
0.262311 -0.427765 1.9881 0.176186 1.69385 -0.50998
0.263808 -0.426845 1.98733 0.176563 1.69399 -0.510011
0.265303 -0.425925 1.98657 0.17694 1.69413 -0.510042
0.266797 -0.425005 1.98581 0.177315 1.69427 -0.510074
0.268288 -0.424085 1.98505 0.17769 1.69442 -0.510105
0.269778 -0.423164 1.9843 0.178064 1.69456 -0.510136
0.271266 -0.422244 1.98354 0.178438 1.6947 -0.510168
0.272752 -0.421323 1.98278 0.17881 1.69484 -0.510199
0.274237 -0.420403 1.98202 0.179182 1.69498 -0.510231
0.275721 -0.419482 1.98127 0.179554 1.69512 -0.510262
0.277203 -0.418561 1.98051 0.179924 1.69526 -0.510294
0.278684 -0.41764 1.97976 0.180294 1.6954 -0.510325
0.280164 -0.416719 1.97901 0.180664 1.69554 -0.510357
0.281642 -0.415797 1.97826 0.181033 1.69568 -0.510389
0.283119 -0.414876 1.9775 0.181401 1.69582 -0.510421
0.284595 -0.413955 1.97675 0.181769 1.69596 -0.510452
0.28607 -0.413033 1.976 0.182136 1.69609 -0.510484
0.287544 -0.412112 1.97525 0.182503 1.69623 -0.510516
0.289017 -0.41119 1.9745 0.182869 1.69637 -0.510548
0.290489 -0.410268 1.97375 0.183235 1.69651 -0.510579
0.29196 -0.409346 1.973 0.183601 1.69665 -0.510611
0.293431 -0.408425 1.97225 0.183967 1.69679 -0.510643
0.294901 -0.407503 1.9715 0.184332 1.69693 -0.510675
0.29637 -0.406581 1.97076 0.184696 1.69707 -0.510707
0.297839 -0.405659 1.97001 0.185061 1.6972 -0.510739
0.299307 -0.404737 1.96926 0.185425 1.69734 -0.510771
0.300774 -0.403815 1.96851 0.185789 1.69748 -0.510803
0.302242 -0.402893 1.96777 0.186153 1.69762 -0.510835
0.303709 -0.401971 1.96702 0.186516 1.69776 -0.510867
0.305175 -0.401049 1.96627 0.18688 1.6979 -0.510899
0.306642 -0.400126 1.96553 0.187243 1.69804 -0.510931
0.308108 -0.399204 1.96478 0.187607 1.69817 -0.510963
0.309574 -0.398282 1.96403 0.18797 1.69831 -0.510995
0.31104 -0.39736 1.96329 0.188333 1.69845 -0.511027
0.312506 -0.396438 1.96254 0.188697 1.69859 -0.511059
0.313971 -0.395516 1.96179 0.18906 1.69873 -0.511091
0.315435 -0.394595 1.96105 0.189422 1.69886 -0.511123
0.316896 -0.393675 1.96031 0.189784 1.699 -0.511155
0.318354 -0.392757 1.95956 0.190145 1.69914 -0.511187
0.319808 -0.391841 1.95882 0.190505 1.69928 -0.511219
0.321258 -0.390927 1.95808 0.190864 1.69941 -0.511251
0.322702 -0.390016 1.95735 0.191221 1.69955 -0.511282
0.32414 -0.389108 1.95662 0.191576 1.69969 -0.511314
0.32557 -0.388204 1.95589 0.191929 1.69982 -0.511345
0.326993 -0.387304 1.95516 0.19228 1.69995 -0.511377
0.328407 -0.386408 1.95444 0.192629 1.70009 -0.511408
0.329812 -0.385516 1.95373 0.192974 1.70022 -0.511439
0.331207 -0.38463 1.95302 0.193317 1.70035 -0.511471
0.33259 -0.38375 1.95231 0.193657 1.70048 -0.511501
0.333962 -0.382876 1.95162 0.193994 1.70061 -0.511532
0.335321 -0.382007 1.95092 0.194327 1.70074 -0.511563
0.336667 -0.381146 1.95024 0.194656 1.70087 -0.511593
0.337999 -0.380292 1.94956 0.194981 1.70099 -0.511624
0.339316 -0.379445 1.94889 0.195302 1.70112 -0.511654
0.340617 -0.378606 1.94823 0.195618 1.70124 -0.511683
0.341901 -0.377776 1.94757 0.19593 1.70136 -0.511713
0.343169 -0.376954 1.94693 0.196236 1.70148 -0.511742
0.344418 -0.376142 1.94629 0.196538 1.7016 -0.511772
0.345649 -0.375339 1.94566 0.196834 1.70171 -0.5118
0.346859 -0.374546 1.94505 0.197125 1.70183 -0.511829
0.34805 -0.373763 1.94444 0.19741 1.70194 -0.511858
0.349219 -0.372991 1.94385 0.197689 1.70205 -0.511886
0.350366 -0.37223 1.94326 0.197962 1.70216 -0.511913
0.351491 -0.371481 1.94269 0.198228 1.70226 -0.511941
0.352592 -0.370744 1.94213 0.198487 1.70236 -0.511968
0.353668 -0.370019 1.94158 0.19874 1.70247 -0.511995
0.35472 -0.369306 1.94104 0.198985 1.70256 -0.512022
0.355747 -0.368606 1.94052 0.199224 1.70266 -0.512048
0.356751 -0.367918 1.94001 0.199455 1.70275 -0.512074
0.357731 -0.367241 1.93951 0.199681 1.70285 -0.512099
0.35869 -0.366576 1.93902 0.1999 1.70294 -0.512125
0.359628 -0.365921 1.93854 0.200113 1.70302 -0.51215
0.360545 -0.365277 1.93808 0.20032 1.70311 -0.512174
0.361443 -0.364642 1.93762 0.200522 1.70319 -0.512199
0.362321 -0.364017 1.93717 0.200718 1.70328 -0.512223
0.363182 -0.363401 1.93673 0.200909 1.70336 -0.512247
0.364026 -0.362794 1.9363 0.201095 1.70343 -0.512271
0.364853 -0.362196 1.93588 0.201277 1.70351 -0.512295
0.365664 -0.361605 1.93547 0.201454 1.70359 -0.512318
0.36646 -0.361021 1.93506 0.201627 1.70366 -0.512341
0.367242 -0.360445 1.93466 0.201796 1.70373 -0.512364
0.368011 -0.359876 1.93427 0.201961 1.70381 -0.512387
0.368767 -0.359313 1.93388 0.202122 1.70388 -0.51241
0.369512 -0.358756 1.9335 0.20228 1.70394 -0.512432
0.370245 -0.358205 1.93313 0.202435 1.70401 -0.512454
0.370969 -0.357658 1.93276 0.202587 1.70408 -0.512477
0.371683 -0.357117 1.9324 0.202737 1.70415 -0.512499
0.372388 -0.35658 1.93204 0.202884 1.70421 -0.512521
0.373085 -0.356046 1.93168 0.203029 1.70428 -0.512542
0.373776 -0.355517 1.93133 0.203171 1.70434 -0.512564
0.37446 -0.35499 1.93098 0.203312 1.7044 -0.512586
0.375138 -0.354467 1.93063 0.203452 1.70447 -0.512608
0.375812 -0.353945 1.93029 0.20359 1.70453 -0.512629
0.376482 -0.353426 1.92995 0.203726 1.70459 -0.512651
0.377149 -0.352909 1.92961 0.203863 1.70465 -0.512672
0.377813 -0.352392 1.92927 0.203998 1.70471 -0.512693
0.378476 -0.351876 1.92893 0.204133 1.70478 -0.512715
0.379138 -0.351361 1.92859 0.204267 1.70484 -0.512736
0.3798 -0.350846 1.92826 0.204402 1.7049 -0.512758
0.380462 -0.350331 1.92792 0.204537 1.70496 -0.512779
0.381123 -0.349816 1.92758 0.204671 1.70502 -0.5128
0.381782 -0.349302 1.92725 0.204805 1.70508 -0.512822
0.382441 -0.348788 1.92691 0.204939 1.70514 -0.512843
0.383097 -0.348276 1.92658 0.205072 1.7052 -0.512864
0.383751 -0.347765 1.92624 0.205204 1.70526 -0.512886
0.384402 -0.347255 1.92591 0.205336 1.70532 -0.512907
0.38505 -0.346747 1.92558 0.205466 1.70538 -0.512928
0.385694 -0.346241 1.92525 0.205596 1.70544 -0.512949
0.386334 -0.345736 1.92492 0.205724 1.7055 -0.512971
0.386971 -0.345234 1.9246 0.205852 1.70556 -0.512992
0.387602 -0.344734 1.92428 0.205978 1.70562 -0.513013
0.388228 -0.344237 1.92396 0.206102 1.70568 -0.513033
0.388849 -0.343743 1.92364 0.206225 1.70574 -0.513054
0.389464 -0.343251 1.92333 0.206347 1.70579 -0.513075
0.390073 -0.342763 1.92302 0.206466 1.70585 -0.513096
0.390675 -0.342278 1.92271 0.206584 1.7059 -0.513116
0.39127 -0.341797 1.92241 0.206699 1.70596 -0.513137
0.391857 -0.341319 1.92211 0.206813 1.70601 -0.513157
0.392437 -0.340846 1.92181 0.206924 1.70607 -0.513178
0.393008 -0.340376 1.92152 0.207033 1.70612 -0.513198
0.393571 -0.339911 1.92123 0.207139 1.70617 -0.513218
0.394125 -0.339451 1.92095 0.207243 1.70622 -0.513238
0.394669 -0.338995 1.92067 0.207344 1.70627 -0.513258
0.395204 -0.338544 1.9204 0.207443 1.70632 -0.513277
0.395728 -0.338099 1.92013 0.207538 1.70637 -0.513297
0.396242 -0.337658 1.91987 0.207631 1.70642 -0.513316
0.396744 -0.337224 1.91961 0.20772 1.70646 -0.513336
0.397236 -0.336795 1.91936 0.207806 1.70651 -0.513355
0.397715 -0.336372 1.91911 0.207889 1.70655 -0.513374
0.398183 -0.335955 1.91888 0.207968 1.70659 -0.513393
0.398637 -0.335545 1.91864 0.208044 1.70663 -0.513411
0.39908 -0.335141 1.91842 0.208116 1.70668 -0.51343
0.399511 -0.334742 1.9182 0.208185 1.70671 -0.513448
0.39993 -0.33435 1.91798 0.208251 1.70675 -0.513466
0.400339 -0.333963 1.91777 0.208314 1.70679 -0.513484
0.400737 -0.333581 1.91757 0.208373 1.70683 -0.513502
0.401124 -0.333205 1.91737 0.20843 1.70686 -0.51352
0.401502 -0.332833 1.91718 0.208484 1.70689 -0.513538
0.401871 -0.332467 1.91699 0.208535 1.70693 -0.513555
0.40223 -0.332104 1.91681 0.208584 1.70696 -0.513573
0.402581 -0.331747 1.91663 0.20863 1.70699 -0.51359
0.402923 -0.331393 1.91645 0.208674 1.70702 -0.513607
0.403258 -0.331043 1.91628 0.208715 1.70705 -0.513624
0.403585 -0.330698 1.91611 0.208755 1.70708 -0.513641
0.403905 -0.330355 1.91595 0.208792 1.70711 -0.513658
0.404219 -0.330016 1.91579 0.208828 1.70714 -0.513675
0.404526 -0.329681 1.91563 0.208862 1.70717 -0.513692
0.404828 -0.329348 1.91548 0.208894 1.70719 -0.513708
0.405123 -0.329018 1.91533 0.208924 1.70722 -0.513725
0.405414 -0.328691 1.91518 0.208953 1.70724 -0.513741
0.4057 -0.328366 1.91503 0.208981 1.70727 -0.513758
0.405982 -0.328043 1.91489 0.209008 1.70729 -0.513774
0.40626 -0.327722 1.91474 0.209033 1.70732 -0.51379
0.406534 -0.327403 1.9146 0.209057 1.70734 -0.513807
0.406805 -0.327086 1.91446 0.209081 1.70737 -0.513823
0.407073 -0.32677 1.91433 0.209104 1.70739 -0.513839
0.407339 -0.326455 1.91419 0.209126 1.70741 -0.513855
0.407603 -0.326141 1.91405 0.209147 1.70744 -0.513871
0.407866 -0.325828 1.91392 0.209168 1.70746 -0.513888
0.408127 -0.325515 1.91379 0.209189 1.70748 -0.513904
0.408387 -0.325203 1.91365 0.20921 1.70751 -0.51392
0.408648 -0.324891 1.91352 0.20923 1.70753 -0.513936
0.408908 -0.32458 1.91339 0.20925 1.70755 -0.513952
0.409168 -0.324267 1.91325 0.209271 1.70757 -0.513968
0.409429 -0.323953 1.91312 0.209291 1.7076 -0.513984
0.40969 -0.323636 1.91298 0.20931 1.70762 -0.514001
0.409952 -0.323316 1.91285 0.209329 1.70764 -0.514017
0.410215 -0.322992 1.91272 0.209347 1.70767 -0.514034
0.41048 -0.322663 1.91258 0.209364 1.70769 -0.514051
0.410745 -0.322328 1.91244 0.20938 1.70771 -0.514069
0.411013 -0.321987 1.91231 0.209395 1.70773 -0.514087
0.411282 -0.321638 1.91217 0.209409 1.70776 -0.514105
0.411553 -0.321282 1.91203 0.20942 1.70778 -0.514124
0.411827 -0.320916 1.91189 0.209431 1.70781 -0.514144
0.412102 -0.320541 1.91175 0.209439 1.70783 -0.514164
0.412381 -0.320155 1.9116 0.209445 1.70785 -0.514185
0.412662 -0.319757 1.91146 0.20945 1.70788 -0.514207
0.412947 -0.319348 1.91131 0.209452 1.7079 -0.514229
0.413234 -0.318925 1.91116 0.209451 1.70792 -0.514252
0.413525 -0.318488 1.91101 0.209448 1.70795 -0.514276
0.41382 -0.318037 1.91086 0.209442 1.70797 -0.514301
0.414118 -0.31757 1.91071 0.209433 1.708 -0.514328
0.414421 -0.317088 1.91055 0.209421 1.70802 -0.514355
0.414728 -0.316587 1.9104 0.209406 1.70805 -0.514383
0.415039 -0.316069 1.91023 0.209387 1.70807 -0.514412
0.415355 -0.315533 1.91007 0.209365 1.7081 -0.514443
0.415676 -0.314976 1.90991 0.209339 1.70813 -0.514475
0.416002 -0.3144 1.90974 0.209309 1.70815 -0.514508
0.416333 -0.313802 1.90957 0.209276 1.70818 -0.514543
0.416669 -0.313182 1.90939 0.209238 1.70821 -0.514579
0.417011 -0.312539 1.90922 0.209196 1.70823 -0.514616
0.41736 -0.311873 1.90904 0.209149 1.70826 -0.514655
0.417714 -0.311183 1.90885 0.209098 1.70829 -0.514696
0.418074 -0.310467 1.90867 0.209042 1.70832 -0.514738
0.418441 -0.309725 1.90848 0.208981 1.70835 -0.514782
0.418814 -0.308957 1.90828 0.208915 1.70838 -0.514827
0.419193 -0.308165 1.90809 0.208844 1.7084 -0.514874
0.419578 -0.30735 1.90789 0.208769 1.70843 -0.514923
0.419969 -0.306512 1.90768 0.20869 1.70846 -0.514973
0.420365 -0.305652 1.90748 0.208607 1.70849 -0.515025
0.420767 -0.30477 1.90727 0.208519 1.70853 -0.515078
0.421173 -0.303869 1.90706 0.208428 1.70856 -0.515132
0.421585 -0.302947 1.90685 0.208333 1.70859 -0.515187
0.422001 -0.302007 1.90663 0.208235 1.70862 -0.515244
0.422421 -0.30105 1.90641 0.208133 1.70865 -0.515302
0.422846 -0.300074 1.90619 0.208028 1.70868 -0.515361
0.423275 -0.299083 1.90597 0.20792 1.70871 -0.515421
0.423707 -0.298076 1.90574 0.207809 1.70875 -0.515482
0.424143 -0.297055 1.90552 0.207695 1.70878 -0.515544
0.424583 -0.29602 1.90529 0.207578 1.70881 -0.515607
0.425026 -0.294971 1.90506 0.207459 1.70884 -0.51567
0.425472 -0.293911 1.90482 0.207338 1.70888 -0.515735
0.425921 -0.292839 1.90459 0.207214 1.70891 -0.5158
0.426372 -0.291756 1.90436 0.207089 1.70894 -0.515866
0.426826 -0.290664 1.90412 0.206962 1.70898 -0.515933
0.427282 -0.289562 1.90388 0.206833 1.70901 -0.516
0.42774 -0.288453 1.90364 0.206702 1.70904 -0.516067
0.4282 -0.287336 1.9034 0.20657 1.70908 -0.516136
0.428661 -0.286213 1.90316 0.206437 1.70911 -0.516204
0.429124 -0.285084 1.90292 0.206303 1.70914 -0.516273
0.429588 -0.28395 1.90268 0.206168 1.70918 -0.516342
0.430054 -0.282812 1.90244 0.206032 1.70921 -0.516412
0.43052 -0.281671 1.9022 0.205895 1.70925 -0.516481
0.430986 -0.280527 1.90195 0.205758 1.70928 -0.516551
0.431453 -0.279382 1.90171 0.205621 1.70931 -0.516621
0.43192 -0.278235 1.90147 0.205483 1.70935 -0.516691
0.432387 -0.277089 1.90122 0.205346 1.70938 -0.516761
0.432855 -0.275943 1.90098 0.205208 1.70942 -0.516831
0.433322 -0.274797 1.90074 0.205071 1.70945 -0.516901
0.433789 -0.273651 1.90049 0.204933 1.70949 -0.516971
0.434256 -0.272505 1.90025 0.204796 1.70952 -0.517041
0.434723 -0.271359 1.90001 0.204658 1.70955 -0.517111
0.43519 -0.270213 1.89977 0.204521 1.70959 -0.517181
0.435658 -0.269066 1.89952 0.204383 1.70962 -0.517251
0.436125 -0.26792 1.89928 0.204246 1.70966 -0.517321
0.436592 -0.266774 1.89904 0.204108 1.70969 -0.517391
0.437059 -0.265628 1.89879 0.203971 1.70972 -0.517462
0.437526 -0.264482 1.89855 0.203834 1.70976 -0.517532
0.437993 -0.263336 1.89831 0.203696 1.70979 -0.517602
0.438461 -0.26219 1.89806 0.203559 1.70983 -0.517672
0.438928 -0.261044 1.89782 0.203421 1.70986 -0.517742
0.439395 -0.259897 1.89758 0.203284 1.70989 -0.517812
0.439862 -0.258751 1.89733 0.203146 1.70993 -0.517882
0.440329 -0.257605 1.89709 0.203009 1.70996 -0.517952
0.440796 -0.256459 1.89685 0.202871 1.71 -0.518022
0.441264 -0.255313 1.8966 0.202734 1.71003 -0.518092
0.441731 -0.254167 1.89636 0.202596 1.71006 -0.518162
0.442198 -0.253021 1.89612 0.202459 1.7101 -0.518232
0.442665 -0.251875 1.89587 0.202321 1.71013 -0.518302
0.443132 -0.250728 1.89563 0.202184 1.71017 -0.518372
0.443599 -0.249582 1.89539 0.202046 1.7102 -0.518442
0.444067 -0.248436 1.89514 0.201909 1.71023 -0.518512
0.444534 -0.24729 1.8949 0.201771 1.71027 -0.518582
0.445001 -0.246144 1.89466 0.201634 1.7103 -0.518652
0.445468 -0.244998 1.89441 0.201496 1.71034 -0.518722
0.445935 -0.243852 1.89417 0.201359 1.71037 -0.518792
0.446403 -0.242705 1.89393 0.201221 1.71041 -0.518862
0.44687 -0.241559 1.89368 0.201084 1.71044 -0.518932
0.447337 -0.240413 1.89344 0.200946 1.71047 -0.519002
0.447804 -0.239267 1.8932 0.200809 1.71051 -0.519072
0.448271 -0.238121 1.89295 0.200671 1.71054 -0.519142
0.448738 -0.236975 1.89271 0.200534 1.71058 -0.519212
0.449206 -0.235829 1.89247 0.200396 1.71061 -0.519282
0.449673 -0.234683 1.89222 0.200259 1.71064 -0.519352
0.45014 -0.233536 1.89198 0.200122 1.71068 -0.519422
0.450607 -0.23239 1.89174 0.199984 1.71071 -0.519492
0.451074 -0.231244 1.89149 0.199847 1.71075 -0.519562
0.451541 -0.230098 1.89125 0.199709 1.71078 -0.519632
0.452009 -0.228952 1.89101 0.199572 1.71081 -0.519702
0.452476 -0.227806 1.89077 0.199434 1.71085 -0.519772
0.452943 -0.22666 1.89052 0.199297 1.71088 -0.519842
0.45341 -0.225514 1.89028 0.199159 1.71092 -0.519912
0.453877 -0.224367 1.89004 0.199022 1.71095 -0.519982
0.454344 -0.223221 1.88979 0.198884 1.71098 -0.520052
0.454812 -0.222075 1.88955 0.198747 1.71102 -0.520122
0.455279 -0.220929 1.88931 0.198609 1.71105 -0.520192
0.455746 -0.219783 1.88906 0.198472 1.71109 -0.520262
0.456213 -0.218637 1.88882 0.198334 1.71112 -0.520332
0.45668 -0.217491 1.88858 0.198197 1.71116 -0.520402
0.457147 -0.216345 1.88833 0.198059 1.71119 -0.520472
0.457615 -0.215198 1.88809 0.197922 1.71122 -0.520542
0.458082 -0.214052 1.88785 0.197784 1.71126 -0.520613
0.458549 -0.212906 1.8876 0.197647 1.71129 -0.520683
0.459016 -0.21176 1.88736 0.197509 1.71133 -0.520753
0.459483 -0.210614 1.88712 0.197372 1.71136 -0.520823
0.45995 -0.209468 1.88687 0.197234 1.71139 -0.520893
0.460418 -0.208322 1.88663 0.197097 1.71143 -0.520963
0.460885 -0.207175 1.88639 0.196959 1.71146 -0.521033
0.461352 -0.206029 1.88614 0.196822 1.7115 -0.521103
0.461819 -0.204883 1.8859 0.196684 1.71153 -0.521173
0.462286 -0.203737 1.88566 0.196547 1.71156 -0.521243
0.462754 -0.20259 1.88541 0.196409 1.7116 -0.521313
0.463221 -0.201441 1.88517 0.196271 1.71163 -0.521383
0.46369 -0.20029 1.88493 0.196133 1.71167 -0.521453
0.464159 -0.199135 1.88468 0.195994 1.7117 -0.521524
0.464629 -0.197976 1.88444 0.195853 1.71174 -0.521595
0.4651 -0.196811 1.88419 0.195712 1.71177 -0.521666
0.465573 -0.19564 1.88395 0.19557 1.7118 -0.521738
0.466047 -0.194463 1.8837 0.195426 1.71184 -0.52181
0.466523 -0.193277 1.88345 0.195281 1.71187 -0.521882
0.467001 -0.192082 1.8832 0.195134 1.71191 -0.521956
0.467481 -0.190878 1.88295 0.194984 1.71194 -0.522029
0.467964 -0.189664 1.8827 0.194833 1.71198 -0.522104
0.468449 -0.188437 1.88245 0.19468 1.71201 -0.522179
0.468937 -0.187199 1.88219 0.194524 1.71205 -0.522255
0.469427 -0.185947 1.88194 0.194365 1.71208 -0.522332
0.469921 -0.184682 1.88168 0.194204 1.71212 -0.52241
0.470419 -0.183401 1.88142 0.194039 1.71215 -0.522489
0.470919 -0.182105 1.88116 0.193872 1.71219 -0.522568
0.471424 -0.180792 1.8809 0.193701 1.71223 -0.522649
0.471932 -0.179461 1.88063 0.193527 1.71226 -0.522731
0.472445 -0.178112 1.88036 0.193349 1.7123 -0.522815
0.472962 -0.176743 1.88009 0.193167 1.71233 -0.522899
0.473483 -0.175354 1.87982 0.192981 1.71237 -0.522985
0.474009 -0.173944 1.87955 0.19279 1.71241 -0.523072
0.47454 -0.172513 1.87927 0.192596 1.71244 -0.523161
0.475076 -0.171058 1.87899 0.192397 1.71248 -0.523251
0.475618 -0.16958 1.87871 0.192193 1.71252 -0.523343
0.476165 -0.168077 1.87842 0.191984 1.71256 -0.523436
0.476717 -0.166548 1.87813 0.19177 1.7126 -0.523531
0.477276 -0.164993 1.87784 0.191551 1.71264 -0.523628
0.47784 -0.163411 1.87754 0.191326 1.71267 -0.523726
0.478411 -0.161801 1.87725 0.191096 1.71271 -0.523826
0.478988 -0.160163 1.87694 0.19086 1.71275 -0.523928
0.479571 -0.158499 1.87664 0.190619 1.71279 -0.524032
0.48016 -0.15681 1.87633 0.190373 1.71283 -0.524138
0.480754 -0.155096 1.87602 0.190122 1.71287 -0.524245
0.481353 -0.153358 1.87571 0.189866 1.71291 -0.524353
0.481958 -0.151598 1.87539 0.189605 1.71295 -0.524463
0.482567 -0.149815 1.87507 0.189341 1.713 -0.524575
0.483181 -0.148011 1.87475 0.189072 1.71304 -0.524688
0.4838 -0.146187 1.87443 0.188799 1.71308 -0.524802
0.484423 -0.144344 1.8741 0.188522 1.71312 -0.524918
0.48505 -0.142483 1.87377 0.188241 1.71316 -0.525034
0.485681 -0.140603 1.87344 0.187957 1.7132 -0.525152
0.486315 -0.138707 1.87311 0.18767 1.71325 -0.525271
0.486954 -0.136796 1.87277 0.187379 1.71329 -0.525391
0.487595 -0.134869 1.87244 0.187085 1.71333 -0.525512
0.48824 -0.132928 1.8721 0.186789 1.71337 -0.525634
0.488888 -0.130974 1.87176 0.18649 1.71342 -0.525756
0.489538 -0.129008 1.87142 0.186188 1.71346 -0.52588
0.490191 -0.12703 1.87108 0.185885 1.7135 -0.526004
0.490847 -0.125042 1.87073 0.185579 1.71355 -0.526129
0.491504 -0.123044 1.87039 0.185271 1.71359 -0.526255
0.492164 -0.121037 1.87004 0.184961 1.71363 -0.526381
0.492825 -0.119023 1.86969 0.18465 1.71368 -0.526507
0.493488 -0.117001 1.86935 0.184337 1.71372 -0.526634
0.494152 -0.114973 1.869 0.184024 1.71377 -0.526762
0.494817 -0.11294 1.86865 0.183709 1.71381 -0.52689
0.495484 -0.110902 1.8683 0.183393 1.71385 -0.527018
0.496151 -0.108861 1.86795 0.183077 1.7139 -0.527146
0.496818 -0.106818 1.8676 0.18276 1.71394 -0.527275
0.497487 -0.104772 1.86725 0.182442 1.71399 -0.527404
0.498155 -0.102726 1.8669 0.182125 1.71403 -0.527532
0.498823 -0.10068 1.86655 0.181807 1.71407 -0.527661
0.499492 -0.0986335 1.8662 0.18149 1.71412 -0.52779
0.50016 -0.0965873 1.86585 0.181172 1.71416 -0.527918
0.500828 -0.094541 1.8655 0.180855 1.71421 -0.528047
0.501497 -0.0924947 1.86515 0.180537 1.71425 -0.528176
0.502165 -0.0904484 1.8648 0.18022 1.71429 -0.528305
0.502833 -0.0884021 1.86445 0.179902 1.71434 -0.528433
0.503502 -0.0863558 1.86409 0.179585 1.71438 -0.528562
0.50417 -0.0843096 1.86374 0.179267 1.71443 -0.528691
0.504838 -0.0822633 1.86339 0.17895 1.71447 -0.528819
0.505506 -0.080217 1.86304 0.178632 1.71451 -0.528948
0.506175 -0.0781707 1.86269 0.178315 1.71456 -0.529077
0.506843 -0.0761244 1.86234 0.177997 1.7146 -0.529206
0.507511 -0.0740782 1.86199 0.17768 1.71465 -0.529334
0.50818 -0.0720319 1.86164 0.177362 1.71469 -0.529463
0.508848 -0.0699856 1.86129 0.177045 1.71473 -0.529592
0.509516 -0.0679393 1.86094 0.176727 1.71478 -0.52972
0.510185 -0.065893 1.86059 0.17641 1.71482 -0.529849
0.510853 -0.0638468 1.86024 0.176092 1.71487 -0.529978
0.511521 -0.0618005 1.85989 0.175775 1.71491 -0.530107
0.51219 -0.0597542 1.85954 0.175457 1.71495 -0.530235
0.512858 -0.0577079 1.85919 0.175139 1.715 -0.530364
0.513526 -0.0556616 1.85884 0.174822 1.71504 -0.530493
0.514195 -0.0536153 1.85849 0.174504 1.71509 -0.530621
0.514863 -0.0515691 1.85814 0.174187 1.71513 -0.53075
0.515531 -0.0495228 1.85778 0.173869 1.71517 -0.530879
0.5162 -0.0474765 1.85743 0.173552 1.71522 -0.531008
0.516868 -0.0454302 1.85708 0.173234 1.71526 -0.531136
0.517536 -0.0433839 1.85673 0.172917 1.71531 -0.531265
0.518205 -0.0413377 1.85638 0.172599 1.71535 -0.531394
0.518873 -0.0392914 1.85603 0.172282 1.71539 -0.531522
0.519541 -0.0372451 1.85568 0.171964 1.71544 -0.531651
0.52021 -0.0351988 1.85533 0.171647 1.71548 -0.53178
0.520878 -0.0331525 1.85498 0.171329 1.71553 -0.531909
0.521546 -0.0311062 1.85463 0.171012 1.71557 -0.532037
0.522215 -0.02906 1.85428 0.170694 1.71561 -0.532166
0.522883 -0.0270137 1.85393 0.170377 1.71566 -0.532295
0.523551 -0.0249674 1.85358 0.170059 1.7157 -0.532423
0.52422 -0.0229211 1.85323 0.169742 1.71575 -0.532552
0.524888 -0.0208748 1.85288 0.169424 1.71579 -0.532681
0.525556 -0.0188286 1.85253 0.169107 1.71583 -0.53281
0.526225 -0.0167823 1.85218 0.168789 1.71588 -0.532938
0.526893 -0.014736 1.85183 0.168472 1.71592 -0.533067
0.527561 -0.0126897 1.85147 0.168154 1.71597 -0.533196
0.528229 -0.0106434 1.85112 0.167837 1.71601 -0.533324
0.528898 -0.00859715 1.85077 0.167519 1.71605 -0.533453
0.529566 -0.00655087 1.85042 0.167202 1.7161 -0.533582
0.530234 -0.00450459 1.85007 0.166884 1.71614 -0.533711
0.530903 -0.00245831 1.84972 0.166567 1.71619 -0.533839
0.531571 -0.000412028 1.84937 0.166249 1.71623 -0.533968
0.532239 0.00163425 1.84902 0.165932 1.71627 -0.534097
0.532908 0.00368053 1.84867 0.165614 1.71632 -0.534225
0.533576 0.00572682 1.84832 0.165297 1.71636 -0.534354
0.534244 0.0077731 1.84797 0.164979 1.71641 -0.534483
0.534913 0.00981938 1.84762 0.164662 1.71645 -0.534612
0.535581 0.0118657 1.84727 0.164344 1.71649 -0.53474
0.536249 0.0139119 1.84692 0.164027 1.71654 -0.534869
0.536918 0.0159582 1.84657 0.163709 1.71658 -0.534998
0.537586 0.0180045 1.84622 0.163392 1.71663 -0.535126
0.538254 0.0200508 1.84587 0.163074 1.71667 -0.535255
0.538923 0.0220971 1.84552 0.162757 1.71671 -0.535384
0.539591 0.0241433 1.84517 0.162439 1.71676 -0.535513
0.540259 0.0261896 1.84481 0.162122 1.7168 -0.535641
0.540928 0.0282359 1.84446 0.161804 1.71685 -0.53577
0.541596 0.0302822 1.84411 0.161486 1.71689 -0.535899
0.542264 0.0323273 1.84376 0.161169 1.71693 -0.536027
0.542931 0.03437 1.84341 0.160852 1.71698 -0.536156
0.543597 0.0364092 1.84306 0.160536 1.71702 -0.536284
0.544261 0.0384436 1.84272 0.16022 1.71707 -0.536412
0.544924 0.0404721 1.84237 0.159905 1.71711 -0.53654
0.545584 0.0424935 1.84202 0.159592 1.71715 -0.536667
0.546241 0.0445066 1.84168 0.159279 1.7172 -0.536793
0.546896 0.0465102 1.84133 0.158968 1.71724 -0.53692
0.547546 0.0485032 1.84099 0.158659 1.71728 -0.537045
0.548193 0.0504842 1.84065 0.158351 1.71732 -0.53717
0.548835 0.0524523 1.84032 0.158046 1.71737 -0.537293
0.549473 0.0544061 1.83998 0.157743 1.71741 -0.537416
0.550106 0.0563446 1.83965 0.157442 1.71745 -0.537538
0.550733 0.0582664 1.83932 0.157143 1.71749 -0.537659
0.551354 0.0601704 1.83899 0.156848 1.71753 -0.537779
0.55197 0.0620555 1.83867 0.156555 1.71757 -0.537897
0.552578 0.0639204 1.83835 0.156265 1.71761 -0.538015
0.553179 0.065764 1.83804 0.155979 1.71765 -0.538131
0.553773 0.0675851 1.83773 0.155696 1.71769 -0.538245
0.554359 0.0693825 1.83742 0.155416 1.71773 -0.538358
0.554937 0.071155 1.83712 0.155141 1.71777 -0.53847
0.555506 0.0729014 1.83682 0.15487 1.71781 -0.53858
0.556067 0.0746205 1.83652 0.154602 1.71784 -0.538688
0.556618 0.0763112 1.83623 0.154339 1.71788 -0.538794
0.557159 0.0779723 1.83595 0.154081 1.71791 -0.538899
0.557689 0.0796025 1.83567 0.153827 1.71795 -0.539001
0.55821 0.0812008 1.8354 0.153579 1.71798 -0.539102
0.558719 0.0827659 1.83513 0.153335 1.71802 -0.5392
0.559217 0.0842965 1.83487 0.153097 1.71805 -0.539297
0.559703 0.0857917 1.83462 0.152864 1.71808 -0.539391
0.560177 0.08725 1.83437 0.152636 1.71811 -0.539483
0.560639 0.0886705 1.83412 0.152415 1.71814 -0.539572
0.561088 0.0900542 1.83389 0.152199 1.71817 -0.539659
0.561526 0.0914024 1.83366 0.151989 1.7182 -0.539744
0.561952 0.0927162 1.83344 0.151784 1.71823 -0.539827
0.562368 0.0939967 1.83322 0.151584 1.71826 -0.539907
0.562772 0.0952453 1.83301 0.151389 1.71828 -0.539986
0.563167 0.0964631 1.8328 0.151198 1.71831 -0.540063
0.563552 0.0976512 1.8326 0.151013 1.71833 -0.540137
0.563927 0.0988109 1.8324 0.150831 1.71836 -0.54021
0.564294 0.0999434 1.83221 0.150654 1.71838 -0.540282
0.564651 0.10105 1.83202 0.150481 1.71841 -0.540351
0.565001 0.102131 1.83184 0.150311 1.71843 -0.54042
0.565343 0.103189 1.83166 0.150146 1.71845 -0.540486
0.565677 0.104224 1.83148 0.149983 1.71847 -0.540551
0.566004 0.105238 1.83131 0.149824 1.71849 -0.540615
0.566325 0.106232 1.83114 0.149668 1.71852 -0.540678
0.566639 0.107207 1.83098 0.149515 1.71854 -0.540739
0.566947 0.108164 1.83081 0.149365 1.71856 -0.5408
0.56725 0.109104 1.83066 0.149217 1.71858 -0.540859
0.567548 0.110029 1.8305 0.149072 1.7186 -0.540917
0.567841 0.11094 1.83035 0.148929 1.71861 -0.540974
0.56813 0.111838 1.83019 0.148788 1.71863 -0.541031
0.568415 0.112724 1.83004 0.148648 1.71865 -0.541087
0.568697 0.113599 1.8299 0.148511 1.71867 -0.541142
0.568975 0.114465 1.82975 0.148374 1.71869 -0.541197
0.569251 0.115322 1.82961 0.148239 1.71871 -0.541251
0.569524 0.116172 1.82946 0.148105 1.71872 -0.541304
0.569795 0.117017 1.82932 0.147972 1.71874 -0.541357
0.570065 0.117856 1.82918 0.14784 1.71876 -0.54141
0.570333 0.118692 1.82904 0.147708 1.71878 -0.541463
0.570601 0.119526 1.8289 0.147577 1.71879 -0.541516
0.570868 0.120359 1.82876 0.147446 1.71881 -0.541568
0.571135 0.121191 1.82862 0.147315 1.71883 -0.54162
0.571403 0.122025 1.82848 0.147183 1.71885 -0.541673
0.571671 0.12286 1.82834 0.147052 1.71886 -0.541726
0.57194 0.123697 1.82819 0.14692 1.71888 -0.541778
0.57221 0.124538 1.82805 0.146787 1.7189 -0.541831
0.572481 0.125382 1.82791 0.146654 1.71892 -0.541885
0.572753 0.126232 1.82777 0.14652 1.71893 -0.541938
0.573027 0.127087 1.82762 0.146385 1.71895 -0.541992
0.573303 0.127948 1.82748 0.146249 1.71897 -0.542046
0.573581 0.128817 1.82733 0.146112 1.71899 -0.542101
0.573862 0.129693 1.82719 0.145974 1.71901 -0.542156
0.574145 0.130579 1.82704 0.145834 1.71903 -0.542212
0.574432 0.131474 1.82689 0.145692 1.71904 -0.542269
0.574721 0.132379 1.82673 0.145549 1.71906 -0.542326
0.575014 0.133296 1.82658 0.145404 1.71908 -0.542384
0.575311 0.134225 1.82643 0.145257 1.7191 -0.542442
0.575611 0.135166 1.82627 0.145108 1.71912 -0.542501
0.575915 0.136121 1.82611 0.144956 1.71914 -0.542562
0.576224 0.137091 1.82595 0.144802 1.71916 -0.542623
0.576538 0.138076 1.82578 0.144646 1.71918 -0.542685
0.576856 0.139076 1.82561 0.144487 1.7192 -0.542748
0.57718 0.140094 1.82544 0.144325 1.71922 -0.542812
0.577509 0.141129 1.82527 0.144161 1.71924 -0.542878
0.577843 0.142183 1.8251 0.143993 1.71927 -0.542944
0.578183 0.143256 1.82492 0.143822 1.71929 -0.543012
0.57853 0.144349 1.82473 0.143648 1.71931 -0.543081
0.578882 0.145463 1.82455 0.14347 1.71933 -0.543151
0.579241 0.146598 1.82436 0.143289 1.71936 -0.543223
0.579608 0.147756 1.82417 0.143104 1.71938 -0.543296
0.579981 0.148937 1.82397 0.142915 1.7194 -0.543371
0.580361 0.150142 1.82377 0.142723 1.71943 -0.543447
0.580749 0.151372 1.82357 0.142526 1.71945 -0.543524
0.581145 0.152627 1.82336 0.142325 1.71948 -0.543604
0.581548 0.153908 1.82315 0.142119 1.7195 -0.543685
0.581958 0.155212 1.82293 0.14191 1.71953 -0.543767
0.582376 0.15654 1.82271 0.141697 1.71956 -0.543851
0.5828 0.15789 1.82249 0.141481 1.71959 -0.543936
0.583231 0.159262 1.82227 0.14126 1.71961 -0.544023
0.583669 0.160654 1.82204 0.141037 1.71964 -0.544111
0.584112 0.162067 1.8218 0.14081 1.71967 -0.5442
0.584561 0.163499 1.82157 0.140579 1.7197 -0.54429
0.585016 0.164949 1.82133 0.140346 1.71973 -0.544382
0.585476 0.166417 1.82109 0.14011 1.71976 -0.544475
0.585941 0.167902 1.82084 0.139871 1.71979 -0.544569
0.586411 0.169402 1.82059 0.13963 1.71982 -0.544664
0.586886 0.170918 1.82035 0.139386 1.71985 -0.544759
0.587365 0.172449 1.82009 0.139139 1.71988 -0.544856
0.587848 0.173993 1.81984 0.13889 1.71991 -0.544954
0.588336 0.17555 1.81958 0.138639 1.71994 -0.545052
0.588826 0.177118 1.81933 0.138387 1.71997 -0.545151
0.589321 0.178699 1.81907 0.138132 1.72001 -0.545251
0.589818 0.180289 1.81881 0.137876 1.72004 -0.545352
0.590318 0.181889 1.81854 0.137618 1.72007 -0.545453
0.590821 0.183498 1.81828 0.137358 1.7201 -0.545555
0.591326 0.185115 1.81801 0.137097 1.72013 -0.545657
0.591834 0.186739 1.81775 0.136835 1.72017 -0.545759
0.592343 0.18837 1.81748 0.136572 1.7202 -0.545862
0.592855 0.190006 1.81721 0.136308 1.72023 -0.545966
0.593367 0.191647 1.81694 0.136044 1.72026 -0.54607
0.593881 0.193292 1.81667 0.135778 1.7203 -0.546174
0.594396 0.19494 1.8164 0.135512 1.72033 -0.546278
0.594912 0.19659 1.81613 0.135246 1.72036 -0.546382
0.595428 0.198242 1.81586 0.134979 1.7204 -0.546487
0.595944 0.199895 1.81559 0.134713 1.72043 -0.546591
0.59646 0.201548 1.81532 0.134446 1.72046 -0.546696
0.596977 0.203203 1.81504 0.134179 1.7205 -0.5468
0.597495 0.204861 1.81477 0.133912 1.72053 -0.546905
0.598014 0.206523 1.8145 0.133643 1.72056 -0.54701
0.598535 0.208192 1.81423 0.133374 1.7206 -0.547116
0.599059 0.209869 1.81395 0.133103 1.72063 -0.547222
0.599585 0.211556 1.81367 0.132831 1.72066 -0.547328
0.600115 0.213254 1.8134 0.132557 1.7207 -0.547436
0.600649 0.214964 1.81311 0.13228 1.72073 -0.547544
0.601187 0.216689 1.81283 0.132002 1.72077 -0.547653
0.60173 0.21843 1.81255 0.131721 1.7208 -0.547763
0.602279 0.220189 1.81226 0.131436 1.72084 -0.547874
0.602833 0.221967 1.81197 0.131149 1.72087 -0.547987
0.603393 0.223766 1.81167 0.130858 1.72091 -0.5481
0.603961 0.225587 1.81137 0.130564 1.72094 -0.548216
0.604536 0.227432 1.81107 0.130265 1.72098 -0.548332
0.605118 0.229303 1.81077 0.129962 1.72102 -0.548451
0.605709 0.231201 1.81046 0.129655 1.72106 -0.548571
0.606308 0.233128 1.81014 0.129343 1.7211 -0.548692
0.606917 0.235086 1.80982 0.129026 1.72113 -0.548816
0.607535 0.237075 1.8095 0.128704 1.72117 -0.548942
0.608164 0.239098 1.80917 0.128376 1.72121 -0.54907
0.608803 0.241157 1.80883 0.128042 1.72126 -0.5492
0.609454 0.243252 1.80849 0.127703 1.7213 -0.549333
0.610116 0.245386 1.80814 0.127356 1.72134 -0.549468
0.61079 0.247559 1.80779 0.127004 1.72138 -0.549605
0.611477 0.249775 1.80742 0.126644 1.72143 -0.549746
0.612177 0.252033 1.80706 0.126277 1.72147 -0.549888
0.612891 0.254337 1.80668 0.125903 1.72152 -0.550034
0.613619 0.256687 1.8063 0.125521 1.72156 -0.550183
0.614361 0.259085 1.80591 0.125131 1.72161 -0.550335
0.615119 0.261533 1.80551 0.124733 1.72166 -0.55049
0.615892 0.264032 1.8051 0.124327 1.72171 -0.550648
0.61668 0.26658 1.80469 0.123912 1.72176 -0.550809
0.617483 0.269177 1.80427 0.123489 1.72181 -0.550973
0.6183 0.27182 1.80384 0.123059 1.72186 -0.551141
0.61913 0.274508 1.8034 0.122621 1.72191 -0.551311
0.619974 0.27724 1.80296 0.122176 1.72197 -0.551484
0.62083 0.280013 1.80251 0.121725 1.72202 -0.551659
0.621698 0.282826 1.80205 0.121266 1.72208 -0.551837
0.622578 0.285677 1.80159 0.120802 1.72213 -0.552018
0.62347 0.288566 1.80112 0.120331 1.72219 -0.552201
0.624372 0.291489 1.80065 0.119854 1.72225 -0.552386
0.625284 0.294446 1.80017 0.119372 1.72231 -0.552573
0.626206 0.297436 1.79968 0.118884 1.72237 -0.552762
0.627137 0.300456 1.79919 0.118392 1.72243 -0.552953
0.628077 0.303504 1.7987 0.117895 1.72248 -0.553146
0.629025 0.30658 1.7982 0.117393 1.72255 -0.553341
0.629981 0.309681 1.7977 0.116887 1.72261 -0.553537
0.630944 0.312807 1.79719 0.116377 1.72267 -0.553735
0.631914 0.315955 1.79668 0.115863 1.72273 -0.553935
0.63289 0.319124 1.79617 0.115346 1.72279 -0.554135
0.633872 0.322312 1.79565 0.114826 1.72285 -0.554337
0.63486 0.325517 1.79513 0.114302 1.72292 -0.55454
0.635852 0.328739 1.79461 0.113776 1.72298 -0.554744
0.636849 0.331975 1.79409 0.113248 1.72304 -0.554949
0.63785 0.335224 1.79356 0.112718 1.72311 -0.555155
0.638854 0.338484 1.79303 0.112185 1.72317 -0.555361
0.639861 0.341754 1.7925 0.111652 1.72324 -0.555568
0.64087 0.345032 1.79197 0.111116 1.7233 -0.555776
0.641882 0.348316 1.79144 0.11058 1.72336 -0.555984
0.642894 0.351605 1.79091 0.110043 1.72343 -0.556192
0.643908 0.354897 1.79038 0.109506 1.72349 -0.5564
0.644922 0.358191 1.78984 0.108968 1.72356 -0.556609
0.645937 0.361484 1.78931 0.10843 1.72362 -0.556817
0.646951 0.364779 1.78878 0.107892 1.72369 -0.557026
0.647966 0.368075 1.78824 0.107354 1.72375 -0.557235
0.648982 0.371374 1.78771 0.106815 1.72382 -0.557444
0.649999 0.374676 1.78718 0.106276 1.72388 -0.557653
0.651017 0.377981 1.78664 0.105736 1.72395 -0.557862
0.652036 0.381292 1.7861 0.105196 1.72401 -0.558072
0.653057 0.384608 1.78557 0.104654 1.72408 -0.558282
0.65408 0.387931 1.78503 0.104112 1.72414 -0.558492
0.655105 0.391261 1.78449 0.103568 1.72421 -0.558703
0.656133 0.394598 1.78395 0.103023 1.72427 -0.558914
0.657163 0.397945 1.78341 0.102476 1.72434 -0.559126
0.658197 0.401301 1.78287 0.101928 1.7244 -0.559339
0.659233 0.404668 1.78232 0.101378 1.72447 -0.559552
0.660273 0.408046 1.78177 0.100827 1.72453 -0.559766
0.661316 0.411436 1.78123 0.100273 1.7246 -0.55998
0.662364 0.414838 1.78068 0.0997172 1.72467 -0.560196
0.663415 0.418255 1.78012 0.0991592 1.72473 -0.560412
0.664471 0.421686 1.77957 0.0985988 1.7248 -0.560629
0.665531 0.425132 1.77901 0.0980358 1.72487 -0.560848
0.666597 0.428594 1.77845 0.0974702 1.72494 -0.561067
0.667667 0.432072 1.77789 0.0969018 1.72501 -0.561287
0.668743 0.435569 1.77732 0.0963305 1.72507 -0.561509
0.669824 0.439084 1.77675 0.0957562 1.72514 -0.561731
0.670912 0.442618 1.77618 0.0951787 1.72521 -0.561955
0.672005 0.446172 1.77561 0.0945979 1.72528 -0.56218
0.673104 0.449747 1.77503 0.0940136 1.72535 -0.562406
0.674211 0.453344 1.77445 0.0934258 1.72542 -0.562634
0.675324 0.456963 1.77386 0.0928342 1.72549 -0.562863
0.676444 0.460605 1.77327 0.0922388 1.72556 -0.563094
0.677571 0.464271 1.77268 0.0916395 1.72564 -0.563326
0.678706 0.467962 1.77208 0.091036 1.72571 -0.56356
0.679849 0.471679 1.77148 0.0904283 1.72578 -0.563795
0.680999 0.475421 1.77088 0.0898165 1.72585 -0.564032
0.682156 0.479186 1.77027 0.0892008 1.72593 -0.564271
0.683321 0.482975 1.76966 0.0885812 1.726 -0.564511
0.684492 0.486787 1.76904 0.0879579 1.72608 -0.564752
0.68567 0.49062 1.76842 0.087331 1.72615 -0.564995
0.686854 0.494473 1.7678 0.0867007 1.72623 -0.565239
0.688045 0.498347 1.76717 0.086067 1.7263 -0.565484
0.689241 0.50224 1.76655 0.0854302 1.72638 -0.565731
0.690442 0.506152 1.76591 0.0847904 1.72645 -0.565978
0.69165 0.510081 1.76528 0.0841476 1.72653 -0.566227
0.692862 0.514027 1.76464 0.083502 1.72661 -0.566477
0.694079 0.517989 1.764 0.0828539 1.72669 -0.566728
0.695301 0.521966 1.76336 0.0822031 1.72676 -0.56698
0.696527 0.525957 1.76272 0.0815501 1.72684 -0.567233
0.697757 0.529963 1.76207 0.0808947 1.72692 -0.567487
0.698991 0.533981 1.76142 0.0802372 1.727 -0.567741
0.700229 0.538011 1.76077 0.0795778 1.72708 -0.567996
0.70147 0.542052 1.76012 0.0789165 1.72716 -0.568252
0.702714 0.546104 1.75946 0.0782535 1.72723 -0.568509
0.703961 0.550165 1.75881 0.0775889 1.72731 -0.568766
0.705211 0.554235 1.75815 0.0769228 1.72739 -0.569024
0.706463 0.558313 1.75749 0.0762554 1.72747 -0.569282
0.707718 0.562398 1.75683 0.0755869 1.72755 -0.569541
0.708974 0.56649 1.75617 0.0749172 1.72763 -0.5698
0.710233 0.570588 1.75551 0.0742467 1.72771 -0.57006
0.711492 0.57469 1.75485 0.0735753 1.72779 -0.570319
0.712753 0.578796 1.75418 0.0729033 1.72787 -0.57058
0.714015 0.582905 1.75352 0.0722307 1.72795 -0.57084
0.715277 0.587017 1.75286 0.0715578 1.72803 -0.5711
0.71654 0.59113 1.75219 0.0708846 1.72811 -0.571361
0.717804 0.595245 1.75153 0.0702112 1.72819 -0.571621
0.719067 0.599359 1.75086 0.0695379 1.72827 -0.571882
0.72033 0.603473 1.7502 0.0688645 1.72835 -0.572143
0.721593 0.607587 1.74954 0.0681912 1.72843 -0.572403
0.722857 0.611701 1.74887 0.0675179 1.72851 -0.572664
0.72412 0.615815 1.74821 0.0668445 1.7286 -0.572924
0.725383 0.61993 1.74754 0.0661712 1.72868 -0.573185
0.726646 0.624044 1.74688 0.0654978 1.72876 -0.573445
0.72791 0.628158 1.74622 0.0648245 1.72884 -0.573706
0.729173 0.632272 1.74555 0.0641511 1.72892 -0.573967
0.730436 0.636386 1.74489 0.0634778 1.729 -0.574227
0.731699 0.6405 1.74422 0.0628044 1.72908 -0.574488
0.732963 0.644615 1.74356 0.0621311 1.72916 -0.574748
0.734226 0.648729 1.74289 0.0614578 1.72924 -0.575009
0.735489 0.652843 1.74223 0.0607844 1.72932 -0.57527
0.736752 0.656957 1.74157 0.0601111 1.7294 -0.57553
0.738016 0.661071 1.7409 0.0594377 1.72948 -0.575791
0.739279 0.665185 1.74024 0.0587644 1.72956 -0.576051
0.740542 0.6693 1.73957 0.058091 1.72964 -0.576312
0.741806 0.673414 1.73891 0.0574177 1.72972 -0.576572
0.743069 0.677528 1.73825 0.0567444 1.7298 -0.576833
0.744332 0.681642 1.73758 0.056071 1.72988 -0.577094
0.745595 0.685756 1.73692 0.0553977 1.72996 -0.577354
0.746859 0.68987 1.73625 0.0547243 1.73004 -0.577615
0.748122 0.693985 1.73559 0.054051 1.73012 -0.577875
0.749385 0.698099 1.73493 0.0533776 1.7302 -0.578136
0.750648 0.702213 1.73426 0.0527043 1.73028 -0.578397
0.751912 0.706327 1.7336 0.052031 1.73036 -0.578657
0.753175 0.710441 1.73293 0.0513576 1.73044 -0.578918
0.754438 0.714555 1.73227 0.0506843 1.73052 -0.579178
0.755701 0.71867 1.7316 0.0500109 1.7306 -0.579439
0.756965 0.722784 1.73094 0.0493376 1.73068 -0.579699
0.758228 0.726898 1.73028 0.0486642 1.73076 -0.57996
