0.625763 0.492585 1.13739 0.497952 0.468955 0.729221 0.0190217
0.626171 0.492273 1.13776 0.498009 0.469356 0.728934 0.0186218
0.626579 0.491961 1.13814 0.498066 0.469758 0.728647 0.0182217
0.626986 0.491649 1.13851 0.498122 0.470159 0.72836 0.0178214
0.627392 0.491336 1.13888 0.498177 0.47056 0.728073 0.0174208
0.627798 0.491023 1.13926 0.498231 0.47096 0.727786 0.0170201
0.628203 0.490709 1.13963 0.498284 0.471361 0.727499 0.0166191
0.628607 0.490395 1.14 0.498336 0.471762 0.727213 0.0162179
0.629011 0.490081 1.14038 0.498388 0.472163 0.726926 0.0158164
0.629415 0.489767 1.14075 0.498438 0.472563 0.72664 0.0154148
0.629818 0.489452 1.14113 0.498487 0.472964 0.726354 0.0150129
0.63022 0.489136 1.1415 0.498535 0.473365 0.726068 0.0146109
0.630621 0.488821 1.14187 0.498583 0.473765 0.725782 0.0142086
0.631022 0.488505 1.14225 0.498629 0.474166 0.725497 0.0138061
0.631423 0.488189 1.14262 0.498675 0.474566 0.725211 0.0134034
0.631823 0.487872 1.143 0.498719 0.474966 0.724926 0.0130006
0.632222 0.487556 1.14337 0.498763 0.475367 0.72464 0.0125975
0.63262 0.487239 1.14374 0.498806 0.475767 0.724355 0.0121942
0.633018 0.486921 1.14412 0.498847 0.476167 0.72407 0.0117907
0.633416 0.486603 1.14449 0.498888 0.476567 0.723785 0.011387
0.633813 0.486285 1.14487 0.498928 0.476967 0.7235 0.0109831
0.634209 0.485967 1.14524 0.498967 0.477367 0.723216 0.010579
0.634605 0.485648 1.14561 0.499005 0.477767 0.722931 0.0101748
0.635 0.485329 1.14599 0.499041 0.478167 0.722647 0.00977033
0.635394 0.48501 1.14636 0.499077 0.478567 0.722363 0.00936569
0.635788 0.48469 1.14674 0.499113 0.478966 0.722079 0.00896086
0.636181 0.48437 1.14711 0.499147 0.479366 0.721795 0.00855585
0.636574 0.48405 1.14749 0.49918 0.479766 0.721511 0.00815065
0.636966 0.483729 1.14786 0.499212 0.480165 0.721227 0.00774527
0.637358 0.483408 1.14824 0.499243 0.480565 0.720944 0.00733972
0.637749 0.483087 1.14861 0.499273 0.480964 0.720661 0.00693399
0.638139 0.482766 1.14898 0.499303 0.481363 0.720377 0.00652808
0.638529 0.482444 1.14936 0.499331 0.481763 0.720094 0.006122
0.638918 0.482122 1.14973 0.499359 0.482162 0.719811 0.00571574
0.639307 0.481799 1.15011 0.499385 0.482561 0.719529 0.00530932
0.639695 0.481477 1.15048 0.499411 0.48296 0.719246 0.00490273
0.640082 0.481154 1.15086 0.499435 0.483359 0.718963 0.00449597
0.640469 0.48083 1.15123 0.499459 0.483758 0.718681 0.00408904
0.640855 0.480507 1.15161 0.499481 0.484157 0.718399 0.00368196
0.64124 0.480183 1.15198 0.499503 0.484556 0.718117 0.00327471
0.641625 0.479859 1.15236 0.499524 0.484954 0.717835 0.0028673
0.64201 0.479534 1.15273 0.499544 0.485353 0.717553 0.00245973
0.642394 0.479209 1.15311 0.499562 0.485752 0.717272 0.00205201
0.642777 0.478884 1.15348 0.49958 0.48615 0.71699 0.00164413
0.64316 0.478559 1.15386 0.499597 0.486548 0.716709 0.0012361
0.643542 0.478233 1.15423 0.499613 0.486947 0.716428 0.000827913
0.643923 0.477907 1.15461 0.499628 0.487345 0.716147 0.000419582
0.644304 0.477581 1.15498 0.499642 0.487743 0.715866 1.11027e-05
0.644684 0.477255 1.15536 0.499655 0.488142 0.715585 -0.000397522
0.645064 0.476928 1.15574 0.499667 0.48854 0.715305 -0.000806291
0.645443 0.476601 1.15611 0.499679 0.488938 0.715024 -0.0012152
0.645822 0.476274 1.15649 0.499689 0.489336 0.714744 -0.00162425
0.646199 0.475946 1.15686 0.499698 0.489733 0.714464 -0.00203344
0.646577 0.475618 1.15724 0.499706 0.490131 0.714184 -0.00244277
0.646953 0.47529 1.15761 0.499714 0.490529 0.713904 -0.00285223
0.64733 0.474962 1.15799 0.49972 0.490927 0.713625 -0.00326183
0.647705 0.474633 1.15836 0.499726 0.491324 0.713345 -0.00367156
0.64808 0.474304 1.15874 0.49973 0.491722 0.713066 -0.00408142
0.648455 0.473975 1.15912 0.499734 0.492119 0.712787 -0.0044914
0.648828 0.473645 1.15949 0.499736 0.492516 0.712508 -0.00490151
0.649201 0.473315 1.15987 0.499738 0.492914 0.712229 -0.00531175
0.649574 0.472985 1.16024 0.499738 0.493311 0.71195 -0.00572211
0.649946 0.472655 1.16062 0.499738 0.493708 0.711672 -0.00613259
0.650318 0.472325 1.161 0.499737 0.494105 0.711394 -0.00654319
0.650688 0.471994 1.16137 0.499734 0.494502 0.711115 -0.00695391
0.651059 0.471663 1.16175 0.499731 0.494899 0.710837 -0.00736475
0.651428 0.471331 1.16212 0.499727 0.495296 0.71056 -0.00777569
0.651797 0.471 1.1625 0.499722 0.495692 0.710282 -0.00818675
0.652166 0.470668 1.16288 0.499716 0.496089 0.710004 -0.00859792
0.652534 0.470336 1.16325 0.499709 0.496485 0.709727 -0.0090092
0.652901 0.470003 1.16363 0.499701 0.496882 0.70945 -0.00942059
0.653268 0.469671 1.164 0.499692 0.497278 0.709173 -0.00983208
0.653634 0.469338 1.16438 0.499682 0.497675 0.708896 -0.0102437
0.653999 0.469005 1.16476 0.499671 0.498071 0.708619 -0.0106554
0.654364 0.468671 1.16513 0.499659 0.498467 0.708343 -0.0110672
0.654729 0.468338 1.16551 0.499646 0.498863 0.708066 -0.0114791
0.655092 0.468004 1.16589 0.499632 0.499259 0.70779 -0.0118911
0.655456 0.46767 1.16626 0.499618 0.499655 0.707514 -0.0123031
0.655818 0.467335 1.16664 0.499602 0.500051 0.707238 -0.0127153
0.65618 0.467001 1.16702 0.499585 0.500446 0.706962 -0.0131276
0.656542 0.466666 1.16739 0.499567 0.500842 0.706687 -0.01354
0.656903 0.466331 1.16777 0.499549 0.501237 0.706412 -0.0139524
0.657263 0.465995 1.16815 0.499529 0.501633 0.706136 -0.0143649
0.657623 0.46566 1.16852 0.499509 0.502028 0.705861 -0.0147776
0.657982 0.465324 1.1689 0.499487 0.502423 0.705587 -0.0151903
0.65834 0.464988 1.16928 0.499465 0.502819 0.705312 -0.015603
0.658698 0.464652 1.16965 0.499441 0.503214 0.705037 -0.0160159
0.659055 0.464315 1.17003 0.499417 0.503609 0.704763 -0.0164288
0.659412 0.463978 1.17041 0.499392 0.504004 0.704489 -0.0168418
0.659768 0.463641 1.17078 0.499365 0.504398 0.704215 -0.0172549
0.660124 0.463304 1.17116 0.499338 0.504793 0.703941 -0.0176681
0.660479 0.462967 1.17154 0.49931 0.505188 0.703668 -0.0180813
0.660833 0.462629 1.17191 0.499281 0.505582 0.703394 -0.0184946
0.661187 0.462291 1.17229 0.49925 0.505977 0.703121 -0.018908
0.66154 0.461953 1.17267 0.499219 0.506371 0.702848 -0.0193214
0.661893 0.461615 1.17305 0.499187 0.506765 0.702575 -0.0197349
0.662245 0.461276 1.17342 0.499154 0.50716 0.702302 -0.0201484
0.662597 0.460937 1.1738 0.49912 0.507554 0.70203 -0.020562
0.662947 0.460598 1.17418 0.499085 0.507948 0.701757 -0.0209756
0.663297 0.460259 1.17456 0.499049 0.508341 0.701485 -0.021389
0.663647 0.45992 1.17493 0.499012 0.508735 0.701214 -0.0218022
0.663995 0.459581 1.17531 0.498975 0.509127 0.700942 -0.0222151
0.664342 0.459243 1.17568 0.498936 0.50952 0.700672 -0.0226275
0.664689 0.458904 1.17606 0.498896 0.509911 0.700402 -0.0230395
0.665034 0.458566 1.17644 0.498856 0.510302 0.700132 -0.0234507
0.665378 0.458229 1.17681 0.498814 0.510692 0.699863 -0.0238613
0.665721 0.457891 1.17718 0.498772 0.511081 0.699595 -0.024271
0.666062 0.457555 1.17756 0.498729 0.511469 0.699328 -0.0246798
0.666402 0.457219 1.17793 0.498685 0.511856 0.699061 -0.0250876
0.66674 0.456884 1.1783 0.49864 0.512242 0.698796 -0.0254943
0.667077 0.456549 1.17867 0.498595 0.512627 0.698532 -0.0258998
0.667412 0.456216 1.17904 0.498549 0.51301 0.698268 -0.0263039
0.667745 0.455883 1.1794 0.498502 0.513391 0.698006 -0.0267067
0.668076 0.455552 1.17977 0.498454 0.513772 0.697745 -0.0271079
0.668406 0.455222 1.18013 0.498405 0.51415 0.697485 -0.0275075
0.668734 0.454893 1.1805 0.498356 0.514527 0.697226 -0.0279054
0.669059 0.454565 1.18086 0.498307 0.514902 0.696969 -0.0283015
0.669383 0.454239 1.18122 0.498256 0.515275 0.696713 -0.0286957
0.669704 0.453914 1.18158 0.498205 0.515646 0.696459 -0.0290879
0.670023 0.453591 1.18193 0.498154 0.516015 0.696206 -0.029478
0.67034 0.45327 1.18229 0.498101 0.516381 0.695955 -0.0298659
0.670654 0.45295 1.18264 0.498049 0.516746 0.695706 -0.0302515
0.670966 0.452632 1.18299 0.497995 0.517108 0.695458 -0.0306348
0.671275 0.452316 1.18333 0.497942 0.517467 0.695212 -0.0310155
0.671582 0.452002 1.18368 0.497888 0.517824 0.694968 -0.0313936
0.671886 0.45169 1.18402 0.497833 0.518179 0.694725 -0.0317691
0.672187 0.451381 1.18436 0.497778 0.518531 0.694485 -0.0321417
0.672486 0.451073 1.1847 0.497723 0.518879 0.694247 -0.0325115
0.672781 0.450768 1.18503 0.497668 0.519225 0.694011 -0.0328783
0.673074 0.450465 1.18537 0.497612 0.519568 0.693777 -0.0332421
0.673364 0.450165 1.1857 0.497556 0.519909 0.693545 -0.0336028
0.673651 0.449867 1.18602 0.497499 0.520246 0.693315 -0.0339607
0.673936 0.449571 1.18635 0.497443 0.52058 0.693087 -0.0343157
0.674217 0.449277 1.18667 0.497386 0.520912 0.692861 -0.0346681
0.674497 0.448985 1.18699 0.497329 0.521242 0.692636 -0.0350179
0.674774 0.448695 1.1873 0.497271 0.521569 0.692414 -0.0353651
0.675048 0.448408 1.18762 0.497213 0.521893 0.692193 -0.03571
0.675321 0.448121 1.18793 0.497155 0.522216 0.691974 -0.0360525
0.675591 0.447837 1.18824 0.497097 0.522536 0.691756 -0.0363928
0.675859 0.447554 1.18855 0.497038 0.522854 0.69154 -0.036731
0.676125 0.447273 1.18886 0.49698 0.52317 0.691325 -0.0370671
0.67639 0.446994 1.18916 0.49692 0.523485 0.691112 -0.0374014
0.676652 0.446715 1.18947 0.496861 0.523797 0.690899 -0.0377338
0.676913 0.446438 1.18977 0.496801 0.524108 0.690688 -0.0380644
0.677172 0.446163 1.19007 0.496741 0.524417 0.690479 -0.0383934
0.67743 0.445888 1.19037 0.496681 0.524725 0.69027 -0.0387208
0.677686 0.445615 1.19067 0.49662 0.525031 0.690063 -0.0390468
0.67794 0.445343 1.19096 0.496559 0.525336 0.689856 -0.0393714
0.678194 0.445071 1.19126 0.496498 0.525639 0.68965 -0.0396948
0.678446 0.444801 1.19155 0.496436 0.525942 0.689446 -0.040017
0.678696 0.444531 1.19185 0.496374 0.526243 0.689242 -0.0403381
0.678946 0.444262 1.19214 0.496311 0.526544 0.689038 -0.0406582
0.679195 0.443994 1.19243 0.496248 0.526843 0.688836 -0.0409775
0.679443 0.443726 1.19272 0.496185 0.527142 0.688634 -0.041296
0.67969 0.443458 1.19301 0.496121 0.52744 0.688432 -0.0416137
0.679936 0.443192 1.19331 0.496057 0.527738 0.688231 -0.0419309
0.680181 0.442925 1.19359 0.495992 0.528034 0.688031 -0.0422476
0.680426 0.442658 1.19388 0.495927 0.528331 0.687831 -0.0425639
0.68067 0.442392 1.19417 0.495861 0.528627 0.687631 -0.0428798
0.680914 0.442126 1.19446 0.495795 0.528923 0.687431 -0.0431956
0.681158 0.44186 1.19475 0.495728 0.529219 0.687232 -0.0435112
0.681401 0.441593 1.19504 0.495661 0.529514 0.687033 -0.0438268
0.681643 0.441327 1.19533 0.495593 0.52981 0.686833 -0.0441423
0.681886 0.441061 1.19562 0.495525 0.530105 0.686634 -0.0444578
0.682127 0.440794 1.19591 0.495456 0.530401 0.686436 -0.044773
0.682369 0.440528 1.1962 0.495387 0.530696 0.686237 -0.045088
0.68261 0.440262 1.19648 0.495317 0.53099 0.686039 -0.0454028
0.68285 0.439996 1.19677 0.495246 0.531285 0.685841 -0.0457172
0.68309 0.43973 1.19706 0.495175 0.531579 0.685643 -0.0460313
0.683329 0.439465 1.19735 0.495104 0.531872 0.685446 -0.0463449
0.683567 0.439199 1.19764 0.495032 0.532165 0.685249 -0.0466581
0.683805 0.438934 1.19792 0.49496 0.532458 0.685053 -0.0469708
0.684042 0.43867 1.19821 0.494887 0.53275 0.684857 -0.047283
0.684279 0.438405 1.19849 0.494814 0.533041 0.684661 -0.0475945
0.684514 0.438142 1.19878 0.494741 0.533332 0.684466 -0.0479053
0.684749 0.437878 1.19906 0.494667 0.533622 0.684272 -0.0482155
0.684982 0.437616 1.19935 0.494593 0.533911 0.684078 -0.0485249
0.685215 0.437354 1.19963 0.494518 0.534199 0.683885 -0.0488335
0.685447 0.437092 1.19991 0.494443 0.534487 0.683692 -0.0491412
0.685678 0.436831 1.2002 0.494368 0.534774 0.6835 -0.0494481
0.685908 0.436571 1.20048 0.494292 0.535059 0.683309 -0.049754
0.686137 0.436311 1.20076 0.494216 0.535344 0.683118 -0.0500589
0.686365 0.436053 1.20104 0.49414 0.535628 0.682929 -0.0503627
0.686592 0.435795 1.20132 0.494064 0.535911 0.68274 -0.0506655
0.686818 0.435538 1.20159 0.493987 0.536193 0.682551 -0.0509671
0.687042 0.435282 1.20187 0.493911 0.536473 0.682364 -0.0512675
0.687266 0.435027 1.20214 0.493834 0.536752 0.682177 -0.0515667
0.687488 0.434773 1.20242 0.493756 0.537031 0.681992 -0.0518646
0.687709 0.434519 1.20269 0.493679 0.537307 0.681807 -0.0521612
0.687928 0.434267 1.20296 0.493602 0.537583 0.681623 -0.0524564
0.688147 0.434017 1.20323 0.493524 0.537857 0.681441 -0.0527502
0.688364 0.433767 1.2035 0.493446 0.53813 0.681259 -0.0530425
0.688579 0.433518 1.20377 0.493368 0.538401 0.681078 -0.0533332
0.688793 0.433271 1.20404 0.493291 0.538671 0.680898 -0.0536224
0.689006 0.433025 1.2043 0.493213 0.538939 0.68072 -0.0539101
0.689217 0.43278 1.20457 0.493135 0.539206 0.680542 -0.0541962
0.689427 0.432536 1.20483 0.493057 0.539472 0.680365 -0.054481
0.689636 0.432293 1.20509 0.492979 0.539736 0.68019 -0.0547643
0.689844 0.432052 1.20535 0.4929 0.539999 0.680015 -0.0550464
0.69005 0.431811 1.20561 0.492822 0.540261 0.679841 -0.0553271
0.690256 0.431571 1.20587 0.492743 0.540521 0.679668 -0.0556066
0.69046 0.431333 1.20612 0.492665 0.540781 0.679496 -0.0558849
0.690663 0.431095 1.20638 0.492586 0.541039 0.679324 -0.0561621
0.690865 0.430858 1.20663 0.492507 0.541296 0.679153 -0.0564382
0.691066 0.430622 1.20689 0.492428 0.541553 0.678983 -0.0567132
0.691267 0.430386 1.20714 0.492349 0.541808 0.678814 -0.0569872
0.691466 0.430151 1.20739 0.49227 0.542063 0.678645 -0.0572603
0.691664 0.429917 1.20764 0.492191 0.542316 0.678477 -0.0575325
0.691862 0.429684 1.20789 0.492111 0.542569 0.67831 -0.0578038
0.692059 0.429451 1.20814 0.492031 0.542821 0.678143 -0.0580743
0.692255 0.429219 1.20839 0.491951 0.543072 0.677977 -0.0583441
0.69245 0.428987 1.20864 0.491871 0.543323 0.677811 -0.0586131
0.692644 0.428756 1.20889 0.491791 0.543573 0.677646 -0.0588815
0.692838 0.428525 1.20914 0.49171 0.543822 0.677481 -0.0591492
0.693032 0.428295 1.20939 0.491629 0.544071 0.677316 -0.0594164
0.693225 0.428065 1.20963 0.491548 0.544319 0.677152 -0.059683
0.693417 0.427835 1.20988 0.491466 0.544567 0.676988 -0.0599492
0.693608 0.427606 1.21013 0.491385 0.544815 0.676825 -0.060215
0.6938 0.427377 1.21037 0.491303 0.545062 0.676662 -0.0604803
0.69399 0.427148 1.21062 0.49122 0.545309 0.676499 -0.0607454
0.694181 0.426919 1.21086 0.491138 0.545555 0.676337 -0.0610101
0.694371 0.42669 1.21111 0.491055 0.545801 0.676174 -0.0612747
0.694561 0.426462 1.21135 0.490971 0.546047 0.676012 -0.061539
0.69475 0.426233 1.2116 0.490888 0.546293 0.67585 -0.0618032
0.694939 0.426004 1.21184 0.490804 0.546539 0.675688 -0.0620672
0.695128 0.425776 1.21209 0.490719 0.546785 0.675526 -0.0623313
0.695317 0.425547 1.21233 0.490634 0.54703 0.675365 -0.0625952
0.695505 0.425319 1.21258 0.490549 0.547276 0.675203 -0.0628588
0.695693 0.42509 1.21282 0.490464 0.547521 0.675042 -0.0631221
0.69588 0.424862 1.21307 0.490378 0.547766 0.674881 -0.063385
0.696067 0.424635 1.21331 0.490292 0.54801 0.674721 -0.0636473
0.696253 0.424408 1.21355 0.490206 0.548253 0.674561 -0.0639091
0.696438 0.424181 1.2138 0.490119 0.548496 0.674401 -0.0641701
0.696623 0.423955 1.21404 0.490033 0.548738 0.674242 -0.0644303
0.696807 0.42373 1.21428 0.489946 0.548979 0.674084 -0.0646896
0.69699 0.423505 1.21452 0.48986 0.54922 0.673926 -0.0649478
0.697172 0.423282 1.21476 0.489773 0.549459 0.67377 -0.065205
0.697353 0.423059 1.215 0.489687 0.549697 0.673613 -0.065461
0.697533 0.422837 1.21523 0.4896 0.549934 0.673458 -0.0657157
0.697711 0.422617 1.21547 0.489514 0.55017 0.673304 -0.065969
0.697889 0.422397 1.2157 0.489427 0.550404 0.67315 -0.0662209
0.698065 0.422179 1.21594 0.489341 0.550637 0.672998 -0.0664711
0.69824 0.421963 1.21617 0.489255 0.550868 0.672847 -0.0667197
0.698414 0.421747 1.2164 0.489169 0.551097 0.672696 -0.0669666
0.698586 0.421534 1.21663 0.489084 0.551325 0.672547 -0.0672116
0.698756 0.421322 1.21685 0.488999 0.551551 0.6724 -0.0674546
0.698925 0.421111 1.21708 0.488914 0.551775 0.672253 -0.0676956
0.699092 0.420903 1.2173 0.488829 0.551998 0.672108 -0.0679345
0.699258 0.420696 1.21752 0.488746 0.552218 0.671964 -0.0681711
0.699421 0.420491 1.21774 0.488662 0.552435 0.671822 -0.0684054
0.699583 0.420288 1.21796 0.488579 0.552651 0.671682 -0.0686372
0.699743 0.420088 1.21817 0.488497 0.552864 0.671542 -0.0688666
0.699901 0.41989 1.21838 0.488415 0.553075 0.671405 -0.0690934
0.700057 0.419694 1.21859 0.488334 0.553283 0.671269 -0.0693174
0.700211 0.4195 1.2188 0.488254 0.553489 0.671135 -0.0695387
0.700363 0.419309 1.219 0.488174 0.553692 0.671003 -0.0697571
0.700513 0.41912 1.21921 0.488096 0.553892 0.670872 -0.0699725
0.70066 0.418934 1.2194 0.488018 0.55409 0.670744 -0.0701848
0.700805 0.41875 1.2196 0.487941 0.554284 0.670617 -0.0703941
0.700948 0.418569 1.21979 0.487864 0.554476 0.670492 -0.0706006
0.701089 0.418391 1.21998 0.487789 0.554666 0.670369 -0.0708043
0.701228 0.418214 1.22017 0.487714 0.554852 0.670248 -0.0710052
0.701365 0.41804 1.22036 0.48764 0.555037 0.670128 -0.0712036
0.7015 0.417868 1.22054 0.487567 0.555219 0.67001 -0.0713995
0.701634 0.417698 1.22072 0.487494 0.555399 0.669893 -0.071593
0.701766 0.417531 1.2209 0.487422 0.555576 0.669777 -0.0717842
0.701896 0.417365 1.22108 0.487351 0.555752 0.669663 -0.0719732
0.702024 0.4172 1.22125 0.48728 0.555926 0.669551 -0.0721601
0.702151 0.417038 1.22143 0.48721 0.556097 0.669439 -0.0723449
0.702277 0.416877 1.2216 0.48714 0.556267 0.669329 -0.0725278
0.702402 0.416718 1.22177 0.487071 0.556436 0.66922 -0.0727089
0.702525 0.41656 1.22194 0.487002 0.556602 0.669112 -0.0728883
0.702647 0.416403 1.2221 0.486934 0.556767 0.669005 -0.073066
0.702767 0.416248 1.22227 0.486866 0.556931 0.668899 -0.0732422
0.702887 0.416094 1.22243 0.486798 0.557093 0.668793 -0.0734169
0.703006 0.415942 1.2226 0.486731 0.557254 0.668689 -0.0735903
0.703123 0.41579 1.22276 0.486664 0.557414 0.668585 -0.0737624
0.70324 0.415639 1.22292 0.486597 0.557573 0.668483 -0.0739334
0.703356 0.41549 1.22308 0.486531 0.557731 0.668381 -0.0741032
0.703471 0.415341 1.22324 0.486465 0.557888 0.668279 -0.0742722
0.703586 0.415193 1.22339 0.486399 0.558044 0.668178 -0.0744402
0.7037 0.415045 1.22355 0.486333 0.558199 0.668078 -0.0746075
0.703813 0.414898 1.22371 0.486267 0.558354 0.667977 -0.074774
0.703926 0.414752 1.22386 0.486201 0.558508 0.667878 -0.07494
0.704039 0.414605 1.22402 0.486136 0.558662 0.667778 -0.0751055
0.704151 0.41446 1.22418 0.48607 0.558815 0.667679 -0.0752705
0.704263 0.414314 1.22433 0.486004 0.558968 0.667581 -0.0754353
0.704375 0.414169 1.22448 0.485938 0.559121 0.667482 -0.0755998
0.704486 0.414023 1.22464 0.485872 0.559274 0.667383 -0.0757642
0.704598 0.413878 1.22479 0.485806 0.559427 0.667285 -0.0759286
0.704709 0.413733 1.22495 0.48574 0.559579 0.667186 -0.0760929
0.70482 0.413588 1.2251 0.485674 0.559732 0.667088 -0.0762571
0.704931 0.413442 1.22526 0.485607 0.559884 0.666989 -0.0764211
0.705042 0.413298 1.22541 0.485541 0.560036 0.666891 -0.0765849
0.705153 0.413153 1.22557 0.485474 0.560188 0.666793 -0.0767484
0.705263 0.413008 1.22572 0.485408 0.56034 0.666696 -0.0769116
0.705373 0.412864 1.22587 0.485341 0.560491 0.666598 -0.0770745
0.705483 0.41272 1.22603 0.485274 0.560642 0.666501 -0.0772369
0.705592 0.412576 1.22618 0.485208 0.560793 0.666404 -0.0773989
0.705701 0.412433 1.22633 0.485141 0.560943 0.666307 -0.0775604
0.705809 0.412291 1.22648 0.485075 0.561092 0.666211 -0.0777214
0.705917 0.412148 1.22664 0.485008 0.561241 0.666115 -0.0778817
0.706025 0.412007 1.22679 0.484942 0.56139 0.66602 -0.0780415
0.706132 0.411866 1.22694 0.484876 0.561538 0.665925 -0.0782005
0.706238 0.411725 1.22709 0.48481 0.561685 0.66583 -0.0783588
0.706344 0.411585 1.22724 0.484744 0.561831 0.665736 -0.0785163
0.706449 0.411446 1.22738 0.484678 0.561977 0.665643 -0.078673
0.706553 0.411308 1.22753 0.484613 0.562121 0.665549 -0.0788288
0.706657 0.41117 1.22768 0.484548 0.562265 0.665457 -0.0789837
0.70676 0.411033 1.22782 0.484483 0.562408 0.665365 -0.0791377
0.706863 0.410897 1.22797 0.484418 0.56255 0.665274 -0.0792906
0.706964 0.410762 1.22811 0.484353 0.562691 0.665183 -0.0794424
0.707065 0.410628 1.22825 0.484289 0.562832 0.665093 -0.0795932
0.707165 0.410495 1.2284 0.484226 0.562971 0.665004 -0.0797428
0.707264 0.410363 1.22854 0.484162 0.563108 0.664916 -0.0798912
0.707363 0.410232 1.22868 0.484099 0.563245 0.664828 -0.0800383
0.70746 0.410102 1.22881 0.484037 0.563381 0.664741 -0.0801842
0.707556 0.409974 1.22895 0.483975 0.563515 0.664655 -0.0803287
0.707652 0.409846 1.22909 0.483913 0.563648 0.66457 -0.0804719
0.707746 0.40972 1.22922 0.483852 0.56378 0.664486 -0.0806136
0.707839 0.409595 1.22935 0.483792 0.56391 0.664402 -0.0807538
0.707932 0.409471 1.22949 0.483731 0.564039 0.66432 -0.0808926
0.708023 0.409349 1.22962 0.483672 0.564166 0.664238 -0.0810298
0.708113 0.409228 1.22974 0.483613 0.564293 0.664157 -0.0811656
0.708202 0.409108 1.22987 0.483554 0.564417 0.664077 -0.0813001
0.708291 0.408989 1.23 0.483496 0.564541 0.663998 -0.0814332
0.708378 0.408872 1.23012 0.483438 0.564664 0.66392 -0.081565
0.708465 0.408755 1.23025 0.483381 0.564785 0.663842 -0.0816956
0.70855 0.408639 1.23037 0.483324 0.564905 0.663765 -0.0818249
0.708635 0.408525 1.23049 0.483268 0.565024 0.663689 -0.0819532
0.70872 0.408411 1.23061 0.483212 0.565142 0.663614 -0.0820803
0.708803 0.408299 1.23073 0.483156 0.565259 0.663539 -0.0822064
0.708886 0.408187 1.23085 0.483101 0.565376 0.663465 -0.0823315
0.708968 0.408076 1.23097 0.483046 0.565491 0.663391 -0.0824557
0.709049 0.407966 1.23109 0.482991 0.565605 0.663318 -0.0825789
0.70913 0.407857 1.2312 0.482937 0.565719 0.663245 -0.0827013
0.70921 0.407748 1.23132 0.482883 0.565832 0.663173 -0.0828229
0.70929 0.40764 1.23143 0.482829 0.565944 0.663102 -0.0829437
0.709369 0.407533 1.23155 0.482775 0.566056 0.66303 -0.0830637
0.709448 0.407426 1.23166 0.482722 0.566167 0.66296 -0.0831832
0.709526 0.407319 1.23177 0.482668 0.566277 0.662889 -0.0833019
0.709604 0.407214 1.23188 0.482615 0.566387 0.662819 -0.0834201
0.709681 0.407108 1.232 0.482562 0.566496 0.66275 -0.0835378
0.709758 0.407003 1.23211 0.48251 0.566605 0.66268 -0.083655
0.709835 0.406899 1.23222 0.482457 0.566714 0.662611 -0.0837717
0.709911 0.406795 1.23233 0.482404 0.566822 0.662542 -0.0838881
0.709988 0.406691 1.23244 0.482352 0.566929 0.662474 -0.0840041
0.710064 0.406587 1.23255 0.482299 0.567037 0.662405 -0.0841198
0.710139 0.406484 1.23266 0.482247 0.567144 0.662337 -0.0842353
0.710215 0.40638 1.23277 0.482194 0.567251 0.662269 -0.0843506
0.71029 0.406277 1.23288 0.482142 0.567358 0.662201 -0.0844657
0.710366 0.406174 1.23299 0.482089 0.567465 0.662133 -0.0845807
0.710441 0.406071 1.2331 0.482037 0.567572 0.662065 -0.0846956
0.710516 0.405968 1.23321 0.481984 0.567679 0.661997 -0.0848105
0.710591 0.405865 1.23332 0.481931 0.567785 0.661929 -0.0849254
0.710667 0.405762 1.23343 0.481879 0.567892 0.661861 -0.0850402
0.710742 0.405659 1.23354 0.481826 0.567999 0.661793 -0.0851549
0.710816 0.405556 1.23365 0.481773 0.568105 0.661726 -0.0852695
0.710891 0.405453 1.23376 0.48172 0.568211 0.661658 -0.085384
0.710966 0.40535 1.23386 0.481667 0.568317 0.661591 -0.0854983
0.71104 0.405248 1.23397 0.481614 0.568423 0.661523 -0.0856125
0.711114 0.405146 1.23408 0.481561 0.568529 0.661456 -0.0857264
0.711188 0.405044 1.23419 0.481508 0.568634 0.66139 -0.0858401
0.711261 0.404942 1.2343 0.481455 0.56874 0.661323 -0.0859536
0.711334 0.40484 1.23441 0.481403 0.568844 0.661257 -0.0860668
0.711407 0.404739 1.23451 0.48135 0.568949 0.66119 -0.0861797
0.71148 0.404638 1.23462 0.481297 0.569053 0.661125 -0.0862923
0.711552 0.404537 1.23473 0.481244 0.569157 0.661059 -0.0864046
0.711624 0.404437 1.23483 0.481191 0.56926 0.660994 -0.0865165
0.711695 0.404337 1.23494 0.481139 0.569363 0.660929 -0.086628
0.711766 0.404237 1.23504 0.481086 0.569465 0.660864 -0.0867391
0.711836 0.404138 1.23515 0.481034 0.569567 0.6608 -0.0868497
0.711906 0.404039 1.23525 0.480982 0.569668 0.660737 -0.08696
0.711976 0.403941 1.23536 0.48093 0.569769 0.660673 -0.0870697
0.712044 0.403843 1.23546 0.480877 0.569869 0.66061 -0.087179
0.712113 0.403746 1.23556 0.480826 0.569969 0.660548 -0.0872877
0.71218 0.403649 1.23566 0.480774 0.570067 0.660486 -0.0873959
0.712247 0.403553 1.23576 0.480722 0.570166 0.660424 -0.0875035
0.712314 0.403457 1.23586 0.480671 0.570263 0.660363 -0.0876105
0.71238 0.403362 1.23596 0.480619 0.57036 0.660303 -0.0877169
0.712445 0.403267 1.23606 0.480568 0.570456 0.660243 -0.0878227
0.712509 0.403174 1.23616 0.480518 0.570551 0.660184 -0.0879278
0.712573 0.40308 1.23626 0.480467 0.570646 0.660125 -0.0880323
0.712636 0.402988 1.23635 0.480416 0.570739 0.660067 -0.088136
0.712698 0.402896 1.23645 0.480366 0.570832 0.66001 -0.0882391
0.712759 0.402805 1.23654 0.480316 0.570924 0.659953 -0.0883413
0.71282 0.402715 1.23664 0.480267 0.571015 0.659897 -0.0884429
0.71288 0.402626 1.23673 0.480217 0.571105 0.659841 -0.0885437
0.712939 0.402537 1.23682 0.480168 0.571195 0.659786 -0.0886439
0.712998 0.402448 1.23691 0.480119 0.571283 0.659732 -0.0887434
0.713055 0.402361 1.237 0.48007 0.571371 0.659678 -0.0888423
0.713113 0.402274 1.23709 0.480021 0.571458 0.659625 -0.0889406
0.713169 0.402187 1.23718 0.479973 0.571545 0.659572 -0.0890383
0.713225 0.402101 1.23727 0.479925 0.57163 0.65952 -0.0891354
0.71328 0.402016 1.23736 0.479877 0.571715 0.659468 -0.089232
0.713335 0.401931 1.23744 0.479829 0.5718 0.659416 -0.0893281
0.713389 0.401847 1.23753 0.479781 0.571884 0.659365 -0.0894237
0.713443 0.401763 1.23761 0.479733 0.571967 0.659315 -0.0895188
0.713496 0.40168 1.2377 0.479686 0.57205 0.659265 -0.0896134
0.713549 0.401597 1.23778 0.479638 0.572132 0.659215 -0.0897077
0.713602 0.401514 1.23787 0.479591 0.572214 0.659165 -0.0898015
0.713654 0.401432 1.23795 0.479544 0.572296 0.659116 -0.089895
0.713705 0.40135 1.23803 0.479497 0.572377 0.659068 -0.0899881
0.713757 0.401268 1.23812 0.47945 0.572457 0.659019 -0.0900809
0.713808 0.401187 1.2382 0.479403 0.572538 0.658971 -0.0901733
0.713858 0.401106 1.23828 0.479356 0.572617 0.658923 -0.0902655
0.713909 0.401025 1.23836 0.479309 0.572697 0.658875 -0.0903574
0.713959 0.400945 1.23844 0.479262 0.572776 0.658828 -0.0904491
0.714009 0.400864 1.23853 0.479216 0.572855 0.65878 -0.0905406
0.714058 0.400784 1.23861 0.479169 0.572934 0.658733 -0.0906318
0.714108 0.400704 1.23869 0.479123 0.573013 0.658686 -0.0907229
0.714157 0.400624 1.23877 0.479076 0.573091 0.658639 -0.0908139
0.714206 0.400545 1.23885 0.479029 0.57317 0.658592 -0.0909047
0.714255 0.400465 1.23893 0.478983 0.573248 0.658546 -0.0909954
0.714304 0.400385 1.23901 0.478936 0.573326 0.658499 -0.091086
0.714353 0.400306 1.23909 0.47889 0.573404 0.658452 -0.0911766
0.714402 0.400226 1.23917 0.478843 0.573482 0.658406 -0.0912671
0.71445 0.400147 1.23925 0.478796 0.57356 0.658359 -0.0913576
0.714499 0.400068 1.23933 0.478749 0.573638 0.658313 -0.0914482
0.714548 0.399988 1.23941 0.478703 0.573716 0.658266 -0.0915387
0.714597 0.399909 1.23949 0.478656 0.573794 0.65822 -0.0916291
0.714645 0.399829 1.23957 0.478609 0.573872 0.658173 -0.0917196
0.714694 0.39975 1.23965 0.478562 0.57395 0.658127 -0.0918101
0.714743 0.39967 1.23973 0.478515 0.574028 0.65808 -0.0919005
0.714791 0.399591 1.23981 0.478468 0.574106 0.658034 -0.091991
0.71484 0.399511 1.23989 0.478421 0.574184 0.657988 -0.0920814
0.714889 0.399432 1.23997 0.478374 0.574262 0.657941 -0.0921718
0.714937 0.399352 1.24005 0.478326 0.574339 0.657895 -0.0922622
0.714986 0.399273 1.24013 0.478279 0.574417 0.657848 -0.0923526
0.715034 0.399193 1.24021 0.478232 0.574495 0.657802 -0.0924429
0.715083 0.399114 1.24029 0.478185 0.574573 0.657756 -0.0925333
0.715131 0.399034 1.24037 0.478137 0.574651 0.657709 -0.0926236
0.71518 0.398955 1.24045 0.47809 0.574729 0.657663 -0.092714
0.715228 0.398876 1.24053 0.478043 0.574807 0.657617 -0.0928043
0.715276 0.398796 1.24061 0.477995 0.574885 0.65757 -0.0928946
0.715325 0.398717 1.24069 0.477948 0.574963 0.657524 -0.0929849
0.715373 0.398637 1.24077 0.4779 0.57504 0.657478 -0.0930752
0.715421 0.398558 1.24085 0.477852 0.575118 0.657432 -0.0931654
0.71547 0.398478 1.24093 0.477805 0.575196 0.657385 -0.0932557
0.715518 0.398399 1.24101 0.477757 0.575274 0.657339 -0.0933459
0.715566 0.398319 1.24109 0.477709 0.575352 0.657293 -0.0934361
0.715614 0.39824 1.24117 0.477661 0.575429 0.657247 -0.0935264
0.715663 0.39816 1.24125 0.477614 0.575507 0.657201 -0.0936166
0.715711 0.398081 1.24133 0.477566 0.575585 0.657154 -0.0937067
0.715759 0.398001 1.24141 0.477518 0.575663 0.657108 -0.0937969
0.715807 0.397922 1.24149 0.47747 0.575741 0.657062 -0.0938871
0.715855 0.397843 1.24157 0.477422 0.575818 0.657016 -0.0939772
0.715903 0.397763 1.24165 0.477374 0.575896 0.65697 -0.0940674
0.715951 0.397684 1.24173 0.477326 0.575974 0.656924 -0.0941575
0.715999 0.397604 1.24181 0.477278 0.576051 0.656878 -0.0942476
0.716047 0.397525 1.24189 0.477229 0.576129 0.656832 -0.0943377
0.716095 0.397445 1.24197 0.477181 0.576207 0.656785 -0.0944278
0.716143 0.397366 1.24205 0.477133 0.576285 0.656739 -0.0945178
0.716191 0.397286 1.24213 0.477085 0.576362 0.656693 -0.0946079
0.716239 0.397207 1.24221 0.477036 0.57644 0.656647 -0.0946979
0.716287 0.397128 1.24229 0.476988 0.576518 0.656601 -0.094788
0.716335 0.397048 1.24237 0.476939 0.576595 0.656555 -0.094878
0.716383 0.396969 1.24245 0.476891 0.576673 0.656509 -0.094968
0.71643 0.396889 1.24254 0.476842 0.576751 0.656463 -0.095058
0.716478 0.39681 1.24262 0.476794 0.576828 0.656417 -0.0951479
0.716526 0.39673 1.2427 0.476745 0.576906 0.656371 -0.0952379
0.716574 0.396651 1.24278 0.476696 0.576984 0.656325 -0.0953278
0.716622 0.396571 1.24286 0.476648 0.577061 0.65628 -0.0954178
0.716669 0.396492 1.24294 0.476599 0.577139 0.656234 -0.0955077
0.716717 0.396413 1.24302 0.47655 0.577216 0.656188 -0.0955976
0.716765 0.396333 1.2431 0.476501 0.577294 0.656142 -0.0956875
0.716812 0.396254 1.24318 0.476452 0.577372 0.656096 -0.0957774
0.71686 0.396174 1.24326 0.476403 0.577449 0.65605 -0.0958673
0.716907 0.396095 1.24334 0.476354 0.577527 0.656004 -0.0959571
0.716955 0.396015 1.24342 0.476305 0.577604 0.655958 -0.0960469
0.717003 0.395936 1.2435 0.476256 0.577682 0.655913 -0.0961368
0.71705 0.395856 1.24358 0.476207 0.577759 0.655867 -0.0962266
0.717098 0.395777 1.24366 0.476158 0.577837 0.655821 -0.0963164
0.717145 0.395698 1.24374 0.476109 0.577914 0.655775 -0.0964062
0.717192 0.395618 1.24382 0.47606 0.577992 0.655729 -0.0964959
0.71724 0.395539 1.2439 0.47601 0.578069 0.655684 -0.0965857
0.717287 0.395459 1.24398 0.475961 0.578147 0.655638 -0.0966754
0.717335 0.39538 1.24406 0.475912 0.578224 0.655592 -0.0967652
0.717382 0.3953 1.24414 0.475862 0.578302 0.655547 -0.0968549
0.717429 0.395221 1.24422 0.475813 0.578379 0.655501 -0.0969446
0.717477 0.395142 1.2443 0.475763 0.578457 0.655455 -0.0970343
0.717524 0.395062 1.24438 0.475714 0.578534 0.65541 -0.097124
0.717571 0.394983 1.24446 0.475664 0.578612 0.655364 -0.0972138
0.717619 0.394903 1.24454 0.475614 0.57869 0.655318 -0.0973038
0.717666 0.394823 1.24462 0.475564 0.578768 0.655272 -0.0973943
0.717714 0.394742 1.2447 0.475513 0.578846 0.655226 -0.0974853
0.717762 0.394661 1.24479 0.475462 0.578926 0.655179 -0.0975769
0.717811 0.394579 1.24487 0.475411 0.579005 0.655132 -0.0976694
0.71786 0.394496 1.24495 0.475359 0.579086 0.655084 -0.0977628
0.71791 0.394412 1.24504 0.475306 0.579168 0.655036 -0.0978574
0.71796 0.394327 1.24512 0.475253 0.57925 0.654988 -0.0979531
0.718011 0.394241 1.24521 0.475198 0.579334 0.654939 -0.0980502
0.718062 0.394154 1.2453 0.475143 0.579419 0.654889 -0.0981488
0.718115 0.394065 1.24539 0.475087 0.579506 0.654838 -0.098249
0.718168 0.393975 1.24548 0.47503 0.579594 0.654786 -0.098351
0.718222 0.393883 1.24557 0.474972 0.579683 0.654734 -0.0984549
0.718277 0.393789 1.24567 0.474912 0.579775 0.65468 -0.0985609
0.718334 0.393693 1.24576 0.474851 0.579868 0.654625 -0.098669
0.718391 0.393595 1.24586 0.474789 0.579963 0.654569 -0.0987794
0.71845 0.393495 1.24596 0.474725 0.58006 0.654512 -0.0988923
0.71851 0.393392 1.24607 0.47466 0.58016 0.654454 -0.0990078
0.718571 0.393287 1.24617 0.474593 0.580262 0.654395 -0.099126
0.718634 0.39318 1.24628 0.474524 0.580366 0.654334 -0.0992471
0.718698 0.39307 1.24639 0.474454 0.580473 0.654271 -0.0993711
0.718764 0.392957 1.2465 0.474381 0.580582 0.654207 -0.0994983
0.718831 0.392841 1.24662 0.474307 0.580694 0.654142 -0.0996287
0.7189 0.392723 1.24674 0.474231 0.580809 0.654074 -0.0997626
0.718971 0.392601 1.24686 0.474152 0.580928 0.654005 -0.0998999
0.719043 0.392476 1.24699 0.474071 0.581049 0.653935 -0.100041
0.719118 0.392347 1.24712 0.473988 0.581173 0.653862 -0.100186
0.719194 0.392215 1.24725 0.473903 0.581301 0.653787 -0.100335
0.719272 0.392079 1.24739 0.473815 0.581433 0.653711 -0.100487
0.719353 0.39194 1.24753 0.473724 0.581568 0.653632 -0.100644
0.719435 0.391796 1.24767 0.473631 0.581706 0.653552 -0.100806
0.71952 0.391649 1.24782 0.473535 0.581848 0.653469 -0.100971
0.719606 0.391499 1.24797 0.473437 0.581994 0.653384 -0.101141
0.719695 0.391344 1.24813 0.473336 0.582143 0.653297 -0.101315
0.719785 0.391187 1.24829 0.473233 0.582295 0.653209 -0.101492
0.719877 0.391026 1.24845 0.473127 0.582451 0.653119 -0.101673
0.71997 0.390862 1.24861 0.473019 0.582609 0.653027 -0.101857
0.720066 0.390695 1.24878 0.472909 0.58277 0.652933 -0.102045
0.720163 0.390525 1.24895 0.472797 0.582934 0.652838 -0.102236
0.720261 0.390352 1.24913 0.472683 0.583101 0.652742 -0.10243
0.72036 0.390177 1.2493 0.472567 0.58327 0.652644 -0.102627
0.720461 0.389999 1.24948 0.472449 0.583442 0.652545 -0.102827
0.720563 0.389819 1.24966 0.472329 0.583616 0.652444 -0.103029
0.720667 0.389636 1.24985 0.472207 0.583792 0.652342 -0.103234
0.720771 0.389452 1.25003 0.472084 0.58397 0.65224 -0.103442
0.720877 0.389265 1.25022 0.471959 0.58415 0.652136 -0.103651
0.720983 0.389076 1.25041 0.471832 0.584331 0.652031 -0.103863
0.72109 0.388886 1.2506 0.471704 0.584515 0.651925 -0.104076
0.721198 0.388693 1.2508 0.471574 0.5847 0.651818 -0.104292
0.721307 0.3885 1.25099 0.471444 0.584886 0.651711 -0.104509
0.721417 0.388304 1.25119 0.471312 0.585074 0.651602 -0.104727
0.721527 0.388108 1.25139 0.471178 0.585263 0.651494 -0.104948
0.721637 0.38791 1.25159 0.471044 0.585453 0.651384 -0.105169
0.721748 0.387711 1.25179 0.470909 0.585644 0.651274 -0.105391
0.72186 0.387511 1.25199 0.470772 0.585836 0.651164 -0.105615
0.721972 0.387311 1.25219 0.470635 0.586029 0.651053 -0.105839
0.722084 0.38711 1.25239 0.470497 0.586223 0.650942 -0.106064
0.722196 0.386908 1.2526 0.470359 0.586416 0.650831 -0.106289
0.722308 0.386705 1.2528 0.47022 0.586611 0.650719 -0.106515
0.722421 0.386503 1.25301 0.47008 0.586805 0.650608 -0.106742
0.722533 0.3863 1.25321 0.46994 0.587 0.650496 -0.106968
0.722645 0.386097 1.25342 0.469799 0.587195 0.650385 -0.107195
0.722757 0.385894 1.25362 0.469658 0.58739 0.650273 -0.107421
0.722869 0.385691 1.25383 0.469517 0.587584 0.650162 -0.107647
0.722981 0.385488 1.25403 0.469376 0.587779 0.65005 -0.107873
0.723093 0.385285 1.25424 0.469234 0.587974 0.649939 -0.108099
0.723205 0.385082 1.25444 0.469092 0.588168 0.649828 -0.108325
0.723316 0.384879 1.25465 0.46895 0.588363 0.649717 -0.108551
0.723427 0.384676 1.25485 0.468807 0.588557 0.649606 -0.108777
0.723538 0.384473 1.25505 0.468664 0.588751 0.649495 -0.109003
0.723649 0.38427 1.25526 0.468521 0.588946 0.649384 -0.109228
0.72376 0.384067 1.25546 0.468378 0.58914 0.649274 -0.109454
0.723871 0.383864 1.25567 0.468234 0.589334 0.649163 -0.109679
0.723981 0.383661 1.25587 0.46809 0.589528 0.649053 -0.109904
0.724092 0.383458 1.25608 0.467946 0.589722 0.648942 -0.110129
0.724202 0.383255 1.25628 0.467801 0.589916 0.648832 -0.110354
0.724312 0.383053 1.25649 0.467656 0.59011 0.648722 -0.110579
0.724422 0.38285 1.25669 0.467511 0.590304 0.648612 -0.110804
0.724532 0.382647 1.2569 0.467366 0.590498 0.648502 -0.111029
0.724641 0.382444 1.2571 0.46722 0.590691 0.648392 -0.111253
0.724751 0.382241 1.25731 0.467074 0.590885 0.648282 -0.111478
0.72486 0.382039 1.25752 0.466928 0.591079 0.648172 -0.111702
0.72497 0.381836 1.25772 0.466781 0.591272 0.648062 -0.111926
0.725079 0.381633 1.25793 0.466634 0.591466 0.647953 -0.11215
0.725188 0.38143 1.25813 0.466487 0.591659 0.647843 -0.112374
0.725296 0.381228 1.25834 0.46634 0.591852 0.647734 -0.112598
0.725405 0.381025 1.25854 0.466192 0.592046 0.647625 -0.112822
0.725513 0.380822 1.25875 0.466044 0.592239 0.647516 -0.113046
0.725622 0.38062 1.25895 0.465896 0.592432 0.647406 -0.113269
0.72573 0.380417 1.25916 0.465748 0.592625 0.647297 -0.113493
0.725838 0.380215 1.25936 0.465599 0.592818 0.647189 -0.113716
0.725946 0.380012 1.25957 0.46545 0.593011 0.64708 -0.113939
0.726054 0.379809 1.25977 0.4653 0.593204 0.646971 -0.114162
0.726161 0.379607 1.25998 0.465151 0.593397 0.646862 -0.114385
0.726269 0.379404 1.26018 0.465001 0.59359 0.646754 -0.114608
0.726376 0.379202 1.26039 0.46485 0.593782 0.646645 -0.114831
0.726483 0.378999 1.26059 0.4647 0.593975 0.646537 -0.115054
0.72659 0.378797 1.2608 0.464549 0.594168 0.646429 -0.115276
0.726697 0.378594 1.261 0.464398 0.59436 0.646321 -0.115499
0.726804 0.378392 1.26121 0.464247 0.594553 0.646213 -0.115721
0.726911 0.378189 1.26141 0.464095 0.594745 0.646105 -0.115943
0.727017 0.377987 1.26162 0.463943 0.594937 0.645997 -0.116165
0.727123 0.377785 1.26183 0.463791 0.59513 0.645889 -0.116387
0.72723 0.377582 1.26203 0.463639 0.595322 0.645781 -0.116609
0.727336 0.37738 1.26224 0.463486 0.595514 0.645674 -0.116831
0.727442 0.377178 1.26244 0.463333 0.595706 0.645566 -0.117052
0.727547 0.376975 1.26265 0.46318 0.595898 0.645459 -0.117274
0.727653 0.376773 1.26285 0.463026 0.59609 0.645351 -0.117495
0.727758 0.376571 1.26306 0.462872 0.596282 0.645244 -0.117717
0.727864 0.376368 1.26326 0.462718 0.596474 0.645137 -0.117938
0.727969 0.376166 1.26347 0.462564 0.596666 0.64503 -0.118159
0.728074 0.375964 1.26367 0.462409 0.596857 0.644923 -0.11838
0.728179 0.375762 1.26388 0.462254 0.597049 0.644816 -0.1186
0.728284 0.375559 1.26409 0.462099 0.597241 0.644709 -0.118821
0.728388 0.375357 1.26429 0.461943 0.597432 0.644603 -0.119042
0.728493 0.375155 1.2645 0.461787 0.597623 0.644496 -0.119262
0.728597 0.374953 1.2647 0.461631 0.597815 0.64439 -0.119482
0.728701 0.374751 1.26491 0.461475 0.598006 0.644283 -0.119703
0.728805 0.374549 1.26511 0.461318 0.598197 0.644177 -0.119923
0.728909 0.374347 1.26532 0.461161 0.598389 0.644071 -0.120143
0.729013 0.374145 1.26553 0.461004 0.59858 0.643965 -0.120362
0.729117 0.373943 1.26573 0.460846 0.598771 0.643859 -0.120582
0.72922 0.373741 1.26594 0.460689 0.598962 0.643753 -0.120802
0.729323 0.373539 1.26614 0.460531 0.599153 0.643647 -0.121021
0.729427 0.373337 1.26635 0.460372 0.599343 0.643541 -0.121241
0.72953 0.373135 1.26655 0.460214 0.599534 0.643436 -0.12146
0.729633 0.372933 1.26676 0.460055 0.599725 0.64333 -0.121679
0.729735 0.372731 1.26697 0.459896 0.599916 0.643225 -0.121898
0.729838 0.372529 1.26717 0.459736 0.600106 0.64312 -0.122117
0.72994 0.372327 1.26738 0.459576 0.600297 0.643014 -0.122336
0.730042 0.372125 1.26758 0.459416 0.600487 0.642909 -0.122554
0.730144 0.371923 1.26779 0.459256 0.600677 0.642805 -0.122773
0.730246 0.371721 1.26799 0.459095 0.600868 0.6427 -0.122992
0.730347 0.371519 1.2682 0.458933 0.601058 0.642595 -0.123211
0.730448 0.371317 1.26841 0.458771 0.601248 0.642491 -0.12343
0.730549 0.371115 1.26861 0.458609 0.601438 0.642387 -0.123649
0.730649 0.370913 1.26882 0.458446 0.601628 0.642283 -0.123868
0.730749 0.37071 1.26902 0.458283 0.601818 0.64218 -0.124087
0.730849 0.370508 1.26923 0.458119 0.602007 0.642076 -0.124307
0.730948 0.370305 1.26943 0.457955 0.602197 0.641973 -0.124526
0.731047 0.370103 1.26964 0.45779 0.602386 0.64187 -0.124746
0.731145 0.3699 1.26985 0.457625 0.602576 0.641768 -0.124966
0.731243 0.369697 1.27005 0.457459 0.602765 0.641665 -0.125186
0.73134 0.369494 1.27026 0.457292 0.602954 0.641563 -0.125406
0.731437 0.369291 1.27046 0.457125 0.603143 0.641462 -0.125627
0.731533 0.369088 1.27067 0.456957 0.603332 0.641361 -0.125848
0.731629 0.368884 1.27087 0.456788 0.603521 0.64126 -0.126069
0.731724 0.368681 1.27108 0.456619 0.603709 0.641159 -0.126291
0.731819 0.368477 1.27128 0.456449 0.603898 0.641059 -0.126513
0.731913 0.368273 1.27149 0.456278 0.604086 0.640959 -0.126735
0.732006 0.368069 1.27169 0.456106 0.604274 0.64086 -0.126958
0.732098 0.367865 1.27189 0.455934 0.604462 0.640761 -0.127181
0.73219 0.36766 1.2721 0.455761 0.60465 0.640662 -0.127405
0.732281 0.367455 1.2723 0.455587 0.604838 0.640564 -0.127629
0.732372 0.36725 1.27251 0.455412 0.605026 0.640467 -0.127854
0.732462 0.367045 1.27271 0.455236 0.605213 0.640369 -0.128079
0.73255 0.36684 1.27291 0.455059 0.6054 0.640273 -0.128304
0.732639 0.366634 1.27312 0.454882 0.605588 0.640177 -0.128531
0.732726 0.366428 1.27332 0.454703 0.605774 0.640081 -0.128757
0.732812 0.366222 1.27353 0.454524 0.605961 0.639986 -0.128985
0.732898 0.366015 1.27373 0.454344 0.606148 0.639891 -0.129212
0.732983 0.365809 1.27393 0.454163 0.606334 0.639797 -0.129441
0.733067 0.365602 1.27413 0.453981 0.606521 0.639703 -0.12967
0.733151 0.365395 1.27434 0.453798 0.606707 0.63961 -0.129899
0.733234 0.365188 1.27454 0.453614 0.606893 0.639517 -0.130129
0.733316 0.36498 1.27474 0.453429 0.607079 0.639425 -0.130359
0.733397 0.364772 1.27494 0.453244 0.607264 0.639333 -0.130589
0.733478 0.364565 1.27515 0.453058 0.60745 0.639241 -0.13082
0.733558 0.364357 1.27535 0.452871 0.607635 0.63915 -0.131051
0.733638 0.364149 1.27555 0.452684 0.607821 0.639059 -0.131283
0.733717 0.363941 1.27575 0.452496 0.608006 0.638969 -0.131514
0.733796 0.363732 1.27596 0.452307 0.608191 0.638878 -0.131747
0.733874 0.363524 1.27616 0.452117 0.608376 0.638789 -0.131979
0.733952 0.363315 1.27636 0.451927 0.60856 0.638699 -0.132211
0.734029 0.363107 1.27656 0.451736 0.608745 0.63861 -0.132444
0.734105 0.362898 1.27676 0.451544 0.608929 0.638521 -0.132677
0.734182 0.362689 1.27696 0.451352 0.609114 0.638433 -0.13291
0.734257 0.36248 1.27717 0.45116 0.609298 0.638344 -0.133143
0.734333 0.362271 1.27737 0.450967 0.609482 0.638256 -0.133376
0.734408 0.362062 1.27757 0.450773 0.609666 0.638169 -0.13361
0.734483 0.361853 1.27777 0.450579 0.60985 0.638081 -0.133843
0.734557 0.361644 1.27797 0.450384 0.610034 0.637994 -0.134077
0.734631 0.361435 1.27817 0.450189 0.610218 0.637907 -0.13431
0.734705 0.361226 1.27837 0.449993 0.610401 0.63782 -0.134544
0.734778 0.361017 1.27858 0.449797 0.610585 0.637733 -0.134777
0.734852 0.360808 1.27878 0.449601 0.610768 0.637647 -0.13501
0.734925 0.360599 1.27898 0.449404 0.610951 0.637561 -0.135244
0.734997 0.36039 1.27918 0.449207 0.611135 0.637474 -0.135477
0.73507 0.360181 1.27938 0.44901 0.611318 0.637388 -0.13571
0.735143 0.359973 1.27958 0.448812 0.611501 0.637302 -0.135943
0.735215 0.359764 1.27978 0.448614 0.611684 0.637217 -0.136176
0.735287 0.359555 1.27998 0.448415 0.611867 0.637131 -0.136408
0.735359 0.359346 1.28019 0.448217 0.612049 0.637045 -0.136641
0.735431 0.359137 1.28039 0.448018 0.612232 0.63696 -0.136873
0.735503 0.358929 1.28059 0.447818 0.612415 0.636874 -0.137105
0.735575 0.35872 1.28079 0.447619 0.612597 0.636789 -0.137337
0.735647 0.358512 1.28099 0.447419 0.61278 0.636704 -0.137569
0.735718 0.358303 1.28119 0.447219 0.612962 0.636619 -0.1378
0.735789 0.358095 1.28139 0.447018 0.613145 0.636534 -0.138032
0.73586 0.357887 1.2816 0.446817 0.613327 0.636449 -0.138263
0.735932 0.357678 1.2818 0.446616 0.613509 0.636365 -0.138494
0.736002 0.35747 1.282 0.446415 0.613691 0.63628 -0.138725
0.736073 0.357262 1.2822 0.446213 0.613873 0.636196 -0.138956
0.736144 0.357054 1.2824 0.446011 0.614055 0.636111 -0.139186
0.736214 0.356846 1.2826 0.445809 0.614237 0.636027 -0.139417
0.736285 0.356637 1.28281 0.445606 0.614419 0.635943 -0.139647
0.736355 0.35643 1.28301 0.445404 0.6146 0.635859 -0.139877
0.736425 0.356222 1.28321 0.4452 0.614782 0.635775 -0.140107
0.736495 0.356014 1.28341 0.444997 0.614964 0.635691 -0.140337
0.736565 0.355806 1.28361 0.444793 0.615145 0.635607 -0.140566
0.736635 0.355598 1.28381 0.444589 0.615326 0.635524 -0.140796
0.736704 0.35539 1.28401 0.444385 0.615508 0.63544 -0.141025
0.736774 0.355183 1.28422 0.44418 0.615689 0.635357 -0.141254
0.736843 0.354975 1.28442 0.443975 0.61587 0.635274 -0.141483
0.736912 0.354768 1.28462 0.44377 0.616051 0.635191 -0.141712
0.736981 0.35456 1.28482 0.443565 0.616232 0.635108 -0.14194
0.73705 0.354353 1.28502 0.443359 0.616413 0.635025 -0.142168
0.737119 0.354145 1.28523 0.443153 0.616593 0.634942 -0.142397
0.737188 0.353938 1.28543 0.442946 0.616774 0.634859 -0.142625
0.737256 0.353731 1.28563 0.44274 0.616955 0.634777 -0.142852
0.737325 0.353524 1.28583 0.442533 0.617135 0.634694 -0.14308
0.737393 0.353316 1.28603 0.442325 0.617316 0.634612 -0.143308
0.737461 0.353109 1.28623 0.442118 0.617496 0.63453 -0.143535
0.737529 0.352902 1.28644 0.44191 0.617676 0.634448 -0.143762
0.737597 0.352695 1.28664 0.441702 0.617857 0.634366 -0.143989
0.737665 0.352488 1.28684 0.441493 0.618037 0.634284 -0.144216
0.737732 0.352282 1.28704 0.441285 0.618217 0.634202 -0.144442
0.7378 0.352075 1.28724 0.441076 0.618397 0.634121 -0.144669
0.737867 0.351868 1.28745 0.440866 0.618577 0.634039 -0.144895
0.737934 0.351661 1.28765 0.440657 0.618756 0.633958 -0.145121
0.738001 0.351455 1.28785 0.440447 0.618936 0.633876 -0.145347
0.738068 0.351248 1.28805 0.440237 0.619116 0.633795 -0.145573
0.738135 0.351041 1.28825 0.440026 0.619295 0.633714 -0.145798
0.738202 0.350835 1.28846 0.439815 0.619475 0.633633 -0.146023
0.738268 0.350629 1.28866 0.439604 0.619654 0.633552 -0.146249
0.738335 0.350422 1.28886 0.439393 0.619833 0.633471 -0.146474
0.738401 0.350216 1.28906 0.439181 0.620012 0.633391 -0.146698
0.738467 0.35001 1.28927 0.438969 0.620191 0.63331 -0.146923
0.738534 0.349803 1.28947 0.438757 0.62037 0.63323 -0.147147
0.7386 0.349597 1.28967 0.438545 0.620549 0.63315 -0.147372
0.738665 0.349391 1.28987 0.438332 0.620728 0.63307 -0.147596
0.738731 0.349185 1.29007 0.438119 0.620907 0.632989 -0.14782
0.738797 0.348979 1.29028 0.437905 0.621086 0.63291 -0.148043
0.738862 0.348773 1.29048 0.437692 0.621264 0.63283 -0.148267
0.738927 0.348567 1.29068 0.437478 0.621443 0.63275 -0.14849
0.738993 0.348362 1.29088 0.437264 0.621621 0.63267 -0.148714
0.739058 0.348156 1.29109 0.437049 0.6218 0.632591 -0.148936
0.739122 0.34795 1.29129 0.436834 0.621978 0.632512 -0.149159
0.739187 0.347745 1.29149 0.436619 0.622156 0.632432 -0.149382
0.739252 0.347539 1.29169 0.436404 0.622334 0.632353 -0.149604
0.739317 0.347333 1.2919 0.436188 0.622512 0.632274 -0.149827
0.739381 0.347128 1.2921 0.435972 0.62269 0.632195 -0.150049
0.739445 0.346923 1.2923 0.435756 0.622868 0.632117 -0.150271
0.739509 0.346717 1.2925 0.435539 0.623045 0.632038 -0.150492
0.739573 0.346512 1.29271 0.435323 0.623223 0.631959 -0.150714
0.739637 0.346307 1.29291 0.435106 0.623401 0.631881 -0.150935
0.739701 0.346102 1.29311 0.434888 0.623578 0.631803 -0.151156
0.739764 0.345898 1.29331 0.434671 0.623754 0.631725 -0.151376
0.739827 0.345693 1.29351 0.434454 0.623931 0.631648 -0.151596
0.739889 0.34549 1.29371 0.434237 0.624106 0.631571 -0.151816
0.73995 0.345287 1.29391 0.43402 0.624281 0.631495 -0.152035
0.740011 0.345085 1.29411 0.433803 0.624455 0.631419 -0.152253
0.74007 0.344884 1.29431 0.433587 0.624627 0.631345 -0.15247
0.740129 0.344684 1.29451 0.433371 0.624799 0.631271 -0.152686
0.740187 0.344485 1.2947 0.433155 0.62497 0.631198 -0.152902
0.740243 0.344287 1.2949 0.43294 0.625139 0.631126 -0.153116
0.740299 0.34409 1.29509 0.432726 0.625307 0.631055 -0.15333
0.740353 0.343895 1.29528 0.432512 0.625473 0.630985 -0.153542
0.740406 0.343701 1.29547 0.432299 0.625637 0.630917 -0.153753
0.740457 0.343509 1.29566 0.432087 0.6258 0.630849 -0.153962
0.740506 0.343318 1.29584 0.431876 0.625961 0.630783 -0.154171
0.740554 0.34313 1.29602 0.431666 0.62612 0.630719 -0.154377
0.740601 0.342943 1.2962 0.431457 0.626276 0.630656 -0.154583
0.740645 0.342758 1.29638 0.431249 0.626431 0.630595 -0.154786
0.740687 0.342575 1.29655 0.431043 0.626583 0.630535 -0.154988
0.740728 0.342395 1.29673 0.430837 0.626732 0.630478 -0.155189
0.740766 0.342217 1.2969 0.430634 0.62688 0.630422 -0.155387
0.740802 0.342041 1.29706 0.430431 0.627024 0.630368 -0.155583
0.740836 0.341867 1.29722 0.430231 0.627166 0.630316 -0.155778
0.740868 0.341697 1.29738 0.430032 0.627304 0.630266 -0.155971
0.740897 0.341529 1.29754 0.429835 0.62744 0.630218 -0.156161
0.740923 0.341363 1.29769 0.42964 0.627573 0.630173 -0.156349
0.740947 0.341201 1.29784 0.429446 0.627702 0.630129 -0.156535
0.740969 0.341042 1.29798 0.429255 0.627828 0.630088 -0.156719
0.740987 0.340886 1.29812 0.429066 0.62795 0.63005 -0.1569
0.741003 0.340733 1.29826 0.428879 0.628069 0.630014 -0.157079
0.741015 0.340583 1.29839 0.428694 0.628185 0.629981 -0.157256
0.741025 0.340436 1.29852 0.428512 0.628297 0.62995 -0.15743
0.741032 0.340293 1.29864 0.428331 0.628405 0.629922 -0.157601
0.741036 0.340153 1.29876 0.428153 0.62851 0.629896 -0.157771
0.741038 0.340015 1.29888 0.427977 0.628612 0.629872 -0.157938
0.741037 0.339881 1.29899 0.427802 0.62871 0.629851 -0.158103
0.741034 0.339749 1.2991 0.42763 0.628806 0.629831 -0.158266
0.741028 0.339619 1.29921 0.427459 0.628899 0.629814 -0.158427
0.74102 0.339492 1.29931 0.42729 0.628989 0.629799 -0.158586
0.741011 0.339368 1.29941 0.427123 0.629076 0.629785 -0.158743
0.740999 0.339246 1.29951 0.426957 0.629161 0.629773 -0.158899
0.740985 0.339126 1.2996 0.426793 0.629244 0.629763 -0.159053
0.740969 0.339008 1.29969 0.426631 0.629324 0.629755 -0.159205
0.740952 0.338892 1.29978 0.426469 0.629402 0.629748 -0.159356
0.740933 0.338778 1.29986 0.426309 0.629478 0.629743 -0.159505
0.740912 0.338665 1.29995 0.42615 0.629552 0.629739 -0.159654
0.74089 0.338555 1.30003 0.425993 0.629624 0.629736 -0.159801
0.740867 0.338446 1.30011 0.425836 0.629695 0.629734 -0.159946
0.740842 0.338338 1.30019 0.425681 0.629764 0.629734 -0.160091
0.740816 0.338232 1.30026 0.425526 0.629831 0.629735 -0.160234
0.740789 0.338127 1.30034 0.425372 0.629897 0.629736 -0.160377
0.740761 0.338023 1.30041 0.425219 0.629962 0.629739 -0.160519
0.740732 0.33792 1.30048 0.425067 0.630025 0.629742 -0.16066
0.740702 0.337818 1.30055 0.424915 0.630088 0.629746 -0.1608
0.740672 0.337717 1.30062 0.424764 0.630149 0.629751 -0.160939
0.740641 0.337617 1.30069 0.424613 0.63021 0.629756 -0.161078
0.740609 0.337517 1.30075 0.424463 0.63027 0.629762 -0.161217
0.740577 0.337418 1.30082 0.424313 0.63033 0.629768 -0.161355
0.740544 0.33732 1.30089 0.424163 0.630389 0.629775 -0.161492
0.740511 0.337221 1.30095 0.424013 0.630447 0.629782 -0.16163
0.740478 0.337123 1.30102 0.423864 0.630506 0.629789 -0.161767
0.740445 0.337026 1.30108 0.423714 0.630564 0.629796 -0.161904
0.740412 0.336928 1.30115 0.423565 0.630622 0.629803 -0.162041
0.740379 0.33683 1.30121 0.423415 0.63068 0.62981 -0.162178
0.740345 0.336732 1.30128 0.423265 0.630738 0.629817 -0.162314
0.740312 0.336634 1.30135 0.423115 0.630796 0.629824 -0.162451
0.740279 0.336537 1.30141 0.422966 0.630854 0.629832 -0.162588
0.740246 0.336439 1.30148 0.422816 0.630913 0.629839 -0.162724
0.740212 0.336342 1.30154 0.422665 0.630971 0.629846 -0.162861
0.740179 0.336244 1.30161 0.422515 0.631029 0.629854 -0.162997
0.740146 0.336146 1.30167 0.422365 0.631087 0.629861 -0.163134
0.740112 0.336049 1.30174 0.422215 0.631144 0.629868 -0.16327
0.740079 0.335952 1.3018 0.422064 0.631202 0.629876 -0.163406
0.740045 0.335854 1.30187 0.421914 0.63126 0.629883 -0.163543
0.740012 0.335757 1.30193 0.421763 0.631318 0.629891 -0.163679
0.739979 0.335659 1.302 0.421613 0.631376 0.629898 -0.163815
0.739945 0.335562 1.30206 0.421462 0.631434 0.629906 -0.163951
0.739912 0.335465 1.30213 0.421311 0.631492 0.629913 -0.164087
0.739878 0.335368 1.3022 0.42116 0.631549 0.629921 -0.164223
0.739845 0.33527 1.30226 0.421009 0.631607 0.629929 -0.164358
0.739811 0.335173 1.30233 0.420858 0.631665 0.629936 -0.164494
0.739778 0.335076 1.30239 0.420707 0.631722 0.629944 -0.16463
0.739744 0.334979 1.30246 0.420556 0.63178 0.629951 -0.164765
0.73971 0.334882 1.30252 0.420405 0.631838 0.629959 -0.164901
0.739677 0.334785 1.30259 0.420254 0.631895 0.629967 -0.165036
0.739643 0.334688 1.30265 0.420102 0.631953 0.629975 -0.165172
0.739609 0.334591 1.30272 0.419951 0.63201 0.629983 -0.165307
0.739576 0.334494 1.30279 0.419799 0.632068 0.62999 -0.165442
0.739542 0.334398 1.30285 0.419648 0.632125 0.629998 -0.165578
0.739508 0.334301 1.30292 0.419496 0.632183 0.630006 -0.165713
0.739475 0.334204 1.30298 0.419344 0.63224 0.630014 -0.165848
0.739441 0.334107 1.30305 0.419192 0.632297 0.630022 -0.165983
0.739407 0.334011 1.30311 0.41904 0.632355 0.63003 -0.166118
0.739374 0.333914 1.30318 0.418888 0.632412 0.630038 -0.166253
0.73934 0.333817 1.30324 0.418736 0.632469 0.630046 -0.166387
0.739306 0.333721 1.30331 0.418584 0.632527 0.630054 -0.166522
0.739272 0.333624 1.30338 0.418432 0.632584 0.630062 -0.166657
0.739238 0.333528 1.30344 0.418279 0.632641 0.63007 -0.166791
0.739204 0.333431 1.30351 0.418127 0.632698 0.630078 -0.166926
0.739171 0.333335 1.30357 0.417975 0.632755 0.630086 -0.16706
0.739137 0.333239 1.30364 0.417822 0.632812 0.630095 -0.167195
0.739103 0.333142 1.3037 0.417669 0.632869 0.630103 -0.167329
0.739069 0.333046 1.30377 0.417517 0.632927 0.630111 -0.167463
0.739035 0.33295 1.30383 0.417364 0.632984 0.630119 -0.167597
0.739001 0.332854 1.3039 0.417211 0.633041 0.630128 -0.167731
0.738967 0.332757 1.30397 0.417058 0.633097 0.630136 -0.167865
0.738933 0.332661 1.30403 0.416905 0.633154 0.630144 -0.167999
0.738899 0.332565 1.3041 0.416752 0.633211 0.630153 -0.168133
0.738865 0.332469 1.30416 0.416599 0.633268 0.630161 -0.168267
0.738831 0.332373 1.30423 0.416446 0.633325 0.630169 -0.168401
0.738797 0.332277 1.30429 0.416292 0.633382 0.630178 -0.168535
0.738763 0.332181 1.30436 0.416139 0.633439 0.630186 -0.168668
0.738729 0.332085 1.30443 0.415985 0.633495 0.630195 -0.168802
0.738695 0.331989 1.30449 0.415832 0.633552 0.630203 -0.168935
0.73866 0.331894 1.30456 0.415678 0.633609 0.630212 -0.169069
0.738626 0.331798 1.30462 0.415525 0.633666 0.630221 -0.169202
0.738592 0.331702 1.30469 0.415371 0.633722 0.630229 -0.169335
0.738558 0.331606 1.30475 0.415217 0.633779 0.630238 -0.169469
0.738524 0.331511 1.30482 0.415063 0.633835 0.630246 -0.169602
0.738489 0.331415 1.30489 0.414909 0.633892 0.630255 -0.169735
0.738455 0.331319 1.30495 0.414755 0.633948 0.630264 -0.169868
0.738421 0.331224 1.30502 0.414601 0.634005 0.630273 -0.170001
0.738387 0.331128 1.30508 0.414447 0.634061 0.630281 -0.170134
0.738352 0.331033 1.30515 0.414292 0.634118 0.63029 -0.170266
0.738318 0.330937 1.30521 0.414138 0.634174 0.630299 -0.170399
0.738284 0.330842 1.30528 0.413983 0.634231 0.630308 -0.170532
0.738249 0.330747 1.30535 0.413829 0.634287 0.630317 -0.170664
0.738215 0.330651 1.30541 0.413674 0.634343 0.630326 -0.170797
0.73818 0.330556 1.30548 0.413519 0.634399 0.630335 -0.17093
0.738145 0.330461 1.30554 0.413364 0.634455 0.630344 -0.171062
0.73811 0.330366 1.30561 0.413209 0.634511 0.630354 -0.171195
0.738074 0.330271 1.30567 0.413054 0.634566 0.630364 -0.171327
0.738037 0.330176 1.30574 0.412898 0.634621 0.630375 -0.17146
0.738 0.330082 1.3058 0.412742 0.634676 0.630386 -0.171593
0.737962 0.329988 1.30586 0.412586 0.63473 0.630397 -0.171726
0.737923 0.329894 1.30593 0.41243 0.634783 0.63041 -0.171859
0.737883 0.3298 1.30599 0.412273 0.634836 0.630423 -0.171992
0.737842 0.329707 1.30605 0.412116 0.634888 0.630437 -0.172126
0.7378 0.329614 1.30611 0.411958 0.634939 0.630452 -0.17226
0.737756 0.329521 1.30617 0.4118 0.63499 0.630467 -0.172394
0.737711 0.329429 1.30623 0.411641 0.63504 0.630484 -0.172528
0.737665 0.329337 1.30628 0.411482 0.635088 0.630502 -0.172663
0.737617 0.329246 1.30634 0.411322 0.635136 0.630521 -0.172798
0.737567 0.329155 1.30639 0.411162 0.635183 0.630542 -0.172934
0.737516 0.329064 1.30645 0.411001 0.635229 0.630563 -0.173069
0.737462 0.328974 1.3065 0.410839 0.635273 0.630586 -0.173206
0.737407 0.328885 1.30655 0.410677 0.635316 0.630611 -0.173342
0.737349 0.328796 1.3066 0.410514 0.635358 0.630637 -0.17348
0.737289 0.328708 1.30664 0.410351 0.635399 0.630664 -0.173617
0.737227 0.32862 1.30669 0.410186 0.635438 0.630694 -0.173756
0.737163 0.328533 1.30673 0.410021 0.635476 0.630725 -0.173895
0.737096 0.328446 1.30678 0.409855 0.635512 0.630758 -0.174034
0.737027 0.32836 1.30682 0.409689 0.635547 0.630792 -0.174174
0.736954 0.328275 1.30685 0.409521 0.63558 0.630829 -0.174315
0.73688 0.328191 1.30689 0.409352 0.635611 0.630868 -0.174456
0.736802 0.328107 1.30692 0.409183 0.635641 0.630909 -0.174598
0.736721 0.328025 1.30695 0.409013 0.635669 0.630952 -0.174741
0.736637 0.327943 1.30698 0.408841 0.635694 0.630997 -0.174884
0.73655 0.327861 1.30701 0.408669 0.635718 0.631044 -0.175029
0.73646 0.327781 1.30703 0.408496 0.63574 0.631094 -0.175174
0.736367 0.327701 1.30706 0.408321 0.635761 0.631146 -0.175319
0.736271 0.327622 1.30708 0.408146 0.635779 0.6312 -0.175466
0.736172 0.327544 1.3071 0.40797 0.635796 0.631256 -0.175613
0.736071 0.327467 1.30711 0.407793 0.635811 0.631314 -0.175761
0.735967 0.32739 1.30713 0.407615 0.635825 0.631374 -0.175909
0.73586 0.327314 1.30714 0.407437 0.635837 0.631435 -0.176058
0.735751 0.327238 1.30715 0.407258 0.635847 0.631499 -0.176208
0.73564 0.327163 1.30716 0.407078 0.635856 0.631564 -0.176358
0.735527 0.327089 1.30717 0.406897 0.635864 0.63163 -0.176508
0.735412 0.327015 1.30717 0.406715 0.635871 0.631698 -0.176659
0.735294 0.326942 1.30718 0.406533 0.635876 0.631768 -0.176811
0.735175 0.326869 1.30718 0.406351 0.63588 0.631839 -0.176963
0.735054 0.326797 1.30718 0.406167 0.635883 0.631911 -0.177115
0.734931 0.326725 1.30718 0.405983 0.635885 0.631984 -0.177268
0.734807 0.326654 1.30718 0.405799 0.635886 0.632059 -0.177421
0.734681 0.326583 1.30718 0.405614 0.635886 0.632134 -0.177574
0.734554 0.326512 1.30718 0.405429 0.635885 0.632211 -0.177728
0.734425 0.326442 1.30717 0.405243 0.635884 0.632288 -0.177882
0.734296 0.326372 1.30717 0.405057 0.635881 0.632367 -0.178036
0.734165 0.326302 1.30716 0.40487 0.635878 0.632446 -0.178191
0.734033 0.326233 1.30716 0.404683 0.635874 0.632525 -0.178345
0.733901 0.326164 1.30715 0.404496 0.63587 0.632606 -0.1785
0.733767 0.326095 1.30714 0.404308 0.635865 0.632687 -0.178655
0.733633 0.326026 1.30714 0.40412 0.63586 0.632769 -0.17881
0.733498 0.325958 1.30713 0.403932 0.635854 0.63285 -0.178965
0.733363 0.325889 1.30712 0.403744 0.635848 0.632933 -0.17912
0.733227 0.325821 1.30711 0.403555 0.635842 0.633015 -0.179275
0.733091 0.325753 1.3071 0.403367 0.635836 0.633098 -0.179431
0.732955 0.325685 1.30709 0.403178 0.635829 0.633181 -0.179586
0.732819 0.325617 1.30708 0.402989 0.635822 0.633264 -0.179741
0.732683 0.325549 1.30707 0.4028 0.635815 0.633347 -0.179896
0.732547 0.325481 1.30706 0.402611 0.635809 0.63343 -0.180051
0.73241 0.325413 1.30705 0.402422 0.635802 0.633513 -0.180206
0.732274 0.325346 1.30705 0.402233 0.635795 0.633596 -0.180361
0.732138 0.325278 1.30704 0.402044 0.635788 0.633679 -0.180516
0.732002 0.32521 1.30703 0.401854 0.635781 0.633762 -0.18067
0.731865 0.325142 1.30702 0.401665 0.635774 0.633845 -0.180825
0.731729 0.325075 1.30701 0.401476 0.635767 0.633928 -0.180979
0.731593 0.325007 1.307 0.401286 0.63576 0.634011 -0.181134
0.731456 0.324939 1.30699 0.401097 0.635753 0.634094 -0.181288
0.73132 0.324872 1.30698 0.400907 0.635746 0.634176 -0.181443
0.731184 0.324804 1.30697 0.400717 0.635738 0.634259 -0.181597
0.731048 0.324737 1.30696 0.400528 0.635731 0.634342 -0.181751
0.730911 0.324669 1.30696 0.400338 0.635724 0.634425 -0.181905
0.730775 0.324602 1.30695 0.400148 0.635717 0.634508 -0.182059
0.730639 0.324534 1.30694 0.399958 0.635709 0.634591 -0.182213
0.730502 0.324467 1.30693 0.399768 0.635702 0.634674 -0.182367
0.730366 0.3244 1.30692 0.399578 0.635694 0.634757 -0.182521
0.73023 0.324332 1.30691 0.399388 0.635687 0.63484 -0.182675
0.730093 0.324265 1.3069 0.399198 0.635679 0.634922 -0.182828
0.729957 0.324198 1.30689 0.399007 0.635672 0.635005 -0.182982
0.729821 0.324131 1.30689 0.398817 0.635664 0.635088 -0.183136
0.729684 0.324064 1.30688 0.398627 0.635657 0.635171 -0.183289
0.729548 0.323996 1.30687 0.398436 0.635649 0.635254 -0.183442
0.729412 0.323929 1.30686 0.398246 0.635641 0.635337 -0.183596
0.729275 0.323862 1.30685 0.398055 0.635634 0.63542 -0.183749
0.729139 0.323795 1.30684 0.397865 0.635626 0.635502 -0.183902
0.729003 0.323728 1.30683 0.397674 0.635618 0.635585 -0.184055
0.728866 0.323661 1.30683 0.397483 0.63561 0.635668 -0.184208
0.72873 0.323594 1.30682 0.397292 0.635603 0.635751 -0.184361
0.728593 0.323528 1.30681 0.397102 0.635595 0.635834 -0.184514
0.728457 0.323461 1.3068 0.396911 0.635587 0.635916 -0.184667
0.728321 0.323394 1.30679 0.39672 0.635579 0.635999 -0.18482
0.728184 0.323327 1.30678 0.396529 0.635571 0.636082 -0.184972
0.728048 0.32326 1.30677 0.396337 0.635563 0.636165 -0.185125
0.727911 0.323194 1.30677 0.396146 0.635555 0.636247 -0.185277
0.727775 0.323127 1.30676 0.395955 0.635547 0.63633 -0.18543
0.727639 0.32306 1.30675 0.395764 0.635538 0.636413 -0.185582
0.727502 0.322994 1.30674 0.395572 0.63553 0.636496 -0.185734
0.727366 0.322927 1.30673 0.395381 0.635522 0.636578 -0.185887
0.727229 0.322861 1.30673 0.395189 0.635514 0.636661 -0.186039
0.727093 0.322794 1.30672 0.394998 0.635505 0.636744 -0.186191
0.726957 0.322728 1.30671 0.394806 0.635497 0.636827 -0.186343
0.72682 0.322661 1.3067 0.394614 0.635489 0.636909 -0.186495
0.726684 0.322595 1.30669 0.394422 0.63548 0.636992 -0.186646
0.726547 0.322528 1.30668 0.394231 0.635472 0.637075 -0.186798
0.726411 0.322462 1.30668 0.394039 0.635463 0.637157 -0.18695
0.726275 0.322396 1.30667 0.393847 0.635455 0.63724 -0.187101
0.726138 0.322329 1.30666 0.393655 0.635446 0.637323 -0.187253
0.726002 0.322263 1.30665 0.393463 0.635438 0.637405 -0.187404
0.725865 0.322197 1.30664 0.39327 0.635429 0.637488 -0.187556
0.725729 0.322131 1.30664 0.393078 0.63542 0.637571 -0.187707
0.725592 0.322065 1.30663 0.392886 0.635412 0.637653 -0.187858
0.725456 0.321999 1.30662 0.392694 0.635403 0.637736 -0.18801
0.725319 0.321933 1.30661 0.392501 0.635394 0.637819 -0.188161
0.725183 0.321867 1.3066 0.392309 0.635385 0.637901 -0.188312
0.725046 0.321801 1.3066 0.392116 0.635377 0.637984 -0.188463
0.72491 0.321735 1.30659 0.391924 0.635368 0.638067 -0.188613
0.724774 0.321669 1.30658 0.391731 0.635359 0.638149 -0.188764
0.724637 0.321603 1.30657 0.391538 0.63535 0.638232 -0.188915
0.724501 0.321537 1.30656 0.391345 0.635341 0.638314 -0.189066
0.724364 0.321471 1.30656 0.391152 0.635332 0.638397 -0.189216
0.724228 0.321405 1.30655 0.39096 0.635323 0.63848 -0.189367
0.724091 0.32134 1.30654 0.390767 0.635313 0.638562 -0.189517
0.723955 0.321274 1.30653 0.390574 0.635304 0.638645 -0.189667
0.723818 0.321208 1.30653 0.39038 0.635295 0.638727 -0.189818
0.723681 0.321142 1.30652 0.390187 0.635286 0.63881 -0.189968
0.723544 0.321076 1.30651 0.389993 0.635277 0.638893 -0.190119
0.723406 0.32101 1.3065 0.389798 0.635267 0.638976 -0.19027
0.723268 0.320944 1.3065 0.389602 0.635258 0.63906 -0.190422
0.723129 0.320878 1.30649 0.389406 0.635248 0.639144 -0.190574
0.72299 0.320811 1.30648 0.389208 0.635238 0.639228 -0.190727
0.722849 0.320744 1.30647 0.389009 0.635228 0.639313 -0.190881
0.722708 0.320676 1.30646 0.388809 0.635218 0.639399 -0.191036
0.722565 0.320608 1.30646 0.388607 0.635208 0.639485 -0.191192
0.722421 0.32054 1.30645 0.388403 0.635198 0.639572 -0.191349
0.722276 0.320471 1.30644 0.388198 0.635187 0.63966 -0.191507
0.72213 0.320401 1.30643 0.38799 0.635177 0.639748 -0.191667
0.721981 0.320331 1.30642 0.387781 0.635166 0.639838 -0.191829
0.721832 0.32026 1.30641 0.387569 0.635155 0.639928 -0.191991
0.72168 0.320188 1.3064 0.387354 0.635143 0.64002 -0.192156
0.721526 0.320116 1.3064 0.387138 0.635132 0.640113 -0.192323
0.721371 0.320043 1.30639 0.386918 0.63512 0.640207 -0.192491
0.721213 0.319969 1.30638 0.386695 0.635107 0.640302 -0.192662
0.721054 0.319894 1.30637 0.386469 0.635095 0.640399 -0.192835
0.720891 0.319818 1.30636 0.38624 0.635082 0.640497 -0.19301
0.720727 0.319741 1.30635 0.386008 0.635069 0.640596 -0.193187
0.72056 0.319663 1.30634 0.385772 0.635056 0.640697 -0.193367
0.72039 0.319584 1.30633 0.385533 0.635042 0.6408 -0.19355
0.720217 0.319504 1.30632 0.385289 0.635028 0.640904 -0.193735
0.720042 0.319422 1.30631 0.385042 0.635013 0.64101 -0.193924
0.719863 0.31934 1.30629 0.384791 0.634998 0.641118 -0.194115
0.719682 0.319256 1.30628 0.384535 0.634983 0.641228 -0.194309
0.719497 0.319171 1.30627 0.384275 0.634967 0.64134 -0.194507
0.719309 0.319084 1.30626 0.38401 0.634951 0.641453 -0.194707
0.719117 0.318996 1.30625 0.38374 0.634935 0.641569 -0.194912
0.718922 0.318907 1.30623 0.383466 0.634917 0.641687 -0.195119
0.718724 0.318816 1.30622 0.383186 0.6349 0.641807 -0.19533
0.718522 0.318724 1.30621 0.382902 0.634882 0.641929 -0.195544
0.718317 0.318631 1.3062 0.382614 0.634863 0.642053 -0.195762
0.718108 0.318536 1.30618 0.382321 0.634845 0.642179 -0.195982
0.717897 0.318441 1.30617 0.382024 0.634825 0.642307 -0.196205
0.717683 0.318344 1.30615 0.381723 0.634806 0.642436 -0.196431
0.717466 0.318246 1.30614 0.381418 0.634785 0.642567 -0.19666
0.717247 0.318147 1.30613 0.38111 0.634765 0.6427 -0.196891
0.717025 0.318047 1.30611 0.380797 0.634744 0.642834 -0.197125
0.7168 0.317946 1.3061 0.380482 0.634723 0.642969 -0.197361
0.716573 0.317844 1.30608 0.380163 0.634701 0.643106 -0.197599
0.716344 0.317741 1.30607 0.37984 0.634679 0.643245 -0.197839
0.716113 0.317637 1.30605 0.379515 0.634657 0.643384 -0.198081
0.71588 0.317533 1.30604 0.379187 0.634634 0.643525 -0.198325
0.715645 0.317428 1.30602 0.378856 0.634611 0.643667 -0.198571
0.715408 0.317322 1.306 0.378522 0.634587 0.64381 -0.198818
0.715169 0.317216 1.30599 0.378186 0.634564 0.643954 -0.199066
0.714929 0.317109 1.30597 0.377848 0.63454 0.644099 -0.199316
0.714688 0.317002 1.30596 0.377508 0.634516 0.644244 -0.199567
0.714445 0.316894 1.30594 0.377165 0.634491 0.644391 -0.19982
0.714201 0.316786 1.30593 0.376821 0.634466 0.644538 -0.200073
0.713955 0.316678 1.30591 0.376475 0.634441 0.644686 -0.200327
0.713709 0.316569 1.30589 0.376128 0.634416 0.644834 -0.200582
0.713462 0.31646 1.30588 0.375779 0.63439 0.644983 -0.200838
0.713214 0.31635 1.30586 0.375429 0.634365 0.645132 -0.201094
0.712966 0.316241 1.30585 0.375077 0.634339 0.645282 -0.201351
0.712717 0.316131 1.30583 0.374725 0.634313 0.645432 -0.201608
0.712467 0.316021 1.30581 0.374372 0.634287 0.645582 -0.201865
0.712217 0.315912 1.3058 0.374019 0.63426 0.645733 -0.202122
0.711967 0.315802 1.30578 0.373665 0.634234 0.645883 -0.202379
0.711717 0.315692 1.30577 0.37331 0.634207 0.646034 -0.202636
0.711466 0.315583 1.30575 0.372955 0.63418 0.646184 -0.202893
0.711216 0.315473 1.30574 0.372601 0.634153 0.646335 -0.203149
0.710966 0.315364 1.30572 0.372246 0.634126 0.646485 -0.203406
0.710716 0.315254 1.30571 0.37189 0.634099 0.646636 -0.203662
0.710465 0.315145 1.30569 0.371535 0.634072 0.646786 -0.203918
0.710215 0.315036 1.30568 0.371179 0.634044 0.646937 -0.204173
0.709965 0.314927 1.30566 0.370823 0.634017 0.647087 -0.204428
0.709715 0.314818 1.30564 0.370467 0.633989 0.647237 -0.204684
0.709464 0.314709 1.30563 0.370111 0.633962 0.647387 -0.204938
0.709214 0.314601 1.30561 0.369755 0.633934 0.647538 -0.205193
0.708964 0.314492 1.3056 0.369398 0.633906 0.647688 -0.205447
0.708713 0.314384 1.30559 0.369042 0.633878 0.647838 -0.205701
0.708463 0.314275 1.30557 0.368685 0.63385 0.647988 -0.205955
0.708213 0.314167 1.30556 0.368328 0.633821 0.648138 -0.206209
0.707963 0.314059 1.30554 0.36797 0.633793 0.648288 -0.206462
0.707712 0.313951 1.30553 0.367613 0.633764 0.648438 -0.206715
0.707462 0.313843 1.30551 0.367255 0.633736 0.648589 -0.206968
0.707212 0.313735 1.3055 0.366897 0.633707 0.648738 -0.207221
0.706961 0.313627 1.30548 0.366539 0.633678 0.648888 -0.207473
0.706711 0.31352 1.30547 0.366181 0.633649 0.649038 -0.207725
0.706461 0.313412 1.30546 0.365823 0.63362 0.649188 -0.207977
0.70621 0.313305 1.30544 0.365464 0.633591 0.649338 -0.208229
0.70596 0.313197 1.30543 0.365105 0.633561 0.649488 -0.20848
0.70571 0.31309 1.30541 0.364746 0.633532 0.649638 -0.208731
0.70546 0.312983 1.3054 0.364387 0.633502 0.649787 -0.208982
0.705209 0.312876 1.30539 0.364028 0.633472 0.649937 -0.209233
0.704959 0.312769 1.30537 0.363668 0.633443 0.650087 -0.209483
0.704709 0.312662 1.30536 0.363308 0.633413 0.650236 -0.209733
0.704458 0.312555 1.30535 0.362948 0.633383 0.650386 -0.209983
0.704208 0.312448 1.30533 0.362588 0.633352 0.650536 -0.210233
0.703958 0.312342 1.30532 0.362228 0.633322 0.650685 -0.210482
0.703707 0.312235 1.30531 0.361867 0.633292 0.650835 -0.210731
0.703457 0.312129 1.30529 0.361507 0.633261 0.650984 -0.21098
0.703207 0.312023 1.30528 0.361146 0.633231 0.651134 -0.211229
0.702956 0.311917 1.30527 0.360785 0.6332 0.651283 -0.211477
0.702706 0.311811 1.30525 0.360424 0.633169 0.651432 -0.211725
0.702456 0.311705 1.30524 0.360062 0.633138 0.651582 -0.211973
0.702205 0.311599 1.30523 0.359701 0.633107 0.651731 -0.212221
0.701955 0.311493 1.30521 0.359339 0.633076 0.65188 -0.212468
0.701705 0.311387 1.3052 0.358977 0.633044 0.65203 -0.212715
0.701455 0.311282 1.30519 0.358615 0.633013 0.652179 -0.212962
0.701204 0.311176 1.30518 0.358253 0.632981 0.652328 -0.213209
0.700954 0.311071 1.30516 0.35789 0.63295 0.652477 -0.213455
0.700704 0.310966 1.30515 0.357527 0.632918 0.652626 -0.213701
0.700453 0.310861 1.30514 0.357165 0.632886 0.652775 -0.213947
0.700203 0.310756 1.30513 0.356801 0.632854 0.652924 -0.214193
0.699953 0.310651 1.30511 0.356438 0.632822 0.653073 -0.214438
0.699702 0.310546 1.3051 0.356075 0.632789 0.653222 -0.214683
0.699452 0.310441 1.30509 0.355711 0.632757 0.653371 -0.214928
0.699202 0.310336 1.30508 0.355347 0.632724 0.65352 -0.215173
0.698952 0.310232 1.30507 0.354984 0.632692 0.653669 -0.215417
0.698701 0.310127 1.30505 0.354619 0.632659 0.653818 -0.215661
0.698451 0.310023 1.30504 0.354255 0.632626 0.653967 -0.215905
0.698201 0.309919 1.30503 0.353891 0.632593 0.654115 -0.216149
0.69795 0.309815 1.30502 0.353526 0.63256 0.654264 -0.216392
0.6977 0.309711 1.30501 0.353161 0.632527 0.654413 -0.216635
0.69745 0.309607 1.305 0.352796 0.632494 0.654561 -0.216878
0.697199 0.309503 1.30498 0.352431 0.63246 0.65471 -0.217121
0.696949 0.309399 1.30497 0.352065 0.632427 0.654859 -0.217363
0.696699 0.309295 1.30496 0.3517 0.632393 0.655007 -0.217605
0.696449 0.309192 1.30495 0.351334 0.632359 0.655156 -0.217847
0.696198 0.309088 1.30494 0.350968 0.632325 0.655304 -0.218088
0.695948 0.308985 1.30493 0.350602 0.632291 0.655453 -0.21833
0.695698 0.308882 1.30492 0.350236 0.632257 0.655601 -0.218571
0.695448 0.308779 1.30491 0.349869 0.632223 0.655749 -0.218812
0.695197 0.308676 1.3049 0.349502 0.632189 0.655898 -0.219052
0.694947 0.308573 1.30489 0.349135 0.632154 0.656046 -0.219293
0.694696 0.30847 1.30487 0.348768 0.63212 0.656194 -0.219533
0.694445 0.308367 1.30486 0.3484 0.632085 0.656343 -0.219773
0.694194 0.308264 1.30485 0.348031 0.63205 0.656492 -0.220014
0.693943 0.308161 1.30484 0.347662 0.632015 0.656641 -0.220254
0.693691 0.308058 1.30483 0.347292 0.631979 0.65679 -0.220494
0.693439 0.307954 1.30482 0.346921 0.631944 0.656939 -0.220735
0.693186 0.307851 1.30481 0.34655 0.631908 0.657088 -0.220976
0.692933 0.307748 1.3048 0.346177 0.631872 0.657238 -0.221217
0.692679 0.307644 1.30479 0.345803 0.631836 0.657388 -0.221458
0.692425 0.307541 1.30478 0.345429 0.6318 0.657539 -0.2217
0.692169 0.307437 1.30477 0.345052 0.631763 0.65769 -0.221942
0.691913 0.307333 1.30476 0.344675 0.631727 0.657841 -0.222185
0.691656 0.307229 1.30475 0.344296 0.63169 0.657993 -0.222428
0.691399 0.307124 1.30474 0.343916 0.631652 0.658145 -0.222671
0.69114 0.30702 1.30473 0.343535 0.631615 0.658298 -0.222915
0.69088 0.306915 1.30472 0.343151 0.631577 0.658451 -0.22316
0.69062 0.306809 1.30471 0.342766 0.631539 0.658605 -0.223406
0.690358 0.306704 1.3047 0.34238 0.6315 0.658759 -0.223652
0.690095 0.306598 1.30469 0.341991 0.631461 0.658914 -0.223899
0.689831 0.306492 1.30468 0.3416 0.631422 0.65907 -0.224147
0.689565 0.306385 1.30467 0.341208 0.631383 0.659227 -0.224396
0.689298 0.306278 1.30466 0.340813 0.631343 0.659384 -0.224645
0.68903 0.30617 1.30465 0.340416 0.631303 0.659542 -0.224896
0.688761 0.306062 1.30464 0.340017 0.631262 0.659701 -0.225148
0.68849 0.305954 1.30463 0.339615 0.631221 0.659861 -0.2254
0.688217 0.305845 1.30462 0.339211 0.63118 0.660021 -0.225654
0.687943 0.305736 1.30461 0.338805 0.631138 0.660183 -0.225909
0.687667 0.305626 1.3046 0.338396 0.631096 0.660345 -0.226165
0.687389 0.305516 1.30459 0.337984 0.631053 0.660508 -0.226423
0.68711 0.305405 1.30458 0.337569 0.63101 0.660673 -0.226681
0.686829 0.305293 1.30457 0.337152 0.630967 0.660838 -0.226941
0.686546 0.305181 1.30456 0.336732 0.630923 0.661004 -0.227202
0.686262 0.305069 1.30455 0.33631 0.630879 0.661172 -0.227465
0.685976 0.304956 1.30454 0.335885 0.630834 0.66134 -0.227728
0.685689 0.304843 1.30453 0.335458 0.630789 0.661508 -0.227992
0.6854 0.304729 1.30452 0.335028 0.630743 0.661678 -0.228257
0.68511 0.304615 1.30451 0.334596 0.630697 0.661849 -0.228523
0.684818 0.3045 1.3045 0.334162 0.630651 0.66202 -0.22879
0.684526 0.304386 1.30449 0.333726 0.630604 0.662192 -0.229058
0.684232 0.30427 1.30448 0.333288 0.630557 0.662364 -0.229327
0.683937 0.304155 1.30447 0.332848 0.63051 0.662537 -0.229596
0.68364 0.304039 1.30446 0.332406 0.630462 0.662711 -0.229866
0.683343 0.303923 1.30445 0.331963 0.630414 0.662885 -0.230136
0.683045 0.303807 1.30444 0.331517 0.630365 0.66306 -0.230407
0.682746 0.303691 1.30443 0.331071 0.630316 0.663235 -0.230678
0.682446 0.303574 1.30442 0.330622 0.630267 0.663411 -0.23095
0.682145 0.303457 1.30441 0.330172 0.630218 0.663587 -0.231222
0.681843 0.30334 1.3044 0.329721 0.630168 0.663764 -0.231494
0.681541 0.303223 1.30439 0.329268 0.630118 0.663941 -0.231767
0.681238 0.303106 1.30438 0.328815 0.630068 0.664118 -0.23204
0.680935 0.302989 1.30437 0.32836 0.630017 0.664296 -0.232313
0.680631 0.302871 1.30436 0.327904 0.629966 0.664474 -0.232586
0.680326 0.302754 1.30435 0.327447 0.629915 0.664652 -0.232859
0.680021 0.302636 1.30434 0.326989 0.629864 0.66483 -0.233132
0.679716 0.302519 1.30433 0.32653 0.629812 0.665008 -0.233406
0.67941 0.302402 1.30432 0.326071 0.629761 0.665187 -0.233679
0.679104 0.302284 1.30431 0.325611 0.629709 0.665366 -0.233951
0.678798 0.302167 1.3043 0.32515 0.629656 0.665544 -0.234224
0.678492 0.30205 1.30429 0.324689 0.629604 0.665723 -0.234497
0.678185 0.301933 1.30429 0.324228 0.629551 0.665902 -0.234769
0.677879 0.301816 1.30428 0.323766 0.629498 0.666081 -0.23504
0.677572 0.301699 1.30427 0.323304 0.629445 0.666259 -0.235312
0.677266 0.301582 1.30426 0.322842 0.629392 0.666438 -0.235583
0.676959 0.301465 1.30425 0.322379 0.629339 0.666616 -0.235853
0.676653 0.301349 1.30424 0.321916 0.629285 0.666795 -0.236124
0.676347 0.301233 1.30424 0.321453 0.629232 0.666973 -0.236393
0.67604 0.301117 1.30423 0.32099 0.629178 0.667152 -0.236663
0.675734 0.301 1.30422 0.320526 0.629124 0.66733 -0.236932
0.675428 0.300885 1.30421 0.320063 0.62907 0.667508 -0.237201
0.675121 0.300769 1.3042 0.319599 0.629015 0.667686 -0.237469
0.674815 0.300653 1.3042 0.319134 0.628961 0.667864 -0.237737
0.674509 0.300538 1.30419 0.31867 0.628906 0.668042 -0.238004
0.674203 0.300422 1.30418 0.318205 0.628851 0.66822 -0.238271
0.673897 0.300307 1.30417 0.31774 0.628796 0.668398 -0.238538
0.67359 0.300192 1.30417 0.317275 0.628741 0.668576 -0.238804
0.673284 0.300077 1.30416 0.316809 0.628686 0.668754 -0.23907
0.672978 0.299963 1.30415 0.316344 0.62863 0.668931 -0.239335
0.672672 0.299848 1.30415 0.315878 0.628575 0.669109 -0.2396
0.672366 0.299733 1.30414 0.315411 0.628519 0.669287 -0.239865
0.67206 0.299619 1.30413 0.314945 0.628463 0.669464 -0.240129
0.671754 0.299505 1.30413 0.314478 0.628407 0.669642 -0.240393
0.671448 0.299391 1.30412 0.314011 0.62835 0.669819 -0.240656
0.671141 0.299277 1.30411 0.313544 0.628294 0.669996 -0.24092
0.670835 0.299163 1.30411 0.313077 0.628237 0.670173 -0.241182
0.670529 0.299049 1.3041 0.312609 0.62818 0.670351 -0.241444
0.670223 0.298936 1.3041 0.312141 0.628123 0.670528 -0.241706
0.669918 0.298822 1.30409 0.311673 0.628066 0.670705 -0.241968
0.669612 0.298709 1.30408 0.311205 0.628008 0.670882 -0.242229
0.669306 0.298596 1.30408 0.310736 0.627951 0.671059 -0.242489
0.669 0.298483 1.30407 0.310267 0.627893 0.671235 -0.24275
0.668694 0.29837 1.30407 0.309798 0.627835 0.671412 -0.243009
0.668388 0.298258 1.30406 0.309329 0.627777 0.671589 -0.243269
0.668082 0.298145 1.30406 0.308859 0.627719 0.671765 -0.243528
0.667776 0.298033 1.30405 0.30839 0.627661 0.671942 -0.243787
0.667471 0.29792 1.30405 0.30792 0.627602 0.672118 -0.244045
0.667165 0.297808 1.30404 0.307449 0.627544 0.672295 -0.244303
0.666859 0.297696 1.30404 0.306979 0.627485 0.672471 -0.24456
0.666553 0.297584 1.30403 0.306508 0.627426 0.672647 -0.244817
0.666248 0.297472 1.30403 0.306037 0.627366 0.672824 -0.245074
0.665942 0.297361 1.30402 0.305566 0.627307 0.673 -0.24533
0.665636 0.297249 1.30402 0.305095 0.627248 0.673176 -0.245586
0.665331 0.297138 1.30401 0.304623 0.627188 0.673352 -0.245841
0.665025 0.297027 1.30401 0.304151 0.627128 0.673528 -0.246096
0.66472 0.296916 1.30401 0.303679 0.627068 0.673703 -0.246351
0.664414 0.296805 1.304 0.303207 0.627008 0.673879 -0.246605
0.664109 0.296694 1.304 0.302734 0.626947 0.674055 -0.246859
0.663803 0.296583 1.30399 0.302261 0.626887 0.674231 -0.247112
0.663498 0.296473 1.30399 0.301788 0.626826 0.674406 -0.247365
0.663192 0.296362 1.30399 0.301315 0.626765 0.674582 -0.247618
0.662887 0.296252 1.30398 0.300841 0.626704 0.674757 -0.24787
0.662581 0.296142 1.30398 0.300368 0.626643 0.674932 -0.248121
0.662276 0.296032 1.30398 0.299894 0.626582 0.675108 -0.248373
0.661971 0.295922 1.30397 0.299419 0.62652 0.675283 -0.248624
0.661665 0.295812 1.30397 0.298945 0.626458 0.675458 -0.248874
0.66136 0.295703 1.30397 0.29847 0.626397 0.675633 -0.249124
0.661055 0.295593 1.30396 0.297995 0.626334 0.675808 -0.249374
0.66075 0.295484 1.30396 0.29752 0.626272 0.675983 -0.249623
0.660444 0.295375 1.30396 0.297045 0.62621 0.676158 -0.249872
0.660139 0.295266 1.30396 0.296569 0.626147 0.676333 -0.250121
0.659834 0.295157 1.30395 0.296094 0.626085 0.676507 -0.250369
0.659529 0.295048 1.30395 0.295618 0.626022 0.676682 -0.250616
0.659224 0.294939 1.30395 0.295141 0.625959 0.676856 -0.250864
0.658919 0.294831 1.30395 0.294665 0.625896 0.677031 -0.251111
0.658614 0.294723 1.30394 0.294188 0.625832 0.677205 -0.251357
0.658309 0.294614 1.30394 0.293711 0.625769 0.67738 -0.251603
0.658004 0.294506 1.30394 0.293234 0.625705 0.677554 -0.251849
0.657699 0.294398 1.30394 0.292757 0.625641 0.677728 -0.252094
0.657394 0.29429 1.30394 0.292279 0.625577 0.677902 -0.252339
0.657089 0.294183 1.30394 0.291801 0.625513 0.678076 -0.252583
0.656784 0.294075 1.30393 0.291323 0.625449 0.67825 -0.252827
0.656479 0.293968 1.30393 0.290845 0.625384 0.678424 -0.25307
0.656174 0.29386 1.30393 0.290366 0.625319 0.678598 -0.253314
0.655869 0.293753 1.30393 0.289888 0.625255 0.678772 -0.253556
0.655565 0.293646 1.30393 0.289409 0.62519 0.678945 -0.253799
0.65526 0.293539 1.30393 0.28893 0.625124 0.679119 -0.254041
0.654955 0.293432 1.30393 0.28845 0.625059 0.679292 -0.254282
0.65465 0.293326 1.30393 0.287971 0.624994 0.679466 -0.254523
0.654346 0.293219 1.30393 0.287491 0.624928 0.679639 -0.254764
0.654041 0.293113 1.30393 0.287011 0.624862 0.679813 -0.255004
0.653737 0.293007 1.30393 0.286531 0.624796 0.679986 -0.255244
0.653432 0.2929 1.30392 0.28605 0.62473 0.680159 -0.255483
0.653127 0.292794 1.30392 0.285569 0.624664 0.680332 -0.255722
0.652823 0.292689 1.30392 0.285088 0.624597 0.680505 -0.255961
0.652519 0.292583 1.30392 0.284607 0.624531 0.680678 -0.256199
0.652214 0.292477 1.30392 0.284126 0.624464 0.680851 -0.256437
0.65191 0.292372 1.30392 0.283644 0.624397 0.681024 -0.256674
0.651605 0.292266 1.30392 0.283163 0.62433 0.681196 -0.256911
0.651301 0.292161 1.30393 0.282681 0.624262 0.681369 -0.257147
0.650997 0.292056 1.30393 0.282198 0.624195 0.681541 -0.257384
0.650692 0.291951 1.30393 0.281716 0.624127 0.681714 -0.257619
0.650388 0.291846 1.30393 0.281233 0.624059 0.681886 -0.257854
0.650084 0.291742 1.30393 0.28075 0.623991 0.682059 -0.258089
0.64978 0.291637 1.30393 0.280267 0.623923 0.682231 -0.258324
0.649476 0.291533 1.30393 0.279784 0.623855 0.682403 -0.258558
0.649171 0.291428 1.30393 0.279301 0.623787 0.682575 -0.258791
0.648867 0.291324 1.30393 0.278817 0.623718 0.682747 -0.259025
0.648563 0.29122 1.30393 0.278333 0.623649 0.682919 -0.259257
