0.926694 -0.11917 1.59059 -0.0297277 -0.0356344 0.704667 0.708019
0.926865 -0.119302 1.59047 -0.0297914 -0.0355296 0.7046 0.708088
0.927036 -0.119433 1.59035 -0.0298552 -0.0354248 0.704533 0.708158
0.927207 -0.119565 1.59023 -0.0299189 -0.03532 0.704466 0.708227
0.927378 -0.119697 1.59011 -0.0299826 -0.0352151 0.704399 0.708296
0.927549 -0.119828 1.58998 -0.0300462 -0.0351103 0.704332 0.708365
0.92772 -0.11996 1.58986 -0.0301099 -0.0350054 0.704265 0.708434
0.927891 -0.120091 1.58974 -0.0301735 -0.0349005 0.704198 0.708504
0.928061 -0.120223 1.58962 -0.030237 -0.0347956 0.70413 0.708573
0.928232 -0.120355 1.58949 -0.0303006 -0.0346907 0.704063 0.708642
0.928403 -0.120486 1.58937 -0.0303641 -0.0345858 0.703996 0.708711
0.928573 -0.120618 1.58925 -0.0304276 -0.0344809 0.703929 0.70878
0.928744 -0.12075 1.58912 -0.030491 -0.0343759 0.703861 0.70885
0.928914 -0.120882 1.589 -0.0305545 -0.034271 0.703794 0.708919
0.929084 -0.121013 1.58888 -0.0306179 -0.034166 0.703727 0.708988
0.929254 -0.121145 1.58875 -0.0306812 -0.034061 0.703659 0.709057
0.929425 -0.121277 1.58863 -0.0307446 -0.033956 0.703592 0.709126
0.929595 -0.121409 1.58851 -0.0308079 -0.033851 0.703525 0.709195
0.929765 -0.121541 1.58838 -0.0308712 -0.033746 0.703457 0.709265
0.929935 -0.121672 1.58826 -0.0309344 -0.033641 0.70339 0.709334
0.930104 -0.121804 1.58814 -0.0309977 -0.0335359 0.703322 0.709403
0.930274 -0.121936 1.58801 -0.0310609 -0.0334308 0.703254 0.709472
0.930444 -0.122068 1.58789 -0.0311241 -0.0333258 0.703187 0.709541
0.930614 -0.1222 1.58777 -0.0311872 -0.0332207 0.703119 0.709611
0.930783 -0.122332 1.58764 -0.0312503 -0.0331156 0.703052 0.70968
0.930953 -0.122464 1.58752 -0.0313134 -0.0330104 0.702984 0.709749
0.931122 -0.122596 1.58739 -0.0313765 -0.0329053 0.702916 0.709818
0.931291 -0.122728 1.58727 -0.0314395 -0.0328002 0.702848 0.709887
0.931461 -0.12286 1.58715 -0.0315025 -0.032695 0.702781 0.709956
0.93163 -0.122992 1.58702 -0.0315655 -0.0325898 0.702713 0.710026
0.931799 -0.123124 1.5869 -0.0316284 -0.0324846 0.702645 0.710095
0.931968 -0.123256 1.58677 -0.0316913 -0.0323794 0.702577 0.710164
0.932137 -0.123388 1.58665 -0.0317542 -0.0322742 0.702509 0.710233
0.932306 -0.12352 1.58652 -0.0318171 -0.032169 0.702441 0.710302
0.932475 -0.123652 1.5864 -0.03188 -0.0320636 0.702373 0.710372
0.932645 -0.123785 1.58627 -0.0319432 -0.0319577 0.702305 0.710441
0.932816 -0.123919 1.58615 -0.0320066 -0.0318512 0.702236 0.710511
0.932988 -0.124055 1.58602 -0.0320705 -0.0317438 0.702166 0.710582
0.933161 -0.124191 1.58589 -0.0321349 -0.0316354 0.702096 0.710653
0.933337 -0.12433 1.58576 -0.0321999 -0.0315257 0.702025 0.710725
0.933515 -0.124471 1.58563 -0.0322656 -0.0314146 0.701953 0.710798
0.933695 -0.124614 1.5855 -0.0323322 -0.0313017 0.70188 0.710872
0.933879 -0.12476 1.58536 -0.0323998 -0.031187 0.701806 0.710947
0.934066 -0.12491 1.58523 -0.0324684 -0.0310702 0.70173 0.711024
0.934256 -0.125062 1.58509 -0.0325383 -0.0309511 0.701653 0.711102
0.934451 -0.125218 1.58495 -0.0326093 -0.0308294 0.701574 0.711182
0.934649 -0.125379 1.5848 -0.0326818 -0.0307051 0.701493 0.711264
0.934853 -0.125543 1.58465 -0.0327558 -0.0305778 0.701411 0.711347
0.935061 -0.125713 1.5845 -0.0328314 -0.0304473 0.701326 0.711433
0.935275 -0.125887 1.58435 -0.0329087 -0.0303135 0.701239 0.711521
0.935494 -0.126067 1.58419 -0.0329879 -0.0301762 0.70115 0.711611
0.935719 -0.126252 1.58402 -0.0330689 -0.030035 0.701058 0.711704
0.93595 -0.126443 1.58386 -0.033152 -0.0298899 0.700963 0.711799
0.936188 -0.12664 1.58368 -0.0332372 -0.0297406 0.700866 0.711897
0.936433 -0.126844 1.58351 -0.0333247 -0.0295869 0.700766 0.711998
0.936686 -0.127054 1.58333 -0.0334145 -0.0294285 0.700663 0.712102
0.936945 -0.127272 1.58314 -0.0335067 -0.0292653 0.700556 0.712209
0.937213 -0.127497 1.58295 -0.0336015 -0.0290971 0.700446 0.71232
0.937489 -0.12773 1.58275 -0.0336989 -0.0289237 0.700333 0.712433
0.937773 -0.127971 1.58255 -0.0337991 -0.0287448 0.700216 0.712551
0.938066 -0.128221 1.58234 -0.0339022 -0.0285602 0.700095 0.712672
0.938369 -0.128479 1.58212 -0.0340082 -0.0283697 0.699971 0.712797
0.93868 -0.128746 1.5819 -0.0341172 -0.0281731 0.699842 0.712926
0.939002 -0.129022 1.58167 -0.0342295 -0.0279702 0.699709 0.713059
0.939333 -0.129308 1.58143 -0.0343449 -0.0277608 0.699572 0.713197
0.939675 -0.129605 1.58119 -0.0344637 -0.0275446 0.69943 0.713338
0.940027 -0.12991 1.58094 -0.0345857 -0.0273219 0.699283 0.713485
0.940389 -0.130225 1.58068 -0.0347109 -0.0270929 0.699133 0.713635
0.94076 -0.13055 1.58042 -0.034839 -0.0268577 0.698978 0.713789
0.941139 -0.130883 1.58015 -0.03497 -0.0266166 0.698819 0.713947
0.941528 -0.131224 1.57987 -0.0351037 -0.0263698 0.698656 0.714109
0.941924 -0.131574 1.57959 -0.03524 -0.0261175 0.69849 0.714274
0.942329 -0.131931 1.5793 -0.0353789 -0.0258599 0.69832 0.714443
0.94274 -0.132296 1.579 -0.0355201 -0.0255972 0.698146 0.714615
0.943159 -0.132668 1.5787 -0.0356637 -0.0253296 0.697969 0.714791
0.943585 -0.133048 1.57839 -0.0358093 -0.0250573 0.697789 0.714969
0.944017 -0.133433 1.57808 -0.035957 -0.0247805 0.697605 0.71515
0.944455 -0.133826 1.57777 -0.0361067 -0.0244994 0.697419 0.715334
0.944898 -0.134224 1.57744 -0.0362581 -0.0242142 0.69723 0.715521
0.945347 -0.134628 1.57712 -0.0364112 -0.0239252 0.697037 0.71571
0.945801 -0.135037 1.57679 -0.0365659 -0.0236326 0.696843 0.715901
0.94626 -0.135452 1.57645 -0.0367221 -0.0233364 0.696645 0.716095
0.946722 -0.135871 1.57612 -0.0368796 -0.0230371 0.696446 0.716291
0.947189 -0.136295 1.57577 -0.0370383 -0.0227346 0.696244 0.716488
0.947659 -0.136723 1.57543 -0.0371982 -0.0224294 0.69604 0.716688
0.948133 -0.137155 1.57508 -0.037359 -0.0221215 0.695834 0.716889
0.948609 -0.13759 1.57473 -0.0375208 -0.0218112 0.695626 0.717092
0.949088 -0.138029 1.57437 -0.0376833 -0.0214987 0.695417 0.717296
0.949569 -0.138471 1.57401 -0.0378465 -0.0211842 0.695206 0.717501
0.950052 -0.138915 1.57365 -0.0380103 -0.0208679 0.694994 0.717707
0.950537 -0.139362 1.57329 -0.0381745 -0.02055 0.69478 0.717915
0.951022 -0.139811 1.57293 -0.0383391 -0.0202308 0.694565 0.718123
0.951509 -0.140261 1.57256 -0.0385039 -0.0199104 0.694349 0.718332
0.951996 -0.140713 1.57219 -0.0386688 -0.019589 0.694132 0.718541
0.952483 -0.141166 1.57182 -0.0388338 -0.0192669 0.693915 0.718751
0.95297 -0.14162 1.57145 -0.0389987 -0.0189442 0.693697 0.718961
0.953457 -0.142074 1.57108 -0.0391634 -0.0186213 0.693478 0.719171
0.953943 -0.142529 1.57071 -0.0393279 -0.0182982 0.69326 0.719381
0.954429 -0.142984 1.57033 -0.0394922 -0.0179746 0.69304 0.719592
0.954915 -0.143441 1.56996 -0.0396567 -0.01765 0.69282 0.719803
0.955402 -0.143899 1.56958 -0.0398215 -0.017324 0.692599 0.720015
0.955892 -0.144361 1.5692 -0.0399868 -0.0169963 0.692376 0.720228
0.956383 -0.144825 1.56882 -0.0401529 -0.0166663 0.692151 0.720442
0.956878 -0.145294 1.56843 -0.0403198 -0.0163336 0.691924 0.720658
0.957376 -0.145767 1.56804 -0.0404879 -0.0159979 0.691695 0.720876
0.957878 -0.146245 1.56765 -0.0406573 -0.0156586 0.691464 0.721096
0.958385 -0.146729 1.56725 -0.0408282 -0.0153155 0.691229 0.721319
0.958898 -0.14722 1.56684 -0.0410008 -0.0149679 0.690991 0.721544
0.959416 -0.147718 1.56643 -0.0411753 -0.0146156 0.69075 0.721773
0.959941 -0.148223 1.56601 -0.0413519 -0.014258 0.690504 0.722004
0.960474 -0.148737 1.56559 -0.0415307 -0.0138948 0.690255 0.72224
0.961014 -0.14926 1.56515 -0.041712 -0.0135256 0.690001 0.722479
0.961562 -0.149792 1.56471 -0.0418959 -0.0131498 0.689742 0.722722
0.962119 -0.150335 1.56426 -0.0420826 -0.012767 0.689479 0.72297
0.962686 -0.150888 1.56381 -0.0422722 -0.0123769 0.689209 0.723222
0.963262 -0.151453 1.56334 -0.042465 -0.011979 0.688934 0.72348
0.963849 -0.152031 1.56286 -0.0426612 -0.0115728 0.688653 0.723742
0.964448 -0.152621 1.56237 -0.0428608 -0.0111579 0.688366 0.72401
0.965057 -0.153224 1.56187 -0.0430641 -0.0107339 0.688072 0.724284
0.965679 -0.153842 1.56136 -0.0432712 -0.0103004 0.687771 0.724564
0.966314 -0.154475 1.56083 -0.0434823 -0.00985687 0.687462 0.72485
0.966961 -0.155122 1.5603 -0.0436976 -0.0094029 0.687146 0.725143
0.967623 -0.155786 1.55975 -0.0439171 -0.00893806 0.686822 0.725443
0.968298 -0.156467 1.55918 -0.0441411 -0.00846191 0.686489 0.72575
0.968988 -0.157165 1.5586 -0.0443697 -0.00797399 0.686148 0.726064
0.969693 -0.157881 1.55801 -0.0446031 -0.00747387 0.685797 0.726386
0.970414 -0.158616 1.55739 -0.0448413 -0.00696111 0.685438 0.726716
0.971151 -0.15937 1.55677 -0.0450846 -0.00643524 0.685068 0.727054
0.971904 -0.160144 1.55612 -0.0453331 -0.00589584 0.684688 0.727401
0.972674 -0.160939 1.55546 -0.0455868 -0.00534244 0.684298 0.727757
0.97346 -0.161754 1.55478 -0.0458456 -0.00477545 0.683897 0.728121
0.974261 -0.162588 1.55408 -0.0461092 -0.00419528 0.683487 0.728493
0.975077 -0.163441 1.55337 -0.0463773 -0.00360233 0.683067 0.728873
0.975907 -0.164312 1.55264 -0.0466497 -0.00299702 0.682637 0.729261
0.976749 -0.165201 1.55189 -0.0469261 -0.00237975 0.682198 0.729657
0.977604 -0.166106 1.55113 -0.0472064 -0.00175092 0.681749 0.730059
0.978471 -0.167029 1.55035 -0.0474901 -0.00111096 0.681292 0.730468
0.979348 -0.167966 1.54956 -0.0477773 -0.000460256 0.680827 0.730884
0.980235 -0.168919 1.54876 -0.0480674 0.000200767 0.680353 0.731306
0.981132 -0.169887 1.54793 -0.0483604 0.0008717 0.679871 0.731734
0.982037 -0.170868 1.5471 -0.048656 0.00155213 0.679382 0.732168
0.98295 -0.171863 1.54625 -0.048954 0.00224165 0.678885 0.732608
0.98387 -0.17287 1.5454 -0.0492541 0.00293983 0.678381 0.733052
0.984797 -0.173889 1.54452 -0.0495561 0.00364627 0.677869 0.733501
0.985729 -0.17492 1.54364 -0.0498598 0.00436055 0.677351 0.733955
0.986666 -0.175961 1.54274 -0.0501649 0.00508225 0.676827 0.734413
0.987608 -0.177012 1.54184 -0.0504713 0.00581095 0.676296 0.734876
0.988553 -0.178073 1.54092 -0.0507787 0.00654624 0.67576 0.735341
0.989501 -0.179143 1.54 -0.051087 0.00728768 0.675218 0.735811
0.990452 -0.180221 1.53906 -0.0513958 0.00803487 0.674671 0.736283
0.991404 -0.181306 1.53811 -0.051705 0.00878737 0.674118 0.736759
0.992358 -0.182398 1.53716 -0.0520144 0.00954476 0.673562 0.737237
0.993312 -0.183497 1.5362 -0.0523238 0.0103066 0.673 0.737717
0.994265 -0.184601 1.53523 -0.052633 0.0110725 0.672435 0.7382
0.995218 -0.18571 1.53425 -0.0529418 0.011842 0.671865 0.738684
0.996169 -0.186823 1.53327 -0.0532501 0.0126147 0.671292 0.73917
0.997119 -0.18794 1.53228 -0.0535575 0.0133901 0.670716 0.739657
0.998066 -0.18906 1.53128 -0.053864 0.0141679 0.670138 0.740144
0.99901 -0.190183 1.53029 -0.0541694 0.0149475 0.669556 0.740633
0.99995 -0.191307 1.52928 -0.0544735 0.0157286 0.668972 0.741122
1.00089 -0.192432 1.52827 -0.0547761 0.0165107 0.668387 0.74161
1.00182 -0.193558 1.52726 -0.055077 0.0172934 0.6678 0.742099
1.00274 -0.194684 1.52625 -0.0553763 0.0180767 0.667211 0.742588
1.00366 -0.195811 1.52523 -0.055674 0.0188607 0.66662 0.743076
1.00458 -0.196938 1.52421 -0.0559701 0.0196453 0.666028 0.743564
1.00549 -0.198065 1.52318 -0.0562646 0.0204306 0.665435 0.744052
1.0064 -0.199194 1.52215 -0.0565575 0.0212166 0.664839 0.74454
1.0073 -0.200323 1.52112 -0.0568488 0.0220035 0.664242 0.745028
1.0082 -0.201452 1.52009 -0.0571385 0.0227911 0.663643 0.745516
1.0091 -0.202583 1.51905 -0.0574266 0.0235795 0.663042 0.746003
1.00999 -0.203714 1.518 -0.0577131 0.0243689 0.66244 0.746491
1.01087 -0.204846 1.51696 -0.0579981 0.0251591 0.661836 0.746979
1.01175 -0.205979 1.51591 -0.0582816 0.0259503 0.661229 0.747466
1.01263 -0.207113 1.51485 -0.0585634 0.0267424 0.660621 0.747954
1.0135 -0.208248 1.5138 -0.0588438 0.0275355 0.660012 0.748441
1.01437 -0.209383 1.51274 -0.0591226 0.0283297 0.6594 0.748929
1.01523 -0.21052 1.51167 -0.0593998 0.0291249 0.658786 0.749416
1.01609 -0.211658 1.5106 -0.0596755 0.0299213 0.65817 0.749904
1.01694 -0.212798 1.50953 -0.0599497 0.0307187 0.657552 0.750391
1.01779 -0.213938 1.50846 -0.0602224 0.0315173 0.656933 0.750879
1.01864 -0.21508 1.50738 -0.0604936 0.0323172 0.656311 0.751367
1.01948 -0.216222 1.50629 -0.0607632 0.0331182 0.655687 0.751855
1.02031 -0.217367 1.5052 -0.0610313 0.0339206 0.655061 0.752343
1.02114 -0.218512 1.50411 -0.061298 0.0347242 0.654433 0.752831
1.02197 -0.219659 1.50302 -0.0615631 0.0355292 0.653802 0.75332
1.0228 -0.220808 1.50192 -0.0618267 0.0363355 0.65317 0.753808
1.02362 -0.221958 1.50081 -0.0620888 0.0371433 0.652535 0.754297
1.02443 -0.223109 1.4997 -0.0623494 0.0379524 0.651898 0.754786
1.02524 -0.224262 1.49859 -0.0626085 0.0387631 0.651259 0.755275
1.02605 -0.225417 1.49747 -0.0628661 0.0395752 0.650617 0.755764
1.02685 -0.226573 1.49635 -0.0631223 0.0403889 0.649973 0.756254
1.02765 -0.227731 1.49523 -0.0633769 0.0412042 0.649326 0.756743
1.02844 -0.228891 1.4941 -0.06363 0.0420211 0.648678 0.757234
1.02923 -0.230053 1.49297 -0.0638817 0.0428396 0.648026 0.757724
1.03002 -0.231216 1.49183 -0.0641318 0.0436597 0.647373 0.758215
1.0308 -0.232381 1.49068 -0.0643804 0.0444814 0.646717 0.758705
1.03158 -0.233548 1.48954 -0.0646274 0.0453047 0.646058 0.759196
1.03235 -0.234716 1.48839 -0.064873 0.0461295 0.645398 0.759688
1.03312 -0.235885 1.48723 -0.0651169 0.0469557 0.644735 0.760179
1.03388 -0.237056 1.48607 -0.0653593 0.0477834 0.644069 0.760671
1.03464 -0.238228 1.48491 -0.0656001 0.0486126 0.643402 0.761162
1.03539 -0.239402 1.48374 -0.0658392 0.0494431 0.642732 0.761654
1.03614 -0.240577 1.48257 -0.0660768 0.0502749 0.64206 0.762145
1.03688 -0.241752 1.48139 -0.0663127 0.0511081 0.641385 0.762637
1.03762 -0.242929 1.48022 -0.066547 0.0519426 0.640709 0.763129
1.03836 -0.244107 1.47903 -0.0667796 0.0527783 0.64003 0.76362
1.03909 -0.245285 1.47785 -0.0670106 0.0536152 0.63935 0.764112
1.03981 -0.246465 1.47665 -0.0672399 0.0544534 0.638667 0.764603
1.04053 -0.247645 1.47546 -0.0674675 0.0552926 0.637982 0.765094
1.04125 -0.248826 1.47426 -0.0676934 0.056133 0.637295 0.765586
1.04195 -0.250007 1.47306 -0.0679177 0.0569745 0.636606 0.766077
1.04266 -0.251189 1.47186 -0.0681402 0.057817 0.635916 0.766567
1.04336 -0.252371 1.47065 -0.068361 0.0586606 0.635223 0.767058
1.04405 -0.253554 1.46944 -0.06858 0.0595051 0.634528 0.767548
1.04474 -0.254737 1.46822 -0.0687973 0.0603506 0.633832 0.768038
1.04542 -0.25592 1.467 -0.0690129 0.061197 0.633133 0.768527
1.0461 -0.257104 1.46578 -0.0692267 0.0620443 0.632433 0.769017
1.04677 -0.258287 1.46455 -0.0694388 0.0628924 0.631731 0.769506
1.04744 -0.259471 1.46333 -0.069649 0.0637413 0.631027 0.769994
1.0481 -0.260654 1.46209 -0.0698576 0.064591 0.630322 0.770482
1.04875 -0.261837 1.46086 -0.0700643 0.0654415 0.629614 0.77097
1.0494 -0.26302 1.45962 -0.0702692 0.0662927 0.628905 0.771457
1.05005 -0.264203 1.45838 -0.0704724 0.0671445 0.628195 0.771943
1.05069 -0.265386 1.45714 -0.0706737 0.067997 0.627483 0.772429
1.05132 -0.266568 1.45589 -0.0708733 0.0688501 0.626769 0.772915
1.05195 -0.267749 1.45464 -0.071071 0.0697037 0.626054 0.7734
1.05257 -0.26893 1.45339 -0.0712668 0.0705576 0.625337 0.773884
1.05318 -0.270109 1.45214 -0.0714607 0.0714112 0.62462 0.774367
1.05379 -0.271286 1.45088 -0.0716524 0.0722642 0.623902 0.774848
1.05439 -0.27246 1.44963 -0.0718421 0.0731163 0.623184 0.775329
1.05499 -0.273631 1.44838 -0.0720295 0.0739669 0.622466 0.775807
1.05557 -0.274798 1.44712 -0.0722145 0.0748157 0.621748 0.776284
1.05615 -0.275961 1.44587 -0.0723972 0.0756624 0.621032 0.776758
1.05673 -0.277119 1.44462 -0.0725775 0.0765064 0.620316 0.77723
1.05729 -0.278272 1.44337 -0.0727552 0.0773475 0.619602 0.7777
1.05785 -0.279419 1.44213 -0.0729304 0.0781852 0.61889 0.778167
1.05839 -0.280559 1.44089 -0.0731029 0.0790191 0.61818 0.77863
1.05893 -0.281693 1.43966 -0.0732727 0.0798489 0.617473 0.779091
1.05946 -0.282819 1.43843 -0.0734398 0.080674 0.616768 0.779548
1.05999 -0.283937 1.4372 -0.0736041 0.0814942 0.616067 0.780001
1.0605 -0.285046 1.43599 -0.0737656 0.0823089 0.61537 0.780451
1.061 -0.286147 1.43478 -0.0739241 0.0831179 0.614677 0.780897
1.0615 -0.287238 1.43357 -0.0740798 0.0839206 0.613988 0.781338
1.06198 -0.288319 1.43238 -0.0742324 0.0847168 0.613304 0.781775
1.06246 -0.289389 1.4312 -0.0743821 0.0855059 0.612625 0.782207
1.06292 -0.290448 1.43002 -0.0745287 0.0862876 0.611951 0.782634
1.06338 -0.291495 1.42886 -0.0746722 0.0870614 0.611284 0.783056
1.06383 -0.29253 1.42771 -0.0748127 0.087827 0.610622 0.783473
1.06426 -0.293553 1.42657 -0.07495 0.088584 0.609968 0.783884
1.06469 -0.294562 1.42544 -0.0750842 0.0893318 0.60932 0.78429
1.06511 -0.295558 1.42432 -0.0752152 0.0900702 0.60868 0.78469
1.06552 -0.296539 1.42322 -0.075343 0.0907987 0.608048 0.785084
1.06591 -0.297506 1.42214 -0.0754676 0.0915169 0.607424 0.785471
1.0663 -0.298457 1.42107 -0.075589 0.0922244 0.606809 0.785852
1.06668 -0.299393 1.42001 -0.0757071 0.0929207 0.606203 0.786227
1.06704 -0.300313 1.41897 -0.075822 0.0936055 0.605606 0.786594
1.0674 -0.301216 1.41795 -0.0759336 0.0942783 0.605019 0.786955
1.06775 -0.302101 1.41695 -0.0760419 0.0949388 0.604442 0.787308
1.06808 -0.30297 1.41596 -0.0761471 0.0955873 0.603875 0.787655
1.06841 -0.303823 1.415 -0.0762492 0.0962241 0.603317 0.787995
1.06873 -0.304661 1.41405 -0.0763485 0.0968497 0.602769 0.788328
1.06904 -0.305483 1.41311 -0.0764449 0.0974644 0.60223 0.788655
1.06934 -0.306291 1.41219 -0.0765387 0.0980687 0.601699 0.788976
1.06963 -0.307085 1.41129 -0.0766299 0.0986629 0.601177 0.789291
1.06992 -0.307865 1.41039 -0.0767187 0.0992473 0.600663 0.7896
1.0702 -0.308633 1.40952 -0.0768052 0.0998225 0.600156 0.789904
1.07047 -0.309388 1.40865 -0.0768893 0.100389 0.599658 0.790203
1.07073 -0.310131 1.4078 -0.0769714 0.100946 0.599166 0.790497
1.07099 -0.310864 1.40696 -0.0770514 0.101496 0.598681 0.790786
1.07125 -0.311585 1.40614 -0.0771294 0.102038 0.598202 0.791071
1.07149 -0.312296 1.40532 -0.0772056 0.102572 0.597729 0.791352
1.07173 -0.312998 1.40451 -0.07728 0.103099 0.597263 0.791628
1.07197 -0.31369 1.40372 -0.0773527 0.10362 0.596801 0.791901
1.0722 -0.314374 1.40293 -0.0774238 0.104135 0.596345 0.79217
1.07243 -0.315049 1.40215 -0.0774934 0.104643 0.595894 0.792436
1.07265 -0.315717 1.40138 -0.0775616 0.105147 0.595447 0.792699
1.07286 -0.316378 1.40061 -0.0776284 0.105645 0.595004 0.792958
1.07308 -0.317033 1.39986 -0.0776939 0.106139 0.594565 0.793215
1.07329 -0.317681 1.39911 -0.0777582 0.106628 0.59413 0.793469
1.07349 -0.318324 1.39836 -0.0778214 0.107114 0.593697 0.793722
1.07369 -0.318962 1.39762 -0.0778835 0.107596 0.593268 0.793971
1.07389 -0.319595 1.39689 -0.0779447 0.108075 0.59284 0.794219
1.07409 -0.320225 1.39615 -0.0780049 0.108552 0.592415 0.794466
1.07428 -0.320851 1.39543 -0.0780642 0.109026 0.591992 0.794711
1.07448 -0.321474 1.3947 -0.0781227 0.109498 0.59157 0.794954
1.07466 -0.322095 1.39398 -0.0781805 0.109969 0.591149 0.795197
1.07485 -0.322714 1.39325 -0.0782377 0.110439 0.590728 0.795438
1.07504 -0.323332 1.39253 -0.0782942 0.110908 0.590308 0.795679
1.07522 -0.323948 1.39181 -0.0783501 0.111377 0.589888 0.79592
1.0754 -0.324565 1.39108 -0.0784056 0.111846 0.589468 0.79616
1.07558 -0.325181 1.39036 -0.0784605 0.112316 0.589047 0.7964
1.07576 -0.325797 1.38964 -0.0785149 0.112785 0.588625 0.79664
1.07593 -0.326414 1.38891 -0.0785689 0.113256 0.588202 0.79688
1.07611 -0.327031 1.38818 -0.0786224 0.113727 0.587779 0.79712
1.07628 -0.327649 1.38745 -0.0786754 0.114199 0.587354 0.797361
1.07645 -0.328267 1.38672 -0.078728 0.114672 0.586928 0.797601
1.07662 -0.328887 1.38599 -0.07878 0.115146 0.586501 0.797842
1.07679 -0.329509 1.38525 -0.0788317 0.115622 0.586073 0.798083
1.07696 -0.330132 1.38452 -0.0788828 0.116099 0.585642 0.798324
1.07713 -0.330757 1.38377 -0.0789336 0.116578 0.58521 0.798566
1.07729 -0.331383 1.38303 -0.0789838 0.117059 0.584776 0.798809
1.07746 -0.332012 1.38228 -0.0790337 0.117541 0.58434 0.799052
1.07762 -0.332644 1.38153 -0.079083 0.118026 0.583901 0.799297
1.07778 -0.333278 1.38078 -0.079132 0.118513 0.583461 0.799541
1.07794 -0.333915 1.38002 -0.0791804 0.119002 0.583017 0.799787
1.0781 -0.334556 1.37926 -0.0792285 0.119494 0.582571 0.800034
1.07826 -0.335199 1.37849 -0.079276 0.119989 0.582123 0.800282
1.07842 -0.335846 1.37772 -0.0793231 0.120486 0.581671 0.800531
1.07857 -0.336497 1.37695 -0.0793698 0.120987 0.581216 0.800781
1.07873 -0.337152 1.37617 -0.079416 0.12149 0.580758 0.801033
1.07888 -0.337811 1.37538 -0.0794617 0.121997 0.580297 0.801285
1.07903 -0.338474 1.37459 -0.0795069 0.122508 0.579832 0.801539
1.07919 -0.339142 1.37379 -0.0795516 0.123022 0.579363 0.801795
1.07934 -0.339814 1.37299 -0.0795959 0.12354 0.578891 0.802052
1.07949 -0.340492 1.37218 -0.0796396 0.124062 0.578414 0.802311
1.07963 -0.341175 1.37137 -0.0796829 0.124588 0.577934 0.802572
1.07978 -0.341863 1.37054 -0.0797256 0.125118 0.577449 0.802834
1.07993 -0.342557 1.36972 -0.0797677 0.125653 0.576959 0.803098
1.08007 -0.343256 1.36888 -0.0798094 0.126192 0.576465 0.803364
1.08022 -0.343962 1.36804 -0.0798504 0.126736 0.575967 0.803632
1.08036 -0.344674 1.36719 -0.0798909 0.127284 0.575463 0.803902
1.0805 -0.345392 1.36633 -0.0799308 0.127838 0.574954 0.804174
1.08064 -0.346116 1.36546 -0.0799701 0.128397 0.574441 0.804448
1.08078 -0.346846 1.36459 -0.0800087 0.12896 0.573922 0.804724
1.08092 -0.347582 1.36371 -0.0800467 0.129528 0.573399 0.805002
1.08105 -0.348324 1.36282 -0.080084 0.130101 0.572871 0.805282
1.08119 -0.34907 1.36192 -0.0801207 0.130678 0.572339 0.805563
1.08132 -0.349822 1.36102 -0.0801566 0.131259 0.571803 0.805846
1.08145 -0.350578 1.36012 -0.0801918 0.131844 0.571262 0.80613
1.08158 -0.351339 1.3592 -0.0802263 0.132432 0.570718 0.806416
1.0817 -0.352104 1.35828 -0.08026 0.133025 0.570169 0.806703
1.08183 -0.352873 1.35736 -0.0802929 0.133621 0.569617 0.806991
1.08195 -0.353646 1.35643 -0.080325 0.13422 0.569061 0.807281
1.08207 -0.354422 1.35549 -0.0803564 0.134823 0.568502 0.807571
1.08219 -0.355202 1.35455 -0.0803869 0.135429 0.567939 0.807863
1.0823 -0.355985 1.35361 -0.0804166 0.136037 0.567373 0.808155
1.08241 -0.35677 1.35266 -0.0804454 0.136649 0.566804 0.808448
1.08252 -0.357559 1.3517 -0.0804735 0.137263 0.566232 0.808742
1.08263 -0.35835 1.35075 -0.0805006 0.13788 0.565657 0.809037
1.08273 -0.359143 1.34978 -0.0805269 0.138499 0.56508 0.809332
1.08284 -0.359937 1.34882 -0.0805523 0.13912 0.5645 0.809627
1.08294 -0.360734 1.34785 -0.0805769 0.139743 0.563918 0.809923
1.08303 -0.361532 1.34688 -0.0806006 0.140369 0.563333 0.81022
1.08313 -0.362332 1.3459 -0.0806233 0.140996 0.562747 0.810516
1.08322 -0.363132 1.34492 -0.0806452 0.141624 0.562158 0.810813
1.08331 -0.363933 1.34394 -0.0806662 0.142254 0.561568 0.811109
1.08339 -0.364735 1.34296 -0.0806863 0.142885 0.560976 0.811406
1.08347 -0.365537 1.34197 -0.0807055 0.143518 0.560382 0.811703
1.08355 -0.36634 1.34098 -0.0807238 0.144151 0.559787 0.811999
1.08363 -0.367142 1.34 -0.0807413 0.144786 0.559191 0.812295
1.0837 -0.367944 1.33901 -0.0807578 0.145421 0.558593 0.812591
1.08377 -0.368746 1.33801 -0.0807734 0.146056 0.557995 0.812887
1.08384 -0.369546 1.33702 -0.0807881 0.146692 0.557396 0.813182
1.0839 -0.370346 1.33603 -0.080802 0.147328 0.556796 0.813476
1.08396 -0.371146 1.33503 -0.0808149 0.147965 0.556195 0.81377
1.08402 -0.371946 1.33404 -0.080827 0.148604 0.555592 0.814065
1.08408 -0.372749 1.33303 -0.0808383 0.149245 0.554986 0.814359
1.08413 -0.373554 1.33203 -0.0808487 0.149889 0.554377 0.814655
1.08418 -0.374362 1.33101 -0.0808582 0.150537 0.553764 0.814952
1.08422 -0.375175 1.32999 -0.0808669 0.151189 0.553146 0.815249
1.08427 -0.375993 1.32896 -0.0808746 0.151847 0.552523 0.815549
1.08431 -0.376817 1.32793 -0.0808815 0.152511 0.551893 0.815851
1.08435 -0.377648 1.32688 -0.0808875 0.153182 0.551257 0.816155
1.08438 -0.378487 1.32581 -0.0808925 0.153859 0.550613 0.816461
1.08441 -0.379335 1.32474 -0.0808966 0.154546 0.549961 0.816771
1.08444 -0.380192 1.32365 -0.0808997 0.15524 0.5493 0.817084
1.08447 -0.381059 1.32255 -0.0809017 0.155945 0.548629 0.8174
1.08449 -0.381938 1.32142 -0.0809027 0.15666 0.547948 0.81772
1.08451 -0.382829 1.32029 -0.0809025 0.157386 0.547255 0.818044
1.08452 -0.383732 1.31913 -0.0809012 0.158124 0.546551 0.818373
1.08453 -0.384649 1.31795 -0.0808986 0.158874 0.545834 0.818706
1.08454 -0.385581 1.31675 -0.0808947 0.159638 0.545104 0.819044
1.08454 -0.386527 1.31553 -0.0808894 0.160416 0.54436 0.819387
1.08454 -0.38749 1.31429 -0.0808827 0.161208 0.543602 0.819736
1.08453 -0.38847 1.31302 -0.0808745 0.162016 0.542827 0.820091
1.08452 -0.389467 1.31172 -0.0808647 0.16284 0.542037 0.820451
1.0845 -0.390482 1.3104 -0.0808532 0.163681 0.541229 0.820818
1.08447 -0.391517 1.30905 -0.0808398 0.16454 0.540404 0.821191
1.08444 -0.392571 1.30767 -0.0808246 0.165417 0.53956 0.821571
1.08441 -0.393646 1.30626 -0.0808073 0.166314 0.538697 0.821958
1.08436 -0.394742 1.30482 -0.0807879 0.16723 0.537814 0.822352
1.08431 -0.39586 1.30334 -0.0807662 0.168168 0.53691 0.822754
1.08425 -0.397001 1.30184 -0.0807421 0.169126 0.535984 0.823163
1.08419 -0.398165 1.30029 -0.0807155 0.170107 0.535036 0.82358
1.08411 -0.399353 1.29871 -0.0806862 0.171111 0.534065 0.824005
1.08402 -0.400566 1.29709 -0.080654 0.172139 0.53307 0.824439
1.08393 -0.401802 1.29544 -0.0806188 0.173189 0.532052 0.82488
1.08382 -0.403061 1.29375 -0.0805805 0.174262 0.53101 0.825329
1.08371 -0.404341 1.29202 -0.080539 0.175357 0.529947 0.825784
1.08358 -0.405642 1.29026 -0.0804942 0.176473 0.528862 0.826247
1.08344 -0.406961 1.28847 -0.0804461 0.177609 0.527756 0.826715
1.08329 -0.408299 1.28665 -0.0803944 0.178764 0.52663 0.827189
1.08312 -0.409654 1.2848 -0.0803391 0.179938 0.525484 0.827668
1.08295 -0.411025 1.28292 -0.0802801 0.181131 0.524319 0.828153
1.08276 -0.412411 1.28101 -0.0802173 0.18234 0.523135 0.828641
1.08256 -0.413811 1.27908 -0.0801508 0.183567 0.521934 0.829134
1.08234 -0.415224 1.27712 -0.0800803 0.18481 0.520716 0.829631
1.08211 -0.416649 1.27513 -0.0800059 0.186068 0.519481 0.830131
1.08187 -0.418084 1.27312 -0.0799274 0.18734 0.518231 0.830634
1.08161 -0.41953 1.27109 -0.0798449 0.188627 0.516965 0.831139
1.08134 -0.420984 1.26904 -0.0797583 0.189927 0.515685 0.831646
1.08105 -0.422446 1.26697 -0.0796676 0.191239 0.514391 0.832156
1.08075 -0.423914 1.26488 -0.0795726 0.192563 0.513083 0.832666
1.08043 -0.425389 1.26278 -0.0794735 0.193898 0.511764 0.833178
1.0801 -0.426868 1.26065 -0.0793703 0.195243 0.510432 0.83369
1.07975 -0.428351 1.25852 -0.0792628 0.196598 0.50909 0.834203
1.07939 -0.429837 1.25637 -0.0791511 0.197962 0.507737 0.834715
1.07902 -0.431325 1.2542 -0.0790352 0.199334 0.506374 0.835227
1.07862 -0.432814 1.25203 -0.0789152 0.200713 0.505002 0.835739
1.07822 -0.434302 1.24984 -0.0787911 0.202099 0.503623 0.836249
1.0778 -0.43579 1.24765 -0.0786628 0.203491 0.502235 0.836758
1.07736 -0.437277 1.24544 -0.0785305 0.204889 0.500841 0.837265
1.07691 -0.43876 1.24323 -0.0783942 0.20629 0.49944 0.83777
1.07644 -0.44024 1.24102 -0.0782539 0.207696 0.498034 0.838272
1.07596 -0.441715 1.2388 -0.0781098 0.209104 0.496624 0.838772
1.07547 -0.443185 1.23658 -0.0779618 0.210515 0.495209 0.839269
1.07496 -0.444649 1.23436 -0.0778101 0.211928 0.493792 0.839763
1.07444 -0.446107 1.23213 -0.0776548 0.213341 0.492372 0.840253
1.07391 -0.447557 1.22991 -0.0774959 0.214755 0.49095 0.84074
1.07336 -0.449 1.22769 -0.0773334 0.216169 0.489525 0.841223
1.0728 -0.450436 1.22546 -0.0771672 0.217585 0.488098 0.841702
1.07222 -0.451865 1.22324 -0.0769974 0.219001 0.486668 0.842178
1.07163 -0.453287 1.22101 -0.076824 0.220419 0.485236 0.84265
1.07103 -0.454702 1.21879 -0.0766471 0.221837 0.483802 0.843119
1.07041 -0.456109 1.21656 -0.0764665 0.223256 0.482365 0.843584
1.06978 -0.45751 1.21433 -0.0762824 0.224675 0.480926 0.844045
1.06914 -0.458903 1.21211 -0.0760947 0.226096 0.479484 0.844503
1.06848 -0.460289 1.20988 -0.0759034 0.227517 0.47804 0.844957
1.06782 -0.461668 1.20766 -0.0757085 0.228939 0.476594 0.845407
1.06713 -0.46304 1.20543 -0.0755101 0.230363 0.475145 0.845854
1.06644 -0.464404 1.20321 -0.0753082 0.231787 0.473694 0.846297
1.06573 -0.465761 1.20098 -0.0751026 0.233211 0.47224 0.846736
1.065 -0.467111 1.19876 -0.0748936 0.234637 0.470784 0.847171
1.06427 -0.468453 1.19653 -0.074681 0.236064 0.469325 0.847603
1.06352 -0.469788 1.19431 -0.0744649 0.237491 0.467865 0.84803
1.06275 -0.471115 1.19208 -0.0742452 0.23892 0.466401 0.848454
1.06198 -0.472435 1.18986 -0.074022 0.240349 0.464935 0.848875
1.06119 -0.473748 1.18764 -0.0737954 0.241779 0.463467 0.849291
1.06038 -0.475053 1.18541 -0.0735652 0.243211 0.461997 0.849703
1.05957 -0.47635 1.18319 -0.0733314 0.244643 0.460523 0.850112
1.05874 -0.47764 1.18097 -0.0730942 0.246076 0.459048 0.850517
1.05789 -0.478922 1.17875 -0.0728535 0.24751 0.45757 0.850918
1.05704 -0.480196 1.17653 -0.0726094 0.248945 0.45609 0.851315
1.05617 -0.481463 1.17431 -0.0723617 0.250381 0.454607 0.851708
1.05529 -0.482722 1.17209 -0.0721105 0.251817 0.453122 0.852097
1.05439 -0.483973 1.16987 -0.0718559 0.253255 0.451634 0.852482
1.05348 -0.485217 1.16766 -0.0715978 0.254694 0.450144 0.852863
1.05256 -0.486452 1.16544 -0.0713362 0.256134 0.448651 0.85324
1.05162 -0.48768 1.16323 -0.0710712 0.257574 0.447156 0.853614
1.05067 -0.4889 1.16101 -0.0708027 0.259016 0.445658 0.853983
1.04971 -0.490112 1.1588 -0.0705308 0.260458 0.444158 0.854348
1.04874 -0.491316 1.15659 -0.0702555 0.261902 0.442656 0.854709
1.04775 -0.492512 1.15438 -0.0699768 0.263347 0.441151 0.855066
1.04675 -0.4937 1.15217 -0.0696947 0.264792 0.439644 0.855419
1.04573 -0.494879 1.14996 -0.0694092 0.266238 0.438135 0.855767
1.0447 -0.496051 1.14776 -0.0691204 0.267685 0.436623 0.856112
1.04366 -0.497213 1.14555 -0.0688284 0.269133 0.435109 0.856452
1.04261 -0.498368 1.14335 -0.068533 0.270582 0.433593 0.856788
1.04154 -0.499514 1.14115 -0.0682344 0.272032 0.432074 0.85712
1.04047 -0.500651 1.13895 -0.0679325 0.273482 0.430553 0.857448
1.03937 -0.50178 1.13676 -0.0676274 0.274934 0.429031 0.857771
1.03827 -0.5029 1.13456 -0.0673191 0.276386 0.427506 0.85809
1.03715 -0.504011 1.13237 -0.0670077 0.277838 0.425979 0.858404
1.03602 -0.505113 1.13018 -0.0666931 0.279292 0.42445 0.858715
1.03488 -0.506206 1.12799 -0.0663754 0.280746 0.422918 0.85902
1.03373 -0.507291 1.1258 -0.0660546 0.282201 0.421385 0.859322
1.03256 -0.508366 1.12362 -0.0657307 0.283656 0.41985 0.859619
1.03138 -0.509432 1.12144 -0.0654038 0.285112 0.418313 0.859911
1.03019 -0.510489 1.11926 -0.0650739 0.286569 0.416774 0.860199
1.02899 -0.511537 1.11708 -0.0647409 0.288026 0.415233 0.860483
1.02777 -0.512575 1.11491 -0.064405 0.289484 0.413691 0.860762
1.02654 -0.513604 1.11274 -0.0640662 0.290943 0.412146 0.861036
1.0253 -0.514624 1.11057 -0.0637244 0.292402 0.4106 0.861306
1.02405 -0.515634 1.1084 -0.0633797 0.293861 0.409051 0.861572
1.02278 -0.516635 1.10624 -0.0630322 0.295321 0.407502 0.861832
1.02151 -0.517626 1.10408 -0.0626819 0.296782 0.40595 0.862088
1.02022 -0.518607 1.10192 -0.0623287 0.298243 0.404397 0.86234
1.01892 -0.519579 1.09977 -0.0619727 0.299704 0.402842 0.862586
1.01761 -0.520541 1.09762 -0.061614 0.301166 0.401285 0.862828
1.01628 -0.521493 1.09547 -0.0612526 0.302628 0.399727 0.863066
1.01495 -0.522435 1.09333 -0.0608885 0.304091 0.398167 0.863298
1.0136 -0.523368 1.09119 -0.0605217 0.305554 0.396606 0.863526
1.01224 -0.524289 1.08905 -0.0601524 0.307017 0.395044 0.863749
1.01087 -0.5252 1.08692 -0.0597808 0.308478 0.393482 0.863967
1.0095 -0.5261 1.0848 -0.0594072 0.309938 0.391921 0.86418
1.00811 -0.526988 1.08268 -0.0590317 0.311395 0.390362 0.864388
1.00672 -0.527864 1.08058 -0.0586545 0.312849 0.388805 0.86459
1.00532 -0.528728 1.07848 -0.0582759 0.314298 0.387252 0.864787
1.00391 -0.529578 1.0764 -0.057896 0.315743 0.385702 0.864979
1.0025 -0.530416 1.07432 -0.0575152 0.317182 0.384157 0.865165
1.00108 -0.53124 1.07227 -0.0571336 0.318615 0.382618 0.865346
0.999662 -0.53205 1.07022 -0.0567515 0.320041 0.381086 0.865521
0.99824 -0.532846 1.06819 -0.056369 0.321459 0.379561 0.865691
0.996816 -0.533628 1.06618 -0.0559866 0.322868 0.378044 0.865855
0.995392 -0.534396 1.06419 -0.0556043 0.324268 0.376536 0.866013
0.993968 -0.535149 1.06221 -0.0552224 0.325658 0.375038 0.866166
0.992546 -0.535887 1.06025 -0.0548413 0.327037 0.373551 0.866313
0.991126 -0.536609 1.05832 -0.0544611 0.328405 0.372075 0.866455
0.98971 -0.537317 1.05641 -0.0540822 0.32976 0.370611 0.866592
0.988298 -0.53801 1.05452 -0.0537047 0.331102 0.36916 0.866722
0.986891 -0.538686 1.05265 -0.0533289 0.332431 0.367724 0.866848
0.985492 -0.539348 1.05081 -0.0529552 0.333744 0.366302 0.866968
0.9841 -0.539993 1.04899 -0.0525837 0.335043 0.364895 0.867083
0.982717 -0.540623 1.0472 -0.0522148 0.336325 0.363506 0.867192
0.981344 -0.541238 1.04544 -0.0518487 0.337591 0.362133 0.867297
0.979982 -0.541836 1.04371 -0.0514858 0.338839 0.360779 0.867396
0.978632 -0.542419 1.042 -0.0511262 0.340069 0.359443 0.867491
0.977296 -0.542986 1.04033 -0.0507702 0.341279 0.358128 0.86758
0.975974 -0.543537 1.03869 -0.0504182 0.34247 0.356833 0.867665
0.974668 -0.544073 1.03708 -0.0500705 0.343641 0.355559 0.867745
0.973379 -0.544592 1.0355 -0.0497272 0.34479 0.354308 0.867821
0.972108 -0.545096 1.03396 -0.0493887 0.345917 0.35308 0.867892
0.970857 -0.545585 1.03245 -0.0490553 0.347021 0.351876 0.867959
0.969625 -0.546058 1.03098 -0.0487273 0.348101 0.350696 0.868023
0.968414 -0.546516 1.02954 -0.0484045 0.349159 0.349541 0.868082
0.967223 -0.54696 1.02814 -0.0480868 0.350195 0.348409 0.868137
0.96605 -0.54739 1.02676 -0.0477741 0.35121 0.3473 0.868189
0.964896 -0.547808 1.02542 -0.0474662 0.352203 0.346213 0.868238
0.96376 -0.548213 1.02411 -0.047163 0.353177 0.345146 0.868283
0.962642 -0.548606 1.02283 -0.0468643 0.354132 0.3441 0.868326
0.96154 -0.548987 1.02158 -0.04657 0.355068 0.343073 0.868365
0.960455 -0.549358 1.02035 -0.0462799 0.355987 0.342065 0.868402
0.959385 -0.549719 1.01915 -0.0459939 0.356889 0.341075 0.868437
0.958331 -0.550069 1.01797 -0.0457118 0.357774 0.340103 0.868469
0.95729 -0.55041 1.01681 -0.0454335 0.358644 0.339146 0.868499
0.956264 -0.550743 1.01568 -0.0451586 0.3595 0.338206 0.868526
0.95525 -0.551067 1.01457 -0.0448872 0.360341 0.33728 0.868552
0.954249 -0.551382 1.01348 -0.044619 0.361169 0.336368 0.868575
0.95326 -0.551691 1.0124 -0.0443537 0.361985 0.335469 0.868597
0.952281 -0.551991 1.01135 -0.0440914 0.362788 0.334583 0.868616
0.951313 -0.552285 1.01031 -0.0438316 0.363581 0.333709 0.868634
0.950354 -0.552573 1.00929 -0.0435744 0.364363 0.332846 0.868651
0.949403 -0.552854 1.00828 -0.0433194 0.365136 0.331993 0.868666
0.948461 -0.553129 1.00728 -0.0430665 0.3659 0.331149 0.868679
0.947526 -0.553399 1.0063 -0.0428154 0.366656 0.330313 0.868691
0.946597 -0.553664 1.00533 -0.042566 0.367404 0.329486 0.868701
0.945673 -0.553923 1.00437 -0.0423182 0.368146 0.328665 0.86871
0.944754 -0.554178 1.00342 -0.0420716 0.368882 0.327851 0.868718
0.94384 -0.554429 1.00247 -0.041826 0.369612 0.327042 0.868724
0.942928 -0.554676 1.00154 -0.0415814 0.370338 0.326238 0.868729
0.942018 -0.554918 1.00061 -0.0413373 0.371061 0.325437 0.868732
0.94111 -0.555158 0.999687 -0.0410938 0.371781 0.324639 0.868735
0.940202 -0.555393 0.998768 -0.0408504 0.372498 0.323844 0.868736
0.939294 -0.555626 0.997853 -0.0406071 0.373214 0.32305 0.868735
0.938384 -0.555856 0.996939 -0.0403636 0.373929 0.322257 0.868734
0.937472 -0.556083 0.996028 -0.0401197 0.374644 0.321463 0.868731
0.936559 -0.556307 0.995118 -0.0398755 0.375359 0.32067 0.868727
0.935644 -0.556528 0.994211 -0.0396311 0.376073 0.319877 0.868722
0.934729 -0.556746 0.993307 -0.0393866 0.376786 0.319085 0.868715
0.933813 -0.556961 0.992406 -0.0391422 0.377497 0.318295 0.868707
0.932897 -0.557173 0.991509 -0.0388979 0.378207 0.317506 0.868698
0.931982 -0.557382 0.990617 -0.0386539 0.378914 0.31672 0.868688
0.931069 -0.557587 0.989729 -0.0384103 0.379619 0.315936 0.868676
0.930156 -0.557789 0.988847 -0.0381673 0.38032 0.315155 0.868664
0.929246 -0.557988 0.98797 -0.0379248 0.381019 0.314378 0.86865
0.928339 -0.558183 0.9871 -0.0376831 0.381714 0.313605 0.868635
0.927435 -0.558375 0.986237 -0.0374423 0.382404 0.312836 0.868619
0.926534 -0.558563 0.98538 -0.0372025 0.38309 0.312071 0.868602
0.925638 -0.558747 0.984532 -0.0369639 0.383772 0.311312 0.868584
0.924746 -0.558928 0.983691 -0.0367264 0.384448 0.310558 0.868565
0.923859 -0.559105 0.982859 -0.0364903 0.385119 0.30981 0.868545
0.922978 -0.559279 0.982036 -0.0362557 0.385783 0.309068 0.868524
0.922103 -0.559449 0.981223 -0.0360228 0.386442 0.308333 0.868502
0.921235 -0.559615 0.980419 -0.0357915 0.387093 0.307605 0.86848
0.920374 -0.559778 0.979626 -0.0355622 0.387738 0.306885 0.868456
0.919521 -0.559937 0.978843 -0.0353348 0.388375 0.306172 0.868432
0.918676 -0.560092 0.978072 -0.0351095 0.389005 0.305468 0.868408
0.917841 -0.560244 0.977312 -0.0348864 0.389626 0.304773 0.868382
0.917014 -0.560392 0.976565 -0.0346658 0.390239 0.304087 0.868356
0.916198 -0.560536 0.975829 -0.0344476 0.390843 0.30341 0.86833
0.915392 -0.560677 0.975107 -0.034232 0.391438 0.302743 0.868304
0.914597 -0.560814 0.974398 -0.0340192 0.392023 0.302087 0.868276
0.913813 -0.560948 0.973703 -0.0338093 0.392598 0.301441 0.868249
0.913042 -0.561078 0.973022 -0.0336023 0.393163 0.300807 0.868222
0.912284 -0.561205 0.972355 -0.0333985 0.393717 0.300185 0.868194
0.911538 -0.561328 0.971703 -0.0331979 0.39426 0.299574 0.868166
0.910807 -0.561448 0.971067 -0.0330008 0.394792 0.298976 0.868138
0.91009 -0.561565 0.970447 -0.0328071 0.395312 0.29839 0.86811
0.909386 -0.561678 0.969842 -0.0326168 0.39582 0.297818 0.868083
0.908697 -0.561788 0.969251 -0.0324299 0.396317 0.297257 0.868055
0.90802 -0.561895 0.968675 -0.0322461 0.396804 0.296708 0.868027
0.907356 -0.562 0.968113 -0.0320655 0.39728 0.29617 0.868
0.906704 -0.562102 0.967563 -0.0318878 0.397746 0.295643 0.867973
0.906064 -0.562201 0.967027 -0.0317131 0.398202 0.295126 0.867946
0.905436 -0.562298 0.966503 -0.031541 0.39865 0.29462 0.867919
0.904818 -0.562393 0.96599 -0.0313717 0.399088 0.294123 0.867892
0.904211 -0.562485 0.965489 -0.0312049 0.399518 0.293635 0.867865
0.903614 -0.562575 0.964998 -0.0310406 0.39994 0.293156 0.867839
0.903026 -0.562664 0.964517 -0.0308786 0.400354 0.292686 0.867812
0.902448 -0.56275 0.964047 -0.0307188 0.400761 0.292224 0.867786
0.901879 -0.562835 0.963585 -0.0305611 0.40116 0.291769 0.86776
0.901317 -0.562918 0.963133 -0.0304055 0.401553 0.291322 0.867734
0.900764 -0.562999 0.962688 -0.0302517 0.40194 0.290881 0.867708
0.900217 -0.563079 0.962252 -0.0300997 0.402321 0.290447 0.867682
0.899678 -0.563158 0.961823 -0.0299494 0.402696 0.290019 0.867657
0.899145 -0.563235 0.9614 -0.0298006 0.403066 0.289596 0.867631
0.898617 -0.56331 0.960984 -0.0296533 0.403431 0.289179 0.867606
0.898096 -0.563385 0.960574 -0.0295073 0.403792 0.288767 0.86758
0.897579 -0.563458 0.96017 -0.0293624 0.404149 0.288358 0.867554
0.897066 -0.56353 0.95977 -0.0292187 0.404502 0.287954 0.867529
0.896558 -0.563601 0.959375 -0.029076 0.404852 0.287554 0.867503
0.896053 -0.563671 0.958984 -0.0289341 0.405199 0.287157 0.867478
0.895551 -0.56374 0.958596 -0.028793 0.405543 0.286763 0.867452
0.895052 -0.563809 0.958212 -0.0286525 0.405885 0.286371 0.867426
0.894555 -0.563876 0.95783 -0.0285126 0.406225 0.285981 0.8674
0.894059 -0.563943 0.957451 -0.028373 0.406564 0.285592 0.867374
0.893564 -0.564008 0.957073 -0.0282337 0.406901 0.285205 0.867348
0.89307 -0.564073 0.956697 -0.0280946 0.407238 0.284818 0.867321
0.892576 -0.564138 0.956321 -0.0279555 0.407574 0.284432 0.867295
0.892082 -0.564201 0.955946 -0.0278163 0.407911 0.284046 0.867268
0.891587 -0.564264 0.955571 -0.0276772 0.408247 0.28366 0.86724
0.891093 -0.564326 0.955198 -0.0275381 0.408583 0.283275 0.867212
0.890598 -0.564388 0.954825 -0.0273991 0.408918 0.28289 0.867184
0.890105 -0.564449 0.954454 -0.0272603 0.409252 0.282505 0.867156
0.889612 -0.564509 0.954083 -0.0271218 0.409586 0.282122 0.867128
0.88912 -0.564568 0.953715 -0.0269836 0.409919 0.28174 0.867099
0.88863 -0.564626 0.953348 -0.0268458 0.41025 0.281359 0.86707
0.888141 -0.564684 0.952983 -0.0267084 0.41058 0.28098 0.867042
0.887654 -0.56474 0.952621 -0.0265716 0.410909 0.280602 0.867012
0.887169 -0.564796 0.952261 -0.0264353 0.411235 0.280226 0.866983
0.886687 -0.564851 0.951903 -0.0262998 0.41156 0.279853 0.866954
0.886207 -0.564905 0.951548 -0.0261649 0.411883 0.279482 0.866924
0.88573 -0.564958 0.951196 -0.0260308 0.412203 0.279113 0.866895
0.885256 -0.56501 0.950848 -0.0258976 0.412521 0.278747 0.866865
0.884785 -0.565062 0.950502 -0.0257654 0.412837 0.278384 0.866836
0.884318 -0.565112 0.95016 -0.0256341 0.413149 0.278024 0.866806
0.883855 -0.565161 0.949822 -0.0255039 0.413459 0.277667 0.866777
0.883397 -0.56521 0.949488 -0.0253748 0.413765 0.277314 0.866747
0.882942 -0.565258 0.949158 -0.0252469 0.414069 0.276965 0.866718
0.882492 -0.565304 0.948832 -0.0251202 0.414368 0.276619 0.866689
0.882048 -0.56535 0.94851 -0.0249949 0.414664 0.276278 0.86666
0.881608 -0.565395 0.948193 -0.024871 0.414957 0.275941 0.866631
0.881174 -0.565439 0.947881 -0.0247486 0.415245 0.275608 0.866602
0.880746 -0.565482 0.947574 -0.0246277 0.415529 0.27528 0.866574
0.880323 -0.565524 0.947272 -0.0245084 0.415809 0.274957 0.866546
0.879907 -0.565565 0.946976 -0.0243908 0.416084 0.274639 0.866518
0.879498 -0.565605 0.946685 -0.0242749 0.416355 0.274326 0.86649
0.879095 -0.565645 0.9464 -0.0241609 0.41662 0.274018 0.866463
0.878699 -0.565683 0.94612 -0.0240487 0.416881 0.273717 0.866436
0.878311 -0.565721 0.945847 -0.0239385 0.417137 0.273421 0.866409
0.87793 -0.565757 0.94558 -0.0238302 0.417387 0.273131 0.866383
0.877558 -0.565793 0.94532 -0.0237241 0.417631 0.272848 0.866358
0.877192 -0.565828 0.945066 -0.02362 0.41787 0.27257 0.866332
0.876834 -0.565862 0.944817 -0.0235178 0.418104 0.272299 0.866308
0.876484 -0.565896 0.944575 -0.0234176 0.418333 0.272033 0.866283
0.87614 -0.565929 0.944338 -0.0233191 0.418557 0.271773 0.86626
0.875803 -0.565961 0.944107 -0.0232224 0.418777 0.271517 0.866236
0.875472 -0.565992 0.943881 -0.0231275 0.418992 0.271267 0.866213
0.875148 -0.566023 0.94366 -0.0230341 0.419202 0.271022 0.86619
0.874829 -0.566053 0.943443 -0.0229423 0.419409 0.270782 0.866168
0.874516 -0.566082 0.943232 -0.0228521 0.419611 0.270546 0.866146
0.874209 -0.566111 0.943024 -0.0227632 0.41981 0.270314 0.866125
0.873907 -0.56614 0.942821 -0.0226757 0.420005 0.270087 0.866103
0.873609 -0.566168 0.942622 -0.0225896 0.420196 0.269863 0.866082
0.873317 -0.566195 0.942427 -0.0225047 0.420385 0.269643 0.866062
0.873029 -0.566222 0.942235 -0.0224209 0.42057 0.269427 0.866041
0.872745 -0.566249 0.942047 -0.0223383 0.420752 0.269214 0.866021
0.872465 -0.566275 0.941861 -0.0222567 0.420931 0.269004 0.866001
0.872189 -0.566301 0.941679 -0.0221761 0.421108 0.268797 0.865982
0.871916 -0.566326 0.9415 -0.0220964 0.421283 0.268593 0.865962
0.871647 -0.566351 0.941323 -0.0220176 0.421455 0.268391 0.865943
0.87138 -0.566376 0.941149 -0.0219395 0.421625 0.268192 0.865924
0.871116 -0.566401 0.940977 -0.0218622 0.421793 0.267994 0.865905
0.870855 -0.566425 0.940807 -0.0217855 0.421959 0.267799 0.865886
0.870595 -0.566449 0.940639 -0.0217094 0.422124 0.267606 0.865868
0.870338 -0.566473 0.940472 -0.0216338 0.422288 0.267414 0.865849
0.870083 -0.566496 0.940307 -0.0215587 0.42245 0.267223 0.865831
0.869828 -0.566519 0.940143 -0.0214839 0.422611 0.267034 0.865813
0.869575 -0.566542 0.93998 -0.0214095 0.422771 0.266845 0.865794
0.869323 -0.566565 0.939818 -0.0213353 0.422931 0.266658 0.865776
0.869072 -0.566588 0.939657 -0.0212613 0.42309 0.266471 0.865758
0.868821 -0.56661 0.939496 -0.0211874 0.423249 0.266284 0.865739
0.86857 -0.566633 0.939335 -0.0211136 0.423407 0.266097 0.865721
0.86832 -0.566655 0.939175 -0.0210397 0.423566 0.265911 0.865702
0.868069 -0.566677 0.939015 -0.0209659 0.423725 0.265724 0.865684
0.867818 -0.566698 0.938854 -0.020892 0.423883 0.265538 0.865665
0.867567 -0.56672 0.938694 -0.0208181 0.424042 0.265351 0.865647
0.867315 -0.566741 0.938534 -0.0207442 0.4242 0.265165 0.865628
0.867064 -0.566763 0.938374 -0.0206703 0.424359 0.264978 0.865609
0.866813 -0.566784 0.938214 -0.0205964 0.424517 0.264792 0.86559
0.866561 -0.566805 0.938055 -0.0205225 0.424676 0.264605 0.865571
0.86631 -0.566826 0.937895 -0.0204485 0.424834 0.264419 0.865552
0.866058 -0.566846 0.937736 -0.0203745 0.424993 0.264232 0.865533
0.865807 -0.566867 0.937576 -0.0203006 0.425152 0.264046 0.865514
0.865555 -0.566887 0.937417 -0.0202266 0.42531 0.263859 0.865494
0.865303 -0.566907 0.937258 -0.0201526 0.425469 0.263673 0.865475
0.865051 -0.566927 0.937098 -0.0200785 0.425627 0.263486 0.865456
0.864799 -0.566947 0.936939 -0.0200045 0.425786 0.263299 0.865436
0.864547 -0.566967 0.93678 -0.0199304 0.425944 0.263113 0.865417
0.864295 -0.566987 0.936622 -0.0198564 0.426103 0.262926 0.865397
0.864042 -0.567006 0.936463 -0.0197823 0.426261 0.26274 0.865377
0.86379 -0.567025 0.936304 -0.0197082 0.42642 0.262553 0.865358
0.863537 -0.567044 0.936146 -0.0196341 0.426578 0.262366 0.865338
0.863285 -0.567063 0.935987 -0.01956 0.426737 0.26218 0.865318
0.863032 -0.567082 0.935829 -0.0194858 0.426895 0.261993 0.865298
0.862779 -0.5671 0.935671 -0.0194117 0.427054 0.261807 0.865278
0.862527 -0.567119 0.935513 -0.0193375 0.427212 0.26162 0.865258
0.862274 -0.567137 0.935355 -0.0192634 0.427371 0.261433 0.865238
0.862021 -0.567155 0.935197 -0.0191892 0.427529 0.261247 0.865217
0.861768 -0.567173 0.935039 -0.019115 0.427687 0.26106 0.865197
0.861514 -0.567191 0.934881 -0.0190408 0.427846 0.260873 0.865177
0.861261 -0.567209 0.934724 -0.0189665 0.428004 0.260687 0.865156
0.861008 -0.567226 0.934566 -0.0188923 0.428163 0.2605 0.865135
0.860754 -0.567243 0.934409 -0.018818 0.428321 0.260313 0.865115
0.860501 -0.56726 0.934251 -0.0187438 0.42848 0.260127 0.865094
0.860247 -0.567277 0.934094 -0.0186695 0.428638 0.25994 0.865073
0.859994 -0.567294 0.933937 -0.0185952 0.428797 0.259753 0.865053
0.85974 -0.567311 0.93378 -0.0185209 0.428955 0.259567 0.865032
0.859486 -0.567327 0.933623 -0.0184466 0.429113 0.25938 0.865011
0.859232 -0.567344 0.933466 -0.0183722 0.429272 0.259193 0.86499
0.858978 -0.56736 0.93331 -0.0182979 0.42943 0.259006 0.864968
0.858724 -0.567376 0.933153 -0.0182235 0.429589 0.25882 0.864947
0.85847 -0.567392 0.932997 -0.0181492 0.429747 0.258633 0.864926
0.858216 -0.567407 0.93284 -0.0180748 0.429905 0.258446 0.864905
0.857961 -0.567423 0.932684 -0.0180004 0.430064 0.25826 0.864883
0.857707 -0.567438 0.932528 -0.017926 0.430222 0.258073 0.864862
0.857452 -0.567454 0.932372 -0.0178516 0.430381 0.257886 0.86484
0.857198 -0.567469 0.932216 -0.0177771 0.430539 0.257699 0.864819
0.856943 -0.567484 0.93206 -0.0177027 0.430697 0.257513 0.864797
0.856688 -0.567498 0.931904 -0.0176282 0.430856 0.257326 0.864775
0.856433 -0.567513 0.931748 -0.0175537 0.431014 0.257139 0.864753
0.856179 -0.567527 0.931593 -0.0174793 0.431173 0.256952 0.864731
0.855924 -0.567541 0.931437 -0.0174048 0.431331 0.256766 0.864709
0.855668 -0.567556 0.931282 -0.0173303 0.431489 0.256579 0.864687
0.855413 -0.567569 0.931127 -0.0172557 0.431648 0.256392 0.864665
0.855158 -0.567583 0.930972 -0.0171812 0.431806 0.256205 0.864643
0.854903 -0.567597 0.930817 -0.0171066 0.431964 0.256018 0.864621
0.854647 -0.56761 0.930662 -0.0170321 0.432123 0.255832 0.864598
0.854392 -0.567624 0.930507 -0.0169575 0.432281 0.255645 0.864576
0.854136 -0.567637 0.930352 -0.0168829 0.432439 0.255458 0.864553
0.853881 -0.56765 0.930197 -0.0168083 0.432598 0.255271 0.864531
0.853625 -0.567662 0.930043 -0.0167337 0.432756 0.255084 0.864508
0.853369 -0.567675 0.929888 -0.0166591 0.432914 0.254897 0.864485
0.853113 -0.567687 0.929734 -0.0165845 0.433072 0.254711 0.864463
0.852857 -0.5677 0.92958 -0.0165098 0.433231 0.254524 0.86444
0.852601 -0.567712 0.929426 -0.0164352 0.433389 0.254337 0.864417
0.852345 -0.567724 0.929272 -0.0163605 0.433547 0.25415 0.864394
0.852089 -0.567736 0.929118 -0.0162858 0.433706 0.253963 0.864371
0.851832 -0.567748 0.928964 -0.0162107 0.433864 0.253776 0.864348
0.851573 -0.56776 0.928812 -0.0161348 0.434023 0.253588 0.864325
0.851313 -0.567774 0.92866 -0.0160575 0.434181 0.2534 0.864302
0.85105 -0.567789 0.92851 -0.0159786 0.434341 0.25321 0.864279
0.850784 -0.567806 0.928361 -0.0158976 0.4345 0.253018 0.864256
0.850514 -0.567825 0.928215 -0.0158141 0.434661 0.252825 0.864234
0.85024 -0.567846 0.92807 -0.0157277 0.434822 0.252629 0.864211
0.849961 -0.56787 0.927929 -0.0156378 0.434984 0.252431 0.864189
0.849676 -0.567898 0.92779 -0.0155442 0.435146 0.252231 0.864168
0.849384 -0.567929 0.927655 -0.0154465 0.43531 0.252027 0.864147
0.849086 -0.567964 0.927523 -0.015344 0.435475 0.251819 0.864126
0.84878 -0.568004 0.927396 -0.0152366 0.43564 0.251609 0.864106
0.848465 -0.568048 0.927273 -0.0151237 0.435808 0.251394 0.864086
0.848142 -0.568097 0.927154 -0.0150049 0.435976 0.251174 0.864067
0.847809 -0.568152 0.92704 -0.0148799 0.436146 0.25095 0.864048
0.847467 -0.568212 0.926932 -0.0147481 0.436318 0.250721 0.86403
0.847113 -0.568279 0.926829 -0.0146091 0.436491 0.250487 0.864013
0.846748 -0.568352 0.926732 -0.0144626 0.436666 0.250248 0.863996
0.846371 -0.568432 0.926641 -0.0143081 0.436843 0.250002 0.863981
0.845981 -0.568519 0.926557 -0.0141452 0.437022 0.24975 0.863966
0.845578 -0.568614 0.92648 -0.0139735 0.437202 0.249492 0.863952
0.84516 -0.568716 0.92641 -0.0137925 0.437385 0.249227 0.863938
0.844729 -0.568827 0.926348 -0.0136018 0.437571 0.248955 0.863926
0.844282 -0.568946 0.926294 -0.0134009 0.437758 0.248675 0.863915
0.843819 -0.569074 0.926247 -0.0131896 0.437948 0.248388 0.863904
0.843339 -0.569212 0.92621 -0.0129673 0.438141 0.248092 0.863895
0.842842 -0.569359 0.926181 -0.0127336 0.438336 0.247789 0.863887
0.842327 -0.569515 0.926162 -0.012488 0.438534 0.247476 0.863879
0.841794 -0.569682 0.926153 -0.0122302 0.438735 0.247155 0.863873
0.841241 -0.569859 0.926153 -0.0119597 0.438938 0.246824 0.863868
0.840669 -0.570047 0.926164 -0.0116761 0.439145 0.246484 0.863864
0.840076 -0.570246 0.926185 -0.0113789 0.439355 0.246133 0.863861
0.839463 -0.570455 0.926216 -0.0110686 0.439568 0.245773 0.863859
0.83883 -0.570675 0.926258 -0.0107455 0.439783 0.245404 0.863859
0.838179 -0.570904 0.92631 -0.0104101 0.440002 0.245026 0.863859
0.83751 -0.571142 0.92637 -0.0100628 0.440223 0.244639 0.86386
0.836822 -0.571389 0.92644 -0.00970391 0.440447 0.244243 0.863862
0.836118 -0.571645 0.926519 -0.00933393 0.440673 0.24384 0.863865
0.835398 -0.571908 0.926606 -0.00895324 0.440902 0.243429 0.863868
0.834662 -0.572178 0.926702 -0.00856225 0.441133 0.24301 0.863872
0.83391 -0.572456 0.926805 -0.00816137 0.441367 0.242584 0.863876
0.833144 -0.57274 0.926916 -0.00775101 0.441602 0.242151 0.863881
0.832364 -0.57303 0.927034 -0.00733157 0.441839 0.241711 0.863887
0.83157 -0.573326 0.927159 -0.00690346 0.442079 0.241265 0.863892
0.830764 -0.573627 0.927291 -0.00646711 0.44232 0.240814 0.863898
0.829945 -0.573932 0.927429 -0.00602291 0.442563 0.240356 0.863904
0.829115 -0.574243 0.927573 -0.00557128 0.442807 0.239893 0.863911
0.828274 -0.574557 0.927723 -0.00511264 0.443053 0.239425 0.863917
0.827422 -0.574875 0.927879 -0.0046474 0.4433 0.238953 0.863924
0.826561 -0.575195 0.928039 -0.00417596 0.443549 0.238476 0.863931
0.82569 -0.575519 0.928204 -0.00369876 0.443799 0.237995 0.863937
0.824811 -0.575845 0.928374 -0.0032162 0.44405 0.23751 0.863944
0.823924 -0.576173 0.928547 -0.0027287 0.444302 0.237021 0.86395
0.82303 -0.576502 0.928725 -0.00223669 0.444555 0.236529 0.863956
0.822129 -0.576833 0.928906 -0.00174057 0.444809 0.236035 0.863962
0.821222 -0.577165 0.92909 -0.00124076 0.445063 0.235537 0.863967
0.82031 -0.577497 0.929276 -0.000737701 0.445318 0.235038 0.863972
0.819393 -0.577829 0.929466 -0.000231798 0.445574 0.234536 0.863977
0.818472 -0.57816 0.929657 0.000276521 0.44583 0.234033 0.863982
0.817548 -0.578491 0.929851 0.000786835 0.446086 0.233529 0.863985
0.816621 -0.578821 0.930046 0.00129872 0.446343 0.233023 0.863989
0.815691 -0.57915 0.930242 0.00181174 0.4466 0.232517 0.863992
0.81476 -0.579477 0.930439 0.00232549 0.446856 0.23201 0.863994
0.813829 -0.579802 0.930636 0.00283952 0.447113 0.231504 0.863995
0.812896 -0.580125 0.930834 0.00335385 0.44737 0.230997 0.863996
0.811963 -0.580446 0.931033 0.00386846 0.447626 0.23049 0.863997
0.811028 -0.580765 0.931232 0.00438336 0.447883 0.229983 0.863996
0.810093 -0.581082 0.931432 0.00489855 0.448139 0.229475 0.863996
0.809157 -0.581397 0.931632 0.00541402 0.448396 0.228968 0.863994
0.80822 -0.58171 0.931833 0.00592978 0.448652 0.228461 0.863992
0.807283 -0.582021 0.932034 0.00644582 0.448908 0.227953 0.863989
0.806344 -0.58233 0.932235 0.00696214 0.449164 0.227445 0.863986
0.805405 -0.582637 0.932438 0.00747875 0.449421 0.226938 0.863982
0.804465 -0.582942 0.932641 0.00799563 0.449677 0.22643 0.863977
0.803524 -0.583245 0.932844 0.0085128 0.449933 0.225922 0.863972
0.802583 -0.583546 0.933048 0.00903025 0.450189 0.225414 0.863966
0.80164 -0.583845 0.933252 0.00954797 0.450445 0.224906 0.863959
0.800697 -0.584141 0.933457 0.010066 0.4507 0.224397 0.863952
0.799753 -0.584436 0.933662 0.0105842 0.450956 0.223889 0.863945
0.798808 -0.584729 0.933868 0.0111028 0.451212 0.22338 0.863936
0.797863 -0.585019 0.934075 0.0116216 0.451468 0.222872 0.863927
0.796916 -0.585308 0.934282 0.0121407 0.451723 0.222363 0.863917
0.795969 -0.585595 0.934489 0.0126601 0.451979 0.221855 0.863907
0.795021 -0.585879 0.934697 0.0131797 0.452234 0.221346 0.863896
0.794072 -0.586162 0.934906 0.0136996 0.45249 0.220837 0.863885
0.793123 -0.586442 0.935115 0.0142198 0.452745 0.220328 0.863872
0.792173 -0.586721 0.935325 0.0147403 0.453001 0.219818 0.863859
0.791222 -0.586997 0.935535 0.015261 0.453256 0.219309 0.863846
0.79027 -0.587272 0.935746 0.015782 0.453511 0.2188 0.863832
0.789318 -0.587544 0.935957 0.0163032 0.453766 0.21829 0.863817
0.788365 -0.587814 0.936168 0.0168247 0.454021 0.217781 0.863802
0.787411 -0.588082 0.936381 0.0173465 0.454276 0.217271 0.863786
0.786456 -0.588349 0.936593 0.0178685 0.454531 0.216762 0.863769
0.785501 -0.588613 0.936807 0.0183908 0.454786 0.216252 0.863751
0.784545 -0.588875 0.937021 0.0189134 0.455041 0.215742 0.863733
0.783588 -0.589135 0.937235 0.0194362 0.455296 0.215232 0.863715
0.78263 -0.589393 0.93745 0.0199593 0.45555 0.214722 0.863696
0.781672 -0.589649 0.937665 0.0204826 0.455805 0.214211 0.863676
0.780713 -0.589903 0.937881 0.0210062 0.45606 0.213701 0.863655
0.779753 -0.590155 0.938097 0.02153 0.456314 0.213191 0.863634
0.778793 -0.590404 0.938314 0.0220541 0.456569 0.21268 0.863612
0.777832 -0.590652 0.938532 0.0225785 0.456823 0.21217 0.86359
0.77687 -0.590898 0.93875 0.0231031 0.457078 0.211659 0.863566
0.775908 -0.591141 0.938968 0.0236279 0.457332 0.211148 0.863543
0.774945 -0.591383 0.939187 0.024153 0.457586 0.210637 0.863518
0.773981 -0.591622 0.939407 0.0246784 0.45784 0.210127 0.863493
0.773016 -0.59186 0.939627 0.025204 0.458094 0.209616 0.863467
0.772051 -0.592095 0.939848 0.0257298 0.458348 0.209104 0.863441
0.771085 -0.592328 0.940069 0.0262559 0.458602 0.208593 0.863414
0.770119 -0.592559 0.94029 0.0267822 0.458856 0.208082 0.863386
0.769152 -0.592789 0.940513 0.0273088 0.45911 0.207571 0.863358
0.768184 -0.593016 0.940735 0.0278356 0.459364 0.207059 0.863329
0.767216 -0.593241 0.940958 0.0283627 0.459618 0.206548 0.863299
0.766247 -0.593464 0.941182 0.02889 0.459872 0.206036 0.863269
0.765277 -0.593684 0.941406 0.0294175 0.460125 0.205524 0.863238
0.764307 -0.593903 0.941631 0.0299453 0.460379 0.205012 0.863206
0.763336 -0.59412 0.941856 0.0304733 0.460632 0.204501 0.863174
0.762364 -0.594335 0.942082 0.0310016 0.460886 0.203989 0.863141
0.761392 -0.594547 0.942309 0.03153 0.461139 0.203477 0.863107
0.760419 -0.594758 0.942535 0.0320588 0.461393 0.202964 0.863073
0.759445 -0.594966 0.942763 0.0325877 0.461646 0.202452 0.863038
0.758471 -0.595172 0.942991 0.0331169 0.461899 0.20194 0.863002
0.757497 -0.595377 0.943219 0.0336463 0.462152 0.201428 0.862966
0.756521 -0.595579 0.943448 0.034176 0.462405 0.200915 0.862929
0.755546 -0.595779 0.943677 0.0347059 0.462658 0.200403 0.862891
0.754569 -0.595977 0.943907 0.035236 0.462911 0.19989 0.862853
0.753592 -0.596173 0.944138 0.0357663 0.463164 0.199377 0.862814
0.752614 -0.596366 0.944369 0.0362968 0.463417 0.198864 0.862775
0.751637 -0.596558 0.9446 0.0368275 0.463669 0.198352 0.862734
0.75066 -0.596749 0.944833 0.037358 0.463921 0.197842 0.862694
0.749684 -0.596937 0.945067 0.0378882 0.46417 0.197334 0.862653
0.74871 -0.597124 0.945303 0.038418 0.464417 0.19683 0.862612
0.747739 -0.597311 0.94554 0.0389471 0.464661 0.196329 0.86257
0.746771 -0.597496 0.945779 0.0394755 0.464902 0.195834 0.862529
0.745807 -0.59768 0.946021 0.0400029 0.465139 0.195344 0.862488
0.744847 -0.597864 0.946264 0.0405292 0.465372 0.194861 0.862447
0.743892 -0.598047 0.946511 0.0410542 0.4656 0.194386 0.862407
0.742943 -0.598231 0.946761 0.0415777 0.465822 0.19392 0.862367
0.742 -0.598414 0.947013 0.0420995 0.466037 0.193462 0.862328
0.741064 -0.598598 0.947269 0.0426196 0.466247 0.193015 0.862289
0.740135 -0.598783 0.947529 0.0431376 0.466449 0.192578 0.862252
0.739215 -0.598968 0.947793 0.0436534 0.466643 0.192154 0.862216
0.738304 -0.599154 0.94806 0.0441669 0.466829 0.191742 0.86218
0.737402 -0.599342 0.948332 0.0446779 0.467006 0.191344 0.862147
0.73651 -0.599531 0.948609 0.0451861 0.467174 0.19096 0.862114
0.735629 -0.599722 0.94889 0.0456915 0.467331 0.190591 0.862084
0.734759 -0.599915 0.949176 0.0461938 0.467479 0.190239 0.862055
0.733901 -0.600111 0.949467 0.0466929 0.467615 0.189903 0.862028
0.733056 -0.600309 0.949763 0.0471885 0.467739 0.189586 0.862004
0.732225 -0.600509 0.950065 0.0476806 0.467852 0.189286 0.861981
0.731407 -0.600713 0.950373 0.0481688 0.467952 0.189007 0.861961
0.730604 -0.600921 0.950687 0.0486532 0.468038 0.188747 0.861944
0.729816 -0.601132 0.951007 0.0491333 0.468111 0.188509 0.86193
0.729044 -0.601347 0.951333 0.0496092 0.468169 0.188293 0.861918
0.728288 -0.601567 0.951666 0.0500805 0.468212 0.1881 0.861909
0.727549 -0.601791 0.952006 0.0505472 0.46824 0.187931 0.861904
0.726828 -0.60202 0.952353 0.051009 0.468253 0.187786 0.861901
0.726126 -0.602254 0.952707 0.0514658 0.468248 0.187667 0.861903
0.725442 -0.602493 0.953068 0.0519174 0.468226 0.187574 0.861908
0.724778 -0.602739 0.953437 0.0523636 0.468187 0.187508 0.861916
0.724133 -0.602989 0.953814 0.0528045 0.468131 0.187468 0.861929
0.723507 -0.603246 0.954197 0.0532404 0.468058 0.187454 0.861944
0.722898 -0.603507 0.954588 0.0536713 0.467969 0.187465 0.861964
0.722307 -0.603774 0.954985 0.0540975 0.467865 0.187499 0.861986
0.721731 -0.604046 0.955388 0.0545191 0.467746 0.187556 0.862012
0.721172 -0.604323 0.955798 0.0549363 0.467612 0.187636 0.862041
0.720628 -0.604604 0.956213 0.0553492 0.467465 0.187736 0.862072
0.720099 -0.60489 0.956634 0.0557581 0.467304 0.187857 0.862107
0.719583 -0.605181 0.95706 0.056163 0.467131 0.187997 0.862144
0.719081 -0.605475 0.957491 0.0565641 0.466946 0.188156 0.862183
0.718592 -0.605774 0.957927 0.0569617 0.466749 0.188333 0.862225
0.718115 -0.606076 0.958368 0.0573558 0.466541 0.188526 0.862269
0.717649 -0.606383 0.958813 0.0577467 0.466322 0.188736 0.862315
0.717194 -0.606692 0.959263 0.0581345 0.466094 0.188961 0.862363
0.71675 -0.607005 0.959716 0.0585194 0.465856 0.1892 0.862413
0.716315 -0.607321 0.960173 0.0589015 0.465609 0.189453 0.862465
0.715889 -0.60764 0.960633 0.0592811 0.465354 0.189719 0.862518
0.715471 -0.607962 0.961096 0.0596582 0.465092 0.189996 0.862573
0.715061 -0.608286 0.961563 0.0600331 0.464822 0.190285 0.862629
0.714658 -0.608613 0.962032 0.0604059 0.464545 0.190583 0.862686
0.714262 -0.608941 0.962503 0.0607768 0.464263 0.190891 0.862744
0.713871 -0.609271 0.962977 0.061146 0.463975 0.191208 0.862803
0.713486 -0.609604 0.963453 0.0615136 0.463682 0.191531 0.862862
0.713105 -0.609937 0.96393 0.0618798 0.463384 0.191862 0.862922
0.712727 -0.610272 0.964409 0.0622449 0.463083 0.192198 0.862983
0.712352 -0.610607 0.964889 0.0626094 0.46278 0.192537 0.863044
0.71198 -0.610943 0.96537 0.0629728 0.462474 0.192881 0.863105
0.711612 -0.611281 0.965852 0.0633348 0.462163 0.193232 0.863166
0.711247 -0.611619 0.966336 0.0636961 0.46185 0.193586 0.863228
0.710881 -0.611957 0.966819 0.0640573 0.461537 0.19394 0.863289
0.710514 -0.612295 0.967303 0.0644186 0.461223 0.194293 0.86335
0.709187 -0.613909 0.969535 0.0663915 0.459588 0.194978 0.863918
0.707853 -0.615516 0.971767 0.0683658 0.457951 0.195663 0.864478
0.706511 -0.617118 0.973997 0.0703415 0.456313 0.196348 0.865031
0.705162 -0.618714 0.976226 0.0723185 0.454673 0.197033 0.865575
0.703807 -0.620304 0.978454 0.0742968 0.453032 0.197719 0.866111
0.702444 -0.621887 0.980681 0.0762763 0.45139 0.198405 0.86664
0.701074 -0.623464 0.982907 0.0782571 0.449746 0.199091 0.867161
0.699697 -0.625036 0.985131 0.0802391 0.4481 0.199777 0.867673
0.698313 -0.6266 0.987355 0.0822222 0.446454 0.200464 0.868178
0.696922 -0.628159 0.989577 0.0842065 0.444806 0.201151 0.868675
0.695524 -0.629711 0.991797 0.0861918 0.443156 0.201838 0.869163
0.694119 -0.631258 0.994017 0.0881782 0.441505 0.202525 0.869644
0.692707 -0.632797 0.996235 0.0901657 0.439853 0.203212 0.870117
0.691289 -0.634331 0.998452 0.0921541 0.4382 0.2039 0.870582
0.689864 -0.635858 1.00067 0.0941435 0.436545 0.204588 0.871039
0.688432 -0.637378 1.00288 0.0961338 0.434888 0.205276 0.871488
0.686993 -0.638892 1.0051 0.098125 0.433231 0.205965 0.87193
0.685548 -0.6404 1.00731 0.100117 0.431572 0.206653 0.872363
0.684096 -0.641901 1.00952 0.10211 0.429912 0.207342 0.872788
0.682668 -0.643372 1.01166 0.104062 0.428302 0.208018 0.873188
0.681298 -0.644787 1.01367 0.105933 0.426795 0.208669 0.873545
0.67997 -0.646162 1.01558 0.107743 0.425366 0.2093 0.87387
0.678668 -0.647507 1.01742 0.109512 0.423988 0.209919 0.874171
0.677409 -0.648811 1.01915 0.111219 0.422687 0.210519 0.874442
0.67621 -0.650064 1.02076 0.112845 0.42149 0.211093 0.874673
0.675079 -0.65126 1.02221 0.114378 0.42041 0.211638 0.874862
0.674026 -0.652394 1.0235 0.115807 0.41946 0.212152 0.875005
0.673058 -0.653461 1.02461 0.117124 0.418653 0.21263 0.8751
0.672186 -0.654457 1.02551 0.118316 0.418003 0.213069 0.875143
0.671417 -0.655375 1.0262 0.119375 0.417524 0.213467 0.875132
0.670761 -0.656212 1.02666 0.120289 0.417227 0.21382 0.875062
0.670226 -0.656961 1.02687 0.121047 0.417127 0.214125 0.874931
0.669821 -0.657618 1.02681 0.121641 0.417236 0.214378 0.874734
0.669536 -0.658187 1.02651 0.12208 0.417538 0.214584 0.874478
0.669363 -0.658675 1.02598 0.122375 0.418019 0.214746 0.874168
0.669293 -0.659087 1.02524 0.122537 0.418661 0.214867 0.873808
0.669316 -0.659427 1.02431 0.122577 0.419449 0.214953 0.873403
0.669424 -0.6597 1.02322 0.122506 0.420368 0.215007 0.872958
0.669607 -0.659912 1.02198 0.122333 0.421402 0.215032 0.872477
0.669855 -0.660067 1.02062 0.122071 0.422534 0.215032 0.871966
0.67016 -0.660171 1.01914 0.12173 0.423748 0.215011 0.871429
0.670512 -0.660228 1.01758 0.12132 0.42503 0.214974 0.870871
0.670902 -0.660243 1.01594 0.120852 0.426364 0.214923 0.870297
0.671321 -0.660222 1.01426 0.120337 0.427733 0.214863 0.869711
0.67176 -0.66017 1.01255 0.119787 0.429121 0.214798 0.869119
0.67221 -0.660092 1.01083 0.11921 0.430515 0.214731 0.868526
0.672663 -0.659994 1.00912 0.118619 0.431897 0.214666 0.867936
0.67311 -0.659882 1.00744 0.118023 0.433253 0.214608 0.867356
0.673542 -0.65976 1.00581 0.117434 0.434566 0.214559 0.86679
0.673958 -0.65963 1.00424 0.116851 0.435836 0.214522 0.866241
0.674359 -0.65949 1.00272 0.116276 0.437058 0.214495 0.865709
0.674743 -0.65934 1.00127 0.115708 0.438231 0.21448 0.865196
0.67511 -0.659181 0.999879 0.115147 0.439352 0.214478 0.864702
0.67546 -0.659012 0.998559 0.114595 0.440419 0.214489 0.86423
0.675791 -0.658832 0.99731 0.114051 0.441429 0.214514 0.86378
0.676104 -0.658642 0.996136 0.113516 0.442381 0.214553 0.863354
0.676398 -0.658442 0.99504 0.112989 0.44327 0.214608 0.862953
0.676671 -0.658231 0.994027 0.112472 0.444096 0.214678 0.862579
0.676925 -0.658008 0.9931 0.111965 0.444855 0.214764 0.862232
0.677157 -0.657775 0.992261 0.111468 0.445546 0.214867 0.861914
0.677368 -0.657529 0.991514 0.11098 0.446165 0.214988 0.861627
0.677557 -0.657273 0.990863 0.110504 0.44671 0.215126 0.861371
0.677724 -0.657004 0.990312 0.110038 0.44718 0.215283 0.861148
0.677867 -0.656723 0.989863 0.109584 0.44757 0.21546 0.860958
0.677986 -0.656429 0.989519 0.10914 0.44788 0.215656 0.860805
0.678083 -0.656124 0.989277 0.108708 0.448112 0.215872 0.860684
0.678157 -0.655809 0.989132 0.108287 0.44827 0.216104 0.860597
0.678211 -0.655483 0.98908 0.107877 0.448358 0.216354 0.86054
0.678244 -0.655149 0.989115 0.107477 0.448379 0.21662 0.860512
0.678259 -0.654808 0.989234 0.107087 0.448336 0.2169 0.860512
0.678256 -0.654459 0.989431 0.106707 0.448234 0.217194 0.860538
0.678235 -0.654104 0.989703 0.106337 0.448076 0.217501 0.860589
0.678199 -0.653744 0.990045 0.105975 0.447865 0.217819 0.860663
0.678147 -0.653379 0.990452 0.105623 0.447605 0.218149 0.860758
0.678081 -0.653011 0.99092 0.10528 0.4473 0.218488 0.860873
0.678001 -0.652641 0.991444 0.104946 0.446952 0.218836 0.861006
0.677909 -0.652268 0.992019 0.104619 0.446566 0.219191 0.861156
0.677805 -0.651894 0.992642 0.104301 0.446145 0.219554 0.86132
0.67769 -0.65152 0.993307 0.103991 0.445692 0.219922 0.861498
0.677566 -0.651147 0.99401 0.103688 0.445211 0.220295 0.861688
0.677433 -0.650775 0.994746 0.103393 0.444706 0.220672 0.861888
0.677292 -0.650406 0.995512 0.103106 0.444181 0.221051 0.862096
0.677144 -0.650039 0.996302 0.102825 0.443637 0.221433 0.862311
0.67699 -0.649677 0.997111 0.102551 0.44308 0.221816 0.862532
0.676831 -0.64932 0.997936 0.102284 0.442513 0.222199 0.862756
0.676669 -0.648968 0.998772 0.102023 0.441939 0.222581 0.862983
0.676503 -0.648623 0.999614 0.101768 0.441362 0.222961 0.86321
0.676335 -0.648285 1.00046 0.101519 0.440785 0.223339 0.863436
0.676167 -0.647957 1.0013 0.101277 0.440213 0.223713 0.86366
0.675998 -0.647637 1.00213 0.10104 0.439647 0.224083 0.86388
0.675831 -0.647327 1.00296 0.100808 0.439093 0.224448 0.864094
0.675667 -0.647029 1.00376 0.100582 0.438554 0.224806 0.864301
0.675505 -0.646743 1.00455 0.10036 0.438033 0.225157 0.864499
0.675349 -0.64647 1.00531 0.100144 0.437534 0.2255 0.864688
0.675197 -0.646211 1.00605 0.0999323 0.43706 0.225835 0.864864
0.675053 -0.645967 1.00674 0.0997254 0.436616 0.226159 0.865028
0.674917 -0.645739 1.00741 0.0995229 0.436204 0.226473 0.865177
0.674788 -0.645527 1.00803 0.0993246 0.435824 0.226777 0.865312
0.674667 -0.645329 1.00862 0.0991306 0.435474 0.227071 0.865433
0.674553 -0.645146 1.00917 0.0989407 0.435154 0.227356 0.865541
0.674446 -0.644977 1.00969 0.0987547 0.434863 0.227631 0.865636
0.674346 -0.644821 1.01018 0.0985726 0.4346 0.227898 0.865719
0.674253 -0.644679 1.01064 0.0983942 0.434363 0.228156 0.86579
0.674167 -0.644549 1.01107 0.0982193 0.434151 0.228407 0.86585
0.674086 -0.644431 1.01147 0.0980479 0.433965 0.228649 0.865899
0.674012 -0.644325 1.01184 0.0978799 0.433802 0.228884 0.865938
0.673943 -0.64423 1.01218 0.097715 0.433661 0.229112 0.865966
0.67388 -0.644146 1.01251 0.0975532 0.433542 0.229333 0.865985
0.673822 -0.644072 1.0128 0.0973943 0.433444 0.229548 0.865996
0.67377 -0.644007 1.01308 0.0972382 0.433365 0.229757 0.865997
0.673722 -0.643952 1.01333 0.0970848 0.433304 0.22996 0.865991
0.673678 -0.643905 1.01357 0.0969339 0.433262 0.230158 0.865977
0.673639 -0.643866 1.01378 0.0967855 0.433235 0.23035 0.865955
0.673604 -0.643835 1.01398 0.0966392 0.433224 0.230538 0.865927
0.673573 -0.643811 1.01416 0.0964951 0.433227 0.230721 0.865893
0.673545 -0.643794 1.01433 0.0963529 0.433244 0.2309 0.865853
0.67352 -0.643783 1.01448 0.0962126 0.433273 0.231076 0.865807
0.673499 -0.643777 1.01462 0.096074 0.433314 0.231248 0.865756
0.67348 -0.643777 1.01475 0.0959369 0.433364 0.231416 0.865701
0.673463 -0.643781 1.01486 0.0958013 0.433424 0.231582 0.865641
0.673449 -0.643789 1.01497 0.0956668 0.433493 0.231745 0.865579
0.673436 -0.643801 1.01507 0.0955335 0.433568 0.231906 0.865512
0.673425 -0.643816 1.01516 0.0954012 0.43365 0.232066 0.865443
0.673415 -0.643833 1.01524 0.0952697 0.433736 0.232223 0.865372
0.673407 -0.643853 1.01532 0.0951388 0.433827 0.232379 0.865299
0.673399 -0.643874 1.0154 0.0950085 0.433921 0.232535 0.865225
0.673392 -0.643896 1.01548 0.0948785 0.434017 0.232689 0.865149
0.673385 -0.643919 1.01555 0.0947488 0.434114 0.232844 0.865073
0.673378 -0.643942 1.01562 0.0946191 0.434211 0.232998 0.864997
0.67337 -0.643964 1.0157 0.0944895 0.434309 0.233152 0.864921
0.673363 -0.643987 1.01577 0.09436 0.434406 0.233307 0.864844
0.673356 -0.64401 1.01585 0.0942305 0.434503 0.233461 0.864768
0.673349 -0.644032 1.01592 0.094101 0.4346 0.233615 0.864692
0.673342 -0.644055 1.01599 0.0939717 0.434697 0.23377 0.864615
0.673334 -0.644078 1.01607 0.0938424 0.434795 0.233924 0.864538
0.673327 -0.644101 1.01614 0.0937132 0.434892 0.234078 0.864462
0.67332 -0.644123 1.01621 0.093584 0.434989 0.234233 0.864385
0.673312 -0.644146 1.01629 0.0934549 0.435087 0.234387 0.864308
0.673305 -0.644169 1.01636 0.0933259 0.435184 0.234541 0.864231
0.673298 -0.644192 1.01643 0.0931969 0.435281 0.234696 0.864154
0.67329 -0.644214 1.01651 0.093068 0.435379 0.23485 0.864077
0.673283 -0.644237 1.01658 0.0929391 0.435476 0.235004 0.864
0.673275 -0.64426 1.01665 0.0928104 0.435574 0.235159 0.863923
0.673268 -0.644283 1.01673 0.0926817 0.435671 0.235313 0.863845
0.67326 -0.644306 1.0168 0.092553 0.435769 0.235467 0.863768
0.673252 -0.644328 1.01687 0.0924244 0.435866 0.235622 0.86369
0.673245 -0.644351 1.01695 0.0922959 0.435964 0.235776 0.863613
0.673237 -0.644374 1.01702 0.0921674 0.436061 0.23593 0.863535
0.673229 -0.644397 1.01709 0.0920391 0.436159 0.236085 0.863457
0.673222 -0.64442 1.01717 0.0919107 0.436257 0.236239 0.863379
0.673214 -0.644443 1.01724 0.0917825 0.436354 0.236393 0.863301
0.673206 -0.644466 1.01731 0.0916543 0.436452 0.236547 0.863223
0.673198 -0.644489 1.01739 0.0915261 0.43655 0.236702 0.863145
0.67319 -0.644512 1.01746 0.0913981 0.436647 0.236856 0.863067
0.673182 -0.644535 1.01753 0.0912701 0.436745 0.23701 0.862989
0.673175 -0.644557 1.01761 0.0911421 0.436843 0.237165 0.86291
0.673167 -0.64458 1.01768 0.0910143 0.43694 0.237319 0.862832
0.673159 -0.644603 1.01775 0.0908864 0.437038 0.237473 0.862754
0.673151 -0.644626 1.01783 0.0907587 0.437136 0.237628 0.862675
0.673142 -0.644649 1.0179 0.090631 0.437234 0.237782 0.862596
0.673134 -0.644672 1.01797 0.0905034 0.437332 0.237936 0.862517
0.673126 -0.644695 1.01805 0.0903759 0.43743 0.23809 0.862439
0.673118 -0.644718 1.01812 0.0902484 0.437528 0.238245 0.86236
0.67311 -0.644741 1.01819 0.090121 0.437626 0.238399 0.862281
0.673102 -0.644765 1.01826 0.0899936 0.437723 0.238553 0.862202
0.673093 -0.644788 1.01834 0.0898663 0.437821 0.238708 0.862122
0.673085 -0.644811 1.01841 0.0897391 0.437919 0.238862 0.862043
0.673077 -0.644834 1.01848 0.0896119 0.438017 0.239016 0.861964
0.673068 -0.644857 1.01856 0.0894848 0.438115 0.23917 0.861884
0.67306 -0.64488 1.01863 0.0893578 0.438214 0.239325 0.861805
0.673052 -0.644903 1.0187 0.0892308 0.438312 0.239479 0.861725
0.673043 -0.644926 1.01878 0.0891039 0.43841 0.239633 0.861646
0.673035 -0.644949 1.01885 0.0889771 0.438508 0.239788 0.861566
0.673026 -0.644972 1.01892 0.0888503 0.438606 0.239942 0.861486
0.673018 -0.644996 1.01899 0.0887236 0.438704 0.240096 0.861406
0.673009 -0.645019 1.01907 0.088597 0.438802 0.24025 0.861326
0.673001 -0.645042 1.01914 0.0884704 0.438901 0.240405 0.861246
0.672992 -0.645065 1.01921 0.0883439 0.438999 0.240559 0.861166
0.672983 -0.645088 1.01929 0.0882175 0.439097 0.240713 0.861086
0.672975 -0.645112 1.01936 0.0880911 0.439195 0.240867 0.861005
0.672966 -0.645135 1.01943 0.0879648 0.439294 0.241022 0.860925
0.672957 -0.645158 1.0195 0.0878385 0.439392 0.241176 0.860845
0.672948 -0.645181 1.01958 0.0877123 0.43949 0.24133 0.860764
0.67294 -0.645205 1.01965 0.0875862 0.439589 0.241484 0.860683
0.672931 -0.645228 1.01972 0.0874602 0.439687 0.241639 0.860603
0.672922 -0.645251 1.01979 0.0873342 0.439785 0.241793 0.860522
0.672913 -0.645274 1.01987 0.0872082 0.439884 0.241947 0.860441
0.672904 -0.645298 1.01994 0.0870824 0.439982 0.242101 0.86036
0.672895 -0.645321 1.02001 0.0869566 0.440081 0.242255 0.860279
0.672886 -0.645344 1.02009 0.0868309 0.440179 0.24241 0.860198
0.672877 -0.645368 1.02016 0.0867052 0.440278 0.242564 0.860116
0.672868 -0.645391 1.02023 0.0865796 0.440376 0.242718 0.860035
0.672859 -0.645414 1.0203 0.0864541 0.440475 0.242872 0.859954
0.67285 -0.645438 1.02038 0.0863283 0.440574 0.243027 0.859872
0.67284 -0.645461 1.02045 0.0862019 0.440673 0.243182 0.85979
0.672831 -0.645485 1.02052 0.0860746 0.440773 0.243339 0.859707
0.672822 -0.645509 1.0206 0.085946 0.440875 0.243497 0.859623
0.672812 -0.645533 1.02067 0.0858159 0.440977 0.243657 0.859538
0.672803 -0.645558 1.02075 0.0856839 0.441081 0.24382 0.859452
0.672793 -0.645583 1.02083 0.0855497 0.441187 0.243985 0.859364
0.672783 -0.645609 1.0209 0.0854129 0.441295 0.244153 0.859275
0.672773 -0.645634 1.02098 0.0852732 0.441405 0.244325 0.859183
0.672763 -0.645661 1.02107 0.0851304 0.441518 0.244501 0.859089
0.672753 -0.645688 1.02115 0.084984 0.441633 0.244681 0.858993
0.672742 -0.645716 1.02124 0.0848339 0.441752 0.244866 0.858894
0.672731 -0.645745 1.02132 0.0846795 0.441874 0.245057 0.858792
0.672721 -0.645774 1.02142 0.0845207 0.442 0.245252 0.858687
0.672709 -0.645804 1.02151 0.0843572 0.442129 0.245454 0.858579
0.672698 -0.645836 1.0216 0.0841885 0.442263 0.245662 0.858467
0.672686 -0.645868 1.0217 0.0840144 0.442401 0.245876 0.858352
0.672674 -0.645901 1.02181 0.0838345 0.442543 0.246098 0.858232
0.672661 -0.645935 1.02191 0.0836487 0.442691 0.246327 0.858109
0.672649 -0.645971 1.02202 0.0834565 0.442844 0.246564 0.857981
0.672636 -0.646008 1.02213 0.0832576 0.443002 0.24681 0.857848
0.672622 -0.646046 1.02225 0.0830517 0.443165 0.247064 0.85771
0.672608 -0.646085 1.02237 0.0828386 0.443335 0.247327 0.857567
0.672594 -0.646126 1.02249 0.0826179 0.443511 0.247599 0.857419
0.672579 -0.646168 1.02262 0.0823894 0.443693 0.247882 0.857265
0.672564 -0.646211 1.02276 0.0821526 0.443882 0.248175 0.857105
0.672548 -0.646257 1.02289 0.0819074 0.444078 0.248478 0.856939
0.672531 -0.646304 1.02304 0.0816534 0.444282 0.248792 0.856767
0.672514 -0.646352 1.02318 0.0813904 0.444492 0.249118 0.856588
0.672497 -0.646403 1.02334 0.081118 0.444711 0.249456 0.856402
0.672479 -0.646455 1.0235 0.080836 0.444937 0.249806 0.856209
0.67246 -0.646509 1.02366 0.080544 0.445172 0.250168 0.856008
0.67244 -0.646565 1.02383 0.0802425 0.445415 0.250543 0.8558
0.67242 -0.646622 1.024 0.0799318 0.445666 0.25093 0.855586
0.672399 -0.646682 1.02418 0.0796122 0.445924 0.251328 0.855364
0.672378 -0.646743 1.02437 0.0792842 0.44619 0.251737 0.855136
0.672355 -0.646806 1.02455 0.078948 0.446463 0.252156 0.854901
0.672333 -0.64687 1.02475 0.0786041 0.446743 0.252586 0.854659
0.672309 -0.646936 1.02494 0.0782527 0.447029 0.253026 0.854412
0.672285 -0.647004 1.02515 0.0778943 0.447321 0.253475 0.854158
0.67226 -0.647073 1.02535 0.0775291 0.44762 0.253933 0.853899
0.672234 -0.647143 1.02556 0.0771576 0.447925 0.2544 0.853634
0.672208 -0.647215 1.02577 0.0767801 0.448235 0.254875 0.853363
0.672181 -0.647288 1.02599 0.076397 0.44855 0.255357 0.853088
0.672154 -0.647362 1.0262 0.0760085 0.448871 0.255848 0.852807
0.672125 -0.647437 1.02643 0.0756151 0.449197 0.256345 0.852521
0.672097 -0.647514 1.02665 0.0752171 0.449527 0.256849 0.852231
0.672067 -0.647591 1.02688 0.0748147 0.449861 0.257359 0.851935
0.672037 -0.64767 1.02711 0.0744085 0.4502 0.257875 0.851636
0.672006 -0.64775 1.02734 0.0739986 0.450542 0.258397 0.851333
0.671975 -0.64783 1.02757 0.0735855 0.450888 0.258923 0.851025
0.671943 -0.647912 1.02781 0.0731695 0.451238 0.259454 0.850714
0.67191 -0.647994 1.02804 0.0727508 0.45159 0.25999 0.850399
0.671877 -0.648077 1.02828 0.0723299 0.451945 0.260529 0.850081
0.671843 -0.648161 1.02852 0.0719071 0.452303 0.261072 0.84976
0.671809 -0.648245 1.02876 0.0714827 0.452664 0.261618 0.849436
0.671774 -0.64833 1.029 0.0710569 0.453026 0.262166 0.84911
0.671739 -0.648416 1.02925 0.0706302 0.45339 0.262717 0.848781
0.671703 -0.648502 1.02949 0.0702029 0.453756 0.263269 0.848449
0.671667 -0.648588 1.02973 0.0697752 0.454123 0.263824 0.848116
0.67163 -0.648675 1.02998 0.0693475 0.454491 0.264379 0.847781
0.671593 -0.648762 1.03022 0.06892 0.45486 0.264935 0.847445
0.671555 -0.64885 1.03047 0.0684932 0.455229 0.265491 0.847107
0.671517 -0.648937 1.03071 0.0680673 0.455599 0.266047 0.846768
0.671478 -0.649025 1.03095 0.0676423 0.455969 0.266603 0.846428
0.671439 -0.649113 1.0312 0.0672182 0.456339 0.267159 0.846087
0.6714 -0.649201 1.03144 0.066795 0.456709 0.267715 0.845745
0.67136 -0.64929 1.03168 0.0663727 0.45708 0.26827 0.845402
0.67132 -0.649378 1.03193 0.0659513 0.457451 0.268826 0.845057
0.67128 -0.649467 1.03217 0.0655308 0.457822 0.269381 0.844712
0.671239 -0.649556 1.03241 0.0651112 0.458193 0.269937 0.844366
0.671197 -0.649645 1.03265 0.0646925 0.458565 0.270492 0.844019
0.671156 -0.649734 1.0329 0.0642748 0.458937 0.271047 0.84367
0.671114 -0.649824 1.03314 0.0638579 0.459309 0.271602 0.843321
0.671071 -0.649914 1.03338 0.063442 0.459681 0.272157 0.84297
0.671028 -0.650004 1.03362 0.0630269 0.460054 0.272712 0.842619
0.670985 -0.650094 1.03386 0.0626128 0.460427 0.273267 0.842266
0.670941 -0.650184 1.0341 0.0621996 0.4608 0.273821 0.841912
0.670897 -0.650275 1.03434 0.0617873 0.461173 0.274376 0.841558
0.670852 -0.650366 1.03459 0.0613759 0.461547 0.27493 0.841202
0.670808 -0.650457 1.03483 0.0609655 0.461921 0.275484 0.840845
0.670762 -0.650548 1.03507 0.0605559 0.462295 0.276038 0.840488
0.670716 -0.65064 1.03531 0.0601473 0.462669 0.276592 0.840129
0.67067 -0.650731 1.03555 0.0597396 0.463044 0.277146 0.839769
0.670624 -0.650823 1.03579 0.0593328 0.463419 0.277699 0.839408
0.670577 -0.650915 1.03602 0.0589269 0.463794 0.278253 0.839046
0.67053 -0.651008 1.03626 0.058522 0.464169 0.278806 0.838683
0.670482 -0.6511 1.0365 0.0581179 0.464545 0.27936 0.838319
0.670434 -0.651193 1.03674 0.0577148 0.464921 0.279913 0.837954
0.670385 -0.651286 1.03698 0.0573126 0.465297 0.280466 0.837588
0.670336 -0.651379 1.03722 0.0569114 0.465673 0.281019 0.837221
0.670287 -0.651472 1.03746 0.056511 0.46605 0.281571 0.836852
0.670237 -0.651566 1.0377 0.0561116 0.466426 0.282124 0.836483
0.670187 -0.65166 1.03793 0.0557131 0.466803 0.282676 0.836113
0.670136 -0.651754 1.03817 0.0553155 0.467181 0.283229 0.835742
0.670086 -0.651848 1.03841 0.0549189 0.467558 0.283781 0.835369
0.670033 -0.651945 1.03865 0.0545274 0.467935 0.284334 0.834996
0.669978 -0.652049 1.0389 0.0541454 0.468311 0.284891 0.83462
0.669919 -0.652163 1.03917 0.0537772 0.468684 0.285452 0.834242
0.669855 -0.652288 1.03945 0.053427 0.469055 0.286019 0.833862
0.669784 -0.652429 1.03975 0.0530992 0.469423 0.286593 0.833479
0.669707 -0.652589 1.04009 0.0527979 0.469786 0.287177 0.833093
0.66962 -0.65277 1.04045 0.0525275 0.470144 0.287771 0.832702
0.669524 -0.652976 1.04086 0.0522924 0.470497 0.288378 0.832308
0.669417 -0.653209 1.0413 0.0520967 0.470843 0.288998 0.83191
0.669297 -0.653473 1.04179 0.0519449 0.471182 0.289633 0.831506
0.669164 -0.65377 1.04233 0.0518412 0.471513 0.290285 0.831097
0.669016 -0.654104 1.04293 0.0517898 0.471836 0.290956 0.830683
0.668852 -0.654477 1.04358 0.0517953 0.472149 0.291646 0.830262
0.668671 -0.654892 1.0443 0.0518618 0.472453 0.292358 0.829835
0.66847 -0.655353 1.04509 0.0519936 0.472745 0.293092 0.829401
0.668249 -0.655862 1.04596 0.0521952 0.473027 0.293851 0.828959
0.668007 -0.656423 1.0469 0.0524708 0.473296 0.294636 0.828509
0.667741 -0.657037 1.04792 0.0528248 0.473553 0.295449 0.82805
0.66745 -0.657707 1.04904 0.0532614 0.473796 0.29629 0.827582
0.667133 -0.658438 1.05024 0.0537851 0.474025 0.297161 0.827105
0.666788 -0.65923 1.05155 0.0544001 0.474239 0.298065 0.826617
0.666414 -0.660087 1.05295 0.0551108 0.474438 0.299002 0.826117
0.666008 -0.661012 1.05446 0.0559216 0.47462 0.299974 0.825605
0.665568 -0.662007 1.05609 0.0568367 0.474786 0.300982 0.825081
0.665093 -0.663074 1.05783 0.0578606 0.474933 0.302027 0.824542
0.664581 -0.664216 1.05969 0.0589975 0.475062 0.303112 0.823989
0.664029 -0.665436 1.06168 0.0602518 0.475172 0.304237 0.82342
0.663436 -0.666736 1.06379 0.0616278 0.475262 0.305405 0.822834
0.662799 -0.668117 1.06605 0.06313 0.475332 0.306615 0.82223
0.662116 -0.669583 1.06844 0.0647625 0.47538 0.30787 0.821606
0.661383 -0.671135 1.07098 0.0665297 0.475405 0.309172 0.820961
0.6606 -0.672775 1.07367 0.0684361 0.475408 0.31052 0.820293
0.659765 -0.674496 1.0765 0.0704709 0.475391 0.31191 0.819603
0.658882 -0.676293 1.07947 0.0726235 0.475358 0.313335 0.81889
0.65795 -0.678159 1.08257 0.0748836 0.475313 0.314789 0.818155
0.656971 -0.680088 1.0858 0.0772403 0.475259 0.316267 0.817397
0.655946 -0.682074 1.08914 0.0796833 0.4752 0.317761 0.816617
0.654876 -0.684109 1.0926 0.0822019 0.475139 0.319267 0.815815
0.653764 -0.686188 1.09616 0.0847856 0.47508 0.320778 0.814992
0.65261 -0.688305 1.09982 0.0874238 0.475026 0.322289 0.814148
0.651416 -0.690452 1.10358 0.090106 0.474982 0.323792 0.813285
0.650184 -0.692626 1.10742 0.0928217 0.47495 0.325283 0.812402
0.648915 -0.694818 1.11134 0.0955604 0.474936 0.326755 0.811502
0.647613 -0.697023 1.11533 0.0983116 0.474942 0.328202 0.810585
0.646278 -0.699235 1.11939 0.101065 0.474972 0.329619 0.809654
0.644914 -0.701448 1.12351 0.10381 0.47503 0.330998 0.808709
0.643521 -0.703657 1.12768 0.106536 0.475119 0.332336 0.807753
0.642105 -0.705855 1.1319 0.109232 0.475245 0.333624 0.806787
0.640665 -0.708037 1.13616 0.111889 0.475409 0.334859 0.805814
0.639207 -0.710198 1.14045 0.114496 0.475617 0.336033 0.804836
0.637732 -0.712332 1.14477 0.117043 0.475872 0.33714 0.803856
0.636244 -0.714433 1.14911 0.119519 0.476177 0.338175 0.802875
0.634745 -0.716497 1.15345 0.121915 0.476537 0.339131 0.801897
0.63324 -0.718519 1.15781 0.124219 0.476955 0.340004 0.800925
0.631732 -0.720493 1.16216 0.126422 0.477435 0.340786 0.799961
0.630225 -0.722415 1.16651 0.128513 0.477981 0.341471 0.799009
0.628721 -0.724281 1.17084 0.130482 0.478596 0.342054 0.798072
0.627226 -0.726085 1.17514 0.132319 0.479284 0.342528 0.797153
0.625743 -0.727823 1.17942 0.134014 0.480049 0.342888 0.796255
0.624277 -0.729492 1.18366 0.135557 0.480893 0.343126 0.795381
0.622831 -0.731087 1.18786 0.136937 0.481821 0.343238 0.794534
0.62141 -0.732605 1.19201 0.138145 0.482835 0.343215 0.793719
0.620018 -0.73404 1.1961 0.139169 0.483939 0.343053 0.792938
0.618661 -0.735391 1.20013 0.14 0.485135 0.342745 0.792193
0.61734 -0.73666 1.20409 0.140647 0.486423 0.3423 0.791481
0.616059 -0.737848 1.20797 0.141116 0.4878 0.341728 0.790797
0.614821 -0.738959 1.21178 0.141415 0.489266 0.341038 0.790135
0.613628 -0.739996 1.21551 0.141554 0.490818 0.340241 0.789491
0.612484 -0.740961 1.21916 0.14154 0.492455 0.339347 0.788859
0.61139 -0.741856 1.22271 0.141381 0.494176 0.338363 0.788234
0.61035 -0.742686 1.22618 0.141086 0.495978 0.337301 0.787609
0.609367 -0.743452 1.22954 0.140662 0.497862 0.33617 0.78698
0.608442 -0.744157 1.23281 0.140118 0.499825 0.33498 0.78634
0.607579 -0.744804 1.23597 0.139463 0.501867 0.333739 0.785683
0.606781 -0.745397 1.23902 0.138705 0.503986 0.332459 0.785003
0.606048 -0.745937 1.24196 0.137853 0.506181 0.331148 0.784295
0.605385 -0.746428 1.24479 0.136915 0.508452 0.329816 0.783551
0.604793 -0.746872 1.24749 0.1359 0.510797 0.328474 0.782766
0.604275 -0.747272 1.25007 0.134818 0.513216 0.327131 0.781933
0.603832 -0.747631 1.25252 0.133677 0.515707 0.325797 0.781046
0.603467 -0.747952 1.25484 0.132486 0.518271 0.324483 0.780098
0.603183 -0.748236 1.25702 0.131254 0.520907 0.323198 0.779084
0.60298 -0.748487 1.25906 0.129992 0.523614 0.321953 0.777996
0.602861 -0.748708 1.26095 0.128708 0.526391 0.320758 0.776828
0.602827 -0.7489 1.2627 0.127412 0.529239 0.319624 0.775573
0.602881 -0.749066 1.2643 0.126113 0.532155 0.318562 0.774225
0.603023 -0.749209 1.26574 0.124822 0.535141 0.317583 0.772777
0.603255 -0.749332 1.26701 0.123548 0.538195 0.316697 0.771223
0.603579 -0.749436 1.26812 0.122301 0.541317 0.315917 0.769555
0.603995 -0.749524 1.26907 0.121091 0.544506 0.315253 0.767767
0.604504 -0.749599 1.26983 0.119929 0.54776 0.314718 0.765852
0.605107 -0.749663 1.27042 0.118823 0.551079 0.314322 0.763803
0.605804 -0.749718 1.27083 0.117786 0.554461 0.31408 0.761612
0.606597 -0.749768 1.27105 0.116827 0.557905 0.314002 0.759274
0.607484 -0.749814 1.27108 0.115956 0.561409 0.314101 0.756779
0.608466 -0.74986 1.27092 0.115183 0.56497 0.314392 0.754121
0.609537 -0.749903 1.27058 0.114511 0.568578 0.314863 0.75131
0.610689 -0.749942 1.27009 0.113941 0.572222 0.315503 0.748356
0.611918 -0.749975 1.26947 0.113475 0.57589 0.316303 0.74527
0.613215 -0.75 1.26874 0.113112 0.579571 0.317251 0.742061
0.614577 -0.750014 1.26793 0.112855 0.583256 0.318337 0.738741
0.615996 -0.750016 1.26706 0.112703 0.586932 0.31955 0.735321
0.617467 -0.750004 1.26615 0.112657 0.590589 0.320878 0.731813
0.618985 -0.749974 1.26523 0.112717 0.594218 0.32231 0.728228
0.620544 -0.749926 1.26432 0.112883 0.597808 0.323834 0.724578
0.622141 -0.749855 1.26344 0.113155 0.60135 0.325438 0.720877
0.623769 -0.749759 1.26261 0.11353 0.604835 0.32711 0.717137
0.625425 -0.749636 1.26186 0.11401 0.608253 0.328836 0.71337
0.627104 -0.749483 1.26122 0.114593 0.611597 0.330605 0.70959
0.628802 -0.749295 1.2607 0.115277 0.614857 0.332403 0.705812
0.630517 -0.74907 1.26033 0.116061 0.618028 0.334215 0.702048
0.632243 -0.748803 1.26013 0.116943 0.621101 0.33603 0.698314
0.633977 -0.74849 1.26013 0.11792 0.624069 0.337831 0.694624
0.635717 -0.748128 1.26035 0.118992 0.626927 0.339606 0.690993
0.637458 -0.74771 1.26081 0.120155 0.629668 0.34134 0.687436
0.639198 -0.747232 1.26154 0.121406 0.632287 0.343018 0.683968
0.640933 -0.746688 1.26256 0.122742 0.634779 0.344624 0.680606
0.642659 -0.746073 1.26389 0.12416 0.637138 0.346145 0.677365
0.644374 -0.745378 1.26556 0.125657 0.639361 0.347564 0.674261
0.646072 -0.744598 1.26758 0.127228 0.641442 0.348866 0.671311
0.647751 -0.743725 1.26999 0.128869 0.643377 0.350036 0.668531
0.649405 -0.74275 1.2728 0.130576 0.645162 0.351059 0.665938
0.651029 -0.741664 1.27603 0.132343 0.646793 0.351919 0.663549
0.652619 -0.740459 1.2797 0.134167 0.648265 0.3526 0.661381
0.654168 -0.739125 1.28384 0.13604 0.649575 0.353088 0.65945
0.655669 -0.73765 1.28847 0.137957 0.650718 0.353366 0.657774
0.657115 -0.736024 1.29361 0.139912 0.651688 0.35342 0.65637
0.658498 -0.734234 1.29927 0.141898 0.652481 0.353234 0.655255
0.659809 -0.732281 1.30543 0.143907 0.653105 0.352828 0.654414
0.661038 -0.730164 1.31208 0.145933 0.653569 0.352219 0.65383
0.662176 -0.727883 1.31919 0.147971 0.653881 0.351426 0.653486
0.663214 -0.725438 1.32674 0.150013 0.654049 0.35047 0.653366
0.664142 -0.722829 1.33472 0.152055 0.654079 0.349369 0.653453
0.664951 -0.720057 1.34308 0.154092 0.65398 0.348142 0.65373
0.66563 -0.717122 1.35183 0.156119 0.653757 0.34681 0.65418
0.666171 -0.714025 1.36093 0.158133 0.653419 0.345393 0.654784
0.666565 -0.710768 1.37035 0.160129 0.652972 0.34391 0.655525
0.666803 -0.70735 1.38009 0.162105 0.652424 0.342381 0.656384
0.666877 -0.703774 1.39011 0.164059 0.651781 0.340828 0.657345
0.666779 -0.700042 1.40039 0.165988 0.651053 0.339269 0.658388
0.666502 -0.696154 1.41092 0.167891 0.650246 0.337726 0.659495
0.666039 -0.692115 1.42166 0.169768 0.649369 0.336218 0.660648
0.665385 -0.687925 1.4326 0.171619 0.648431 0.334766 0.661828
0.664532 -0.683588 1.44371 0.173444 0.647441 0.333389 0.663015
0.663477 -0.679107 1.45496 0.175245 0.646408 0.332108 0.664191
0.662216 -0.674485 1.46635 0.177023 0.645343 0.330942 0.665336
0.660745 -0.669727 1.47784 0.178781 0.644256 0.329911 0.666431
0.659061 -0.664838 1.48941 0.180524 0.643158 0.329033 0.667455
0.657162 -0.659822 1.50104 0.182255 0.64206 0.328329 0.668388
0.655047 -0.654684 1.51271 0.183979 0.640974 0.327815 0.66921
0.652715 -0.649431 1.5244 0.185703 0.639912 0.327509 0.669899
0.650165 -0.64407 1.53608 0.187433 0.638886 0.32743 0.670435
0.647399 -0.638608 1.54774 0.189177 0.637911 0.327594 0.670793
0.644416 -0.633053 1.55935 0.190943 0.636998 0.328017 0.670953
0.64122 -0.627414 1.5709 0.192743 0.636162 0.328714 0.670891
0.637811 -0.621701 1.58236 0.194585 0.635417 0.329699 0.670582
0.634192 -0.615924 1.59371 0.196482 0.634775 0.330987 0.670002
0.630365 -0.610096 1.60494 0.198447 0.634251 0.332588 0.669126
0.626334 -0.604228 1.61603 0.200492 0.63386 0.334516 0.667925
0.622102 -0.598335 1.62696 0.202633 0.633613 0.336779 0.666374
0.61769 -0.592434 1.6377 0.204867 0.633507 0.339347 0.664486
0.613119 -0.586544 1.64821 0.20719 0.633534 0.342192 0.662278
0.608414 -0.580684 1.65845 0.209597 0.633687 0.345285 0.659764
0.603597 -0.574876 1.66841 0.21208 0.633959 0.348597 0.656962
0.598693 -0.569142 1.67804 0.21463 0.634343 0.352101 0.653887
0.593725 -0.563507 1.68733 0.217236 0.634831 0.355772 0.650557
0.588721 -0.557993 1.69624 0.219886 0.635415 0.359584 0.646991
0.583705 -0.552626 1.70477 0.222564 0.636086 0.363515 0.643208
0.578705 -0.54743 1.71287 0.225255 0.636837 0.367542 0.639228
0.573745 -0.542431 1.72055 0.227938 0.637658 0.371645 0.635072
0.568855 -0.537655 1.72777 0.230594 0.638543 0.375804 0.630762
0.56406 -0.533125 1.73452 0.233201 0.639481 0.380002 0.626323
0.559388 -0.528869 1.74079 0.235733 0.640465 0.384224 0.621777
0.554867 -0.524909 1.74655 0.238166 0.641486 0.388454 0.617151
0.550524 -0.521271 1.7518 0.240473 0.642536 0.392681 0.612471
0.546386 -0.517978 1.75652 0.242624 0.643607 0.396894 0.607765
0.542482 -0.515052 1.7607 0.244591 0.644691 0.401081 0.603061
0.538837 -0.512518 1.76431 0.246342 0.645779 0.405235 0.598389
0.535478 -0.510394 1.76736 0.247846 0.646863 0.409349 0.59378
0.532433 -0.508703 1.7698 0.249071 0.647934 0.413416 0.589264
0.529727 -0.507462 1.77164 0.249985 0.648984 0.417429 0.584876
0.527386 -0.506691 1.77285 0.250556 0.650003 0.421384 0.580649
0.525435 -0.506405 1.77341 0.25075 0.650982 0.425276 0.576617
0.523899 -0.50662 1.77329 0.250536 0.651909 0.4291 0.572817
0.522799 -0.507349 1.77247 0.249882 0.652775 0.43285 0.569284
0.52216 -0.508604 1.77091 0.248757 0.653567 0.436519 0.566057
0.522002 -0.510395 1.7686 0.247132 0.654271 0.440102 0.563174
0.522345 -0.512729 1.76548 0.244979 0.654874 0.443588 0.560674
0.523207 -0.515611 1.76152 0.242272 0.655358 0.446967 0.558598
0.524606 -0.519042 1.75668 0.238987 0.655705 0.450225 0.556986
0.526555 -0.523023 1.75091 0.235102 0.655898 0.453347 0.55588
0.529067 -0.527548 1.74415 0.2306 0.655913 0.456311 0.555322
0.532097 -0.532565 1.73643 0.225521 0.655745 0.459112 0.555297
0.535599 -0.538022 1.72777 0.219907 0.655389 0.46174 0.555789
0.539525 -0.543864 1.71819 0.213804 0.65484 0.464183 0.556783
0.54383 -0.550037 1.70771 0.207256 0.654092 0.466429 0.558258
0.548464 -0.556486 1.69636 0.200313 0.653143 0.468464 0.560196
0.553378 -0.563155 1.68417 0.193022 0.651991 0.470276 0.562576
0.558526 -0.569991 1.67115 0.185433 0.650634 0.471849 0.565375
0.563859 -0.576938 1.65735 0.177595 0.649073 0.473173 0.568569
0.56933 -0.583945 1.64279 0.169557 0.647313 0.474235 0.572135
0.574893 -0.590959 1.62751 0.161369 0.645357 0.475024 0.576044
0.580502 -0.597931 1.61154 0.153078 0.643213 0.475534 0.580268
0.586115 -0.604812 1.59495 0.144732 0.64089 0.475758 0.58478
0.591688 -0.611559 1.57776 0.136375 0.638399 0.475692 0.589547
0.597183 -0.618129 1.56004 0.128051 0.635754 0.475335 0.594539
0.602562 -0.624482 1.54184 0.119801 0.632968 0.47469 0.599723
0.60779 -0.630583 1.52323 0.111664 0.630061 0.473762 0.605065
0.612837 -0.6364 1.50426 0.103675 0.627048 0.47256 0.610532
0.617672 -0.641906 1.48501 0.0958683 0.623951 0.471094 0.616088
0.622272 -0.647078 1.46555 0.0882722 0.62079 0.46938 0.6217
0.626613 -0.651897 1.44595 0.0809134 0.617586 0.467436 0.627331
0.630679 -0.656349 1.4263 0.0738147 0.614363 0.465284 0.632946
0.634456 -0.660425 1.40667 0.0669953 0.611142 0.462947 0.638512
0.637932 -0.664121 1.38716 0.0604711 0.607947 0.460452 0.643993
0.641101 -0.667437 1.36784 0.0542542 0.604802 0.45783 0.649356
0.643962 -0.670381 1.34881 0.0483535 0.601727 0.455113 0.654567
0.646514 -0.672961 1.33015 0.0427747 0.598747 0.452334 0.659595
0.648763 -0.675192 1.31195 0.0375203 0.595883 0.449531 0.664407
0.650718 -0.677094 1.29431 0.0325904 0.593157 0.446741 0.668973
0.652388 -0.67869 1.27731 0.0279825 0.590588 0.444003 0.673264
0.65379 -0.680006 1.26105 0.0236921 0.588198 0.441357 0.677249
0.654938 -0.681071 1.24561 0.0197132 0.586004 0.438844 0.680901
0.655851 -0.681919 1.23108 0.0160385 0.584026 0.436505 0.684193
0.656566 -0.682583 1.21736 0.0126211 0.582236 0.434325 0.687171
0.657112 -0.683092 1.20433 0.00941861 0.58061 0.432285 0.689879
0.657516 -0.683465 1.19188 0.00639276 0.579118 0.430363 0.692365
0.657796 -0.68372 1.1799 0.00350898 0.577733 0.428533 0.694674
0.65797 -0.683865 1.16826 0.000735826 0.576427 0.426768 0.69685
0.658048 -0.683905 1.15684 -0.00195528 0.575173 0.425037 0.698939
0.658005 -0.683924 1.14702 -0.00431997 0.574285 0.423731 0.70045
0.657843 -0.684048 1.14016 -0.00613144 0.574078 0.423258 0.700892
0.657627 -0.684233 1.13479 -0.00767379 0.574209 0.423205 0.700802
0.657393 -0.684393 1.12942 -0.00921735 0.574335 0.423148 0.700713
0.657141 -0.684528 1.12404 -0.0107621 0.574458 0.423089 0.700627
0.65687 -0.684639 1.11866 -0.012308 0.574576 0.423025 0.700543
0.656581 -0.684748 1.11353 -0.0138113 0.574747 0.423031 0.700371
0.656274 -0.684879 1.10889 -0.0152287 0.57503 0.423179 0.700021
0.655955 -0.685063 1.105 -0.0165166 0.57548 0.423543 0.699401
0.655628 -0.685332 1.1021 -0.0176306 0.576157 0.424196 0.69842
0.655299 -0.685674 1.09999 -0.0186066 0.577011 0.425075 0.697154
0.654968 -0.686072 1.09843 -0.0194805 0.577992 0.426115 0.69568
0.654636 -0.686507 1.09722 -0.0202888 0.57905 0.427254 0.694078
0.654301 -0.686957 1.09613 -0.0210697 0.580135 0.428426 0.692424
0.653964 -0.687427 1.0952 -0.0218164 0.581254 0.42964 0.690708
0.653625 -0.68792 1.09446 -0.022522 0.582414 0.430906 0.688917
0.653285 -0.68844 1.09394 -0.0231791 0.583623 0.432231 0.687039
0.652943 -0.688992 1.09366 -0.0237799 0.584889 0.433623 0.685062
0.652599 -0.689572 1.09361 -0.0243286 0.586204 0.435073 0.682997
0.652253 -0.690178 1.09374 -0.0248295 0.587561 0.436571 0.680853
0.651904 -0.690807 1.09403 -0.0252872 0.588953 0.438107 0.678643
0.651552 -0.691456 1.09445 -0.0257066 0.590373 0.439672 0.676378
0.651196 -0.69212 1.09496 -0.0260932 0.591814 0.441257 0.674068
0.650837 -0.692798 1.09554 -0.0264527 0.593268 0.442853 0.671725
0.650474 -0.693484 1.09614 -0.0267911 0.594728 0.44445 0.669362
0.650107 -0.694176 1.09675 -0.0271151 0.596186 0.44604 0.66699
0.649736 -0.694875 1.09736 -0.0274246 0.597643 0.447624 0.664608
0.649362 -0.695579 1.09797 -0.0277197 0.599098 0.4492 0.662218
0.648983 -0.696289 1.09858 -0.0280003 0.600552 0.450769 0.659819
0.648601 -0.697004 1.09919 -0.0282666 0.602004 0.452332 0.657411
0.648215 -0.697726 1.0998 -0.0285183 0.603454 0.453887 0.654994
0.647825 -0.698454 1.10042 -0.0287557 0.604902 0.455435 0.652568
0.647431 -0.699187 1.10103 -0.0289787 0.606349 0.456976 0.650134
0.647034 -0.699926 1.10165 -0.0291872 0.607793 0.458509 0.647692
0.646632 -0.700672 1.10227 -0.0293814 0.609236 0.460035 0.645241
0.646227 -0.701423 1.10289 -0.0295611 0.610677 0.461554 0.642781
0.645819 -0.70218 1.10351 -0.0297265 0.612115 0.463066 0.640314
0.645406 -0.702943 1.10413 -0.0298775 0.613551 0.46457 0.637838
0.64499 -0.703712 1.10476 -0.0300141 0.614986 0.466066 0.635353
0.64457 -0.704488 1.10539 -0.0301364 0.616417 0.467556 0.632861
0.644146 -0.705269 1.10601 -0.0302443 0.617847 0.469037 0.630361
0.643719 -0.706056 1.10664 -0.030338 0.619274 0.470511 0.627852
0.643287 -0.706849 1.10728 -0.0304173 0.620699 0.471978 0.625336
0.642853 -0.707648 1.10791 -0.0304823 0.622121 0.473437 0.622811
0.642414 -0.708452 1.10854 -0.030533 0.623541 0.474888 0.620279
0.641972 -0.709263 1.10918 -0.0305694 0.624958 0.476331 0.617739
0.641526 -0.71008 1.10982 -0.0305915 0.626372 0.477767 0.615192
0.641077 -0.710903 1.11046 -0.0305995 0.627783 0.479195 0.612637
0.640624 -0.711732 1.11111 -0.0305931 0.629192 0.480615 0.610074
0.640168 -0.712567 1.11175 -0.0305726 0.630598 0.482028 0.607504
0.639707 -0.713408 1.1124 -0.0305378 0.632001 0.483432 0.604926
0.639244 -0.714255 1.11305 -0.0304889 0.633401 0.484829 0.602341
0.638776 -0.715108 1.11371 -0.0304258 0.634798 0.486217 0.599749
0.638305 -0.715966 1.11436 -0.0303485 0.636192 0.487598 0.59715
0.637831 -0.716831 1.11502 -0.0302571 0.637582 0.488971 0.594543
0.637353 -0.717702 1.11568 -0.0301516 0.63897 0.490335 0.591929
0.636872 -0.718579 1.11634 -0.030032 0.640354 0.491692 0.589308
0.636387 -0.719462 1.11701 -0.0298983 0.641735 0.49304 0.586681
0.635898 -0.72035 1.11768 -0.0297506 0.643112 0.49438 0.584046
0.635406 -0.721245 1.11835 -0.0295888 0.644486 0.495713 0.581405
0.634911 -0.722146 1.11902 -0.029413 0.645856 0.497037 0.578757
0.634412 -0.723052 1.1197 -0.0292232 0.647223 0.498352 0.576102
0.63391 -0.723965 1.12038 -0.0290194 0.648586 0.49966 0.57344
0.633404 -0.724884 1.12107 -0.0288016 0.649946 0.500959 0.570772
0.632895 -0.725808 1.12175 -0.02857 0.651301 0.50225 0.568098
0.632382 -0.726738 1.12244 -0.0283244 0.652653 0.503533 0.565417
0.631866 -0.727675 1.12313 -0.0280649 0.654001 0.504807 0.56273
0.631346 -0.728617 1.12383 -0.0277916 0.655345 0.506073 0.560036
0.630824 -0.729565 1.12453 -0.0275044 0.656685 0.50733 0.557336
0.630297 -0.730519 1.12523 -0.0272035 0.658021 0.508579 0.55463
0.629768 -0.731479 1.12594 -0.0268887 0.659353 0.50982 0.551918
0.629235 -0.732445 1.12665 -0.0265602 0.660681 0.511052 0.5492
0.628699 -0.733417 1.12736 -0.0262179 0.662005 0.512276 0.546476
0.628159 -0.734394 1.12808 -0.025862 0.663324 0.513491 0.543746
0.627616 -0.735377 1.1288 -0.0254924 0.664638 0.514697 0.541011
0.62707 -0.736367 1.12952 -0.0251091 0.665949 0.515895 0.538269
0.626521 -0.737362 1.13025 -0.0247122 0.667255 0.517084 0.535522
0.625968 -0.738362 1.13098 -0.0243017 0.668556 0.518265 0.532769
0.625412 -0.739369 1.13172 -0.0238776 0.669853 0.519437 0.530011
0.624853 -0.740381 1.13246 -0.02344 0.671145 0.520601 0.527247
0.624291 -0.741399 1.1332 -0.0229889 0.672432 0.521755 0.524478
0.623725 -0.742423 1.13395 -0.0225243 0.673715 0.522902 0.521704
0.623156 -0.743453 1.1347 -0.0220462 0.674993 0.524039 0.518924
0.622584 -0.744488 1.13546 -0.0215548 0.676266 0.525167 0.516139
0.622009 -0.745529 1.13622 -0.02105 0.677534 0.526287 0.513348
0.62143 -0.746575 1.13698 -0.0205318 0.678797 0.527398 0.510553
0.620849 -0.747628 1.13775 -0.0200003 0.680055 0.528501 0.507753
0.620264 -0.748685 1.13853 -0.0194555 0.681307 0.529594 0.504948
0.619676 -0.749749 1.13931 -0.0188975 0.682555 0.530679 0.502137
