0.557481 -0.0386832 1.8192 0.677268 0.259843 0.285045 -0.626529
0.5577 -0.0387448 1.81906 0.676856 0.260112 0.285496 -0.626658
0.557919 -0.0388063 1.81891 0.676444 0.26038 0.285947 -0.626786
0.558139 -0.0388676 1.81877 0.676031 0.260648 0.286397 -0.626914
0.558358 -0.0389287 1.81862 0.675619 0.260916 0.286848 -0.627041
0.558577 -0.0389897 1.81848 0.675206 0.261184 0.287299 -0.627168
0.558796 -0.0390505 1.81833 0.674793 0.261451 0.28775 -0.627294
0.559015 -0.0391112 1.81819 0.674379 0.261719 0.2882 -0.62742
0.559233 -0.0391717 1.81804 0.673966 0.261985 0.288651 -0.627546
0.559452 -0.0392321 1.8179 0.673552 0.262252 0.289102 -0.627671
0.559671 -0.0392923 1.81775 0.673138 0.262519 0.289553 -0.627796
0.55989 -0.0393524 1.81761 0.672724 0.262785 0.290004 -0.627921
0.560109 -0.0394123 1.81746 0.67231 0.263051 0.290455 -0.628045
0.560328 -0.039472 1.81732 0.671895 0.263317 0.290906 -0.628168
0.560546 -0.0395316 1.81717 0.67148 0.263582 0.291357 -0.628291
0.560765 -0.039591 1.81702 0.671065 0.263847 0.291808 -0.628414
0.560984 -0.0396503 1.81688 0.67065 0.264112 0.292259 -0.628537
0.561202 -0.0397094 1.81673 0.670234 0.264377 0.29271 -0.628658
0.561421 -0.0397684 1.81658 0.669819 0.264642 0.293161 -0.62878
0.561639 -0.0398272 1.81644 0.669403 0.264906 0.293612 -0.628901
0.561858 -0.0398859 1.81629 0.668987 0.26517 0.294063 -0.629022
0.562076 -0.0399444 1.81614 0.66857 0.265434 0.294514 -0.629142
0.562294 -0.0400027 1.81599 0.668154 0.265698 0.294966 -0.629262
0.562513 -0.0400609 1.81585 0.667737 0.265961 0.295417 -0.629381
0.562731 -0.0401189 1.8157 0.66732 0.266224 0.295868 -0.6295
0.562949 -0.0401768 1.81555 0.666903 0.266487 0.296319 -0.629619
0.563168 -0.0402345 1.8154 0.666486 0.266749 0.29677 -0.629737
0.563386 -0.040292 1.81525 0.666068 0.267012 0.297222 -0.629855
0.563604 -0.0403494 1.8151 0.66565 0.267274 0.297673 -0.629972
0.563822 -0.0404067 1.81496 0.665232 0.267536 0.298124 -0.630089
0.56404 -0.0404637 1.81481 0.664814 0.267798 0.298576 -0.630206
0.564258 -0.0405207 1.81466 0.664396 0.268059 0.299027 -0.630322
0.564476 -0.0405774 1.81451 0.663977 0.26832 0.299478 -0.630437
0.564694 -0.040634 1.81436 0.663558 0.268581 0.29993 -0.630553
0.564912 -0.0406906 1.81421 0.663139 0.268842 0.300385 -0.630667
0.565127 -0.040747 1.81405 0.662717 0.269104 0.300846 -0.630778
0.56534 -0.0408035 1.81389 0.662292 0.269367 0.301319 -0.630887
0.56555 -0.04086 1.81373 0.661863 0.269631 0.301805 -0.630992
0.565755 -0.0409166 1.81356 0.661429 0.269898 0.302309 -0.631092
0.565956 -0.0409734 1.81338 0.660989 0.270166 0.302834 -0.631186
0.566151 -0.0410303 1.81319 0.660543 0.270438 0.303383 -0.631273
0.566339 -0.0410874 1.81299 0.660089 0.270712 0.30396 -0.631353
0.56652 -0.0411448 1.81278 0.659626 0.270991 0.304568 -0.631424
0.566692 -0.0412024 1.81255 0.659154 0.271273 0.305212 -0.631485
0.566856 -0.0412602 1.81231 0.658671 0.27156 0.305893 -0.631536
0.567009 -0.0413184 1.81205 0.658176 0.271851 0.306617 -0.631575
0.567152 -0.0413768 1.81177 0.657669 0.272148 0.307385 -0.631602
0.567283 -0.0414355 1.81148 0.657149 0.27245 0.308202 -0.631615
0.567402 -0.0414945 1.81116 0.656614 0.272758 0.309072 -0.631613
0.567507 -0.0415538 1.81082 0.656064 0.273073 0.309997 -0.631596
0.5676 -0.0416132 1.81046 0.655499 0.273393 0.310974 -0.631564
0.567681 -0.0416728 1.81008 0.65492 0.273719 0.311999 -0.631517
0.567752 -0.0417323 1.80968 0.654329 0.274049 0.31307 -0.631457
0.567812 -0.0417917 1.80926 0.653726 0.274384 0.314181 -0.631384
0.567862 -0.0418509 1.80883 0.653111 0.274722 0.315331 -0.6313
0.567904 -0.0419099 1.80839 0.652487 0.275064 0.316515 -0.631204
0.567939 -0.0419685 1.80793 0.651853 0.275409 0.31773 -0.631098
0.567966 -0.0420268 1.80745 0.651211 0.275757 0.318972 -0.630983
0.567987 -0.0420845 1.80697 0.650562 0.276106 0.320238 -0.630859
0.568003 -0.0421417 1.80648 0.649906 0.276457 0.321524 -0.630727
0.568014 -0.0421983 1.80598 0.649244 0.276809 0.322828 -0.630588
0.568022 -0.0422543 1.80548 0.648578 0.277162 0.324144 -0.630443
0.568 -0.0423104 1.80492 0.647877 0.277527 0.325581 -0.630262
0.567922 -0.0423672 1.80427 0.647112 0.277919 0.327246 -0.630014
0.567763 -0.042425 1.80348 0.646252 0.278347 0.329245 -0.629666
0.56763 -0.0424547 1.803 0.645759 0.278587 0.330465 -0.629427
0.567496 -0.0424839 1.80251 0.645265 0.278825 0.331684 -0.629186
0.567335 -0.0425132 1.80198 0.64474 0.279076 0.333013 -0.628911
0.567173 -0.042542 1.80144 0.644214 0.279325 0.334342 -0.628634
0.566957 -0.0425712 1.80082 0.643624 0.279599 0.33589 -0.628291
0.566741 -0.0425997 1.80019 0.643034 0.279873 0.337438 -0.627945
0.566524 -0.0426274 1.79956 0.642443 0.280145 0.338984 -0.627596
0.566307 -0.0426544 1.79893 0.64185 0.280416 0.34053 -0.627244
0.566089 -0.0426807 1.7983 0.641256 0.280686 0.342074 -0.62689
0.565871 -0.0427062 1.79766 0.640662 0.280956 0.343617 -0.626533
0.565652 -0.042731 1.79703 0.640066 0.281224 0.34516 -0.626173
0.565432 -0.042755 1.79639 0.63947 0.281492 0.346701 -0.625811
0.565212 -0.0427783 1.79575 0.638872 0.281758 0.348241 -0.625446
0.564992 -0.0428008 1.79511 0.638273 0.282024 0.34978 -0.625079
0.56477 -0.0428225 1.79447 0.637673 0.282289 0.351318 -0.624709
0.564549 -0.0428435 1.79383 0.637073 0.282553 0.352855 -0.624336
0.564326 -0.0428637 1.79318 0.636471 0.282816 0.354391 -0.623961
0.564104 -0.0428831 1.79254 0.635868 0.283078 0.355926 -0.623583
0.56388 -0.0429017 1.79189 0.635264 0.283339 0.35746 -0.623202
0.563656 -0.0429195 1.79124 0.63466 0.283599 0.358993 -0.622819
0.563432 -0.0429366 1.79059 0.634054 0.283858 0.360524 -0.622433
0.563206 -0.0429528 1.78994 0.633447 0.284117 0.362055 -0.622044
0.562981 -0.0429682 1.78929 0.632839 0.284374 0.363584 -0.621653
0.562754 -0.0429828 1.78863 0.63223 0.284631 0.365112 -0.62126
0.562528 -0.0429966 1.78798 0.63162 0.284887 0.366639 -0.620863
0.5623 -0.0430096 1.78732 0.63101 0.285142 0.368165 -0.620464
0.562072 -0.0430218 1.78666 0.630398 0.285395 0.36969 -0.620063
0.561843 -0.0430331 1.786 0.629785 0.285648 0.371213 -0.619659
0.561614 -0.0430436 1.78534 0.629171 0.285901 0.372736 -0.619252
0.561384 -0.0430533 1.78468 0.628556 0.286152 0.374257 -0.618843
0.561154 -0.0430621 1.78401 0.62794 0.286402 0.375777 -0.618431
0.560923 -0.0430701 1.78335 0.627324 0.286652 0.377296 -0.618016
0.560694 -0.0430729 1.78277 0.626823 0.286847 0.378596 -0.617638
0.560464 -0.0430752 1.78219 0.626322 0.287042 0.379895 -0.617259
0.560234 -0.0430768 1.78162 0.625819 0.287235 0.381193 -0.616877
0.560004 -0.0430779 1.78104 0.625317 0.287429 0.38249 -0.616494
0.559773 -0.0430784 1.78046 0.624813 0.287622 0.383787 -0.616109
0.559542 -0.0430784 1.77988 0.624309 0.287814 0.385082 -0.615722
0.55931 -0.0430777 1.7793 0.623804 0.288005 0.386377 -0.615333
0.559078 -0.0430764 1.77872 0.623298 0.288196 0.38767 -0.614942
0.558846 -0.0430746 1.77813 0.622792 0.288387 0.388963 -0.61455
0.558613 -0.0430721 1.77755 0.622284 0.288577 0.390255 -0.614155
0.558379 -0.0430691 1.77696 0.621777 0.288766 0.391546 -0.613759
0.558145 -0.0430654 1.77637 0.621268 0.288954 0.392836 -0.613361
0.557911 -0.0430611 1.77579 0.620759 0.289142 0.394125 -0.612961
0.557676 -0.0430563 1.7752 0.620248 0.28933 0.395413 -0.612559
0.557441 -0.0430508 1.77461 0.619738 0.289517 0.3967 -0.612155
0.557205 -0.0430447 1.77402 0.619226 0.289703 0.397986 -0.61175
0.556969 -0.043038 1.77343 0.618714 0.289889 0.399272 -0.611342
0.556732 -0.0430306 1.77283 0.618201 0.290074 0.400556 -0.610933
0.556495 -0.0430227 1.77224 0.617687 0.290259 0.401839 -0.610522
0.556258 -0.0430141 1.77164 0.617173 0.290443 0.403122 -0.610109
0.556019 -0.0430049 1.77105 0.616658 0.290626 0.404403 -0.609695
0.555781 -0.0429951 1.77045 0.616142 0.290809 0.405683 -0.609278
0.555542 -0.0429846 1.76985 0.615626 0.290991 0.406963 -0.60886
0.555303 -0.0429735 1.76925 0.615108 0.291173 0.408241 -0.60844
0.555063 -0.0429618 1.76865 0.61459 0.291354 0.409519 -0.608018
0.554822 -0.0429494 1.76805 0.614072 0.291535 0.410795 -0.607594
0.554581 -0.0429364 1.76745 0.613552 0.291715 0.412071 -0.607168
0.55434 -0.0429227 1.76685 0.613032 0.291895 0.413345 -0.606741
0.554098 -0.0429084 1.76624 0.612512 0.292074 0.414619 -0.606311
0.553856 -0.0428935 1.76564 0.61199 0.292252 0.415891 -0.60588
0.553613 -0.0428779 1.76503 0.611468 0.29243 0.417163 -0.605447
0.55337 -0.0428616 1.76443 0.610945 0.292607 0.418433 -0.605013
0.553126 -0.0428447 1.76382 0.610422 0.292784 0.419703 -0.604576
0.552882 -0.0428271 1.76321 0.609897 0.29296 0.420971 -0.604138
0.552637 -0.0428089 1.7626 0.609372 0.293136 0.422239 -0.603698
0.552392 -0.04279 1.76199 0.608847 0.293311 0.423505 -0.603256
0.552146 -0.0427705 1.76138 0.60832 0.293486 0.424771 -0.602812
0.5519 -0.0427502 1.76076 0.607793 0.29366 0.426035 -0.602367
0.551654 -0.0427293 1.76015 0.607266 0.293833 0.427298 -0.601919
0.551407 -0.0427078 1.75953 0.606737 0.294006 0.428561 -0.60147
0.551159 -0.0426855 1.75892 0.606208 0.294179 0.429822 -0.601019
0.550911 -0.0426626 1.7583 0.605678 0.29435 0.431082 -0.600566
0.550538 -0.0426269 1.75738 0.604882 0.294607 0.43297 -0.599884
0.550163 -0.0425898 1.75645 0.604085 0.294863 0.434856 -0.599198
0.549913 -0.0425641 1.75583 0.603552 0.295033 0.436112 -0.598738
0.549663 -0.0425378 1.7552 0.603019 0.295202 0.437367 -0.598276
0.549412 -0.0425107 1.75458 0.602485 0.295371 0.438621 -0.597813
0.549034 -0.0424689 1.75365 0.601683 0.295623 0.440499 -0.597114
0.548655 -0.0424255 1.75271 0.600879 0.295874 0.442376 -0.596412
0.548398 -0.0423926 1.75209 0.600344 0.296044 0.443625 -0.595938
0.548141 -0.0423591 1.75146 0.599808 0.296213 0.444874 -0.595463
0.547883 -0.0423249 1.75084 0.599271 0.296382 0.446122 -0.594985
0.547617 -0.0422839 1.75022 0.598736 0.296558 0.447369 -0.5945
0.54735 -0.0422422 1.74959 0.598201 0.296733 0.448615 -0.594012
0.547083 -0.0421998 1.74897 0.597665 0.296907 0.44986 -0.593523
0.546804 -0.0421476 1.74835 0.597132 0.297091 0.451104 -0.593022
0.546524 -0.0420947 1.74774 0.596598 0.297275 0.452348 -0.592519
0.546244 -0.0420411 1.74712 0.596064 0.297458 0.453591 -0.592015
0.545948 -0.0419748 1.74651 0.595535 0.297654 0.454833 -0.591495
0.545652 -0.0419077 1.7459 0.595005 0.29785 0.456075 -0.590974
0.545355 -0.0418399 1.74529 0.594474 0.298045 0.457316 -0.590451
0.545039 -0.0417564 1.74469 0.593949 0.298256 0.458557 -0.58991
0.544722 -0.0416721 1.74409 0.593423 0.298467 0.459797 -0.589367
0.544405 -0.0415872 1.74349 0.592897 0.298677 0.461036 -0.588822
0.544064 -0.0414835 1.7429 0.592378 0.298906 0.462276 -0.588255
0.543724 -0.0413791 1.74231 0.591859 0.299135 0.463515 -0.587686
0.543383 -0.0412741 1.74172 0.591339 0.299363 0.464753 -0.587116
0.543014 -0.0411473 1.74115 0.590827 0.299614 0.465992 -0.58652
0.542646 -0.0410199 1.74058 0.590315 0.299864 0.467231 -0.585923
0.542277 -0.0408918 1.74 0.589802 0.300113 0.468468 -0.585324
0.541878 -0.0407391 1.73945 0.589299 0.300388 0.469707 -0.584696
0.541478 -0.0405857 1.73889 0.588795 0.300662 0.470945 -0.584066
0.541078 -0.0404317 1.73833 0.588291 0.300935 0.472183 -0.583434
0.540644 -0.0402502 1.7378 0.587798 0.301237 0.473422 -0.582771
0.540209 -0.0400681 1.73726 0.587304 0.301538 0.474661 -0.582105
0.539774 -0.0398854 1.73672 0.586809 0.301838 0.475899 -0.581437
0.539301 -0.0396723 1.7362 0.586327 0.30217 0.47714 -0.580734
0.538828 -0.0394586 1.73569 0.585844 0.3025 0.478379 -0.580029
0.538355 -0.0392444 1.73517 0.585361 0.302829 0.479619 -0.579321
0.53784 -0.038997 1.73468 0.584891 0.303193 0.480861 -0.578575
0.537325 -0.0387492 1.73419 0.58442 0.303556 0.482103 -0.577827
0.536809 -0.0385008 1.73369 0.583949 0.303917 0.483344 -0.577076
0.536249 -0.0382165 1.73322 0.583493 0.304316 0.484589 -0.576283
0.535688 -0.0379319 1.73276 0.583035 0.304713 0.485834 -0.575487
0.535127 -0.0376468 1.73229 0.582577 0.305109 0.487078 -0.574689
0.534517 -0.0373231 1.73185 0.582135 0.305545 0.488326 -0.573845
0.533908 -0.0369991 1.73141 0.581692 0.305979 0.489574 -0.572999
0.533298 -0.0366748 1.73096 0.581249 0.306411 0.490822 -0.57215
0.532635 -0.0363093 1.73055 0.580822 0.306887 0.492075 -0.571251
0.531972 -0.0359436 1.73014 0.580395 0.30736 0.493328 -0.57035
0.53131 -0.0355778 1.72973 0.579966 0.307832 0.494581 -0.569446
0.530591 -0.0351682 1.72935 0.579556 0.308349 0.49584 -0.568488
0.529871 -0.0347586 1.72897 0.579145 0.308863 0.497098 -0.567528
0.529152 -0.034349 1.72858 0.578732 0.309376 0.498357 -0.566565
0.528373 -0.0338932 1.72824 0.578339 0.309936 0.499623 -0.565545
0.527594 -0.0334376 1.72789 0.577944 0.310494 0.500889 -0.564521
0.526815 -0.0329822 1.72754 0.577549 0.31105 0.502154 -0.563495
0.526183 -0.0326042 1.7273 0.577267 0.311505 0.50311 -0.562679
0.525551 -0.0322265 1.72707 0.576985 0.311958 0.504066 -0.561862
0.524919 -0.031849 1.72683 0.576702 0.312409 0.505021 -0.561043
0.524286 -0.0314717 1.72659 0.576418 0.312859 0.505977 -0.560222
0.523604 -0.0310563 1.72638 0.57615 0.313349 0.50694 -0.559352
0.522921 -0.0306412 1.72617 0.575881 0.313837 0.507904 -0.558481
0.522238 -0.0302266 1.72596 0.575612 0.314323 0.508867 -0.557608
0.521555 -0.0298124 1.72575 0.575341 0.314808 0.509831 -0.556733
0.520819 -0.0293583 1.72557 0.575087 0.315334 0.510802 -0.555806
0.520083 -0.0289048 1.72538 0.574832 0.315859 0.511774 -0.554877
0.519346 -0.028452 1.7252 0.574576 0.316381 0.512747 -0.553946
0.51861 -0.0279997 1.72501 0.574319 0.316901 0.513719 -0.553013
0.517818 -0.027506 1.72486 0.574079 0.317465 0.514701 -0.552026
0.517025 -0.0270132 1.7247 0.573838 0.318027 0.515683 -0.551036
0.516232 -0.0265212 1.72455 0.573595 0.318586 0.516666 -0.550044
0.51544 -0.0260299 1.72439 0.573351 0.319142 0.517649 -0.549049
0.514588 -0.0254959 1.72426 0.573125 0.319744 0.518643 -0.547997
0.513736 -0.024963 1.72413 0.572898 0.320344 0.519637 -0.546942
0.512884 -0.024431 1.72401 0.572669 0.320941 0.520631 -0.545885
0.512032 -0.0239001 1.72387 0.572438 0.321535 0.521627 -0.544826
0.5113 -0.0234401 1.7238 0.572268 0.322048 0.522432 -0.543929
0.510569 -0.0229809 1.72372 0.572097 0.322559 0.523238 -0.543031
0.509838 -0.0225226 1.72364 0.571925 0.323068 0.524044 -0.542131
0.509106 -0.022065 1.72356 0.571752 0.323575 0.524851 -0.54123
0.508374 -0.0216083 1.72347 0.571578 0.32408 0.525659 -0.540327
0.507591 -0.0211153 1.72342 0.571419 0.324625 0.526476 -0.539372
0.506807 -0.0206233 1.72336 0.571258 0.325167 0.527294 -0.538416
0.506023 -0.0201323 1.72331 0.571096 0.325707 0.528113 -0.537458
0.50524 -0.0196423 1.72325 0.570933 0.326245 0.528932 -0.536498
0.504456 -0.0191534 1.72319 0.570769 0.326781 0.529753 -0.535536
0.503617 -0.0186272 1.72316 0.57062 0.327356 0.530584 -0.53452
0.502779 -0.0181023 1.72312 0.570469 0.32793 0.531416 -0.533503
0.50194 -0.0175787 1.72309 0.570316 0.328501 0.532248 -0.532483
0.501102 -0.0170563 1.72305 0.570163 0.32907 0.533082 -0.531461
0.500263 -0.0165352 1.72301 0.570008 0.329637 0.533917 -0.530437
0.499367 -0.0159761 1.72301 0.569868 0.330244 0.534763 -0.529356
0.498471 -0.0154185 1.723 0.569726 0.330849 0.535611 -0.528273
0.497575 -0.0148625 1.72298 0.569582 0.331451 0.53646 -0.527188
0.496679 -0.0143079 1.72297 0.569437 0.33205 0.53731 -0.526101
0.495783 -0.0137549 1.72295 0.569291 0.332648 0.538161 -0.525012
0.494828 -0.0131633 1.72297 0.569159 0.333286 0.539024 -0.523862
0.493872 -0.0125735 1.72298 0.569025 0.333922 0.53989 -0.52271
0.492916 -0.0119855 1.72299 0.568889 0.334555 0.540756 -0.521556
0.49196 -0.0113992 1.723 0.568752 0.335185 0.541624 -0.5204
0.491004 -0.0108148 1.723 0.568612 0.335812 0.542493 -0.519241
0.490156 -0.0102951 1.72303 0.568508 0.33637 0.543229 -0.518223
0.489307 -0.00977686 1.72306 0.568403 0.336926 0.543966 -0.517204
0.488459 -0.0092601 1.72309 0.568296 0.33748 0.544705 -0.516182
0.48761 -0.00874478 1.72312 0.568187 0.338032 0.545444 -0.515159
0.486761 -0.00823092 1.72314 0.568078 0.338581 0.546184 -0.514134
0.485912 -0.00771849 1.72316 0.567966 0.339128 0.546925 -0.513107
0.48501 -0.00717304 1.72321 0.567867 0.339712 0.54768 -0.512026
0.484107 -0.00662928 1.72326 0.567766 0.340292 0.548435 -0.510942
0.483204 -0.00608721 1.7233 0.567663 0.340871 0.549192 -0.509857
0.482301 -0.00554683 1.72334 0.567559 0.341447 0.549949 -0.50877
0.481398 -0.00500814 1.72339 0.567453 0.342021 0.550708 -0.507681
0.480494 -0.00447114 1.72342 0.567345 0.342592 0.551469 -0.50659
0.479535 -0.00390093 1.72349 0.567249 0.343199 0.552243 -0.505441
0.478576 -0.00333269 1.72355 0.567151 0.343804 0.553019 -0.504291
0.477617 -0.0027664 1.72361 0.567051 0.344407 0.553796 -0.503138
0.476657 -0.00220208 1.72367 0.566949 0.345006 0.554574 -0.501983
0.475697 -0.0016397 1.72373 0.566845 0.345603 0.555354 -0.500826
0.474737 -0.00107928 1.72379 0.566739 0.346197 0.556135 -0.499668
0.473865 -0.000570295 1.72386 0.566658 0.346738 0.556818 -0.498623
0.472992 -6.29712e-05 1.72393 0.566576 0.347277 0.557502 -0.497577
0.47212 0.000442698 1.72399 0.566491 0.347814 0.558187 -0.496529
0.471247 0.000946714 1.72406 0.566406 0.348348 0.558873 -0.495479
0.470374 0.00144908 1.72412 0.566318 0.348881 0.55956 -0.494428
0.469501 0.0019498 1.72418 0.566229 0.349411 0.560248 -0.493375
0.468627 0.00244887 1.72424 0.566138 0.349939 0.560938 -0.49232
0.467703 0.0029766 1.72433 0.566057 0.350499 0.561641 -0.491212
0.466778 0.00350245 1.72441 0.565974 0.351056 0.562346 -0.490102
0.465853 0.0040264 1.72449 0.565888 0.351611 0.563053 -0.48899
0.464928 0.00454846 1.72457 0.565802 0.352164 0.56376 -0.487877
0.464003 0.00506864 1.72464 0.565713 0.352714 0.564469 -0.486761
0.463077 0.00558693 1.72472 0.565622 0.353262 0.565179 -0.485644
0.462151 0.00610334 1.72479 0.56553 0.353807 0.565891 -0.484525
0.461173 0.00664821 1.72488 0.565446 0.354384 0.566617 -0.48335
0.460194 0.00719094 1.72498 0.56536 0.354959 0.567345 -0.482174
0.459215 0.00773151 1.72507 0.565272 0.355531 0.568075 -0.480995
0.458235 0.00826993 1.72516 0.565182 0.3561 0.568806 -0.479814
0.457256 0.00880622 1.72524 0.56509 0.356667 0.569539 -0.478631
0.456276 0.00934035 1.72533 0.564995 0.357231 0.570273 -0.477447
0.455296 0.00987236 1.72541 0.564899 0.357792 0.571008 -0.47626
0.454394 0.010361 1.7255 0.564821 0.358309 0.571665 -0.475174
0.453491 0.0108478 1.72559 0.564742 0.358824 0.572323 -0.474086
0.452588 0.0113327 1.72568 0.56466 0.359337 0.572983 -0.472997
0.451685 0.0118158 1.72577 0.564577 0.359848 0.573644 -0.471906
0.450782 0.012297 1.72585 0.564492 0.360356 0.574306 -0.470813
0.449878 0.0127765 1.72594 0.564405 0.360862 0.574969 -0.469719
0.448975 0.013254 1.72602 0.564317 0.361366 0.575633 -0.468623
0.448072 0.0137297 1.7261 0.564226 0.361867 0.576299 -0.467526
0.447124 0.0142269 1.7262 0.564141 0.362393 0.576979 -0.466382
0.446177 0.0147219 1.72629 0.564054 0.362916 0.577659 -0.465236
0.445229 0.0152149 1.72639 0.563965 0.363438 0.578341 -0.464088
0.444281 0.0157059 1.72648 0.563874 0.363956 0.579025 -0.462939
0.443333 0.0161948 1.72657 0.563781 0.364472 0.57971 -0.461787
0.442385 0.0166816 1.72666 0.563686 0.364985 0.580396 -0.460635
0.441437 0.0171665 1.72674 0.563589 0.365496 0.581083 -0.45948
0.440488 0.0176492 1.72683 0.56349 0.366004 0.581772 -0.458324
0.439498 0.0181515 1.72693 0.563395 0.366536 0.582475 -0.457122
0.438507 0.0186516 1.72703 0.563298 0.367064 0.583179 -0.455918
0.437515 0.0191494 1.72713 0.563199 0.36759 0.583885 -0.454712
0.436524 0.0196449 1.72722 0.563098 0.368113 0.584592 -0.453505
0.435533 0.0201382 1.72731 0.562994 0.368633 0.5853 -0.452295
0.434541 0.0206292 1.72741 0.562888 0.36915 0.58601 -0.451084
0.43355 0.021118 1.7275 0.56278 0.369665 0.586721 -0.449872
0.432558 0.0216046 1.72758 0.56267 0.370176 0.587434 -0.448657
0.431525 0.0221088 1.72769 0.562563 0.370709 0.588161 -0.447397
0.430492 0.0226106 1.72779 0.562453 0.371239 0.58889 -0.446136
0.429459 0.0231099 1.72788 0.562341 0.371766 0.58962 -0.444872
0.428426 0.0236068 1.72798 0.562227 0.372289 0.590351 -0.443607
0.427393 0.0241012 1.72807 0.56211 0.37281 0.591084 -0.44234
0.42636 0.0245931 1.72817 0.56199 0.373328 0.591819 -0.441071
0.425326 0.0250826 1.72826 0.561868 0.373842 0.592555 -0.4398
0.424293 0.0255697 1.72834 0.561744 0.374354 0.593293 -0.438528
0.423339 0.0260169 1.72843 0.561635 0.374826 0.593961 -0.437358
0.422385 0.026462 1.72852 0.561525 0.375295 0.594631 -0.436186
0.421431 0.026905 1.72861 0.561412 0.375762 0.595302 -0.435012
0.420477 0.0273459 1.7287 0.561297 0.376226 0.595974 -0.433837
0.419523 0.0277847 1.72878 0.56118 0.376688 0.596647 -0.432661
0.418568 0.0282213 1.72886 0.561061 0.377147 0.597322 -0.431483
0.417614 0.0286559 1.72894 0.560939 0.377603 0.597998 -0.430304
0.41666 0.0290884 1.72902 0.560816 0.378057 0.598675 -0.429123
0.415705 0.0295189 1.7291 0.560691 0.378508 0.599353 -0.427941
0.414717 0.0299621 1.72918 0.560566 0.378975 0.600044 -0.42672
0.413729 0.0304031 1.72927 0.560439 0.379439 0.600737 -0.425498
0.41274 0.0308418 1.72936 0.56031 0.379901 0.601431 -0.424275
0.411752 0.0312782 1.72944 0.560179 0.380359 0.602126 -0.423049
0.410763 0.0317124 1.72952 0.560045 0.380815 0.602822 -0.421823
0.409775 0.0321444 1.7296 0.559909 0.381268 0.60352 -0.420595
0.408786 0.0325741 1.72967 0.559771 0.381718 0.604219 -0.419365
0.407798 0.0330015 1.72975 0.559631 0.382166 0.604919 -0.418134
0.40681 0.0334267 1.72982 0.559488 0.38261 0.605621 -0.416901
0.405788 0.0338632 1.72991 0.559345 0.383069 0.606335 -0.415631
0.404767 0.0342973 1.72999 0.5592 0.383524 0.607051 -0.414359
0.403746 0.034729 1.73007 0.559052 0.383977 0.607768 -0.413086
0.402725 0.0351583 1.73015 0.558902 0.384426 0.608487 -0.411812
0.401704 0.0355851 1.73022 0.558749 0.384873 0.609207 -0.410535
0.400683 0.0360096 1.7303 0.558594 0.385317 0.609928 -0.409258
0.399661 0.0364316 1.73037 0.558437 0.385757 0.61065 -0.407978
0.39864 0.0368513 1.73044 0.558277 0.386195 0.611374 -0.406697
0.39762 0.0372685 1.73051 0.558114 0.386629 0.612099 -0.405415
0.396567 0.0376956 1.73059 0.557951 0.387076 0.612837 -0.404096
0.395515 0.0381202 1.73066 0.557784 0.38752 0.613577 -0.402776
0.394462 0.0385421 1.73074 0.557616 0.38796 0.614317 -0.401454
0.39341 0.0389615 1.73081 0.557444 0.388398 0.61506 -0.400131
0.392358 0.0393784 1.73088 0.55727 0.388832 0.615803 -0.398806
0.391306 0.0397927 1.73095 0.557094 0.389263 0.616548 -0.39748
0.390254 0.0402044 1.73101 0.556914 0.38969 0.617294 -0.396151
0.389202 0.0406136 1.73108 0.556732 0.390115 0.618042 -0.394822
0.388151 0.0410202 1.73114 0.556548 0.390536 0.618791 -0.393491
0.387177 0.0413939 1.7312 0.55638 0.390925 0.619476 -0.392261
0.386203 0.0417654 1.73127 0.55621 0.391311 0.620163 -0.39103
0.38523 0.0421347 1.73133 0.556037 0.391694 0.620851 -0.389798
0.384257 0.0425018 1.73139 0.555863 0.392075 0.62154 -0.388564
0.383283 0.0428667 1.73144 0.555686 0.392453 0.62223 -0.38733
0.38231 0.0432294 1.7315 0.555507 0.392828 0.622921 -0.386094
0.381337 0.04359 1.73155 0.555325 0.3932 0.623613 -0.384856
0.380364 0.0439483 1.7316 0.555142 0.393569 0.624307 -0.383618
0.379392 0.0443045 1.73165 0.554956 0.393936 0.625001 -0.382378
0.378419 0.0446585 1.7317 0.554767 0.394299 0.625696 -0.381137
0.377421 0.0450191 1.73176 0.554577 0.394672 0.626403 -0.379865
0.376422 0.0453774 1.73181 0.554384 0.395041 0.627112 -0.378592
0.375424 0.0457334 1.73187 0.554188 0.395408 0.627821 -0.377318
0.374426 0.0460871 1.73192 0.55399 0.395772 0.628531 -0.376043
0.373428 0.0464385 1.73197 0.55379 0.396132 0.629243 -0.374766
0.372431 0.0467876 1.73201 0.553587 0.39649 0.629955 -0.373488
0.371433 0.0471344 1.73206 0.553382 0.396844 0.630669 -0.372209
0.370436 0.0474789 1.7321 0.553174 0.397196 0.631384 -0.370929
0.369439 0.0478211 1.73215 0.552964 0.397544 0.6321 -0.369647
0.368442 0.048161 1.73219 0.552752 0.39789 0.632817 -0.368364
0.36742 0.0485064 1.73223 0.552536 0.398243 0.633545 -0.367052
0.366399 0.0488493 1.73228 0.552318 0.398593 0.634274 -0.365738
0.365378 0.0491898 1.73232 0.552098 0.39894 0.635005 -0.364423
0.364357 0.049528 1.73236 0.551875 0.399283 0.635736 -0.363107
0.363336 0.0498637 1.7324 0.551649 0.399624 0.636469 -0.36179
0.362315 0.050197 1.73244 0.55142 0.399961 0.637203 -0.360471
0.361295 0.0505279 1.73248 0.55119 0.400295 0.637938 -0.359151
0.360275 0.0508564 1.73251 0.550956 0.400626 0.638674 -0.35783
0.359255 0.0511825 1.73254 0.55072 0.400953 0.639411 -0.356508
0.358236 0.0515063 1.73258 0.550481 0.401278 0.640149 -0.355184
0.357193 0.0518343 1.73261 0.550239 0.401608 0.640898 -0.353832
0.35615 0.0521598 1.73265 0.549994 0.401935 0.641649 -0.352479
0.355108 0.0524829 1.73268 0.549746 0.402259 0.6424 -0.351125
0.354066 0.0528034 1.73271 0.549496 0.40258 0.643153 -0.349769
0.353024 0.0531214 1.73274 0.549243 0.402897 0.643906 -0.348412
0.351983 0.0534369 1.73277 0.548987 0.403211 0.644661 -0.347054
0.350941 0.0537499 1.73279 0.548728 0.403521 0.645417 -0.345695
0.349901 0.0540604 1.73282 0.548467 0.403828 0.646174 -0.344335
0.34886 0.0543684 1.73284 0.548203 0.404132 0.646932 -0.342973
0.34782 0.0546739 1.73286 0.547936 0.404432 0.64769 -0.341611
0.346854 0.0549547 1.73289 0.54769 0.40471 0.64839 -0.340347
0.345889 0.0552334 1.73291 0.547441 0.404984 0.649091 -0.339082
0.344923 0.0555099 1.73293 0.54719 0.405256 0.649792 -0.337817
0.343958 0.0557843 1.73295 0.546937 0.405525 0.650495 -0.33655
0.342994 0.0560565 1.73296 0.546681 0.405791 0.651198 -0.335283
0.342029 0.0563266 1.73298 0.546423 0.406054 0.651902 -0.334014
0.341065 0.0565945 1.73299 0.546162 0.406314 0.652607 -0.332745
0.340102 0.0568603 1.73301 0.5459 0.406571 0.653313 -0.331475
0.339138 0.0571239 1.73302 0.545635 0.406825 0.65402 -0.330203
0.338175 0.0573854 1.73303 0.545367 0.407076 0.654728 -0.328931
0.337212 0.0576448 1.73304 0.545097 0.407324 0.655436 -0.327658
0.336231 0.0579065 1.73305 0.544823 0.407576 0.656154 -0.326361
0.335249 0.0581659 1.73306 0.544546 0.407825 0.656873 -0.325064
0.334268 0.0584231 1.73307 0.544267 0.40807 0.657592 -0.323765
0.333288 0.0586781 1.73308 0.543986 0.408313 0.658313 -0.322465
0.332307 0.0589308 1.73308 0.543702 0.408552 0.659034 -0.321165
0.331327 0.0591814 1.73309 0.543416 0.408789 0.659756 -0.319863
0.330348 0.0594297 1.73309 0.543127 0.409022 0.660479 -0.318561
0.329369 0.0596758 1.73309 0.542835 0.409252 0.661203 -0.317258
0.32839 0.0599197 1.73309 0.542542 0.40948 0.661928 -0.315954
0.327411 0.0601614 1.73309 0.542245 0.409704 0.662653 -0.314649
0.326433 0.0604009 1.73309 0.541947 0.409925 0.663379 -0.313343
0.325437 0.0606418 1.73309 0.541643 0.410148 0.664115 -0.312014
0.324442 0.0608805 1.73309 0.541337 0.410368 0.664851 -0.310685
0.323447 0.0611168 1.73309 0.541029 0.410585 0.665588 -0.309355
0.322452 0.0613509 1.73309 0.540718 0.410799 0.666326 -0.308024
0.321458 0.0615826 1.73308 0.540404 0.41101 0.667064 -0.306692
0.320464 0.0618121 1.73307 0.540088 0.411217 0.667804 -0.305359
0.319471 0.0620393 1.73307 0.539769 0.411421 0.668544 -0.304026
0.318478 0.0622643 1.73306 0.539447 0.411622 0.669285 -0.302691
0.317485 0.0624869 1.73305 0.539124 0.41182 0.670026 -0.301356
0.316493 0.0627073 1.73303 0.538797 0.412014 0.670769 -0.30002
0.315502 0.0629254 1.73302 0.538468 0.412205 0.671512 -0.298683
0.314493 0.0631442 1.73301 0.538134 0.412398 0.672264 -0.297324
0.313486 0.0633606 1.733 0.537797 0.412587 0.673016 -0.295965
0.312479 0.0635747 1.73298 0.537457 0.412773 0.67377 -0.294605
0.311472 0.0637864 1.73297 0.537115 0.412955 0.674524 -0.293245
0.310465 0.0639958 1.73295 0.53677 0.413134 0.675279 -0.291883
0.30946 0.0642028 1.73293 0.536423 0.41331 0.676035 -0.290521
0.308454 0.0644075 1.73291 0.536073 0.413482 0.676791 -0.289157
0.30745 0.0646098 1.73289 0.53572 0.413651 0.677548 -0.287793
0.306445 0.0648098 1.73287 0.535364 0.413817 0.678306 -0.286429
0.305442 0.0650075 1.73284 0.535006 0.413979 0.679065 -0.285063
0.304438 0.0652028 1.73282 0.534645 0.414138 0.679824 -0.283697
0.30342 0.0653981 1.73279 0.534279 0.414297 0.680591 -0.28231
0.302402 0.065591 1.73277 0.53391 0.414453 0.68136 -0.280923
0.301384 0.0657815 1.73274 0.533538 0.414605 0.682129 -0.279535
0.300367 0.0659696 1.73271 0.533164 0.414754 0.682898 -0.278147
0.29935 0.0661553 1.73268 0.532786 0.414899 0.683669 -0.276757
0.298335 0.0663386 1.73265 0.532406 0.415041 0.684439 -0.275367
0.297319 0.0665195 1.73262 0.532023 0.415179 0.685211 -0.273976
0.296304 0.066698 1.73258 0.531638 0.415314 0.685983 -0.272585
0.29529 0.0668741 1.73255 0.53125 0.415445 0.686756 -0.271192
0.294277 0.0670478 1.73251 0.530859 0.415573 0.68753 -0.269799
0.293264 0.0672191 1.73247 0.530465 0.415697 0.688304 -0.268406
0.292236 0.0673897 1.73244 0.530065 0.41582 0.689086 -0.266993
0.29121 0.0675579 1.7324 0.529663 0.41594 0.689868 -0.26558
0.290184 0.0677237 1.73236 0.529257 0.416057 0.690652 -0.264166
0.289158 0.0678869 1.73232 0.528849 0.41617 0.691436 -0.262752
0.288134 0.0680478 1.73227 0.528438 0.416279 0.69222 -0.261336
0.287109 0.0682061 1.73223 0.528024 0.416384 0.693005 -0.25992
0.286086 0.0683621 1.73218 0.527608 0.416486 0.693791 -0.258504
0.285063 0.0685156 1.73214 0.527188 0.416584 0.694577 -0.257087
0.284041 0.0686666 1.73209 0.526766 0.416678 0.695363 -0.255669
0.283019 0.0688152 1.73204 0.526341 0.416769 0.696151 -0.25425
0.281998 0.0689614 1.73199 0.525913 0.416856 0.696938 -0.252831
0.280964 0.0691063 1.73194 0.525479 0.416942 0.697734 -0.251395
0.279931 0.0692487 1.73189 0.525042 0.417024 0.698529 -0.249958
0.278899 0.0693886 1.73183 0.524602 0.417102 0.699326 -0.24852
0.277867 0.069526 1.73178 0.52416 0.417176 0.700122 -0.247082
0.276836 0.069661 1.73172 0.523714 0.417247 0.70092 -0.245643
0.275805 0.0697934 1.73167 0.523265 0.417314 0.701717 -0.244203
0.274775 0.0699233 1.73161 0.522814 0.417377 0.702516 -0.242763
0.273746 0.0700508 1.73155 0.52236 0.417436 0.703314 -0.241322
0.272718 0.0701757 1.73149 0.521902 0.417492 0.704113 -0.239881
0.27169 0.0702982 1.73142 0.521442 0.417543 0.704913 -0.238439
0.270663 0.0704182 1.73136 0.520979 0.417591 0.705713 -0.236997
0.269711 0.0705267 1.7313 0.520549 0.417633 0.706453 -0.23566
0.26876 0.0706331 1.73124 0.520116 0.417672 0.707193 -0.234323
0.267809 0.0707373 1.73118 0.519681 0.417708 0.707933 -0.232985
0.266859 0.0708394 1.73112 0.519244 0.41774 0.708674 -0.231647
0.265909 0.0709393 1.73106 0.518804 0.417769 0.709415 -0.230308
0.26496 0.0710372 1.73099 0.518361 0.417795 0.710157 -0.228969
0.264012 0.0711329 1.73093 0.517916 0.417817 0.710898 -0.22763
0.263064 0.0712265 1.73086 0.517468 0.417836 0.71164 -0.22629
0.262117 0.0713179 1.73079 0.517018 0.417852 0.712383 -0.22495
0.261171 0.0714073 1.73073 0.516566 0.417865 0.713125 -0.223609
0.260225 0.0714945 1.73066 0.516111 0.417874 0.713868 -0.222268
0.25928 0.0715796 1.73059 0.515653 0.41788 0.714611 -0.220927
0.258325 0.0716629 1.73052 0.51519 0.417884 0.71536 -0.219572
0.257371 0.071744 1.73044 0.514724 0.417884 0.71611 -0.218217
0.256418 0.071823 1.73037 0.514256 0.417881 0.716859 -0.216861
0.255465 0.0718998 1.7303 0.513785 0.417875 0.717609 -0.215505
0.254513 0.0719744 1.73022 0.513312 0.417865 0.718359 -0.214149
0.253562 0.0720469 1.73015 0.512836 0.417852 0.71911 -0.212792
0.252611 0.0721173 1.73007 0.512358 0.417835 0.71986 -0.211435
0.251661 0.0721855 1.72999 0.511877 0.417815 0.720611 -0.210078
0.250712 0.0722515 1.72991 0.511393 0.417792 0.721362 -0.20872
0.249763 0.0723154 1.72983 0.510907 0.417765 0.722113 -0.207363
0.248816 0.0723772 1.72975 0.510419 0.417735 0.722864 -0.206005
0.247869 0.0724368 1.72966 0.509928 0.417701 0.723616 -0.204646
0.246913 0.0724942 1.72958 0.509431 0.417665 0.724373 -0.203275
0.245958 0.0725495 1.7295 0.508931 0.417625 0.72513 -0.201904
0.245004 0.0726026 1.72941 0.508429 0.417582 0.725887 -0.200533
0.24405 0.0726535 1.72933 0.507925 0.417535 0.726644 -0.199162
0.243098 0.0727022 1.72924 0.507418 0.417485 0.727402 -0.19779
0.242146 0.0727488 1.72915 0.506908 0.417431 0.728159 -0.196418
0.241195 0.0727931 1.72906 0.506396 0.417374 0.728917 -0.195046
0.240244 0.0728353 1.72897 0.505881 0.417313 0.729675 -0.193673
0.239295 0.0728754 1.72888 0.505363 0.417249 0.730433 -0.192301
0.238346 0.0729132 1.72879 0.504843 0.417181 0.731191 -0.190928
0.237398 0.0729489 1.72869 0.504321 0.41711 0.731949 -0.189555
0.236451 0.0729824 1.7286 0.503796 0.417035 0.732707 -0.188181
0.235496 0.0730135 1.7285 0.503265 0.416957 0.73347 -0.186797
0.234542 0.0730424 1.72841 0.502731 0.416876 0.734233 -0.185413
0.233589 0.0730691 1.72831 0.502195 0.416791 0.734996 -0.184028
0.232636 0.0730936 1.72821 0.501657 0.416702 0.735759 -0.182643
0.231685 0.0731159 1.72811 0.501115 0.41661 0.736522 -0.181258
0.230734 0.073136 1.72801 0.500571 0.416514 0.737286 -0.179873
0.229784 0.0731539 1.72791 0.500025 0.416415 0.738049 -0.178488
0.228835 0.0731696 1.7278 0.499476 0.416312 0.738812 -0.177103
0.227887 0.0731831 1.7277 0.498924 0.416205 0.739575 -0.175717
0.226939 0.0731945 1.7276 0.49837 0.416095 0.740338 -0.174331
0.225993 0.0732037 1.72749 0.497813 0.415982 0.741101 -0.172946
0.225047 0.0732106 1.72738 0.497253 0.415864 0.741865 -0.17156
0.224095 0.073215 1.72728 0.496688 0.415744 0.742632 -0.170164
0.223143 0.0732171 1.72717 0.496121 0.415619 0.743399 -0.168769
0.222193 0.0732169 1.72706 0.49555 0.415491 0.744166 -0.167373
0.221243 0.0732146 1.72695 0.494977 0.415359 0.744934 -0.165977
0.220294 0.0732101 1.72684 0.494402 0.415224 0.745701 -0.164581
0.219346 0.0732034 1.72672 0.493823 0.415085 0.746468 -0.163185
0.218399 0.0731944 1.72661 0.493242 0.414942 0.747234 -0.16179
0.217453 0.0731833 1.72649 0.492659 0.414796 0.748001 -0.160394
0.216508 0.0731699 1.72638 0.492073 0.414646 0.748768 -0.158998
0.215564 0.0731544 1.72626 0.491484 0.414492 0.749534 -0.157602
0.21462 0.0731366 1.72614 0.490892 0.414335 0.750301 -0.156206
0.213678 0.0731167 1.72602 0.490298 0.414174 0.751067 -0.154809
0.21273 0.073094 1.7259 0.489699 0.414009 0.751837 -0.153405
0.211783 0.073069 1.72578 0.489097 0.41384 0.752606 -0.152001
0.210837 0.0730418 1.72566 0.488492 0.413668 0.753376 -0.150596
0.209891 0.0730124 1.72554 0.487885 0.413492 0.754145 -0.149192
0.208947 0.0729807 1.72542 0.487275 0.413312 0.754914 -0.147787
0.208004 0.0729469 1.72529 0.486662 0.413129 0.755683 -0.146383
0.207061 0.0729108 1.72517 0.486046 0.412941 0.756452 -0.144979
0.20612 0.0728725 1.72504 0.485428 0.41275 0.75722 -0.143575
0.205179 0.0728321 1.72491 0.484808 0.412556 0.757989 -0.142171
0.20424 0.0727894 1.72478 0.484185 0.412357 0.758756 -0.140767
0.203301 0.0727445 1.72465 0.483559 0.412155 0.759524 -0.139363
0.202364 0.0726974 1.72452 0.48293 0.41195 0.760292 -0.137959
0.201421 0.0726474 1.72439 0.482296 0.41174 0.761062 -0.136548
0.20048 0.0725951 1.72426 0.48166 0.411526 0.761832 -0.135137
0.19954 0.0725407 1.72413 0.481021 0.411308 0.762602 -0.133726
0.198601 0.072484 1.72399 0.480379 0.411087 0.763371 -0.132316
0.197663 0.0724251 1.72386 0.479735 0.410862 0.764141 -0.130905
0.196726 0.0723639 1.72372 0.479088 0.410633 0.764909 -0.129495
0.19579 0.0723006 1.72358 0.478438 0.410401 0.765678 -0.128085
0.194855 0.072235 1.72345 0.477786 0.410164 0.766446 -0.126675
0.193921 0.0721672 1.72331 0.477131 0.409924 0.767214 -0.125265
0.192987 0.0720973 1.72317 0.476473 0.40968 0.767981 -0.123855
0.192055 0.0720251 1.72303 0.475813 0.409433 0.768748 -0.122446
0.191124 0.0719506 1.72288 0.47515 0.409181 0.769515 -0.121037
0.19019 0.0718733 1.72274 0.474482 0.408925 0.770284 -0.119622
0.189256 0.0717937 1.7226 0.473812 0.408666 0.771052 -0.118207
0.188324 0.0717119 1.72245 0.473139 0.408402 0.771821 -0.116792
0.187392 0.0716279 1.72231 0.472463 0.408135 0.772588 -0.115378
0.186462 0.0715416 1.72216 0.471785 0.407864 0.773355 -0.113964
0.185533 0.0714532 1.72201 0.471103 0.407589 0.774122 -0.11255
0.184605 0.0713625 1.72186 0.47042 0.40731 0.774889 -0.111136
0.183677 0.0712696 1.72172 0.469733 0.407028 0.775654 -0.109723
0.182751 0.0711745 1.72157 0.469044 0.406741 0.77642 -0.10831
0.181826 0.0710771 1.72141 0.468353 0.406451 0.777185 -0.106897
0.180902 0.0709776 1.72126 0.467659 0.406157 0.777949 -0.105485
0.179979 0.0708758 1.72111 0.466962 0.40586 0.778713 -0.104073
0.179054 0.0707712 1.72095 0.46626 0.405557 0.779478 -0.102656
0.17813 0.0706643 1.7208 0.465556 0.405251 0.780243 -0.10124
0.177207 0.0705552 1.72064 0.46485 0.404941 0.781007 -0.0998238
0.176284 0.0704439 1.72049 0.46414 0.404627 0.781771 -0.0984081
0.175364 0.0703303 1.72033 0.463428 0.40431 0.782535 -0.0969928
0.174444 0.0702146 1.72017 0.462714 0.403988 0.783297 -0.0955779
0.173525 0.0700966 1.72001 0.461996 0.403663 0.784059 -0.0941633
0.172607 0.0699764 1.71985 0.461276 0.403334 0.784821 -0.0927491
0.171691 0.069854 1.71969 0.460554 0.403001 0.785582 -0.0913353
0.170775 0.0697294 1.71953 0.459829 0.402664 0.786342 -0.0899219
0.169861 0.0696026 1.71937 0.459101 0.402323 0.787101 -0.0885088
0.168948 0.0694736 1.7192 0.458371 0.401979 0.78786 -0.0870962
0.168033 0.0693417 1.71904 0.457636 0.40163 0.78862 -0.0856804
0.16712 0.0692077 1.71887 0.456899 0.401277 0.789379 -0.0842651
0.166208 0.0690714 1.7187 0.456159 0.40092 0.790138 -0.0828501
0.165296 0.0689329 1.71854 0.455417 0.400559 0.790896 -0.0814356
0.164386 0.0687922 1.71837 0.454672 0.400195 0.791653 -0.0800216
0.163477 0.0686494 1.7182 0.453924 0.399826 0.792409 -0.078608
0.16257 0.0685042 1.71803 0.453174 0.399454 0.793165 -0.0771949
0.161663 0.0683569 1.71786 0.452421 0.399078 0.79392 -0.0757823
0.160758 0.0682074 1.71769 0.451666 0.398698 0.794674 -0.0743701
0.159854 0.0680557 1.71751 0.450908 0.398314 0.795428 -0.0729585
0.158951 0.0679018 1.71734 0.450147 0.397926 0.79618 -0.0715473
0.158049 0.0677457 1.71717 0.449384 0.397535 0.796932 -0.0701367
0.157146 0.0675869 1.71699 0.448617 0.397139 0.797684 -0.0687242
0.156245 0.0674259 1.71681 0.447848 0.396739 0.798436 -0.0673122
0.155345 0.0672628 1.71664 0.447076 0.396335 0.799186 -0.0659008
0.154446 0.0670974 1.71646 0.446301 0.395927 0.799936 -0.0644899
0.153549 0.0669298 1.71628 0.445524 0.395516 0.800685 -0.0630796
0.152653 0.06676 1.7161 0.444744 0.395101 0.801433 -0.0616699
0.151757 0.066588 1.71592 0.443962 0.394681 0.80218 -0.0602607
0.150863 0.0664139 1.71574 0.443177 0.394258 0.802927 -0.0588521
0.149971 0.0662375 1.71556 0.44239 0.393831 0.803672 -0.057444
0.149079 0.066059 1.71538 0.4416 0.3934 0.804417 -0.0560366
0.148189 0.0658782 1.71519 0.440807 0.392965 0.80516 -0.0546298
0.1473 0.0656953 1.71501 0.440012 0.392527 0.805903 -0.0532236
0.146411 0.0655099 1.71482 0.439214 0.392084 0.806645 -0.0518168
0.145524 0.0653224 1.71464 0.438413 0.391637 0.807387 -0.0504107
0.144638 0.0651326 1.71445 0.437609 0.391186 0.808127 -0.0490052
0.143753 0.0649407 1.71426 0.436803 0.390732 0.808867 -0.0476004
0.142869 0.0647466 1.71407 0.435995 0.390274 0.809605 -0.0461962
0.141987 0.0645503 1.71388 0.435184 0.389811 0.810343 -0.0447927
0.141105 0.0643518 1.71369 0.43437 0.389345 0.81108 -0.0433898
0.140226 0.0641512 1.7135 0.433554 0.388875 0.811815 -0.0419877
0.139347 0.0639483 1.71331 0.432736 0.388401 0.81255 -0.0405862
0.13847 0.0637433 1.71312 0.431915 0.387923 0.813283 -0.0391854
0.137593 0.0635362 1.71293 0.431091 0.387442 0.814016 -0.0377853
0.136719 0.0633268 1.71273 0.430265 0.386956 0.814747 -0.036386
0.135845 0.0631153 1.71254 0.429436 0.386467 0.815478 -0.0349874
0.134973 0.0629016 1.71234 0.428605 0.385973 0.816207 -0.0335895
0.134102 0.0626857 1.71215 0.427771 0.385476 0.816936 -0.0321923
0.133232 0.0624677 1.71195 0.426935 0.384975 0.817663 -0.0307959
0.132364 0.0622475 1.71175 0.426096 0.38447 0.818389 -0.0294002
0.131497 0.0620252 1.71155 0.425255 0.383961 0.819114 -0.0280054
0.130631 0.0618007 1.71135 0.424411 0.383449 0.819838 -0.0266112
0.129767 0.061574 1.71115 0.423565 0.382932 0.82056 -0.0252179
0.128904 0.0613452 1.71095 0.422717 0.382412 0.821282 -0.0238254
0.128042 0.0611142 1.71075 0.421866 0.381887 0.822003 -0.0224336
0.127181 0.0608811 1.71055 0.421012 0.381359 0.822722 -0.0210427
0.126322 0.0606458 1.71034 0.420156 0.380827 0.82344 -0.0196525
0.125464 0.0604083 1.71014 0.419298 0.380291 0.824157 -0.0182632
0.124608 0.0601688 1.70994 0.418437 0.379752 0.824873 -0.0168748
0.123753 0.059927 1.70973 0.417573 0.379208 0.825587 -0.0154871
0.122899 0.0596831 1.70952 0.416707 0.37866 0.8263 -0.0141003
0.122046 0.0594371 1.70932 0.415839 0.378109 0.827013 -0.0127144
0.121195 0.0591889 1.70911 0.414968 0.377554 0.827723 -0.0113293
0.120346 0.0589386 1.7089 0.414095 0.376995 0.828433 -0.00994514
0.119497 0.0586862 1.70869 0.413219 0.376432 0.829141 -0.00856181
0.11865 0.0584316 1.70848 0.412341 0.375865 0.829848 -0.00717938
0.117804 0.0581749 1.70827 0.411461 0.375295 0.830554 -0.00579784
0.11696 0.057916 1.70806 0.410578 0.37472 0.831259 -0.0044172
0.116117 0.057655 1.70785 0.409693 0.374142 0.831962 -0.00303748
0.115276 0.0573919 1.70764 0.408805 0.37356 0.832664 -0.00165867
0.114435 0.0571266 1.70742 0.407915 0.372974 0.833364 -0.000280791
0.113597 0.0568592 1.70721 0.407022 0.372384 0.834063 0.00109615
0.112759 0.0565897 1.70699 0.406127 0.37179 0.834761 0.00247215
0.111923 0.0563181 1.70678 0.40523 0.371193 0.835458 0.0038472
0.111089 0.0560443 1.70656 0.40433 0.370592 0.836153 0.00522129
0.110255 0.0557684 1.70634 0.403428 0.369987 0.836847 0.00659442
0.109424 0.0554904 1.70613 0.402524 0.369378 0.837539 0.00796657
0.108593 0.0552103 1.70591 0.401617 0.368765 0.83823 0.00933773
0.107764 0.054928 1.70569 0.400708 0.368148 0.838919 0.0107079
0.106937 0.0546437 1.70547 0.399796 0.367528 0.839607 0.0120771
0.106111 0.0543572 1.70525 0.398882 0.366903 0.840294 0.0134453
0.105286 0.0540686 1.70503 0.397966 0.366275 0.840979 0.0148124
0.104463 0.0537779 1.70481 0.397047 0.365644 0.841663 0.0161785
0.103641 0.0534851 1.70458 0.396126 0.365008 0.842345 0.0175436
0.10282 0.0531901 1.70436 0.395203 0.364368 0.843026 0.0189077
0.102001 0.0528931 1.70414 0.394277 0.363725 0.843705 0.0202707
0.101184 0.052594 1.70391 0.393349 0.363078 0.844383 0.0216327
0.100368 0.0522927 1.70369 0.392419 0.362427 0.845059 0.0229936
0.0995533 0.0519894 1.70346 0.391486 0.361772 0.845734 0.0243534
0.0987402 0.0516839 1.70323 0.390551 0.361114 0.846407 0.0257122
0.0979285 0.0513764 1.70301 0.389614 0.360451 0.847079 0.0270698
0.0971183 0.0510668 1.70278 0.388674 0.359785 0.847749 0.0284264
0.0963096 0.050755 1.70255 0.387732 0.359115 0.848418 0.0297819
0.0955024 0.0504412 1.70232 0.386788 0.358442 0.849085 0.0311363
0.0946966 0.0501253 1.70209 0.385842 0.357764 0.84975 0.0324895
0.0938923 0.0498072 1.70186 0.384893 0.357083 0.850414 0.0338416
0.0930895 0.0494871 1.70163 0.383942 0.356398 0.851076 0.0351926
0.0922883 0.0491649 1.7014 0.382988 0.355709 0.851737 0.0365425
0.0914885 0.0488407 1.70117 0.382033 0.355016 0.852396 0.0378912
0.0906902 0.0485143 1.70093 0.381075 0.35432 0.853053 0.0392388
0.0898934 0.0481858 1.7007 0.380115 0.35362 0.853709 0.0405852
0.0890981 0.0478553 1.70046 0.379152 0.352916 0.854363 0.0419304
0.0883044 0.0475227 1.70023 0.378188 0.352208 0.855015 0.0432744
0.0875121 0.047188 1.69999 0.377221 0.351497 0.855666 0.0446173
0.0867214 0.0468512 1.69976 0.376252 0.350782 0.856315 0.045959
0.0859323 0.0465124 1.69952 0.37528 0.350063 0.856962 0.0472994
0.0851446 0.0461715 1.69928 0.374307 0.34934 0.857607 0.0486387
0.0843585 0.0458285 1.69904 0.373331 0.348614 0.858251 0.0499767
0.0835739 0.0454834 1.6988 0.372353 0.347883 0.858893 0.0513136
0.0827909 0.0451363 1.69857 0.371372 0.347149 0.859534 0.0526491
0.0820095 0.0447871 1.69832 0.37039 0.346412 0.860172 0.0539835
0.0812296 0.0444358 1.69808 0.369405 0.34567 0.860809 0.0553166
0.0804512 0.0440825 1.69784 0.368418 0.344925 0.861444 0.0566485
0.0796744 0.0437271 1.6976 0.367429 0.344177 0.862077 0.0579791
0.0788992 0.0433697 1.69736 0.366438 0.343424 0.862708 0.0593084
0.0781256 0.0430101 1.69711 0.365444 0.342668 0.863338 0.0606364
0.0773535 0.0426486 1.69687 0.364449 0.341908 0.863966 0.0619632
0.0765831 0.0422849 1.69663 0.363451 0.341144 0.864592 0.0632887
0.0758142 0.0419193 1.69638 0.362451 0.340377 0.865216 0.0646129
0.0750469 0.0415515 1.69614 0.361449 0.339605 0.865838 0.0659357
0.0742812 0.0411818 1.69589 0.360444 0.338831 0.866458 0.0672573
0.0735171 0.0408099 1.69564 0.359438 0.338052 0.867077 0.0685775
0.0727546 0.0404361 1.69539 0.358429 0.33727 0.867694 0.0698964
0.0719937 0.0400601 1.69515 0.357418 0.336484 0.868308 0.071214
0.0712344 0.0396822 1.6949 0.356405 0.335694 0.868921 0.0725303
0.0704768 0.0393022 1.69465 0.35539 0.334901 0.869532 0.0738452
0.0697208 0.0389201 1.6944 0.354373 0.334104 0.870141 0.0751587
0.0689664 0.038536 1.69415 0.353354 0.333304 0.870748 0.0764709
0.0682136 0.0381499 1.6939 0.352333 0.332499 0.871353 0.0777817
0.0674625 0.0377617 1.69364 0.351309 0.331691 0.871956 0.0790911
0.066713 0.0373715 1.69339 0.350284 0.33088 0.872557 0.0803991
0.0659652 0.0369793 1.69314 0.349256 0.330064 0.873156 0.0817058
0.065219 0.0365851 1.69289 0.348226 0.329245 0.873754 0.083011
0.0644745 0.0361888 1.69263 0.347194 0.328423 0.874349 0.0843148
0.0637316 0.0357905 1.69238 0.34616 0.327597 0.874942 0.0856172
0.0629904 0.0353901 1.69212 0.345124 0.326767 0.875533 0.0869182
0.0622509 0.0349878 1.69187 0.344086 0.325933 0.876122 0.0882178
0.061513 0.0345834 1.69161 0.343046 0.325096 0.876709 0.089516
0.0607768 0.034177 1.69135 0.342004 0.324255 0.877294 0.0908126
0.0600423 0.0337686 1.69109 0.34096 0.323411 0.877877 0.0921079
0.0593095 0.0333582 1.69084 0.339913 0.322563 0.878458 0.0934017
0.0585784 0.0329457 1.69058 0.338865 0.321711 0.879037 0.094694
0.057849 0.0325313 1.69032 0.337815 0.320856 0.879613 0.0959848
0.0571213 0.0321148 1.69006 0.336762 0.319997 0.880188 0.0972742
0.0563954 0.0316964 1.6898 0.335708 0.319135 0.88076 0.0985621
0.0556711 0.0312759 1.68954 0.334651 0.318269 0.881331 0.0998485
0.0549485 0.0308534 1.68927 0.333593 0.317399 0.881899 0.101133
0.0542277 0.0304289 1.68901 0.332533 0.316526 0.882465 0.102417
0.0535086 0.0300025 1.68875 0.33147 0.315649 0.883029 0.103699
0.0527912 0.029574 1.68848 0.330406 0.314769 0.883591 0.104979
0.0520756 0.0291435 1.68822 0.329339 0.313885 0.88415 0.106258
0.0513617 0.028711 1.68796 0.328271 0.312997 0.884707 0.107535
0.0506495 0.0282766 1.68769 0.327201 0.312106 0.885263 0.108811
0.0499391 0.0278401 1.68742 0.326128 0.311211 0.885816 0.110085
0.0492305 0.0274017 1.68716 0.325054 0.310313 0.886366 0.111358
0.0485236 0.0269613 1.68689 0.323978 0.309411 0.886915 0.112629
0.0478185 0.0265189 1.68662 0.3229 0.308506 0.887461 0.113898
0.0471152 0.0260745 1.68636 0.321819 0.307597 0.888005 0.115166
0.0464136 0.0256281 1.68609 0.320737 0.306685 0.888547 0.116433
0.0457138 0.0251798 1.68582 0.319653 0.305769 0.889086 0.117697
0.0450158 0.0247295 1.68555 0.318568 0.304849 0.889624 0.118961
0.0443196 0.0242772 1.68528 0.31748 0.303926 0.890158 0.120222
0.0436252 0.0238229 1.68501 0.31639 0.303 0.890691 0.121482
0.0429327 0.0233667 1.68474 0.315298 0.30207 0.891221 0.122741
0.0422419 0.0229085 1.68446 0.314205 0.301136 0.891749 0.123997
0.0415529 0.0224483 1.68419 0.31311 0.300199 0.892275 0.125252
0.0408657 0.0219862 1.68392 0.312012 0.299259 0.892798 0.126506
0.0401804 0.0215221 1.68364 0.310913 0.298315 0.893319 0.127758
0.0394969 0.0210561 1.68337 0.309812 0.297367 0.893838 0.129008
0.0388152 0.0205881 1.68309 0.308709 0.296416 0.894354 0.130256
0.0381354 0.0201181 1.68282 0.307604 0.295462 0.894868 0.131503
0.0374574 0.0196462 1.68254 0.306498 0.294504 0.895379 0.132748
0.0367812 0.0191723 1.68227 0.305389 0.293543 0.895889 0.133992
0.0361069 0.0186965 1.68199 0.304279 0.292578 0.896395 0.135234
0.0354345 0.0182188 1.68171 0.303167 0.291609 0.896899 0.136474
0.0347639 0.0177391 1.68143 0.302053 0.290638 0.897401 0.137712
0.0340952 0.0172575 1.68116 0.300937 0.289663 0.897901 0.138949
0.0334284 0.0167739 1.68088 0.299819 0.288684 0.898398 0.140184
0.0327634 0.0162884 1.6806 0.2987 0.287702 0.898892 0.141417
0.0321004 0.015801 1.68032 0.297579 0.286716 0.899384 0.142649
0.0314392 0.0153116 1.68004 0.296456 0.285728 0.899874 0.143879
0.0307799 0.0148203 1.67975 0.295331 0.284735 0.900361 0.145107
0.0301225 0.0143271 1.67947 0.294205 0.28374 0.900845 0.146333
0.029467 0.013832 1.67919 0.293076 0.282741 0.901327 0.147558
0.0288135 0.0133349 1.67891 0.291946 0.281738 0.901807 0.148781
0.0281618 0.012836 1.67862 0.290814 0.280732 0.902284 0.150002
0.0275121 0.0123351 1.67834 0.289681 0.279723 0.902758 0.151222
0.0268643 0.0118323 1.67805 0.288545 0.27871 0.90323 0.152439
0.0262184 0.0113276 1.67777 0.287408 0.277694 0.903699 0.153655
0.0255745 0.0108209 1.67748 0.286269 0.276675 0.904166 0.154869
0.0249325 0.0103124 1.6772 0.285129 0.275652 0.90463 0.156081
0.0242924 0.00980199 1.67691 0.283987 0.274626 0.905092 0.157292
0.0236543 0.00928966 1.67662 0.282843 0.273597 0.905551 0.1585
0.0230182 0.00877544 1.67633 0.281697 0.272564 0.906007 0.159707
0.022384 0.00825932 1.67605 0.280549 0.271528 0.906461 0.160912
0.0217518 0.00774131 1.67576 0.2794 0.270488 0.906912 0.162116
0.0211216 0.00722142 1.67547 0.27825 0.269446 0.907361 0.163317
0.0204933 0.00669963 1.67518 0.277097 0.268399 0.907807 0.164516
0.019867 0.00617597 1.67489 0.275943 0.26735 0.90825 0.165714
0.0192428 0.00565042 1.67459 0.274787 0.266297 0.908691 0.16691
0.0186205 0.005123 1.6743 0.27363 0.265241 0.909129 0.168104
0.0180478 0.00463448 1.67403 0.27256 0.264264 0.90953 0.169205
0.0174769 0.00414437 1.67376 0.271489 0.263283 0.90993 0.170303
0.0169077 0.00365266 1.67349 0.270416 0.2623 0.910327 0.171401
0.0163402 0.00315937 1.67322 0.269342 0.261314 0.910722 0.172497
0.0157744 0.00266448 1.67295 0.268267 0.260325 0.911115 0.173591
0.0152104 0.00216801 1.67268 0.26719 0.259333 0.911505 0.174683
0.0146481 0.00166996 1.6724 0.266111 0.258339 0.911893 0.175774
0.0140875 0.00117032 1.67213 0.265032 0.257342 0.912279 0.176863
0.0135286 0.000669108 1.67186 0.263951 0.256342 0.912662 0.177951
0.0129715 0.000166317 1.67158 0.262869 0.255339 0.913043 0.179037
0.0124162 -0.000338049 1.67131 0.261785 0.254334 0.913422 0.180122
0.0118626 -0.000843986 1.67103 0.2607 0.253326 0.913798 0.181204
0.0113108 -0.00135149 1.67076 0.259614 0.252315 0.914172 0.182286
0.0107607 -0.00186057 1.67048 0.258526 0.251301 0.914543 0.183365
0.0102124 -0.00237121 1.67021 0.257437 0.250285 0.914912 0.184443
0.00966581 -0.00288341 1.66993 0.256347 0.249266 0.915279 0.185519
0.00912104 -0.00339717 1.66965 0.255255 0.248244 0.915643 0.186594
0.00857805 -0.00391248 1.66937 0.254162 0.247219 0.916005 0.187667
0.00803684 -0.00442935 1.66909 0.253068 0.246192 0.916365 0.188738
0.00749742 -0.00494778 1.66882 0.251972 0.245162 0.916722 0.189807
0.00695979 -0.00546775 1.66854 0.250876 0.244129 0.917076 0.190875
0.00642396 -0.00598927 1.66826 0.249777 0.243094 0.917428 0.191941
0.00588993 -0.00651234 1.66798 0.248678 0.242056 0.917778 0.193006
0.0053577 -0.00703694 1.6677 0.247577 0.241015 0.918126 0.194069
0.00482728 -0.00756309 1.66742 0.246475 0.239972 0.91847 0.19513
0.00429868 -0.00809077 1.66713 0.245372 0.238926 0.918813 0.196189
0.00372807 -0.00866415 1.66683 0.244176 0.237789 0.919181 0.197335
0.00315961 -0.00923934 1.66652 0.242977 0.23665 0.919546 0.198479
0.00259329 -0.00981631 1.66622 0.241778 0.235508 0.919908 0.199621
0.00202913 -0.0103951 1.66591 0.240577 0.234362 0.920268 0.20076
0.00146711 -0.0109756 1.6656 0.239375 0.233213 0.920624 0.201898
0.000907266 -0.011558 1.66529 0.238171 0.232062 0.920977 0.203034
0.000349585 -0.0121421 1.66498 0.236965 0.230907 0.921328 0.204168
-0.000205923 -0.012728 1.66468 0.235759 0.229749 0.921675 0.205299
-0.000759251 -0.0133156 1.66437 0.23455 0.228588 0.92202 0.206429
-0.00131039 -0.013905 1.66405 0.233341 0.227424 0.922362 0.207557
-0.00185935 -0.0144962 1.66374 0.23213 0.226257 0.9227 0.208682
-0.0024061 -0.0150892 1.66343 0.230917 0.225086 0.923036 0.209806
-0.00290885 -0.0156381 1.66314 0.229797 0.224003 0.923343 0.210841
-0.00340971 -0.0161885 1.66286 0.228676 0.222918 0.923647 0.211874
-0.00390869 -0.0167404 1.66257 0.227553 0.22183 0.923949 0.212906
-0.00440578 -0.0172938 1.66228 0.226429 0.220739 0.924249 0.213936
-0.00490098 -0.0178486 1.66199 0.225304 0.219646 0.924545 0.214964
-0.00539427 -0.018405 1.6617 0.224178 0.218551 0.92484 0.21599
-0.00588567 -0.0189628 1.66141 0.22305 0.217452 0.925131 0.217015
-0.00637515 -0.0195221 1.66111 0.221922 0.216351 0.92542 0.218038
-0.00686273 -0.0200828 1.66082 0.220792 0.215248 0.925706 0.219059
-0.00734838 -0.0206451 1.66053 0.219661 0.214142 0.92599 0.220078
-0.00783212 -0.0212088 1.66024 0.21853 0.213034 0.926271 0.221095
-0.00831393 -0.021774 1.65994 0.217397 0.211923 0.92655 0.222111
-0.00879381 -0.0223406 1.65965 0.216262 0.210809 0.926825 0.223125
-0.0093115 -0.0229561 1.65933 0.215033 0.2096 0.927121 0.224221
-0.00982691 -0.0235733 1.65901 0.213801 0.208388 0.927414 0.225315
-0.01034 -0.0241922 1.65869 0.212569 0.207173 0.927703 0.226407
-0.0108509 -0.0248128 1.65837 0.211335 0.205955 0.92799 0.227497
-0.0113594 -0.0254351 1.65805 0.2101 0.204734 0.928273 0.228585
-0.0118657 -0.0260591 1.65773 0.208864 0.203511 0.928553 0.22967
-0.0123696 -0.0266848 1.65741 0.207626 0.202284 0.92883 0.230753
-0.0128712 -0.0273121 1.65708 0.206388 0.201055 0.929104 0.231835
-0.0133706 -0.0279411 1.65676 0.205148 0.199822 0.929374 0.232914
-0.0138675 -0.0285718 1.65644 0.203906 0.198587 0.929642 0.233991
-0.0143622 -0.0292042 1.65611 0.202664 0.197349 0.929906 0.235065
-0.0148545 -0.0298382 1.65579 0.20142 0.196108 0.930167 0.236138
-0.0153069 -0.030425 1.65549 0.200271 0.19496 0.930405 0.237126
-0.0157573 -0.0310131 1.65519 0.199121 0.193809 0.93064 0.238112
-0.0162057 -0.0316027 1.65489 0.19797 0.192656 0.930873 0.239096
-0.0166521 -0.0321936 1.65458 0.196818 0.191501 0.931103 0.240079
-0.0170964 -0.032786 1.65428 0.195664 0.190343 0.93133 0.24106
-0.0175388 -0.0333797 1.65398 0.19451 0.189183 0.931554 0.242038
-0.0179791 -0.0339749 1.65368 0.193355 0.188021 0.931776 0.243015
-0.0184174 -0.0345714 1.65337 0.192199 0.186856 0.931994 0.24399
-0.0188536 -0.0351693 1.65307 0.191042 0.185689 0.93221 0.244963
-0.0192879 -0.0357686 1.65276 0.189884 0.184519 0.932423 0.245934
-0.0197201 -0.0363693 1.65246 0.188725 0.183347 0.932634 0.246904
-0.0201502 -0.0369714 1.65215 0.187565 0.182173 0.932841 0.247871
-0.0205783 -0.0375748 1.65184 0.186404 0.180996 0.933046 0.248836
-0.0210398 -0.03823 1.65151 0.185145 0.179719 0.933264 0.24988
-0.0214988 -0.0388869 1.65118 0.183885 0.178438 0.93348 0.250922
-0.0219554 -0.0395453 1.65085 0.182624 0.177156 0.933692 0.251961
-0.0224096 -0.0402054 1.65051 0.181362 0.17587 0.9339 0.252998
-0.0228614 -0.040867 1.65018 0.180099 0.174582 0.934106 0.254033
-0.0233107 -0.0415302 1.64984 0.178835 0.173291 0.934307 0.255065
-0.0237576 -0.042195 1.64951 0.177569 0.171997 0.934506 0.256095
-0.024202 -0.0428613 1.64917 0.176303 0.170701 0.934701 0.257123
-0.024644 -0.0435292 1.64883 0.175035 0.169401 0.934893 0.258149
-0.0250835 -0.0441987 1.64849 0.173767 0.1681 0.935081 0.259172
-0.0255206 -0.0448697 1.64816 0.172497 0.166795 0.935266 0.260193
-0.0259551 -0.0455422 1.64782 0.171227 0.165488 0.935448 0.261212
-0.0263872 -0.0462164 1.64748 0.169955 0.164179 0.935626 0.262229
-0.0268168 -0.046892 1.64714 0.168683 0.162866 0.935801 0.263243
-0.027244 -0.0475692 1.6468 0.167409 0.161551 0.935973 0.264255
-0.0276686 -0.0482479 1.64646 0.166135 0.160234 0.936141 0.265264
-0.0280907 -0.0489281 1.64611 0.164859 0.158913 0.936305 0.266272
-0.0285103 -0.0496099 1.64577 0.163583 0.157591 0.936466 0.267276
-0.0289274 -0.0502931 1.64543 0.162305 0.156265 0.936624 0.268279
-0.029342 -0.0509779 1.64508 0.161027 0.154937 0.936778 0.269279
-0.029754 -0.0516642 1.64474 0.159747 0.153607 0.936929 0.270277
-0.0301636 -0.0523519 1.64439 0.158467 0.152274 0.937076 0.271273
-0.0305706 -0.0530412 1.64405 0.157186 0.150938 0.93722 0.272266
-0.030975 -0.0537319 1.6437 0.155903 0.1496 0.93736 0.273257
-0.0313461 -0.0543708 1.64338 0.154719 0.148362 0.937487 0.27417
-0.031715 -0.055011 1.64306 0.153534 0.147122 0.93761 0.275081
-0.0320817 -0.0556524 1.64274 0.152348 0.145881 0.937731 0.275989
-0.0324462 -0.0562951 1.64242 0.151161 0.144637 0.937848 0.276896
-0.0328086 -0.056939 1.6421 0.149974 0.143391 0.937963 0.277801
-0.0331687 -0.0575842 1.64178 0.148785 0.142142 0.938074 0.278703
-0.0335266 -0.0582305 1.64145 0.147596 0.140892 0.938183 0.279604
-0.0338824 -0.0588782 1.64113 0.146407 0.139639 0.938288 0.280502
-0.0342359 -0.059527 1.6408 0.145216 0.138385 0.93839 0.281399
-0.0345873 -0.060177 1.64048 0.144025 0.137128 0.93849 0.282293
-0.0349364 -0.0608283 1.64015 0.142833 0.13587 0.938586 0.283186
-0.0352833 -0.0614808 1.63983 0.14164 0.134609 0.938679 0.284076
-0.0356279 -0.0621345 1.6395 0.140447 0.133346 0.93877 0.284965
-0.0359704 -0.0627893 1.63917 0.139253 0.132081 0.938857 0.285851
-0.0363106 -0.0634454 1.63885 0.138058 0.130814 0.938941 0.286736
-0.0366485 -0.0641027 1.63852 0.136863 0.129545 0.939022 0.287618
-0.0369843 -0.0647611 1.63819 0.135667 0.128274 0.9391 0.288498
-0.0373177 -0.0654208 1.63786 0.13447 0.127 0.939175 0.289376
-0.037649 -0.0660816 1.63753 0.133273 0.125725 0.939247 0.290253
-0.0379779 -0.0667436 1.6372 0.132074 0.124448 0.939316 0.291127
-0.0383046 -0.0674067 1.63687 0.130876 0.123169 0.939382 0.291999
-0.0386291 -0.068071 1.63654 0.129676 0.121888 0.939444 0.292869
-0.0389512 -0.0687365 1.63621 0.128476 0.120604 0.939504 0.293737
-0.0392711 -0.0694031 1.63588 0.127275 0.119319 0.93956 0.294602
-0.0395888 -0.0700708 1.63554 0.126074 0.118032 0.939613 0.295466
-0.0399041 -0.0707397 1.63521 0.124872 0.116743 0.939664 0.296328
-0.0402431 -0.0714657 1.63485 0.123569 0.115344 0.939715 0.297259
-0.0405795 -0.0721929 1.63449 0.122266 0.113943 0.939762 0.298188
-0.0409131 -0.0729215 1.63412 0.120962 0.11254 0.939805 0.299114
-0.0412441 -0.0736514 1.63376 0.119657 0.111134 0.939845 0.300038
-0.0415723 -0.0743826 1.63339 0.118351 0.109726 0.939881 0.300959
-0.0418978 -0.0751151 1.63303 0.117045 0.108316 0.939914 0.301878
-0.0422207 -0.0758488 1.63266 0.115738 0.106903 0.939942 0.302795
-0.0425407 -0.0765839 1.6323 0.11443 0.105489 0.939968 0.303709
-0.0428581 -0.0773203 1.63193 0.113122 0.104072 0.939989 0.30462
-0.0431727 -0.0780579 1.63156 0.111813 0.102652 0.940007 0.305529
-0.0434846 -0.0787968 1.63119 0.110503 0.101231 0.94002 0.306436
-0.0437938 -0.0795369 1.63083 0.109193 0.0998076 0.940031 0.30734
-0.0440767 -0.0802212 1.63048 0.107983 0.0984916 0.940037 0.308172
-0.0443573 -0.0809066 1.63014 0.106772 0.0971737 0.94004 0.309003
-0.0446355 -0.0815931 1.6298 0.105561 0.095854 0.940039 0.309831
-0.0449114 -0.0822806 1.62946 0.10435 0.0945325 0.940036 0.310657
-0.0451849 -0.0829691 1.62911 0.103138 0.0932091 0.940029 0.311481
-0.045456 -0.0836587 1.62877 0.101925 0.0918839 0.940019 0.312302
-0.0457248 -0.0843493 1.62842 0.100712 0.0905569 0.940006 0.313122
-0.0459912 -0.0850409 1.62808 0.0994987 0.089228 0.939989 0.31394
-0.0462552 -0.0857336 1.62773 0.0982847 0.0878974 0.93997 0.314755
-0.0465169 -0.0864273 1.62739 0.0970702 0.086565 0.939947 0.315568
-0.0467762 -0.087122 1.62704 0.0958552 0.0852308 0.939921 0.316379
-0.047033 -0.0878177 1.62669 0.0946398 0.0838948 0.939892 0.317188
-0.0472875 -0.0885144 1.62634 0.093424 0.082557 0.939859 0.317995
-0.0475605 -0.0892702 1.62597 0.0921063 0.0811058 0.93982 0.318867
-0.0478307 -0.0900273 1.62559 0.0907881 0.0796525 0.939778 0.319736
-0.048098 -0.0907854 1.62521 0.0894694 0.0781972 0.939731 0.320603
-0.0483625 -0.0915448 1.62483 0.0881502 0.0767398 0.939681 0.321467
-0.0486242 -0.0923052 1.62445 0.0868305 0.0752804 0.939626 0.322328
-0.048883 -0.0930668 1.62407 0.0855104 0.073819 0.939568 0.323188
-0.049139 -0.0938295 1.62368 0.0841897 0.0723556 0.939506 0.324044
-0.0493921 -0.0945934 1.6233 0.0828686 0.0708902 0.939441 0.324898
-0.0496424 -0.0953583 1.62292 0.0815471 0.0694228 0.939371 0.325749
-0.0498898 -0.0961243 1.62253 0.0802251 0.0679535 0.939297 0.326598
-0.0501344 -0.0968914 1.62215 0.0789027 0.0664821 0.93922 0.327445
-0.0503761 -0.0976596 1.62176 0.0775798 0.0650089 0.939139 0.328289
-0.0505966 -0.0983697 1.62141 0.0763583 0.0636472 0.93906 0.329065
-0.0508147 -0.0990807 1.62105 0.0751365 0.0622839 0.938979 0.32984
-0.0510303 -0.0997925 1.62069 0.0739143 0.0609189 0.938894 0.330612
-0.0512435 -0.100505 1.62033 0.0726918 0.0595524 0.938805 0.331382
-0.0514542 -0.101219 1.61997 0.071469 0.0581842 0.938714 0.33215
-0.0516624 -0.101934 1.61961 0.0702458 0.0568143 0.938619 0.332916
-0.0518682 -0.102649 1.61925 0.0690224 0.0554429 0.93852 0.333679
-0.0520714 -0.103365 1.61889 0.0677986 0.0540699 0.938418 0.334441
-0.0522722 -0.104082 1.61853 0.0665745 0.0526953 0.938313 0.3352
-0.0524706 -0.1048 1.61817 0.0653501 0.0513191 0.938205 0.335957
-0.0526664 -0.105519 1.61781 0.0641254 0.0499414 0.938093 0.336712
-0.0528597 -0.106239 1.61744 0.0629005 0.0485621 0.937978 0.337464
-0.0530505 -0.10696 1.61708 0.0616752 0.0471812 0.93786 0.338215
-0.0532545 -0.107741 1.61668 0.0603476 0.0456835 0.937728 0.339025
-0.0534554 -0.108524 1.61629 0.0590196 0.0441841 0.937592 0.339833
-0.0536535 -0.109307 1.61589 0.0576914 0.0426828 0.937452 0.340638
-0.0538485 -0.110091 1.6155 0.0563629 0.0411797 0.937308 0.341441
-0.0540407 -0.110877 1.6151 0.055034 0.0396749 0.93716 0.342241
-0.0542298 -0.111663 1.6147 0.0537049 0.0381683 0.937008 0.343039
-0.054416 -0.11245 1.6143 0.0523756 0.03666 0.936852 0.343834
-0.0545993 -0.113239 1.6139 0.051046 0.03515 0.936692 0.344626
-0.0547795 -0.114028 1.6135 0.0497161 0.0336382 0.936528 0.345416
-0.0549568 -0.114818 1.6131 0.048386 0.0321247 0.93636 0.346203
-0.0551311 -0.115608 1.61269 0.0470557 0.0306095 0.936188 0.346988
-0.0553024 -0.1164 1.61229 0.0457251 0.0290926 0.936012 0.34777
-0.0554579 -0.117132 1.61192 0.0444967 0.0276909 0.935847 0.348489
-0.0556109 -0.117864 1.61154 0.0432682 0.0262877 0.935677 0.349206
-0.0557612 -0.118597 1.61117 0.0420394 0.0248832 0.935504 0.349921
-0.0559091 -0.119331 1.61079 0.0408105 0.0234772 0.935328 0.350634
-0.0560543 -0.120065 1.61042 0.0395815 0.0220699 0.935149 0.351345
-0.056197 -0.120801 1.61004 0.0383523 0.0206611 0.934966 0.352053
-0.0563371 -0.121537 1.60967 0.0371229 0.019251 0.934779 0.352759
-0.0564747 -0.122273 1.60929 0.0358935 0.0178395 0.934589 0.353463
-0.0566097 -0.123011 1.60891 0.0346639 0.0164267 0.934396 0.354165
-0.0567421 -0.123749 1.60853 0.0334342 0.0150125 0.934199 0.354864
-0.0568719 -0.124487 1.60815 0.0322043 0.0135969 0.933999 0.355561
-0.0569991 -0.125227 1.60777 0.0309744 0.01218 0.933795 0.356256
-0.0571237 -0.125966 1.60739 0.0297444 0.0107618 0.933588 0.356949
-0.0572558 -0.126769 1.60698 0.0284117 0.00922393 0.93336 0.357697
-0.0573849 -0.127572 1.60656 0.027079 0.0076845 0.933128 0.358442
-0.0575109 -0.128376 1.60615 0.0257461 0.00614355 0.932891 0.359185
-0.0576338 -0.129181 1.60573 0.0244132 0.00460109 0.932651 0.359925
-0.0577537 -0.129986 1.60531 0.0230802 0.00305713 0.932406 0.360662
-0.0578705 -0.130792 1.6049 0.0217472 0.00151167 0.932157 0.361397
-0.0579843 -0.131599 1.60448 0.0204141 -3.52645e-05 0.931905 0.362129
-0.0580949 -0.132406 1.60406 0.0190809 -0.00158367 0.931648 0.362858
-0.0582025 -0.133215 1.60364 0.0177477 -0.00313353 0.931387 0.363585
-0.0583071 -0.134023 1.60322 0.0164145 -0.00468483 0.931122 0.364309
-0.0584085 -0.134833 1.6028 0.0150813 -0.00623757 0.930852 0.365031
-0.0585069 -0.135643 1.60238 0.013748 -0.00779174 0.930579 0.365749
-0.0585949 -0.136392 1.60198 0.0125173 -0.0092276 0.930323 0.366411
-0.0586803 -0.137141 1.60159 0.0112866 -0.0106647 0.930064 0.367069
-0.0587631 -0.13789 1.6012 0.0100559 -0.0121029 0.929801 0.367726
-0.0588432 -0.13864 1.60081 0.00882522 -0.0135423 0.929535 0.368381
-0.0589207 -0.139391 1.60042 0.00759457 -0.0149829 0.929265 0.369033
-0.0589955 -0.140142 1.60002 0.00636395 -0.0164246 0.928991 0.369683
-0.0590677 -0.140894 1.59963 0.00513337 -0.0178675 0.928714 0.37033
-0.0591372 -0.141646 1.59923 0.00390284 -0.0193116 0.928434 0.370975
-0.0592041 -0.142398 1.59883 0.00267235 -0.0207567 0.92815 0.371619
-0.0592683 -0.143152 1.59844 0.00144193 -0.022203 0.927862 0.372259
-0.0593298 -0.143905 1.59804 0.000211567 -0.0236504 0.927571 0.372898
-0.0593887 -0.144659 1.59764 -0.00101872 -0.0250989 0.927276 0.373534
-0.0594449 -0.145414 1.59724 -0.00224893 -0.0265484 0.926978 0.374168
-0.0595079 -0.146306 1.59677 -0.0037027 -0.028263 0.926621 0.374914
-0.0595671 -0.147199 1.5963 -0.00515634 -0.029979 0.926259 0.375658
-0.0596226 -0.148092 1.59582 -0.00660984 -0.0316966 0.925892 0.376398
-0.0596744 -0.148987 1.59535 -0.00806318 -0.0334156 0.92552 0.377134
-0.0597224 -0.149881 1.59487 -0.00951636 -0.035136 0.925144 0.377868
-0.0597666 -0.150777 1.59439 -0.0109694 -0.0368579 0.924762 0.378598
-0.0598072 -0.151672 1.59391 -0.0124222 -0.0385812 0.924375 0.379326
-0.0598439 -0.152569 1.59343 -0.0138748 -0.0403059 0.923983 0.38005
-0.0598769 -0.153466 1.59295 -0.0153272 -0.042032 0.923587 0.38077
-0.0599061 -0.154363 1.59247 -0.0167794 -0.0437595 0.923185 0.381488
-0.0599315 -0.155261 1.59199 -0.0182313 -0.0454884 0.922778 0.382203
