0.08 -0.01 2.773 1 0 0 0
0.08715 -0.00966818 2.77285 0.999995 -5.17784e-07 0.00223819 0.00226899
0.0942979 -0.00928769 2.77266 0.99998 -5.12401e-06 0.00447638 0.00453792
0.101443 -0.00885854 2.77244 0.999954 -1.38188e-05 0.00671455 0.00680673
0.108585 -0.00838076 2.77219 0.999919 -2.66023e-05 0.00895271 0.00907537
0.115724 -0.00785435 2.7719 0.999873 -4.34747e-05 0.0111908 0.0113438
0.122859 -0.00727936 2.77158 0.999817 -6.44362e-05 0.0134289 0.0136119
0.129989 -0.00665581 2.77123 0.999751 -8.94869e-05 0.0156669 0.0158797
0.137115 -0.00598374 2.77084 0.999675 -0.000118627 0.0179048 0.0181471
0.144236 -0.00526317 2.77041 0.999589 -0.000151857 0.0201427 0.0204141
0.151352 -0.00449415 2.76995 0.999492 -0.000189177 0.0223804 0.0226806
0.158461 -0.00367672 2.76946 0.999386 -0.000230588 0.0246181 0.0249465
0.165564 -0.00281094 2.76894 0.999269 -0.000276089 0.0268556 0.0272119
0.17266 -0.00189683 2.76838 0.999142 -0.000325681 0.029093 0.0294765
0.17975 -0.000934472 2.76779 0.999005 -0.000379364 0.0313303 0.0317405
0.186831 7.60933e-05 2.76716 0.998858 -0.000437139 0.0335674 0.0340037
0.193905 0.0011348 2.7665 0.9987 -0.000499006 0.0358043 0.0362661
0.200971 0.0022416 2.7658 0.998533 -0.000564966 0.0380411 0.0385276
0.208027 0.0033964 2.76507 0.998355 -0.000635019 0.0402777 0.0407881
0.215075 0.00459916 2.76431 0.998168 -0.000709165 0.042514 0.0430477
0.222113 0.00584978 2.76351 0.99797 -0.000787405 0.0447502 0.0453063
0.229141 0.00714821 2.76268 0.997762 -0.000869739 0.0469861 0.0475637
0.236159 0.00849435 2.76182 0.997544 -0.000956169 0.0492218 0.04982
0.243166 0.00988813 2.76092 0.997316 -0.00104669 0.0514572 0.0520751
0.250161 0.0113295 2.75999 0.997078 -0.00114131 0.0536924 0.054329
0.257145 0.0128182 2.75902 0.99683 -0.00124003 0.0559273 0.0565816
0.264117 0.0143544 2.75803 0.996571 -0.00134285 0.0581619 0.0588328
0.271077 0.0159378 2.75699 0.996303 -0.00144976 0.0603962 0.0610825
0.278024 0.0175684 2.75593 0.996024 -0.00156077 0.0626302 0.0633309
0.284958 0.0192461 2.75483 0.995736 -0.00167588 0.0648639 0.0655776
0.291878 0.0209708 2.75369 0.995437 -0.00179509 0.0670973 0.0678229
0.298785 0.0227423 2.75253 0.995128 -0.0019184 0.0693303 0.0700665
0.305676 0.0245605 2.75132 0.99481 -0.00204581 0.0715629 0.0723084
0.312554 0.0264254 2.75009 0.994481 -0.00217733 0.0737952 0.0745485
0.319416 0.0283368 2.74882 0.994142 -0.00231294 0.0760271 0.0767869
0.326262 0.0302946 2.74752 0.993793 -0.00245266 0.0782585 0.0790234
0.333093 0.0322986 2.74619 0.993434 -0.00259648 0.0804896 0.0812581
0.339907 0.0343488 2.74482 0.993066 -0.00274441 0.0827203 0.0834908
0.346704 0.036445 2.74342 0.992687 -0.00289645 0.0849505 0.0857215
0.353485 0.038587 2.74198 0.992298 -0.00305259 0.0871803 0.0879501
0.360247 0.0407748 2.74051 0.991899 -0.00321284 0.0894096 0.0901766
0.366992 0.0430082 2.73901 0.99149 -0.0033772 0.0916385 0.0924009
0.373719 0.0452871 2.73748 0.991072 -0.00354566 0.0938669 0.0946231
0.380427 0.0476112 2.73591 0.990643 -0.00371824 0.0960948 0.0968429
0.387116 0.0499805 2.73431 0.990204 -0.00389493 0.0983222 0.0990605
0.393786 0.0523948 2.73267 0.989756 -0.00407573 0.100549 0.101276
0.400436 0.054854 2.731 0.989297 -0.00426064 0.102775 0.103488
0.407065 0.0573578 2.7293 0.988829 -0.00444967 0.105001 0.105699
0.413674 0.0599062 2.72757 0.988351 -0.00464281 0.107226 0.107906
0.420263 0.0624989 2.7258 0.987863 -0.00484007 0.109451 0.110111
0.426829 0.0651358 2.724 0.987365 -0.00504145 0.111675 0.112314
0.433375 0.0678167 2.72217 0.986857 -0.00524694 0.113899 0.114514
0.439898 0.0705415 2.7203 0.986339 -0.00545655 0.116122 0.116711
0.446398 0.0733099 2.71841 0.985811 -0.00567028 0.118344 0.118905
0.452876 0.0761218 2.71647 0.985274 -0.00588814 0.120565 0.121096
0.459331 0.078977 2.71451 0.984727 -0.00611011 0.122786 0.123285
0.465762 0.0818753 2.71251 0.98417 -0.00633621 0.125007 0.12547
0.47217 0.0848165 2.71048 0.983603 -0.00656644 0.127226 0.127653
0.478553 0.0878005 2.70842 0.983027 -0.00680079 0.129445 0.129832
0.484911 0.090827 2.70633 0.98244 -0.00703927 0.131664 0.132009
0.491244 0.0938958 2.7042 0.981844 -0.00728187 0.133881 0.134182
0.497553 0.0970068 2.70204 0.981238 -0.00752861 0.136098 0.136352
0.503835 0.10016 2.69985 0.980623 -0.00777947 0.138314 0.138519
0.510091 0.103354 2.69762 0.979998 -0.00803447 0.14053 0.140682
0.516321 0.10659 2.69537 0.979363 -0.0082936 0.142744 0.142842
0.522525 0.109868 2.69308 0.978718 -0.00855686 0.144958 0.144999
0.528701 0.113189 2.69076 0.978063 -0.00882427 0.147172 0.147156
0.534849 0.116556 2.6884 0.977397 -0.00909583 0.149385 0.149317
0.54097 0.119972 2.68601 0.97672 -0.00937157 0.151599 0.151486
0.547062 0.123438 2.68359 0.97603 -0.00965149 0.153814 0.153668
0.553125 0.126959 2.68114 0.975327 -0.0099356 0.15603 0.155865
0.559158 0.130537 2.67865 0.974609 -0.0102239 0.158248 0.158082
0.56516 0.134174 2.67613 0.973877 -0.0105165 0.160467 0.160322
0.571131 0.137874 2.67358 0.973129 -0.0108133 0.162689 0.162589
0.577069 0.14164 2.67099 0.972364 -0.0111144 0.164914 0.164888
0.582975 0.145475 2.66837 0.971581 -0.0114198 0.167142 0.16722
0.588845 0.149383 2.66571 0.97078 -0.0117295 0.169374 0.169592
0.59468 0.153366 2.66301 0.969958 -0.0120435 0.17161 0.172005
0.600478 0.157429 2.66029 0.969116 -0.0123619 0.17385 0.174463
0.606237 0.161575 2.65752 0.968251 -0.0126847 0.176095 0.176971
0.611957 0.165808 2.65472 0.967363 -0.0130119 0.178346 0.179532
0.617634 0.170132 2.65189 0.96645 -0.0133435 0.180602 0.18215
0.623269 0.17455 2.64901 0.965511 -0.0136795 0.182864 0.184827
0.628859 0.179067 2.6461 0.964545 -0.0140201 0.185133 0.187569
0.634401 0.183686 2.64315 0.96355 -0.0143652 0.187408 0.190377
0.639895 0.188411 2.64017 0.962524 -0.0147148 0.189691 0.193256
0.645337 0.193248 2.63714 0.961467 -0.0150691 0.191982 0.196209
0.650725 0.1982 2.63408 0.960375 -0.0154279 0.194281 0.199239
0.656057 0.203271 2.63098 0.959249 -0.0157914 0.196588 0.202351
0.66133 0.208466 2.62784 0.958085 -0.0161595 0.198905 0.205546
0.666541 0.213789 2.62466 0.956882 -0.0165324 0.20123 0.208829
0.671688 0.219245 2.62144 0.955639 -0.0169101 0.203566 0.212203
0.676767 0.224838 2.61817 0.954352 -0.0172925 0.205912 0.21567
0.681774 0.230573 2.61487 0.95302 -0.0176797 0.208268 0.219235
0.686706 0.236455 2.61152 0.951642 -0.0180718 0.210636 0.2229
0.69156 0.242488 2.60814 0.950213 -0.0184688 0.213015 0.226668
0.696332 0.248677 2.6047 0.948733 -0.0188708 0.215406 0.230542
0.701017 0.255027 2.60123 0.947199 -0.0192777 0.21781 0.234525
0.705621 0.261531 2.59771 0.94561 -0.0196889 0.220227 0.238609
0.71015 0.268184 2.59413 0.943968 -0.0201036 0.22266 0.242782
0.714611 0.274977 2.59051 0.942273 -0.020521 0.225109 0.247035
0.719009 0.281906 2.58682 0.940526 -0.0209402 0.227577 0.25136
0.723352 0.288961 2.58308 0.938727 -0.0213605 0.230064 0.255746
0.727647 0.296137 2.57927 0.936878 -0.0217808 0.232573 0.260184
0.7319 0.303426 2.57538 0.934979 -0.0222004 0.235104 0.264664
0.736118 0.31082 2.57143 0.933033 -0.0226182 0.237659 0.269178
0.74031 0.318312 2.56739 0.931039 -0.0230331 0.240239 0.273716
0.744483 0.325894 2.56328 0.929001 -0.0234443 0.242846 0.278269
0.748646 0.333557 2.55908 0.926919 -0.0238504 0.245482 0.282826
0.752807 0.341295 2.55478 0.924796 -0.0242505 0.248148 0.287381
0.756974 0.349098 2.55039 0.922633 -0.0246434 0.250844 0.291922
0.761157 0.356958 2.5459 0.920433 -0.0250278 0.253574 0.296441
0.765365 0.364867 2.5413 0.918198 -0.0254024 0.256337 0.300929
0.769608 0.372814 2.53659 0.915931 -0.0257659 0.259136 0.305378
0.773896 0.380793 2.53176 0.913634 -0.026117 0.261972 0.309778
0.778239 0.388792 2.52681 0.91131 -0.0264542 0.264846 0.31412
0.782647 0.396804 2.52174 0.908962 -0.0267759 0.26776 0.318396
0.787133 0.404817 2.51653 0.906593 -0.0270807 0.270716 0.322598
0.791707 0.412822 2.51118 0.904206 -0.0273668 0.273714 0.326716
0.79638 0.420808 2.50568 0.901805 -0.0276327 0.276755 0.330742
0.801165 0.428766 2.50004 0.899393 -0.0278765 0.279843 0.334668
0.806074 0.436683 2.49423 0.896974 -0.0280963 0.282976 0.338485
0.811119 0.444549 2.48827 0.894551 -0.0282904 0.286158 0.342186
0.816314 0.452351 2.48213 0.892128 -0.0284565 0.289389 0.345762
0.82167 0.460077 2.47581 0.889709 -0.0285928 0.292671 0.349205
0.827202 0.467714 2.46931 0.887297 -0.0286969 0.296005 0.352507
0.832924 0.47525 2.46262 0.884897 -0.0287666 0.299392 0.35566
0.838848 0.482669 2.45573 0.882512 -0.0287995 0.302833 0.358657
0.844989 0.489958 2.44863 0.880147 -0.0287932 0.30633 0.361489
0.85136 0.4971 2.44131 0.877805 -0.028745 0.309883 0.364149
0.857954 0.504099 2.43378 0.875484 -0.0286545 0.313492 0.366647
0.864759 0.510956 2.42604 0.873182 -0.0285214 0.317153 0.368989
0.871765 0.517674 2.41808 0.870898 -0.0283451 0.320867 0.371185
0.878962 0.524255 2.40991 0.868628 -0.0281253 0.32463 0.373243
0.886338 0.530702 2.40152 0.866369 -0.0278618 0.328442 0.375172
0.893883 0.537016 2.39293 0.86412 -0.0275541 0.3323 0.376979
0.901585 0.543202 2.38412 0.861878 -0.0272022 0.336203 0.378673
0.909431 0.549263 2.37511 0.85964 -0.0268057 0.340149 0.380262
0.917409 0.555201 2.36588 0.857402 -0.0263646 0.344137 0.381755
0.925507 0.561021 2.35646 0.855162 -0.0258788 0.348163 0.383158
0.933712 0.566727 2.34682 0.852917 -0.0253484 0.352228 0.38448
0.94201 0.572324 2.33699 0.850664 -0.0247732 0.356328 0.385729
0.950387 0.577817 2.32696 0.848399 -0.0241535 0.360463 0.386913
0.958831 0.583212 2.31673 0.84612 -0.0234896 0.36463 0.388039
0.967327 0.588514 2.30631 0.843823 -0.0227815 0.368828 0.389114
0.975861 0.593731 2.29569 0.841505 -0.0220297 0.373054 0.390147
0.984418 0.598869 2.28489 0.839163 -0.0212347 0.377308 0.391144
0.992983 0.603936 2.27391 0.836793 -0.0203969 0.381587 0.392114
1.00154 0.60894 2.26274 0.834392 -0.0195169 0.385889 0.393062
1.01008 0.613891 2.2514 0.831958 -0.0185955 0.390213 0.393998
1.01858 0.618797 2.23989 0.829486 -0.0176333 0.394558 0.394926
1.02703 0.623669 2.22821 0.826973 -0.0166313 0.398921 0.395856
1.03542 0.628516 2.21637 0.824416 -0.0155904 0.4033 0.396793
1.04372 0.633351 2.20438 0.821812 -0.0145116 0.407695 0.397744
1.05192 0.638185 2.19223 0.819156 -0.0133961 0.412103 0.398716
1.06001 0.64303 2.17993 0.816447 -0.0122452 0.416522 0.399716
1.06797 0.647898 2.1675 0.813681 -0.0110601 0.420952 0.40075
1.07578 0.652803 2.15492 0.810853 -0.00984231 0.425391 0.401825
1.08343 0.657759 2.14222 0.807961 -0.00859333 0.429836 0.402946
1.0909 0.66278 2.1294 0.805002 -0.0073148 0.434287 0.40412
1.09818 0.66788 2.11647 0.801971 -0.00600844 0.438743 0.405353
1.10525 0.673074 2.10342 0.798866 -0.00467608 0.4432 0.40665
1.1121 0.678359 2.09027 0.795689 -0.00331815 0.447659 0.408007
1.11875 0.683728 2.07702 0.792441 -0.00193508 0.452117 0.409418
1.12517 0.689176 2.06367 0.789127 -0.000527388 0.456573 0.410878
1.13138 0.694699 2.05024 0.785747 0.000904427 0.461024 0.412381
1.13738 0.700291 2.03673 0.782304 0.00235981 0.465469 0.413923
1.14315 0.705946 2.02313 0.778802 0.0038382 0.469907 0.415499
1.14871 0.711658 2.00946 0.775243 0.00533898 0.474336 0.417103
1.15405 0.717421 1.99573 0.771629 0.00686152 0.478755 0.418732
1.15917 0.72323 1.98193 0.767962 0.00840516 0.483161 0.420379
1.16408 0.729077 1.96808 0.764247 0.00996922 0.487553 0.422041
1.16877 0.734958 1.95418 0.760486 0.011553 0.491929 0.423714
1.17324 0.740864 1.94023 0.756681 0.0131558 0.496289 0.425392
1.1775 0.74679 1.92624 0.752836 0.0147767 0.500629 0.427071
1.18155 0.752729 1.91222 0.748953 0.0164151 0.50495 0.428748
1.18539 0.758674 1.89818 0.745036 0.0180702 0.509249 0.430418
1.18902 0.764619 1.88411 0.741088 0.0197411 0.513524 0.432078
1.19245 0.770556 1.87003 0.737112 0.0214269 0.517775 0.433723
1.19567 0.77648 1.85594 0.733111 0.0231269 0.522 0.43535
1.1987 0.782383 1.84185 0.729088 0.0248401 0.526197 0.436956
1.20153 0.788258 1.82776 0.725047 0.0265656 0.530365 0.438537
1.20417 0.794099 1.81368 0.720991 0.0283026 0.534502 0.440089
1.20662 0.799899 1.79962 0.716923 0.0300501 0.538607 0.44161
1.20889 0.80565 1.78558 0.712848 0.0318072 0.542679 0.443098
1.21098 0.811347 1.77157 0.708767 0.0335728 0.546717 0.444548
1.21289 0.816982 1.75759 0.704686 0.0353462 0.550718 0.445958
1.21464 0.822549 1.74366 0.700606 0.0371262 0.554682 0.447326
1.21623 0.828041 1.72977 0.696533 0.0389119 0.558607 0.448649
1.21766 0.833452 1.71594 0.692469 0.0407023 0.562492 0.449925
1.21894 0.838775 1.70216 0.688418 0.0424965 0.566336 0.451152
1.22008 0.844003 1.68845 0.684384 0.0442933 0.570137 0.452328
1.22107 0.849132 1.67482 0.68037 0.0460919 0.573895 0.453451
1.22194 0.854154 1.66126 0.67638 0.0478911 0.577607 0.454519
1.22268 0.859071 1.64778 0.672413 0.049691 0.581276 0.455533
1.22329 0.863885 1.63437 0.668469 0.0514913 0.584902 0.456495
1.22378 0.868599 1.62104 0.664548 0.0532922 0.588486 0.457406
1.22416 0.873213 1.60777 0.660648 0.0550936 0.59203 0.458267
1.22442 0.87773 1.59458 0.656771 0.0568955 0.595535 0.459079
1.22456 0.882152 1.58146 0.652914 0.0586979 0.599001 0.459843
1.2246 0.886479 1.5684 0.649078 0.060501 0.60243 0.46056
1.22453 0.890715 1.55541 0.645261 0.0623047 0.605823 0.461231
1.22435 0.89486 1.54247 0.641464 0.0641092 0.609181 0.461857
1.22407 0.898916 1.5296 0.637685 0.0659146 0.612505 0.462439
1.22369 0.902884 1.51678 0.633925 0.0677211 0.615796 0.462978
1.22321 0.906767 1.50402 0.630181 0.0695287 0.619055 0.463474
1.22263 0.910565 1.49132 0.626455 0.0713377 0.622283 0.463928
1.22196 0.91428 1.47866 0.622744 0.0731482 0.625482 0.464341
1.22119 0.917913 1.46605 0.619048 0.0749606 0.628651 0.464713
1.22033 0.921466 1.45349 0.615367 0.0767749 0.631792 0.465046
1.21938 0.924939 1.44097 0.6117 0.0785914 0.634906 0.465339
1.21834 0.928335 1.42849 0.608047 0.0804104 0.637994 0.465593
1.21721 0.931654 1.41605 0.604405 0.0822321 0.641058 0.465809
1.216 0.934896 1.40364 0.600775 0.0840569 0.644096 0.465987
1.21469 0.938064 1.39127 0.597156 0.085885 0.647112 0.466127
1.21331 0.941159 1.37892 0.593547 0.0877167 0.650105 0.46623
1.21183 0.94418 1.36661 0.589948 0.0895524 0.653077 0.466297
1.21027 0.947129 1.35431 0.586357 0.0913923 0.656028 0.466326
1.20863 0.950007 1.34205 0.582774 0.0932369 0.658959 0.46632
1.2069 0.952814 1.3298 0.579198 0.0950865 0.661871 0.466277
1.20509 0.955551 1.31756 0.575629 0.0969414 0.664765 0.466198
1.2032 0.958219 1.30534 0.572065 0.098802 0.667642 0.466084
1.20122 0.960817 1.29313 0.568506 0.100669 0.670502 0.465934
1.19916 0.963347 1.28094 0.56495 0.102542 0.673347 0.465747
1.19702 0.965809 1.26874 0.561398 0.104422 0.676176 0.465526
1.1948 0.968204 1.25655 0.557849 0.10631 0.678991 0.465268
1.19249 0.970529 1.24436 0.554302 0.108204 0.681792 0.464974
1.1901 0.972787 1.23218 0.550758 0.110106 0.684578 0.464645
1.18762 0.974974 1.22 0.547217 0.112014 0.68735 0.46428
1.18507 0.977092 1.20783 0.54368 0.11393 0.690107 0.463879
1.18243 0.97914 1.19566 0.540146 0.115852 0.69285 0.463443
1.17971 0.981118 1.18351 0.536617 0.11778 0.695578 0.462971
1.17692 0.983024 1.17136 0.533092 0.119715 0.69829 0.462463
1.17404 0.984859 1.15922 0.529572 0.121656 0.700988 0.461919
1.17109 0.986623 1.14709 0.526056 0.123603 0.703671 0.46134
1.16805 0.988314 1.13497 0.522546 0.125556 0.706338 0.460726
1.16494 0.989932 1.12287 0.519041 0.127515 0.70899 0.460075
1.16175 0.991477 1.11078 0.515542 0.129479 0.711627 0.459389
1.15848 0.992949 1.0987 0.512048 0.131449 0.714249 0.458668
1.15514 0.994347 1.08663 0.508561 0.133425 0.716855 0.457912
1.15172 0.995671 1.07458 0.505081 0.135405 0.719445 0.457119
1.14822 0.996921 1.06255 0.501607 0.137391 0.722019 0.456292
1.14465 0.998096 1.05053 0.49814 0.139382 0.724578 0.455429
1.14101 0.999195 1.03854 0.494681 0.141377 0.727121 0.454531
1.13729 1.00022 1.02656 0.491229 0.143377 0.729648 0.453598
1.1335 1.00117 1.01459 0.487785 0.145382 0.732159 0.45263
1.12963 1.00204 1.00265 0.484349 0.147391 0.734653 0.451627
1.1257 1.00283 0.990734 0.480921 0.149404 0.737132 0.450588
1.12169 1.00355 0.978836 0.477502 0.151422 0.739594 0.449515
1.11761 1.00419 0.966961 0.474092 0.153443 0.74204 0.448407
1.11346 1.00476 0.955109 0.470691 0.155468 0.744469 0.447264
1.10924 1.00524 0.94328 0.467299 0.157497 0.746882 0.446087
1.10495 1.00565 0.931477 0.463918 0.159529 0.749278 0.444874
1.10059 1.00598 0.9197 0.460546 0.161565 0.751657 0.443628
1.09633 1.00622 0.908391 0.45731 0.163527 0.753931 0.442395
1.09235 1.00638 0.897989 0.454337 0.16534 0.756014 0.441231
1.08884 1.00646 0.888929 0.451748 0.166924 0.75782 0.440192
1.08598 1.0065 0.881644 0.449668 0.168203 0.759267 0.439341
1.08344 1.0065 0.875248 0.447843 0.169329 0.760533 0.438581
1.0816 1.00648 0.870614 0.446521 0.170148 0.761449 0.438023
1.07974 1.00645 0.865985 0.445201 0.170968 0.762362 0.43746
1.07787 1.00641 0.861361 0.443882 0.171789 0.763271 0.436891
1.076 1.00635 0.856741 0.442566 0.17261 0.764179 0.436317
1.07411 1.00628 0.852127 0.441251 0.173431 0.765083 0.435737
1.07221 1.0062 0.847517 0.439938 0.174253 0.765985 0.435152
1.0703 1.00611 0.842912 0.438627 0.175075 0.766884 0.434562
1.06839 1.006 0.838312 0.437318 0.175897 0.76778 0.433966
1.06646 1.00588 0.833717 0.436011 0.17672 0.768674 0.433365
1.06452 1.00575 0.829128 0.434706 0.177543 0.769564 0.432759
1.06257 1.00561 0.824543 0.433402 0.178366 0.770452 0.432147
1.06061 1.00545 0.819964 0.432101 0.17919 0.771337 0.43153
1.05865 1.00528 0.81539 0.430801 0.180014 0.77222 0.430908
1.05667 1.0051 0.810821 0.429504 0.180839 0.773099 0.43028
1.05468 1.0049 0.806258 0.428208 0.181663 0.773976 0.429647
1.05268 1.0047 0.8017 0.426915 0.182488 0.77485 0.429009
1.05067 1.00448 0.797147 0.425623 0.183314 0.775722 0.428365
1.04866 1.00424 0.7926 0.424334 0.184139 0.77659 0.427717
1.04663 1.004 0.788059 0.423046 0.184965 0.777456 0.427062
1.04459 1.00374 0.783523 0.421761 0.185791 0.778319 0.426403
1.04255 1.00346 0.778993 0.420478 0.186617 0.779179 0.425738
1.04049 1.00318 0.774468 0.419197 0.187444 0.780036 0.425068
1.03843 1.00288 0.76995 0.417918 0.188271 0.78089 0.424393
1.03635 1.00257 0.765437 0.416641 0.189098 0.781742 0.423713
1.03427 1.00225 0.760929 0.415366 0.189925 0.78259 0.423027
1.03218 1.00191 0.756428 0.414093 0.190753 0.783436 0.422336
1.03007 1.00156 0.751933 0.412823 0.19158 0.784279 0.42164
1.02796 1.0012 0.747444 0.411555 0.192408 0.78512 0.420938
1.02584 1.00083 0.74296 0.410289 0.193236 0.785957 0.420232
1.02371 1.00044 0.738483 0.409025 0.194064 0.786791 0.41952
1.02157 1.00004 0.734012 0.407763 0.194893 0.787623 0.418803
1.01943 0.999626 0.72955 0.406505 0.195721 0.788451 0.418081
1.01727 0.999201 0.725101 0.40525 0.196548 0.789275 0.417355
1.01512 0.998763 0.720669 0.404001 0.197373 0.790095 0.416626
1.01296 0.998314 0.716255 0.402758 0.198196 0.790909 0.415894
1.0108 0.997854 0.711865 0.401522 0.199015 0.791717 0.415159
1.00864 0.997384 0.7075 0.400293 0.199832 0.792519 0.414423
1.00648 0.996903 0.703164 0.399073 0.200644 0.793314 0.413685
1.00433 0.996413 0.698861 0.397863 0.201451 0.794101 0.412948
1.00218 0.995914 0.694594 0.396663 0.202253 0.79488 0.41221
1.00005 0.995407 0.690365 0.395475 0.203049 0.795651 0.411473
0.997922 0.994892 0.686178 0.394299 0.203839 0.796412 0.410738
0.995808 0.99437 0.682036 0.393136 0.204621 0.797164 0.410005
0.993708 0.993842 0.677942 0.391987 0.205395 0.797905 0.409276
0.991625 0.993309 0.673899 0.390853 0.206161 0.798636 0.40855
0.989559 0.992771 0.669911 0.389735 0.206918 0.799355 0.407828
0.987513 0.992229 0.66598 0.388633 0.207665 0.800063 0.407112
0.98549 0.991684 0.662109 0.387548 0.208401 0.800758 0.406401
0.98349 0.991138 0.658302 0.386482 0.209127 0.801441 0.405698
0.981517 0.99059 0.654561 0.385435 0.209841 0.80211 0.405001
0.979572 0.990042 0.65089 0.384407 0.210543 0.802766 0.404314
0.977657 0.989495 0.647291 0.383401 0.211233 0.803407 0.403635
0.975774 0.98895 0.643768 0.382415 0.211909 0.804035 0.402966
0.973926 0.988407 0.640322 0.381452 0.21257 0.804647 0.402308
0.972114 0.987868 0.636958 0.380512 0.213218 0.805243 0.401662
0.970341 0.987335 0.633678 0.379596 0.21385 0.805824 0.401028
0.968608 0.986807 0.630486 0.378704 0.214466 0.806388 0.400407
0.966918 0.986286 0.627383 0.377838 0.215066 0.806935 0.3998
0.965273 0.985774 0.624372 0.376998 0.215649 0.807465 0.399209
0.963675 0.98527 0.621458 0.376185 0.216214 0.807978 0.398633
0.962126 0.984777 0.618642 0.3754 0.216761 0.808472 0.398073
0.960628 0.984296 0.615928 0.374643 0.217289 0.808948 0.397531
0.959184 0.983827 0.613317 0.373916 0.217797 0.809405 0.397008
0.957792 0.983371 0.610808 0.373217 0.218287 0.809843 0.396502
0.95645 0.982928 0.608396 0.372545 0.218758 0.810264 0.396014
0.955157 0.982497 0.606078 0.371899 0.219212 0.810668 0.395542
0.953912 0.982078 0.60385 0.371279 0.219649 0.811056 0.395088
0.952712 0.981672 0.601709 0.370684 0.22007 0.811428 0.394649
0.951558 0.981277 0.599652 0.370111 0.220474 0.811785 0.394226
0.950446 0.980895 0.597676 0.369562 0.220864 0.812127 0.393818
0.949375 0.980524 0.595777 0.369033 0.221238 0.812456 0.393425
0.948344 0.980164 0.593951 0.368526 0.221599 0.812772 0.393045
0.947351 0.979815 0.592196 0.368038 0.221947 0.813075 0.392679
0.946395 0.979477 0.590508 0.367569 0.222281 0.813366 0.392326
0.945473 0.979149 0.588883 0.367117 0.222604 0.813646 0.391985
0.944585 0.978831 0.58732 0.366683 0.222915 0.813915 0.391656
0.943728 0.978522 0.585814 0.366265 0.223215 0.814174 0.391338
0.942901 0.978222 0.584362 0.365861 0.223505 0.814424 0.391031
0.942101 0.977931 0.58296 0.365472 0.223785 0.814664 0.390734
0.941328 0.977647 0.581607 0.365097 0.224056 0.814896 0.390446
0.94058 0.977372 0.580298 0.364733 0.224318 0.81512 0.390167
0.939854 0.977103 0.57903 0.364381 0.224573 0.815337 0.389896
0.93915 0.976841 0.577801 0.36404 0.22482 0.815547 0.389632
0.938465 0.976584 0.576606 0.363709 0.225061 0.815751 0.389376
0.937797 0.976333 0.575444 0.363386 0.225295 0.81595 0.389126
0.937146 0.976087 0.574309 0.363072 0.225524 0.816143 0.388881
0.936508 0.975846 0.573201 0.362764 0.225748 0.816332 0.388642
0.935883 0.975608 0.572114 0.362463 0.225968 0.816517 0.388407
0.935268 0.975373 0.571047 0.362167 0.226185 0.816698 0.388175
0.934661 0.97514 0.569996 0.361875 0.226398 0.816877 0.387947
0.934062 0.974909 0.568958 0.361588 0.226609 0.817053 0.387721
0.933467 0.97468 0.567929 0.361303 0.226818 0.817228 0.387496
0.932876 0.974451 0.566907 0.36102 0.227025 0.817401 0.387273
0.932286 0.974221 0.565889 0.360737 0.227233 0.817573 0.38705
0.931696 0.973992 0.564871 0.360455 0.22744 0.817746 0.386827
0.931109 0.973754 0.563851 0.360173 0.227652 0.817918 0.386602
0.93053 0.973503 0.562825 0.359888 0.227875 0.818088 0.386374
0.929963 0.97323 0.56179 0.359602 0.228114 0.818258 0.386141
0.929413 0.972931 0.560743 0.359311 0.228374 0.818426 0.385902
0.928882 0.972597 0.55968 0.359017 0.228661 0.818591 0.385655
0.928376 0.972222 0.558599 0.358717 0.228979 0.818754 0.3854
0.927897 0.971799 0.557497 0.358411 0.229335 0.818913 0.385133
0.927452 0.971323 0.556371 0.358099 0.229733 0.81907 0.384855
0.927042 0.970785 0.555217 0.357778 0.230179 0.819222 0.384563
0.926673 0.97018 0.554032 0.357449 0.230678 0.819369 0.384255
0.926348 0.969501 0.552814 0.35711 0.231235 0.819511 0.383932
0.926071 0.968741 0.551559 0.356761 0.231857 0.819648 0.38359
0.925847 0.967893 0.550264 0.3564 0.232547 0.819778 0.383228
0.925677 0.966951 0.548926 0.356027 0.233312 0.819902 0.382846
0.925568 0.965908 0.547543 0.355641 0.234157 0.820018 0.38244
0.925521 0.964757 0.546111 0.355241 0.235087 0.820125 0.382011
0.925541 0.963492 0.544627 0.354826 0.236108 0.820223 0.381556
0.925631 0.962105 0.543089 0.354396 0.237225 0.820312 0.381073
0.925795 0.960591 0.541493 0.353948 0.238443 0.820389 0.380562
0.926035 0.958941 0.539837 0.353484 0.239768 0.820454 0.38002
0.926356 0.95715 0.538117 0.353001 0.241205 0.820507 0.379447
0.926759 0.955211 0.536332 0.352498 0.24276 0.820545 0.378839
0.927248 0.953116 0.534477 0.351976 0.244437 0.820567 0.378197
0.927826 0.950859 0.53255 0.351432 0.246243 0.820573 0.377518
0.928495 0.948432 0.530549 0.350866 0.248183 0.82056 0.376801
0.929258 0.945829 0.528471 0.350278 0.250261 0.820528 0.376044
0.930116 0.943042 0.526313 0.349666 0.252485 0.820473 0.375245
0.931073 0.940065 0.524072 0.34903 0.254858 0.820395 0.374403
0.932129 0.93689 0.521746 0.348367 0.257386 0.820291 0.373517
0.933286 0.93351 0.519333 0.347679 0.260076 0.820159 0.372584
0.934545 0.929917 0.516829 0.346963 0.262931 0.819997 0.371603
0.935908 0.926105 0.514233 0.34622 0.265958 0.819802 0.370572
0.937368 0.92208 0.511548 0.345449 0.269151 0.819572 0.369493
0.938917 0.917848 0.508778 0.344651 0.272505 0.819307 0.368366
0.940551 0.913414 0.505926 0.343828 0.276014 0.819004 0.367194
0.942261 0.908786 0.502996 0.34298 0.279674 0.818662 0.365977
0.944041 0.903969 0.499992 0.342109 0.283478 0.81828 0.364717
0.945884 0.898969 0.496917 0.341215 0.287422 0.817857 0.363416
0.947785 0.893794 0.493775 0.340298 0.2915 0.817391 0.362074
0.949735 0.888449 0.49057 0.339361 0.295706 0.81688 0.360692
0.951729 0.882941 0.487306 0.338403 0.300035 0.816324 0.359274
0.953761 0.877276 0.483985 0.337426 0.304481 0.815721 0.357818
0.955824 0.871461 0.480611 0.33643 0.309039 0.815071 0.356328
0.957912 0.865503 0.477188 0.335416 0.313703 0.814371 0.354805
0.960019 0.859407 0.47372 0.334386 0.318468 0.813621 0.353249
0.962139 0.853181 0.47021 0.33334 0.323328 0.812821 0.351662
0.964266 0.846832 0.466661 0.332278 0.328278 0.811969 0.350046
0.966395 0.840366 0.463077 0.331203 0.33331 0.811064 0.348402
0.968521 0.833791 0.459461 0.330114 0.338421 0.810107 0.346731
0.970637 0.827113 0.455817 0.329013 0.343604 0.809096 0.345036
0.972739 0.820339 0.452147 0.3279 0.348854 0.808032 0.343317
0.974823 0.813476 0.448456 0.326777 0.354164 0.806915 0.341575
0.976882 0.806532 0.444746 0.325644 0.35953 0.805743 0.339813
0.978914 0.799514 0.441022 0.324502 0.364944 0.804518 0.338032
0.980913 0.792429 0.437284 0.323352 0.370402 0.803239 0.336233
0.982876 0.785284 0.433538 0.322194 0.375898 0.801908 0.334418
0.984798 0.778086 0.429786 0.321031 0.381426 0.800524 0.332588
0.986677 0.770844 0.426031 0.319862 0.38698 0.799088 0.330745
0.988507 0.763564 0.422277 0.318689 0.392555 0.797602 0.32889
0.990288 0.756254 0.418525 0.317513 0.398145 0.796066 0.327025
0.992015 0.748921 0.414779 0.316334 0.403744 0.794481 0.325152
0.993685 0.741572 0.411043 0.315153 0.409346 0.792849 0.323272
0.995297 0.734216 0.407318 0.313971 0.414946 0.791172 0.321386
0.996847 0.72686 0.403607 0.31279 0.420538 0.78945 0.319497
0.998337 0.719504 0.399911 0.311608 0.426122 0.787685 0.317604
0.999766 0.712149 0.396229 0.310427 0.431697 0.785876 0.315707
1.00113 0.704795 0.392562 0.309246 0.437264 0.784023 0.313807
1.00244 0.697444 0.38891 0.308065 0.442821 0.782127 0.311902
1.00369 0.690094 0.385272 0.306884 0.448368 0.780187 0.309994
1.00487 0.682748 0.381649 0.305703 0.453906 0.778203 0.308083
1.006 0.675405 0.37804 0.304523 0.459433 0.776176 0.306167
1.00706 0.668067 0.374446 0.303343 0.464949 0.774105 0.304248
1.00807 0.660732 0.370867 0.302163 0.470455 0.771991 0.302326
1.00902 0.653403 0.367302 0.300983 0.475948 0.769833 0.3004
1.0099 0.64608 0.363752 0.299803 0.48143 0.767632 0.29847
1.01073 0.638762 0.360217 0.298623 0.4869 0.765388 0.296537
1.01149 0.631452 0.356696 0.297444 0.492357 0.7631 0.2946
1.0122 0.624148 0.35319 0.296265 0.497802 0.76077 0.292659
1.01285 0.616852 0.349699 0.295086 0.503233 0.758397 0.290715
1.01344 0.609565 0.346222 0.293907 0.50865 0.755981 0.288768
1.01397 0.602286 0.342761 0.292729 0.514054 0.753522 0.286817
1.01444 0.595016 0.339314 0.291551 0.519443 0.75102 0.284862
1.01485 0.587756 0.335882 0.290373 0.524817 0.748476 0.282904
1.0152 0.580506 0.332465 0.289196 0.530177 0.745889 0.280943
1.0155 0.573267 0.329062 0.288018 0.53552 0.74326 0.278978
1.01573 0.566039 0.325675 0.286841 0.540849 0.740588 0.277009
1.01591 0.558822 0.322302 0.285665 0.546161 0.737874 0.275038
1.01604 0.551618 0.318944 0.284488 0.551456 0.735119 0.273063
1.0161 0.544427 0.315601 0.283312 0.556735 0.732321 0.271084
1.01611 0.537248 0.312273 0.282136 0.561997 0.729481 0.269103
1.01605 0.530083 0.30896 0.280961 0.567241 0.7266 0.267117
1.01595 0.522933 0.305661 0.279786 0.572467 0.723677 0.265129
1.01578 0.515797 0.302378 0.278611 0.577675 0.720712 0.263137
1.01556 0.508676 0.299109 0.277437 0.582864 0.717707 0.261142
1.01528 0.50157 0.295856 0.276263 0.588035 0.71466 0.259144
1.01495 0.494481 0.292617 0.275089 0.593186 0.711572 0.257143
1.01456 0.487408 0.289393 0.273916 0.598318 0.708443 0.255138
1.01412 0.480352 0.286185 0.272743 0.603429 0.705273 0.25313
1.01361 0.473313 0.282991 0.27157 0.608521 0.702062 0.251119
1.01306 0.466293 0.279812 0.270398 0.613591 0.698811 0.249104
1.01245 0.45929 0.276648 0.269227 0.618641 0.69552 0.247087
1.01178 0.452306 0.273499 0.268056 0.62367 0.692188 0.245066
1.01106 0.445342 0.270365 0.266885 0.628677 0.688817 0.243042
1.01029 0.438397 0.267246 0.265714 0.633661 0.685405 0.241016
1.00946 0.431472 0.264142 0.264544 0.638624 0.681954 0.238986
1.00858 0.424568 0.261053 0.263375 0.643564 0.678463 0.236953
1.00764 0.417685 0.257979 0.262206 0.648481 0.674933 0.234917
1.00665 0.410823 0.25492 0.261037 0.653374 0.671364 0.232877
1.00561 0.403984 0.251876 0.259869 0.658244 0.667755 0.230835
1.00451 0.397166 0.248847 0.258702 0.66309 0.664108 0.22879
1.00336 0.390371 0.245833 0.257535 0.667912 0.660422 0.226742
1.00216 0.383599 0.242835 0.256368 0.672709 0.656697 0.224691
1.00091 0.376851 0.239851 0.255202 0.677481 0.652935 0.222637
0.999609 0.370127 0.236882 0.254037 0.682228 0.649133 0.22058
0.998254 0.363428 0.233928 0.252872 0.68695 0.645295 0.21852
0.996848 0.356753 0.230989 0.251707 0.691645 0.641418 0.216457
0.995391 0.350103 0.228065 0.250543 0.696314 0.637503 0.214391
0.993883 0.343479 0.225157 0.24938 0.700957 0.633552 0.212323
0.992325 0.336881 0.222263 0.248217 0.705573 0.629563 0.210251
0.990717 0.330309 0.219384 0.247055 0.710161 0.625537 0.208177
0.98906 0.323765 0.216521 0.245894 0.714723 0.621475 0.2061
0.987353 0.317247 0.213672 0.244733 0.719256 0.617376 0.20402
0.985596 0.310757 0.210838 0.243572 0.723761 0.61324 0.201938
0.983792 0.304296 0.20802 0.242412 0.728238 0.609069 0.199852
0.981938 0.297862 0.205216 0.241253 0.732686 0.604861 0.197764
0.980037 0.291458 0.202428 0.240095 0.737105 0.600618 0.195674
0.978087 0.285082 0.199655 0.238937 0.741495 0.596339 0.19358
0.97609 0.278736 0.196896 0.237779 0.745856 0.592026 0.191484
0.974049 0.272424 0.194155 0.236624 0.750183 0.587679 0.189387
0.971965 0.266151 0.191435 0.235471 0.754475 0.583304 0.187292
0.969843 0.259921 0.188736 0.234321 0.758727 0.578902 0.1852
0.967685 0.253739 0.186062 0.233176 0.762938 0.574476 0.183115
0.965496 0.247608 0.183415 0.232037 0.767104 0.570031 0.181037
0.963278 0.241533 0.180796 0.230903 0.771223 0.565569 0.178969
0.961034 0.235517 0.178209 0.229778 0.775292 0.561094 0.176914
0.95877 0.229566 0.175655 0.22866 0.779307 0.556609 0.174873
0.956488 0.223681 0.173136 0.227552 0.783268 0.552118 0.172849
0.954192 0.217867 0.170655 0.226454 0.787171 0.547625 0.170844
0.951887 0.212128 0.168212 0.225367 0.791014 0.543132 0.16886
0.949577 0.206467 0.165811 0.224293 0.794795 0.538645 0.1669
0.947266 0.200887 0.163452 0.223231 0.798512 0.534167 0.164965
0.944958 0.195391 0.161138 0.222183 0.802162 0.529701 0.163058
0.942658 0.189982 0.15887 0.221151 0.805744 0.525252 0.16118
0.940369 0.184663 0.15665 0.220134 0.809256 0.520824 0.159336
0.938098 0.179438 0.15448 0.219134 0.812696 0.516421 0.157525
0.935848 0.174309 0.152361 0.218152 0.816063 0.512048 0.155752
0.933624 0.169277 0.150295 0.217188 0.819354 0.507707 0.154017
0.93143 0.164347 0.148283 0.216244 0.822569 0.503404 0.152324
0.929273 0.15952 0.146327 0.215321 0.825706 0.499143 0.150674
0.927155 0.154799 0.144429 0.214419 0.828763 0.494929 0.149071
0.925083 0.150186 0.142589 0.213539 0.831739 0.490765 0.147515
0.923062 0.145683 0.14081 0.212683 0.834634 0.486656 0.14601
0.921095 0.141292 0.139092 0.211851 0.837445 0.482606 0.144557
0.919188 0.137015 0.137437 0.211044 0.840172 0.47862 0.14316
0.917347 0.132855 0.135847 0.210263 0.842813 0.474702 0.14182
0.915576 0.128813 0.134323 0.209509 0.845369 0.470857 0.140539
0.91388 0.12489 0.132867 0.208783 0.847837 0.46709 0.13932
0.912264 0.12109 0.131479 0.208086 0.850216 0.463404 0.138165
0.910733 0.117413 0.130161 0.207418 0.852507 0.459804 0.137076
0.909292 0.113861 0.128914 0.206781 0.854708 0.456294 0.136056
0.907939 0.110427 0.127736 0.206173 0.856824 0.452872 0.135101
0.906669 0.107104 0.126623 0.205594 0.858859 0.449533 0.134209
0.90548 0.103883 0.125572 0.205042 0.860818 0.446275 0.133375
0.904368 0.100759 0.124579 0.204516 0.862705 0.443093 0.132597
0.90333 0.0977239 0.123642 0.204014 0.864525 0.439983 0.131871
0.90236 0.0947713 0.122757 0.203537 0.866281 0.436941 0.131193
0.901457 0.0918944 0.121922 0.203082 0.867978 0.433964 0.130562
0.900615 0.0890867 0.121134 0.202648 0.86962 0.431048 0.129972
0.89983 0.0863418 0.120389 0.202235 0.87121 0.428187 0.129422
0.899098 0.0836533 0.119686 0.201841 0.872752 0.425379 0.128907
0.898416 0.081015 0.119021 0.201465 0.87425 0.422618 0.128424
0.897777 0.0784207 0.118391 0.201106 0.875707 0.419901 0.12797
0.897179 0.0758644 0.117794 0.200763 0.877128 0.417222 0.127541
0.896615 0.0733401 0.117227 0.200434 0.878515 0.414578 0.127135
0.896082 0.070842 0.116688 0.20012 0.879871 0.411963 0.126747
0.895575 0.0683642 0.116173 0.199817 0.881201 0.409374 0.126375
0.895089 0.0659009 0.11568 0.199526 0.882507 0.406805 0.126015
0.894619 0.0634466 0.115207 0.199245 0.883793 0.404252 0.125664
0.89416 0.0609955 0.11475 0.198973 0.885061 0.401711 0.125318
0.893707 0.0585423 0.114307 0.198709 0.886315 0.399176 0.124973
0.893255 0.0560813 0.113876 0.198452 0.887558 0.396642 0.124628
0.892799 0.0536073 0.113455 0.198201 0.888793 0.394106 0.124277
0.892334 0.0511149 0.113039 0.197954 0.890022 0.391561 0.123919
0.891854 0.0485989 0.112627 0.197711 0.891248 0.389003 0.123548
0.891354 0.0460541 0.112217 0.19747 0.892474 0.386427 0.123163
0.890829 0.0434754 0.111806 0.197231 0.893704 0.383828 0.12276
0.890272 0.0408577 0.111391 0.196991 0.894938 0.381202 0.122334
0.889679 0.0381961 0.110969 0.196751 0.896181 0.378542 0.121884
0.889045 0.0354859 0.11054 0.196508 0.897434 0.375844 0.121405
0.888362 0.0327222 0.110099 0.196262 0.898699 0.373102 0.120895
0.887626 0.0299003 0.109644 0.196011 0.89998 0.370313 0.120349
0.88683 0.0270158 0.109174 0.195755 0.901278 0.367469 0.119764
0.885979 0.0240757 0.10869 0.195494 0.902591 0.364576 0.119145
0.885077 0.0210868 0.108193 0.195228 0.903915 0.361638 0.118494
0.884128 0.018056 0.107686 0.194958 0.905248 0.35866 0.117816
0.883136 0.0149903 0.107169 0.194684 0.906587 0.355645 0.117113
0.882106 0.0118961 0.106645 0.194407 0.907928 0.352599 0.11639
0.881042 0.00878029 0.106116 0.194127 0.90927 0.349526 0.11565
0.879948 0.00564928 0.105582 0.193845 0.910609 0.346431 0.114896
0.878831 0.00250953 0.105046 0.193561 0.911943 0.343318 0.114134
0.877693 -0.000632632 0.104509 0.193276 0.913271 0.340191 0.113365
0.87654 -0.00377095 0.103972 0.19299 0.914588 0.337056 0.112593
0.875378 -0.0068993 0.103438 0.192703 0.915893 0.333918 0.111823
0.87421 -0.0100117 0.102907 0.192418 0.917184 0.33078 0.111058
0.873043 -0.0131021 0.102381 0.192133 0.918458 0.327649 0.110301
0.871882 -0.0161648 0.101862 0.191849 0.919713 0.324528 0.109556
0.870731 -0.019194 0.10135 0.191567 0.920948 0.321423 0.108827
0.869597 -0.0221841 0.100848 0.191288 0.92216 0.318339 0.108117
0.868484 -0.0251296 0.100356 0.191013 0.923348 0.31528 0.107431
0.867399 -0.0280251 0.0998764 0.19074 0.924509 0.312251 0.10677
0.866347 -0.0308652 0.0994099 0.190473 0.925643 0.309258 0.10614
0.865334 -0.0336447 0.0989579 0.19021 0.926746 0.306305 0.105544
0.864366 -0.0363585 0.0985217 0.189952 0.927818 0.303398 0.104985
0.863448 -0.0390013 0.0981027 0.189701 0.928857 0.300541 0.104467
0.862586 -0.0415683 0.0977021 0.189456 0.929861 0.29774 0.103994
0.861787 -0.0440544 0.0973211 0.189219 0.93083 0.295 0.103569
0.861056 -0.0464547 0.0969611 0.188989 0.931761 0.292326 0.103196
0.8604 -0.0487643 0.0966234 0.188768 0.932654 0.289723 0.102879
0.859824 -0.0509784 0.0963091 0.188557 0.933506 0.287196 0.10262
0.859335 -0.0530921 0.0960197 0.188354 0.934317 0.284751 0.102425
0.858938 -0.0551006 0.0957565 0.188162 0.935086 0.282392 0.102296
0.85864 -0.0569991 0.0955209 0.187981 0.93581 0.280125 0.102237
0.858446 -0.0587826 0.0953142 0.187812 0.93649 0.277954 0.102251
0.858364 -0.0604463 0.0951379 0.187654 0.937123 0.275886 0.102343
0.858387 -0.0619964 0.0949908 0.187507 0.937712 0.273916 0.102509
0.858512 -0.063439 0.0948715 0.187372 0.938259 0.272038 0.102745
0.858733 -0.0647801 0.0947787 0.187246 0.938768 0.270249 0.103047
0.859045 -0.0660256 0.0947112 0.18713 0.93924 0.268544 0.103412
0.859444 -0.0671813 0.0946678 0.187022 0.939678 0.266918 0.103836
0.859923 -0.0682529 0.0946472 0.186923 0.940084 0.265366 0.104316
0.860479 -0.0692463 0.0946484 0.186832 0.940461 0.263884 0.104848
0.861106 -0.0701668 0.0946699 0.186748 0.940809 0.262466 0.105429
0.861798 -0.0710202 0.0947107 0.18667 0.941132 0.261109 0.106054
0.86255 -0.071812 0.0947695 0.186597 0.941431 0.259807 0.106721
0.863356 -0.0725476 0.094845 0.18653 0.941709 0.258556 0.107425
0.864213 -0.0732327 0.0949361 0.186468 0.941967 0.25735 0.108163
0.865113 -0.0738727 0.0950415 0.186409 0.942207 0.256186 0.108932
0.866052 -0.0744731 0.0951597 0.186354 0.942432 0.255057 0.109727
0.867024 -0.0750395 0.0952896 0.186301 0.942643 0.25396 0.110546
0.868024 -0.0755772 0.0954297 0.186251 0.942842 0.252889 0.111384
0.869046 -0.0760919 0.0955788 0.186202 0.943031 0.25184 0.112238
0.870085 -0.0765891 0.0957353 0.186154 0.943213 0.250807 0.113104
0.871136 -0.0770744 0.0958978 0.186107 0.943388 0.249785 0.113979
0.872193 -0.0775532 0.0960648 0.18606 0.943558 0.248771 0.114859
0.87325 -0.0780313 0.0962348 0.186012 0.943726 0.247758 0.11574
0.874303 -0.0785143 0.0964063 0.185963 0.943894 0.246743 0.116619
0.875345 -0.0790078 0.0965776 0.185913 0.944063 0.245719 0.117493
0.876371 -0.0795175 0.0967472 0.18586 0.944234 0.244682 0.118356
0.877377 -0.080049 0.0969133 0.185805 0.944411 0.243628 0.119207
0.878356 -0.0806082 0.0970743 0.185747 0.944594 0.242551 0.120041
0.879303 -0.0812006 0.0972285 0.185686 0.944785 0.241445 0.120854
0.880212 -0.0818322 0.097374 0.18562 0.944987 0.240307 0.121644
0.881079 -0.0825085 0.0975091 0.18555 0.945201 0.239131 0.122406
0.881897 -0.0832354 0.0976321 0.185476 0.945428 0.237913 0.123136
0.882661 -0.0840186 0.097741 0.185396 0.945671 0.236646 0.123832
0.883366 -0.0848639 0.097834 0.185311 0.94593 0.235327 0.124488
0.884014 -0.0857678 0.0979119 0.18522 0.946206 0.233958 0.125108
0.884607 -0.086727 0.0979752 0.185125 0.946496 0.232543 0.125692
0.885147 -0.0877382 0.0980248 0.185025 0.946799 0.231085 0.12624
0.885636 -0.0887979 0.0980614 0.184922 0.947115 0.229588 0.126756
0.886077 -0.0899027 0.0980857 0.184815 0.947441 0.228055 0.127239
0.886472 -0.0910491 0.0980985 0.184706 0.947777 0.226489 0.127691
0.886822 -0.0922337 0.0981006 0.184593 0.948122 0.224895 0.128113
0.88713 -0.093453 0.0980927 0.184479 0.948473 0.223275 0.128507
0.887399 -0.0947035 0.0980758 0.184363 0.948831 0.221633 0.128874
0.88763 -0.0959817 0.0980505 0.184246 0.949194 0.219972 0.129215
0.887826 -0.0972841 0.0980178 0.184127 0.949561 0.218296 0.129531
0.887988 -0.0986073 0.0979785 0.184009 0.94993 0.216608 0.129824
0.88812 -0.0999478 0.0979334 0.18389 0.950301 0.214912 0.130095
0.888223 -0.101302 0.0978834 0.183771 0.950673 0.213211 0.130346
0.8883 -0.102667 0.0978293 0.183654 0.951044 0.211508 0.130577
0.888353 -0.104038 0.0977721 0.183537 0.951414 0.209808 0.130789
0.888385 -0.105413 0.0977125 0.183422 0.951782 0.208114 0.130985
0.888397 -0.106787 0.0976514 0.183308 0.952146 0.206428 0.131165
0.888392 -0.108159 0.0975899 0.183197 0.952505 0.204755 0.131331
0.888372 -0.109523 0.0975286 0.183089 0.95286 0.203099 0.131483
0.888341 -0.110877 0.0974686 0.182984 0.953208 0.201462 0.131624
0.888299 -0.112217 0.0974106 0.182882 0.953549 0.199848 0.131755
0.888251 -0.113539 0.0973557 0.182783 0.953882 0.198262 0.131876
0.888197 -0.114842 0.0973048 0.182689 0.954207 0.196706 0.131989
0.888141 -0.11612 0.0972586 0.1826 0.954522 0.195183 0.132095
0.888085 -0.117371 0.0972181 0.182515 0.954826 0.193698 0.132196
0.888032 -0.118591 0.0971843 0.182436 0.95512 0.192255 0.132293
0.887984 -0.119777 0.0971581 0.182362 0.955401 0.190856 0.132386
0.887943 -0.120926 0.0971403 0.182295 0.95567 0.189505 0.132479
0.887913 -0.122034 0.0971318 0.182234 0.955926 0.188206 0.132571
0.887895 -0.123098 0.0971337 0.18218 0.956167 0.186963 0.132664
0.887893 -0.124115 0.0971467 0.182133 0.956394 0.185778 0.132759
0.887906 -0.125086 0.0971706 0.182092 0.956606 0.184651 0.132856
0.887933 -0.126012 0.097205 0.182059 0.956805 0.183579 0.132956
0.887975 -0.126896 0.0972496 0.182032 0.956991 0.182561 0.133057
0.88803 -0.127738 0.097304 0.182012 0.957164 0.181594 0.133161
0.888099 -0.128541 0.0973678 0.181997 0.957326 0.180678 0.133266
0.888181 -0.129305 0.0974406 0.181988 0.957476 0.179809 0.133373
0.888275 -0.130032 0.0975223 0.181985 0.957616 0.178987 0.133482
0.888382 -0.130724 0.0976123 0.181987 0.957745 0.17821 0.133593
0.8885 -0.131382 0.0977104 0.181995 0.957864 0.177475 0.133705
0.888629 -0.132008 0.0978162 0.182007 0.957974 0.176781 0.133819
0.888769 -0.132602 0.0979294 0.182024 0.958076 0.176125 0.133934
0.888919 -0.133167 0.0980495 0.182046 0.958169 0.175507 0.13405
0.88908 -0.133705 0.0981764 0.182072 0.958254 0.174924 0.134168
0.889249 -0.134215 0.0983095 0.182101 0.958332 0.174375 0.134288
0.889427 -0.1347 0.0984486 0.182135 0.958402 0.173857 0.134408
0.889614 -0.135162 0.0985934 0.182172 0.958467 0.173369 0.13453
0.889808 -0.135602 0.0987434 0.182213 0.958525 0.172908 0.134652
0.89001 -0.136021 0.0988984 0.182257 0.958578 0.172474 0.134776
0.890219 -0.136421 0.0990579 0.182303 0.958625 0.172064 0.1349
0.890433 -0.136803 0.0992217 0.182352 0.958667 0.171676 0.135025
0.890654 -0.137169 0.0993894 0.182404 0.958706 0.171308 0.135152
0.89088 -0.13752 0.0995606 0.182458 0.95874 0.170959 0.135278
0.89111 -0.137858 0.0997351 0.182514 0.95877 0.170627 0.135406
0.891345 -0.138184 0.0999123 0.182572 0.958797 0.17031 0.135534
0.891583 -0.1385 0.100092 0.182631 0.958822 0.170005 0.135662
0.891825 -0.138807 0.100274 0.182692 0.958844 0.169712 0.135791
0.892069 -0.139107 0.100458 0.182754 0.958864 0.169428 0.135921
0.892315 -0.139401 0.100643 0.182817 0.958883 0.169152 0.13605
0.892562 -0.13969 0.10083 0.18288 0.9589 0.168881 0.13618
0.892811 -0.139977 0.101017 0.182944 0.958916 0.168614 0.13631
0.89306 -0.140262 0.101204 0.183008 0.958932 0.168349 0.13644
0.893309 -0.140548 0.101392 0.183072 0.958948 0.168083 0.13657
0.893558 -0.140833 0.10158 0.183136 0.958964 0.167818 0.1367
0.893806 -0.141119 0.101767 0.1832 0.958979 0.167553 0.13683
0.894055 -0.141405 0.101955 0.183264 0.958995 0.167288 0.13696
0.894303 -0.141691 0.102143 0.183328 0.95901 0.167022 0.13709
0.894551 -0.141977 0.102331 0.183392 0.959026 0.166757 0.13722
0.894799 -0.142263 0.102519 0.183456 0.959041 0.166492 0.13735
0.895047 -0.142549 0.102708 0.18352 0.959056 0.166226 0.13748
0.895295 -0.142835 0.102896 0.183584 0.959071 0.165961 0.13761
0.895543 -0.143122 0.103084 0.183647 0.959086 0.165696 0.13774
0.89579 -0.143408 0.103273 0.183711 0.959101 0.165431 0.13787
0.896038 -0.143695 0.103461 0.183775 0.959116 0.165165 0.138
0.896285 -0.143982 0.10365 0.183839 0.95913 0.1649 0.13813
0.896532 -0.144269 0.103838 0.183903 0.959145 0.164635 0.13826
0.896779 -0.144556 0.104027 0.183967 0.95916 0.164369 0.13839
0.897026 -0.144843 0.104216 0.184031 0.959174 0.164104 0.13852
0.897273 -0.145131 0.104405 0.184095 0.959188 0.163839 0.13865
0.89752 -0.145418 0.104594 0.184158 0.959203 0.163573 0.13878
0.897766 -0.145706 0.104783 0.184222 0.959217 0.163308 0.138911
0.898013 -0.145993 0.104972 0.184286 0.959231 0.163043 0.139041
0.898259 -0.146281 0.105161 0.18435 0.959245 0.162777 0.139171
0.898505 -0.146569 0.10535 0.184414 0.959258 0.162512 0.139301
0.898751 -0.146857 0.10554 0.184477 0.959272 0.162247 0.139431
0.898997 -0.147145 0.105729 0.184541 0.959286 0.161981 0.139561
0.899243 -0.147434 0.105919 0.184605 0.959299 0.161716 0.139691
0.899489 -0.147722 0.106108 0.184669 0.959313 0.161451 0.139821
0.899734 -0.148011 0.106298 0.184732 0.959326 0.161186 0.139951
0.89998 -0.148299 0.106488 0.184796 0.95934 0.16092 0.140082
0.900225 -0.148588 0.106677 0.18486 0.959353 0.160655 0.140212
0.90047 -0.148877 0.106867 0.184923 0.959366 0.16039 0.140342
0.900715 -0.149166 0.107057 0.184987 0.959379 0.160124 0.140472
0.90096 -0.149455 0.107247 0.185051 0.959392 0.159859 0.140602
0.901205 -0.149745 0.107437 0.185114 0.959404 0.159594 0.140732
0.901449 -0.150034 0.107628 0.185178 0.959417 0.159328 0.140862
0.901694 -0.150323 0.107818 0.185242 0.95943 0.159063 0.140993
0.901938 -0.150613 0.108008 0.185305 0.959442 0.158798 0.141123
0.902182 -0.150903 0.108199 0.185369 0.959455 0.158532 0.141253
0.902426 -0.151193 0.108389 0.185433 0.959467 0.158267 0.141383
0.90267 -0.151483 0.10858 0.185496 0.959479 0.158002 0.141513
0.902914 -0.151773 0.108771 0.18556 0.959492 0.157736 0.141643
0.903158 -0.152063 0.108961 0.185623 0.959504 0.157471 0.141774
0.903402 -0.152353 0.109152 0.185687 0.959516 0.157206 0.141904
0.903645 -0.152644 0.109343 0.185751 0.959527 0.15694 0.142034
0.903888 -0.152934 0.109534 0.185814 0.959539 0.156675 0.142164
0.904132 -0.153225 0.109725 0.185878 0.959551 0.15641 0.142294
0.904375 -0.153516 0.109916 0.185941 0.959562 0.156144 0.142424
0.904618 -0.153807 0.110107 0.186005 0.959574 0.155879 0.142555
0.90486 -0.154098 0.110299 0.186068 0.959585 0.155614 0.142685
0.905103 -0.154389 0.11049 0.186132 0.959597 0.155348 0.142815
0.905346 -0.15468 0.110681 0.186195 0.959608 0.155083 0.142945
0.905588 -0.154972 0.110873 0.186259 0.959619 0.154818 0.143076
0.90583 -0.155263 0.111064 0.186322 0.95963 0.154552 0.143206
0.906073 -0.155555 0.111256 0.186386 0.959641 0.154287 0.143336
0.906315 -0.155846 0.111448 0.186449 0.959652 0.154022 0.143466
0.906557 -0.156138 0.11164 0.186513 0.959663 0.153756 0.143596
0.906798 -0.15643 0.111832 0.186576 0.959673 0.153491 0.143727
0.90704 -0.156722 0.112024 0.186639 0.959684 0.153226 0.143857
0.907281 -0.157015 0.112216 0.186703 0.959694 0.15296 0.143987
0.907523 -0.157307 0.112408 0.186766 0.959705 0.152695 0.144117
0.907764 -0.157599 0.1126 0.18683 0.959715 0.15243 0.144248
0.908005 -0.157892 0.112792 0.186893 0.959725 0.152164 0.144378
0.908246 -0.158185 0.112985 0.186956 0.959735 0.151899 0.144508
0.908487 -0.158478 0.113177 0.18702 0.959745 0.151634 0.144639
0.908728 -0.15877 0.11337 0.187083 0.959755 0.151368 0.144769
0.908968 -0.159063 0.113562 0.187146 0.959765 0.151103 0.144899
0.909209 -0.159356 0.113755 0.187209 0.959774 0.150838 0.145029
0.909449 -0.159649 0.113947 0.187273 0.959784 0.150573 0.14516
0.909689 -0.159941 0.11414 0.187335 0.959794 0.150308 0.14529
0.909929 -0.160232 0.114332 0.187398 0.959803 0.150044 0.14542
0.910168 -0.160523 0.114523 0.18746 0.959812 0.149781 0.145551
0.910407 -0.160812 0.114715 0.187522 0.959821 0.149518 0.145681
0.910645 -0.1611 0.114905 0.187583 0.95983 0.149256 0.145812
0.910883 -0.161386 0.115096 0.187643 0.959839 0.148995 0.145942
0.911121 -0.16167 0.115285 0.187703 0.959848 0.148735 0.146073
0.911358 -0.161952 0.115474 0.187762 0.959857 0.148476 0.146203
0.911594 -0.162232 0.115662 0.18782 0.959865 0.148218 0.146334
0.91183 -0.162509 0.115849 0.187877 0.959874 0.147962 0.146465
0.912065 -0.162783 0.116035 0.187933 0.959882 0.147707 0.146595
0.9123 -0.163055 0.11622 0.187988 0.95989 0.147455 0.146726
0.912533 -0.163323 0.116403 0.188041 0.959898 0.147203 0.146857
0.912766 -0.163588 0.116586 0.188094 0.959906 0.146954 0.146988
0.912998 -0.163849 0.116767 0.188145 0.959914 0.146707 0.147119
0.913229 -0.164106 0.116947 0.188194 0.959921 0.146462 0.147251
0.91346 -0.16436 0.117125 0.188242 0.959929 0.146219 0.147382
0.913689 -0.164609 0.117301 0.188289 0.959936 0.145978 0.147513
0.913918 -0.164853 0.117476 0.188334 0.959943 0.14574 0.147645
0.914145 -0.165093 0.117649 0.188377 0.95995 0.145505 0.147776
0.914371 -0.165327 0.117821 0.188418 0.959957 0.145272 0.147908
0.914597 -0.165556 0.11799 0.188457 0.959964 0.145042 0.14804
0.914821 -0.16578 0.118157 0.188495 0.959971 0.144815 0.148172
0.915044 -0.165999 0.118322 0.18853 0.959977 0.144591 0.148304
0.915266 -0.166211 0.118485 0.188563 0.959983 0.14437 0.148436
0.915486 -0.166417 0.118646 0.188594 0.959989 0.144153 0.148568
0.915706 -0.166617 0.118804 0.188623 0.959995 0.143939 0.148701
0.915924 -0.16681 0.11896 0.188649 0.960001 0.143728 0.148833
0.91614 -0.166997 0.119114 0.188673 0.960007 0.143522 0.148966
0.916356 -0.167176 0.119264 0.188694 0.960012 0.143319 0.149099
0.91657 -0.167349 0.119413 0.188713 0.960018 0.143119 0.149232
0.916783 -0.167515 0.119558 0.188729 0.960023 0.142923 0.149365
0.916994 -0.167674 0.119702 0.188743 0.960028 0.142731 0.149499
0.917205 -0.167828 0.119843 0.188755 0.960033 0.142542 0.149632
0.917414 -0.167975 0.119982 0.188764 0.960038 0.142356 0.149766
0.917622 -0.168117 0.120118 0.188772 0.960043 0.142173 0.149899
0.917829 -0.168254 0.120253 0.188778 0.960047 0.141993 0.150033
0.918035 -0.168385 0.120386 0.188781 0.960052 0.141816 0.150167
0.91824 -0.168511 0.120517 0.188783 0.960056 0.141642 0.150301
0.918444 -0.168632 0.120646 0.188783 0.960061 0.14147 0.150435
0.918647 -0.168748 0.120773 0.188781 0.960065 0.141301 0.15057
0.91885 -0.16886 0.120899 0.188778 0.960069 0.141134 0.150704
0.919051 -0.168968 0.121023 0.188773 0.960073 0.14097 0.150838
0.919252 -0.169072 0.121146 0.188767 0.960077 0.140807 0.150973
0.919452 -0.169172 0.121267 0.188759 0.960081 0.140647 0.151108
0.919652 -0.169269 0.121387 0.188751 0.960084 0.140488 0.151242
0.919851 -0.169362 0.121506 0.18874 0.960088 0.140332 0.151377
0.920049 -0.169452 0.121624 0.188729 0.960092 0.140176 0.151512
0.920247 -0.16954 0.121741 0.188717 0.960095 0.140023 0.151647
0.920444 -0.169624 0.121856 0.188704 0.960099 0.139871 0.151782
0.92064 -0.169707 0.121971 0.18869 0.960102 0.13972 0.151917
0.920837 -0.169787 0.122085 0.188675 0.960105 0.13957 0.152052
0.921033 -0.169865 0.122199 0.188659 0.960109 0.139422 0.152187
0.921228 -0.169941 0.122312 0.188643 0.960112 0.139274 0.152322
0.921423 -0.170016 0.122424 0.188626 0.960115 0.139127 0.152457
0.921618 -0.170089 0.122536 0.188608 0.960118 0.138981 0.152592
0.921813 -0.170162 0.122647 0.18859 0.960121 0.138836 0.152727
0.922008 -0.170233 0.122758 0.188572 0.960124 0.138691 0.152863
0.922202 -0.170304 0.122869 0.188554 0.960127 0.138546 0.152998
0.922396 -0.170375 0.12298 0.188535 0.96013 0.138402 0.153133
0.922591 -0.170445 0.123091 0.188516 0.960133 0.138258 0.153268
0.922785 -0.170515 0.123201 0.188498 0.960136 0.138113 0.153404
0.922979 -0.170585 0.123312 0.188479 0.960139 0.137969 0.153539
0.923173 -0.170656 0.123423 0.18846 0.960141 0.137825 0.153674
0.923367 -0.170726 0.123534 0.188441 0.960144 0.137681 0.15381
0.923562 -0.170796 0.123645 0.188422 0.960147 0.137537 0.153945
0.923756 -0.170866 0.123756 0.188403 0.960149 0.137392 0.15408
0.92395 -0.170937 0.123867 0.188384 0.960152 0.137248 0.154215
0.924144 -0.171007 0.123979 0.188366 0.960155 0.137104 0.154351
0.924338 -0.171077 0.12409 0.188347 0.960157 0.13696 0.154486
0.924532 -0.171148 0.124201 0.188328 0.96016 0.136816 0.154621
0.924726 -0.171218 0.124312 0.188309 0.960162 0.136672 0.154756
0.92492 -0.171289 0.124424 0.18829 0.960164 0.136528 0.154892
0.925114 -0.171359 0.124535 0.18827 0.960167 0.136384 0.155027
0.925308 -0.171429 0.124646 0.188251 0.960169 0.136239 0.155162
0.925501 -0.1715 0.124758 0.188232 0.960172 0.136095 0.155298
0.925695 -0.17157 0.12487 0.188213 0.960174 0.135951 0.155433
0.925889 -0.171641 0.124981 0.188194 0.960176 0.135807 0.155568
0.926083 -0.171711 0.125093 0.188175 0.960178 0.135663 0.155703
0.926277 -0.171782 0.125204 0.188156 0.96018 0.135519 0.155839
0.92647 -0.171852 0.125316 0.188136 0.960182 0.135375 0.155974
0.926664 -0.171923 0.125428 0.188117 0.960185 0.135231 0.156109
0.926858 -0.171994 0.12554 0.188098 0.960187 0.135087 0.156244
0.927051 -0.172064 0.125652 0.188079 0.960189 0.134943 0.15638
0.927245 -0.172135 0.125764 0.188059 0.960191 0.134799 0.156515
0.927439 -0.172205 0.125876 0.18804 0.960192 0.134655 0.15665
0.927632 -0.172276 0.125988 0.188021 0.960194 0.134511 0.156786
0.927826 -0.172347 0.1261 0.188001 0.960196 0.134367 0.156921
0.928019 -0.172417 0.126212 0.187982 0.960198 0.134223 0.157056
0.928213 -0.172488 0.126324 0.187962 0.9602 0.13408 0.157191
0.928406 -0.172559 0.126436 0.187943 0.960202 0.133936 0.157327
0.9286 -0.172629 0.126549 0.187923 0.960203 0.133792 0.157462
0.928793 -0.1727 0.126661 0.187904 0.960205 0.133648 0.157597
0.928986 -0.172771 0.126773 0.187884 0.960207 0.133504 0.157732
0.92918 -0.172841 0.126886 0.187865 0.960208 0.13336 0.157868
0.929373 -0.172912 0.126998 0.187845 0.96021 0.133216 0.158003
0.929566 -0.172983 0.127111 0.187826 0.960211 0.133072 0.158138
0.92976 -0.173054 0.127223 0.187806 0.960213 0.132929 0.158273
0.929953 -0.173125 0.127336 0.187786 0.960214 0.132785 0.158409
0.930146 -0.173195 0.127448 0.187767 0.960216 0.132641 0.158544
0.930339 -0.173266 0.127561 0.187747 0.960217 0.132497 0.158679
0.930533 -0.173337 0.127674 0.187727 0.960218 0.132353 0.158815
0.930726 -0.173408 0.127787 0.187707 0.96022 0.13221 0.15895
0.930919 -0.173479 0.1279 0.187688 0.960221 0.132066 0.159085
0.931112 -0.17355 0.128013 0.187668 0.960222 0.131922 0.15922
0.931305 -0.173621 0.128125 0.187648 0.960223 0.131778 0.159356
0.931498 -0.173691 0.128238 0.187628 0.960224 0.131635 0.159491
0.931691 -0.173762 0.128352 0.187608 0.960225 0.131491 0.159626
0.931884 -0.173833 0.128465 0.187588 0.960226 0.131347 0.159761
0.932077 -0.173904 0.128578 0.187568 0.960227 0.131203 0.159897
0.93227 -0.173975 0.128691 0.187549 0.960228 0.13106 0.160032
0.932463 -0.174046 0.128804 0.187529 0.960229 0.130916 0.160167
0.932656 -0.174117 0.128918 0.187509 0.96023 0.130772 0.160303
0.932849 -0.174188 0.129031 0.187489 0.960231 0.130629 0.160438
0.933041 -0.174259 0.129144 0.187469 0.960232 0.130485 0.160573
0.933234 -0.17433 0.129258 0.187448 0.960233 0.130342 0.160708
0.933427 -0.174402 0.129371 0.187428 0.960234 0.130198 0.160844
0.93362 -0.174473 0.129485 0.187408 0.960234 0.130054 0.160979
0.933813 -0.174544 0.129598 0.187388 0.960235 0.129911 0.161114
0.934005 -0.174615 0.129712 0.187368 0.960236 0.129767 0.161249
0.934198 -0.174686 0.129826 0.187348 0.960236 0.129624 0.161385
0.934391 -0.174757 0.129939 0.187328 0.960237 0.12948 0.16152
0.934583 -0.174828 0.130053 0.187307 0.960237 0.129336 0.161655
0.934776 -0.1749 0.130167 0.187287 0.960238 0.129193 0.16179
0.934968 -0.174971 0.130281 0.187267 0.960238 0.129049 0.161926
0.935161 -0.175042 0.130395 0.187246 0.960239 0.128906 0.162061
0.935355 -0.175114 0.13051 0.187226 0.960239 0.128761 0.162197
0.935552 -0.175187 0.130627 0.187205 0.960239 0.128614 0.162336
0.935755 -0.175261 0.130746 0.187183 0.96024 0.128464 0.162478
0.935963 -0.175337 0.13087 0.187161 0.96024 0.128308 0.162625
0.93618 -0.175416 0.130998 0.187137 0.96024 0.128147 0.162778
0.936407 -0.175498 0.131132 0.187112 0.96024 0.127979 0.162938
0.936645 -0.175584 0.131273 0.187086 0.960241 0.127802 0.163106
0.936897 -0.175674 0.131421 0.187058 0.960241 0.127616 0.163283
0.937162 -0.175769 0.131579 0.187028 0.960241 0.12742 0.163471
0.937445 -0.175869 0.131745 0.186996 0.960241 0.127211 0.16367
0.937745 -0.175974 0.131922 0.186961 0.96024 0.12699 0.163882
0.938065 -0.176086 0.132111 0.186924 0.96024 0.126754 0.164108
0.938405 -0.176204 0.132312 0.186884 0.96024 0.126504 0.164349
0.938769 -0.17633 0.132527 0.186841 0.960239 0.126236 0.164607
0.939157 -0.176464 0.132756 0.186794 0.960238 0.125951 0.164882
0.939571 -0.176606 0.133 0.186745 0.960238 0.125648 0.165176
0.940013 -0.176756 0.133261 0.186691 0.960236 0.125324 0.165489
0.940484 -0.176917 0.13354 0.186633 0.960235 0.124979 0.165824
0.940986 -0.177087 0.133837 0.186571 0.960233 0.124611 0.16618
0.94152 -0.177267 0.134153 0.186505 0.960231 0.124221 0.16656
0.942089 -0.177459 0.13449 0.186434 0.960228 0.123805 0.166965
0.942693 -0.177662 0.134848 0.186358 0.960224 0.123364 0.167395
0.943334 -0.177877 0.135229 0.186277 0.960221 0.122896 0.167852
0.944014 -0.178105 0.135634 0.18619 0.960216 0.122399 0.168336
0.944734 -0.178346 0.136063 0.186097 0.960211 0.121873 0.16885
0.945497 -0.178601 0.136518 0.185998 0.960204 0.121317 0.169395
0.946302 -0.17887 0.137 0.185893 0.960197 0.120729 0.16997
0.947153 -0.179154 0.13751 0.185782 0.960189 0.120109 0.170578
0.948051 -0.179453 0.138049 0.185663 0.960179 0.119455 0.171221
0.948996 -0.179768 0.138618 0.185537 0.960168 0.118765 0.171898
0.949991 -0.1801 0.139219 0.185403 0.960155 0.11804 0.172611
0.951037 -0.180448 0.139852 0.185262 0.960141 0.117277 0.173361
0.952133 -0.180814 0.140518 0.185113 0.960124 0.116479 0.174148
0.953276 -0.181195 0.141214 0.184956 0.960106 0.115645 0.174969
0.954465 -0.181592 0.14194 0.184791 0.960085 0.114779 0.175824
0.955699 -0.182005 0.142697 0.184619 0.960063 0.113879 0.176712
0.956975 -0.182432 0.143481 0.18444 0.960037 0.112949 0.177631
0.958291 -0.182873 0.144294 0.184254 0.960009 0.111989 0.178581
0.959647 -0.183328 0.145134 0.18406 0.959979 0.111 0.17956
0.961039 -0.183796 0.146001 0.183859 0.959945 0.109984 0.180566
0.962467 -0.184277 0.146893 0.183652 0.959909 0.108942 0.181599
0.963929 -0.184771 0.14781 0.183438 0.959869 0.107875 0.182658
0.965423 -0.185276 0.148752 0.183217 0.959827 0.106784 0.183742
0.966947 -0.185793 0.149716 0.18299 0.959781 0.105671 0.184848
0.9685 -0.18632 0.150703 0.182757 0.959732 0.104537 0.185977
0.97008 -0.186858 0.151711 0.182517 0.959679 0.103382 0.187127
0.971685 -0.187405 0.15274 0.182272 0.959622 0.102209 0.188296
0.973313 -0.187962 0.15379 0.18202 0.959562 0.101018 0.189484
0.974963 -0.188528 0.154858 0.181763 0.959499 0.0998111 0.190689
0.976633 -0.189103 0.155944 0.181501 0.959431 0.0985889 0.191911
0.978322 -0.189685 0.157048 0.181233 0.95936 0.0973526 0.193147
0.980027 -0.190274 0.158168 0.18096 0.959285 0.0961037 0.194398
0.981747 -0.19087 0.159303 0.180682 0.959206 0.0948433 0.195661
0.983481 -0.191473 0.160453 0.1804 0.959123 0.0935725 0.196935
0.985226 -0.192081 0.161617 0.180113 0.959036 0.0922926 0.19822
0.986981 -0.192695 0.162793 0.179821 0.958945 0.0910048 0.199515
0.988745 -0.193313 0.163981 0.179526 0.958851 0.0897102 0.200817
0.990516 -0.193936 0.165179 0.179226 0.958753 0.08841 0.202126
0.992291 -0.194562 0.166387 0.178923 0.958651 0.0871055 0.20344
0.994071 -0.195192 0.167604 0.178617 0.958545 0.0857977 0.20476
0.995852 -0.195824 0.168829 0.178308 0.958435 0.0844879 0.206082
0.997633 -0.196458 0.17006 0.177995 0.958322 0.0831772 0.207407
0.999414 -0.197093 0.171296 0.17768 0.958206 0.0818668 0.208733
1.00119 -0.19773 0.172537 0.177363 0.958086 0.0805578 0.210058
1.00297 -0.198367 0.173782 0.177043 0.957962 0.0792502 0.211383
1.00474 -0.199006 0.175032 0.176722 0.957836 0.0779441 0.212708
1.00651 -0.199645 0.176286 0.176397 0.957706 0.0766394 0.214033
1.00827 -0.200285 0.177544 0.176071 0.957572 0.0753363 0.215358
1.01004 -0.200926 0.178807 0.175742 0.957435 0.0740345 0.216682
1.0118 -0.201569 0.180075 0.175411 0.957295 0.0727343 0.218007
1.01355 -0.202212 0.181346 0.175078 0.957151 0.0714356 0.219331
1.01531 -0.202856 0.182622 0.174742 0.957004 0.0701383 0.220654
1.01706 -0.2035 0.183902 0.174404 0.956854 0.0688426 0.221978
1.01881 -0.204146 0.185187 0.174064 0.9567 0.0675483 0.223301
1.02055 -0.204793 0.186476 0.173721 0.956543 0.0662556 0.224624
1.0223 -0.20544 0.187769 0.173376 0.956383 0.0649644 0.225947
1.02404 -0.206089 0.189067 0.173029 0.956219 0.0636748 0.227269
1.02577 -0.206738 0.190369 0.172679 0.956052 0.0623867 0.228592
1.02751 -0.207388 0.191675 0.172328 0.955882 0.0611002 0.229914
1.02924 -0.208039 0.192985 0.171973 0.955708 0.0598152 0.231235
1.03097 -0.208691 0.1943 0.171617 0.955531 0.0585318 0.232557
1.03269 -0.209344 0.195619 0.171258 0.95535 0.05725 0.233878
1.03441 -0.209997 0.196943 0.170897 0.955167 0.0559698 0.235198
1.03613 -0.210652 0.19827 0.170534 0.954979 0.0546912 0.236519
1.03785 -0.211307 0.199602 0.170169 0.954789 0.0534142 0.237839
1.03956 -0.211963 0.200939 0.169801 0.954595 0.0521388 0.239159
1.04127 -0.21262 0.202279 0.169431 0.954398 0.050865 0.240478
1.04298 -0.213278 0.203624 0.169058 0.954198 0.0495928 0.241797
1.04468 -0.213936 0.204973 0.168684 0.953994 0.0483223 0.243116
1.04638 -0.214596 0.206326 0.168307 0.953787 0.0470535 0.244435
1.04808 -0.215256 0.207683 0.167928 0.953577 0.0457863 0.245753
1.04977 -0.215917 0.209045 0.167546 0.953364 0.0445207 0.24707
1.05146 -0.216579 0.210411 0.167162 0.953147 0.0432568 0.248388
1.05315 -0.217241 0.211781 0.166776 0.952927 0.0419947 0.249705
1.05483 -0.217905 0.213155 0.166388 0.952704 0.0407342 0.251021
1.05651 -0.218569 0.214533 0.165997 0.952477 0.0394754 0.252338
1.05819 -0.219234 0.215916 0.165605 0.952247 0.0382183 0.253653
1.05987 -0.219899 0.217302 0.165209 0.952014 0.0369629 0.254969
1.06154 -0.220566 0.218693 0.164812 0.951778 0.0357092 0.256284
1.06321 -0.221233 0.220088 0.164412 0.951538 0.0344573 0.257598
1.06487 -0.221901 0.221487 0.164011 0.951295 0.0332071 0.258913
1.06653 -0.222569 0.222891 0.163606 0.951049 0.0319587 0.260226
1.06819 -0.223239 0.224298 0.1632 0.950799 0.030712 0.26154
1.06985 -0.223909 0.22571 0.162791 0.950547 0.029467 0.262853
1.0715 -0.224579 0.227125 0.16238 0.950291 0.0282239 0.264165
1.07315 -0.225251 0.228545 0.161967 0.950032 0.0269825 0.265477
1.07479 -0.225923 0.229969 0.161552 0.94977 0.0257429 0.266789
1.07643 -0.226596 0.231397 0.161134 0.949504 0.0245051 0.2681
1.07807 -0.22727 0.232829 0.160714 0.949235 0.0232691 0.26941
1.07971 -0.227944 0.234265 0.160292 0.948963 0.0220349 0.270721
1.08134 -0.228619 0.235705 0.159868 0.948688 0.0208026 0.27203
1.08297 -0.229295 0.23715 0.159441 0.94841 0.019572 0.273339
1.08459 -0.229971 0.238598 0.159012 0.948128 0.0183433 0.274648
1.08622 -0.230648 0.24005 0.158581 0.947843 0.0171164 0.275956
1.08783 -0.231326 0.241507 0.158148 0.947556 0.0158914 0.277264
1.08945 -0.232004 0.242967 0.157712 0.947264 0.0146683 0.278571
1.09106 -0.232683 0.244431 0.157274 0.94697 0.013447 0.279878
1.09267 -0.233363 0.2459 0.156834 0.946673 0.0122276 0.281184
1.09427 -0.234043 0.247372 0.156392 0.946372 0.01101 0.28249
1.09587 -0.234724 0.248849 0.155948 0.946068 0.00979441 0.283795
1.09747 -0.235406 0.250329 0.155501 0.945761 0.00858067 0.285099
1.09907 -0.236088 0.251813 0.155052 0.945451 0.00736883 0.286403
1.10066 -0.236771 0.253302 0.154601 0.945138 0.00615891 0.287707
1.10224 -0.237454 0.254794 0.154147 0.944821 0.00495091 0.289009
1.10383 -0.238138 0.25629 0.153692 0.944502 0.00374483 0.290312
1.10541 -0.238822 0.25779 0.153234 0.944179 0.0025407 0.291613
1.10699 -0.239508 0.259295 0.152774 0.943853 0.00133851 0.292915
1.10856 -0.240193 0.260803 0.152312 0.943525 0.000138275 0.294215
1.11013 -0.24088 0.262315 0.151847 0.943192 -0.00106057 0.295516
1.1117 -0.241567 0.263833 0.151379 0.942857 -0.00225858 0.296817
1.11327 -0.242256 0.265358 0.150909 0.942517 -0.0034563 0.298121
1.11483 -0.242945 0.266889 0.150434 0.942174 -0.00465429 0.299426
1.1164 -0.243636 0.268429 0.149956 0.941827 -0.00585309 0.300735
1.11797 -0.244329 0.269977 0.149473 0.941475 -0.00705323 0.302047
1.11954 -0.245023 0.271534 0.148986 0.941119 -0.00825524 0.303364
1.12112 -0.245719 0.273102 0.148494 0.940758 -0.00945967 0.304686
1.1227 -0.246417 0.274681 0.147996 0.940393 -0.010667 0.306014
1.12428 -0.247117 0.276271 0.147493 0.940022 -0.0118778 0.307349
1.12587 -0.24782 0.277875 0.146983 0.939646 -0.0130926 0.308692
1.12747 -0.248525 0.279492 0.146467 0.939264 -0.0143118 0.310042
1.12907 -0.249233 0.281124 0.145944 0.938876 -0.015536 0.311401
1.13068 -0.249943 0.282772 0.145414 0.938482 -0.0167657 0.31277
1.1323 -0.250657 0.284436 0.144876 0.938082 -0.0180014 0.314149
1.13393 -0.251373 0.286117 0.14433 0.937675 -0.0192434 0.315539
1.13557 -0.252093 0.287816 0.143775 0.937261 -0.0204925 0.316941
1.13722 -0.252816 0.289534 0.143212 0.936839 -0.0217489 0.318355
1.13888 -0.253543 0.291272 0.142639 0.93641 -0.0230132 0.319782
1.14055 -0.254273 0.293031 0.142056 0.935973 -0.0242858 0.321223
1.14223 -0.255008 0.294812 0.141463 0.935528 -0.0255672 0.322679
1.14393 -0.255746 0.296616 0.140859 0.935075 -0.0268578 0.324149
1.14565 -0.256489 0.298444 0.140244 0.934612 -0.0281581 0.325636
1.14737 -0.257236 0.300296 0.139618 0.934141 -0.0294686 0.327139
1.14912 -0.257987 0.302174 0.138979 0.933659 -0.0307895 0.32866
1.15088 -0.258743 0.304079 0.138328 0.933168 -0.0321214 0.330198
1.15265 -0.259504 0.306012 0.137664 0.932667 -0.0334647 0.331755
1.15445 -0.26027 0.307974 0.136986 0.932155 -0.0348197 0.333332
1.15626 -0.261041 0.309965 0.136294 0.931632 -0.0361869 0.334928
1.15809 -0.261817 0.311987 0.135587 0.931097 -0.0375666 0.336545
1.15994 -0.262598 0.314042 0.134866 0.930551 -0.0389593 0.338184
1.16181 -0.263385 0.316129 0.134129 0.929993 -0.0403652 0.339844
1.16369 -0.264178 0.318249 0.133377 0.929422 -0.0417837 0.341526
1.1656 -0.264975 0.3204 0.132609 0.928839 -0.0432142 0.343228
1.16752 -0.265778 0.322583 0.131827 0.928244 -0.0446558 0.34495
1.16946 -0.266585 0.324796 0.13103 0.927637 -0.0461079 0.34669
1.17141 -0.267397 0.327039 0.130219 0.927019 -0.0475699 0.348449
1.17337 -0.268213 0.329311 0.129394 0.926388 -0.049041 0.350225
1.17535 -0.269034 0.331611 0.128554 0.925746 -0.0505207 0.352017
1.17734 -0.269858 0.33394 0.127702 0.925092 -0.0520081 0.353826
1.17933 -0.270686 0.336295 0.126836 0.924426 -0.0535027 0.355649
1.18134 -0.271518 0.338677 0.125956 0.92375 -0.0550038 0.357486
1.18336 -0.272354 0.341084 0.125065 0.923062 -0.0565108 0.359337
1.18538 -0.273193 0.343517 0.12416 0.922362 -0.058023 0.3612
1.18741 -0.274035 0.345974 0.123244 0.921652 -0.0595397 0.363075
1.18944 -0.274879 0.348454 0.122316 0.920931 -0.0610603 0.364961
1.19148 -0.275727 0.350956 0.121376 0.920199 -0.0625843 0.366857
1.19353 -0.276577 0.353481 0.120425 0.919457 -0.0641109 0.368763
1.19557 -0.277429 0.356027 0.119463 0.918705 -0.0656396 0.370677
1.19762 -0.278283 0.358593 0.118491 0.917942 -0.0671697 0.372599
1.19967 -0.27914 0.361178 0.117508 0.91717 -0.0687007 0.374528
1.20171 -0.279998 0.363782 0.116516 0.916388 -0.0702319 0.376464
1.20376 -0.280857 0.366404 0.115514 0.915596 -0.0717628 0.378406
1.20581 -0.281719 0.369043 0.114503 0.914795 -0.0732928 0.380352
1.20785 -0.282581 0.371698 0.113484 0.913985 -0.0748214 0.382302
1.20988 -0.283444 0.374369 0.112455 0.913166 -0.0763478 0.384256
1.21192 -0.284308 0.377053 0.111419 0.912339 -0.0778717 0.386212
1.21395 -0.285173 0.379751 0.110376 0.911503 -0.0793924 0.38817
1.21597 -0.286038 0.382462 0.109325 0.91066 -0.0809095 0.390129
1.21798 -0.286904 0.385184 0.108267 0.909808 -0.0824223 0.392089
1.21999 -0.287769 0.387916 0.107204 0.90895 -0.0839304 0.394048
1.22199 -0.288635 0.390659 0.106134 0.908084 -0.0854333 0.396006
1.22398 -0.2895 0.39341 0.105058 0.907211 -0.0869304 0.397962
1.22596 -0.290365 0.396169 0.103978 0.906332 -0.0884212 0.399915
1.22793 -0.29123 0.398938 0.102892 0.905446 -0.0899068 0.401868
1.22989 -0.292096 0.401718 0.101799 0.904552 -0.0913881 0.40382
1.23185 -0.292962 0.404511 0.100699 0.90365 -0.092866 0.405773
1.2338 -0.293831 0.40732 0.0995913 0.902739 -0.0943416 0.407729
1.23575 -0.294702 0.410146 0.0984743 0.901819 -0.0958156 0.409689
1.2377 -0.295576 0.412992 0.0973477 0.900888 -0.097289 0.411654
1.23964 -0.296453 0.415858 0.0962106 0.899946 -0.0987628 0.413626
1.24158 -0.297335 0.418748 0.0950622 0.898993 -0.100238 0.415605
1.24353 -0.298221 0.421663 0.0939016 0.898027 -0.101715 0.417593
1.24548 -0.299112 0.424605 0.0927279 0.897048 -0.103194 0.419592
1.24743 -0.300008 0.427577 0.0915404 0.896055 -0.104677 0.421601
1.24938 -0.300911 0.43058 0.090338 0.895048 -0.106165 0.423624
1.25134 -0.30182 0.433616 0.0891199 0.894025 -0.107658 0.42566
1.2533 -0.302737 0.436688 0.0878852 0.892986 -0.109157 0.427711
1.25528 -0.303661 0.439798 0.0866329 0.89193 -0.110662 0.429779
1.25725 -0.304594 0.442947 0.0853622 0.890856 -0.112175 0.431864
1.25924 -0.305535 0.446139 0.0840719 0.889763 -0.113695 0.433967
1.26124 -0.306486 0.449375 0.0827613 0.88865 -0.115224 0.43609
1.26324 -0.307446 0.452657 0.0814291 0.887517 -0.116763 0.438234
1.26526 -0.308417 0.455988 0.0800746 0.886362 -0.118311 0.4404
1.26729 -0.309398 0.459371 0.0786965 0.885185 -0.119869 0.44259
1.26933 -0.310391 0.462806 0.077294 0.883984 -0.121439 0.444803
1.27138 -0.311396 0.466297 0.0758659 0.882759 -0.12302 0.447042
1.27345 -0.312412 0.469846 0.0744112 0.881509 -0.124612 0.449307
1.27552 -0.313442 0.473455 0.0729287 0.880232 -0.126218 0.451599
1.27762 -0.314484 0.477127 0.0714174 0.878928 -0.127836 0.45392
1.27972 -0.315541 0.480863 0.0698761 0.877595 -0.129467 0.45627
1.28184 -0.316611 0.484668 0.0683038 0.876233 -0.131111 0.458651
1.28398 -0.317696 0.488541 0.0666992 0.874839 -0.132769 0.461063
1.28613 -0.318795 0.492488 0.0650611 0.873414 -0.134442 0.463508
1.2883 -0.319911 0.496508 0.0633884 0.871956 -0.136129 0.465986
1.29048 -0.321041 0.500606 0.0616798 0.870464 -0.13783 0.468498
1.29268 -0.322187 0.50478 0.0599359 0.868938 -0.139544 0.471043
1.29488 -0.323348 0.509028 0.0581572 0.867379 -0.14127 0.473619
1.2971 -0.324522 0.513347 0.0563442 0.865786 -0.143006 0.476224
1.29932 -0.325709 0.517738 0.0544974 0.864161 -0.14475 0.478857
1.30155 -0.326908 0.522197 0.0526174 0.862503 -0.146502 0.481516
1.30378 -0.328118 0.526723 0.0507049 0.860813 -0.148258 0.484199
1.30601 -0.329339 0.531314 0.0487604 0.859092 -0.150019 0.486906
1.30824 -0.330571 0.535969 0.0467845 0.85734 -0.151783 0.489634
1.31047 -0.331811 0.540685 0.0447778 0.855557 -0.153548 0.492381
1.31269 -0.333061 0.545461 0.0427412 0.853745 -0.155314 0.495147
1.31491 -0.334318 0.550295 0.0406751 0.851903 -0.157077 0.497929
1.31712 -0.335582 0.555185 0.0385803 0.850032 -0.158838 0.500727
1.31931 -0.336853 0.560128 0.0364576 0.848133 -0.160595 0.503538
1.3215 -0.33813 0.565123 0.0343077 0.846207 -0.162347 0.50636
1.32367 -0.339411 0.570168 0.0321312 0.844253 -0.164092 0.509193
1.32583 -0.340697 0.57526 0.0299291 0.842273 -0.16583 0.512035
1.32797 -0.341987 0.580399 0.0277021 0.840268 -0.167558 0.514885
1.3301 -0.343279 0.58558 0.025451 0.838238 -0.169277 0.51774
1.3322 -0.344574 0.590803 0.0231766 0.836184 -0.170984 0.5206
1.33428 -0.34587 0.596065 0.0208799 0.834106 -0.172679 0.523463
1.33634 -0.347167 0.601364 0.0185617 0.832006 -0.17436 0.526327
1.33838 -0.348465 0.606698 0.0162229 0.829884 -0.176027 0.529191
1.34039 -0.349762 0.612064 0.0138644 0.827742 -0.177679 0.532054
1.34238 -0.351057 0.617461 0.0114872 0.825579 -0.179314 0.534914
1.34434 -0.352351 0.622885 0.00909224 0.823398 -0.180931 0.53777
1.34627 -0.353643 0.628334 0.00668048 0.821198 -0.182531 0.540621
1.34817 -0.354931 0.633807 0.00425292 0.818982 -0.184111 0.543465
1.35004 -0.356216 0.6393 0.0018106 0.816749 -0.185672 0.546301
1.35188 -0.357496 0.644812 -0.000645457 0.814501 -0.187211 0.549127
1.35368 -0.358772 0.65034 -0.00311418 0.812238 -0.188729 0.551943
1.35546 -0.360042 0.655881 -0.0055945 0.809963 -0.190225 0.554746
1.35719 -0.361305 0.661433 -0.00808533 0.807675 -0.191698 0.557537
1.3589 -0.362564 0.667001 -0.0105886 0.805374 -0.193149 0.560316
1.36057 -0.363818 0.672588 -0.0131062 0.803057 -0.194579 0.563087
1.36222 -0.365068 0.678198 -0.0156403 0.800723 -0.19599 0.56585
1.36383 -0.366316 0.683837 -0.0181927 0.798369 -0.197381 0.568609
1.36542 -0.367562 0.689508 -0.0207656 0.795995 -0.198754 0.571365
1.36698 -0.368807 0.695216 -0.023361 0.793598 -0.20011 0.574119
1.36851 -0.370052 0.700966 -0.0259811 0.791176 -0.201448 0.576875
1.37001 -0.371297 0.706761 -0.028628 0.788727 -0.202771 0.579633
1.37149 -0.372544 0.712607 -0.0313038 0.786249 -0.204077 0.582395
1.37294 -0.373792 0.718507 -0.0340108 0.783741 -0.205368 0.585164
1.37437 -0.375043 0.724466 -0.0367512 0.7812 -0.206644 0.58794
1.37577 -0.376297 0.730489 -0.0395272 0.778624 -0.207905 0.590726
1.37715 -0.377555 0.73658 -0.0423412 0.776012 -0.209151 0.593523
1.3785 -0.378817 0.742743 -0.0451954 0.77336 -0.210382 0.596332
1.37982 -0.380084 0.748984 -0.0480921 0.770667 -0.211598 0.599155
1.38112 -0.381356 0.755307 -0.0510338 0.76793 -0.212799 0.601993
1.38238 -0.382634 0.761716 -0.0540228 0.765148 -0.213985 0.604847
1.38363 -0.383918 0.768216 -0.0570614 0.762319 -0.215155 0.607719
1.38484 -0.385209 0.774811 -0.0601522 0.759439 -0.216309 0.61061
1.38602 -0.386507 0.781507 -0.0632976 0.756507 -0.217446 0.613521
1.38717 -0.387813 0.788307 -0.0665001 0.75352 -0.218566 0.616453
1.38829 -0.389125 0.795216 -0.0697621 0.750477 -0.219668 0.619406
1.38937 -0.390446 0.802239 -0.0730862 0.747374 -0.22075 0.622382
1.39042 -0.391774 0.809379 -0.0764749 0.74421 -0.221812 0.625381
1.39143 -0.39311 0.816643 -0.0799308 0.740982 -0.222853 0.628405
1.39241 -0.394454 0.824033 -0.0834564 0.737688 -0.223872 0.631453
1.39334 -0.395806 0.831555 -0.0870543 0.734326 -0.224866 0.634525
1.39422 -0.397166 0.839213 -0.0907272 0.730892 -0.225834 0.637624
1.39506 -0.398533 0.847011 -0.0944776 0.727386 -0.226775 0.640747
1.39585 -0.399908 0.854954 -0.0983083 0.723803 -0.227687 0.643897
1.39659 -0.40129 0.863046 -0.102222 0.720143 -0.228567 0.647072
1.39727 -0.402679 0.871291 -0.106221 0.716403 -0.229414 0.650272
1.39789 -0.404073 0.879684 -0.110303 0.712584 -0.230224 0.653494
1.39845 -0.405469 0.888219 -0.114467 0.708688 -0.230993 0.656735
1.39894 -0.406866 0.896892 -0.118711 0.704718 -0.23172 0.659989
1.39936 -0.408262 0.905697 -0.123032 0.700676 -0.232401 0.663254
1.3997 -0.409656 0.914628 -0.127429 0.696564 -0.233033 0.666526
1.39997 -0.411044 0.923681 -0.131899 0.692383 -0.233613 0.669801
1.40015 -0.412426 0.932849 -0.136439 0.688137 -0.234139 0.673075
1.40025 -0.413798 0.942126 -0.141049 0.683828 -0.234607 0.676345
1.40026 -0.415161 0.951508 -0.145725 0.679459 -0.235016 0.679608
1.40019 -0.416511 0.960988 -0.150464 0.675031 -0.235363 0.682861
1.40001 -0.417847 0.97056 -0.155265 0.670547 -0.235645 0.686098
1.39975 -0.419167 0.980219 -0.160125 0.66601 -0.23586 0.689319
1.39938 -0.42047 0.989958 -0.165041 0.661423 -0.236007 0.692518
1.39892 -0.421754 0.999771 -0.170011 0.656789 -0.236083 0.695693
1.39836 -0.423016 1.00965 -0.175032 0.65211 -0.236087 0.698842
1.39769 -0.424257 1.0196 -0.1801 0.647389 -0.236016 0.70196
1.39692 -0.425473 1.0296 -0.185214 0.642629 -0.23587 0.705046
1.39604 -0.426664 1.03965 -0.190371 0.637833 -0.235647 0.708095
1.39505 -0.427828 1.04974 -0.195567 0.633004 -0.235345 0.711106
1.39396 -0.428963 1.05988 -0.2008 0.628145 -0.234964 0.714076
1.39276 -0.43007 1.07004 -0.206067 0.623259 -0.234502 0.717003
1.39145 -0.431145 1.08023 -0.211364 0.61835 -0.233959 0.719883
1.39003 -0.432188 1.09044 -0.216689 0.61342 -0.233335 0.722715
1.3885 -0.433198 1.10066 -0.222038 0.608473 -0.232628 0.725496
1.38686 -0.434174 1.11089 -0.227409 0.603511 -0.231838 0.728224
1.38511 -0.435115 1.12112 -0.232798 0.598539 -0.230965 0.730898
1.38326 -0.436019 1.13135 -0.238202 0.593558 -0.23001 0.733515
1.38129 -0.436886 1.14157 -0.243619 0.588573 -0.228971 0.736073
1.37922 -0.437716 1.15176 -0.249044 0.583587 -0.22785 0.738572
1.37705 -0.438506 1.16194 -0.254474 0.578602 -0.226647 0.741008
1.37477 -0.439258 1.17209 -0.259907 0.573622 -0.225363 0.743382
1.37239 -0.43997 1.1822 -0.26534 0.568651 -0.223997 0.745692
1.36991 -0.440642 1.19228 -0.270772 0.563688 -0.222551 0.747937
1.36733 -0.441274 1.20233 -0.276203 0.558732 -0.221025 0.750119
1.36464 -0.441866 1.21235 -0.281636 0.553785 -0.219417 0.752237
1.36185 -0.442418 1.22233 -0.287068 0.548846 -0.217727 0.754291
1.35896 -0.44293 1.23229 -0.292502 0.543914 -0.215956 0.756282
1.35597 -0.443401 1.24221 -0.297938 0.53899 -0.214103 0.75821
1.35287 -0.443831 1.25211 -0.303375 0.534073 -0.212168 0.760075
1.34967 -0.44422 1.26198 -0.308814 0.529164 -0.21015 0.761877
1.34637 -0.444568 1.27183 -0.314256 0.524263 -0.208048 0.763615
1.34296 -0.444874 1.28165 -0.319701 0.519369 -0.205862 0.765289
1.33945 -0.445138 1.29144 -0.325148 0.514484 -0.203592 0.7669
1.33583 -0.445359 1.30121 -0.330599 0.509605 -0.201237 0.768447
1.33211 -0.445537 1.31095 -0.336053 0.504735 -0.198796 0.769929
1.32828 -0.445673 1.32067 -0.341511 0.499873 -0.196268 0.771347
1.32434 -0.445764 1.33037 -0.346973 0.495018 -0.193652 0.7727
1.3203 -0.445811 1.34005 -0.352439 0.490173 -0.190949 0.773987
1.31614 -0.445813 1.3497 -0.357909 0.485335 -0.188155 0.775208
1.31187 -0.445769 1.35933 -0.363384 0.480507 -0.185272 0.776363
1.3075 -0.44568 1.36893 -0.368862 0.475687 -0.182297 0.777451
1.30301 -0.445543 1.37852 -0.374345 0.470878 -0.179231 0.778471
1.2984 -0.445359 1.38808 -0.379832 0.466078 -0.17607 0.779422
1.29368 -0.445127 1.39762 -0.385324 0.461288 -0.172816 0.780304
1.28885 -0.444846 1.40714 -0.390819 0.456509 -0.169465 0.781115
1.2839 -0.444516 1.41663 -0.396319 0.451742 -0.166018 0.781856
1.27882 -0.444134 1.4261 -0.401822 0.446987 -0.162473 0.782524
1.27363 -0.443701 1.43555 -0.407329 0.442244 -0.158828 0.78312
1.26832 -0.443216 1.44498 -0.412839 0.437515 -0.155083 0.783642
1.26289 -0.442678 1.45438 -0.418351 0.432799 -0.151236 0.784088
1.25733 -0.442086 1.46376 -0.423867 0.428099 -0.147285 0.784459
1.25164 -0.441438 1.47311 -0.429384 0.423415 -0.14323 0.784751
1.24583 -0.440734 1.48243 -0.434902 0.418747 -0.139068 0.784965
1.23989 -0.439973 1.49173 -0.440421 0.414098 -0.134799 0.785099
1.23382 -0.439153 1.50099 -0.445939 0.409469 -0.130423 0.785152
1.22763 -0.438275 1.51022 -0.451451 0.404864 -0.125939 0.785122
1.2213 -0.437338 1.51941 -0.456955 0.400286 -0.121349 0.785008
1.21486 -0.43634 1.52855 -0.462449 0.395737 -0.116654 0.784809
1.20829 -0.435282 1.53764 -0.467929 0.391221 -0.111853 0.784524
1.2016 -0.434163 1.54668 -0.473393 0.386739 -0.106947 0.784152
1.19479 -0.432982 1.55566 -0.478837 0.382297 -0.101938 0.783692
1.18786 -0.431739 1.56457 -0.484259 0.377895 -0.0968273 0.783143
1.18081 -0.430435 1.57342 -0.489656 0.373536 -0.0916147 0.782505
1.17365 -0.429067 1.58219 -0.495025 0.369225 -0.0863022 0.781777
1.16638 -0.427637 1.59089 0.500364 -0.364962 0.0808909 -0.780958
1.15899 -0.426144 1.59951 0.505669 -0.360751 0.0753823 -0.780048
1.1515 -0.424588 1.60805 0.510937 -0.356595 0.069778 -0.779047
1.1439 -0.422969 1.6165 0.516166 -0.352496 0.0640796 -0.777954
1.1362 -0.421288 1.62485 0.521354 -0.348456 0.0582888 -0.77677
1.12839 -0.419543 1.63311 0.526496 -0.344479 0.0524076 -0.775493
1.12049 -0.417735 1.64128 0.531591 -0.340566 0.0464378 -0.774125
1.11249 -0.415865 1.64934 0.536636 -0.33672 0.0403815 -0.772664
1.1044 -0.413933 1.65729 0.541629 -0.332944 0.0342408 -0.771113
1.09622 -0.411939 1.66514 0.546566 -0.329238 0.0280179 -0.769469
1.08795 -0.409883 1.67287 0.551445 -0.325607 0.0217151 -0.767735
1.0796 -0.407766 1.68049 0.556264 -0.322051 0.0153348 -0.765911
1.07116 -0.405589 1.68799 0.561019 -0.318573 0.0088795 -0.763996
1.06265 -0.403352 1.69537 0.56571 -0.315174 0.00235169 -0.761992
1.05406 -0.401055 1.70262 0.570333 -0.311857 -0.00424599 -0.759899
1.0454 -0.398699 1.70975 0.574886 -0.308624 -0.0109109 -0.757719
1.03668 -0.396286 1.71675 0.579367 -0.305475 -0.0176401 -0.755452
1.02789 -0.393815 1.72361 0.583774 -0.302413 -0.024431 -0.753098
1.01903 -0.391288 1.73035 0.588104 -0.29944 -0.0312806 -0.75066
1.01012 -0.388706 1.73694 0.592356 -0.296556 -0.0381859 -0.748138
1.00116 -0.386069 1.7434 0.596527 -0.293763 -0.045144 -0.745534
0.992142 -0.383379 1.74972 0.600616 -0.291062 -0.0521517 -0.742848
0.983078 -0.380636 1.7559 0.604622 -0.288454 -0.0592073 -0.740082
0.973967 -0.377841 1.76193 0.608542 -0.28594 -0.0663089 -0.737236
0.964812 -0.374994 1.76783 0.612378 -0.283521 -0.0734547 -0.734312
0.955614 -0.372096 1.77358 0.616126 -0.281196 -0.0806429 -0.73131
0.946375 -0.369148 1.77919 0.619787 -0.278966 -0.0878714 -0.728231
0.937097 -0.36615 1.78465 0.623359 -0.276833 -0.0951385 -0.725077
0.927782 -0.363103 1.78997 0.626841 -0.274796 -0.102442 -0.721847
0.918433 -0.360007 1.79515 0.630232 -0.272856 -0.109781 -0.718544
0.90905 -0.356863 1.80018 0.633531 -0.271014 -0.117152 -0.715168
0.899637 -0.353673 1.80506 0.636738 -0.269269 -0.124554 -0.71172
0.890195 -0.350436 1.8098 0.639851 -0.267623 -0.131986 -0.708201
0.880726 -0.347153 1.81439 0.64287 -0.266076 -0.139444 -0.704612
0.871232 -0.343826 1.81883 0.645792 -0.264628 -0.146928 -0.700954
0.861714 -0.340454 1.82313 0.648619 -0.263279 -0.154434 -0.697229
0.852176 -0.337039 1.82727 0.651348 -0.262029 -0.161962 -0.693437
0.842618 -0.333582 1.83127 0.653979 -0.26088 -0.16951 -0.68958
0.833043 -0.330082 1.83512 0.656511 -0.259831 -0.177074 -0.685658
0.823453 -0.326542 1.83882 0.658943 -0.258882 -0.184654 -0.681673
0.813849 -0.322961 1.84238 0.661274 -0.258033 -0.192248 -0.677625
0.804233 -0.319341 1.84578 0.663504 -0.257285 -0.199853 -0.673517
0.794609 -0.315682 1.84904 0.665632 -0.256638 -0.207467 -0.669349
0.784976 -0.311985 1.85214 0.667658 -0.256091 -0.215089 -0.665122
0.775337 -0.308252 1.85509 0.669579 -0.255645 -0.222716 -0.660838
0.765695 -0.304483 1.8579 0.671397 -0.2553 -0.230347 -0.656497
0.75605 -0.300678 1.86055 0.673109 -0.255056 -0.23798 -0.652102
0.746406 -0.29684 1.86306 0.674716 -0.254912 -0.245612 -0.647652
0.736763 -0.292968 1.86541 0.676216 -0.254869 -0.253242 -0.64315
0.727124 -0.289064 1.86761 0.67761 -0.254926 -0.260868 -0.638596
0.71749 -0.285128 1.86967 0.678896 -0.255083 -0.268487 -0.633993
0.707863 -0.281162 1.87157 0.680074 -0.255341 -0.276099 -0.62934
0.698246 -0.277167 1.87332 0.681144 -0.255699 -0.2837 -0.62464
