0.35992 -0.644669 1.44432 0.383194 0.688983 0.152431 0.596011
0.359796 -0.644976 1.44479 0.383549 0.688796 0.1525 0.595981
0.359671 -0.645283 1.44526 0.383904 0.68861 0.15257 0.59595
0.359546 -0.645589 1.44574 0.38426 0.688423 0.152639 0.59592
0.359421 -0.645895 1.44621 0.384615 0.688236 0.152708 0.595889
0.359296 -0.646201 1.44668 0.38497 0.688049 0.152777 0.595857
0.35917 -0.646506 1.44716 0.385324 0.687862 0.152847 0.595826
0.359044 -0.646811 1.44763 0.385679 0.687675 0.152916 0.595795
0.358918 -0.647116 1.44811 0.386034 0.687488 0.152986 0.595763
0.358791 -0.64742 1.44858 0.386389 0.687301 0.153055 0.595731
0.358665 -0.647724 1.44905 0.386743 0.687113 0.153124 0.595699
0.358538 -0.648028 1.44953 0.387098 0.686926 0.153194 0.595667
0.35841 -0.648331 1.45 0.387453 0.686739 0.153263 0.595635
0.358283 -0.648634 1.45048 0.387807 0.686551 0.153333 0.595602
0.358155 -0.648937 1.45096 0.388162 0.686364 0.153403 0.595569
0.358027 -0.649239 1.45143 0.388516 0.686176 0.153472 0.595536
0.357899 -0.649541 1.45191 0.38887 0.685989 0.153542 0.595503
0.357771 -0.649842 1.45238 0.389225 0.685801 0.153612 0.59547
0.357642 -0.650144 1.45286 0.389579 0.685613 0.153682 0.595437
0.357513 -0.650445 1.45334 0.389933 0.685426 0.153751 0.595403
0.357384 -0.650745 1.45381 0.390287 0.685238 0.153821 0.595369
0.357254 -0.651045 1.45429 0.390641 0.68505 0.153891 0.595335
0.357124 -0.651345 1.45477 0.390995 0.684862 0.153961 0.595301
0.356994 -0.651645 1.45524 0.391349 0.684674 0.154031 0.595267
0.356864 -0.651944 1.45572 0.391703 0.684486 0.154101 0.595232
0.356734 -0.652243 1.4562 0.392057 0.684297 0.154171 0.595197
0.356603 -0.652541 1.45668 0.392411 0.684109 0.154241 0.595163
0.356472 -0.65284 1.45716 0.392764 0.683921 0.154311 0.595128
0.356341 -0.653137 1.45764 0.393118 0.683732 0.154381 0.595092
0.35621 -0.653435 1.45811 0.393471 0.683544 0.154451 0.595057
0.356078 -0.653732 1.45859 0.393825 0.683355 0.154522 0.595021
0.355946 -0.654029 1.45907 0.394178 0.683167 0.154592 0.594986
0.355814 -0.654325 1.45955 0.394532 0.682978 0.154662 0.59495
0.355681 -0.654621 1.46003 0.394885 0.682789 0.154732 0.594914
0.355549 -0.654917 1.46051 0.395238 0.682601 0.154803 0.594877
0.355416 -0.655212 1.46099 0.395592 0.682412 0.154873 0.594841
0.355282 -0.655507 1.46147 0.395945 0.682223 0.154944 0.594804
0.355149 -0.655802 1.46195 0.396298 0.682034 0.155014 0.594767
0.355015 -0.656096 1.46243 0.396651 0.681845 0.155085 0.59473
0.354881 -0.65639 1.46291 0.397004 0.681656 0.155155 0.594693
0.354747 -0.656684 1.4634 0.397357 0.681467 0.155226 0.594656
0.354613 -0.656977 1.46388 0.39771 0.681278 0.155296 0.594618
0.354478 -0.65727 1.46436 0.398063 0.681088 0.155367 0.594581
0.354343 -0.657563 1.46484 0.398415 0.680899 0.155438 0.594543
0.354208 -0.657855 1.46532 0.398768 0.68071 0.155508 0.594505
0.354073 -0.658147 1.46581 0.399121 0.68052 0.155579 0.594466
0.353937 -0.658439 1.46629 0.399473 0.680331 0.15565 0.594428
0.353801 -0.65873 1.46677 0.399826 0.680141 0.155721 0.594389
0.353665 -0.659021 1.46725 0.400178 0.679951 0.155791 0.594351
0.353529 -0.659311 1.46774 0.400531 0.679762 0.155862 0.594312
0.353392 -0.659601 1.46822 0.400883 0.679572 0.155933 0.594273
0.353256 -0.659891 1.4687 0.401235 0.679382 0.156004 0.594233
0.353118 -0.660181 1.46919 0.401587 0.679192 0.156075 0.594194
0.352981 -0.66047 1.46967 0.401939 0.679002 0.156146 0.594154
0.352844 -0.660758 1.47016 0.402292 0.678812 0.156217 0.594114
0.352706 -0.661047 1.47064 0.402644 0.678622 0.156289 0.594074
0.352568 -0.661335 1.47113 0.402995 0.678432 0.15636 0.594034
0.352429 -0.661622 1.47161 0.403347 0.678242 0.156431 0.593994
0.352291 -0.66191 1.4721 0.403699 0.678051 0.156502 0.593953
0.352152 -0.662197 1.47258 0.404051 0.677861 0.156573 0.593912
0.352013 -0.662483 1.47307 0.404403 0.677671 0.156645 0.593872
0.351874 -0.66277 1.47355 0.404754 0.67748 0.156716 0.59383
0.351734 -0.663055 1.47404 0.405106 0.67729 0.156787 0.593789
0.351595 -0.663341 1.47453 0.405457 0.677099 0.156859 0.593748
0.351455 -0.663626 1.47501 0.405809 0.676908 0.15693 0.593706
0.351315 -0.663911 1.4755 0.40616 0.676718 0.157002 0.593664
0.351174 -0.664196 1.47599 0.406512 0.676527 0.157073 0.593622
0.351034 -0.66448 1.47647 0.406863 0.676336 0.157145 0.59358
0.350893 -0.664763 1.47696 0.407214 0.676145 0.157216 0.593538
0.350751 -0.665047 1.47745 0.407565 0.675954 0.157288 0.593496
0.35061 -0.66533 1.47794 0.407916 0.675763 0.15736 0.593453
0.350468 -0.665613 1.47843 0.408267 0.675572 0.157431 0.59341
0.350327 -0.665895 1.47891 0.408618 0.675381 0.157503 0.593367
0.350185 -0.666177 1.4794 0.408969 0.67519 0.157575 0.593324
0.350042 -0.666458 1.47989 0.40932 0.674998 0.157647 0.59328
0.3499 -0.66674 1.48038 0.409671 0.674807 0.157719 0.593237
0.349757 -0.667021 1.48087 0.410021 0.674616 0.15779 0.593193
0.349614 -0.667301 1.48136 0.410372 0.674424 0.157862 0.593149
0.349471 -0.667581 1.48185 0.410723 0.674233 0.157934 0.593105
0.349327 -0.667861 1.48234 0.411073 0.674041 0.158006 0.593061
0.349183 -0.66814 1.48283 0.411424 0.673849 0.158078 0.593017
0.349039 -0.66842 1.48332 0.411774 0.673658 0.15815 0.592972
0.348895 -0.668698 1.48381 0.412124 0.673466 0.158223 0.592927
0.348751 -0.668977 1.4843 0.412475 0.673274 0.158295 0.592882
0.348606 -0.669255 1.48479 0.412825 0.673082 0.158367 0.592837
0.348461 -0.669532 1.48528 0.413175 0.67289 0.158439 0.592792
0.348316 -0.669809 1.48577 0.413525 0.672698 0.158511 0.592746
0.348171 -0.670086 1.48626 0.413875 0.672506 0.158584 0.592701
0.348025 -0.670363 1.48676 0.414225 0.672314 0.158656 0.592655
0.347879 -0.670639 1.48725 0.414575 0.672122 0.158728 0.592609
0.347733 -0.670915 1.48774 0.414925 0.67193 0.158801 0.592563
0.347587 -0.67119 1.48823 0.415274 0.671737 0.158873 0.592516
0.34744 -0.671465 1.48872 0.415624 0.671545 0.158946 0.59247
0.347293 -0.67174 1.48922 0.415974 0.671352 0.159018 0.592423
0.347146 -0.672014 1.48971 0.416323 0.67116 0.159091 0.592376
0.346999 -0.672288 1.4902 0.416673 0.670967 0.159163 0.592329
0.346852 -0.672562 1.4907 0.417022 0.670775 0.159236 0.592282
0.346704 -0.672835 1.49119 0.417371 0.670582 0.159309 0.592234
0.346556 -0.673108 1.49168 0.417721 0.670389 0.159381 0.592187
0.346408 -0.673381 1.49218 0.41807 0.670196 0.159454 0.592139
0.346259 -0.673653 1.49267 0.418419 0.670004 0.159527 0.592091
0.346111 -0.673925 1.49317 0.418768 0.669811 0.1596 0.592043
0.345962 -0.674196 1.49366 0.419117 0.669618 0.159673 0.591995
0.345813 -0.674467 1.49416 0.419466 0.669425 0.159746 0.591946
0.345664 -0.674738 1.49465 0.419815 0.669231 0.159818 0.591898
0.345514 -0.675008 1.49515 0.420164 0.669038 0.159891 0.591849
0.345364 -0.675278 1.49564 0.420513 0.668845 0.159964 0.5918
0.345214 -0.675548 1.49614 0.420861 0.668652 0.160037 0.591751
0.345064 -0.675817 1.49663 0.42121 0.668458 0.160111 0.591701
0.344914 -0.676086 1.49713 0.421558 0.668265 0.160184 0.591652
0.344763 -0.676354 1.49762 0.421907 0.668071 0.160257 0.591602
0.344612 -0.676622 1.49812 0.422255 0.667878 0.16033 0.591552
0.344461 -0.67689 1.49862 0.422604 0.667684 0.160403 0.591502
0.34431 -0.677157 1.49911 0.422952 0.667491 0.160476 0.591452
0.344158 -0.677424 1.49961 0.4233 0.667297 0.16055 0.591401
0.344006 -0.677691 1.50011 0.423648 0.667103 0.160623 0.591351
0.343854 -0.677957 1.50061 0.423997 0.666909 0.160696 0.5913
0.343702 -0.678223 1.5011 0.424345 0.666715 0.16077 0.591249
0.343549 -0.678488 1.5016 0.424693 0.666521 0.160843 0.591198
0.343397 -0.678753 1.5021 0.42504 0.666327 0.160917 0.591147
0.343244 -0.679018 1.5026 0.425388 0.666133 0.16099 0.591095
0.343091 -0.679282 1.5031 0.425736 0.665939 0.161064 0.591044
0.342937 -0.679546 1.5036 0.426084 0.665745 0.161137 0.590992
0.342784 -0.67981 1.50409 0.426431 0.665551 0.161211 0.59094
0.34263 -0.680073 1.50459 0.426779 0.665356 0.161285 0.590888
0.342476 -0.680336 1.50509 0.427126 0.665162 0.161359 0.590835
0.342322 -0.680599 1.50559 0.427474 0.664967 0.161432 0.590783
0.342167 -0.680861 1.50609 0.427821 0.664773 0.161506 0.59073
0.342012 -0.681122 1.50659 0.428168 0.664578 0.16158 0.590677
0.341857 -0.681384 1.50709 0.428516 0.664384 0.161654 0.590624
0.341702 -0.681645 1.50759 0.428863 0.664189 0.161728 0.590571
0.341547 -0.681905 1.50809 0.42921 0.663994 0.161802 0.590518
0.341391 -0.682166 1.50859 0.429557 0.663799 0.161876 0.590464
0.341235 -0.682425 1.50909 0.429904 0.663604 0.16195 0.59041
0.341079 -0.682685 1.5096 0.430251 0.663409 0.162024 0.590356
0.340923 -0.682944 1.5101 0.430597 0.663214 0.162098 0.590302
0.340767 -0.683203 1.5106 0.430944 0.663019 0.162172 0.590248
0.34061 -0.683461 1.5111 0.431291 0.662824 0.162246 0.590194
0.340453 -0.683719 1.5116 0.431637 0.662629 0.16232 0.590139
0.340296 -0.683977 1.5121 0.431984 0.662434 0.162394 0.590084
0.340138 -0.684234 1.51261 0.43233 0.662239 0.162469 0.590029
0.339981 -0.684491 1.51311 0.432677 0.662043 0.162543 0.589974
0.339823 -0.684747 1.51361 0.433023 0.661848 0.162617 0.589919
0.339665 -0.685003 1.51411 0.433369 0.661652 0.162692 0.589863
0.339507 -0.685259 1.51462 0.433715 0.661457 0.162766 0.589808
0.339348 -0.685514 1.51512 0.434061 0.661261 0.162841 0.589752
0.33919 -0.685769 1.51562 0.434408 0.661066 0.162915 0.589696
0.339031 -0.686023 1.51613 0.434753 0.66087 0.16299 0.58964
0.338872 -0.686278 1.51663 0.435099 0.660674 0.163064 0.589583
0.338712 -0.686531 1.51713 0.435445 0.660478 0.163139 0.589527
0.338553 -0.686785 1.51764 0.435791 0.660282 0.163213 0.58947
0.338393 -0.687038 1.51814 0.436137 0.660086 0.163288 0.589413
0.338233 -0.68729 1.51865 0.436482 0.65989 0.163363 0.589356
0.338073 -0.687543 1.51915 0.436828 0.659694 0.163438 0.589299
0.337912 -0.687794 1.51966 0.437173 0.659498 0.163512 0.589241
0.337752 -0.688046 1.52016 0.437519 0.659302 0.163587 0.589184
0.337591 -0.688297 1.52067 0.437864 0.659106 0.163662 0.589126
0.33743 -0.688548 1.52117 0.438209 0.658909 0.163737 0.589068
0.337268 -0.688798 1.52168 0.438554 0.658713 0.163812 0.58901
0.337107 -0.689048 1.52219 0.4389 0.658517 0.163887 0.588952
0.336945 -0.689297 1.52269 0.439245 0.65832 0.163962 0.588893
0.336783 -0.689547 1.5232 0.43959 0.658124 0.164037 0.588835
0.336621 -0.689795 1.5237 0.439934 0.657927 0.164112 0.588776
0.336459 -0.690044 1.52421 0.440279 0.65773 0.164187 0.588717
0.336296 -0.690292 1.52472 0.440624 0.657534 0.164262 0.588658
0.336134 -0.690539 1.52523 0.440969 0.657337 0.164338 0.588598
0.335971 -0.690787 1.52573 0.441313 0.65714 0.164413 0.588539
0.335807 -0.691033 1.52624 0.441658 0.656943 0.164488 0.588479
0.335644 -0.69128 1.52675 0.442002 0.656746 0.164564 0.588419
0.33548 -0.691526 1.52726 0.442347 0.656549 0.164639 0.588359
0.335317 -0.691772 1.52776 0.442691 0.656352 0.164714 0.588299
0.335152 -0.692017 1.52827 0.443035 0.656155 0.16479 0.588239
0.334988 -0.692262 1.52878 0.443379 0.655958 0.164865 0.588178
0.334824 -0.692506 1.52929 0.443724 0.65576 0.164941 0.588118
0.334659 -0.69275 1.5298 0.444068 0.655563 0.165016 0.588057
0.334494 -0.692994 1.53031 0.444412 0.655366 0.165092 0.587996
0.334329 -0.693237 1.53082 0.444755 0.655168 0.165167 0.587934
0.334164 -0.69348 1.53132 0.445099 0.654971 0.165243 0.587873
0.333998 -0.693723 1.53183 0.445443 0.654773 0.165319 0.587811
0.333833 -0.693965 1.53234 0.445787 0.654576 0.165395 0.58775
0.333667 -0.694207 1.53285 0.44613 0.654378 0.16547 0.587688
0.3335 -0.694448 1.53336 0.446474 0.65418 0.165546 0.587626
0.333334 -0.694689 1.53387 0.446817 0.653982 0.165622 0.587563
0.333168 -0.69493 1.53438 0.447161 0.653785 0.165698 0.587501
0.333001 -0.69517 1.53489 0.447504 0.653587 0.165774 0.587438
0.332834 -0.69541 1.53541 0.447847 0.653389 0.16585 0.587376
0.332667 -0.695649 1.53592 0.44819 0.653191 0.165926 0.587313
0.332499 -0.695888 1.53643 0.448533 0.652993 0.166002 0.587249
0.332332 -0.696127 1.53694 0.448876 0.652794 0.166078 0.587186
0.332164 -0.696365 1.53745 0.449219 0.652596 0.166154 0.587123
0.331996 -0.696603 1.53796 0.449562 0.652398 0.16623 0.587059
0.331828 -0.69684 1.53847 0.449905 0.6522 0.166306 0.586995
0.331659 -0.697077 1.53899 0.450248 0.652001 0.166383 0.586931
0.331491 -0.697314 1.5395 0.45059 0.651803 0.166459 0.586867
0.331322 -0.69755 1.54001 0.450933 0.651604 0.166535 0.586803
0.331153 -0.697786 1.54052 0.451275 0.651406 0.166612 0.586738
0.330984 -0.698022 1.54104 0.451618 0.651207 0.166688 0.586673
0.330814 -0.698257 1.54155 0.45196 0.651009 0.166764 0.586608
0.330645 -0.698491 1.54206 0.452302 0.65081 0.166841 0.586543
0.330475 -0.698726 1.54258 0.452645 0.650611 0.166917 0.586478
0.330305 -0.69896 1.54309 0.452987 0.650412 0.166994 0.586413
0.330134 -0.699193 1.5436 0.453329 0.650214 0.16707 0.586347
0.329964 -0.699426 1.54412 0.453671 0.650015 0.167147 0.586281
0.329793 -0.699659 1.54463 0.454012 0.649816 0.167224 0.586215
0.329623 -0.699891 1.54515 0.454354 0.649617 0.1673 0.586149
0.329451 -0.700123 1.54566 0.454696 0.649417 0.167377 0.586083
0.32928 -0.700355 1.54617 0.455038 0.649218 0.167454 0.586017
0.329109 -0.700586 1.54669 0.455379 0.649019 0.167531 0.58595
0.328937 -0.700816 1.5472 0.455721 0.64882 0.167608 0.585883
0.328765 -0.701047 1.54772 0.456062 0.64862 0.167684 0.585816
0.328593 -0.701277 1.54823 0.456404 0.648421 0.167761 0.585749
0.328421 -0.701506 1.54875 0.456745 0.648222 0.167838 0.585682
0.328249 -0.701735 1.54927 0.457086 0.648022 0.167915 0.585614
0.328076 -0.701964 1.54978 0.457427 0.647822 0.167992 0.585547
0.327903 -0.702192 1.5503 0.457768 0.647623 0.168069 0.585479
0.32773 -0.70242 1.55081 0.458109 0.647423 0.168146 0.585411
0.327557 -0.702648 1.55133 0.45845 0.647223 0.168224 0.585343
0.327383 -0.702875 1.55185 0.458791 0.647024 0.168301 0.585274
0.32721 -0.703101 1.55236 0.459132 0.646824 0.168378 0.585206
0.327036 -0.703328 1.55288 0.459472 0.646624 0.168455 0.585137
0.326862 -0.703554 1.5534 0.459813 0.646424 0.168533 0.585068
0.326688 -0.703779 1.55391 0.460153 0.646224 0.16861 0.584999
0.326513 -0.704004 1.55443 0.460494 0.646024 0.168687 0.58493
0.326338 -0.704229 1.55495 0.460834 0.645824 0.168765 0.584861
0.326164 -0.704453 1.55547 0.461175 0.645623 0.168842 0.584791
0.325989 -0.704677 1.55599 0.461515 0.645423 0.16892 0.584722
0.325813 -0.7049 1.5565 0.461855 0.645223 0.168997 0.584652
0.325638 -0.705124 1.55702 0.462195 0.645022 0.169075 0.584582
0.325462 -0.705346 1.55754 0.462535 0.644822 0.169152 0.584511
0.325287 -0.705568 1.55806 0.462875 0.644622 0.16923 0.584441
0.325111 -0.70579 1.55858 0.463215 0.644421 0.169308 0.58437
0.324934 -0.706012 1.5591 0.463554 0.64422 0.169385 0.5843
0.324758 -0.706233 1.55962 0.463894 0.64402 0.169463 0.584229
0.324581 -0.706453 1.56014 0.464234 0.643819 0.169541 0.584158
0.324405 -0.706674 1.56065 0.464573 0.643618 0.169619 0.584086
0.324228 -0.706894 1.56117 0.464912 0.643417 0.169697 0.584015
0.324051 -0.707113 1.56169 0.465252 0.643217 0.169774 0.583943
0.323873 -0.707332 1.56221 0.465591 0.643016 0.169852 0.583872
0.323696 -0.707551 1.56273 0.46593 0.642815 0.16993 0.5838
0.323518 -0.707769 1.56325 0.466269 0.642614 0.170008 0.583727
0.32334 -0.707987 1.56378 0.466608 0.642412 0.170086 0.583655
0.323162 -0.708204 1.5643 0.466947 0.642211 0.170165 0.583583
0.322984 -0.708421 1.56482 0.467286 0.64201 0.170243 0.58351
0.322805 -0.708638 1.56534 0.467625 0.641809 0.170321 0.583437
0.322627 -0.708854 1.56586 0.467964 0.641607 0.170399 0.583364
0.322448 -0.709069 1.56638 0.468302 0.641406 0.170477 0.583291
0.322269 -0.709285 1.5669 0.468641 0.641205 0.170556 0.583218
0.322089 -0.7095 1.56742 0.468979 0.641003 0.170634 0.583144
0.32191 -0.709714 1.56795 0.469318 0.640802 0.170712 0.583071
0.32173 -0.709928 1.56847 0.469656 0.6406 0.170791 0.582997
0.32155 -0.710142 1.56899 0.469994 0.640398 0.170869 0.582923
0.32137 -0.710355 1.56951 0.470333 0.640197 0.170948 0.582849
0.32119 -0.710568 1.57003 0.470671 0.639995 0.171026 0.582774
0.32101 -0.710781 1.57056 0.471009 0.639793 0.171105 0.5827
0.320829 -0.710993 1.57108 0.471347 0.639591 0.171183 0.582625
0.320649 -0.711204 1.5716 0.471684 0.639389 0.171262 0.58255
0.320468 -0.711416 1.57213 0.472022 0.639187 0.171341 0.582475
0.320287 -0.711627 1.57265 0.47236 0.638985 0.171419 0.5824
0.320105 -0.711837 1.57317 0.472697 0.638783 0.171498 0.582324
0.319924 -0.712047 1.5737 0.473035 0.638581 0.171577 0.582249
0.319742 -0.712257 1.57422 0.473372 0.638379 0.171656 0.582173
0.31956 -0.712466 1.57474 0.47371 0.638176 0.171735 0.582097
0.319378 -0.712675 1.57527 0.474047 0.637974 0.171814 0.582021
0.319196 -0.712883 1.57579 0.474384 0.637772 0.171892 0.581945
0.319013 -0.713091 1.57632 0.474721 0.637569 0.171971 0.581869
0.318831 -0.713298 1.57684 0.475058 0.637367 0.17205 0.581792
0.318648 -0.713505 1.57737 0.475395 0.637164 0.17213 0.581715
0.318465 -0.713712 1.57789 0.475732 0.636962 0.172209 0.581638
0.318282 -0.713918 1.57842 0.476069 0.636759 0.172288 0.581561
0.318099 -0.714124 1.57894 0.476406 0.636556 0.172367 0.581484
0.317915 -0.71433 1.57947 0.476742 0.636353 0.172446 0.581406
0.317731 -0.714535 1.57999 0.477079 0.636151 0.172525 0.581329
0.317548 -0.714739 1.58052 0.477415 0.635948 0.172605 0.581251
0.317364 -0.714944 1.58104 0.477752 0.635745 0.172684 0.581173
0.317179 -0.715147 1.58157 0.478088 0.635542 0.172763 0.581095
0.316995 -0.715351 1.5821 0.478424 0.635339 0.172843 0.581017
0.31681 -0.715554 1.58262 0.47876 0.635136 0.172922 0.580938
0.316625 -0.715756 1.58315 0.479096 0.634932 0.173002 0.58086
0.316441 -0.715958 1.58368 0.479432 0.634729 0.173081 0.580781
0.316255 -0.71616 1.5842 0.479768 0.634526 0.173161 0.580702
0.31607 -0.716361 1.58473 0.480104 0.634323 0.17324 0.580623
0.315885 -0.716562 1.58526 0.48044 0.634119 0.17332 0.580543
0.315699 -0.716763 1.58578 0.480775 0.633916 0.1734 0.580464
0.315513 -0.716963 1.58631 0.481111 0.633712 0.173479 0.580384
0.315327 -0.717162 1.58684 0.481446 0.633509 0.173559 0.580304
0.315141 -0.717362 1.58737 0.481782 0.633305 0.173639 0.580224
0.314954 -0.71756 1.5879 0.482117 0.633101 0.173719 0.580144
0.314768 -0.717759 1.58842 0.482452 0.632898 0.173799 0.580064
0.314581 -0.717957 1.58895 0.482788 0.632694 0.173879 0.579983
0.314394 -0.718154 1.58948 0.483123 0.63249 0.173958 0.579903
0.314207 -0.718351 1.59001 0.483458 0.632286 0.174038 0.579822
0.31402 -0.718548 1.59054 0.483792 0.632082 0.174118 0.579741
0.313832 -0.718744 1.59107 0.484127 0.631878 0.174199 0.57966
0.313645 -0.71894 1.5916 0.484462 0.631674 0.174279 0.579578
0.313457 -0.719136 1.59212 0.484797 0.63147 0.174359 0.579497
0.313269 -0.719331 1.59265 0.485131 0.631266 0.174439 0.579415
0.313081 -0.719525 1.59318 0.485466 0.631062 0.174519 0.579333
0.312893 -0.719719 1.59371 0.4858 0.630858 0.174599 0.579251
0.312704 -0.719913 1.59424 0.486134 0.630653 0.17468 0.579169
0.312515 -0.720106 1.59477 0.486469 0.630449 0.17476 0.579087
0.312327 -0.720299 1.5953 0.486803 0.630245 0.17484 0.579004
0.312138 -0.720492 1.59583 0.487137 0.63004 0.174921 0.578921
0.311948 -0.720684 1.59636 0.487471 0.629836 0.175001 0.578838
0.311759 -0.720875 1.59689 0.487805 0.629631 0.175082 0.578755
0.311569 -0.721067 1.59742 0.488138 0.629426 0.175162 0.578672
0.31138 -0.721257 1.59796 0.488472 0.629222 0.175243 0.578589
0.31119 -0.721448 1.59849 0.488806 0.629017 0.175323 0.578505
0.311 -0.721638 1.59902 0.489139 0.628812 0.175404 0.578421
0.31081 -0.721827 1.59955 0.489473 0.628607 0.175485 0.578338
0.310619 -0.722016 1.60008 0.489806 0.628402 0.175565 0.578253
0.310429 -0.722205 1.60061 0.490139 0.628197 0.175646 0.578169
0.310238 -0.722393 1.60114 0.490473 0.627992 0.175727 0.578085
0.310047 -0.722581 1.60168 0.490806 0.627787 0.175808 0.578
0.309856 -0.722768 1.60221 0.491139 0.627582 0.175889 0.577915
0.309665 -0.722955 1.60274 0.491472 0.627377 0.17597 0.577831
0.309473 -0.723142 1.60327 0.491805 0.627172 0.176051 0.577745
0.309282 -0.723328 1.60381 0.492137 0.626967 0.176132 0.57766
0.30909 -0.723514 1.60434 0.49247 0.626761 0.176213 0.577575
0.308898 -0.723699 1.60487 0.492803 0.626556 0.176294 0.577489
0.308706 -0.723884 1.6054 0.493135 0.62635 0.176375 0.577403
0.308514 -0.724068 1.60594 0.493468 0.626145 0.176456 0.577317
0.308322 -0.724252 1.60647 0.4938 0.625939 0.176537 0.577231
0.308129 -0.724436 1.607 0.494132 0.625734 0.176618 0.577145
0.307936 -0.724619 1.60754 0.494464 0.625528 0.176699 0.577059
0.307743 -0.724801 1.60807 0.494797 0.625323 0.176781 0.576972
0.30755 -0.724984 1.6086 0.495129 0.625117 0.176862 0.576885
0.307357 -0.725165 1.60914 0.49546 0.624911 0.176943 0.576798
0.307164 -0.725347 1.60967 0.495792 0.624705 0.177025 0.576711
0.30697 -0.725528 1.61021 0.496124 0.624499 0.177106 0.576624
0.306776 -0.725708 1.61074 0.496456 0.624293 0.177188 0.576536
0.306583 -0.725888 1.61128 0.496787 0.624087 0.177269 0.576449
0.306389 -0.726068 1.61181 0.497119 0.623881 0.177351 0.576361
0.306194 -0.726247 1.61234 0.49745 0.623675 0.177433 0.576273
0.306 -0.726426 1.61288 0.497781 0.623469 0.177514 0.576185
0.305805 -0.726605 1.61341 0.498113 0.623263 0.177596 0.576097
0.305611 -0.726783 1.61395 0.498444 0.623056 0.177678 0.576008
0.305416 -0.72696 1.61449 0.498775 0.62285 0.177759 0.575919
0.305221 -0.727137 1.61502 0.499106 0.622644 0.177841 0.575831
0.305026 -0.727314 1.61556 0.499437 0.622437 0.177923 0.575742
0.30483 -0.72749 1.61609 0.499767 0.622231 0.178005 0.575653
0.304635 -0.727666 1.61663 0.500098 0.622024 0.178087 0.575563
0.304439 -0.727841 1.61716 0.500429 0.621817 0.178169 0.575474
0.304243 -0.728016 1.6177 0.500759 0.621611 0.178251 0.575384
0.304047 -0.728191 1.61824 0.50109 0.621404 0.178333 0.575294
0.303851 -0.728365 1.61877 0.50142 0.621197 0.178415 0.575204
0.303655 -0.728538 1.61931 0.50175 0.620991 0.178497 0.575114
0.303459 -0.728712 1.61985 0.50208 0.620784 0.178579 0.575024
0.303262 -0.728884 1.62038 0.50241 0.620577 0.178661 0.574933
0.303065 -0.729057 1.62092 0.50274 0.62037 0.178744 0.574843
0.302868 -0.729229 1.62146 0.50307 0.620163 0.178826 0.574752
0.302671 -0.7294 1.622 0.5034 0.619956 0.178908 0.574661
0.302474 -0.729571 1.62253 0.50373 0.619749 0.17899 0.57457
0.302277 -0.729742 1.62307 0.504059 0.619541 0.179073 0.574478
0.302079 -0.729912 1.62361 0.504389 0.619334 0.179155 0.574387
0.301881 -0.730082 1.62415 0.504718 0.619127 0.179238 0.574295
0.301683 -0.730251 1.62468 0.505048 0.61892 0.17932 0.574203
0.301485 -0.73042 1.62522 0.505377 0.618712 0.179403 0.574111
0.301287 -0.730588 1.62576 0.505706 0.618505 0.179485 0.574019
0.301089 -0.730756 1.6263 0.506035 0.618297 0.179568 0.573927
0.30089 -0.730924 1.62684 0.506364 0.61809 0.179651 0.573834
0.300692 -0.731091 1.62738 0.506693 0.617882 0.179733 0.573742
0.300493 -0.731258 1.62791 0.507022 0.617674 0.179816 0.573649
0.300294 -0.731424 1.62845 0.507351 0.617467 0.179899 0.573556
0.300095 -0.73159 1.62899 0.50768 0.617259 0.179982 0.573463
0.299896 -0.731755 1.62953 0.508008 0.617051 0.180065 0.573369
0.299696 -0.73192 1.63007 0.508337 0.616843 0.180147 0.573276
0.299497 -0.732085 1.63061 0.508665 0.616635 0.18023 0.573182
0.299297 -0.732249 1.63115 0.508993 0.616428 0.180313 0.573088
0.299097 -0.732412 1.63169 0.509321 0.61622 0.180396 0.572994
0.298897 -0.732576 1.63223 0.509649 0.616011 0.180479 0.5729
0.298697 -0.732738 1.63277 0.509978 0.615803 0.180562 0.572806
0.298497 -0.732901 1.63331 0.510305 0.615595 0.180646 0.572711
0.298296 -0.733062 1.63385 0.510633 0.615387 0.180729 0.572617
0.298096 -0.733224 1.63439 0.510961 0.615179 0.180812 0.572522
0.297895 -0.733385 1.63493 0.511289 0.61497 0.180895 0.572427
0.297694 -0.733545 1.63547 0.511616 0.614762 0.180978 0.572331
0.297493 -0.733706 1.63601 0.511944 0.614554 0.181062 0.572236
0.297292 -0.733865 1.63655 0.512271 0.614345 0.181145 0.572141
0.297091 -0.734025 1.63709 0.512598 0.614137 0.181229 0.572045
0.296889 -0.734183 1.63764 0.512926 0.613928 0.181312 0.571949
0.296688 -0.734342 1.63818 0.513253 0.613719 0.181395 0.571853
0.296486 -0.7345 1.63872 0.51358 0.613511 0.181479 0.571757
0.296284 -0.734657 1.63926 0.513907 0.613302 0.181563 0.571661
0.296082 -0.734814 1.6398 0.514233 0.613093 0.181646 0.571564
0.29588 -0.734971 1.64034 0.51456 0.612884 0.18173 0.571467
0.295677 -0.735127 1.64089 0.514887 0.612676 0.181813 0.57137
0.295475 -0.735283 1.64143 0.515213 0.612467 0.181897 0.571273
0.295272 -0.735438 1.64197 0.51554 0.612258 0.181981 0.571176
0.295069 -0.735593 1.64251 0.515866 0.612049 0.182065 0.571079
0.294866 -0.735747 1.64305 0.516192 0.61184 0.182149 0.570981
0.294663 -0.735901 1.6436 0.516519 0.61163 0.182232 0.570884
0.29446 -0.736055 1.64414 0.516845 0.611421 0.182316 0.570786
0.294257 -0.736208 1.64468 0.517171 0.611212 0.1824 0.570688
0.294053 -0.73636 1.64523 0.517497 0.611003 0.182484 0.57059
0.293849 -0.736513 1.64577 0.517822 0.610793 0.182568 0.570491
0.293646 -0.736664 1.64631 0.518148 0.610584 0.182652 0.570393
0.293442 -0.736816 1.64686 0.518474 0.610375 0.182736 0.570294
0.293238 -0.736966 1.6474 0.518799 0.610165 0.182821 0.570195
0.293033 -0.737117 1.64794 0.519125 0.609956 0.182905 0.570096
0.292829 -0.737267 1.64849 0.51945 0.609746 0.182989 0.569997
0.292624 -0.737416 1.64903 0.519775 0.609536 0.183073 0.569898
0.29242 -0.737565 1.64957 0.5201 0.609327 0.183158 0.569798
0.292215 -0.737714 1.65012 0.520426 0.609117 0.183242 0.569698
0.29201 -0.737862 1.65066 0.52075 0.608907 0.183326 0.569599
0.291805 -0.73801 1.65121 0.521075 0.608697 0.183411 0.569499
0.2916 -0.738157 1.65175 0.5214 0.608487 0.183495 0.569398
0.291394 -0.738304 1.65229 0.521725 0.608277 0.18358 0.569298
0.291189 -0.73845 1.65284 0.522049 0.608067 0.183664 0.569198
0.290983 -0.738596 1.65338 0.522374 0.607857 0.183749 0.569097
0.290778 -0.738742 1.65393 0.522698 0.607647 0.183833 0.568996
0.290572 -0.738887 1.65447 0.523023 0.607437 0.183918 0.568895
0.290366 -0.739032 1.65502 0.523347 0.607227 0.184003 0.568794
0.29016 -0.739176 1.65556 0.523671 0.607017 0.184087 0.568693
0.289953 -0.73932 1.65611 0.523995 0.606806 0.184172 0.568591
0.289747 -0.739463 1.65666 0.524319 0.606596 0.184257 0.568489
0.28954 -0.739606 1.6572 0.524643 0.606386 0.184342 0.568388
0.289334 -0.739748 1.65775 0.524967 0.606175 0.184427 0.568286
0.289127 -0.73989 1.65829 0.52529 0.605965 0.184512 0.568183
0.28892 -0.740031 1.65884 0.525614 0.605754 0.184597 0.568081
0.288713 -0.740172 1.65938 0.525937 0.605544 0.184682 0.567979
0.288505 -0.740313 1.65993 0.526261 0.605333 0.184767 0.567876
0.288298 -0.740453 1.66048 0.526584 0.605122 0.184852 0.567773
0.28809 -0.740593 1.66102 0.526907 0.604912 0.184937 0.56767
0.287883 -0.740732 1.66157 0.52723 0.604701 0.185022 0.567567
0.287675 -0.740871 1.66212 0.527553 0.60449 0.185107 0.567464
0.287467 -0.741009 1.66266 0.527876 0.604279 0.185192 0.56736
0.287259 -0.741147 1.66321 0.528199 0.604068 0.185278 0.567256
0.287051 -0.741285 1.66376 0.528521 0.603857 0.185363 0.567153
0.286843 -0.741422 1.6643 0.528844 0.603646 0.185448 0.567049
0.286634 -0.741558 1.66485 0.529167 0.603435 0.185534 0.566945
0.286426 -0.741694 1.6654 0.529489 0.603224 0.185619 0.56684
0.286217 -0.74183 1.66595 0.529811 0.603013 0.185705 0.566736
0.286008 -0.741965 1.66649 0.530134 0.602801 0.18579 0.566631
0.285799 -0.7421 1.66704 0.530456 0.60259 0.185876 0.566526
0.28559 -0.742234 1.66759 0.530778 0.602379 0.185961 0.566421
0.285381 -0.742368 1.66814 0.5311 0.602168 0.186047 0.566316
0.285172 -0.742501 1.66869 0.531421 0.601956 0.186133 0.566211
0.284962 -0.742634 1.66923 0.531743 0.601745 0.186218 0.566105
0.284753 -0.742767 1.66978 0.532065 0.601533 0.186304 0.566
0.284543 -0.742899 1.67033 0.532386 0.601322 0.18639 0.565894
0.284333 -0.743031 1.67088 0.532708 0.60111 0.186476 0.565788
0.284123 -0.743162 1.67143 0.533029 0.600898 0.186562 0.565682
0.283913 -0.743292 1.67198 0.53335 0.600686 0.186648 0.565576
0.283703 -0.743423 1.67252 0.533672 0.600475 0.186733 0.565469
0.283492 -0.743552 1.67307 0.533993 0.600263 0.186819 0.565363
0.283282 -0.743682 1.67362 0.534314 0.600051 0.186906 0.565256
0.283071 -0.743811 1.67417 0.534634 0.599839 0.186992 0.565149
0.282861 -0.743939 1.67472 0.534955 0.599627 0.187078 0.565042
0.28265 -0.744067 1.67527 0.535276 0.599415 0.187164 0.564934
0.282439 -0.744195 1.67582 0.535596 0.599203 0.18725 0.564827
0.282228 -0.744322 1.67637 0.535917 0.598991 0.187336 0.564719
0.282016 -0.744448 1.67692 0.536237 0.598779 0.187422 0.564612
0.281805 -0.744574 1.67747 0.536558 0.598567 0.187509 0.564504
0.281594 -0.7447 1.67802 0.536878 0.598354 0.187595 0.564396
0.281382 -0.744825 1.67857 0.537198 0.598142 0.187682 0.564287
0.28117 -0.74495 1.67912 0.537518 0.59793 0.187768 0.564179
0.280959 -0.745074 1.67967 0.537838 0.597717 0.187854 0.56407
0.280747 -0.745198 1.68022 0.538158 0.597505 0.187941 0.563962
0.280535 -0.745322 1.68077 0.538477 0.597292 0.188027 0.563853
0.280322 -0.745445 1.68132 0.538797 0.59708 0.188114 0.563744
0.28011 -0.745567 1.68187 0.539116 0.596867 0.188201 0.563634
0.279898 -0.745689 1.68242 0.539436 0.596655 0.188287 0.563525
0.279685 -0.745811 1.68297 0.539755 0.596442 0.188374 0.563415
0.279472 -0.745932 1.68352 0.540074 0.596229 0.188461 0.563306
0.27926 -0.746053 1.68407 0.540393 0.596016 0.188547 0.563196
0.279047 -0.746173 1.68462 0.540712 0.595804 0.188634 0.563086
0.278834 -0.746293 1.68518 0.541031 0.595591 0.188721 0.562975
0.278621 -0.746412 1.68573 0.54135 0.595378 0.188808 0.562865
0.278407 -0.746531 1.68628 0.541669 0.595165 0.188895 0.562755
0.278194 -0.746649 1.68683 0.541987 0.594952 0.188982 0.562644
0.27798 -0.746767 1.68738 0.542306 0.594739 0.189069 0.562533
0.277767 -0.746885 1.68793 0.542624 0.594526 0.189156 0.562422
0.277553 -0.747002 1.68849 0.542942 0.594312 0.189243 0.562311
0.277339 -0.747118 1.68904 0.543261 0.594099 0.18933 0.562199
0.277125 -0.747235 1.68959 0.543579 0.593886 0.189417 0.562088
0.276911 -0.74735 1.69014 0.543897 0.593673 0.189505 0.561976
0.276697 -0.747465 1.69069 0.544215 0.593459 0.189592 0.561864
0.276483 -0.74758 1.69125 0.544532 0.593246 0.189679 0.561752
0.276268 -0.747694 1.6918 0.54485 0.593032 0.189766 0.56164
0.276054 -0.747808 1.69235 0.545168 0.592819 0.189854 0.561528
0.275839 -0.747922 1.6929 0.545485 0.592605 0.189941 0.561415
0.275625 -0.748035 1.69346 0.545803 0.592392 0.190029 0.561303
0.27541 -0.748147 1.69401 0.54612 0.592178 0.190116 0.56119
0.275195 -0.748259 1.69456 0.546437 0.591964 0.190204 0.561077
0.27498 -0.748371 1.69512 0.546754 0.591751 0.190291 0.560964
0.274765 -0.748482 1.69567 0.547071 0.591537 0.190379 0.56085
0.274549 -0.748592 1.69622 0.547388 0.591323 0.190467 0.560737
0.274334 -0.748702 1.69678 0.547705 0.591109 0.190554 0.560623
0.274118 -0.748812 1.69733 0.548022 0.590895 0.190642 0.560509
0.273903 -0.748921 1.69788 0.548338 0.590681 0.19073 0.560395
0.273687 -0.74903 1.69844 0.548655 0.590467 0.190817 0.560281
0.273471 -0.749138 1.69899 0.548971 0.590253 0.190905 0.560167
0.273255 -0.749246 1.69954 0.549287 0.590039 0.190993 0.560052
0.273039 -0.749354 1.7001 0.549604 0.589825 0.191081 0.559938
0.272823 -0.749461 1.70065 0.54992 0.589611 0.191169 0.559823
0.272607 -0.749567 1.7012 0.550236 0.589396 0.191257 0.559708
0.27239 -0.749673 1.70176 0.550552 0.589182 0.191345 0.559593
0.272174 -0.749779 1.70231 0.550867 0.588968 0.191433 0.559478
0.271957 -0.749884 1.70287 0.551183 0.588753 0.191521 0.559362
0.27174 -0.749988 1.70342 0.551499 0.588539 0.191609 0.559247
0.271524 -0.750092 1.70398 0.551814 0.588324 0.191698 0.559131
0.271307 -0.750196 1.70453 0.552129 0.58811 0.191786 0.559015
0.27109 -0.750299 1.70509 0.552445 0.587895 0.191874 0.558899
0.270873 -0.750402 1.70564 0.55276 0.587681 0.191962 0.558783
0.270655 -0.750504 1.7062 0.553075 0.587466 0.192051 0.558666
0.270438 -0.750606 1.70675 0.55339 0.587251 0.192139 0.55855
0.270221 -0.750708 1.70731 0.553705 0.587037 0.192228 0.558433
0.270003 -0.750809 1.70786 0.55402 0.586822 0.192316 0.558316
0.269785 -0.750909 1.70842 0.554334 0.586607 0.192405 0.558199
0.269568 -0.751009 1.70897 0.554649 0.586392 0.192493 0.558082
0.26935 -0.751109 1.70953 0.554963 0.586177 0.192582 0.557965
0.269132 -0.751208 1.71008 0.555278 0.585962 0.19267 0.557847
0.268914 -0.751306 1.71064 0.555592 0.585747 0.192759 0.557729
0.268696 -0.751404 1.71119 0.555906 0.585532 0.192848 0.557612
0.268477 -0.751502 1.71175 0.55622 0.585317 0.192937 0.557494
0.268259 -0.751599 1.71231 0.556534 0.585102 0.193025 0.557375
0.268041 -0.751696 1.71286 0.556848 0.584886 0.193114 0.557257
0.267822 -0.751792 1.71342 0.557161 0.584671 0.193203 0.557139
0.267603 -0.751888 1.71397 0.557475 0.584456 0.193292 0.55702
0.267385 -0.751984 1.71453 0.557789 0.58424 0.193381 0.556901
0.267166 -0.752078 1.71509 0.558102 0.584025 0.19347 0.556782
0.266947 -0.752173 1.71564 0.558415 0.58381 0.193559 0.556663
0.266728 -0.752267 1.7162 0.558729 0.583594 0.193648 0.556544
0.266509 -0.75236 1.71676 0.559042 0.583379 0.193737 0.556424
0.266289 -0.752453 1.71731 0.559355 0.583163 0.193826 0.556305
0.26607 -0.752546 1.71787 0.559668 0.582947 0.193915 0.556185
0.265851 -0.752638 1.71843 0.55998 0.582732 0.194005 0.556065
0.265631 -0.75273 1.71898 0.560293 0.582516 0.194094 0.555945
0.265412 -0.752821 1.71954 0.560606 0.5823 0.194183 0.555824
0.265192 -0.752911 1.7201 0.560918 0.582084 0.194273 0.555704
0.264972 -0.753002 1.72065 0.56123 0.581868 0.194362 0.555583
0.264752 -0.753091 1.72121 0.561543 0.581652 0.194451 0.555463
0.264532 -0.753181 1.72177 0.561855 0.581437 0.194541 0.555342
0.264312 -0.75327 1.72233 0.562167 0.581221 0.19463 0.555221
0.264092 -0.753358 1.72288 0.562479 0.581004 0.19472 0.555099
0.263872 -0.753446 1.72344 0.562791 0.580788 0.194809 0.554978
0.263651 -0.753533 1.724 0.563103 0.580572 0.194899 0.554857
0.263431 -0.75362 1.72456 0.563414 0.580356 0.194989 0.554735
0.26321 -0.753707 1.72511 0.563726 0.58014 0.195078 0.554613
0.26299 -0.753793 1.72567 0.564037 0.579924 0.195168 0.554491
0.262769 -0.753878 1.72623 0.564348 0.579707 0.195258 0.554369
0.262548 -0.753963 1.72679 0.56466 0.579491 0.195348 0.554246
0.262327 -0.754048 1.72735 0.564971 0.579274 0.195438 0.554124
0.262106 -0.754132 1.7279 0.565282 0.579058 0.195528 0.554001
0.261885 -0.754216 1.72846 0.565593 0.578842 0.195617 0.553878
0.261664 -0.754299 1.72902 0.565903 0.578625 0.195707 0.553755
0.261442 -0.754382 1.72958 0.566214 0.578408 0.195797 0.553632
0.261221 -0.754464 1.73014 0.566525 0.578192 0.195887 0.553509
0.261 -0.754546 1.7307 0.566835 0.577975 0.195978 0.553385
0.260778 -0.754627 1.73126 0.567146 0.577758 0.196068 0.553262
0.260556 -0.754708 1.73181 0.567456 0.577542 0.196158 0.553138
0.260335 -0.754788 1.73237 0.567766 0.577325 0.196248 0.553014
0.260113 -0.754868 1.73293 0.568076 0.577108 0.196338 0.55289
0.259891 -0.754948 1.73349 0.568386 0.576891 0.196429 0.552766
0.259669 -0.755027 1.73405 0.568696 0.576674 0.196519 0.552641
0.259447 -0.755105 1.73461 0.569006 0.576457 0.196609 0.552517
0.259225 -0.755183 1.73517 0.569315 0.57624 0.1967 0.552392
0.259003 -0.755261 1.73573 0.569625 0.576023 0.19679 0.552267
0.25878 -0.755338 1.73629 0.569934 0.575806 0.196881 0.552142
0.258558 -0.755415 1.73685 0.570243 0.575589 0.196971 0.552017
0.258335 -0.755491 1.73741 0.570553 0.575371 0.197062 0.551891
0.258113 -0.755566 1.73797 0.570862 0.575154 0.197152 0.551766
0.25789 -0.755642 1.73853 0.571171 0.574937 0.197243 0.55164
0.257667 -0.755716 1.73908 0.57148 0.57472 0.197334 0.551514
0.257445 -0.755791 1.73964 0.571788 0.574502 0.197425 0.551388
0.257222 -0.755865 1.7402 0.572097 0.574285 0.197515 0.551262
0.256999 -0.755938 1.74076 0.572405 0.574067 0.197606 0.551136
0.256776 -0.756011 1.74132 0.572714 0.57385 0.197697 0.551009
0.256552 -0.756083 1.74188 0.573022 0.573632 0.197788 0.550883
0.256329 -0.756155 1.74244 0.57333 0.573415 0.197879 0.550756
0.256106 -0.756227 1.743 0.573639 0.573197 0.19797 0.550629
0.255883 -0.756297 1.74357 0.573947 0.572979 0.198061 0.550502
0.255659 -0.756368 1.74413 0.574255 0.572761 0.198152 0.550374
0.255435 -0.756438 1.74469 0.574562 0.572544 0.198243 0.550247
0.255212 -0.756508 1.74525 0.57487 0.572326 0.198334 0.550119
0.254988 -0.756577 1.74581 0.575178 0.572108 0.198425 0.549992
0.254764 -0.756645 1.74637 0.575485 0.57189 0.198516 0.549864
0.254541 -0.756713 1.74693 0.575792 0.571672 0.198608 0.549736
0.254317 -0.756781 1.74749 0.5761 0.571454 0.198699 0.549607
0.254093 -0.756848 1.74805 0.576407 0.571236 0.19879 0.549479
0.253868 -0.756915 1.74861 0.576714 0.571018 0.198882 0.54935
0.253644 -0.756981 1.74917 0.577021 0.5708 0.198973 0.549222
0.25342 -0.757047 1.74973 0.577328 0.570582 0.199064 0.549093
0.253196 -0.757112 1.75029 0.577634 0.570363 0.199156 0.548964
0.252971 -0.757177 1.75086 0.577941 0.570145 0.199247 0.548835
0.252747 -0.757242 1.75142 0.578247 0.569927 0.199339 0.548705
0.252522 -0.757305 1.75198 0.578554 0.569708 0.199431 0.548576
0.252298 -0.757369 1.75254 0.57886 0.56949 0.199522 0.548446
0.252073 -0.757432 1.7531 0.579166 0.569272 0.199614 0.548316
0.251848 -0.757494 1.75366 0.579472 0.569053 0.199706 0.548186
0.251623 -0.757556 1.75422 0.579778 0.568835 0.199797 0.548056
0.251398 -0.757618 1.75479 0.580084 0.568616 0.199889 0.547926
0.251174 -0.757679 1.75535 0.58039 0.568397 0.199981 0.547795
0.250948 -0.757739 1.75591 0.580695 0.568179 0.200073 0.547665
0.250723 -0.757799 1.75647 0.581001 0.56796 0.200165 0.547534
0.250498 -0.757859 1.75703 0.581306 0.567741 0.200257 0.547403
0.250273 -0.757918 1.75759 0.581611 0.567523 0.200349 0.547272
0.250048 -0.757977 1.75816 0.581917 0.567304 0.200441 0.547141
0.249822 -0.758035 1.75872 0.582222 0.567085 0.200533 0.547009
0.249597 -0.758093 1.75928 0.582527 0.566866 0.200625 0.546878
0.249371 -0.75815 1.75984 0.582831 0.566647 0.200717 0.546746
0.249145 -0.758207 1.76041 0.583136 0.566428 0.200809 0.546614
0.24892 -0.758263 1.76097 0.583441 0.566209 0.200902 0.546482
0.248694 -0.758319 1.76153 0.583745 0.56599 0.200994 0.54635
0.248468 -0.758374 1.76209 0.58405 0.565771 0.201086 0.546218
0.248242 -0.758429 1.76266 0.584354 0.565552 0.201179 0.546085
0.248016 -0.758483 1.76322 0.584658 0.565332 0.201271 0.545953
0.24779 -0.758537 1.76378 0.584962 0.565113 0.201364 0.54582
0.247564 -0.758591 1.76434 0.585266 0.564894 0.201456 0.545687
0.247338 -0.758643 1.76491 0.58557 0.564674 0.201549 0.545554
0.247112 -0.758696 1.76547 0.585874 0.564455 0.201641 0.54542
0.246886 -0.758748 1.76603 0.586177 0.564236 0.201734 0.545287
0.246659 -0.758799 1.76659 0.586481 0.564016 0.201826 0.545153
0.246433 -0.75885 1.76716 0.586784 0.563797 0.201919 0.54502
0.246206 -0.758901 1.76772 0.587087 0.563577 0.202012 0.544886
0.24598 -0.758951 1.76828 0.587391 0.563358 0.202104 0.544752
0.245753 -0.759001 1.76885 0.587694 0.563138 0.202197 0.544617
0.245527 -0.75905 1.76941 0.587997 0.562918 0.20229 0.544483
0.2453 -0.759098 1.76997 0.588299 0.562699 0.202383 0.544349
0.245073 -0.759147 1.77054 0.588602 0.562479 0.202476 0.544214
0.244846 -0.759194 1.7711 0.588905 0.562259 0.202569 0.544079
0.244619 -0.759242 1.77166 0.589207 0.562039 0.202662 0.543944
0.244392 -0.759288 1.77223 0.58951 0.561819 0.202755 0.543809
0.244165 -0.759335 1.77279 0.589812 0.561599 0.202848 0.543674
0.243938 -0.75938 1.77335 0.590114 0.561379 0.202941 0.543538
0.243711 -0.759426 1.77392 0.590416 0.561159 0.203034 0.543402
0.243484 -0.75947 1.77448 0.590718 0.560939 0.203127 0.543267
0.243257 -0.759515 1.77504 0.59102 0.560719 0.203221 0.543131
0.243029 -0.759559 1.77561 0.591322 0.560499 0.203314 0.542995
0.242802 -0.759602 1.77617 0.591623 0.560279 0.203407 0.542858
0.242574 -0.759645 1.77674 0.591925 0.560059 0.203501 0.542722
0.242347 -0.759687 1.7773 0.592226 0.559838 0.203594 0.542585
0.242119 -0.759729 1.77786 0.592527 0.559618 0.203687 0.542449
0.241892 -0.759771 1.77843 0.592828 0.559398 0.203781 0.542312
0.241664 -0.759812 1.77899 0.593129 0.559177 0.203874 0.542175
0.241436 -0.759852 1.77956 0.59343 0.558957 0.203968 0.542038
0.241208 -0.759892 1.78012 0.593731 0.558736 0.204062 0.5419
0.240981 -0.759932 1.78069 0.594032 0.558516 0.204155 0.541763
0.240753 -0.759971 1.78125 0.594332 0.558295 0.204249 0.541625
0.240525 -0.76001 1.78181 0.594633 0.558075 0.204343 0.541487
0.240297 -0.760048 1.78238 0.594933 0.557854 0.204436 0.541349
0.240069 -0.760085 1.78294 0.595233 0.557633 0.20453 0.541211
0.239841 -0.760122 1.78351 0.595533 0.557413 0.204624 0.541073
0.239612 -0.760159 1.78407 0.595833 0.557192 0.204718 0.540935
0.239384 -0.760195 1.78464 0.596133 0.556971 0.204812 0.540796
0.239156 -0.760231 1.7852 0.596433 0.55675 0.204906 0.540657
0.238928 -0.760266 1.78577 0.596733 0.556529 0.205 0.540518
0.238699 -0.760301 1.78633 0.597032 0.556309 0.205094 0.540379
0.238471 -0.760335 1.7869 0.597332 0.556088 0.205188 0.54024
0.238242 -0.760369 1.78746 0.597631 0.555867 0.205282 0.540101
0.238014 -0.760402 1.78803 0.59793 0.555646 0.205376 0.539961
0.237785 -0.760435 1.78859 0.598229 0.555424 0.20547 0.539822
0.237557 -0.760468 1.78916 0.598528 0.555203 0.205564 0.539682
0.237328 -0.760499 1.78972 0.598827 0.554982 0.205659 0.539542
0.237099 -0.760531 1.79029 0.599126 0.554761 0.205753 0.539402
0.23687 -0.760562 1.79085 0.599425 0.55454 0.205847 0.539261
0.236642 -0.760592 1.79142 0.599723 0.554318 0.205942 0.539121
0.236413 -0.760622 1.79198 0.600021 0.554097 0.206036 0.53898
0.236184 -0.760652 1.79255 0.60032 0.553876 0.206131 0.53884
0.235955 -0.76068 1.79311 0.600618 0.553654 0.206225 0.538699
0.235726 -0.760709 1.79368 0.600916 0.553433 0.20632 0.538558
0.235497 -0.760737 1.79424 0.601214 0.553211 0.206414 0.538416
0.235268 -0.760765 1.79481 0.601512 0.55299 0.206509 0.538275
0.235038 -0.760792 1.79537 0.601809 0.552768 0.206604 0.538134
0.234809 -0.760818 1.79594 0.602107 0.552547 0.206698 0.537992
0.23458 -0.760844 1.7965 0.602404 0.552325 0.206793 0.53785
0.234351 -0.76087 1.79707 0.602702 0.552103 0.206888 0.537708
0.234121 -0.760895 1.79763 0.602999 0.551882 0.206983 0.537566
0.233892 -0.76092 1.7982 0.603296 0.55166 0.207078 0.537424
0.233663 -0.760944 1.79877 0.603593 0.551438 0.207172 0.537281
0.233433 -0.760967 1.79933 0.60389 0.551216 0.207267 0.537139
0.233204 -0.760991 1.7999 0.604187 0.550994 0.207362 0.536996
0.232974 -0.761013 1.80046 0.604483 0.550772 0.207457 0.536853
0.232745 -0.761036 1.80103 0.60478 0.55055 0.207552 0.53671
0.232515 -0.761057 1.8016 0.605076 0.550328 0.207648 0.536567
0.232285 -0.761079 1.80216 0.605373 0.550106 0.207743 0.536423
0.232056 -0.761099 1.80273 0.605669 0.549884 0.207838 0.53628
0.231826 -0.76112 1.80329 0.605965 0.549662 0.207933 0.536136
0.231596 -0.761139 1.80386 0.606261 0.54944 0.208028 0.535992
0.231366 -0.761159 1.80443 0.606557 0.549218 0.208124 0.535848
0.231136 -0.761178 1.80499 0.606852 0.548995 0.208219 0.535704
0.230906 -0.761196 1.80556 0.607148 0.548773 0.208314 0.53556
0.230676 -0.761214 1.80612 0.607443 0.548551 0.20841 0.535416
0.230446 -0.761231 1.80669 0.607739 0.548328 0.208505 0.535271
0.230216 -0.761248 1.80726 0.608034 0.548106 0.208601 0.535126
0.229986 -0.761265 1.80782 0.608329 0.547884 0.208696 0.534981
0.229756 -0.76128 1.80839 0.608624 0.547661 0.208792 0.534836
0.229526 -0.761296 1.80896 0.608919 0.547439 0.208887 0.534691
0.229296 -0.761311 1.80952 0.609214 0.547216 0.208983 0.534546
0.229066 -0.761325 1.81009 0.609509 0.546993 0.209079 0.5344
0.228836 -0.761339 1.81065 0.609803 0.546771 0.209175 0.534255
0.228605 -0.761353 1.81122 0.610098 0.546548 0.20927 0.534109
0.228375 -0.761366 1.81179 0.610392 0.546325 0.209366 0.533963
0.228145 -0.761378 1.81235 0.610686 0.546103 0.209462 0.533817
0.227914 -0.761391 1.81292 0.61098 0.54588 0.209558 0.53367
0.227684 -0.761402 1.81349 0.611274 0.545657 0.209654 0.533524
0.227453 -0.761413 1.81405 0.611568 0.545434 0.20975 0.533377
0.227223 -0.761424 1.81462 0.611862 0.545211 0.209846 0.533231
0.226993 -0.761434 1.81519 0.612155 0.544988 0.209942 0.533084
0.226762 -0.761444 1.81575 0.612449 0.544765 0.210038 0.532937
0.226531 -0.761453 1.81632 0.612742 0.544542 0.210134 0.53279
0.226301 -0.761461 1.81689 0.613035 0.544319 0.21023 0.532642
0.22607 -0.76147 1.81745 0.613328 0.544096 0.210327 0.532495
0.22584 -0.761477 1.81802 0.613621 0.543873 0.210423 0.532347
0.225609 -0.761485 1.81859 0.613914 0.54365 0.210519 0.532199
0.225378 -0.761491 1.81916 0.614207 0.543426 0.210615 0.532051
0.225147 -0.761498 1.81972 0.6145 0.543203 0.210712 0.531903
0.224917 -0.761503 1.82029 0.614792 0.54298 0.210808 0.531755
0.224686 -0.761509 1.82086 0.615085 0.542756 0.210905 0.531607
0.224455 -0.761513 1.82142 0.615377 0.542533 0.211001 0.531458
0.224224 -0.761518 1.82199 0.615669 0.54231 0.211098 0.531309
0.223993 -0.761521 1.82256 0.615961 0.542086 0.211194 0.531161
0.223762 -0.761525 1.82312 0.616253 0.541863 0.211291 0.531012
0.223531 -0.761528 1.82369 0.616545 0.541639 0.211388 0.530862
0.2233 -0.76153 1.82426 0.616836 0.541416 0.211484 0.530713
0.223069 -0.761532 1.82483 0.617128 0.541192 0.211581 0.530564
0.222838 -0.761533 1.82539 0.617419 0.540968 0.211678 0.530414
0.222607 -0.761534 1.82596 0.617711 0.540745 0.211775 0.530264
0.222376 -0.761535 1.82653 0.618002 0.540521 0.211871 0.530114
0.222145 -0.761535 1.8271 0.618293 0.540297 0.211968 0.529964
0.221914 -0.761534 1.82766 0.618584 0.540073 0.212065 0.529814
0.221683 -0.761533 1.82823 0.618875 0.539849 0.212162 0.529664
0.221452 -0.761531 1.8288 0.619166 0.539626 0.212259 0.529513
0.221221 -0.761529 1.82936 0.619456 0.539402 0.212356 0.529363
0.220989 -0.761527 1.82993 0.619747 0.539178 0.212453 0.529212
0.220758 -0.761524 1.8305 0.620037 0.538954 0.212551 0.529061
0.220527 -0.76152 1.83107 0.620327 0.53873 0.212648 0.52891
0.220296 -0.761516 1.83163 0.620617 0.538506 0.212745 0.528758
0.220064 -0.761512 1.8322 0.620907 0.538281 0.212842 0.528607
0.219833 -0.761507 1.83277 0.621197 0.538057 0.212939 0.528455
0.219602 -0.761502 1.83334 0.621487 0.537833 0.213037 0.528304
0.21937 -0.761496 1.8339 0.621777 0.537609 0.213134 0.528152
0.219139 -0.761489 1.83447 0.622066 0.537385 0.213232 0.528
0.218908 -0.761482 1.83504 0.622355 0.53716 0.213329 0.527848
0.218676 -0.761475 1.83561 0.622645 0.536936 0.213427 0.527695
0.218445 -0.761467 1.83617 0.622934 0.536712 0.213524 0.527543
0.218213 -0.761459 1.83674 0.623223 0.536487 0.213622 0.52739
0.217982 -0.76145 1.83731 0.623512 0.536263 0.213719 0.527238
0.217751 -0.761441 1.83788 0.623801 0.536038 0.213817 0.527085
0.217519 -0.761431 1.83845 0.624089 0.535814 0.213915 0.526932
0.217288 -0.761421 1.83901 0.624378 0.535589 0.214012 0.526778
0.217056 -0.76141 1.83958 0.624666 0.535365 0.21411 0.526625
0.216824 -0.761399 1.84015 0.624954 0.53514 0.214208 0.526471
0.216593 -0.761387 1.84072 0.625243 0.534915 0.214306 0.526318
0.216361 -0.761375 1.84128 0.625531 0.534691 0.214404 0.526164
0.21613 -0.761362 1.84185 0.625819 0.534466 0.214502 0.52601
0.215898 -0.761349 1.84242 0.626106 0.534241 0.2146 0.525856
0.215667 -0.761335 1.84299 0.626394 0.534016 0.214698 0.525702
0.215435 -0.761321 1.84356 0.626682 0.533791 0.214796 0.525547
0.215203 -0.761306 1.84412 0.626969 0.533567 0.214894 0.525393
0.214972 -0.761291 1.84469 0.627256 0.533342 0.214992 0.525238
0.21474 -0.761275 1.84526 0.627544 0.533117 0.21509 0.525083
0.214508 -0.761259 1.84583 0.627831 0.532892 0.215188 0.524928
0.214277 -0.761243 1.8464 0.628118 0.532667 0.215286 0.524773
0.214045 -0.761225 1.84696 0.628404 0.532441 0.215385 0.524617
0.213813 -0.761208 1.84753 0.628691 0.532216 0.215483 0.524462
0.213582 -0.76119 1.8481 0.628978 0.531991 0.215581 0.524306
0.21335 -0.761171 1.84867 0.629264 0.531766 0.21568 0.524151
0.213118 -0.761152 1.84924 0.62955 0.531541 0.215778 0.523995
0.212886 -0.761133 1.8498 0.629837 0.531316 0.215877 0.523839
0.212655 -0.761112 1.85037 0.630123 0.53109 0.215975 0.523682
0.212423 -0.761092 1.85094 0.630409 0.530865 0.216074 0.523526
0.212191 -0.761071 1.85151 0.630694 0.53064 0.216172 0.52337
0.211959 -0.761049 1.85208 0.63098 0.530414 0.216271 0.523213
0.211728 -0.761027 1.85264 0.631266 0.530189 0.21637 0.523056
0.211496 -0.761005 1.85321 0.631551 0.529963 0.216468 0.522899
0.211264 -0.760982 1.85378 0.631836 0.529738 0.216567 0.522742
0.211032 -0.760958 1.85435 0.632122 0.529512 0.216666 0.522585
0.210801 -0.760935 1.85492 0.632407 0.529287 0.216765 0.522427
0.210569 -0.76091 1.85548 0.632692 0.529061 0.216864 0.52227
0.210337 -0.760885 1.85605 0.632977 0.528835 0.216963 0.522112
0.210105 -0.76086 1.85662 0.633261 0.52861 0.217062 0.521954
0.209873 -0.760834 1.85719 0.633546 0.528384 0.217161 0.521796
0.209641 -0.760807 1.85776 0.63383 0.528158 0.21726 0.521638
0.20941 -0.760781 1.85832 0.634115 0.527932 0.217359 0.52148
0.209178 -0.760753 1.85889 0.634399 0.527706 0.217458 0.521321
0.208946 -0.760725 1.85946 0.634683 0.527481 0.217557 0.521163
0.208714 -0.760697 1.86003 0.634967 0.527255 0.217656 0.521004
0.208482 -0.760668 1.8606 0.635251 0.527029 0.217755 0.520845
0.208251 -0.760639 1.86117 0.635534 0.526803 0.217855 0.520686
0.208019 -0.760609 1.86173 0.635818 0.526577 0.217954 0.520527
0.207787 -0.760579 1.8623 0.636102 0.526351 0.218053 0.520368
0.207555 -0.760548 1.86287 0.636385 0.526125 0.218153 0.520208
0.207323 -0.760517 1.86344 0.636668 0.525898 0.218252 0.520049
0.207091 -0.760485 1.86401 0.636951 0.525672 0.218352 0.519889
0.20686 -0.760453 1.86457 0.637234 0.525446 0.218451 0.519729
0.206628 -0.76042 1.86514 0.637517 0.52522 0.218551 0.519569
0.206396 -0.760387 1.86571 0.6378 0.524994 0.21865 0.519409
0.206164 -0.760353 1.86628 0.638082 0.524767 0.21875 0.519248
0.205932 -0.760319 1.86685 0.638365 0.524541 0.21885 0.519088
0.205701 -0.760284 1.86742 0.638647 0.524315 0.218949 0.518927
0.205469 -0.760249 1.86798 0.638929 0.524088 0.219049 0.518766
0.205237 -0.760213 1.86855 0.639211 0.523862 0.219149 0.518605
0.205005 -0.760177 1.86912 0.639493 0.523635 0.219249 0.518444
0.204773 -0.76014 1.86969 0.639775 0.523409 0.219349 0.518283
0.204542 -0.760103 1.87026 0.640057 0.523182 0.219449 0.518122
0.20431 -0.760065 1.87082 0.640338 0.522956 0.219549 0.51796
0.204078 -0.760027 1.87139 0.64062 0.522729 0.219649 0.517798
0.203846 -0.759989 1.87196 0.640901 0.522502 0.219749 0.517637
0.203615 -0.759949 1.87253 0.641182 0.522276 0.219849 0.517475
0.203383 -0.75991 1.8731 0.641463 0.522049 0.219949 0.517313
0.203151 -0.75987 1.87367 0.641744 0.521822 0.220049 0.51715
0.202919 -0.759829 1.87423 0.642025 0.521595 0.220149 0.516988
0.202688 -0.759788 1.8748 0.642306 0.521368 0.220249 0.516825
0.202456 -0.759747 1.87537 0.642586 0.521142 0.22035 0.516663
0.202224 -0.759704 1.87594 0.642867 0.520915 0.22045 0.5165
0.201992 -0.759662 1.87651 0.643147 0.520688 0.22055 0.516337
0.201761 -0.759619 1.87707 0.643427 0.520461 0.220651 0.516174
0.201529 -0.759575 1.87764 0.643707 0.520234 0.220751 0.51601
0.201297 -0.759531 1.87821 0.643987 0.520007 0.220852 0.515847
0.201066 -0.759487 1.87878 0.644267 0.51978 0.220952 0.515683
0.200834 -0.759442 1.87935 0.644547 0.519553 0.221053 0.51552
0.200603 -0.759396 1.87992 0.644826 0.519325 0.221153 0.515356
0.200371 -0.75935 1.88048 0.645106 0.519098 0.221254 0.515192
0.200139 -0.759304 1.88105 0.645385 0.518871 0.221354 0.515028
0.199908 -0.759257 1.88162 0.645664 0.518644 0.221455 0.514863
0.199676 -0.75921 1.88219 0.645943 0.518417 0.221556 0.514699
0.199445 -0.759162 1.88276 0.646222 0.518189 0.221657 0.514534
0.199213 -0.759113 1.88332 0.646501 0.517962 0.221757 0.514369
0.198981 -0.759064 1.88389 0.646779 0.517735 0.221858 0.514205
0.19875 -0.759015 1.88446 0.647058 0.517507 0.221959 0.514039
0.198518 -0.758965 1.88503 0.647336 0.51728 0.22206 0.513874
0.198287 -0.758915 1.8856 0.647615 0.517052 0.222161 0.513709
0.198056 -0.758864 1.88616 0.647893 0.516825 0.222262 0.513543
0.197824 -0.758812 1.88673 0.648171 0.516597 0.222363 0.513378
0.197593 -0.758761 1.8873 0.648449 0.51637 0.222464 0.513212
0.197361 -0.758708 1.88787 0.648726 0.516142 0.222566 0.513046
0.19713 -0.758655 1.88844 0.649004 0.515914 0.222667 0.51288
0.196898 -0.758602 1.889 0.649281 0.515687 0.222768 0.512714
0.196667 -0.758548 1.88957 0.649559 0.515459 0.222869 0.512548
0.196436 -0.758494 1.89014 0.649836 0.515231 0.22297 0.512381
0.196204 -0.758439 1.89071 0.650113 0.515003 0.223072 0.512214
0.195973 -0.758384 1.89128 0.65039 0.514775 0.223173 0.512048
0.195742 -0.758328 1.89184 0.650667 0.514548 0.223275 0.511881
0.195511 -0.758272 1.89241 0.650944 0.51432 0.223376 0.511714
0.195279 -0.758215 1.89298 0.65122 0.514092 0.223478 0.511546
0.195048 -0.758158 1.89355 0.651497 0.513864 0.223579 0.511379
0.194817 -0.7581 1.89412 0.651773 0.513636 0.223681 0.511212
0.194586 -0.758042 1.89468 0.652049 0.513408 0.223782 0.511044
0.194355 -0.757983 1.89525 0.652325 0.51318 0.223884 0.510876
0.194123 -0.757924 1.89582 0.652601 0.512952 0.223986 0.510708
0.193892 -0.757864 1.89639 0.652877 0.512724 0.224087 0.51054
0.193661 -0.757804 1.89696 0.653153 0.512495 0.224189 0.510372
0.19343 -0.757743 1.89752 0.653428 0.512267 0.224291 0.510204
0.193199 -0.757682 1.89809 0.653703 0.512039 0.224393 0.510035
0.192968 -0.757621 1.89866 0.653979 0.511811 0.224495 0.509866
0.192737 -0.757558 1.89923 0.654254 0.511582 0.224597 0.509698
0.192506 -0.757496 1.8998 0.654529 0.511354 0.224699 0.509529
0.192275 -0.757433 1.90036 0.654804 0.511126 0.224801 0.50936
0.192044 -0.757369 1.90093 0.655079 0.510897 0.224903 0.50919
0.191813 -0.757305 1.9015 0.655353 0.510669 0.225005 0.509021
0.191583 -0.75724 1.90207 0.655628 0.51044 0.225107 0.508851
0.191352 -0.757175 1.90263 0.655902 0.510212 0.225209 0.508682
0.191121 -0.75711 1.9032 0.656176 0.509983 0.225311 0.508512
0.19089 -0.757044 1.90377 0.65645 0.509755 0.225414 0.508342
0.190659 -0.756977 1.90434 0.656724 0.509526 0.225516 0.508172
0.190429 -0.75691 1.9049 0.656998 0.509298 0.225618 0.508002
0.190198 -0.756843 1.90547 0.657272 0.509069 0.225721 0.507831
0.189967 -0.756775 1.90604 0.657545 0.50884 0.225823 0.507661
0.189737 -0.756706 1.90661 0.657819 0.508612 0.225925 0.50749
0.189506 -0.756637 1.90717 0.658092 0.508383 0.226028 0.507319
0.189276 -0.756567 1.90774 0.658365 0.508154 0.22613 0.507148
0.189045 -0.756498 1.90831 0.658638 0.507925 0.226233 0.506977
0.188815 -0.756427 1.90888 0.658911 0.507696 0.226336 0.506806
0.188584 -0.756356 1.90944 0.659184 0.507468 0.226438 0.506635
0.188354 -0.756285 1.91001 0.659457 0.507239 0.226541 0.506463
0.188123 -0.756213 1.91058 0.659729 0.50701 0.226644 0.506291
0.187893 -0.75614 1.91115 0.660002 0.506781 0.226746 0.50612
0.187663 -0.756067 1.91171 0.660274 0.506552 0.226849 0.505948
0.187432 -0.755994 1.91228 0.660546 0.506323 0.226952 0.505776
0.187202 -0.75592 1.91285 0.660818 0.506094 0.227055 0.505603
0.186972 -0.755846 1.91342 0.66109 0.505865 0.227158 0.505431
0.186742 -0.755771 1.91398 0.661362 0.505635 0.227261 0.505258
0.186511 -0.755695 1.91455 0.661633 0.505406 0.227364 0.505086
0.186281 -0.755619 1.91512 0.661905 0.505177 0.227467 0.504913
0.186051 -0.755543 1.91568 0.662176 0.504948 0.22757 0.50474
0.185821 -0.755466 1.91625 0.662447 0.504719 0.227673 0.504567
0.185591 -0.755389 1.91682 0.662718 0.504489 0.227776 0.504394
0.185361 -0.755311 1.91739 0.662989 0.50426 0.227879 0.50422
0.185131 -0.755233 1.91795 0.66326 0.504031 0.227983 0.504047
0.184901 -0.755154 1.91852 0.663531 0.503801 0.228086 0.503873
0.184672 -0.755075 1.91909 0.663801 0.503572 0.228189 0.503699
0.184442 -0.754995 1.91965 0.664072 0.503342 0.228293 0.503525
0.184212 -0.754915 1.92022 0.664342 0.503113 0.228396 0.503351
0.183982 -0.754834 1.92079 0.664612 0.502883 0.228499 0.503177
0.183753 -0.754753 1.92136 0.664882 0.502654 0.228603 0.503003
0.183523 -0.754671 1.92192 0.665152 0.502424 0.228706 0.502828
0.183293 -0.754589 1.92249 0.665422 0.502195 0.22881 0.502654
0.183064 -0.754506 1.92306 0.665691 0.501965 0.228913 0.502479
0.182834 -0.754423 1.92362 0.665961 0.501735 0.229017 0.502304
0.182605 -0.754339 1.92419 0.66623 0.501506 0.229121 0.502129
0.182375 -0.754255 1.92476 0.666499 0.501276 0.229224 0.501954
0.182146 -0.75417 1.92532 0.666768 0.501046 0.229328 0.501778
0.181917 -0.754085 1.92589 0.667037 0.500816 0.229432 0.501603
0.181687 -0.753999 1.92646 0.667306 0.500586 0.229536 0.501427
0.181458 -0.753913 1.92702 0.667575 0.500357 0.22964 0.501251
0.181229 -0.753826 1.92759 0.667843 0.500127 0.229744 0.501075
0.181 -0.753739 1.92816 0.668112 0.499897 0.229848 0.500899
0.180771 -0.753652 1.92872 0.66838 0.499667 0.229952 0.500723
0.180541 -0.753564 1.92929 0.668648 0.499437 0.230056 0.500547
0.180312 -0.753475 1.92986 0.668916 0.499207 0.23016 0.50037
0.180083 -0.753386 1.93042 0.669184 0.498977 0.230264 0.500194
0.179854 -0.753296 1.93099 0.669452 0.498747 0.230368 0.500017
0.179626 -0.753206 1.93155 0.669719 0.498516 0.230472 0.49984
0.179397 -0.753116 1.93212 0.669987 0.498286 0.230576 0.499663
0.179168 -0.753025 1.93269 0.670254 0.498056 0.230681 0.499486
0.178939 -0.752933 1.93325 0.670521 0.497826 0.230785 0.499308
0.178711 -0.752841 1.93382 0.670788 0.497596 0.230889 0.499131
0.178482 -0.752749 1.93439 0.671055 0.497365 0.230994 0.498953
0.178253 -0.752656 1.93495 0.671322 0.497135 0.231098 0.498776
0.178025 -0.752562 1.93552 0.671589 0.496905 0.231202 0.498598
0.177796 -0.752468 1.93608 0.671855 0.496674 0.231307 0.49842
0.177568 -0.752374 1.93665 0.672122 0.496444 0.231411 0.498241
0.177339 -0.752279 1.93722 0.672388 0.496214 0.231516 0.498063
0.177111 -0.752183 1.93778 0.672654 0.495983 0.231621 0.497885
0.176883 -0.752087 1.93835 0.67292 0.495753 0.231725 0.497706
0.176655 -0.751991 1.93891 0.673186 0.495522 0.23183 0.497527
0.176426 -0.751894 1.93948 0.673451 0.495292 0.231935 0.497349
0.176198 -0.751797 1.94005 0.673717 0.495061 0.23204 0.49717
0.17597 -0.751699 1.94061 0.673982 0.494831 0.232144 0.49699
0.175742 -0.7516 1.94118 0.674248 0.4946 0.232249 0.496811
0.175514 -0.751501 1.94174 0.674513 0.494369 0.232354 0.496632
0.175286 -0.751402 1.94231 0.674778 0.494139 0.232459 0.496452
0.175058 -0.751302 1.94287 0.675043 0.493908 0.232564 0.496272
0.174831 -0.751202 1.94344 0.675308 0.493677 0.232669 0.496093
0.174603 -0.751101 1.944 0.675572 0.493446 0.232774 0.495913
0.174375 -0.751 1.94457 0.675837 0.493216 0.232879 0.495732
0.174148 -0.750898 1.94514 0.676101 0.492985 0.232984 0.495552
0.17392 -0.750796 1.9457 0.676365 0.492754 0.233089 0.495372
0.173692 -0.750693 1.94627 0.676629 0.492523 0.233195 0.495191
0.173465 -0.75059 1.94683 0.676893 0.492292 0.2333 0.495011
0.173238 -0.750486 1.9474 0.677157 0.492061 0.233405 0.49483
0.17301 -0.750382 1.94796 0.677421 0.49183 0.23351 0.494649
0.172783 -0.750277 1.94853 0.677684 0.491599 0.233616 0.494468
0.172556 -0.750172 1.94909 0.677948 0.491368 0.233721 0.494286
0.172329 -0.750066 1.94966 0.678211 0.491137 0.233827 0.494105
0.172102 -0.74996 1.95022 0.678474 0.490906 0.233932 0.493924
0.171875 -0.749853 1.95079 0.678737 0.490675 0.234038 0.493742
0.171648 -0.749746 1.95135 0.679 0.490443 0.234143 0.49356
0.171421 -0.749638 1.95192 0.679262 0.490212 0.234249 0.493378
0.171194 -0.74953 1.95248 0.679525 0.489981 0.234354 0.493196
0.170967 -0.749421 1.95305 0.679787 0.48975 0.23446 0.493014
0.17074 -0.749312 1.95361 0.68005 0.489519 0.234566 0.492832
0.170514 -0.749203 1.95418 0.680312 0.489287 0.234672 0.492649
0.170287 -0.749092 1.95474 0.680574 0.489056 0.234777 0.492467
0.170061 -0.748982 1.95531 0.680836 0.488825 0.234883 0.492284
0.169834 -0.748871 1.95587 0.681097 0.488593 0.234989 0.492101
0.169608 -0.748759 1.95643 0.681359 0.488362 0.235095 0.491918
0.169381 -0.748647 1.957 0.68162 0.48813 0.235201 0.491735
0.169155 -0.748535 1.95756 0.681882 0.487899 0.235307 0.491551
0.168929 -0.748421 1.95813 0.682143 0.487667 0.235413 0.491368
0.168703 -0.748308 1.95869 0.682404 0.487436 0.235519 0.491184
0.168477 -0.748194 1.95926 0.682665 0.487204 0.235625 0.491001
0.168251 -0.748079 1.95982 0.682926 0.486973 0.235731 0.490817
0.168025 -0.747964 1.96039 0.683186 0.486741 0.235837 0.490633
0.167799 -0.747849 1.96095 0.683447 0.486509 0.235944 0.490449
0.167573 -0.747733 1.96151 0.683707 0.486278 0.23605 0.490264
0.167347 -0.747617 1.96208 0.683967 0.486046 0.236156 0.49008
0.167122 -0.7475 1.96264 0.684227 0.485814 0.236263 0.489895
0.166896 -0.747382 1.96321 0.684487 0.485582 0.236369 0.489711
0.166671 -0.747264 1.96377 0.684747 0.48535 0.236475 0.489526
0.166445 -0.747146 1.96433 0.685007 0.485119 0.236582 0.489341
0.16622 -0.747027 1.9649 0.685266 0.484887 0.236688 0.489156
0.165994 -0.746908 1.96546 0.685526 0.484655 0.236795 0.488971
0.165769 -0.746788 1.96602 0.685785 0.484423 0.236901 0.488785
0.165544 -0.746667 1.96659 0.686044 0.484191 0.237008 0.4886
0.165319 -0.746547 1.96715 0.686303 0.483959 0.237115 0.488414
0.165094 -0.746425 1.96771 0.686562 0.483727 0.237221 0.488228
0.164869 -0.746303 1.96828 0.68682 0.483495 0.237328 0.488043
0.164644 -0.746181 1.96884 0.687079 0.483263 0.237435 0.487857
0.164419 -0.746058 1.96941 0.687337 0.483031 0.237542 0.48767
0.164195 -0.745935 1.96997 0.687596 0.482799 0.237649 0.487484
0.16397 -0.745811 1.97053 0.687854 0.482567 0.237755 0.487298
0.163745 -0.745687 1.97109 0.688112 0.482334 0.237862 0.487111
0.163521 -0.745562 1.97166 0.68837 0.482102 0.237969 0.486924
0.163296 -0.745437 1.97222 0.688627 0.48187 0.238076 0.486737
0.163072 -0.745311 1.97278 0.688885 0.481638 0.238183 0.48655
0.162848 -0.745185 1.97335 0.689142 0.481406 0.23829 0.486363
0.162624 -0.745059 1.97391 0.6894 0.481173 0.238398 0.486176
0.1624 -0.744931 1.97447 0.689657 0.480941 0.238505 0.485989
0.162176 -0.744804 1.97504 0.689914 0.480709 0.238612 0.485801
0.161952 -0.744676 1.9756 0.690171 0.480476 0.238719 0.485613
0.161728 -0.744547 1.97616 0.690427 0.480244 0.238826 0.485426
0.161504 -0.744418 1.97672 0.690684 0.480011 0.238934 0.485238
0.16128 -0.744288 1.97729 0.69094 0.479779 0.239041 0.48505
0.161057 -0.744158 1.97785 0.691197 0.479546 0.239148 0.484861
0.160833 -0.744028 1.97841 0.691453 0.479314 0.239256 0.484673
0.16061 -0.743897 1.97897 0.691709 0.479081 0.239363 0.484485
0.160386 -0.743765 1.97954 0.691965 0.478849 0.239471 0.484296
0.160163 -0.743633 1.9801 0.69222 0.478616 0.239578 0.484107
0.15994 -0.743501 1.98066 0.692476 0.478383 0.239686 0.483918
0.159716 -0.743368 1.98122 0.692732 0.478151 0.239794 0.483729
0.159493 -0.743234 1.98178 0.692987 0.477918 0.239901 0.48354
0.15927 -0.7431 1.98235 0.693242 0.477685 0.240009 0.483351
0.159047 -0.742966 1.98291 0.693497 0.477453 0.240117 0.483161
0.158825 -0.742831 1.98347 0.693752 0.47722 0.240225 0.482972
0.158602 -0.742695 1.98403 0.694007 0.476987 0.240332 0.482782
0.158379 -0.742559 1.98459 0.694261 0.476754 0.24044 0.482592
0.158157 -0.742423 1.98515 0.694516 0.476521 0.240548 0.482402
0.157934 -0.742286 1.98572 0.69477 0.476288 0.240656 0.482212
