0.645586 0.509419 1.15236 0.497847 0.468936 0.729303 0.0190949
0.645595 0.508449 1.1535 0.497875 0.468844 0.729369 0.0180653
0.645601 0.507478 1.15465 0.4979 0.468753 0.729436 0.0170354
0.645604 0.506508 1.1558 0.497921 0.468661 0.729503 0.0160051
0.645604 0.505537 1.15694 0.497939 0.468569 0.729572 0.0149747
0.645601 0.504566 1.15809 0.497952 0.468478 0.729642 0.0139439
0.645595 0.503594 1.15923 0.497962 0.468387 0.729713 0.0129129
0.645586 0.502622 1.16037 0.497968 0.468296 0.729785 0.0118817
0.645574 0.50165 1.16151 0.49797 0.468205 0.729858 0.0108503
0.645559 0.500678 1.16265 0.497968 0.468114 0.729932 0.00981864
0.645541 0.499705 1.16379 0.497963 0.468024 0.730007 0.00878682
0.645521 0.498732 1.16493 0.497954 0.467933 0.730083 0.00775483
0.645497 0.497759 1.16606 0.497941 0.467843 0.73016 0.00672269
0.64547 0.496786 1.1672 0.497924 0.467752 0.730238 0.00569041
0.64544 0.495813 1.16833 0.497904 0.467662 0.730317 0.004658
0.645408 0.494839 1.16946 0.497879 0.467572 0.730397 0.00362548
0.645372 0.493865 1.1706 0.497851 0.467482 0.730478 0.00259286
0.645334 0.492891 1.17173 0.49782 0.467392 0.73056 0.00156017
0.645293 0.491917 1.17285 0.497784 0.467302 0.730643 0.000527402
0.645248 0.490942 1.17398 0.497745 0.467212 0.730728 -0.000505413
0.645201 0.489967 1.17511 0.497701 0.467122 0.730813 -0.00153827
0.645151 0.488993 1.17623 0.497654 0.467033 0.7309 -0.00257114
0.645098 0.488018 1.17736 0.497604 0.466943 0.730987 -0.00360402
0.645042 0.487043 1.17848 0.497549 0.466853 0.731075 -0.0046369
0.644983 0.486068 1.1796 0.497491 0.466764 0.731165 -0.00566975
0.644921 0.485092 1.18072 0.497429 0.466674 0.731256 -0.00670257
0.644857 0.484117 1.18184 0.497363 0.466585 0.731347 -0.00773533
0.644789 0.483141 1.18296 0.497293 0.466496 0.73144 -0.00876803
0.644719 0.482166 1.18408 0.49722 0.466406 0.731534 -0.00980065
0.644645 0.48119 1.18519 0.497142 0.466317 0.731629 -0.0108332
0.644569 0.480214 1.18631 0.497061 0.466228 0.731725 -0.0118656
0.64449 0.479238 1.18742 0.496976 0.466138 0.731822 -0.0128979
0.644408 0.478263 1.18853 0.496888 0.466049 0.73192 -0.01393
0.644323 0.477287 1.18965 0.496795 0.46596 0.732019 -0.014962
0.644235 0.476311 1.19076 0.496699 0.465871 0.732119 -0.0159938
0.644145 0.475335 1.19186 0.496599 0.465781 0.732221 -0.0170254
0.644051 0.474358 1.19297 0.496496 0.465692 0.732323 -0.0180569
0.643955 0.473382 1.19408 0.496388 0.465603 0.732426 -0.0190881
0.643856 0.472406 1.19518 0.496277 0.465514 0.732531 -0.0201191
0.643754 0.47143 1.19629 0.496162 0.465424 0.732637 -0.0211498
0.643649 0.470454 1.19739 0.496043 0.465335 0.732743 -0.0221803
0.643542 0.469478 1.19849 0.49592 0.465246 0.732851 -0.0232106
0.643431 0.468502 1.19959 0.495794 0.465156 0.73296 -0.0242405
0.643318 0.467526 1.20069 0.495664 0.465067 0.73307 -0.0252701
0.643202 0.46655 1.20179 0.49553 0.464977 0.733181 -0.0262994
0.643083 0.465574 1.20288 0.495392 0.464888 0.733293 -0.0273284
0.642961 0.464598 1.20398 0.49525 0.464798 0.733407 -0.028357
0.642836 0.463622 1.20507 0.495105 0.464709 0.733521 -0.0293853
0.642709 0.462647 1.20616 0.494956 0.464619 0.733637 -0.0304132
0.642579 0.461671 1.20725 0.494803 0.464529 0.733753 -0.0314407
0.642446 0.460695 1.20834 0.494647 0.464439 0.733871 -0.0324678
0.64231 0.45972 1.20943 0.494486 0.464349 0.73399 -0.0334945
0.642172 0.458744 1.21052 0.494322 0.464259 0.73411 -0.0345207
0.642031 0.457769 1.21161 0.494154 0.464169 0.734231 -0.0355465
0.641887 0.456794 1.21269 0.493983 0.464079 0.734353 -0.0365718
0.64174 0.455819 1.21378 0.493807 0.463989 0.734476 -0.0375967
0.64159 0.454844 1.21486 0.493628 0.463899 0.7346 -0.038621
0.641438 0.453869 1.21594 0.493445 0.463808 0.734726 -0.0396449
0.641283 0.452894 1.21702 0.493259 0.463717 0.734852 -0.0406682
0.641125 0.45192 1.2181 0.493068 0.463627 0.73498 -0.041691
0.640964 0.450946 1.21917 0.492874 0.463536 0.735109 -0.0427132
0.640801 0.449971 1.22025 0.492676 0.463445 0.735239 -0.0437349
0.640635 0.448997 1.22133 0.492475 0.463354 0.73537 -0.0447559
0.640466 0.448024 1.2224 0.492269 0.463263 0.735502 -0.0457764
0.640295 0.44705 1.22347 0.49206 0.463171 0.735635 -0.0467963
0.640121 0.446077 1.22454 0.491847 0.46308 0.73577 -0.0478156
0.639944 0.445103 1.22561 0.491631 0.462988 0.735905 -0.0488342
0.639764 0.44413 1.22668 0.49141 0.462896 0.736042 -0.0498521
0.639582 0.443158 1.22775 0.491186 0.462804 0.73618 -0.0508694
0.639397 0.442185 1.22881 0.490958 0.462712 0.736319 -0.051886
0.639209 0.441213 1.22988 0.490727 0.462619 0.736459 -0.0529019
0.639019 0.440241 1.23094 0.490492 0.462527 0.7366 -0.0539171
0.638826 0.439269 1.232 0.490253 0.462434 0.736742 -0.0549316
0.63863 0.438297 1.23306 0.49001 0.462341 0.736886 -0.0559453
0.638432 0.437326 1.23412 0.489764 0.462248 0.737031 -0.0569583
0.638231 0.436355 1.23518 0.489514 0.462155 0.737176 -0.0579705
0.638027 0.435384 1.23624 0.48926 0.462061 0.737323 -0.0589819
0.637821 0.434414 1.23729 0.489002 0.461967 0.737471 -0.0599925
0.637612 0.433444 1.23835 0.488741 0.461873 0.73762 -0.0610023
0.6374 0.432474 1.2394 0.488476 0.461779 0.737771 -0.0620113
0.637186 0.431505 1.24045 0.488208 0.461685 0.737922 -0.0630194
0.636969 0.430535 1.2415 0.487935 0.46159 0.738075 -0.0640266
0.63675 0.429566 1.24255 0.487659 0.461495 0.738228 -0.065033
0.636527 0.428598 1.2436 0.48738 0.4614 0.738383 -0.0660386
0.636303 0.42763 1.24465 0.487096 0.461305 0.738539 -0.0670432
0.636075 0.426662 1.24569 0.486809 0.461209 0.738696 -0.0680469
0.635845 0.425694 1.24673 0.486518 0.461113 0.738855 -0.0690496
0.635613 0.424727 1.24778 0.486224 0.461017 0.739014 -0.0700514
0.635378 0.42376 1.24882 0.485926 0.460921 0.739175 -0.0710523
0.63514 0.422794 1.24986 0.485624 0.460824 0.739337 -0.0720522
0.6349 0.421828 1.2509 0.485319 0.460727 0.7395 -0.0730511
0.634657 0.420862 1.25193 0.48501 0.46063 0.739664 -0.074049
0.634411 0.419897 1.25297 0.484697 0.460532 0.739829 -0.0750459
0.634163 0.418932 1.254 0.484381 0.460434 0.739995 -0.0760417
0.633913 0.417967 1.25504 0.484061 0.460336 0.740163 -0.0770366
0.63366 0.417003 1.25607 0.483737 0.460238 0.740331 -0.0780303
0.633404 0.41604 1.2571 0.48341 0.460139 0.740501 -0.079023
0.633146 0.415076 1.25813 0.483079 0.46004 0.740672 -0.0800146
0.632885 0.414114 1.25915 0.482744 0.459941 0.740845 -0.0810051
0.632622 0.413151 1.26018 0.482406 0.459841 0.741018 -0.0819945
0.632356 0.412189 1.26121 0.482064 0.459741 0.741192 -0.0829827
0.632088 0.411228 1.26223 0.481719 0.45964 0.741368 -0.0839698
0.631817 0.410267 1.26325 0.48137 0.45954 0.741545 -0.0849558
0.631544 0.409306 1.26427 0.481017 0.459439 0.741723 -0.0859406
0.631268 0.408346 1.26529 0.480661 0.459337 0.741902 -0.0869242
0.63099 0.407386 1.26631 0.480301 0.459235 0.742082 -0.0879066
0.630709 0.406427 1.26733 0.479938 0.459133 0.742264 -0.0888877
0.630426 0.405469 1.26834 0.479571 0.459031 0.742446 -0.0898677
0.63014 0.40451 1.26936 0.4792 0.458928 0.74263 -0.0908464
0.629852 0.403553 1.27037 0.478826 0.458824 0.742815 -0.0918239
0.629562 0.402596 1.27138 0.478448 0.458721 0.743001 -0.0928001
0.629269 0.401639 1.27239 0.478067 0.458617 0.743188 -0.093775
0.628973 0.400683 1.2734 0.477682 0.458512 0.743377 -0.0947486
0.628675 0.399727 1.27441 0.477294 0.458407 0.743566 -0.0957209
0.628375 0.398772 1.27541 0.476902 0.458302 0.743757 -0.0966919
0.628072 0.397818 1.27642 0.476506 0.458196 0.743949 -0.0976615
0.627767 0.396864 1.27742 0.476107 0.45809 0.744142 -0.0986298
0.627459 0.39591 1.27842 0.475704 0.457984 0.744337 -0.0995967
0.627149 0.394957 1.27943 0.475298 0.457877 0.744532 -0.100562
0.626837 0.394005 1.28042 0.474888 0.457769 0.744729 -0.101526
0.626522 0.393053 1.28142 0.474475 0.457661 0.744926 -0.102489
0.626205 0.392102 1.28242 0.474058 0.457553 0.745125 -0.10345
0.625885 0.391151 1.28341 0.473638 0.457444 0.745326 -0.10441
0.625563 0.390201 1.28441 0.473214 0.457335 0.745527 -0.105369
0.625239 0.389252 1.2854 0.472787 0.457225 0.745729 -0.106326
0.624912 0.388303 1.28639 0.472356 0.457115 0.745933 -0.107281
0.624583 0.387355 1.28738 0.471922 0.457005 0.746138 -0.108235
0.624251 0.386407 1.28837 0.471484 0.456893 0.746344 -0.109188
0.623918 0.38546 1.28935 0.471043 0.456782 0.746551 -0.110139
0.623582 0.384514 1.29034 0.470598 0.45667 0.746759 -0.111088
0.623243 0.383568 1.29132 0.47015 0.456557 0.746969 -0.112036
0.622902 0.382623 1.29231 0.469698 0.456444 0.747179 -0.112982
0.622559 0.381678 1.29329 0.469243 0.456331 0.747391 -0.113927
0.622214 0.380734 1.29427 0.468785 0.456216 0.747604 -0.11487
0.621866 0.379791 1.29525 0.468323 0.456102 0.747818 -0.115812
0.621516 0.378848 1.29622 0.467857 0.455987 0.748034 -0.116752
0.621164 0.377906 1.2972 0.467388 0.455871 0.74825 -0.11769
0.620809 0.376965 1.29817 0.466916 0.455755 0.748468 -0.118627
0.620452 0.376024 1.29915 0.46644 0.455638 0.748687 -0.119562
0.620093 0.375084 1.30012 0.465961 0.455521 0.748907 -0.120495
0.619732 0.374145 1.30109 0.465479 0.455403 0.749128 -0.121427
0.619368 0.373206 1.30206 0.464993 0.455285 0.749351 -0.122357
0.619002 0.372268 1.30302 0.464504 0.455166 0.749574 -0.123286
0.618634 0.371331 1.30399 0.464011 0.455046 0.749799 -0.124212
0.618263 0.370395 1.30495 0.463515 0.454926 0.750025 -0.125137
0.617891 0.369459 1.30592 0.463015 0.454805 0.750252 -0.12606
0.617516 0.368524 1.30688 0.462512 0.454684 0.75048 -0.126982
0.617139 0.367589 1.30784 0.462006 0.454562 0.750709 -0.127901
0.616759 0.366655 1.3088 0.461497 0.45444 0.75094 -0.128819
0.616378 0.365722 1.30975 0.460984 0.454317 0.751172 -0.129735
0.615994 0.36479 1.31071 0.460468 0.454193 0.751405 -0.130649
0.615608 0.363859 1.31166 0.459948 0.454069 0.751639 -0.131562
0.61522 0.362928 1.31262 0.459425 0.453944 0.751874 -0.132472
0.61483 0.361998 1.31357 0.458899 0.453818 0.75211 -0.133381
0.614437 0.361068 1.31452 0.458369 0.453692 0.752348 -0.134288
0.614043 0.36014 1.31547 0.457837 0.453566 0.752587 -0.135193
0.613646 0.359212 1.31641 0.457301 0.453438 0.752827 -0.136096
0.613247 0.358285 1.31736 0.456761 0.45331 0.753068 -0.136997
0.612846 0.357359 1.3183 0.456218 0.453181 0.75331 -0.137896
0.612442 0.356433 1.31925 0.455672 0.453052 0.753553 -0.138794
0.612037 0.355508 1.32019 0.455123 0.452922 0.753798 -0.139689
0.611629 0.354584 1.32113 0.454571 0.452791 0.754044 -0.140583
0.61122 0.353661 1.32207 0.454015 0.45266 0.754291 -0.141474
0.610808 0.352739 1.32301 0.453456 0.452528 0.754539 -0.142364
0.610394 0.351817 1.32394 0.452894 0.452395 0.754788 -0.143251
0.609978 0.350896 1.32488 0.452328 0.452262 0.755038 -0.144137
0.60956 0.349976 1.32581 0.45176 0.452128 0.75529 -0.14502
0.60914 0.349057 1.32674 0.451188 0.451993 0.755543 -0.145902
0.608718 0.348138 1.32767 0.450613 0.451857 0.755797 -0.146781
0.608293 0.347221 1.3286 0.450034 0.451721 0.756052 -0.147658
0.607867 0.346304 1.32953 0.449453 0.451584 0.756308 -0.148534
0.607439 0.345388 1.33045 0.448868 0.451446 0.756565 -0.149407
0.607008 0.344473 1.33138 0.44828 0.451308 0.756824 -0.150278
0.606575 0.343559 1.3323 0.447689 0.451169 0.757083 -0.151147
0.606141 0.342645 1.33322 0.447095 0.451029 0.757344 -0.152014
0.605704 0.341732 1.33414 0.446498 0.450888 0.757606 -0.152879
0.605266 0.340821 1.33506 0.445898 0.450747 0.757869 -0.153742
0.604825 0.33991 1.33597 0.445294 0.450605 0.758134 -0.154602
0.604382 0.339 1.33689 0.444687 0.450462 0.758399 -0.155461
0.603938 0.33809 1.3378 0.444077 0.450318 0.758666 -0.156317
0.603491 0.337182 1.33872 0.443465 0.450174 0.758933 -0.157171
0.603042 0.336274 1.33963 0.442849 0.450029 0.759202 -0.158023
0.602591 0.335368 1.34054 0.442229 0.449883 0.759472 -0.158872
0.602139 0.334462 1.34145 0.441607 0.449736 0.759744 -0.15972
0.601684 0.333557 1.34235 0.440982 0.449588 0.760016 -0.160565
0.601228 0.332653 1.34326 0.440354 0.44944 0.760289 -0.161408
0.600769 0.33175 1.34416 0.439722 0.449291 0.760564 -0.162248
0.600309 0.330847 1.34506 0.439088 0.449141 0.76084 -0.163087
0.599846 0.329946 1.34597 0.43845 0.44899 0.761117 -0.163923
0.599382 0.329045 1.34686 0.43781 0.448838 0.761395 -0.164757
0.598915 0.328146 1.34776 0.437166 0.448686 0.761674 -0.165588
0.598447 0.327247 1.34866 0.43652 0.448532 0.761954 -0.166417
0.597977 0.326349 1.34955 0.43587 0.448378 0.762236 -0.167244
0.597505 0.325452 1.35045 0.435218 0.448223 0.762519 -0.168069
0.597031 0.324556 1.35134 0.434562 0.448067 0.762802 -0.168891
0.596555 0.323661 1.35223 0.433904 0.447911 0.763087 -0.16971
0.596077 0.322767 1.35312 0.433242 0.447753 0.763373 -0.170528
0.595598 0.321874 1.35401 0.432578 0.447594 0.763661 -0.171343
0.595116 0.320982 1.35489 0.43191 0.447435 0.763949 -0.172155
0.594633 0.32009 1.35578 0.43124 0.447275 0.764238 -0.172966
0.594148 0.3192 1.35666 0.430567 0.447114 0.764529 -0.173773
0.59366 0.31831 1.35754 0.429891 0.446952 0.76482 -0.174579
0.593172 0.317422 1.35842 0.429212 0.446789 0.765113 -0.175382
0.592681 0.316534 1.3593 0.42853 0.446625 0.765407 -0.176182
0.592188 0.315647 1.36018 0.427845 0.44646 0.765702 -0.17698
0.591694 0.314762 1.36105 0.427157 0.446295 0.765998 -0.177776
0.591197 0.313877 1.36193 0.426466 0.446128 0.766296 -0.178569
0.590699 0.312993 1.3628 0.425773 0.445961 0.766594 -0.179359
0.590199 0.31211 1.36367 0.425077 0.445792 0.766894 -0.180147
0.589698 0.311228 1.36454 0.424377 0.445623 0.767194 -0.180933
0.589194 0.310347 1.36541 0.423675 0.445453 0.767496 -0.181716
0.588689 0.309467 1.36628 0.42297 0.445282 0.767799 -0.182496
0.588182 0.308588 1.36714 0.422263 0.445109 0.768103 -0.183274
0.587673 0.30771 1.368 0.421552 0.444936 0.768408 -0.184049
0.587162 0.306833 1.36887 0.420839 0.444762 0.768714 -0.184822
0.58665 0.305957 1.36973 0.420123 0.444587 0.769022 -0.185592
0.586136 0.305082 1.37059 0.419404 0.444411 0.76933 -0.186359
0.58562 0.304208 1.37144 0.418683 0.444234 0.76964 -0.187124
0.585102 0.303335 1.3723 0.417958 0.444056 0.76995 -0.187886
0.584583 0.302463 1.37315 0.417231 0.443877 0.770262 -0.188646
0.584062 0.301592 1.37401 0.416502 0.443697 0.770575 -0.189403
0.583539 0.300721 1.37486 0.415769 0.443516 0.770889 -0.190157
0.583015 0.299852 1.37571 0.415034 0.443334 0.771204 -0.190909
0.582489 0.298984 1.37656 0.414296 0.443151 0.77152 -0.191658
0.581961 0.298117 1.37741 0.413555 0.442967 0.771837 -0.192404
0.581431 0.297251 1.37825 0.412812 0.442782 0.772156 -0.193148
0.5809 0.296386 1.37909 0.412066 0.442596 0.772475 -0.193889
0.580367 0.295522 1.37994 0.411317 0.442409 0.772796 -0.194627
0.579832 0.294659 1.38078 0.410566 0.442221 0.773117 -0.195363
0.579296 0.293797 1.38162 0.409812 0.442031 0.77344 -0.196095
0.578758 0.292936 1.38246 0.409055 0.441841 0.773763 -0.196825
0.578218 0.292076 1.38329 0.408296 0.44165 0.774088 -0.197553
0.577678 0.291216 1.38413 0.407534 0.441457 0.774414 -0.198277
0.577135 0.290357 1.38496 0.40677 0.441264 0.774741 -0.198999
0.576591 0.2895 1.38579 0.406002 0.441069 0.775069 -0.199719
0.576045 0.288644 1.38662 0.405233 0.440874 0.775398 -0.200435
0.575498 0.287788 1.38745 0.40446 0.440677 0.775729 -0.201148
0.574949 0.286934 1.38828 0.403685 0.440479 0.77606 -0.201859
0.574399 0.286081 1.3891 0.402908 0.44028 0.776392 -0.202567
0.573847 0.285227 1.38993 0.402128 0.44008 0.776726 -0.203273
0.573295 0.284375 1.39075 0.401345 0.439879 0.77706 -0.203976
0.57274 0.283524 1.39157 0.400559 0.439677 0.777396 -0.204676
0.572184 0.282673 1.39239 0.399771 0.439474 0.777733 -0.205373
0.571627 0.281824 1.39321 0.398981 0.439269 0.77807 -0.206067
0.571067 0.280976 1.39402 0.398188 0.439064 0.778409 -0.206758
0.570507 0.280129 1.39484 0.397392 0.438857 0.778749 -0.207446
0.569946 0.279282 1.39565 0.396594 0.438649 0.77909 -0.208133
0.569383 0.278435 1.39646 0.395793 0.43844 0.779432 -0.208816
0.568819 0.27759 1.39727 0.39499 0.43823 0.779775 -0.209497
0.568253 0.276745 1.39808 0.394184 0.438019 0.780119 -0.210174
0.567686 0.275902 1.39889 0.393376 0.437806 0.780464 -0.210849
0.567117 0.27506 1.39969 0.392565 0.437593 0.78081 -0.21152
0.566547 0.274218 1.40049 0.391752 0.437378 0.781158 -0.212189
0.565977 0.273376 1.4013 0.390936 0.437162 0.781506 -0.212855
0.565406 0.272535 1.4021 0.390117 0.436945 0.781855 -0.213519
0.564832 0.271695 1.40289 0.389296 0.436726 0.782206 -0.21418
0.564258 0.270856 1.40369 0.388473 0.436507 0.782557 -0.214838
0.563682 0.270018 1.40449 0.387647 0.436286 0.78291 -0.215492
0.563104 0.269181 1.40528 0.386819 0.436064 0.783263 -0.216144
0.562525 0.268346 1.40607 0.385988 0.435841 0.783618 -0.216792
0.561947 0.267508 1.40686 0.385155 0.435617 0.783973 -0.217439
0.561367 0.266672 1.40765 0.384319 0.435391 0.78433 -0.218083
0.560786 0.265837 1.40844 0.38348 0.435164 0.784688 -0.218724
0.560203 0.265003 1.40922 0.38264 0.434936 0.785046 -0.219361
0.559619 0.26417 1.41001 0.381797 0.434707 0.785406 -0.219996
0.559033 0.263339 1.41079 0.380952 0.434477 0.785767 -0.220627
0.558446 0.262508 1.41157 0.380105 0.434245 0.786128 -0.221256
0.55786 0.261675 1.41235 0.379254 0.434012 0.786491 -0.221882
0.557272 0.260844 1.41313 0.378401 0.433778 0.786855 -0.222506
0.556683 0.260013 1.4139 0.377545 0.433542 0.78722 -0.223126
0.556093 0.259184 1.41468 0.376688 0.433305 0.787586 -0.223744
0.555501 0.258356 1.41545 0.375828 0.433067 0.787953 -0.224358
0.554908 0.257529 1.41622 0.374966 0.432828 0.78832 -0.224969
0.554314 0.256703 1.41699 0.374102 0.432588 0.788689 -0.225576
0.55372 0.255874 1.41776 0.373235 0.432346 0.789059 -0.226183
0.553126 0.255047 1.41852 0.372365 0.432103 0.78943 -0.226786
0.55253 0.254221 1.41929 0.371493 0.431858 0.789802 -0.227386
0.551933 0.253396 1.42005 0.370619 0.431612 0.790175 -0.227982
0.551334 0.252572 1.42081 0.369743 0.431365 0.790549 -0.228576
0.550734 0.251749 1.42157 0.368865 0.431117 0.790923 -0.229166
0.550133 0.250927 1.42233 0.367985 0.430867 0.791299 -0.229753
0.549534 0.250103 1.42308 0.367101 0.430616 0.791676 -0.230338
0.548933 0.249279 1.42384 0.366214 0.430364 0.792054 -0.230921
0.548331 0.248457 1.42459 0.365326 0.430111 0.792433 -0.2315
0.547727 0.247636 1.42534 0.364436 0.429856 0.792812 -0.232076
0.547122 0.246816 1.42609 0.363544 0.429599 0.793193 -0.232648
0.546516 0.245997 1.42684 0.36265 0.429342 0.793575 -0.233217
0.545909 0.245179 1.42758 0.361754 0.429083 0.793957 -0.233783
0.545304 0.244358 1.42833 0.360853 0.428822 0.794341 -0.234348
0.544697 0.243538 1.42907 0.359951 0.428561 0.794726 -0.234909
0.544089 0.242719 1.42981 0.359047 0.428298 0.795111 -0.235467
0.54348 0.241901 1.43055 0.358141 0.428033 0.795498 -0.236021
0.54287 0.241085 1.43128 0.357234 0.427767 0.795885 -0.236573
0.542258 0.24027 1.43202 0.356324 0.4275 0.796273 -0.23712
0.541645 0.239456 1.43275 0.355412 0.427231 0.796662 -0.237665
0.541035 0.238638 1.43349 0.354496 0.426962 0.797053 -0.238208
0.540423 0.237821 1.43422 0.353579 0.42669 0.797444 -0.238748
0.53981 0.237005 1.43494 0.352659 0.426417 0.797836 -0.239285
0.539196 0.236191 1.43567 0.351738 0.426143 0.798229 -0.239818
0.538581 0.235377 1.4364 0.350815 0.425868 0.798623 -0.240347
0.537964 0.234565 1.43712 0.34989 0.425591 0.799018 -0.240874
0.537346 0.233754 1.43784 0.348963 0.425312 0.799414 -0.241396
0.536732 0.232939 1.43856 0.348032 0.425033 0.799811 -0.241918
0.536116 0.232125 1.43928 0.347099 0.424751 0.800208 -0.242436
0.535498 0.231312 1.44 0.346164 0.424469 0.800607 -0.242951
0.53488 0.230501 1.44071 0.345228 0.424185 0.801006 -0.243463
0.53426 0.22969 1.44143 0.34429 0.423899 0.801407 -0.24397
0.533639 0.228881 1.44214 0.34335 0.423612 0.801808 -0.244475
0.533017 0.228073 1.44285 0.342409 0.423324 0.80221 -0.244975
0.532398 0.22726 1.44356 0.341463 0.423034 0.802613 -0.245475
0.531778 0.226449 1.44426 0.340515 0.422743 0.803017 -0.245972
0.531157 0.225638 1.44497 0.339566 0.42245 0.803422 -0.246464
0.530535 0.224829 1.44567 0.338615 0.422155 0.803828 -0.246953
0.529911 0.224021 1.44637 0.337662 0.42186 0.804234 -0.247439
0.529286 0.223215 1.44707 0.336708 0.421563 0.804641 -0.247921
0.52866 0.222409 1.44777 0.335752 0.421264 0.80505 -0.2484
0.528038 0.221599 1.44846 0.334792 0.420964 0.805459 -0.248877
0.527415 0.220789 1.44916 0.33383 0.420662 0.805869 -0.249351
0.52679 0.219981 1.44985 0.332866 0.420359 0.80628 -0.249822
0.526165 0.219174 1.45054 0.331901 0.420054 0.806692 -0.250288
0.525538 0.218368 1.45123 0.330935 0.419748 0.807104 -0.250752
0.52491 0.217564 1.45192 0.329967 0.41944 0.807518 -0.251211
0.524281 0.216761 1.4526 0.328997 0.419131 0.807932 -0.251667
0.523656 0.215952 1.45329 0.328023 0.418821 0.808347 -0.252122
0.52303 0.215144 1.45397 0.327047 0.418509 0.808763 -0.252573
0.522402 0.214338 1.45465 0.32607 0.418195 0.80918 -0.253021
0.521774 0.213533 1.45533 0.325091 0.41788 0.809597 -0.253465
0.521145 0.212729 1.456 0.324111 0.417563 0.810016 -0.253905
0.520514 0.211927 1.45668 0.323129 0.417244 0.810435 -0.254342
0.519882 0.211125 1.45735 0.322146 0.416925 0.810855 -0.254775
0.519255 0.210318 1.45802 0.321158 0.416603 0.811276 -0.255207
0.518626 0.209512 1.45869 0.320169 0.41628 0.811698 -0.255635
0.517997 0.208707 1.45936 0.319178 0.415956 0.81212 -0.25606
0.517366 0.207904 1.46003 0.318187 0.41563 0.812543 -0.256481
0.516735 0.207101 1.46069 0.317193 0.415302 0.812967 -0.256898
0.516102 0.206301 1.46135 0.316199 0.414973 0.813392 -0.257311
0.515468 0.205501 1.46202 0.315203 0.414642 0.813817 -0.257721
0.514839 0.204695 1.46267 0.314202 0.41431 0.814244 -0.25813
0.514209 0.20389 1.46333 0.3132 0.413976 0.814671 -0.258535
0.513578 0.203086 1.46399 0.312196 0.413641 0.815099 -0.258936
0.512945 0.202284 1.46464 0.311192 0.413304 0.815528 -0.259334
0.512312 0.201483 1.46529 0.310186 0.412965 0.815957 -0.259728
0.511677 0.200684 1.46594 0.309179 0.412625 0.816387 -0.260117
0.511042 0.199886 1.46659 0.308171 0.412283 0.816818 -0.260503
0.510412 0.19908 1.46724 0.307157 0.41194 0.81725 -0.260889
0.50978 0.198277 1.46788 0.306143 0.411595 0.817682 -0.26127
0.509148 0.197474 1.46852 0.305127 0.411248 0.818115 -0.261648
0.508514 0.196673 1.46917 0.30411 0.4109 0.818549 -0.262022
0.50788 0.195873 1.46981 0.303092 0.41055 0.818984 -0.262391
0.507244 0.195075 1.47044 0.302073 0.410199 0.819419 -0.262757
0.506607 0.194277 1.47108 0.301053 0.409846 0.819855 -0.263119
0.505976 0.193473 1.47171 0.300028 0.409491 0.820292 -0.263481
0.505344 0.19267 1.47235 0.299001 0.409135 0.820729 -0.263838
0.504711 0.191868 1.47298 0.297974 0.408777 0.821167 -0.264192
0.504076 0.191067 1.4736 0.296945 0.408418 0.821606 -0.264541
0.503441 0.190268 1.47423 0.295916 0.408056 0.822045 -0.264887
0.502805 0.189471 1.47486 0.294886 0.407694 0.822485 -0.265229
0.502168 0.188674 1.47548 0.293854 0.407329 0.822926 -0.265566
0.501536 0.18787 1.4761 0.292817 0.406963 0.823368 -0.265903
0.500904 0.187067 1.47672 0.29178 0.406595 0.82381 -0.266237
0.50027 0.186266 1.47734 0.290741 0.406226 0.824253 -0.266566
0.499635 0.185466 1.47796 0.289701 0.405855 0.824696 -0.266891
0.499 0.184667 1.47857 0.288661 0.405482 0.825141 -0.267212
0.498363 0.18387 1.47918 0.28762 0.405108 0.825585 -0.267529
0.497726 0.183075 1.47979 0.286578 0.404732 0.82603 -0.267842
0.497094 0.18227 1.4804 0.28553 0.404354 0.826477 -0.268154
0.496462 0.181468 1.48101 0.284482 0.403975 0.826923 -0.268463
0.495829 0.180667 1.48161 0.283432 0.403594 0.827371 -0.268767
0.495194 0.179867 1.48222 0.282382 0.403211 0.827819 -0.269067
0.494559 0.179069 1.48282 0.281331 0.402826 0.828267 -0.269364
0.493923 0.178272 1.48342 0.28028 0.40244 0.828716 -0.269656
0.493285 0.177476 1.48402 0.279228 0.402052 0.829166 -0.269944
0.492733 0.176773 1.48454 0.278302 0.401712 0.82956 -0.270196
0.492181 0.17607 1.48506 0.277376 0.40137 0.829955 -0.270444
0.491627 0.175369 1.48558 0.276449 0.401027 0.83035 -0.27069
0.491073 0.174668 1.4861 0.275522 0.400682 0.830745 -0.270932
0.490518 0.173969 1.48661 0.274594 0.400336 0.831141 -0.271171
0.489962 0.173271 1.48713 0.273666 0.399989 0.831537 -0.271407
0.489406 0.172574 1.48764 0.272738 0.39964 0.831934 -0.27164
0.488849 0.171878 1.48815 0.271808 0.39929 0.832331 -0.271869
0.488297 0.171174 1.48866 0.270874 0.398939 0.832728 -0.272099
0.487745 0.170471 1.48917 0.26994 0.398587 0.833126 -0.272325
0.487193 0.16977 1.48968 0.269005 0.398233 0.833525 -0.272548
0.486639 0.169069 1.49019 0.26807 0.397878 0.833924 -0.272768
0.486085 0.16837 1.49069 0.267134 0.397522 0.834323 -0.272985
0.485531 0.167671 1.4912 0.266198 0.397164 0.834723 -0.273199
0.484975 0.166974 1.4917 0.265262 0.396805 0.835122 -0.273409
0.484419 0.166278 1.4922 0.264325 0.396445 0.835523 -0.273616
0.483869 0.165574 1.4927 0.263383 0.396083 0.835924 -0.273823
0.483318 0.16487 1.4932 0.262441 0.39572 0.836325 -0.274027
0.482766 0.164168 1.49369 0.261498 0.395356 0.836727 -0.274227
0.482214 0.163467 1.49419 0.260555 0.394991 0.837129 -0.274425
0.481661 0.162768 1.49468 0.259612 0.394624 0.837531 -0.274619
0.481108 0.162069 1.49518 0.258669 0.394255 0.837934 -0.274809
0.480554 0.161371 1.49567 0.257725 0.393886 0.838337 -0.274997
0.479999 0.160675 1.49616 0.256781 0.393514 0.83874 -0.275181
0.47945 0.15997 1.49665 0.255832 0.393142 0.839144 -0.275365
0.478901 0.159266 1.49713 0.254882 0.392769 0.839549 -0.275546
0.478351 0.158563 1.49762 0.253933 0.392394 0.839953 -0.275724
0.4778 0.157862 1.4981 0.252983 0.392018 0.840358 -0.275898
0.477249 0.157161 1.49858 0.252033 0.39164 0.840763 -0.276069
0.476696 0.156462 1.49907 0.251083 0.391261 0.841169 -0.276237
0.476144 0.155764 1.49955 0.250132 0.390881 0.841575 -0.276402
0.47559 0.155067 1.50003 0.249182 0.390499 0.841981 -0.276563
0.475043 0.154362 1.5005 0.248226 0.390116 0.842388 -0.276724
0.474496 0.153657 1.50098 0.24727 0.389732 0.842795 -0.276881
0.473948 0.152953 1.50145 0.246314 0.389346 0.843202 -0.277036
0.473399 0.152251 1.50192 0.245358 0.388959 0.84361 -0.277187
0.472849 0.15155 1.5024 0.244402 0.388571 0.844018 -0.277335
0.472299 0.15085 1.50287 0.243446 0.388181 0.844426 -0.277479
0.471748 0.150151 1.50333 0.242489 0.38779 0.844834 -0.27762
0.471197 0.149454 1.5038 0.241533 0.387397 0.845243 -0.277758
0.470652 0.148747 1.50427 0.240571 0.387003 0.845652 -0.277895
0.470106 0.148041 1.50473 0.239609 0.386608 0.846062 -0.27803
0.46956 0.147337 1.50519 0.238647 0.386212 0.846472 -0.27816
0.469013 0.146633 1.50566 0.237686 0.385814 0.846882 -0.278288
0.468466 0.145931 1.50612 0.236724 0.385415 0.847292 -0.278412
0.467918 0.145231 1.50657 0.235762 0.385014 0.847703 -0.278533
0.467369 0.144531 1.50703 0.2348 0.384612 0.848113 -0.27865
0.466819 0.143833 1.50749 0.233839 0.384209 0.848524 -0.278764
0.466277 0.143125 1.50794 0.232872 0.383804 0.848936 -0.278878
0.465734 0.142418 1.50839 0.231905 0.383398 0.849348 -0.278988
0.46519 0.141712 1.50885 0.230938 0.382991 0.84976 -0.279095
0.464646 0.141008 1.5093 0.229971 0.382582 0.850172 -0.279199
0.464101 0.140305 1.50974 0.229004 0.382172 0.850584 -0.279299
0.463555 0.139603 1.51019 0.228038 0.381761 0.850997 -0.279396
0.463008 0.138903 1.51064 0.227072 0.381347 0.85141 -0.279489
0.462461 0.138203 1.51108 0.226105 0.380933 0.851823 -0.279579
0.461922 0.137494 1.51153 0.225134 0.380518 0.852236 -0.279669
0.461381 0.136786 1.51197 0.224162 0.380101 0.85265 -0.279755
0.46084 0.136079 1.51241 0.223191 0.379683 0.853064 -0.279838
0.460298 0.135373 1.51285 0.22222 0.379263 0.853478 -0.279917
0.459755 0.134669 1.51328 0.221249 0.378842 0.853892 -0.279993
0.459212 0.133966 1.51372 0.220279 0.378419 0.854306 -0.280066
0.458669 0.133264 1.51415 0.219308 0.377995 0.854721 -0.280135
0.458124 0.132564 1.51459 0.218338 0.37757 0.855136 -0.280201
0.457587 0.131853 1.51502 0.217363 0.377143 0.855551 -0.280266
0.457049 0.131144 1.51545 0.216388 0.376716 0.855966 -0.280328
0.456511 0.130435 1.51588 0.215413 0.376286 0.856382 -0.280386
0.455972 0.129728 1.5163 0.214438 0.375856 0.856797 -0.280441
0.455433 0.129023 1.51673 0.213464 0.375423 0.857213 -0.280493
0.454892 0.128319 1.51716 0.21249 0.37499 0.857629 -0.280541
0.454351 0.127616 1.51758 0.211517 0.374555 0.858045 -0.280585
0.45381 0.126914 1.518 0.210543 0.374118 0.858461 -0.280627
0.453276 0.126201 1.51842 0.209565 0.373681 0.858878 -0.280667
0.452741 0.12549 1.51884 0.208587 0.373242 0.859294 -0.280704
0.452206 0.124781 1.51926 0.207609 0.372802 0.859711 -0.280738
0.45167 0.124072 1.51967 0.206632 0.37236 0.860128 -0.280768
0.451133 0.123365 1.52009 0.205655 0.371917 0.860545 -0.280795
0.450596 0.122659 1.5205 0.204678 0.371472 0.860962 -0.280818
0.450058 0.121955 1.52091 0.203703 0.371026 0.86138 -0.280838
0.44952 0.121252 1.52132 0.202727 0.370579 0.861797 -0.280854
0.448989 0.120538 1.52173 0.201746 0.37013 0.862215 -0.28087
0.448458 0.119825 1.52214 0.200766 0.36968 0.862632 -0.280882
0.447926 0.119114 1.52254 0.199786 0.369229 0.86305 -0.280891
0.447393 0.118404 1.52295 0.198807 0.368776 0.863468 -0.280896
0.44686 0.117695 1.52335 0.197828 0.368322 0.863886 -0.280898
0.446326 0.116987 1.52375 0.19685 0.367866 0.864304 -0.280896
0.445792 0.116281 1.52415 0.195872 0.367409 0.864722 -0.280891
0.445256 0.115577 1.52455 0.194896 0.366951 0.865141 -0.280882
0.444729 0.114861 1.52495 0.193913 0.366491 0.865559 -0.280872
0.444201 0.114146 1.52534 0.192931 0.36603 0.865978 -0.280859
0.443673 0.113433 1.52574 0.19195 0.365568 0.866396 -0.280843
0.443143 0.112721 1.52613 0.19097 0.365104 0.866815 -0.280823
0.442614 0.112011 1.52652 0.18999 0.364639 0.867234 -0.280799
0.442083 0.111302 1.52691 0.189011 0.364172 0.867652 -0.280772
0.441552 0.110594 1.5273 0.188033 0.363704 0.868071 -0.280741
0.44102 0.109888 1.52769 0.187055 0.363234 0.86849 -0.280707
0.440496 0.109171 1.52808 0.186073 0.362763 0.868909 -0.280672
0.439971 0.108455 1.52846 0.185091 0.362291 0.869328 -0.280633
0.439446 0.107741 1.52884 0.18411 0.361818 0.869747 -0.280591
0.43892 0.107028 1.52922 0.18313 0.361343 0.870166 -0.280545
0.438393 0.106317 1.5296 0.18215 0.360866 0.870585 -0.280496
0.437866 0.105607 1.52998 0.181171 0.360389 0.871004 -0.280443
0.437338 0.104898 1.53036 0.180194 0.359909 0.871423 -0.280387
0.436809 0.104191 1.53074 0.179216 0.359428 0.871843 -0.280327
0.436288 0.103474 1.53111 0.178235 0.358947 0.872262 -0.280266
0.435766 0.102757 1.53148 0.177254 0.358464 0.872681 -0.280201
0.435243 0.102043 1.53185 0.176274 0.357979 0.8731 -0.280133
0.43472 0.101329 1.53222 0.175295 0.357493 0.873519 -0.280061
0.434196 0.100618 1.53259 0.174317 0.357005 0.873938 -0.279986
0.433672 0.0999073 1.53296 0.17334 0.356516 0.874358 -0.279907
0.433146 0.0991983 1.53333 0.172364 0.356026 0.874777 -0.279825
0.432621 0.0984908 1.53369 0.171389 0.355534 0.875196 -0.279739
0.432102 0.0977734 1.53405 0.170409 0.355041 0.875615 -0.279652
0.431582 0.0970575 1.53441 0.169431 0.354547 0.876034 -0.279561
0.431062 0.0963431 1.53477 0.168453 0.354051 0.876453 -0.279466
0.430541 0.0956301 1.53513 0.167477 0.353554 0.876872 -0.279368
0.430019 0.0949186 1.53549 0.166502 0.353055 0.877291 -0.279267
0.429497 0.0942085 1.53585 0.165527 0.352555 0.87771 -0.279162
0.428975 0.0934998 1.5362 0.164554 0.352053 0.878129 -0.279053
0.428451 0.0927926 1.53655 0.163582 0.35155 0.878547 -0.278941
0.427935 0.0920761 1.53691 0.162606 0.351046 0.878966 -0.278827
0.427417 0.0913611 1.53726 0.161631 0.35054 0.879385 -0.27871
0.426899 0.0906475 1.5376 0.160657 0.350033 0.879803 -0.278589
0.42638 0.0899354 1.53795 0.159685 0.349525 0.880222 -0.278465
0.425861 0.0892247 1.5383 0.158713 0.349015 0.88064 -0.278337
0.425341 0.0885156 1.53864 0.157743 0.348504 0.881059 -0.278205
0.424821 0.0878079 1.53899 0.156774 0.347991 0.881477 -0.27807
0.424299 0.0871017 1.53933 0.155806 0.347476 0.881895 -0.277932
0.423784 0.0863867 1.53967 0.154835 0.346961 0.882313 -0.277791
0.423269 0.0856731 1.54001 0.153865 0.346444 0.882731 -0.277647
0.422753 0.084961 1.54034 0.152896 0.345926 0.883149 -0.2775
0.422236 0.0842504 1.54068 0.151929 0.345407 0.883566 -0.277348
0.421718 0.0835414 1.54102 0.150963 0.344886 0.883984 -0.277194
0.4212 0.0828338 1.54135 0.149998 0.344363 0.884402 -0.277036
0.420682 0.0821277 1.54168 0.149034 0.343839 0.884819 -0.276874
0.420162 0.0814231 1.54201 0.148072 0.343313 0.885236 -0.276709
0.419649 0.0807102 1.54234 0.147107 0.342787 0.885653 -0.276542
0.419135 0.0799987 1.54267 0.146143 0.342259 0.88607 -0.276371
0.41862 0.0792888 1.54299 0.14518 0.341729 0.886487 -0.276197
0.418105 0.0785803 1.54332 0.144219 0.341199 0.886904 -0.276019
0.417589 0.0778734 1.54364 0.143259 0.340666 0.88732 -0.275838
0.417073 0.0771681 1.54397 0.142301 0.340132 0.887736 -0.275653
0.416556 0.0764642 1.54429 0.141344 0.339597 0.888153 -0.275465
0.416038 0.0757619 1.54461 0.140388 0.33906 0.888569 -0.275273
0.415526 0.0750516 1.54492 0.13943 0.338522 0.888984 -0.275079
0.415013 0.0743429 1.54524 0.138474 0.337983 0.8894 -0.274881
0.4145 0.0736357 1.54555 0.137518 0.337443 0.889816 -0.27468
0.413986 0.0729301 1.54587 0.136565 0.336901 0.890231 -0.274476
0.413471 0.072226 1.54618 0.135613 0.336357 0.890646 -0.274268
0.412956 0.0715234 1.54649 0.134662 0.335812 0.891061 -0.274056
0.412441 0.0708224 1.5468 0.133713 0.335265 0.891476 -0.273841
0.411924 0.070123 1.54711 0.132766 0.334717 0.89189 -0.273623
0.411413 0.069416 1.54742 0.131816 0.334168 0.892305 -0.273402
0.410901 0.0687106 1.54772 0.130868 0.333618 0.892719 -0.273178
0.410389 0.0680068 1.54803 0.129922 0.333066 0.893132 -0.27295
0.409876 0.0673046 1.54833 0.128977 0.332513 0.893546 -0.272719
0.409363 0.0666039 1.54863 0.128034 0.331958 0.89396 -0.272484
0.408849 0.0659048 1.54893 0.127093 0.331401 0.894373 -0.272246
0.408334 0.0652073 1.54923 0.126153 0.330844 0.894786 -0.272004
0.407819 0.0645113 1.54953 0.125215 0.330284 0.895199 -0.271759
0.407309 0.0638083 1.54982 0.124275 0.329724 0.895611 -0.271512
0.406798 0.0631068 1.55011 0.123336 0.329162 0.896023 -0.271261
0.406287 0.062407 1.55041 0.1224 0.328599 0.896435 -0.271007
0.405775 0.0617088 1.5507 0.121465 0.328035 0.896847 -0.270749
0.405262 0.0610121 1.55099 0.120532 0.327469 0.897259 -0.270487
0.404749 0.060317 1.55128 0.119601 0.326901 0.89767 -0.270223
0.404236 0.0596236 1.55156 0.118672 0.326332 0.898081 -0.269955
0.403721 0.0589317 1.55185 0.117744 0.325761 0.898491 -0.269683
0.403212 0.0582332 1.55214 0.116815 0.32519 0.898902 -0.269409
0.402701 0.0575363 1.55242 0.115888 0.324617 0.899312 -0.269132
0.402191 0.0568411 1.5527 0.114963 0.324042 0.899722 -0.268851
0.401679 0.0561474 1.55298 0.114039 0.323467 0.900131 -0.268566
0.401167 0.0554554 1.55326 0.113118 0.322889 0.900541 -0.268279
0.400655 0.054765 1.55354 0.112198 0.32231 0.90095 -0.267988
0.400142 0.0540762 1.55381 0.11128 0.32173 0.901358 -0.267693
0.399629 0.053389 1.55409 0.110365 0.321148 0.901767 -0.267396
0.399119 0.0526957 1.55436 0.109448 0.320565 0.902175 -0.267095
0.39861 0.052004 1.55463 0.108533 0.319981 0.902582 -0.266791
0.398099 0.0513139 1.5549 0.10762 0.319396 0.90299 -0.266484
0.397589 0.0506254 1.55517 0.106709 0.318808 0.903397 -0.266173
0.397077 0.0499386 1.55544 0.1058 0.31822 0.903804 -0.26586
0.396565 0.0492535 1.55571 0.104893 0.31763 0.90421 -0.265542
0.396053 0.0485699 1.55597 0.103988 0.317038 0.904616 -0.265222
0.39554 0.047888 1.55624 0.103085 0.316445 0.905022 -0.264898
0.395031 0.0472004 1.5565 0.102182 0.315851 0.905428 -0.264571
0.394522 0.0465144 1.55676 0.10128 0.315256 0.905833 -0.264242
0.394011 0.0458301 1.55702 0.100381 0.314659 0.906237 -0.263908
0.393501 0.0451475 1.55728 0.0994836 0.31406 0.906642 -0.263572
0.39299 0.0444665 1.55754 0.0985885 0.31346 0.907046 -0.263232
0.392478 0.0437871 1.55779 0.0976956 0.312859 0.907449 -0.262889
0.391966 0.0431095 1.55805 0.0968048 0.312256 0.907853 -0.262543
0.391454 0.0424335 1.5583 0.0959162 0.311652 0.908256 -0.262193
0.390945 0.0417521 1.55855 0.0950271 0.311046 0.908658 -0.261841
0.390436 0.0410725 1.5588 0.0941402 0.31044 0.90906 -0.261485
0.389926 0.0403945 1.55905 0.0932555 0.309832 0.909462 -0.261126
0.389415 0.0397183 1.5593 0.0923731 0.309222 0.909863 -0.260764
0.388905 0.0390437 1.55954 0.091493 0.308611 0.910264 -0.260399
0.388393 0.0383708 1.55979 0.0906152 0.307998 0.910665 -0.26003
0.387881 0.0376995 1.56003 0.0897396 0.307384 0.911065 -0.259658
0.387369 0.03703 1.56027 0.0888664 0.306768 0.911465 -0.259283
0.38686 0.0363556 1.56051 0.0879929 0.306152 0.911864 -0.258905
0.386351 0.0356828 1.56075 0.0871218 0.305534 0.912263 -0.258524
0.385841 0.0350118 1.56099 0.086253 0.304915 0.912662 -0.25814
0.385331 0.0343425 1.56122 0.0853867 0.304294 0.91306 -0.257753
0.38482 0.0336748 1.56146 0.0845227 0.303671 0.913457 -0.257362
0.384309 0.0330089 1.56169 0.0836611 0.303047 0.913855 -0.256968
0.383797 0.0323447 1.56193 0.0828019 0.302422 0.914251 -0.256572
0.383285 0.0316822 1.56216 0.0819451 0.301795 0.914648 -0.256172
0.382776 0.0310152 1.56239 0.0810885 0.301167 0.915044 -0.255769
0.382266 0.03035 1.56261 0.0802343 0.300538 0.915439 -0.255363
0.381757 0.0296865 1.56284 0.0793826 0.299908 0.915834 -0.254954
0.381246 0.0290247 1.56307 0.0785333 0.299275 0.916229 -0.254541
0.380735 0.0283646 1.56329 0.0776866 0.298642 0.916623 -0.254126
0.380224 0.0277063 1.56351 0.0768424 0.298007 0.917017 -0.253708
0.379713 0.0270496 1.56374 0.0760007 0.29737 0.91741 -0.253286
0.3792 0.0263947 1.56396 0.0751615 0.296732 0.917803 -0.252862
0.378691 0.0257358 1.56417 0.0743228 0.296093 0.918195 -0.252434
0.378182 0.0250786 1.56439 0.0734866 0.295453 0.918587 -0.252004
0.377671 0.0244232 1.56461 0.072653 0.294811 0.918978 -0.251571
0.377161 0.0237694 1.56482 0.0718221 0.294167 0.919369 -0.251134
0.37665 0.0231175 1.56504 0.0709937 0.293522 0.919759 -0.250695
0.376139 0.0224673 1.56525 0.070168 0.292876 0.920149 -0.250252
0.375627 0.0218188 1.56546 0.0693448 0.292228 0.920538 -0.249806
0.375115 0.0211721 1.56567 0.0685244 0.291579 0.920927 -0.249358
0.374605 0.0205218 1.56588 0.0677046 0.290929 0.921315 -0.248907
0.374095 0.0198732 1.56608 0.0668876 0.290277 0.921703 -0.248452
0.373585 0.0192263 1.56629 0.0660732 0.289624 0.92209 -0.247995
0.373074 0.0185813 1.56649 0.0652616 0.288969 0.922477 -0.247535
0.372563 0.017938 1.56669 0.0644526 0.288313 0.922864 -0.247071
0.372052 0.0172965 1.5669 0.0636464 0.287656 0.923249 -0.246605
0.37154 0.0166567 1.5671 0.0628429 0.286997 0.923634 -0.246136
0.371028 0.0160188 1.56729 0.0620422 0.286336 0.924019 -0.245664
0.370575 0.0154487 1.56747 0.0613313 0.285748 0.924361 -0.245242
0.370121 0.0148801 1.56764 0.0606225 0.285159 0.924702 -0.244818
0.369667 0.0143129 1.56782 0.0599159 0.284569 0.925042 -0.244392
0.369213 0.013747 1.56799 0.0592116 0.283978 0.925382 -0.243963
0.368759 0.0131826 1.56816 0.0585095 0.283385 0.925722 -0.243532
0.368304 0.0126196 1.56833 0.0578096 0.282792 0.926061 -0.243099
0.36785 0.0120581 1.5685 0.0571119 0.282197 0.9264 -0.242664
0.367394 0.0114979 1.56867 0.0564165 0.281601 0.926739 -0.242226
0.366939 0.0109392 1.56883 0.0557234 0.281004 0.927077 -0.241786
0.366486 0.0103777 1.569 0.0550311 0.280406 0.927414 -0.241344
0.366032 0.0098177 1.56916 0.0543412 0.279807 0.927751 -0.240899
0.365578 0.00925912 1.56933 0.0536535 0.279207 0.928088 -0.240453
0.365123 0.00870196 1.56949 0.0529681 0.278605 0.928424 -0.240004
0.364669 0.00814623 1.56965 0.052285 0.278003 0.92876 -0.239553
0.364214 0.00759193 1.56981 0.0516043 0.277399 0.929095 -0.2391
0.363759 0.00703906 1.56997 0.0509258 0.276795 0.92943 -0.238645
0.363304 0.00648762 1.57013 0.0502497 0.276189 0.929764 -0.238187
0.362848 0.00593761 1.57029 0.0495759 0.275582 0.930098 -0.237728
0.362394 0.00538526 1.57045 0.0489032 0.274974 0.930431 -0.237266
0.36194 0.00483436 1.5706 0.0482329 0.274365 0.930764 -0.236802
0.361486 0.00428489 1.57076 0.047565 0.273755 0.931097 -0.236336
0.361032 0.00373687 1.57091 0.0468994 0.273144 0.931429 -0.235868
0.360577 0.00319029 1.57106 0.0462362 0.272531 0.93176 -0.235398
0.360122 0.00264516 1.57121 0.0455755 0.271918 0.932091 -0.234925
0.359667 0.00210147 1.57136 0.0449171 0.271303 0.932422 -0.234451
0.359211 0.00155923 1.57151 0.0442611 0.270687 0.932752 -0.233974
0.358756 0.00101843 1.57166 0.0436075 0.27007 0.933081 -0.233496
0.358302 0.000475647 1.57181 0.0429553 0.269453 0.93341 -0.233015
0.357847 -6.56839e-05 1.57195 0.0423054 0.268834 0.933738 -0.232532
0.357393 -0.000605558 1.5721 0.0416581 0.268214 0.934066 -0.232047
0.356938 -0.00114398 1.57224 0.0410132 0.267592 0.934394 -0.231561
0.356483 -0.00168093 1.57239 0.0403707 0.26697 0.934721 -0.231072
0.356028 -0.00221643 1.57253 0.0397307 0.266347 0.935047 -0.230581
0.355573 -0.00275047 1.57267 0.0390932 0.265722 0.935373 -0.230088
0.355117 -0.00328305 1.57281 0.0384581 0.265096 0.935699 -0.229593
0.354661 -0.00381416 1.57295 0.0378256 0.264469 0.936024 -0.229096
0.354207 -0.00434692 1.57309 0.0371945 0.263842 0.936348 -0.228597
0.353752 -0.00487822 1.57322 0.036566 0.263213 0.936672 -0.228096
0.353298 -0.00540804 1.57336 0.03594 0.262583 0.936995 -0.227593
0.352843 -0.00593639 1.57349 0.0353165 0.261952 0.937318 -0.227088
0.352388 -0.00646327 1.57363 0.0346956 0.26132 0.93764 -0.226581
0.351932 -0.00698867 1.57376 0.0340771 0.260686 0.937962 -0.226072
0.351477 -0.0075126 1.57389 0.0334613 0.260052 0.938283 -0.225561
0.351021 -0.00803505 1.57402 0.0328479 0.259416 0.938604 -0.225049
0.350566 -0.00855603 1.57415 0.0322371 0.258779 0.938924 -0.224534
0.350111 -0.00907831 1.57428 0.0316281 0.258142 0.939244 -0.224017
0.349656 -0.00959911 1.57441 0.0310216 0.257503 0.939563 -0.223499
0.349201 -0.0101184 1.57454 0.0304178 0.256863 0.939881 -0.222979
0.348746 -0.0106363 1.57466 0.0298165 0.256222 0.940199 -0.222456
0.348291 -0.0111526 1.57479 0.0292178 0.25558 0.940516 -0.221932
0.347836 -0.0116675 1.57491 0.0286217 0.254937 0.940833 -0.221406
0.34738 -0.0121808 1.57503 0.0280282 0.254293 0.94115 -0.220879
0.346925 -0.0126927 1.57515 0.0274373 0.253647 0.941465 -0.220349
0.346469 -0.0132031 1.57527 0.026849 0.253 0.94178 -0.219817
0.346014 -0.0137145 1.57539 0.0262627 0.252353 0.942095 -0.219284
0.34556 -0.0142243 1.57551 0.025679 0.251704 0.942409 -0.218749
0.345105 -0.0147327 1.57563 0.0250979 0.251054 0.942722 -0.218212
0.34465 -0.0152396 1.57575 0.0245195 0.250404 0.943035 -0.217673
0.344194 -0.0157449 1.57586 0.0239438 0.249752 0.943347 -0.217132
0.343739 -0.0162488 1.57598 0.0233707 0.249098 0.943659 -0.21659
0.343284 -0.0167512 1.57609 0.0228003 0.248444 0.94397 -0.216046
0.342828 -0.017252 1.5762 0.0222326 0.247789 0.944281 -0.2155
0.342372 -0.0177514 1.57631 0.0216675 0.247132 0.944591 -0.214953
0.341918 -0.0182514 1.57643 0.0211046 0.246475 0.9449 -0.214403
0.341463 -0.0187499 1.57654 0.0205443 0.245816 0.945209 -0.213852
0.341008 -0.0192469 1.57664 0.0199868 0.245157 0.945517 -0.213299
0.340553 -0.0197424 1.57675 0.0194319 0.244496 0.945824 -0.212745
0.340098 -0.0202363 1.57686 0.0188798 0.243834 0.946131 -0.212189
0.339643 -0.0207288 1.57696 0.0183304 0.243171 0.946438 -0.211631
0.339187 -0.0212197 1.57707 0.0177837 0.242507 0.946743 -0.211071
0.338732 -0.0217091 1.57717 0.0172398 0.241842 0.947049 -0.21051
0.338277 -0.0221971 1.57727 0.0166986 0.241175 0.947353 -0.209947
0.337822 -0.0226853 1.57738 0.0161597 0.240508 0.947657 -0.209383
0.337367 -0.023172 1.57748 0.0156235 0.23984 0.94796 -0.208816
0.336912 -0.0236572 1.57758 0.0150901 0.23917 0.948263 -0.208249
0.336458 -0.0241408 1.57768 0.0145595 0.2385 0.948565 -0.207679
0.336003 -0.0246229 1.57777 0.0140316 0.237828 0.948866 -0.207108
0.335548 -0.0251036 1.57787 0.0135065 0.237155 0.949167 -0.206536
0.335093 -0.0255826 1.57797 0.0129842 0.236481 0.949467 -0.205961
0.334638 -0.0260602 1.57806 0.0124646 0.235806 0.949767 -0.205386
0.334182 -0.0265362 1.57816 0.0119479 0.23513 0.950066 -0.204808
0.333728 -0.0270123 1.57825 0.0114336 0.234452 0.950364 -0.204229
0.333274 -0.0274868 1.57834 0.0109221 0.233774 0.950662 -0.203649
0.332819 -0.0279597 1.57843 0.0104134 0.233095 0.950959 -0.203067
0.332364 -0.0284312 1.57852 0.00990751 0.232414 0.951255 -0.202484
0.33191 -0.0289011 1.57861 0.00940446 0.231733 0.951551 -0.201899
0.331455 -0.0293694 1.5787 0.00890423 0.23105 0.951846 -0.201312
0.331001 -0.0298363 1.57879 0.00840683 0.230366 0.95214 -0.200724
0.330546 -0.0303015 1.57887 0.00791227 0.229681 0.952434 -0.200135
0.330091 -0.0307653 1.57896 0.00742055 0.228995 0.952727 -0.199544
0.329637 -0.0312287 1.57904 0.0069314 0.228308 0.953019 -0.198952
0.329183 -0.0316906 1.57913 0.00644511 0.22762 0.953311 -0.198358
0.328729 -0.032151 1.57921 0.00596167 0.226931 0.953602 -0.197763
0.328275 -0.0326098 1.57929 0.0054811 0.226241 0.953892 -0.197166
0.327821 -0.033067 1.57937 0.0050034 0.225549 0.954182 -0.196568
0.327366 -0.0335227 1.57945 0.00452857 0.224857 0.954471 -0.195969
0.326912 -0.0339769 1.57953 0.00405662 0.224163 0.95476 -0.195368
0.326458 -0.0344296 1.57961 0.00358754 0.223468 0.955047 -0.194766
0.326004 -0.0348806 1.57968 0.00312136 0.222772 0.955334 -0.194162
0.32555 -0.0353311 1.57976 0.00265787 0.222076 0.955621 -0.193557
0.325097 -0.03578 1.57983 0.00219728 0.221378 0.955906 -0.192951
0.324643 -0.0362273 1.57991 0.0017396 0.220679 0.956191 -0.192343
0.32419 -0.0366731 1.57998 0.00128482 0.219979 0.956476 -0.191734
0.323736 -0.0371173 1.58005 0.000832946 0.219277 0.956759 -0.191124
0.323283 -0.03756 1.58012 0.000383991 0.218575 0.957042 -0.190513
0.322829 -0.0380012 1.58019 -6.20449e-05 0.217871 0.957324 -0.1899
0.322376 -0.0384408 1.58026 -0.000505158 0.217167 0.957606 -0.189286
0.321923 -0.0388788 1.58033 -0.000945344 0.216461 0.957887 -0.188671
0.321413 -0.0393704 1.58041 -0.00143718 0.215666 0.958202 -0.187977
0.320903 -0.03986 1.58048 -0.0019253 0.21487 0.958516 -0.187282
0.320394 -0.0403477 1.58055 -0.0024097 0.214072 0.958829 -0.186585
0.319885 -0.0408334 1.58063 -0.00289036 0.213273 0.959142 -0.185886
0.319375 -0.0413171 1.5807 -0.0033673 0.212472 0.959453 -0.185187
0.318866 -0.0417988 1.58077 -0.00384049 0.21167 0.959764 -0.184485
0.318357 -0.0422786 1.58084 -0.00430994 0.210867 0.960073 -0.183782
0.317848 -0.0427564 1.5809 -0.00477563 0.210062 0.960382 -0.183078
0.317396 -0.0431798 1.58096 -0.00518649 0.209345 0.960656 -0.182451
0.316944 -0.0436015 1.58102 -0.00559437 0.208628 0.960929 -0.181822
0.316492 -0.0440218 1.58108 -0.00599928 0.207909 0.961201 -0.181193
0.31604 -0.0444404 1.58113 -0.0064012 0.207189 0.961472 -0.180562
0.315588 -0.0448575 1.58119 -0.00680015 0.206468 0.961743 -0.17993
0.315137 -0.0452731 1.58124 -0.00719611 0.205746 0.962013 -0.179298
0.314685 -0.045687 1.5813 -0.00758908 0.205023 0.962282 -0.178664
0.314234 -0.0460994 1.58135 -0.00797905 0.204299 0.962551 -0.178029
0.313783 -0.0465103 1.5814 -0.00836603 0.203574 0.962818 -0.177393
0.313331 -0.0469195 1.58145 -0.00875001 0.202848 0.963085 -0.176756
0.31288 -0.0473272 1.5815 -0.00913099 0.20212 0.963352 -0.176118
0.31243 -0.0477334 1.58155 -0.00950896 0.201392 0.963617 -0.175479
0.311979 -0.0481379 1.5816 -0.00988393 0.200662 0.963882 -0.174839
0.311528 -0.0485409 1.58165 -0.0102559 0.199932 0.964146 -0.174197
0.311078 -0.0489424 1.58169 -0.0106248 0.1992 0.964409 -0.173555
0.310628 -0.0493422 1.58174 -0.0109907 0.198467 0.964672 -0.172912
0.310177 -0.0497405 1.58179 -0.0113536 0.197733 0.964933 -0.172268
0.309727 -0.0501373 1.58183 -0.0117135 0.196998 0.965194 -0.171623
0.309222 -0.0505817 1.58188 -0.0121147 0.19617 0.965487 -0.170897
0.308716 -0.0510241 1.58192 -0.0125121 0.195341 0.965778 -0.170169
0.30821 -0.0514646 1.58197 -0.0129057 0.19451 0.966069 -0.16944
0.307705 -0.0519031 1.58202 -0.0132954 0.193677 0.966359 -0.16871
0.3072 -0.0523395 1.58206 -0.0136813 0.192844 0.966647 -0.167979
0.306695 -0.052774 1.5821 -0.0140633 0.192009 0.966935 -0.167246
0.30619 -0.0532065 1.58214 -0.0144415 0.191173 0.967222 -0.166513
0.305686 -0.053637 1.58218 -0.0148158 0.190335 0.967507 -0.165778
0.305238 -0.054018 1.58222 -0.0151453 0.189589 0.967761 -0.165125
0.30479 -0.0543974 1.58225 -0.0154717 0.188842 0.968013 -0.16447
0.304342 -0.0547753 1.58229 -0.0157951 0.188094 0.968264 -0.163815
0.303895 -0.0551516 1.58232 -0.0161154 0.187346 0.968515 -0.163159
0.303448 -0.0555263 1.58235 -0.0164326 0.186595 0.968765 -0.162502
0.303001 -0.0558994 1.58238 -0.0167468 0.185844 0.969014 -0.161844
0.302554 -0.0562709 1.58241 -0.017058 0.185092 0.969262 -0.161185
0.302108 -0.0566409 1.58244 -0.017366 0.184339 0.96951 -0.160526
0.301661 -0.0570093 1.58247 -0.017671 0.183585 0.969756 -0.159866
0.301159 -0.0574218 1.5825 -0.0180104 0.182735 0.970033 -0.159123
0.300658 -0.0578324 1.58253 -0.018346 0.181884 0.970308 -0.158379
0.300157 -0.058241 1.58256 -0.0186776 0.181031 0.970583 -0.157634
0.299656 -0.0586475 1.58259 -0.0190054 0.180177 0.970856 -0.156888
0.299155 -0.0590521 1.58261 -0.0193293 0.179322 0.971128 -0.156141
0.298655 -0.0594547 1.58264 -0.0196492 0.178465 0.971399 -0.155393
0.298155 -0.0598552 1.58266 -0.0199653 0.177607 0.97167 -0.154645
0.297656 -0.0602538 1.58269 -0.0202774 0.176748 0.971939 -0.153896
0.297212 -0.0606064 1.58271 -0.0205516 0.175983 0.972177 -0.153229
0.296769 -0.0609575 1.58273 -0.0208227 0.175217 0.972415 -0.152562
0.296326 -0.0613069 1.58274 -0.0210907 0.17445 0.972651 -0.151894
0.295883 -0.0616548 1.58276 -0.0213556 0.173682 0.972887 -0.151225
0.29544 -0.0620011 1.58278 -0.0216174 0.172913 0.973122 -0.150556
0.294998 -0.0623458 1.58279 -0.0218761 0.172143 0.973356 -0.149887
0.294556 -0.0626889 1.58281 -0.0221317 0.171372 0.973589 -0.149217
0.294115 -0.0630305 1.58282 -0.0223843 0.170599 0.973822 -0.148546
0.293673 -0.0633705 1.58284 -0.0226337 0.169826 0.974053 -0.147875
0.293177 -0.063751 1.58285 -0.0229106 0.168955 0.974313 -0.147119
0.292682 -0.0641296 1.58286 -0.0231835 0.168082 0.974571 -0.146363
0.292186 -0.0645062 1.58288 -0.0234525 0.167208 0.974828 -0.145606
0.291691 -0.0648808 1.58289 -0.0237176 0.166333 0.975084 -0.144849
0.291197 -0.0652534 1.5829 -0.0239788 0.165456 0.975339 -0.144091
0.290703 -0.065624 1.58291 -0.024236 0.164579 0.975593 -0.143332
0.290209 -0.0659926 1.58291 -0.0244893 0.163699 0.975846 -0.142573
0.289716 -0.0663591 1.58292 -0.0247387 0.162819 0.976098 -0.141813
0.289278 -0.0666833 1.58293 -0.024957 0.162035 0.976321 -0.141138
0.288841 -0.0670059 1.58293 -0.0251722 0.16125 0.976543 -0.140461
0.288404 -0.0673269 1.58294 -0.0253843 0.160464 0.976764 -0.139785
0.287967 -0.0676464 1.58294 -0.0255933 0.159677 0.976984 -0.139108
0.28753 -0.0679642 1.58294 -0.0257992 0.15889 0.977203 -0.138431
0.287094 -0.0682805 1.58294 -0.026002 0.158101 0.977421 -0.137753
0.286658 -0.0685952 1.58294 -0.0262016 0.157311 0.977639 -0.137076
0.286223 -0.0689083 1.58294 -0.0263982 0.15652 0.977855 -0.136397
0.285788 -0.0692199 1.58294 -0.0265916 0.155728 0.978071 -0.135719
0.285299 -0.0695685 1.58294 -0.0268054 0.154835 0.978312 -0.134955
0.284811 -0.0699151 1.58294 -0.0270153 0.153942 0.978552 -0.134191
0.284323 -0.0702597 1.58293 -0.0272213 0.153047 0.978792 -0.133427
0.283835 -0.0706023 1.58293 -0.0274233 0.152151 0.97903 -0.132662
0.283348 -0.0709429 1.58292 -0.0276214 0.151253 0.979266 -0.131897
0.282862 -0.0712815 1.58292 -0.0278155 0.150354 0.979502 -0.131132
0.282376 -0.0716181 1.58291 -0.0280057 0.149454 0.979737 -0.130366
0.281891 -0.0719527 1.5829 -0.0281919 0.148553 0.97997 -0.129601
0.28146 -0.0722485 1.58289 -0.0283541 0.147751 0.980176 -0.12892
0.28103 -0.0725427 1.58288 -0.0285132 0.146947 0.980382 -0.128239
0.2806 -0.0728353 1.58287 -0.0286691 0.146143 0.980586 -0.127558
0.28017 -0.0731263 1.58286 -0.028822 0.145338 0.98079 -0.126876
0.279741 -0.0734158 1.58285 -0.0289717 0.144531 0.980992 -0.126195
0.279312 -0.0737037 1.58284 -0.0291183 0.143724 0.981194 -0.125513
0.278884 -0.07399 1.58283 -0.0292617 0.142915 0.981395 -0.124831
0.278456 -0.0742747 1.58281 -0.0294021 0.142106 0.981595 -0.124149
0.278029 -0.0745579 1.5828 -0.0295393 0.141296 0.981794 -0.123467
0.277548 -0.0748745 1.58278 -0.02969 0.140383 0.982016 -0.1227
0.277069 -0.0751892 1.58276 -0.0298367 0.139469 0.982238 -0.121933
0.27659 -0.0755019 1.58275 -0.0299794 0.138553 0.982458 -0.121165
0.276111 -0.0758126 1.58273 -0.0301182 0.137636 0.982677 -0.120398
0.275633 -0.0761213 1.5827 -0.0302531 0.136718 0.982894 -0.11963
0.275156 -0.0764281 1.58268 -0.030384 0.135799 0.983111 -0.118863
0.274679 -0.0767328 1.58266 -0.0305109 0.134879 0.983326 -0.118095
0.274203 -0.0770356 1.58264 -0.0306339 0.133957 0.98354 -0.117328
0.273781 -0.077303 1.58262 -0.03074 0.133136 0.983729 -0.116646
0.273359 -0.0775689 1.58259 -0.0308429 0.132315 0.983918 -0.115963
0.272937 -0.0778332 1.58257 -0.0309427 0.131492 0.984105 -0.115281
0.272516 -0.0780959 1.58255 -0.0310394 0.130669 0.984291 -0.114599
0.272096 -0.0783571 1.58252 -0.0311329 0.129845 0.984477 -0.113917
0.271676 -0.0786167 1.5825 -0.0312234 0.129019 0.984661 -0.113235
0.271256 -0.0788747 1.58247 -0.0313107 0.128193 0.984844 -0.112554
0.270837 -0.0791312 1.58245 -0.031395 0.127365 0.985026 -0.111872
0.270419 -0.0793861 1.58242 -0.0314761 0.126537 0.985208 -0.11119
0.269948 -0.079671 1.58239 -0.0315636 0.125604 0.985411 -0.110424
0.269479 -0.0799539 1.58236 -0.0316472 0.12467 0.985612 -0.109657
0.26901 -0.0802348 1.58233 -0.0317269 0.123734 0.985812 -0.108891
0.268542 -0.0805138 1.58229 -0.0318027 0.122797 0.986011 -0.108125
0.268075 -0.0807908 1.58226 -0.0318745 0.121859 0.986209 -0.10736
0.267608 -0.0810658 1.58222 -0.0319424 0.12092 0.986406 -0.106594
0.267142 -0.0813388 1.58219 -0.0320063 0.119979 0.986601 -0.105829
0.266677 -0.0816099 1.58215 -0.0320663 0.119037 0.986795 -0.105064
0.266264 -0.0818492 1.58212 -0.0321164 0.118199 0.986966 -0.104384
0.265851 -0.0820869 1.58208 -0.0321634 0.11736 0.987136 -0.103705
0.26544 -0.0823231 1.58205 -0.0322073 0.11652 0.987305 -0.103026
0.265028 -0.0825577 1.58201 -0.0322481 0.115679 0.987473 -0.102347
0.264618 -0.0827908 1.58198 -0.0322858 0.114837 0.98764 -0.101668
0.264208 -0.0830223 1.58194 -0.0323204 0.113994 0.987807 -0.10099
0.263798 -0.0832522 1.5819 -0.0323519 0.11315 0.987972 -0.100312
0.263389 -0.0834806 1.58186 -0.0323803 0.112305 0.988136 -0.0996346
0.262981 -0.0837075 1.58183 -0.0324056 0.111459 0.988299 -0.0989573
0.262522 -0.0839608 1.58178 -0.0324305 0.110506 0.988481 -0.0981957
0.262064 -0.0842122 1.58174 -0.0324514 0.109552 0.988662 -0.0974347
0.261607 -0.0844616 1.58169 -0.0324684 0.108597 0.988841 -0.0966741
0.261151 -0.0847091 1.58164 -0.0324815 0.10764 0.989019 -0.095914
0.260695 -0.0849546 1.5816 -0.0324908 0.106683 0.989196 -0.0951544
0.260241 -0.0851982 1.58155 -0.0324961 0.105724 0.989372 -0.0943953
0.259787 -0.0854398 1.5815 -0.0324976 0.104764 0.989546 -0.0936368
0.259333 -0.0856794 1.58145 -0.0324951 0.103802 0.989718 -0.0928789
0.258931 -0.0858908 1.58141 -0.0324897 0.102947 0.989871 -0.0922056
0.25853 -0.0861006 1.58136 -0.0324812 0.10209 0.990022 -0.0915328
0.258129 -0.0863089 1.58131 -0.0324697 0.101233 0.990173 -0.0908605
0.257729 -0.0865157 1.58127 -0.0324551 0.100375 0.990322 -0.0901887
0.257329 -0.0867209 1.58122 -0.0324374 0.0995154 0.99047 -0.0895173
0.25693 -0.0869245 1.58117 -0.0324167 0.0986552 0.990617 -0.0888465
0.256532 -0.0871267 1.58113 -0.032393 0.097794 0.990763 -0.0881762
0.256134 -0.0873273 1.58108 -0.0323662 0.0969319 0.990908 -0.0875065
0.255737 -0.0875264 1.58103 -0.0323363 0.0960689 0.991052 -0.0868373
0.255292 -0.0877485 1.58097 -0.0322991 0.0950969 0.991213 -0.0860851
0.254847 -0.0879686 1.58091 -0.032258 0.0941237 0.991372 -0.0853337
0.254403 -0.0881869 1.58086 -0.0322131 0.0931493 0.99153 -0.084583
0.253959 -0.0884032 1.5808 -0.0321643 0.0921737 0.991686 -0.083833
0.253517 -0.0886176 1.58074 -0.0321117 0.091197 0.991841 -0.0830838
0.253076 -0.08883 1.58068 -0.0320552 0.090219 0.991995 -0.0823355
0.252635 -0.0890405 1.58062 -0.031995 0.0892399 0.992147 -0.0815879
0.252195 -0.0892491 1.58056 -0.0319309 0.0882597 0.992298 -0.0808411
0.251805 -0.0894329 1.5805 -0.0318707 0.0873874 0.992431 -0.0801781
0.251416 -0.0896151 1.58045 -0.0318075 0.0865141 0.992563 -0.0795157
0.251027 -0.0897958 1.58039 -0.0317413 0.08564 0.992693 -0.078854
0.250639 -0.0899751 1.58034 -0.031672 0.0847649 0.992823 -0.0781929
0.250252 -0.0901528 1.58028 -0.0315998 0.0838889 0.992952 -0.0775326
0.249865 -0.0903289 1.58022 -0.0315246 0.083012 0.993079 -0.0768731
0.249479 -0.0905036 1.58016 -0.0314463 0.0821342 0.993205 -0.0762142
0.249094 -0.0906768 1.5801 -0.0313651 0.0812554 0.99333 -0.0755561
0.24871 -0.0908484 1.58005 -0.0312809 0.0803758 0.993454 -0.0748988
0.248278 -0.0910397 1.57998 -0.0311825 0.0793851 0.993592 -0.0741602
0.247847 -0.0912291 1.57991 -0.0310804 0.0783933 0.993729 -0.0734226
0.247418 -0.0914165 1.57984 -0.0309745 0.0774003 0.993864 -0.072686
0.246989 -0.0916021 1.57977 -0.0308649 0.0764062 0.993998 -0.0719504
0.246561 -0.0917857 1.5797 -0.0307515 0.0754109 0.994131 -0.0712159
0.246134 -0.0919675 1.57963 -0.0306343 0.0744145 0.994262 -0.0704824
0.245708 -0.0921473 1.57956 -0.0305133 0.073417 0.994391 -0.06975
0.245283 -0.0923253 1.57949 -0.0303886 0.0724183 0.994519 -0.0690187
0.244906 -0.0924818 1.57943 -0.0302746 0.0715296 0.994632 -0.0683695
0.24453 -0.0926369 1.57936 -0.0301577 0.0706401 0.994743 -0.0677213
0.244154 -0.0927905 1.5793 -0.0300378 0.0697497 0.994854 -0.0670739
0.24378 -0.0929426 1.57923 -0.029915 0.0688583 0.994963 -0.0664274
0.243406 -0.0930932 1.57917 -0.0297892 0.0679661 0.995071 -0.0657819
0.243033 -0.0932423 1.5791 -0.0296605 0.067073 0.995178 -0.0651373
0.24266 -0.0933899 1.57903 -0.0295288 0.066179 0.995283 -0.0644936
0.242289 -0.093536 1.57896 -0.0293942 0.0652842 0.995388 -0.0638508
0.241918 -0.0936807 1.5789 -0.0292567 0.0643884 0.995491 -0.0632091
0.241502 -0.0938416 1.57882 -0.0290985 0.0633797 0.995606 -0.0624882
0.241087 -0.0940007 1.57874 -0.0289366 0.0623698 0.995719 -0.0617686
0.240672 -0.0941579 1.57866 -0.028771 0.0613588 0.995831 -0.0610503
0.240259 -0.0943132 1.57859 -0.0286017 0.0603467 0.995942 -0.0603333
0.239847 -0.0944666 1.57851 -0.0284287 0.0593336 0.996051 -0.0596175
0.239436 -0.0946182 1.57843 -0.0282521 0.0583193 0.996158 -0.0589031
0.239026 -0.0947679 1.57835 -0.0280718 0.0573039 0.996264 -0.0581899
0.238617 -0.0949157 1.57827 -0.0278879 0.0562874 0.996369 -0.0574782
0.238254 -0.0950456 1.57819 -0.0277213 0.055383 0.99646 -0.0568466
0.237892 -0.0951739 1.57812 -0.0275518 0.0544776 0.99655 -0.0562161
0.237531 -0.0953008 1.57805 -0.0273795 0.0535715 0.99664 -0.0555868
0.23717 -0.0954263 1.57797 -0.0272043 0.0526644 0.996728 -0.0549585
0.236811 -0.0955503 1.5779 -0.0270262 0.0517565 0.996814 -0.0543313
0.236452 -0.0956728 1.57783 -0.0268453 0.0508478 0.9969 -0.0537053
0.236095 -0.0957938 1.57775 -0.0266615 0.0499382 0.996984 -0.0530804
0.235738 -0.0959134 1.57768 -0.0264748 0.0490277 0.997068 -0.0524567
0.235381 -0.0960315 1.5776 -0.0262853 0.0481164 0.997149 -0.0518341
0.234982 -0.0961627 1.57752 -0.0260688 0.0470902 0.99724 -0.0511351
0.234583 -0.096292 1.57743 -0.0258486 0.0460629 0.997329 -0.0504376
0.234186 -0.0964195 1.57734 -0.0256248 0.0450346 0.997417 -0.0497416
0.233789 -0.0965452 1.57726 -0.0253975 0.0440051 0.997503 -0.0490471
0.233394 -0.096669 1.57717 -0.0251666 0.0429747 0.997588 -0.0483542
0.233 -0.096791 1.57708 -0.0249321 0.0419431 0.997671 -0.0476628
0.232607 -0.0969111 1.57699 -0.024694 0.0409105 0.997753 -0.0469731
0.232215 -0.0970294 1.5769 -0.0244525 0.0398769 0.997832 -0.0462849
0.231867 -0.0971331 1.57682 -0.0242347 0.0389572 0.997902 -0.0456745
0.23152 -0.0972353 1.57674 -0.0240142 0.0380366 0.997971 -0.0450654
0.231174 -0.0973361 1.57666 -0.0237909 0.0371153 0.998038 -0.0444575
0.23083 -0.0974354 1.57658 -0.0235648 0.0361931 0.998104 -0.043851
0.230485 -0.0975333 1.5765 -0.023336 0.0352701 0.998169 -0.0432458
0.230142 -0.0976298 1.57642 -0.0231043 0.0343463 0.998233 -0.0426419
0.2298 -0.0977249 1.57634 -0.0228699 0.0334217 0.998295 -0.0420394
0.229459 -0.0978185 1.57626 -0.0226328 0.0324962 0.998356 -0.0414382
0.229118 -0.0979107 1.57618 -0.0223928 0.0315699 0.998416 -0.0408383
0.228736 -0.0980127 1.57608 -0.0221196 0.0305269 0.998482 -0.0401651
0.228355 -0.098113 1.57599 -0.021843 0.0294828 0.998546 -0.0394936
0.227976 -0.0982114 1.5759 -0.0215628 0.0284378 0.998609 -0.0388239
0.227597 -0.098308 1.5758 -0.0212792 0.0273917 0.99867 -0.038156
0.22722 -0.0984029 1.57571 -0.0209922 0.0263445 0.998729 -0.0374898
0.226843 -0.098496 1.57561 -0.0207017 0.0252964 0.998787 -0.0368255
0.226468 -0.0985872 1.57552 -0.0204077 0.0242472 0.998843 -0.0361629
0.226094 -0.0986768 1.57542 -0.0201104 0.023197 0.998898 -0.0355022
0.225763 -0.0987548 1.57534 -0.0198432 0.0222627 0.998945 -0.0349165
0.225432 -0.0988315 1.57525 -0.0195733 0.0213276 0.998991 -0.0343322
0.225103 -0.0989067 1.57517 -0.0193008 0.0203917 0.999036 -0.0337494
0.224774 -0.0989806 1.57508 -0.0190255 0.019455 0.999079 -0.0331681
0.224446 -0.0990531 1.57499 -0.0187476 0.0185174 0.999121 -0.0325882
0.224119 -0.0991242 1.57491 -0.018467 0.0175792 0.999162 -0.0320099
0.223793 -0.0991939 1.57482 -0.0181837 0.0166401 0.999202 -0.0314331
0.223469 -0.0992621 1.57473 -0.0178978 0.0157002 0.99924 -0.0308579
0.223145 -0.0993291 1.57464 -0.0176092 0.0147596 0.999277 -0.0302842
0.222781 -0.0994027 1.57455 -0.0172814 0.0137004 0.999317 -0.0296406
0.222419 -0.0994745 1.57445 -0.0169503 0.0126403 0.999356 -0.028999
0.222058 -0.0995447 1.57435 -0.0166158 0.0115792 0.999393 -0.0283594
0.221698 -0.099613 1.57425 -0.016278 0.0105171 0.999428 -0.0277218
0.22134 -0.0996797 1.57415 -0.0159369 0.00945399 0.999461 -0.0270862
0.220982 -0.0997446 1.57405 -0.0155925 0.00838995 0.999493 -0.0264526
0.220626 -0.0998077 1.57394 -0.0152448 0.00732493 0.999523 -0.0258211
0.220271 -0.0998692 1.57384 -0.0148938 0.00625895 0.999552 -0.0251917
0.219957 -0.0999223 1.57375 -0.0145791 0.0053106 0.999576 -0.0246339
0.219643 -0.0999741 1.57366 -0.0142617 0.00436148 0.999599 -0.0240778
0.219331 -0.100025 1.57357 -0.0139418 0.00341162 0.99962 -0.0235234
0.219019 -0.100074 1.57348 -0.0136194 0.00246099 0.99964 -0.0229706
0.218708 -0.100121 1.57339 -0.0132943 0.00150961 0.999659 -0.0224195
0.218399 -0.100168 1.5733 -0.0129668 0.000557482 0.999677 -0.0218701
0.21809 -0.100213 1.57321 -0.0126366 -0.000395398 0.999693 -0.0213224
0.217782 -0.100256 1.57312 -0.0123039 -0.00134903 0.999708 -0.0207764
0.217476 -0.100299 1.57302 -0.0119687 -0.0023034 0.999721 -0.0202321
0.217132 -0.100345 1.57292 -0.0115886 -0.00337796 0.999735 -0.0196218
0.216789 -0.100389 1.57282 -0.0112053 -0.00445345 0.999747 -0.0190138
0.216448 -0.100432 1.57271 -0.0108188 -0.00552989 0.999757 -0.0184079
0.216108 -0.100473 1.57261 -0.0104291 -0.00660725 0.999765 -0.0178043
0.215769 -0.100512 1.5725 -0.0100362 -0.00768554 0.999772 -0.017203
0.215431 -0.100549 1.5724 -0.00964026 -0.00876476 0.999777 -0.0166039
0.215095 -0.100585 1.57229 -0.00924113 -0.00984491 0.999781 -0.016007
0.21476 -0.100619 1.57219 -0.00883887 -0.010926 0.999782 -0.0154125
0.214463 -0.100648 1.57209 -0.00847869 -0.0118877 0.999783 -0.0148859
0.214167 -0.100676 1.572 -0.00811605 -0.0128501 0.999781 -0.0143612
0.213873 -0.100702 1.5719 -0.00775096 -0.0138133 0.999779 -0.0138383
0.213579 -0.100727 1.57181 -0.00738342 -0.0147772 0.999775 -0.0133172
0.213286 -0.100751 1.57171 -0.00701345 -0.0157418 0.99977 -0.012798
0.212994 -0.100773 1.57162 -0.00664105 -0.0167071 0.999763 -0.0122807
0.212704 -0.100794 1.57152 -0.00626623 -0.0176731 0.999755 -0.0117652
0.212414 -0.100814 1.57143 -0.00588899 -0.0186398 0.999746 -0.0112516
0.212125 -0.100833 1.57133 -0.00550935 -0.0196072 0.999735 -0.0107399
0.211802 -0.100852 1.57123 -0.00507938 -0.0206965 0.999721 -0.0101666
0.211479 -0.10087 1.57112 -0.00464639 -0.0217866 0.999706 -0.00959559
0.211158 -0.100886 1.57101 -0.00421038 -0.0228775 0.999689 -0.00902705
0.210839 -0.1009 1.5709 -0.00377137 -0.0239694 0.99967 -0.00846096
0.21052 -0.100913 1.57079 -0.00332936 -0.0250622 0.999649 -0.00789732
0.210203 -0.100924 1.57069 -0.00288437 -0.0261558 0.999627 -0.00733615
0.209887 -0.100933 1.57058 -0.00243641 -0.0272503 0.999603 -0.00677747
0.209573 -0.100941 1.57047 -0.00198549 -0.0283457 0.999577 -0.00622128
0.209294 -0.100946 1.57037 -0.00158219 -0.0293201 0.999552 -0.00572899
0.209017 -0.100951 1.57028 -0.00117657 -0.0302952 0.999527 -0.00523869
0.208741 -0.100954 1.57018 -0.00076864 -0.0312709 0.999499 -0.0047504
0.208465 -0.100956 1.57008 -0.000358398 -0.0322474 0.999471 -0.00426411
0.208191 -0.100956 1.56998 5.41422e-05 -0.0332245 0.999441 -0.00377984
0.207918 -0.100955 1.56989 0.000468974 -0.0342023 0.999409 -0.0032976
0.207646 -0.100953 1.56979 0.00088609 -0.0351807 0.999377 -0.00281739
0.207375 -0.10095 1.56969 0.00130548 -0.0361599 0.999342 -0.00233923
0.207104 -0.100945 1.5696 0.00172714 -0.0371397 0.999307 -0.00186312
0.206759 -0.100938 1.56947 0.00227259 -0.0384004 0.999259 -0.00125401
0.206415 -0.100928 1.56934 0.00282176 -0.0396622 0.999209 -0.00064832
0.206072 -0.100916 1.56922 0.00337463 -0.0409252 0.999157 -4.60795e-05
0.205732 -0.100902 1.56909 0.00393118 -0.0421892 0.999102 0.000552697
0.205393 -0.100886 1.56897 0.0044914 -0.0434542 0.999045 0.00114799
0.205056 -0.100868 1.56884 0.00505527 -0.0447204 0.998985 0.00173979
0.204721 -0.100848 1.56871 0.00562277 -0.0459876 0.998923 0.00232807
