-0.0619871 -0.134153 1.61321 -0.018313 -0.045363 0.922787 0.382192
-0.0621389 -0.133424 1.61379 -0.017865 -0.0442986 0.92307 0.381654
-0.0622892 -0.132694 1.61438 -0.0174169 -0.0432343 0.923352 0.381116
-0.0624378 -0.131962 1.61496 -0.0169687 -0.0421702 0.923631 0.380578
-0.0625848 -0.131228 1.61554 -0.0165203 -0.0411061 0.923909 0.380039
-0.0627302 -0.130493 1.61612 -0.0160719 -0.0400421 0.924185 0.3795
-0.0628739 -0.129756 1.6167 -0.0156234 -0.0389783 0.92446 0.37896
-0.063016 -0.129017 1.61728 -0.0151748 -0.0379146 0.924733 0.37842
-0.0631565 -0.128277 1.61786 -0.0147261 -0.0368509 0.925004 0.37788
-0.0632953 -0.127535 1.61843 -0.0142773 -0.0357875 0.925273 0.377339
-0.0634324 -0.126791 1.61901 -0.0138284 -0.0347241 0.925541 0.376798
-0.0635679 -0.126046 1.61958 -0.0133794 -0.0336608 0.925807 0.376257
-0.0637017 -0.125299 1.62015 -0.0129303 -0.0325977 0.926072 0.375715
-0.0638338 -0.124551 1.62072 -0.0124811 -0.0315348 0.926334 0.375173
-0.0639643 -0.123801 1.62129 -0.0120318 -0.0304719 0.926595 0.37463
-0.0640931 -0.123049 1.62186 -0.0115824 -0.0294092 0.926855 0.374087
-0.0642201 -0.122296 1.62243 -0.011133 -0.0283467 0.927112 0.373544
-0.0643455 -0.121541 1.623 -0.0106834 -0.0272843 0.927368 0.373001
-0.0644692 -0.120785 1.62356 -0.0102338 -0.026222 0.927623 0.372457
-0.0645912 -0.120027 1.62413 -0.00978405 -0.0251599 0.927875 0.371912
-0.0647114 -0.119267 1.62469 -0.00933424 -0.024098 0.928126 0.371368
-0.06483 -0.118506 1.62525 -0.00888435 -0.0230362 0.928375 0.370823
-0.0649468 -0.117743 1.62581 -0.00843438 -0.0219746 0.928623 0.370277
-0.0650619 -0.116979 1.62637 -0.00798432 -0.0209132 0.928869 0.369731
-0.0651752 -0.116213 1.62693 -0.00753419 -0.0198519 0.929113 0.369185
-0.0652868 -0.115445 1.62748 -0.00708397 -0.0187908 0.929356 0.368639
-0.0653967 -0.114676 1.62804 -0.00663368 -0.0177299 0.929597 0.368092
-0.0655047 -0.113906 1.62859 -0.00618332 -0.0166691 0.929836 0.367544
-0.0656111 -0.113133 1.62915 -0.00573288 -0.0156086 0.930074 0.366997
-0.0657157 -0.11236 1.6297 -0.00528237 -0.0145482 0.93031 0.366449
-0.0658185 -0.111585 1.63025 -0.00483178 -0.013488 0.930544 0.3659
-0.0659195 -0.110808 1.6308 -0.00438112 -0.012428 0.930776 0.365352
-0.0660187 -0.11003 1.63135 -0.0039304 -0.0113682 0.931007 0.364802
-0.0661162 -0.10925 1.6319 -0.0034796 -0.0103087 0.931237 0.364253
-0.0662119 -0.108469 1.63244 -0.00302874 -0.00924928 0.931464 0.363703
-0.0663057 -0.107686 1.63299 -0.00257782 -0.0081901 0.93169 0.363153
-0.0663978 -0.106902 1.63353 -0.00212682 -0.00713114 0.931914 0.362602
-0.0664881 -0.106116 1.63407 -0.00167577 -0.00607238 0.932137 0.362051
-0.0665765 -0.105329 1.63461 -0.00122465 -0.00501385 0.932358 0.3615
-0.0666631 -0.10454 1.63515 -0.000773473 -0.00395553 0.932577 0.360948
-0.0667479 -0.10375 1.63569 -0.000322236 -0.00289744 0.932795 0.360396
-0.0668309 -0.102958 1.63623 0.00012906 -0.00183958 0.933011 0.359844
-0.066912 -0.102165 1.63676 0.000580413 -0.000781939 0.933225 0.359291
-0.0669913 -0.10137 1.6373 0.00103182 0.000275464 0.933438 0.358738
-0.0670688 -0.100574 1.63783 0.00148328 0.00133263 0.933649 0.358185
-0.0671444 -0.0997765 1.63836 0.0019348 0.00238956 0.933858 0.357631
-0.0672181 -0.0989775 1.6389 0.00238637 0.00344624 0.934066 0.357076
-0.06729 -0.0981771 1.63942 0.00283799 0.00450268 0.934272 0.356522
-0.06736 -0.0973752 1.63995 0.00328966 0.00555887 0.934476 0.355967
-0.0674282 -0.096572 1.64048 0.00374138 0.00661481 0.934679 0.355412
-0.0674945 -0.0957673 1.64101 0.00419314 0.00767049 0.93488 0.354856
-0.0675588 -0.0949612 1.64153 0.00464495 0.00872592 0.93508 0.3543
-0.0676213 -0.0941536 1.64205 0.0050968 0.00978108 0.935277 0.353744
-0.0676819 -0.0933447 1.64257 0.0055487 0.010836 0.935474 0.353187
-0.0677407 -0.0925344 1.6431 0.00600064 0.0118906 0.935668 0.35263
-0.0677975 -0.0917226 1.64361 0.00645262 0.012945 0.935861 0.352072
-0.0678524 -0.0909095 1.64413 0.00690464 0.0139991 0.936052 0.351514
-0.0679053 -0.090095 1.64465 0.0073567 0.0150529 0.936242 0.350956
-0.0679564 -0.0892792 1.64516 0.0078088 0.0161064 0.93643 0.350398
-0.0680056 -0.0884619 1.64568 0.00826093 0.0171596 0.936616 0.349839
-0.0680528 -0.0876433 1.64619 0.00871309 0.0182126 0.936801 0.349279
-0.0680981 -0.0868234 1.6467 0.00916529 0.0192652 0.936984 0.34872
-0.0681414 -0.086002 1.64721 0.00961752 0.0203176 0.937166 0.34816
-0.0681828 -0.0851794 1.64772 0.0100698 0.0213697 0.937345 0.347599
-0.0682223 -0.0843554 1.64823 0.0105221 0.0224215 0.937524 0.347039
-0.0682598 -0.08353 1.64873 0.0109744 0.0234729 0.9377 0.346478
-0.0682953 -0.0827034 1.64924 0.0114267 0.0245241 0.937875 0.345916
-0.0683289 -0.0818754 1.64974 0.0118791 0.025575 0.938049 0.345354
-0.0683605 -0.0810461 1.65024 0.0123315 0.0266255 0.93822 0.344792
-0.0683902 -0.0802155 1.65074 0.0127839 0.0276757 0.93839 0.34423
-0.0684178 -0.0793835 1.65124 0.0132364 0.0287257 0.938559 0.343667
-0.0684435 -0.0785503 1.65174 0.0136888 0.0297752 0.938726 0.343104
-0.0684672 -0.0777158 1.65224 0.0141413 0.0308245 0.938891 0.34254
-0.0684889 -0.07688 1.65273 0.0145938 0.0318735 0.939054 0.341976
-0.0685086 -0.0760429 1.65323 0.0150463 0.0329221 0.939216 0.341412
-0.0685263 -0.0752046 1.65372 0.0154988 0.0339703 0.939377 0.340847
-0.068542 -0.074365 1.65421 0.0159514 0.0350183 0.939536 0.340282
-0.0685557 -0.0735241 1.6547 0.0164039 0.0360659 0.939693 0.339717
-0.0685674 -0.0726819 1.65519 0.0168565 0.0371131 0.939848 0.339151
-0.0685771 -0.0718386 1.65567 0.0173091 0.03816 0.940002 0.338585
-0.0685847 -0.0709939 1.65616 0.0177617 0.0392066 0.940155 0.338019
-0.0685903 -0.0701481 1.65664 0.0182143 0.0402528 0.940305 0.337452
-0.0685939 -0.069301 1.65713 0.0186669 0.0412986 0.940454 0.336885
-0.0685954 -0.0684527 1.65761 0.0191195 0.0423441 0.940602 0.336318
-0.0685949 -0.0676031 1.65809 0.0195721 0.0433893 0.940748 0.33575
-0.0685923 -0.0667524 1.65857 0.0200247 0.044434 0.940892 0.335181
-0.0685877 -0.0659004 1.65904 0.0204773 0.0454784 0.941035 0.334613
-0.0685811 -0.0650473 1.65952 0.02093 0.0465225 0.941176 0.334044
-0.0685723 -0.0641929 1.65999 0.0213826 0.0475661 0.941315 0.333475
-0.0685615 -0.0633374 1.66047 0.0218352 0.0486094 0.941453 0.332905
-0.0685487 -0.0624807 1.66094 0.0222878 0.0496523 0.94159 0.332335
-0.0685337 -0.0616228 1.66141 0.0227404 0.0506948 0.941724 0.331765
-0.0685167 -0.0607638 1.66188 0.023193 0.0517369 0.941858 0.331194
-0.0684976 -0.0599036 1.66234 0.0236456 0.0527787 0.941989 0.330623
-0.0684764 -0.0590422 1.66281 0.0240982 0.05382 0.942119 0.330052
-0.0684532 -0.0581797 1.66327 0.0245507 0.054861 0.942247 0.32948
-0.0684278 -0.0573161 1.66374 0.0250033 0.0559015 0.942374 0.328908
-0.0684003 -0.0564513 1.6642 0.0254559 0.0569417 0.942499 0.328336
-0.0683707 -0.0555854 1.66466 0.0259084 0.0579814 0.942623 0.327763
-0.0683391 -0.0547184 1.66512 0.0263609 0.0590208 0.942745 0.32719
-0.0683053 -0.0538502 1.66557 0.0268134 0.0600597 0.942866 0.326617
-0.0682693 -0.052981 1.66603 0.0272659 0.0610982 0.942984 0.326043
-0.0682313 -0.0521106 1.66648 0.0277184 0.0621363 0.943102 0.325469
-0.0681911 -0.0512392 1.66694 0.0281708 0.063174 0.943217 0.324894
-0.0681488 -0.0503667 1.66739 0.0286232 0.0642113 0.943332 0.324319
-0.0681044 -0.049493 1.66784 0.0290756 0.0652481 0.943444 0.323744
-0.0680578 -0.0486184 1.66829 0.029528 0.0662846 0.943555 0.323169
-0.0680091 -0.0477426 1.66873 0.0299804 0.0673205 0.943665 0.322593
-0.0679582 -0.0468658 1.66918 0.0304327 0.0683561 0.943773 0.322017
-0.0679052 -0.0459879 1.66962 0.030885 0.0693912 0.943879 0.32144
-0.0678501 -0.045109 1.67007 0.0313373 0.0704259 0.943984 0.320863
-0.0677927 -0.0442291 1.67051 0.0317895 0.0714601 0.944087 0.320286
-0.0677332 -0.0433481 1.67095 0.0322417 0.0724939 0.944188 0.319708
-0.0676716 -0.0424661 1.67138 0.0326939 0.0735272 0.944288 0.31913
-0.0676078 -0.0415831 1.67182 0.033146 0.0745601 0.944387 0.318552
-0.0675418 -0.040699 1.67226 0.0335981 0.0755925 0.944484 0.317973
-0.0674736 -0.039814 1.67269 0.0340502 0.0766245 0.944579 0.317394
-0.0674032 -0.0389279 1.67312 0.0345022 0.077656 0.944673 0.316815
-0.0673307 -0.0380409 1.67355 0.0349542 0.0786871 0.944765 0.316235
-0.0672559 -0.0371529 1.67398 0.0354062 0.0797177 0.944856 0.315655
-0.067179 -0.0362639 1.67441 0.0358581 0.0807478 0.944945 0.315075
-0.0670998 -0.0353739 1.67483 0.0363099 0.0817774 0.945033 0.314494
-0.0670185 -0.034483 1.67526 0.0367618 0.0828066 0.945119 0.313913
-0.066935 -0.0335911 1.67568 0.0372135 0.0838353 0.945204 0.313332
-0.0668492 -0.0326982 1.6761 0.0376653 0.0848635 0.945287 0.31275
-0.0667612 -0.0318045 1.67652 0.0381169 0.0858913 0.945368 0.312168
-0.0666711 -0.0309097 1.67694 0.0385686 0.0869185 0.945448 0.311586
-0.0665787 -0.0300141 1.67736 0.0390201 0.0879453 0.945526 0.311003
-0.066484 -0.0291175 1.67778 0.0394717 0.0889715 0.945603 0.31042
-0.0663872 -0.02822 1.67819 0.0399231 0.0899973 0.945679 0.309836
-0.0662881 -0.0273216 1.6786 0.0403746 0.0910226 0.945752 0.309253
-0.0661868 -0.0264223 1.67901 0.0408259 0.0920474 0.945825 0.308669
-0.0660832 -0.0255222 1.67942 0.0412772 0.0930716 0.945895 0.308084
-0.0659774 -0.0246211 1.67983 0.0417285 0.0940954 0.945965 0.307499
-0.0658693 -0.0237191 1.68024 0.0421797 0.0951187 0.946032 0.306914
-0.065759 -0.0228163 1.68064 0.0426308 0.0961414 0.946098 0.306329
-0.0656465 -0.0219126 1.68104 0.0430818 0.0971636 0.946163 0.305743
-0.0655317 -0.0210081 1.68145 0.0435328 0.0981853 0.946226 0.305157
-0.0654146 -0.0201027 1.68185 0.0439838 0.0992065 0.946288 0.30457
-0.0652952 -0.0191964 1.68224 0.0444346 0.100227 0.946348 0.303984
-0.0651736 -0.0182893 1.68264 0.0448854 0.101247 0.946406 0.303396
-0.0650498 -0.0173814 1.68304 0.0453362 0.102267 0.946463 0.302809
-0.0649236 -0.0164727 1.68343 0.0457868 0.103286 0.946519 0.302221
-0.0647952 -0.0155632 1.68382 0.0462374 0.104305 0.946573 0.301633
-0.0646645 -0.0146528 1.68421 0.0466879 0.105323 0.946625 0.301045
-0.0645315 -0.0137417 1.6846 0.0471384 0.10634 0.946676 0.300456
-0.0643962 -0.0128297 1.68499 0.0475887 0.107357 0.946726 0.299867
-0.0642586 -0.011917 1.68537 0.048039 0.108373 0.946774 0.299277
-0.0641188 -0.0110035 1.68576 0.0484892 0.109389 0.94682 0.298687
-0.0639766 -0.0100892 1.68614 0.0489394 0.110405 0.946865 0.298097
-0.0638321 -0.00917418 1.68652 0.0493894 0.111419 0.946909 0.297507
-0.0636854 -0.00825838 1.6869 0.0498394 0.112434 0.946951 0.296916
-0.0635363 -0.00734184 1.68728 0.0502893 0.113447 0.946991 0.296325
-0.0633849 -0.00642456 1.68766 0.0507391 0.11446 0.94703 0.295733
-0.0632312 -0.00550655 1.68803 0.0511888 0.115473 0.947068 0.295141
-0.0630752 -0.0045878 1.6884 0.0516384 0.116485 0.947104 0.294549
-0.0629169 -0.00366835 1.68878 0.0520879 0.117496 0.947138 0.293957
-0.0627562 -0.00274818 1.68915 0.0525374 0.118507 0.947171 0.293364
-0.0625933 -0.0018273 1.68951 0.0529868 0.119517 0.947203 0.292771
-0.062428 -0.000905733 1.68988 0.053436 0.120527 0.947233 0.292177
-0.0622603 1.65248e-05 1.69025 0.0538852 0.121536 0.947262 0.291584
-0.0620904 0.000939463 1.69061 0.0543343 0.122544 0.947289 0.29099
-0.0619181 0.00186307 1.69097 0.0547833 0.123552 0.947314 0.290395
-0.0617434 0.00278735 1.69133 0.0552321 0.124559 0.947338 0.2898
-0.0615664 0.00371229 1.69169 0.0556809 0.125566 0.947361 0.289205
-0.0613871 0.00463787 1.69205 0.0561296 0.126572 0.947382 0.28861
-0.0612054 0.0055641 1.6924 0.0565782 0.127578 0.947402 0.288014
-0.0610214 0.00649097 1.69276 0.0570267 0.128583 0.94742 0.287418
-0.060835 0.00741846 1.69311 0.0574751 0.129587 0.947437 0.286822
-0.0606463 0.00834657 1.69346 0.0579233 0.130591 0.947452 0.286225
-0.0604552 0.0092753 1.69381 0.0583715 0.131594 0.947466 0.285628
-0.0602617 0.0102046 1.69415 0.0588196 0.132596 0.947479 0.285031
-0.0600659 0.0111346 1.6945 0.0592675 0.133598 0.94749 0.284433
-0.0598677 0.0120651 1.69484 0.0597154 0.134599 0.947499 0.283835
-0.0596671 0.0129962 1.69519 0.0601631 0.1356 0.947507 0.283237
-0.0594642 0.0139278 1.69553 0.0606107 0.1366 0.947514 0.282638
-0.0592588 0.0148601 1.69586 0.0610582 0.1376 0.947519 0.282039
-0.0590511 0.0157929 1.6962 0.0615056 0.138598 0.947523 0.28144
-0.0588411 0.0167262 1.69654 0.0619528 0.139597 0.947525 0.28084
-0.0586286 0.0176601 1.69687 0.0624 0.140594 0.947526 0.28024
-0.0584138 0.0185945 1.6972 0.062847 0.141591 0.947525 0.27964
-0.0581965 0.0195295 1.69753 0.0632939 0.142587 0.947523 0.279039
-0.0579769 0.020465 1.69786 0.0637407 0.143583 0.94752 0.278438
-0.0577549 0.021401 1.69819 0.0641874 0.144578 0.947515 0.277837
-0.0575305 0.0223375 1.69852 0.0646339 0.145572 0.947508 0.277235
-0.0573037 0.0232744 1.69884 0.0650804 0.146566 0.9475 0.276634
-0.0570745 0.0242119 1.69916 0.0655266 0.147559 0.947491 0.276031
-0.0568429 0.0251499 1.69948 0.0659728 0.148551 0.94748 0.275429
-0.0566089 0.0260883 1.6998 0.0664188 0.149543 0.947468 0.274826
-0.0563725 0.0270272 1.70012 0.0668647 0.150534 0.947455 0.274223
-0.0561336 0.0279666 1.70043 0.0673105 0.151525 0.94744 0.273619
-0.0558924 0.0289064 1.70075 0.0677561 0.152514 0.947423 0.273016
-0.0556487 0.0298466 1.70106 0.0682016 0.153503 0.947406 0.272412
-0.0554027 0.0307873 1.70137 0.068647 0.154492 0.947386 0.271807
-0.0551542 0.0317284 1.70168 0.0690922 0.15548 0.947366 0.271202
-0.0549033 0.0326699 1.70198 0.0695373 0.156467 0.947344 0.270597
-0.0546499 0.0336118 1.70229 0.0699822 0.157453 0.94732 0.269992
-0.0543942 0.0345542 1.70259 0.070427 0.158439 0.947295 0.269386
-0.054136 0.0354969 1.70289 0.0708717 0.159424 0.947269 0.26878
-0.0538754 0.03644 1.70319 0.0713162 0.160408 0.947241 0.268174
-0.0536124 0.0373835 1.70349 0.0717606 0.161392 0.947212 0.267567
-0.0533469 0.0383274 1.70379 0.0722048 0.162375 0.947182 0.266961
-0.053079 0.0392716 1.70408 0.0726489 0.163357 0.94715 0.266353
-0.0528087 0.0402162 1.70438 0.0730928 0.164339 0.947116 0.265746
-0.0525359 0.0411611 1.70467 0.0735366 0.16532 0.947082 0.265138
-0.0522607 0.0421064 1.70496 0.0739802 0.1663 0.947045 0.26453
-0.051983 0.043052 1.70524 0.0744237 0.16728 0.947008 0.263921
-0.0517029 0.0439979 1.70553 0.074867 0.168259 0.946969 0.263313
-0.0514204 0.0449441 1.70582 0.0753102 0.169237 0.946929 0.262703
-0.0511354 0.0458906 1.7061 0.0757532 0.170214 0.946887 0.262094
-0.0508479 0.0468375 1.70638 0.076196 0.171191 0.946844 0.261484
-0.050558 0.0477846 1.70666 0.0766387 0.172167 0.9468 0.260874
-0.0502657 0.048732 1.70694 0.0770813 0.173142 0.946754 0.260264
-0.0499709 0.0496797 1.70721 0.0775236 0.174117 0.946707 0.259653
-0.0496736 0.0506276 1.70748 0.0779658 0.175091 0.946658 0.259042
-0.0493739 0.0515758 1.70776 0.0784079 0.176064 0.946608 0.258431
-0.0490717 0.0525243 1.70803 0.0788497 0.177036 0.946557 0.25782
-0.0487671 0.053473 1.7083 0.0792914 0.178008 0.946504 0.257208
-0.04846 0.0544219 1.70856 0.079733 0.178979 0.94645 0.256596
-0.0481504 0.055371 1.70883 0.0801743 0.179949 0.946395 0.255983
-0.0478384 0.0563204 1.70909 0.0806155 0.180919 0.946338 0.25537
-0.0475239 0.05727 1.70935 0.0810566 0.181887 0.94628 0.254757
-0.047207 0.0582198 1.70961 0.0814974 0.182855 0.94622 0.254144
-0.0468875 0.0591697 1.70987 0.0819381 0.183823 0.946159 0.25353
-0.0465656 0.0601199 1.71013 0.0823786 0.184789 0.946097 0.252916
-0.0462413 0.0610702 1.71038 0.0828189 0.185755 0.946034 0.252302
-0.0459144 0.0620207 1.71063 0.083259 0.18672 0.945969 0.251688
-0.0455851 0.0629714 1.71088 0.083699 0.187685 0.945902 0.251073
-0.0452533 0.0639222 1.71113 0.0841388 0.188648 0.945835 0.250457
-0.044919 0.0648731 1.71138 0.0845784 0.189611 0.945766 0.249842
-0.0445823 0.0658242 1.71163 0.0850178 0.190573 0.945696 0.249226
-0.044243 0.0667754 1.71187 0.085457 0.191534 0.945624 0.24861
-0.0439013 0.0677267 1.71211 0.085896 0.192495 0.945551 0.247994
-0.0435571 0.0686782 1.71235 0.0863349 0.193455 0.945477 0.247377
-0.0432104 0.0696297 1.71259 0.0867736 0.194414 0.945401 0.24676
-0.0428613 0.0705813 1.71283 0.087212 0.195372 0.945324 0.246143
-0.0425096 0.0715331 1.71306 0.0876503 0.196329 0.945246 0.245525
-0.0421555 0.0724849 1.71329 0.0880884 0.197286 0.945166 0.244908
-0.0417989 0.0734367 1.71352 0.0885263 0.198242 0.945085 0.244289
-0.0414398 0.0743887 1.71375 0.088964 0.199197 0.945003 0.243671
-0.0410782 0.0753406 1.71398 0.0894015 0.200152 0.944919 0.243052
-0.0407141 0.0762927 1.71421 0.0898388 0.201105 0.944834 0.242433
-0.0403475 0.0772447 1.71443 0.0902759 0.202058 0.944748 0.241814
-0.0399784 0.0781968 1.71465 0.0907128 0.20301 0.944661 0.241194
-0.0396068 0.0791489 1.71487 0.0911495 0.203961 0.944572 0.240574
-0.0392328 0.080101 1.71509 0.091586 0.204912 0.944481 0.239954
-0.0388562 0.0810531 1.71531 0.0920223 0.205861 0.94439 0.239334
-0.0384771 0.0820052 1.71552 0.0924583 0.20681 0.944297 0.238713
-0.0380956 0.0829573 1.71574 0.0928942 0.207758 0.944203 0.238092
-0.0377115 0.0839094 1.71595 0.0933299 0.208706 0.944108 0.23747
-0.037325 0.0848614 1.71616 0.0937653 0.209652 0.944011 0.236849
-0.036936 0.0858135 1.71636 0.0942006 0.210598 0.943913 0.236227
-0.0365444 0.0867654 1.71657 0.0946356 0.211543 0.943814 0.235605
-0.0361504 0.0877173 1.71677 0.0950704 0.212487 0.943713 0.234982
-0.0357538 0.0886691 1.71697 0.0955051 0.21343 0.943611 0.234359
-0.0353548 0.0896209 1.71717 0.0959394 0.214372 0.943508 0.233736
-0.0349532 0.0905726 1.71737 0.0963736 0.215314 0.943404 0.233113
-0.0345492 0.0915242 1.71757 0.0968076 0.216255 0.943298 0.232489
-0.0341426 0.0924756 1.71776 0.0972413 0.217195 0.943191 0.231865
-0.0337336 0.093427 1.71795 0.0976748 0.218134 0.943083 0.231241
-0.033322 0.0943783 1.71815 0.0981081 0.219072 0.942973 0.230616
-0.0329079 0.0953294 1.71833 0.0985411 0.22001 0.942862 0.229992
-0.0324914 0.0962805 1.71852 0.098974 0.220947 0.94275 0.229366
-0.0320723 0.0972313 1.71871 0.0994066 0.221882 0.942637 0.228741
-0.0316507 0.0981821 1.71889 0.099839 0.222817 0.942522 0.228115
-0.0312266 0.0991326 1.71907 0.100271 0.223752 0.942406 0.22749
-0.0308 0.100083 1.71925 0.100703 0.224685 0.942289 0.226863
-0.0303709 0.101033 1.71943 0.101135 0.225618 0.942171 0.226237
-0.0299393 0.101983 1.7196 0.101566 0.226549 0.942051 0.22561
-0.0295052 0.102933 1.71978 0.101997 0.22748 0.94193 0.224983
-0.0290686 0.103883 1.71995 0.102428 0.22841 0.941808 0.224356
-0.0286295 0.104832 1.72012 0.102859 0.229339 0.941684 0.223728
-0.0281879 0.105781 1.72029 0.10329 0.230268 0.94156 0.2231
-0.0277437 0.10673 1.72045 0.10372 0.231195 0.941434 0.222472
-0.0272971 0.107679 1.72062 0.10415 0.232122 0.941306 0.221844
-0.0268479 0.108628 1.72078 0.10458 0.233048 0.941178 0.221215
-0.0263963 0.109576 1.72094 0.105009 0.233972 0.941048 0.220586
-0.0259421 0.110524 1.7211 0.105439 0.234896 0.940917 0.219957
-0.0254854 0.111472 1.72126 0.105868 0.23582 0.940785 0.219327
-0.0250263 0.112419 1.72141 0.106296 0.236742 0.940652 0.218697
-0.0245646 0.113366 1.72157 0.106725 0.237663 0.940517 0.218067
-0.0241004 0.114313 1.72172 0.107153 0.238584 0.940381 0.217437
-0.0236337 0.11526 1.72187 0.107581 0.239504 0.940244 0.216806
-0.0231645 0.116206 1.72201 0.108009 0.240423 0.940106 0.216175
-0.0226928 0.117152 1.72216 0.108437 0.241341 0.939966 0.215544
-0.0222185 0.118098 1.7223 0.108864 0.242258 0.939826 0.214912
-0.0217418 0.119043 1.72244 0.109291 0.243174 0.939684 0.214281
-0.0212626 0.119988 1.72258 0.109718 0.244089 0.939541 0.213649
-0.0207808 0.120933 1.72272 0.110144 0.245004 0.939396 0.213016
-0.0202966 0.121877 1.72286 0.110571 0.245918 0.939251 0.212384
-0.0198099 0.122821 1.72299 0.110997 0.24683 0.939104 0.211751
-0.0193206 0.123764 1.72312 0.111422 0.247742 0.938956 0.211118
-0.0188288 0.124707 1.72325 0.111848 0.248653 0.938807 0.210485
-0.0183346 0.12565 1.72338 0.112273 0.249563 0.938656 0.209851
-0.0178378 0.126593 1.72351 0.112698 0.250472 0.938505 0.209217
-0.0173386 0.127534 1.72363 0.113123 0.251381 0.938352 0.208583
-0.0168368 0.128476 1.72375 0.113547 0.252288 0.938198 0.207949
-0.0163325 0.129417 1.72387 0.113971 0.253195 0.938043 0.207314
-0.0158258 0.130358 1.72399 0.114395 0.2541 0.937886 0.206679
-0.0153165 0.131298 1.72411 0.114819 0.255005 0.937729 0.206044
-0.0148047 0.132237 1.72422 0.115242 0.255909 0.93757 0.205408
-0.0142905 0.133177 1.72434 0.115665 0.256812 0.93741 0.204773
-0.0137737 0.134115 1.72445 0.116088 0.257713 0.937249 0.204137
-0.0132545 0.135054 1.72456 0.11651 0.258615 0.937087 0.2035
-0.0127327 0.135992 1.72466 0.116932 0.259515 0.936923 0.202864
-0.0122085 0.136929 1.72477 0.117354 0.260414 0.936759 0.202227
-0.0116817 0.137866 1.72487 0.117776 0.261312 0.936593 0.20159
-0.0111525 0.138802 1.72497 0.118197 0.26221 0.936426 0.200953
-0.0106207 0.139738 1.72507 0.118618 0.263106 0.936258 0.200315
-0.0100865 0.140673 1.72517 0.119039 0.264002 0.936088 0.199678
-0.00954979 0.141608 1.72526 0.11946 0.264897 0.935918 0.199039
-0.00901058 0.142542 1.72536 0.11988 0.26579 0.935746 0.198401
-0.00846888 0.143475 1.72545 0.1203 0.266683 0.935574 0.197763
-0.00792469 0.144408 1.72554 0.120719 0.267575 0.9354 0.197124
-0.00737802 0.145341 1.72563 0.121139 0.268466 0.935225 0.196485
-0.00682886 0.146273 1.72571 0.121558 0.269356 0.935048 0.195845
-0.00627721 0.147204 1.72579 0.121977 0.270245 0.934871 0.195206
-0.00572308 0.148135 1.72588 0.122395 0.271133 0.934693 0.194566
-0.00516647 0.149065 1.72596 0.122813 0.272021 0.934513 0.193926
-0.00460737 0.149994 1.72603 0.123231 0.272907 0.934332 0.193285
-0.0040458 0.150923 1.72611 0.123649 0.273792 0.93415 0.192645
-0.00348174 0.151851 1.72618 0.124066 0.274677 0.933967 0.192004
-0.00291521 0.152779 1.72625 0.124483 0.27556 0.933783 0.191363
-0.0023462 0.153706 1.72632 0.1249 0.276443 0.933598 0.190722
-0.00177471 0.154632 1.72639 0.125316 0.277324 0.933411 0.19008
-0.00120075 0.155557 1.72646 0.125732 0.278205 0.933224 0.189438
-0.000624315 0.156482 1.72652 0.126148 0.279085 0.933035 0.188796
-4.54097e-05 0.157406 1.72658 0.126563 0.279963 0.932845 0.188154
0.000535966 0.15833 1.72664 0.126978 0.280841 0.932654 0.187511
0.00111981 0.159253 1.7267 0.127393 0.281718 0.932462 0.186868
0.00170612 0.160175 1.72676 0.127807 0.282594 0.932269 0.186225
0.0022949 0.161096 1.72681 0.128222 0.283469 0.932075 0.185582
0.00288614 0.162017 1.72686 0.128636 0.284343 0.93188 0.184938
0.00347985 0.162937 1.72691 0.129049 0.285216 0.931683 0.184294
0.00407601 0.163856 1.72696 0.129462 0.286088 0.931486 0.18365
0.00467464 0.164774 1.72701 0.129875 0.286959 0.931287 0.183006
0.00527572 0.165692 1.72705 0.130288 0.287829 0.931087 0.182362
0.00587926 0.166609 1.72709 0.1307 0.288698 0.930887 0.181717
0.00648526 0.167525 1.72713 0.131112 0.289566 0.930685 0.181072
0.0070937 0.16844 1.72717 0.131524 0.290433 0.930482 0.180427
0.0077046 0.169355 1.7272 0.131935 0.2913 0.930278 0.179781
0.00831795 0.170268 1.72724 0.132346 0.292165 0.930072 0.179135
0.00893374 0.171181 1.72727 0.132757 0.293029 0.929866 0.178489
0.00955198 0.172093 1.7273 0.133167 0.293893 0.929659 0.177843
0.0101727 0.173005 1.72733 0.133577 0.294755 0.92945 0.177197
0.0107958 0.173915 1.72735 0.133986 0.295616 0.929241 0.17655
0.0114214 0.174824 1.72738 0.134396 0.296477 0.92903 0.175903
0.0120494 0.175733 1.7274 0.134805 0.297336 0.928819 0.175256
0.0126798 0.176641 1.72742 0.135213 0.298194 0.928606 0.174608
0.0133127 0.177548 1.72744 0.135622 0.299052 0.928392 0.173961
0.013948 0.178454 1.72745 0.13603 0.299908 0.928178 0.173313
0.0145857 0.179359 1.72747 0.136437 0.300764 0.927962 0.172665
0.0152259 0.180263 1.72748 0.136845 0.301618 0.927745 0.172017
0.0158685 0.181167 1.72749 0.137252 0.302471 0.927527 0.171368
0.0165135 0.182069 1.72749 0.137658 0.303324 0.927308 0.170719
0.0171609 0.182971 1.7275 0.138064 0.304175 0.927088 0.17007
0.0178108 0.183871 1.7275 0.13847 0.305026 0.926867 0.169421
0.0184631 0.184771 1.72751 0.138876 0.305875 0.926644 0.168771
0.0191177 0.18567 1.7275 0.139281 0.306724 0.926421 0.168122
0.0197748 0.186567 1.7275 0.139686 0.307571 0.926197 0.167472
0.0204343 0.187464 1.7275 0.140091 0.308418 0.925972 0.166822
0.0210963 0.18836 1.72749 0.140495 0.309263 0.925745 0.166171
0.0217606 0.189255 1.72748 0.140899 0.310108 0.925518 0.165521
0.0224273 0.190149 1.72747 0.141302 0.310951 0.92529 0.16487
0.0230964 0.191041 1.72746 0.141705 0.311793 0.92506 0.164219
0.023768 0.191933 1.72744 0.142108 0.312635 0.92483 0.163568
0.0244419 0.192824 1.72743 0.14251 0.313475 0.924599 0.162916
0.0251182 0.193714 1.72741 0.142912 0.314315 0.924366 0.162264
0.0257969 0.194602 1.72739 0.143314 0.315153 0.924133 0.161612
0.026478 0.19549 1.72736 0.143715 0.31599 0.923898 0.16096
0.0271615 0.196377 1.72734 0.144116 0.316827 0.923663 0.160308
0.0278473 0.197262 1.72731 0.144517 0.317662 0.923426 0.159655
0.0285356 0.198147 1.72728 0.144917 0.318496 0.923189 0.159002
0.0292262 0.19903 1.72725 0.145317 0.31933 0.92295 0.158349
0.0299192 0.199913 1.72722 0.145716 0.320162 0.922711 0.157696
0.0306145 0.200794 1.72718 0.146115 0.320993 0.92247 0.157043
0.0313123 0.201674 1.72715 0.146514 0.321823 0.922229 0.156389
0.0320124 0.202553 1.72711 0.146913 0.322652 0.921986 0.155735
0.0327149 0.203431 1.72707 0.147311 0.323481 0.921743 0.155081
0.0334197 0.204308 1.72702 0.147708 0.324308 0.921498 0.154426
0.0341269 0.205183 1.72698 0.148105 0.325134 0.921253 0.153772
0.0348364 0.206058 1.72693 0.148502 0.325959 0.921007 0.153117
0.0355483 0.206931 1.72688 0.148899 0.326783 0.920759 0.152462
0.0362625 0.207803 1.72683 0.149295 0.327606 0.920511 0.151807
0.0369791 0.208674 1.72677 0.149691 0.328428 0.920261 0.151152
0.0376981 0.209544 1.72672 0.150086 0.329249 0.920011 0.150496
0.0384193 0.210413 1.72666 0.150481 0.330068 0.91976 0.14984
0.039143 0.21128 1.7266 0.150876 0.330887 0.919508 0.149184
0.0398689 0.212147 1.72654 0.15127 0.331705 0.919254 0.148528
0.0405972 0.213012 1.72647 0.151664 0.332522 0.919 0.147871
0.0413278 0.213876 1.72641 0.152057 0.333337 0.918745 0.147215
0.0420607 0.214738 1.72634 0.15245 0.334152 0.918489 0.146558
0.042796 0.2156 1.72627 0.152843 0.334966 0.918232 0.145901
0.0435335 0.21646 1.7262 0.153235 0.335778 0.917974 0.145244
0.0442734 0.217319 1.72612 0.153627 0.33659 0.917715 0.144586
0.0450156 0.218176 1.72605 0.154018 0.3374 0.917455 0.143928
0.0457601 0.219032 1.72597 0.154409 0.338209 0.917194 0.14327
0.0465069 0.219888 1.72589 0.1548 0.339018 0.916933 0.142612
0.047256 0.220741 1.7258 0.15519 0.339825 0.91667 0.141954
0.0480075 0.221594 1.72572 0.15558 0.340631 0.916406 0.141296
0.0487612 0.222445 1.72563 0.15597 0.341436 0.916142 0.140637
0.0495172 0.223295 1.72554 0.156359 0.342241 0.915876 0.139978
0.0502754 0.224143 1.72545 0.156747 0.343044 0.91561 0.139319
0.051036 0.224991 1.72536 0.157136 0.343846 0.915343 0.13866
0.0517989 0.225837 1.72526 0.157524 0.344646 0.915074 0.138
0.052564 0.226681 1.72517 0.157911 0.345446 0.914805 0.137341
0.0533314 0.227524 1.72507 0.158298 0.346245 0.914535 0.136681
0.0541011 0.228366 1.72497 0.158685 0.347043 0.914264 0.136021
0.054873 0.229207 1.72486 0.159071 0.347839 0.913992 0.13536
0.0556472 0.230046 1.72476 0.159457 0.348635 0.913719 0.1347
0.0564237 0.230883 1.72465 0.159842 0.34943 0.913446 0.134039
0.0572024 0.23172 1.72454 0.160227 0.350223 0.913171 0.133378
0.0579834 0.232555 1.72443 0.160612 0.351015 0.912896 0.132717
0.0587666 0.233388 1.72431 0.160996 0.351807 0.912619 0.132056
0.0595521 0.23422 1.7242 0.16138 0.352597 0.912342 0.131395
0.0603398 0.235051 1.72408 0.161763 0.353386 0.912064 0.130733
0.0611297 0.23588 1.72396 0.162146 0.354174 0.911784 0.130071
0.0619219 0.236708 1.72383 0.162528 0.354961 0.911504 0.129409
0.0627163 0.237534 1.72371 0.16291 0.355747 0.911224 0.128747
0.0635129 0.238359 1.72358 0.163292 0.356532 0.910942 0.128085
0.0643118 0.239183 1.72345 0.163673 0.357316 0.910659 0.127422
0.0651129 0.240004 1.72332 0.164054 0.358098 0.910376 0.126759
0.0659161 0.240825 1.72319 0.164434 0.35888 0.910091 0.126097
0.0667216 0.241644 1.72306 0.164814 0.35966 0.909806 0.125433
0.0675293 0.242461 1.72292 0.165194 0.36044 0.90952 0.12477
0.0683392 0.243277 1.72278 0.165573 0.361218 0.909233 0.124107
0.0691513 0.244092 1.72264 0.165952 0.361995 0.908945 0.123443
0.0699656 0.244905 1.72249 0.16633 0.362771 0.908656 0.122779
0.0707821 0.245716 1.72235 0.166708 0.363546 0.908367 0.122115
0.0716008 0.246526 1.7222 0.167085 0.36432 0.908077 0.121451
0.0724216 0.247334 1.72205 0.167462 0.365093 0.907785 0.120787
0.0732446 0.248141 1.7219 0.167838 0.365865 0.907493 0.120122
0.0740698 0.248946 1.72174 0.168214 0.366636 0.9072 0.119457
0.0748972 0.24975 1.72159 0.16859 0.367405 0.906906 0.118792
0.0757267 0.250552 1.72143 0.168965 0.368174 0.906612 0.118127
0.0765584 0.251352 1.72127 0.16934 0.368941 0.906316 0.117462
0.0773922 0.252151 1.72111 0.169714 0.369707 0.90602 0.116797
0.0782282 0.252949 1.72094 0.170088 0.370473 0.905723 0.116131
0.0790663 0.253744 1.72078 0.170461 0.371237 0.905425 0.115465
0.0799066 0.254538 1.72061 0.170834 0.372 0.905126 0.114799
0.080749 0.255331 1.72044 0.171206 0.372762 0.904826 0.114133
0.0815935 0.256122 1.72026 0.171579 0.373522 0.904526 0.113467
0.0824402 0.256911 1.72009 0.17195 0.374282 0.904225 0.1128
0.0832889 0.257698 1.71991 0.172321 0.375041 0.903922 0.112134
0.0841399 0.258484 1.71973 0.172692 0.375798 0.90362 0.111467
0.0849929 0.259268 1.71955 0.173062 0.376555 0.903316 0.1108
0.085848 0.260051 1.71936 0.173432 0.37731 0.903011 0.110133
0.0867052 0.260832 1.71918 0.173801 0.378064 0.902706 0.109466
0.0875646 0.261611 1.71899 0.17417 0.378817 0.9024 0.108798
0.088426 0.262388 1.7188 0.174538 0.379569 0.902093 0.108131
0.0892895 0.263164 1.71861 0.174906 0.38032 0.901785 0.107463
0.0901551 0.263938 1.71841 0.175274 0.38107 0.901477 0.106795
0.0910228 0.26471 1.71822 0.175641 0.381818 0.901167 0.106127
0.0918925 0.265481 1.71802 0.176007 0.382566 0.900857 0.105458
0.0927644 0.26625 1.71782 0.176373 0.383312 0.900546 0.10479
0.0936383 0.267017 1.71761 0.176739 0.384057 0.900235 0.104121
0.0945142 0.267782 1.71741 0.177104 0.384801 0.899922 0.103453
0.0953922 0.268546 1.7172 0.177468 0.385544 0.899609 0.102784
0.0962723 0.269308 1.71699 0.177833 0.386286 0.899295 0.102115
0.0971544 0.270068 1.71678 0.178196 0.387027 0.89898 0.101445
0.0980385 0.270826 1.71657 0.17856 0.387767 0.898664 0.100776
0.0989247 0.271582 1.71635 0.178922 0.388505 0.898348 0.100106
0.0998129 0.272337 1.71613 0.179285 0.389243 0.898031 0.0994367
0.100703 0.27309 1.71591 0.179646 0.389979 0.897713 0.0987669
0.101595 0.273841 1.71569 0.180008 0.390714 0.897394 0.0980969
0.10249 0.27459 1.71547 0.180369 0.391448 0.897075 0.0974267
0.103386 0.275338 1.71524 0.180729 0.392181 0.896755 0.0967564
0.104284 0.276083 1.71501 0.181089 0.392913 0.896434 0.0960859
0.105185 0.276827 1.71478 0.181448 0.393644 0.896112 0.0954153
0.106087 0.277569 1.71455 0.181807 0.394373 0.89579 0.0947445
0.106991 0.278309 1.71431 0.182166 0.395102 0.895467 0.0940736
0.107897 0.279047 1.71408 0.182524 0.395829 0.895143 0.0934025
0.108806 0.279784 1.71384 0.182881 0.396555 0.894818 0.0927313
0.109716 0.280518 1.7136 0.183238 0.39728 0.894493 0.09206
0.110628 0.281251 1.71335 0.183594 0.398004 0.894167 0.0913885
0.111542 0.281981 1.71311 0.18395 0.398727 0.89384 0.0907168
0.112458 0.28271 1.71286 0.184306 0.399448 0.893512 0.090045
0.113376 0.283437 1.71261 0.184661 0.400169 0.893184 0.0893731
0.114296 0.284162 1.71236 0.185015 0.400888 0.892855 0.088701
0.115218 0.284885 1.7121 0.185369 0.401606 0.892525 0.0880288
0.116142 0.285606 1.71185 0.185723 0.402324 0.892195 0.0873564
0.117068 0.286325 1.71159 0.186076 0.40304 0.891864 0.0866839
0.117996 0.287042 1.71133 0.186429 0.403754 0.891532 0.0860113
0.118925 0.287758 1.71106 0.186781 0.404468 0.891199 0.0853385
0.119857 0.288471 1.7108 0.187132 0.405181 0.890866 0.0846656
0.12079 0.289182 1.71053 0.187483 0.405892 0.890532 0.0839925
0.121726 0.289892 1.71026 0.187834 0.406602 0.890197 0.0833193
0.122663 0.290599 1.70999 0.188184 0.407311 0.889862 0.082646
0.123602 0.291304 1.70972 0.188533 0.408019 0.889526 0.0819725
0.124543 0.292008 1.70944 0.188882 0.408726 0.889189 0.0812989
0.125486 0.292709 1.70916 0.189231 0.409432 0.888851 0.0806252
0.126431 0.293408 1.70888 0.189579 0.410137 0.888513 0.0799513
0.127377 0.294106 1.7086 0.189926 0.41084 0.888174 0.0792773
0.128326 0.294801 1.70832 0.190273 0.411542 0.887835 0.0786032
0.129276 0.295494 1.70803 0.190619 0.412243 0.887495 0.077929
0.130229 0.296186 1.70774 0.190965 0.412943 0.887154 0.0772546
0.131183 0.296875 1.70745 0.191311 0.413642 0.886812 0.0765801
0.132139 0.297562 1.70716 0.191656 0.41434 0.88647 0.0759054
0.133096 0.298247 1.70686 0.192 0.415036 0.886127 0.0752307
0.134056 0.29893 1.70657 0.192344 0.415732 0.885783 0.0745558
0.135017 0.299611 1.70627 0.192687 0.416426 0.885439 0.0738808
0.13598 0.30029 1.70597 0.19303 0.417119 0.885094 0.0732056
0.136945 0.300967 1.70566 0.193372 0.417811 0.884749 0.0725303
0.137912 0.301641 1.70536 0.193714 0.418502 0.884403 0.071855
0.138881 0.302314 1.70505 0.194055 0.419192 0.884056 0.0711794
0.139851 0.302985 1.70474 0.194396 0.41988 0.883708 0.0705038
0.140823 0.303653 1.70442 0.194736 0.420567 0.88336 0.0698281
0.141797 0.304319 1.70411 0.195076 0.421254 0.883011 0.0691522
0.142773 0.304983 1.70379 0.195415 0.421939 0.882662 0.0684762
0.14375 0.305645 1.70348 0.195754 0.422623 0.882312 0.0678001
0.14473 0.306305 1.70315 0.196092 0.423305 0.881961 0.0671239
0.145711 0.306963 1.70283 0.196429 0.423987 0.881609 0.0664475
0.146693 0.307618 1.70251 0.196766 0.424667 0.881257 0.0657711
0.147678 0.308271 1.70218 0.197103 0.425347 0.880905 0.0650945
0.148664 0.308923 1.70185 0.197439 0.426025 0.880552 0.0644178
0.149652 0.309572 1.70152 0.197774 0.426702 0.880198 0.063741
0.150642 0.310218 1.70118 0.198109 0.427378 0.879843 0.0630641
0.151633 0.310863 1.70085 0.198443 0.428052 0.879488 0.0623871
0.152626 0.311505 1.70051 0.198777 0.428726 0.879132 0.06171
0.153621 0.312146 1.70017 0.19911 0.429398 0.878776 0.0610327
0.154617 0.312784 1.69983 0.199443 0.430069 0.878419 0.0603554
0.155615 0.313419 1.69948 0.199775 0.430739 0.878062 0.0596779
0.156615 0.314053 1.69913 0.200107 0.431408 0.877703 0.0590004
0.157617 0.314684 1.69879 0.200438 0.432076 0.877345 0.0583227
0.15862 0.315313 1.69843 0.200768 0.432742 0.876985 0.0576449
0.159625 0.31594 1.69808 0.201098 0.433408 0.876625 0.056967
0.160631 0.316565 1.69773 0.201428 0.434072 0.876265 0.056289
0.161639 0.317187 1.69737 0.201757 0.434735 0.875904 0.055611
0.162649 0.317807 1.69701 0.202085 0.435397 0.875542 0.0549328
0.163661 0.318425 1.69665 0.202413 0.436058 0.875179 0.0542545
0.164674 0.31904 1.69628 0.20274 0.436717 0.874817 0.0535761
0.165688 0.319654 1.69592 0.203067 0.437376 0.874453 0.0528976
0.166704 0.320265 1.69555 0.203393 0.438033 0.874089 0.052219
0.167722 0.320873 1.69518 0.203718 0.438689 0.873724 0.0515403
0.168742 0.32148 1.6948 0.204043 0.439344 0.873359 0.0508615
0.169763 0.322084 1.69443 0.204368 0.439998 0.872993 0.0501827
0.170786 0.322685 1.69405 0.204692 0.44065 0.872627 0.0495037
0.17181 0.323285 1.69367 0.205015 0.441302 0.87226 0.0488246
0.172836 0.323882 1.69329 0.205338 0.441952 0.871893 0.0481455
0.173863 0.324476 1.69291 0.20566 0.442601 0.871525 0.0474662
0.174892 0.325069 1.69252 0.205981 0.443249 0.871156 0.0467869
0.175922 0.325659 1.69213 0.206302 0.443896 0.870787 0.0461074
0.176954 0.326246 1.69174 0.206623 0.444542 0.870417 0.0454279
0.177988 0.326832 1.69135 0.206943 0.445186 0.870047 0.0447483
0.179023 0.327414 1.69096 0.207262 0.445829 0.869676 0.0440686
0.18006 0.327995 1.69056 0.207581 0.446472 0.869305 0.0433888
0.181098 0.328573 1.69016 0.207899 0.447112 0.868933 0.0427089
0.182137 0.329149 1.68976 0.208217 0.447752 0.86856 0.0420289
0.183179 0.329722 1.68936 0.208534 0.448391 0.868188 0.0413489
0.184221 0.330293 1.68895 0.20885 0.449028 0.867814 0.0406687
0.185265 0.330862 1.68855 0.209166 0.449665 0.86744 0.0399885
0.186311 0.331428 1.68814 0.209481 0.4503 0.867065 0.0393082
0.187358 0.331992 1.68773 0.209796 0.450934 0.86669 0.0386278
0.188406 0.332553 1.68731 0.21011 0.451566 0.866315 0.0379474
0.189456 0.333112 1.6869 0.210424 0.452198 0.865939 0.0372668
0.190508 0.333668 1.68648 0.210737 0.452828 0.865562 0.0365862
0.191561 0.334222 1.68606 0.211049 0.453458 0.865185 0.0359055
0.192615 0.334774 1.68564 0.211361 0.454086 0.864807 0.0352247
0.193671 0.335323 1.68521 0.211672 0.454713 0.864429 0.0345439
0.194728 0.33587 1.68479 0.211983 0.455338 0.864051 0.0338629
0.195787 0.336414 1.68436 0.212293 0.455963 0.863671 0.0331819
0.196847 0.336956 1.68393 0.212603 0.456586 0.863292 0.0325008
0.197908 0.337495 1.68349 0.212912 0.457209 0.862912 0.0318197
0.198971 0.338032 1.68306 0.21322 0.45783 0.862531 0.0311385
0.200035 0.338566 1.68262 0.213528 0.45845 0.86215 0.0304572
0.201101 0.339098 1.68218 0.213835 0.459068 0.861768 0.0297758
0.202168 0.339627 1.68174 0.214141 0.459686 0.861386 0.0290944
0.203236 0.340153 1.68129 0.214447 0.460302 0.861003 0.0284129
0.204305 0.340678 1.68085 0.214752 0.460918 0.86062 0.0277313
0.205376 0.341199 1.6804 0.215057 0.461532 0.860237 0.0270497
0.206449 0.341719 1.67995 0.215361 0.462145 0.859853 0.026368
0.207522 0.342235 1.6795 0.215665 0.462756 0.859468 0.0256862
0.208597 0.342749 1.67904 0.215968 0.463367 0.859083 0.0250044
0.209674 0.343261 1.67859 0.21627 0.463976 0.858698 0.0243225
0.210751 0.34377 1.67813 0.216572 0.464584 0.858312 0.0236405
0.21183 0.344276 1.67767 0.216873 0.465191 0.857925 0.0229585
0.21291 0.34478 1.6772 0.217173 0.465797 0.857539 0.0222764
0.213992 0.345282 1.67674 0.217473 0.466402 0.857151 0.0215943
0.215075 0.34578 1.67627 0.217773 0.467005 0.856764 0.0209121
0.216159 0.346277 1.6758 0.218071 0.467608 0.856375 0.0202298
0.217244 0.34677 1.67533 0.21837 0.468209 0.855987 0.0195475
0.218331 0.347261 1.67485 0.218667 0.468809 0.855598 0.0188651
0.219418 0.34775 1.67438 0.218964 0.469408 0.855208 0.0181827
0.220507 0.348236 1.6739 0.21926 0.470005 0.854818 0.0175002
0.221598 0.348719 1.67342 0.219556 0.470602 0.854428 0.0168177
0.222689 0.349199 1.67294 0.219851 0.471197 0.854037 0.0161351
0.223782 0.349677 1.67245 0.220145 0.471791 0.853645 0.0154525
0.224876 0.350153 1.67197 0.220439 0.472384 0.853254 0.0147698
0.225971 0.350626 1.67148 0.220732 0.472976 0.852861 0.0140871
0.227067 0.351096 1.67098 0.221025 0.473566 0.852469 0.0134043
0.228165 0.351563 1.67049 0.221317 0.474156 0.852076 0.0127215
0.229263 0.352028 1.67 0.221608 0.474744 0.851682 0.0120386
0.230363 0.35249 1.6695 0.221899 0.475331 0.851289 0.0113556
0.231464 0.35295 1.669 0.222189 0.475917 0.850894 0.0106727
0.232566 0.353407 1.6685 0.222478 0.476502 0.8505 0.00998966
0.23367 0.353861 1.66799 0.222767 0.477085 0.850105 0.0093066
0.234774 0.354313 1.66749 0.223055 0.477668 0.849709 0.0086235
0.235879 0.354761 1.66698 0.223343 0.478249 0.849313 0.00794036
0.236986 0.355208 1.66647 0.22363 0.478829 0.848917 0.00725718
0.238094 0.355651 1.66595 0.223916 0.479408 0.84852 0.00657395
0.239203 0.356092 1.66544 0.224202 0.479986 0.848123 0.00589069
0.240313 0.35653 1.66492 0.224487 0.480562 0.847725 0.00520739
0.241424 0.356966 1.6644 0.224771 0.481138 0.847328 0.00452405
0.242536 0.357399 1.66388 0.225055 0.481712 0.846929 0.00384068
0.243649 0.357829 1.66336 0.225338 0.482285 0.846531 0.00315727
0.244763 0.358256 1.66283 0.225621 0.482857 0.846132 0.00247383
0.245879 0.358681 1.66231 0.225903 0.483427 0.845732 0.00179035
0.246995 0.359102 1.66178 0.226184 0.483997 0.845332 0.00110684
0.248112 0.359522 1.66125 0.226465 0.484565 0.844932 0.000423304
0.249231 0.359938 1.66071 0.226745 0.485132 0.844532 -0.000260267
0.25035 0.360352 1.66017 0.227024 0.485698 0.844131 -0.000943867
0.25147 0.360763 1.65964 0.227303 0.486263 0.843729 -0.0016275
0.252592 0.361171 1.6591 0.227581 0.486827 0.843328 -0.00231115
0.253714 0.361576 1.65855 0.227858 0.487389 0.842926 -0.00299484
0.254838 0.361979 1.65801 0.228135 0.48795 0.842523 -0.00367855
0.255962 0.362379 1.65746 0.228411 0.488511 0.84212 -0.00436228
0.257087 0.362776 1.65691 0.228686 0.48907 0.841717 -0.00504604
0.258214 0.363171 1.65636 0.228961 0.489627 0.841314 -0.00572982
0.259341 0.363562 1.65581 0.229235 0.490184 0.84091 -0.00641363
0.260469 0.363951 1.65525 0.229509 0.490739 0.840506 -0.00709745
0.261598 0.364337 1.6547 0.229782 0.491294 0.840101 -0.0077813
0.262728 0.364721 1.65414 0.230054 0.491847 0.839696 -0.00846517
0.263859 0.365101 1.65357 0.230326 0.492399 0.839291 -0.00914905
0.264991 0.365479 1.65301 0.230597 0.49295 0.838886 -0.00983295
0.266124 0.365854 1.65245 0.230867 0.493499 0.83848 -0.0105169
0.267258 0.366226 1.65188 0.231136 0.494048 0.838074 -0.0112008
0.268392 0.366595 1.65131 0.231405 0.494595 0.837667 -0.0118848
0.269528 0.366961 1.65073 0.231674 0.495141 0.83726 -0.0125687
0.270664 0.367325 1.65016 0.231941 0.495686 0.836853 -0.0132527
0.271801 0.367686 1.64958 0.232208 0.49623 0.836446 -0.0139367
0.272939 0.368044 1.649 0.232475 0.496772 0.836038 -0.0146207
0.274078 0.368399 1.64842 0.23274 0.497314 0.83563 -0.0153047
0.275217 0.368751 1.64784 0.233005 0.497854 0.835221 -0.0159887
0.276358 0.369101 1.64726 0.23327 0.498393 0.834812 -0.0166727
0.277499 0.369447 1.64667 0.233533 0.498931 0.834403 -0.0173568
0.278641 0.369791 1.64608 0.233796 0.499468 0.833994 -0.0180408
0.279784 0.370132 1.64549 0.234059 0.500003 0.833584 -0.0187249
0.280928 0.37047 1.64489 0.23432 0.500538 0.833174 -0.0194089
0.282072 0.370805 1.6443 0.234581 0.501071 0.832764 -0.020093
0.283217 0.371138 1.6437 0.234841 0.501603 0.832353 -0.020777
0.284363 0.371467 1.6431 0.235101 0.502134 0.831942 -0.0214611
0.28551 0.371794 1.6425 0.23536 0.502664 0.831531 -0.0221451
0.286657 0.372118 1.6419 0.235618 0.503193 0.83112 -0.0228292
0.287806 0.372438 1.64129 0.235876 0.50372 0.830708 -0.0235132
0.288954 0.372756 1.64068 0.236133 0.504246 0.830296 -0.0241973
0.290104 0.373071 1.64007 0.236389 0.504771 0.829884 -0.0248813
0.291254 0.373384 1.63946 0.236645 0.505295 0.829471 -0.0255654
0.292405 0.373693 1.63884 0.2369 0.505818 0.829058 -0.0262494
0.293557 0.373999 1.63823 0.237154 0.50634 0.828645 -0.0269335
0.294709 0.374303 1.63761 0.237408 0.50686 0.828232 -0.0276175
0.295863 0.374603 1.63699 0.237661 0.50738 0.827818 -0.0283015
0.297016 0.374901 1.63636 0.237913 0.507898 0.827404 -0.0289855
0.298171 0.375195 1.63574 0.238164 0.508415 0.82699 -0.0296695
0.299326 0.375487 1.63511 0.238415 0.508931 0.826575 -0.0303535
0.300481 0.375776 1.63448 0.238665 0.509445 0.82616 -0.0310375
0.301637 0.376062 1.63385 0.238915 0.509959 0.825745 -0.0317215
0.302794 0.376345 1.63322 0.239163 0.510471 0.82533 -0.0324054
0.303952 0.376625 1.63258 0.239412 0.510982 0.824915 -0.0330894
0.30511 0.376902 1.63194 0.239659 0.511493 0.824499 -0.0337733
0.306268 0.377176 1.6313 0.239906 0.512001 0.824083 -0.0344572
0.307428 0.377448 1.63066 0.240152 0.512509 0.823667 -0.0351411
0.308587 0.377716 1.63002 0.240397 0.513016 0.82325 -0.0358249
0.309748 0.377981 1.62937 0.240642 0.513521 0.822833 -0.0365088
0.310909 0.378244 1.62872 0.240886 0.514025 0.822416 -0.0371926
0.31207 0.378503 1.62807 0.241129 0.514529 0.821999 -0.0378764
0.313232 0.37876 1.62742 0.241371 0.51503 0.821582 -0.0385602
0.314394 0.379013 1.62677 0.241613 0.515531 0.821164 -0.039244
0.315557 0.379264 1.62611 0.241854 0.516031 0.820746 -0.0399277
0.316721 0.379511 1.62545 0.242095 0.516529 0.820328 -0.0406114
0.317885 0.379756 1.62479 0.242335 0.517027 0.81991 -0.0412951
0.319049 0.379997 1.62413 0.242574 0.517523 0.819491 -0.0419788
0.320214 0.380236 1.62346 0.242812 0.518018 0.819072 -0.0426624
0.32138 0.380471 1.6228 0.24305 0.518512 0.818653 -0.043346
0.322545 0.380704 1.62213 0.243287 0.519005 0.818234 -0.0440296
0.323712 0.380934 1.62146 0.243523 0.519496 0.817815 -0.0447131
0.324879 0.38116 1.62078 0.243759 0.519987 0.817395 -0.0453966
0.326046 0.381384 1.62011 0.243993 0.520476 0.816975 -0.0460801
0.327213 0.381605 1.61943 0.244228 0.520964 0.816555 -0.0467635
0.328381 0.381822 1.61875 0.244461 0.521451 0.816135 -0.0474469
0.32955 0.382037 1.61807 0.244694 0.521937 0.815715 -0.0481303
0.330718 0.382248 1.61739 0.244926 0.522422 0.815294 -0.0488136
0.331888 0.382457 1.6167 0.245157 0.522905 0.814873 -0.0494969
0.333057 0.382663 1.61601 0.245388 0.523388 0.814452 -0.0501802
0.334227 0.382865 1.61532 0.245618 0.523869 0.814031 -0.0508634
0.335397 0.383065 1.61463 0.245847 0.524349 0.81361 -0.0515465
0.336568 0.383261 1.61394 0.246075 0.524828 0.813188 -0.0522297
0.337739 0.383455 1.61324 0.246303 0.525306 0.812766 -0.0529127
0.33891 0.383645 1.61254 0.24653 0.525782 0.812344 -0.0535958
0.340081 0.383832 1.61184 0.246756 0.526258 0.811922 -0.0542788
0.341253 0.384017 1.61114 0.246982 0.526732 0.8115 -0.0549617
0.342425 0.384198 1.61044 0.247207 0.527206 0.811078 -0.0556446
0.343598 0.384376 1.60973 0.247431 0.527678 0.810655 -0.0563275
0.344771 0.384552 1.60902 0.247654 0.528149 0.810232 -0.0570103
0.345943 0.384724 1.60831 0.247877 0.528619 0.809809 -0.0576931
0.347117 0.384893 1.6076 0.248099 0.529087 0.809386 -0.0583758
0.34829 0.385059 1.60688 0.24832 0.529555 0.808963 -0.0590584
0.349464 0.385222 1.60617 0.248541 0.530021 0.808539 -0.059741
0.350638 0.385382 1.60545 0.248761 0.530487 0.808116 -0.0604236
0.351812 0.385539 1.60473 0.24898 0.530951 0.807692 -0.0611061
0.352986 0.385693 1.60401 0.249198 0.531414 0.807268 -0.0617885
0.354161 0.385843 1.60328 0.249416 0.531876 0.806844 -0.0624709
0.355335 0.385991 1.60255 0.249633 0.532336 0.80642 -0.0631532
0.35651 0.386136 1.60183 0.249849 0.532796 0.805996 -0.0638355
0.357685 0.386277 1.60109 0.250064 0.533254 0.805571 -0.0645177
0.358861 0.386416 1.60036 0.250279 0.533712 0.805147 -0.0651998
0.360036 0.386551 1.59963 0.250493 0.534168 0.804722 -0.0658819
0.361212 0.386684 1.59889 0.250706 0.534623 0.804297 -0.0665639
0.362387 0.386813 1.59815 0.250919 0.535077 0.803872 -0.0672458
0.363563 0.386939 1.59741 0.25113 0.53553 0.803447 -0.0679277
0.364739 0.387062 1.59667 0.251341 0.535982 0.803022 -0.0686095
0.365915 0.387182 1.59592 0.251552 0.536432 0.802596 -0.0692913
0.367091 0.387299 1.59517 0.251761 0.536882 0.802171 -0.069973
0.368267 0.387413 1.59443 0.25197 0.53733 0.801745 -0.0706546
0.369443 0.387523 1.59367 0.252178 0.537777 0.80132 -0.0713361
0.370619 0.387631 1.59292 0.252386 0.538223 0.800894 -0.0720176
0.371796 0.387735 1.59217 0.252592 0.538668 0.800468 -0.072699
0.372972 0.387837 1.59141 0.252798 0.539112 0.800042 -0.0733803
0.374148 0.387935 1.59065 0.253003 0.539555 0.799616 -0.0740616
0.375325 0.38803 1.58989 0.253208 0.539996 0.799189 -0.0747428
0.376501 0.388122 1.58912 0.253411 0.540437 0.798763 -0.0754239
0.377678 0.388211 1.58836 0.253614 0.540876 0.798337 -0.0761049
0.378854 0.388297 1.58759 0.253816 0.541314 0.79791 -0.0767858
0.38003 0.38838 1.58682 0.254018 0.541751 0.797483 -0.0774667
0.381207 0.38846 1.58605 0.254218 0.542187 0.797057 -0.0781475
0.382383 0.388536 1.58528 0.254418 0.542622 0.79663 -0.0788282
0.383559 0.38861 1.5845 0.254617 0.543056 0.796203 -0.0795088
0.384735 0.38868 1.58373 0.254816 0.543488 0.795776 -0.0801894
0.385912 0.388747 1.58295 0.255013 0.54392 0.795349 -0.0808698
0.387088 0.388811 1.58216 0.25521 0.54435 0.794921 -0.0815502
0.388264 0.388872 1.58138 0.255406 0.544779 0.794494 -0.0822305
0.389439 0.38893 1.5806 0.255602 0.545208 0.794067 -0.0829107
0.390615 0.388985 1.57981 0.255796 0.545635 0.793639 -0.0835908
0.391791 0.389036 1.57902 0.25599 0.546061 0.793212 -0.0842708
0.392966 0.389085 1.57823 0.256183 0.546485 0.792784 -0.0849507
0.394142 0.38913 1.57743 0.256376 0.546909 0.792357 -0.0856306
0.395317 0.389172 1.57664 0.256567 0.547332 0.791929 -0.0863103
0.396492 0.389211 1.57584 0.256758 0.547753 0.791501 -0.08699
0.397667 0.389247 1.57504 0.256948 0.548174 0.791073 -0.0876695
0.398841 0.38928 1.57424 0.257138 0.548593 0.790646 -0.088349
0.400016 0.389309 1.57344 0.257326 0.549011 0.790218 -0.0890284
0.40119 0.389336 1.57263 0.257514 0.549428 0.78979 -0.0897076
0.402364 0.389359 1.57182 0.257701 0.549844 0.789362 -0.0903868
0.403538 0.389379 1.57102 0.257887 0.550259 0.788934 -0.0910659
0.404712 0.389396 1.5702 0.258073 0.550673 0.788505 -0.0917448
0.405885 0.38941 1.56939 0.258258 0.551085 0.788077 -0.0924237
0.407058 0.389421 1.56858 0.258442 0.551497 0.787649 -0.0931025
0.408231 0.389429 1.56776 0.258625 0.551907 0.787221 -0.0937811
0.409404 0.389433 1.56694 0.258807 0.552317 0.786792 -0.0944597
0.410576 0.389434 1.56612 0.258989 0.552725 0.786364 -0.0951381
0.411748 0.389432 1.5653 0.25917 0.553132 0.785936 -0.0958164
0.41292 0.389427 1.56447 0.25935 0.553538 0.785507 -0.0964947
0.414091 0.389419 1.56364 0.259529 0.553943 0.785079 -0.0971728
0.415262 0.389408 1.56281 0.259708 0.554347 0.78465 -0.0978508
0.416433 0.389394 1.56198 0.259886 0.55475 0.784222 -0.0985287
0.417603 0.389376 1.56115 0.260063 0.555152 0.783793 -0.0992065
0.418773 0.389355 1.56032 0.260239 0.555552 0.783365 -0.0998842
0.419943 0.389331 1.55948 0.260414 0.555952 0.782936 -0.100562
0.421112 0.389304 1.55864 0.260589 0.55635 0.782508 -0.101239
0.422281 0.389274 1.5578 0.260763 0.556748 0.782079 -0.101917
0.42345 0.389241 1.55696 0.260936 0.557144 0.781651 -0.102594
0.424618 0.389204 1.55611 0.261108 0.557539 0.781222 -0.103271
0.425786 0.389165 1.55527 0.26128 0.557933 0.780793 -0.103948
0.426953 0.389122 1.55442 0.261451 0.558326 0.780365 -0.104625
0.42812 0.389076 1.55357 0.261621 0.558718 0.779936 -0.105301
0.429286 0.389027 1.55272 0.26179 0.559109 0.779507 -0.105978
0.430452 0.388974 1.55186 0.261959 0.559499 0.779079 -0.106654
0.431618 0.388919 1.551 0.262126 0.559887 0.77865 -0.107331
0.432783 0.38886 1.55015 0.262293 0.560275 0.778222 -0.108007
0.433947 0.388798 1.54929 0.262459 0.560661 0.777793 -0.108683
0.435111 0.388733 1.54842 0.262625 0.561047 0.777364 -0.109359
0.436275 0.388665 1.54756 0.262789 0.561431 0.776936 -0.110035
0.437438 0.388594 1.54669 0.262953 0.561815 0.776507 -0.110711
0.4386 0.38852 1.54583 0.263116 0.562197 0.776079 -0.111386
0.439762 0.388442 1.54496 0.263278 0.562578 0.77565 -0.112062
0.440924 0.388361 1.54409 0.263439 0.562958 0.775221 -0.112737
0.442084 0.388277 1.54321 0.2636 0.563337 0.774793 -0.113412
0.443245 0.38819 1.54234 0.26376 0.563715 0.774364 -0.114087
0.444404 0.3881 1.54146 0.263919 0.564092 0.773936 -0.114762
0.445564 0.388007 1.54058 0.264077 0.564468 0.773508 -0.115437
0.446722 0.38791 1.5397 0.264234 0.564842 0.773079 -0.116112
0.44788 0.38781 1.53882 0.264391 0.565216 0.772651 -0.116786
0.449037 0.387707 1.53793 0.264547 0.565589 0.772223 -0.117461
0.450194 0.387601 1.53704 0.264702 0.56596 0.771794 -0.118135
0.45135 0.387492 1.53615 0.264856 0.566331 0.771366 -0.118809
0.452505 0.38738 1.53526 0.265009 0.5667 0.770938 -0.119483
0.45366 0.387264 1.53437 0.265162 0.567068 0.77051 -0.120157
0.454814 0.387145 1.53348 0.265314 0.567436 0.770081 -0.12083
0.455967 0.387023 1.53258 0.265465 0.567802 0.769653 -0.121504
0.45712 0.386898 1.53168 0.265615 0.568167 0.769225 -0.122177
0.458272 0.38677 1.53078 0.265764 0.568531 0.768797 -0.12285
0.459423 0.386639 1.52988 0.265913 0.568894 0.768369 -0.123523
0.460573 0.386504 1.52898 0.266061 0.569256 0.767942 -0.124196
0.461723 0.386367 1.52807 0.266208 0.569617 0.767514 -0.124869
0.462872 0.386226 1.52716 0.266354 0.569977 0.767086 -0.125542
0.46402 0.386082 1.52625 0.266499 0.570336 0.766658 -0.126214
0.465168 0.385935 1.52534 0.266644 0.570694 0.766231 -0.126886
0.466315 0.385784 1.52443 0.266788 0.57105 0.765803 -0.127558
0.467461 0.385631 1.52351 0.266931 0.571406 0.765376 -0.12823
0.468606 0.385474 1.5226 0.267073 0.571761 0.764948 -0.128902
0.46975 0.385314 1.52168 0.267214 0.572114 0.764521 -0.129574
0.470894 0.385151 1.52076 0.267355 0.572467 0.764094 -0.130245
0.472036 0.384985 1.51983 0.267495 0.572818 0.763666 -0.130917
0.473178 0.384816 1.51891 0.267634 0.573169 0.763239 -0.131588
0.474319 0.384644 1.51798 0.267772 0.573518 0.762812 -0.132259
0.475459 0.384468 1.51705 0.267909 0.573867 0.762385 -0.13293
0.476598 0.384289 1.51612 0.268045 0.574214 0.761958 -0.1336
0.477737 0.384108 1.51519 0.268181 0.57456 0.761532 -0.134271
0.478874 0.383923 1.51426 0.268316 0.574906 0.761105 -0.134941
0.480011 0.383734 1.51332 0.26845 0.57525 0.760678 -0.135611
0.481147 0.383543 1.51239 0.268583 0.575593 0.760252 -0.136281
0.482281 0.383349 1.51145 0.268716 0.575935 0.759825 -0.136951
0.483415 0.383151 1.51051 0.268847 0.576277 0.759399 -0.137621
0.484548 0.38295 1.50956 0.268978 0.576617 0.758973 -0.13829
0.48568 0.382746 1.50862 0.269108 0.576956 0.758547 -0.13896
0.486811 0.382539 1.50767 0.269237 0.577294 0.758121 -0.139629
0.487941 0.382329 1.50672 0.269365 0.577631 0.757695 -0.140298
0.48907 0.382116 1.50577 0.269493 0.577967 0.757269 -0.140967
0.490198 0.381899 1.50482 0.269619 0.578302 0.756843 -0.141635
0.491325 0.38168 1.50387 0.269745 0.578636 0.756418 -0.142304
0.492451 0.381457 1.50291 0.26987 0.578969 0.755992 -0.142972
0.493576 0.381231 1.50195 0.269994 0.579301 0.755567 -0.14364
0.4947 0.381002 1.50099 0.270118 0.579632 0.755142 -0.144308
0.495823 0.38077 1.50003 0.27024 0.579962 0.754716 -0.144975
0.496945 0.380535 1.49907 0.270362 0.58029 0.754291 -0.145643
0.498065 0.380296 1.4981 0.270483 0.580618 0.753867 -0.14631
0.499185 0.380055 1.49714 0.270603 0.580945 0.753442 -0.146977
0.500304 0.37981 1.49617 0.270722 0.581271 0.753017 -0.147644
0.501421 0.379562 1.4952 0.270841 0.581596 0.752593 -0.148311
0.502538 0.379311 1.49423 0.270958 0.58192 0.752168 -0.148978
0.503653 0.379057 1.49325 0.271075 0.582242 0.751744 -0.149644
0.504767 0.3788 1.49228 0.271191 0.582564 0.75132 -0.15031
0.50588 0.37854 1.4913 0.271306 0.582885 0.750896 -0.150976
0.506992 0.378276 1.49032 0.27142 0.583205 0.750472 -0.151642
0.508103 0.37801 1.48934 0.271533 0.583524 0.750048 -0.152307
0.509212 0.37774 1.48836 0.271646 0.583841 0.749625 -0.152973
0.51032 0.377468 1.48737 0.271758 0.584158 0.749201 -0.153638
0.511428 0.377192 1.48639 0.271869 0.584474 0.748778 -0.154303
0.512534 0.376913 1.4854 0.271979 0.584789 0.748355 -0.154968
0.513638 0.376631 1.48441 0.272088 0.585102 0.747932 -0.155632
0.514742 0.376345 1.48342 0.272196 0.585415 0.747509 -0.156297
0.515844 0.376057 1.48242 0.272304 0.585727 0.747086 -0.156961
0.516945 0.375766 1.48143 0.27241 0.586038 0.746664 -0.157625
0.518045 0.375471 1.48043 0.272516 0.586348 0.746241 -0.158289
0.519144 0.375174 1.47943 0.272621 0.586656 0.745819 -0.158952
0.520241 0.374873 1.47843 0.272726 0.586964 0.745397 -0.159616
0.521337 0.374569 1.47743 0.272829 0.587271 0.744975 -0.160279
0.522431 0.374262 1.47642 0.272931 0.587577 0.744553 -0.160942
0.523525 0.373953 1.47542 0.273033 0.587882 0.744132 -0.161604
0.524617 0.37364 1.47441 0.273134 0.588186 0.74371 -0.162267
0.525708 0.373323 1.4734 0.273234 0.588489 0.743289 -0.162929
0.526797 0.373004 1.47239 0.273333 0.588791 0.742868 -0.163591
0.527885 0.372682 1.47138 0.273431 0.589091 0.742447 -0.164253
0.528972 0.372357 1.47036 0.273529 0.589391 0.742026 -0.164915
0.530057 0.372028 1.46935 0.273625 0.58969 0.741606 -0.165576
0.531141 0.371697 1.46833 0.273721 0.589988 0.741185 -0.166237
0.532223 0.371362 1.46731 0.273816 0.590285 0.740765 -0.166898
0.533305 0.371024 1.46629 0.27391 0.590581 0.740345 -0.167559
0.534384 0.370684 1.46527 0.274003 0.590877 0.739925 -0.16822
0.535463 0.37034 1.46424 0.274095 0.591171 0.739506 -0.16888
0.53654 0.369993 1.46321 0.274187 0.591464 0.739086 -0.16954
0.537615 0.369643 1.46219 0.274277 0.591756 0.738667 -0.1702
0.538689 0.36929 1.46116 0.274367 0.592047 0.738248 -0.17086
0.539762 0.368934 1.46012 0.274456 0.592337 0.737829 -0.171519
0.540833 0.368575 1.45909 0.274544 0.592627 0.73741 -0.172178
0.541902 0.368213 1.45806 0.274631 0.592915 0.736992 -0.172837
0.54297 0.367848 1.45702 0.274718 0.593202 0.736573 -0.173496
0.544037 0.36748 1.45598 0.274803 0.593489 0.736155 -0.174155
0.545102 0.367109 1.45494 0.274888 0.593774 0.735737 -0.174813
0.546166 0.366734 1.4539 0.274972 0.594059 0.73532 -0.175471
0.547228 0.366357 1.45285 0.275055 0.594342 0.734902 -0.176129
0.548288 0.365977 1.45181 0.275137 0.594625 0.734485 -0.176786
0.549347 0.365594 1.45076 0.275218 0.594906 0.734068 -0.177443
0.550404 0.365207 1.44971 0.275298 0.595187 0.733651 -0.178101
0.55146 0.364818 1.44866 0.275378 0.595467 0.733234 -0.178757
0.552514 0.364425 1.44761 0.275456 0.595746 0.732818 -0.179414
0.553567 0.36403 1.44656 0.275534 0.596023 0.732401 -0.18007
0.554618 0.363632 1.4455 0.275611 0.5963 0.731985 -0.180726
0.555667 0.36323 1.44445 0.275687 0.596576 0.731569 -0.181382
0.556715 0.362826 1.44339 0.275762 0.596851 0.731154 -0.182038
0.557761 0.362418 1.44233 0.275837 0.597125 0.730738 -0.182693
0.558806 0.362008 1.44126 0.27591 0.597398 0.730323 -0.183348
0.559849 0.361594 1.4402 0.275983 0.597671 0.729908 -0.184003
0.56089 0.361178 1.43914 0.276054 0.597942 0.729494 -0.184658
0.561929 0.360758 1.43807 0.276125 0.598212 0.729079 -0.185312
0.562967 0.360336 1.437 0.276195 0.598482 0.728665 -0.185966
0.564003 0.359911 1.43593 0.276264 0.59875 0.728251 -0.18662
0.565038 0.359482 1.43486 0.276333 0.599018 0.727837 -0.187274
0.56607 0.359051 1.43378 0.2764 0.599284 0.727423 -0.187927
0.567101 0.358617 1.43271 0.276467 0.59955 0.72701 -0.18858
0.568131 0.358179 1.43163 0.276532 0.599815 0.726597 -0.189233
0.569158 0.357739 1.43055 0.276597 0.600078 0.726184 -0.189886
0.570184 0.357296 1.42947 0.276661 0.600341 0.725772 -0.190538
0.571208 0.35685 1.42839 0.276724 0.600603 0.725359 -0.19119
0.57223 0.356401 1.42731 0.276786 0.600864 0.724947 -0.191842
0.573251 0.355949 1.42622 0.276847 0.601124 0.724535 -0.192494
0.574269 0.355494 1.42514 0.276908 0.601384 0.724124 -0.193145
0.575286 0.355036 1.42405 0.276967 0.601642 0.723712 -0.193796
0.576301 0.354575 1.42296 0.277026 0.601899 0.723301 -0.194447
0.577314 0.354111 1.42187 0.277084 0.602156 0.72289 -0.195097
0.578325 0.353644 1.42077 0.277141 0.602411 0.72248 -0.195747
0.579335 0.353174 1.41968 0.277197 0.602666 0.722069 -0.196397
0.580343 0.352702 1.41858 0.277252 0.60292 0.721659 -0.197047
0.581348 0.352226 1.41749 0.277306 0.603172 0.721249 -0.197696
0.582352 0.351748 1.41639 0.27736 0.603424 0.72084 -0.198345
0.583354 0.351267 1.41529 0.277412 0.603675 0.72043 -0.198994
0.584354 0.350782 1.41418 0.277464 0.603926 0.720021 -0.199643
0.585352 0.350295 1.41308 0.277515 0.604175 0.719612 -0.200291
0.586349 0.349805 1.41197 0.277565 0.604423 0.719204 -0.200939
0.587343 0.349312 1.41087 0.277614 0.60467 0.718795 -0.201587
0.588335 0.348816 1.40976 0.277662 0.604917 0.718387 -0.202234
0.589326 0.348317 1.40865 0.277709 0.605163 0.71798 -0.202882
0.590314 0.347816 1.40753 0.277755 0.605407 0.717572 -0.203528
0.591301 0.347311 1.40642 0.277801 0.605651 0.717165 -0.204175
0.592285 0.346804 1.40531 0.277846 0.605894 0.716758 -0.204821
0.593268 0.346294 1.40419 0.277889 0.606136 0.716351 -0.205467
0.594249 0.345781 1.40307 0.277932 0.606377 0.715945 -0.206113
0.595227 0.345265 1.40195 0.277974 0.606618 0.715539 -0.206759
0.596204 0.344746 1.40083 0.278015 0.606857 0.715133 -0.207404
0.597178 0.344224 1.39971 0.278055 0.607096 0.714728 -0.208049
0.598151 0.3437 1.39858 0.278095 0.607333 0.714322 -0.208693
0.599121 0.343172 1.39746 0.278133 0.60757 0.713917 -0.209338
0.60009 0.342642 1.39633 0.278171 0.607806 0.713513 -0.209982
0.601056 0.342109 1.3952 0.278207 0.608041 0.713108 -0.210625
0.60202 0.341573 1.39407 0.278243 0.608275 0.712704 -0.211269
0.602982 0.341034 1.39294 0.278278 0.608509 0.712301 -0.211912
0.603942 0.340493 1.3918 0.278312 0.608741 0.711897 -0.212555
0.6049 0.339949 1.39067 0.278345 0.608972 0.711494 -0.213197
0.605856 0.339401 1.38953 0.278377 0.609203 0.711091 -0.21384
0.60681 0.338852 1.38839 0.278409 0.609433 0.710688 -0.214481
0.607761 0.338299 1.38725 0.278439 0.609662 0.710286 -0.215123
0.608711 0.337743 1.38611 0.278469 0.60989 0.709884 -0.215764
0.609658 0.337185 1.38497 0.278497 0.610117 0.709482 -0.216405
0.610603 0.336624 1.38383 0.278525 0.610344 0.709081 -0.217046
0.611546 0.33606 1.38268 0.278552 0.610569 0.70868 -0.217687
0.612487 0.335493 1.38153 0.278578 0.610794 0.708279 -0.218327
0.613426 0.334924 1.38038 0.278603 0.611018 0.707878 -0.218966
0.614362 0.334352 1.37923 0.278627 0.61124 0.707478 -0.219606
0.615296 0.333777 1.37808 0.27865 0.611463 0.707078 -0.220245
0.616228 0.333199 1.37693 0.278673 0.611684 0.706679 -0.220884
0.617158 0.332618 1.37577 0.278694 0.611904 0.706279 -0.221522
0.618085 0.332035 1.37462 0.278715 0.612124 0.70588 -0.222161
0.61901 0.331449 1.37346 0.278734 0.612342 0.705482 -0.222799
0.619933 0.330861 1.3723 0.278753 0.61256 0.705083 -0.223436
0.620854 0.330269 1.37114 0.278771 0.612777 0.704685 -0.224073
0.621773 0.329675 1.36998 0.278788 0.612994 0.704288 -0.22471
0.622689 0.329078 1.36882 0.278804 0.613209 0.70389 -0.225347
0.623602 0.328478 1.36765 0.278819 0.613423 0.703493 -0.225983
0.624514 0.327876 1.36648 0.278834 0.613637 0.703097 -0.226619
0.625423 0.327271 1.36532 0.278847 0.61385 0.7027 -0.227255
0.62633 0.326663 1.36415 0.27886 0.614062 0.702304 -0.22789
0.627235 0.326053 1.36298 0.278871 0.614273 0.701908 -0.228525
0.628137 0.32544 1.3618 0.278882 0.614483 0.701513 -0.22916
0.629037 0.324824 1.36063 0.278892 0.614693 0.701118 -0.229794
0.629934 0.324206 1.35946 0.278901 0.614902 0.700723 -0.230428
0.630829 0.323585 1.35828 0.278909 0.61511 0.700329 -0.231062
0.631722 0.322961 1.3571 0.278916 0.615317 0.699935 -0.231696
0.632612 0.322335 1.35592 0.278922 0.615523 0.699541 -0.232329
0.6335 0.321705 1.35474 0.278927 0.615728 0.699148 -0.232961
0.634386 0.321074 1.35356 0.278932 0.615933 0.698755 -0.233594
0.635269 0.320439 1.35238 0.278935 0.616137 0.698362 -0.234226
0.636149 0.319802 1.35119 0.278938 0.61634 0.697969 -0.234857
0.637027 0.319163 1.35001 0.278939 0.616542 0.697577 -0.235489
0.637903 0.31852 1.34882 0.27894 0.616743 0.697186 -0.23612
0.638777 0.317876 1.34763 0.27894 0.616944 0.696794 -0.23675
0.639647 0.317228 1.34644 0.278939 0.617143 0.696403 -0.237381
0.640516 0.316578 1.34525 0.278937 0.617342 0.696013 -0.238011
0.641382 0.315925 1.34405 0.278934 0.61754 0.695622 -0.23864
0.642245 0.31527 1.34286 0.27893 0.617738 0.695232 -0.23927
0.643106 0.314612 1.34166 0.278926 0.617934 0.694843 -0.239899
0.643964 0.313952 1.34047 0.27892 0.61813 0.694453 -0.240527
0.64482 0.313289 1.33927 0.278913 0.618325 0.694064 -0.241156
0.645673 0.312623 1.33807 0.278906 0.618519 0.693676 -0.241784
0.646524 0.311955 1.33686 0.278898 0.618712 0.693288 -0.242411
0.647372 0.311284 1.33566 0.278888 0.618905 0.6929 -0.243038
0.648218 0.310611 1.33446 0.278878 0.619097 0.692512 -0.243665
0.649061 0.309935 1.33325 0.278867 0.619288 0.692125 -0.244292
0.649902 0.309257 1.33205 0.278855 0.619478 0.691738 -0.244918
0.650739 0.308576 1.33084 0.278842 0.619667 0.691352 -0.245544
0.651575 0.307892 1.32963 0.278829 0.619856 0.690966 -0.246169
0.652407 0.307206 1.32842 0.278814 0.620044 0.69058 -0.246794
0.653238 0.306518 1.3272 0.278798 0.620231 0.690195 -0.247419
0.654065 0.305827 1.32599 0.278782 0.620417 0.68981 -0.248043
0.65489 0.305133 1.32478 0.278764 0.620603 0.689425 -0.248667
0.655712 0.304437 1.32356 0.278746 0.620788 0.689041 -0.249291
0.656532 0.303739 1.32234 0.278727 0.620971 0.688657 -0.249914
0.657349 0.303038 1.32112 0.278706 0.621155 0.688274 -0.250537
0.658163 0.302334 1.3199 0.278685 0.621337 0.687891 -0.25116
0.658974 0.301629 1.31868 0.278663 0.621519 0.687508 -0.251782
0.659783 0.30092 1.31746 0.27864 0.6217 0.687126 -0.252403
0.660589 0.300209 1.31624 0.278616 0.62188 0.686744 -0.253025
0.661393 0.299496 1.31501 0.278592 0.622059 0.686362 -0.253646
0.662194 0.29878 1.31378 0.278566 0.622238 0.685981 -0.254267
0.662992 0.298062 1.31256 0.278539 0.622416 0.6856 -0.254887
0.663787 0.297342 1.31133 0.278512 0.622593 0.685219 -0.255507
0.664579 0.296619 1.3101 0.278483 0.622769 0.684839 -0.256127
0.665369 0.295893 1.30886 0.278454 0.622945 0.68446 -0.256746
0.666156 0.295166 1.30763 0.278423 0.62312 0.68408 -0.257365
0.666941 0.294435 1.3064 0.278392 0.623294 0.683701 -0.257983
0.667722 0.293703 1.30516 0.27836 0.623467 0.683323 -0.258601
0.668501 0.292968 1.30392 0.278327 0.62364 0.682945 -0.259219
