1.22801 -0.137715 1.61059 -0.0377716 -0.0194332 0.379359 0.924274
1.23163 -0.139673 1.60305 -0.0400593 -0.0148968 0.373746 0.926546
1.23519 -0.141626 1.59546 -0.0422997 -0.0103344 0.368106 0.928764
1.23869 -0.143574 1.5878 -0.0444926 -0.00574625 0.362438 0.930928
1.24213 -0.145517 1.58009 -0.0466379 -0.00113286 0.356744 0.933037
1.24551 -0.147454 1.57233 -0.0487353 0.00350536 0.351024 0.935091
1.24883 -0.149385 1.56451 -0.0507848 0.008168 0.345279 0.93709
1.25209 -0.15131 1.55664 -0.0527862 0.0128546 0.339509 0.939033
1.25529 -0.153228 1.54871 -0.0547394 0.0175648 0.333715 0.94092
1.25843 -0.15514 1.54072 -0.0566442 0.0222981 0.327897 0.94275
1.2615 -0.157044 1.53269 -0.0585006 0.0270541 0.322057 0.944524
1.2645 -0.158941 1.5246 -0.0603083 0.0318324 0.316195 0.94624
1.26745 -0.16083 1.51645 -0.0620673 0.0366324 0.310312 0.947899
1.27032 -0.162711 1.50826 -0.0637775 0.0414538 0.304408 0.9495
1.27313 -0.164584 1.50001 -0.0654387 0.0462961 0.298484 0.951043
1.27587 -0.166448 1.49171 -0.0670509 0.0511588 0.29254 0.952527
1.27854 -0.168303 1.48336 -0.068614 0.0560414 0.286578 0.953952
1.28114 -0.170148 1.47496 -0.0701279 0.0609436 0.280598 0.955318
1.28367 -0.171984 1.4665 -0.0715924 0.0658648 0.2746 0.956625
1.28613 -0.17381 1.458 -0.0730076 0.0708046 0.268585 0.957872
1.28852 -0.175626 1.44945 -0.0743733 0.0757624 0.262554 0.959059
1.29083 -0.177431 1.44085 -0.0756896 0.0807379 0.256508 0.960185
1.29307 -0.179225 1.4322 -0.0769562 0.0857305 0.250448 0.961251
1.29524 -0.181008 1.42351 -0.0781732 0.0907397 0.244373 0.962256
1.29733 -0.182779 1.41477 -0.0793405 0.0957651 0.238284 0.9632
1.29934 -0.184539 1.40598 -0.080458 0.100806 0.232183 0.964083
1.30128 -0.186287 1.39714 -0.0815258 0.105862 0.22607 0.964904
1.30314 -0.188022 1.38826 -0.0825438 0.110933 0.219945 0.965663
1.30492 -0.189744 1.37934 -0.0835119 0.116018 0.21381 0.96636
1.30662 -0.191453 1.37037 -0.0844301 0.121117 0.207665 0.966994
1.30824 -0.193148 1.36136 -0.0852985 0.126229 0.20151 0.967566
1.30978 -0.19483 1.35231 -0.0861169 0.131353 0.195347 0.968075
1.31124 -0.196498 1.34322 -0.0868854 0.13649 0.189175 0.968522
1.31261 -0.198151 1.33408 -0.087604 0.141638 0.182996 0.968905
1.3139 -0.19979 1.32491 -0.0882726 0.146798 0.176811 0.969225
1.31511 -0.201413 1.3157 -0.0888913 0.151968 0.170619 0.969481
1.31623 -0.203021 1.30644 -0.0894601 0.157148 0.164423 0.969674
1.31726 -0.204614 1.29715 -0.089979 0.162337 0.158221 0.969802
1.31821 -0.20619 1.28783 -0.090448 0.167536 0.152016 0.969867
1.31907 -0.207751 1.27847 -0.0908672 0.172743 0.145807 0.969868
1.31984 -0.209294 1.26907 -0.0912365 0.177958 0.139596 0.969804
1.32052 -0.210821 1.25964 -0.0915561 0.183181 0.133383 0.969676
1.32112 -0.21233 1.25017 -0.0918259 0.18841 0.127168 0.969483
1.32162 -0.213822 1.24068 -0.0920459 0.193646 0.120953 0.969226
1.32203 -0.215297 1.23115 -0.0922164 0.198888 0.114738 0.968904
1.32235 -0.216752 1.22159 -0.0923372 0.204135 0.108524 0.968517
1.32257 -0.21819 1.21201 -0.0924085 0.209386 0.102311 0.968065
1.32271 -0.219609 1.20239 -0.0924303 0.214642 0.0961001 0.967548
1.32274 -0.221008 1.19275 -0.0924027 0.219902 0.0898922 0.966967
1.32269 -0.222389 1.18308 -0.0923258 0.225165 0.0836876 0.966319
1.32254 -0.223749 1.17339 -0.0921996 0.23043 0.0774872 0.965607
1.32229 -0.22509 1.16367 -0.0920243 0.235698 0.0712916 0.964829
1.32194 -0.226411 1.15393 -0.0917998 0.240967 0.0651014 0.963986
1.3215 -0.227711 1.14417 -0.0915264 0.246236 0.0589173 0.963078
1.32096 -0.22899 1.13438 -0.0912041 0.251507 0.05274 0.962104
1.32032 -0.230248 1.12458 -0.0908331 0.256777 0.0465701 0.961065
1.31958 -0.231485 1.11476 -0.0904133 0.262046 0.0404084 0.959961
1.31874 -0.2327 1.10492 -0.089945 0.267315 0.0342554 0.958791
1.3178 -0.233894 1.09506 -0.0894283 0.272581 0.0281118 0.957555
1.31676 -0.235065 1.0852 -0.0888632 0.277845 0.0219783 0.956254
1.31562 -0.236214 1.07531 -0.0882499 0.283107 0.0158556 0.954888
1.31437 -0.23734 1.06542 -0.0875886 0.288364 0.00974421 0.953457
1.31302 -0.238443 1.05551 -0.0868794 0.293618 0.00364488 0.95196
1.31157 -0.239523 1.04559 -0.0861224 0.298867 -0.00244175 0.950397
1.31002 -0.240579 1.03567 -0.0853177 0.304111 -0.00851505 0.94877
1.30836 -0.241612 1.02574 -0.0844656 0.30935 -0.0145744 0.947078
1.3066 -0.242621 1.0158 -0.0835661 0.314582 -0.020619 0.94532
1.30473 -0.243606 1.00586 -0.0826195 0.319807 -0.0266484 0.943497
1.30275 -0.244566 0.995913 -0.0816258 0.325026 -0.0326619 0.94161
1.30067 -0.245502 0.985965 -0.0805854 0.330236 -0.0386589 0.939657
1.29849 -0.246412 0.976018 -0.0794982 0.335438 -0.0446386 0.93764
1.29619 -0.247298 0.966071 -0.0783646 0.34063 -0.0506005 0.935558
1.29379 -0.248159 0.956127 -0.0771847 0.345814 -0.056544 0.933412
1.29129 -0.248994 0.946187 -0.0759586 0.350987 -0.0624684 0.931201
1.28867 -0.249803 0.936252 -0.0746866 0.356149 -0.0683731 0.928927
1.28595 -0.250587 0.926323 -0.0733689 0.361301 -0.0742575 0.926588
1.28311 -0.251344 0.916403 -0.0720056 0.36644 -0.0801209 0.924185
1.28017 -0.252075 0.906492 -0.070597 0.371568 -0.0859628 0.921718
1.27712 -0.25278 0.896593 -0.0691433 0.376682 -0.0917825 0.919187
1.27397 -0.253458 0.886706 -0.0676447 0.381783 -0.0975794 0.916594
1.2707 -0.254109 0.876833 -0.0661013 0.386871 -0.103353 0.913936
1.26732 -0.254733 0.866976 -0.0645135 0.391943 -0.109102 0.911216
1.26384 -0.255331 0.857137 -0.0628814 0.397001 -0.114827 0.908433
1.26024 -0.255901 0.847315 -0.0612053 0.402043 -0.120527 0.905587
1.25653 -0.256443 0.837515 -0.0594854 0.407069 -0.126201 0.902679
1.25272 -0.256958 0.827736 -0.057722 0.412079 -0.131848 0.899708
1.24879 -0.257445 0.81798 -0.0559152 0.417071 -0.137469 0.896676
1.24476 -0.257905 0.80825 -0.0540653 0.422045 -0.143062 0.893582
1.24061 -0.258336 0.798546 -0.0521726 0.427002 -0.148627 0.890426
1.23636 -0.25874 0.78887 -0.0502373 0.431939 -0.154163 0.887208
1.23199 -0.259115 0.779225 -0.0482597 0.436857 -0.15967 0.88393
1.22752 -0.259462 0.76961 -0.04624 0.441755 -0.165146 0.880591
1.22293 -0.259781 0.760029 -0.0441785 0.446633 -0.170593 0.877192
1.21824 -0.260071 0.750482 -0.0420754 0.45149 -0.176008 0.873732
1.21344 -0.260333 0.740972 -0.0399311 0.456326 -0.181392 0.870212
1.20852 -0.260566 0.731499 -0.0377458 0.46114 -0.186744 0.866633
1.2035 -0.26077 0.722066 -0.0355198 0.465931 -0.192063 0.862994
1.19837 -0.260946 0.712674 -0.0332533 0.470699 -0.197349 0.859296
1.19313 -0.261091 0.703333 -0.0309483 0.47544 -0.202597 0.855543
1.1878 -0.261204 0.694053 -0.0286068 0.480149 -0.207801 0.851738
1.18238 -0.261283 0.684842 -0.0262308 0.484822 -0.212958 0.847885
1.17687 -0.261327 0.675709 -0.0238228 0.489456 -0.218062 0.843987
1.17128 -0.261334 0.666664 -0.021385 0.494045 -0.223109 0.84005
1.16563 -0.261303 0.657715 -0.01892 0.498587 -0.228094 0.836078
1.15991 -0.261234 0.648871 -0.0164304 0.503077 -0.233014 0.832074
1.15413 -0.261126 0.64014 -0.013919 0.507513 -0.237862 0.828045
1.14831 -0.260977 0.631529 -0.0113885 0.51189 -0.242637 0.823994
1.14245 -0.260788 0.623046 -0.00884185 0.516206 -0.247332 0.819927
1.13657 -0.260557 0.614698 -0.00628216 0.520457 -0.251945 0.815848
1.13066 -0.260285 0.606493 -0.00371253 0.52464 -0.256471 0.811764
1.12475 -0.259971 0.598438 -0.00113614 0.528753 -0.260907 0.80768
1.11883 -0.259616 0.590538 0.00144371 0.532791 -0.265249 0.803601
1.11293 -0.259219 0.5828 0.00402365 0.536754 -0.269494 0.799532
1.10705 -0.25878 0.575231 0.00660025 0.540638 -0.273638 0.795481
1.10119 -0.2583 0.567835 0.00917 0.54444 -0.277677 0.791452
1.09538 -0.25778 0.560618 0.0117293 0.548159 -0.28161 0.787452
1.08963 -0.257219 0.553585 0.0142746 0.551792 -0.285433 0.783486
1.08393 -0.256617 0.546741 0.0168022 0.555337 -0.289142 0.779561
1.07832 -0.255977 0.540091 0.0193083 0.558792 -0.292736 0.775683
1.07279 -0.255297 0.533638 0.0217892 0.562155 -0.296211 0.771859
1.06736 -0.25458 0.527387 0.0242411 0.565424 -0.299565 0.768094
1.06203 -0.253825 0.521342 0.0266601 0.568597 -0.302795 0.764396
1.05684 -0.253033 0.515506 0.0290425 0.571673 -0.3059 0.76077
1.05177 -0.252205 0.509884 0.0313842 0.57465 -0.308876 0.757224
1.04685 -0.251342 0.504477 0.0336815 0.577526 -0.311722 0.753763
1.04208 -0.250445 0.499289 0.0359304 0.5803 -0.314436 0.750394
1.03749 -0.249513 0.494324 0.038127 0.582971 -0.317015 0.747123
1.03307 -0.248548 0.489584 0.0402673 0.585536 -0.319458 0.743958
1.02885 -0.24755 0.485071 0.0423475 0.587994 -0.321762 0.740904
1.02483 -0.246519 0.480789 0.0443637 0.590344 -0.323927 0.737969
1.02101 -0.245459 0.476728 0.0463167 0.59259 -0.325957 0.735149
1.01739 -0.24437 0.472877 0.0482074 0.594737 -0.327858 0.732443
1.01396 -0.243255 0.469228 0.050037 0.59679 -0.329636 0.729848
1.01072 -0.242116 0.46577 0.0518068 0.598752 -0.331296 0.727362
1.00767 -0.240955 0.462496 0.0535179 0.600627 -0.332843 0.724982
1.00479 -0.239772 0.459397 0.0551718 0.60242 -0.334282 0.722704
1.00209 -0.238569 0.456463 0.0567701 0.604135 -0.335618 0.720527
0.999551 -0.237347 0.453688 0.0583142 0.605775 -0.336857 0.718446
0.997178 -0.236108 0.451062 0.059806 0.607343 -0.338003 0.716458
0.994962 -0.234853 0.448579 0.0612471 0.608845 -0.33906 0.71456
0.992896 -0.233582 0.44623 0.0626393 0.610282 -0.340033 0.712748
0.990973 -0.232297 0.444009 0.0639846 0.611659 -0.340928 0.711018
0.989189 -0.230998 0.441907 0.0652848 0.612979 -0.341747 0.709368
0.987535 -0.229686 0.439918 0.0665421 0.614246 -0.342496 0.707793
0.986005 -0.228362 0.438035 0.0677583 0.615462 -0.34318 0.706289
0.984593 -0.227027 0.43625 0.0689358 0.61663 -0.343801 0.704852
0.98329 -0.225681 0.434558 0.0700765 0.617755 -0.344364 0.703478
0.982091 -0.224326 0.432952 0.0711826 0.618838 -0.344874 0.702164
0.980987 -0.222962 0.431425 0.0722566 0.619884 -0.345334 0.700904
0.979972 -0.221589 0.429971 0.0733005 0.620895 -0.345748 0.699696
0.979037 -0.220209 0.428583 0.0743167 0.621875 -0.346121 0.698534
0.978176 -0.218821 0.427255 0.0753076 0.622825 -0.346455 0.697414
0.977381 -0.217428 0.425981 0.0762755 0.62375 -0.346755 0.696333
0.976644 -0.216029 0.424756 0.0772229 0.624652 -0.347024 0.695285
0.975958 -0.214625 0.423571 0.0781521 0.625534 -0.347267 0.694266
0.975314 -0.213218 0.422423 0.0790657 0.626399 -0.347485 0.693273
0.974705 -0.211808 0.421304 0.0799661 0.62725 -0.347684 0.6923
0.974124 -0.210395 0.42021 0.0808559 0.628089 -0.347867 0.691343
0.973561 -0.208982 0.419133 0.0817376 0.628921 -0.348036 0.690397
0.97301 -0.207568 0.418067 0.0826137 0.629747 -0.348196 0.689459
0.972462 -0.206154 0.417009 0.0834868 0.63057 -0.34835 0.688523
0.971909 -0.204743 0.41595 0.0843596 0.631394 -0.3485 0.687585
0.971352 -0.203333 0.414892 0.0852321 0.632218 -0.348648 0.686645
0.970789 -0.201925 0.413834 0.0861042 0.633042 -0.348792 0.685702
0.970222 -0.200518 0.412776 0.0869759 0.633866 -0.348934 0.684758
0.96965 -0.199113 0.411718 0.0878472 0.634691 -0.349072 0.683812
0.969073 -0.19771 0.410661 0.0887182 0.635516 -0.349208 0.682864
0.968492 -0.196309 0.409605 0.0895889 0.63634 -0.34934 0.681914
0.967906 -0.194909 0.408548 0.0904591 0.637165 -0.34947 0.680961
0.967315 -0.193512 0.407492 0.091329 0.637991 -0.349596 0.680007
0.966719 -0.192116 0.406437 0.0921986 0.638816 -0.34972 0.679051
0.966118 -0.190722 0.405381 0.0930677 0.639641 -0.34984 0.678092
0.965513 -0.189329 0.404327 0.0939364 0.640467 -0.349958 0.677132
0.964903 -0.187939 0.403272 0.0948048 0.641292 -0.350072 0.67617
0.964288 -0.18655 0.402218 0.0956728 0.642118 -0.350183 0.675206
0.963668 -0.185163 0.401164 0.0965404 0.642944 -0.350292 0.67424
0.963044 -0.183778 0.400111 0.0974076 0.643769 -0.350397 0.673272
0.962415 -0.182395 0.399058 0.0982744 0.644595 -0.3505 0.672301
0.961781 -0.181013 0.398006 0.0991408 0.645421 -0.350599 0.671329
0.961142 -0.179634 0.396954 0.100007 0.646246 -0.350696 0.670356
0.960499 -0.178256 0.395902 0.100872 0.647072 -0.350789 0.66938
0.959851 -0.17688 0.394851 0.101738 0.647898 -0.35088 0.668402
0.959198 -0.175506 0.393801 0.102602 0.648724 -0.350967 0.667422
0.958541 -0.174135 0.392751 0.103467 0.649549 -0.351052 0.666441
0.957879 -0.172765 0.391701 0.104331 0.650375 -0.351133 0.665457
0.957212 -0.171397 0.390652 0.105194 0.6512 -0.351212 0.664472
0.95654 -0.17003 0.389603 0.106058 0.652025 -0.351287 0.663485
0.955864 -0.168666 0.388555 0.10692 0.652851 -0.35136 0.662495
0.955183 -0.167304 0.387508 0.107783 0.653676 -0.35143 0.661504
0.954497 -0.165944 0.386461 0.108644 0.654501 -0.351496 0.660512
0.953807 -0.164586 0.385414 0.109506 0.655325 -0.35156 0.659517
0.953112 -0.163229 0.384368 0.110367 0.65615 -0.351621 0.65852
0.952412 -0.161875 0.383323 0.111228 0.656974 -0.351679 0.657522
0.951708 -0.160523 0.382278 0.112088 0.657799 -0.351733 0.656522
0.950999 -0.159173 0.381234 0.112947 0.658623 -0.351785 0.65552
0.950285 -0.157825 0.38019 0.113807 0.659446 -0.351834 0.654516
0.949567 -0.156479 0.379147 0.114665 0.66027 -0.35188 0.65351
0.948844 -0.155135 0.378104 0.115524 0.661093 -0.351923 0.652503
0.948116 -0.153793 0.377062 0.116382 0.661916 -0.351963 0.651494
0.947384 -0.152453 0.376021 0.117239 0.662739 -0.352 0.650483
0.946647 -0.151115 0.37498 0.118096 0.663562 -0.352035 0.64947
0.945906 -0.14978 0.37394 0.118953 0.664384 -0.352066 0.648455
0.94516 -0.148446 0.372901 0.119809 0.665206 -0.352094 0.647439
0.944409 -0.147115 0.371862 0.120665 0.666027 -0.35212 0.646421
0.943654 -0.145785 0.370824 0.12152 0.666848 -0.352142 0.645401
0.942894 -0.144458 0.369786 0.122375 0.667669 -0.352162 0.644379
0.942129 -0.143133 0.368749 0.123229 0.668489 -0.352178 0.643356
0.94136 -0.14181 0.367713 0.124083 0.66931 -0.352192 0.642331
0.940587 -0.14049 0.366678 0.124936 0.670129 -0.352203 0.641304
0.939809 -0.139171 0.365643 0.125789 0.670948 -0.352211 0.640276
0.939026 -0.137855 0.364609 0.126641 0.671767 -0.352216 0.639246
0.938238 -0.136541 0.363576 0.127493 0.672586 -0.352218 0.638214
0.937446 -0.135229 0.362543 0.128344 0.673404 -0.352217 0.63718
0.93665 -0.133919 0.361511 0.129195 0.674221 -0.352213 0.636145
0.935849 -0.132612 0.36048 0.130046 0.675038 -0.352207 0.635108
0.935043 -0.131307 0.35945 0.130895 0.675854 -0.352197 0.63407
0.934233 -0.130004 0.35842 0.131745 0.67667 -0.352185 0.633029
0.933419 -0.128703 0.357391 0.132594 0.677486 -0.35217 0.631988
0.9326 -0.127405 0.356363 0.133442 0.678301 -0.352152 0.630944
0.931776 -0.126109 0.355336 0.13429 0.679115 -0.352131 0.629899
0.930948 -0.124815 0.354309 0.135138 0.679929 -0.352107 0.628852
0.930115 -0.123524 0.353283 0.135984 0.680742 -0.35208 0.627804
0.929278 -0.122234 0.352258 0.136831 0.681555 -0.35205 0.626754
0.928437 -0.120948 0.351234 0.137677 0.682367 -0.352018 0.625702
0.927591 -0.119663 0.350211 0.138522 0.683179 -0.351983 0.624649
0.92674 -0.118381 0.349188 0.139367 0.68399 -0.351945 0.623594
0.925888 -0.117099 0.348168 0.14021 0.6848 -0.351902 0.622539
0.925039 -0.115815 0.347151 0.141049 0.68561 -0.351854 0.621485
0.924196 -0.114526 0.346139 0.141883 0.686419 -0.351798 0.620432
0.923363 -0.11323 0.345132 0.14271 0.687228 -0.351733 0.619383
0.922542 -0.111925 0.344132 0.143529 0.688037 -0.351657 0.618338
0.921738 -0.110609 0.343141 0.144339 0.688846 -0.35157 0.617298
0.920953 -0.109279 0.342159 0.145136 0.689654 -0.351469 0.616265
0.920192 -0.107932 0.341187 0.145921 0.690463 -0.351352 0.615239
0.919457 -0.106567 0.340227 0.146691 0.691272 -0.351219 0.614223
0.918753 -0.105181 0.33928 0.147444 0.692081 -0.351068 0.613217
0.918083 -0.103771 0.338347 0.14818 0.692891 -0.350898 0.612222
0.917449 -0.102335 0.337429 0.148895 0.693701 -0.350707 0.61124
0.916856 -0.100871 0.336528 0.14959 0.694512 -0.350493 0.610272
0.916307 -0.0993759 0.335643 0.150261 0.695323 -0.350255 0.609318
0.915806 -0.0978471 0.334777 0.150908 0.696136 -0.349992 0.608381
0.915355 -0.0962821 0.33393 0.151528 0.696949 -0.349702 0.607462
0.914959 -0.0946784 0.333104 0.15212 0.697764 -0.349384 0.606561
0.91462 -0.0930333 0.3323 0.152682 0.69858 -0.349036 0.60568
0.914342 -0.091344 0.331519 0.153212 0.699397 -0.348657 0.604821
0.914128 -0.089608 0.330762 0.153709 0.700217 -0.348245 0.603983
0.913982 -0.0878223 0.330029 0.154171 0.701037 -0.347799 0.603169
0.913907 -0.0859841 0.329323 0.154596 0.70186 -0.347318 0.602381
0.913905 -0.0840906 0.328645 0.154982 0.702685 -0.3468 0.601618
0.913982 -0.0821388 0.327995 0.155328 0.703512 -0.346244 0.600882
0.914138 -0.0801257 0.327375 0.155631 0.704341 -0.345648 0.600175
0.914378 -0.0780482 0.326786 0.155891 0.705172 -0.345011 0.599498
0.914706 -0.0759031 0.326229 0.156104 0.706006 -0.34433 0.598851
0.915122 -0.0736873 0.325707 0.15627 0.706843 -0.343606 0.598237
0.915632 -0.0713975 0.325219 0.156386 0.707682 -0.342836 0.597656
0.916238 -0.0690302 0.324767 0.156451 0.708524 -0.342019 0.59711
0.916943 -0.0665821 0.324354 0.156463 0.709368 -0.341153 0.596599
0.917749 -0.0640495 0.32398 0.15642 0.710216 -0.340236 0.596126
0.918653 -0.0614338 0.323644 0.156323 0.711065 -0.339271 0.595688
0.91965 -0.0587364 0.323346 0.156173 0.711918 -0.338259 0.595285
0.920738 -0.0559586 0.323085 0.155973 0.712772 -0.337201 0.594915
0.92191 -0.0531018 0.32286 0.155724 0.713629 -0.336098 0.594577
0.923165 -0.0501675 0.32267 0.155426 0.714487 -0.334952 0.594271
0.924497 -0.0471569 0.322514 0.155082 0.715347 -0.333765 0.593994
0.925902 -0.0440717 0.322393 0.154693 0.716208 -0.332538 0.593746
0.927377 -0.0409132 0.322303 0.15426 0.717071 -0.331272 0.593526
0.928918 -0.037683 0.322246 0.153785 0.717934 -0.329968 0.593331
0.930519 -0.0343827 0.32222 0.153269 0.718798 -0.328629 0.593162
0.932178 -0.0310139 0.322225 0.152714 0.719662 -0.327255 0.593017
0.933891 -0.0275782 0.322259 0.152122 0.720526 -0.325849 0.592894
0.935653 -0.0240774 0.322323 0.151493 0.721391 -0.32441 0.592793
0.93746 -0.0205133 0.322414 0.15083 0.722255 -0.322942 0.592711
0.939308 -0.0168876 0.322532 0.150134 0.723119 -0.321444 0.592649
0.941194 -0.0132023 0.322677 0.149406 0.723981 -0.319919 0.592605
0.943113 -0.00945925 0.322846 0.148648 0.724843 -0.318368 0.592577
0.945062 -0.00566058 0.323041 0.147862 0.725704 -0.316792 0.592564
0.947037 -0.00180835 0.323259 0.14705 0.726564 -0.315194 0.592566
0.949034 0.00209529 0.323499 0.146212 0.727422 -0.313573 0.592581
0.951049 0.0060481 0.323761 0.14535 0.728278 -0.311932 0.592607
0.953078 0.0100478 0.324043 0.144467 0.729132 -0.310272 0.592644
0.955118 0.0140919 0.324345 0.143563 0.729984 -0.308595 0.59269
0.957165 0.0181781 0.324665 0.142641 0.730834 -0.306902 0.592744
0.959216 0.0223037 0.325002 0.141701 0.731682 -0.305195 0.592806
0.961266 0.0264662 0.325355 0.140746 0.732527 -0.303474 0.592873
0.963312 0.0306629 0.325723 0.139777 0.73337 -0.301742 0.592944
0.965352 0.034891 0.326103 0.138796 0.73421 -0.3 0.593019
0.96738 0.0391476 0.326496 0.137804 0.735047 -0.298249 0.593097
0.969395 0.0434299 0.3269 0.136803 0.735881 -0.296492 0.593175
0.971393 0.0477348 0.327313 0.135796 0.736712 -0.294729 0.593253
0.973369 0.0520593 0.327733 0.134782 0.73754 -0.292962 0.59333
0.975325 0.0564026 0.328162 0.133764 0.738365 -0.291192 0.593406
0.97726 0.060764 0.328598 0.13274 0.739187 -0.289418 0.593481
0.979172 0.0651428 0.329042 0.131711 0.740005 -0.287641 0.593555
0.981062 0.0695382 0.329494 0.130676 0.740819 -0.28586 0.593628
0.982929 0.0739494 0.329953 0.129637 0.74163 -0.284077 0.5937
0.984772 0.0783756 0.330421 0.128593 0.742436 -0.282291 0.593772
0.986592 0.0828161 0.330896 0.127544 0.743237 -0.280502 0.593843
0.988387 0.08727 0.331379 0.12649 0.744034 -0.278711 0.593914
0.990158 0.0917364 0.331869 0.125432 0.744826 -0.276917 0.593984
0.991903 0.0962147 0.332367 0.12437 0.745613 -0.275121 0.594055
0.993623 0.100704 0.332873 0.123304 0.746395 -0.273324 0.594125
0.995317 0.105203 0.333386 0.122233 0.747171 -0.271525 0.594195
0.996985 0.109711 0.333906 0.121159 0.747942 -0.269724 0.594266
0.998627 0.114228 0.334434 0.120081 0.748707 -0.267923 0.594336
1.00024 0.118751 0.334969 0.119 0.749466 -0.26612 0.594408
1.00183 0.123282 0.335511 0.117915 0.750218 -0.264316 0.594479
1.00339 0.127817 0.33606 0.116827 0.750964 -0.262512 0.594551
1.00492 0.132357 0.336617 0.115736 0.751704 -0.260708 0.594624
1.00643 0.136901 0.33718 0.114643 0.752436 -0.258903 0.594698
1.0079 0.141448 0.33775 0.113547 0.753162 -0.257099 0.594773
1.00935 0.145996 0.338326 0.112448 0.75388 -0.255295 0.594849
1.01077 0.150544 0.33891 0.111348 0.754591 -0.253491 0.594926
1.01216 0.155092 0.339499 0.110245 0.755294 -0.251689 0.595004
1.01352 0.159639 0.340095 0.109141 0.755989 -0.249887 0.595084
1.01485 0.164184 0.340698 0.108036 0.756677 -0.248087 0.595165
1.01615 0.168725 0.341306 0.106929 0.757356 -0.246289 0.595248
1.01743 0.173262 0.34192 0.105821 0.758027 -0.244493 0.595333
1.01867 0.177793 0.34254 0.104712 0.758689 -0.242699 0.595419
1.01989 0.182318 0.343165 0.103603 0.759342 -0.240907 0.595508
1.02107 0.186835 0.343796 0.102494 0.759987 -0.239118 0.595599
1.02223 0.191343 0.344433 0.101385 0.760622 -0.237332 0.595692
1.02335 0.195842 0.345074 0.100275 0.761248 -0.23555 0.595787
1.02445 0.200331 0.34572 0.0991665 0.761865 -0.233771 0.595885
1.02551 0.204812 0.346371 0.0980578 0.762473 -0.231995 0.595985
1.02655 0.209284 0.347028 0.0969493 0.763072 -0.230221 0.596087
1.02756 0.213747 0.347689 0.095841 0.763663 -0.228451 0.596191
1.02855 0.218203 0.348354 0.0947328 0.764245 -0.226683 0.596297
1.0295 0.222652 0.349025 0.0936248 0.764819 -0.224918 0.596405
1.03043 0.227093 0.3497 0.0925168 0.765384 -0.223155 0.596514
1.03133 0.231528 0.350379 0.0914088 0.765942 -0.221394 0.596625
1.03221 0.235957 0.351063 0.0903008 0.766493 -0.219635 0.596737
1.03306 0.24038 0.351752 0.0891927 0.767035 -0.217878 0.596851
1.03389 0.244799 0.352445 0.0880844 0.767571 -0.216123 0.596965
1.03469 0.249213 0.353143 0.0869759 0.768099 -0.214369 0.597081
1.03547 0.253622 0.353845 0.0858671 0.76862 -0.212616 0.597198
1.03622 0.258029 0.354551 0.084758 0.769134 -0.210865 0.597315
1.03695 0.262432 0.355262 0.0836483 0.769641 -0.209114 0.597434
1.03766 0.266832 0.355977 0.0825381 0.770142 -0.207365 0.597552
1.03834 0.271231 0.356697 0.0814273 0.770636 -0.205615 0.597672
1.039 0.275629 0.357421 0.0803157 0.771125 -0.203866 0.597792
1.03964 0.280025 0.358149 0.0792033 0.771607 -0.202118 0.597912
1.04025 0.284422 0.358882 0.0780899 0.772083 -0.200369 0.598032
1.04084 0.288819 0.35962 0.0769755 0.772554 -0.19862 0.598152
1.04141 0.293216 0.360362 0.0758598 0.773019 -0.19687 0.598272
1.04196 0.297616 0.361108 0.0747429 0.773478 -0.19512 0.598392
1.04249 0.302017 0.361859 0.0736246 0.773932 -0.193369 0.598512
1.04299 0.306422 0.362615 0.0725047 0.774382 -0.191617 0.598631
1.04348 0.310829 0.363376 0.0713831 0.774826 -0.189864 0.59875
1.04394 0.315241 0.364141 0.0702597 0.775265 -0.188109 0.598867
1.04438 0.319658 0.364911 0.0691343 0.7757 -0.186352 0.598985
1.0448 0.32408 0.365685 0.0680069 0.77613 -0.184594 0.599101
1.0452 0.328508 0.366465 0.0668772 0.776556 -0.182833 0.599216
1.04558 0.332943 0.36725 0.065745 0.776978 -0.181069 0.59933
1.04594 0.337385 0.368039 0.0646103 0.777396 -0.179303 0.599443
1.04628 0.341833 0.368834 0.0634734 0.777809 -0.177535 0.599554
1.0466 0.346285 0.369633 0.0623346 0.778218 -0.175765 0.599665
1.04689 0.350739 0.370437 0.0611943 0.778621 -0.173994 0.599775
1.04717 0.355194 0.371245 0.0600529 0.779019 -0.172222 0.599885
1.04742 0.359648 0.372058 0.0589106 0.779411 -0.17045 0.599995
1.04765 0.364099 0.372874 0.0577679 0.779797 -0.168678 0.600105
1.04786 0.368545 0.373694 0.0566252 0.780177 -0.166908 0.600216
1.04804 0.372985 0.374517 0.0554828 0.78055 -0.165138 0.600327
1.0482 0.377417 0.375343 0.0543412 0.780916 -0.163371 0.600439
1.04834 0.381839 0.376173 0.0532007 0.781275 -0.161607 0.600552
1.04846 0.386249 0.377005 0.0520619 0.781626 -0.159845 0.600666
1.04856 0.390646 0.377839 0.050925 0.781969 -0.158087 0.600782
1.04863 0.395027 0.378676 0.0497905 0.782304 -0.156334 0.6009
1.04868 0.399391 0.379514 0.0486589 0.782631 -0.154585 0.60102
1.04871 0.403737 0.380354 0.0475306 0.782948 -0.152842 0.601143
1.04872 0.408061 0.381195 0.046406 0.783257 -0.151105 0.601268
1.0487 0.412363 0.382037 0.0452856 0.783556 -0.149374 0.601396
1.04866 0.41664 0.382879 0.0441698 0.783845 -0.147651 0.601527
1.04861 0.420891 0.383722 0.0430591 0.784125 -0.145936 0.601661
1.04853 0.425113 0.384564 0.0419539 0.784395 -0.144229 0.6018
1.04842 0.429306 0.385406 0.0408548 0.784654 -0.142532 0.601942
1.0483 0.433466 0.386247 0.0397622 0.784902 -0.140844 0.602088
1.04816 0.437592 0.387087 0.0386765 0.78514 -0.139167 0.602239
1.048 0.441683 0.387926 0.0375983 0.785367 -0.137501 0.602394
1.04782 0.445736 0.388762 0.036528 0.785582 -0.135847 0.602555
1.04762 0.44975 0.389596 0.0354661 0.785786 -0.134205 0.60272
1.0474 0.453722 0.390428 0.0344131 0.785978 -0.132576 0.602892
1.04716 0.457652 0.391256 0.0333695 0.786158 -0.130961 0.603069
1.0469 0.461535 0.392081 0.0323357 0.786325 -0.12936 0.603252
1.04663 0.465372 0.392901 0.0313122 0.786481 -0.127774 0.603441
1.04634 0.46916 0.393718 0.0302996 0.786624 -0.126204 0.603637
1.04604 0.472898 0.394529 0.0292983 0.786754 -0.124651 0.60384
1.04572 0.476586 0.395336 0.0283081 0.786871 -0.123113 0.604049
1.04538 0.480226 0.396139 0.0273285 0.786977 -0.121591 0.604265
1.04503 0.483819 0.396937 0.0263594 0.787071 -0.120084 0.604487
1.04467 0.487368 0.39773 0.0254005 0.787153 -0.118592 0.604715
1.04429 0.490873 0.398519 0.0244513 0.787225 -0.117114 0.604949
1.0439 0.494337 0.399304 0.0235116 0.787287 -0.11565 0.605188
1.0435 0.497759 0.400085 0.0225811 0.787338 -0.114199 0.605432
1.04309 0.501143 0.400862 0.0216595 0.787379 -0.112761 0.605681
1.04266 0.50449 0.401635 0.0207463 0.787411 -0.111336 0.605936
1.04222 0.507801 0.402404 0.0198413 0.787434 -0.109922 0.606194
1.04178 0.511077 0.40317 0.018944 0.787448 -0.10852 0.606457
1.04132 0.514321 0.403933 0.0180542 0.787453 -0.107128 0.606725
1.04085 0.517534 0.404692 0.0171715 0.787451 -0.105747 0.606996
1.04037 0.520717 0.405448 0.0162955 0.787441 -0.104376 0.60727
1.03989 0.523872 0.406202 0.0154258 0.787423 -0.103015 0.607548
1.03939 0.527001 0.406952 0.0145621 0.787399 -0.101662 0.607829
1.03889 0.530105 0.407701 0.013704 0.787367 -0.100317 0.608113
1.03837 0.533186 0.408447 0.0128511 0.787329 -0.098981 0.608399
1.03785 0.536245 0.409191 0.0120031 0.787285 -0.0976519 0.608688
1.03732 0.539284 0.409934 0.0111596 0.787236 -0.0963296 0.608979
1.03678 0.542305 0.410674 0.0103202 0.78718 -0.0950136 0.609272
1.03623 0.545309 0.411414 0.00948442 0.78712 -0.0937034 0.609567
1.03567 0.548299 0.412152 0.00865199 0.787054 -0.0923983 0.609863
1.0351 0.551274 0.412889 0.00782251 0.786984 -0.091098 0.61016
1.03453 0.554238 0.413626 0.00699556 0.78691 -0.0898017 0.610458
1.03395 0.557192 0.414363 0.00617078 0.786832 -0.0885091 0.610757
1.03335 0.560137 0.415099 0.00534776 0.786749 -0.0872194 0.611056
1.03275 0.563075 0.415835 0.00452611 0.786664 -0.0859323 0.611356
1.03215 0.566008 0.416572 0.00370545 0.786575 -0.0846471 0.611655
1.03153 0.568937 0.417309 0.00288538 0.786483 -0.0833633 0.611954
1.0309 0.571865 0.418048 0.00206551 0.786388 -0.0820802 0.612252
1.03027 0.574792 0.418787 0.00124544 0.786291 -0.0807974 0.612549
1.02963 0.577718 0.419528 0.00042555 0.786191 -0.0795141 0.612846
1.02898 0.580643 0.420273 -0.000393768 0.786088 -0.0782293 0.613144
1.02832 0.583565 0.421021 -0.00121213 0.785982 -0.0769422 0.613442
1.02766 0.586485 0.421774 -0.00202914 0.785872 -0.0756521 0.613741
1.027 0.589401 0.422532 -0.00284441 0.785757 -0.074358 0.614043
1.02634 0.592314 0.423297 -0.00365753 0.785638 -0.0730592 0.614346
1.02567 0.595221 0.424069 -0.0044681 0.785514 -0.0717548 0.614653
1.025 0.598124 0.424849 -0.00527571 0.785385 -0.070444 0.614964
1.02434 0.601021 0.425638 -0.00607994 0.78525 -0.069126 0.615279
1.02367 0.603912 0.426437 -0.00688039 0.785108 -0.0678 0.615598
1.02301 0.606796 0.427247 -0.00767663 0.78496 -0.0664652 0.615923
1.02235 0.609673 0.428068 -0.00846824 0.784805 -0.0651207 0.616254
1.0217 0.612542 0.428902 -0.00925477 0.784642 -0.0637657 0.616591
1.02106 0.615402 0.429749 -0.0100358 0.784472 -0.0623994 0.616936
1.02042 0.618253 0.43061 -0.0108109 0.784293 -0.0610211 0.617288
1.01979 0.621094 0.431486 -0.0115796 0.784105 -0.0596299 0.617648
1.01917 0.623926 0.432379 -0.0123415 0.783908 -0.058225 0.618017
1.01856 0.626746 0.433288 -0.0130961 0.783701 -0.0568056 0.618396
1.01796 0.629556 0.434215 -0.0138429 0.783484 -0.0553709 0.618785
1.01738 0.632353 0.435161 -0.0145815 0.783257 -0.0539202 0.619184
1.01681 0.635138 0.436126 -0.0153114 0.783017 -0.0524526 0.619595
1.01625 0.63791 0.437112 -0.0160321 0.782767 -0.0509674 0.620018
1.01571 0.640669 0.438119 -0.0167432 0.782503 -0.0494637 0.620453
1.01519 0.643414 0.439148 -0.0174441 0.782227 -0.0479409 0.620901
1.01469 0.646144 0.4402 -0.0181344 0.781938 -0.046398 0.621362
1.01421 0.648859 0.441276 -0.0188135 0.781635 -0.0448344 0.621838
1.01375 0.651558 0.442377 -0.019481 0.781317 -0.0432492 0.622329
1.01331 0.654241 0.443504 -0.0201362 0.780984 -0.0416418 0.622836
1.01289 0.656907 0.444657 -0.0207788 0.780636 -0.0400113 0.623358
1.0125 0.659556 0.445838 -0.0214081 0.780271 -0.0383569 0.623897
1.01214 0.662188 0.447047 -0.0220235 0.779889 -0.0366779 0.624453
1.0118 0.6648 0.448286 -0.0226246 0.779491 -0.0349736 0.625028
1.01149 0.667394 0.449551 -0.023212 0.779075 -0.0332471 0.625618
1.0112 0.66997 0.450839 -0.0237866 0.778643 -0.0315015 0.626224
1.01092 0.672527 0.452148 -0.0243489 0.778197 -0.0297399 0.626843
1.01066 0.675066 0.453475 -0.0248998 0.777737 -0.0279655 0.627474
1.01042 0.677586 0.454816 -0.0254401 0.777263 -0.0261813 0.628116
1.01018 0.680088 0.456169 -0.0259706 0.776777 -0.0243905 0.628767
1.00995 0.68257 0.457531 -0.0264922 0.77628 -0.0225961 0.629426
1.00973 0.685035 0.458898 -0.0270056 0.775772 -0.0208013 0.630091
1.0095 0.68748 0.460269 -0.0275118 0.775256 -0.0190091 0.630761
1.00928 0.689907 0.461639 -0.0280117 0.774731 -0.0172226 0.631435
1.00905 0.692316 0.463005 -0.0285062 0.7742 -0.0154448 0.63211
1.00881 0.694706 0.464366 -0.0289963 0.773663 -0.0136789 0.632786
1.00857 0.697077 0.465717 -0.0294829 0.773121 -0.0119278 0.633461
1.00831 0.699429 0.467056 -0.0299672 0.772576 -0.0101947 0.634133
1.00803 0.701763 0.46838 -0.0304499 0.772029 -0.00848246 0.634801
1.00774 0.704078 0.469685 -0.0309324 0.771481 -0.00679422 0.635464
1.00743 0.706375 0.470969 -0.0314155 0.770934 -0.00513296 0.636119
1.00709 0.708653 0.472229 -0.0319004 0.770389 -0.00350168 0.636767
1.00673 0.710912 0.473461 -0.0323881 0.769847 -0.00190339 0.637404
1.00633 0.713153 0.474663 -0.0328799 0.769309 -0.000341077 0.63803
1.00591 0.715376 0.475832 -0.0333768 0.768778 0.00118228 0.638643
1.00545 0.71758 0.476963 -0.0338799 0.768255 0.00266372 0.639241
1.00496 0.719765 0.478056 -0.0343905 0.76774 0.00410027 0.639824
1.00442 0.721932 0.479105 -0.0349097 0.767237 0.00548897 0.64039
1.00384 0.72408 0.480109 -0.0354386 0.766745 0.00682689 0.640936
1.00322 0.72621 0.481064 -0.0359784 0.766267 0.00811108 0.641463
1.00254 0.728321 0.481967 -0.0365303 0.765804 0.00933862 0.641967
1.00182 0.730413 0.482815 -0.0370955 0.765358 0.0105066 0.642449
1.00104 0.732487 0.483606 -0.0376751 0.764931 0.011612 0.642905
1.00021 0.734542 0.484335 -0.0382703 0.764523 0.0126521 0.643335
0.99932 0.736578 0.485001 -0.0388821 0.764137 0.0136238 0.643737
0.998366 0.738594 0.485599 -0.0395118 0.763773 0.0145244 0.644111
0.997355 0.740592 0.486133 -0.0401585 0.763432 0.0153566 0.644456
0.996289 0.742571 0.486608 -0.0408213 0.763112 0.0161236 0.644774
0.995172 0.74453 0.487027 -0.0414994 0.762813 0.0168282 0.645067
0.994008 0.746471 0.487393 -0.0421919 0.762533 0.0174734 0.645335
0.992801 0.748394 0.487711 -0.0428979 0.762272 0.0180621 0.645581
0.991554 0.750298 0.487983 -0.0436164 0.762029 0.0185972 0.645805
0.990271 0.752183 0.488214 -0.0443465 0.761802 0.0190817 0.646009
0.988955 0.75405 0.488407 -0.0450873 0.761591 0.0195183 0.646193
0.98761 0.755899 0.488566 -0.0458377 0.761394 0.0199101 0.64636
0.98624 0.75773 0.488695 -0.0465969 0.761211 0.02026 0.64651
0.984847 0.759544 0.488796 -0.0473638 0.761041 0.0205707 0.646646
0.983437 0.76134 0.488875 -0.0481375 0.760881 0.0208452 0.646767
0.982011 0.763119 0.488935 -0.0489171 0.760733 0.0210864 0.646876
0.980575 0.76488 0.488979 -0.0497015 0.760593 0.0212971 0.646974
0.979131 0.766626 0.489011 -0.0504899 0.760461 0.0214802 0.647061
0.977682 0.768354 0.489035 -0.0512812 0.760336 0.0216385 0.64714
0.976234 0.770067 0.489055 -0.0520746 0.760217 0.0217749 0.647212
0.974788 0.771765 0.489073 -0.052869 0.760103 0.0218922 0.647278
0.97335 0.773447 0.489095 -0.0536637 0.759992 0.0219933 0.647339
0.971921 0.775115 0.489124 -0.0544576 0.759884 0.022081 0.647397
0.970506 0.776769 0.489162 -0.05525 0.759777 0.0221581 0.647453
0.969109 0.778409 0.489215 -0.0560397 0.759669 0.0222275 0.647509
0.967732 0.780036 0.489286 -0.0568261 0.759561 0.022292 0.647565
0.96638 0.78165 0.489378 -0.0576083 0.75945 0.0223544 0.647624
0.965056 0.783252 0.489496 -0.0583852 0.759336 0.0224175 0.647686
0.963764 0.784844 0.489642 -0.0591562 0.759218 0.0224841 0.647753
0.962506 0.786424 0.489821 -0.0599204 0.759093 0.022557 0.647826
0.961287 0.787995 0.490037 -0.0606769 0.758962 0.022639 0.647906
0.96011 0.789556 0.490292 -0.0614249 0.758822 0.022733 0.647996
0.958979 0.791109 0.490592 -0.0621635 0.758673 0.0228417 0.648096
0.957896 0.792654 0.490939 -0.0628919 0.758514 0.0229678 0.648208
0.956867 0.794191 0.491338 -0.0636093 0.758343 0.0231143 0.648333
0.955888 0.795722 0.491787 -0.0643161 0.75816 0.0232805 0.648471
0.954958 0.797247 0.492284 -0.0650127 0.757967 0.0234656 0.648621
0.954076 0.798765 0.492828 -0.0656993 0.757763 0.023669 0.648783
0.953239 0.800277 0.493416 -0.0663765 0.757548 0.02389 0.648957
0.952447 0.801784 0.494049 -0.0670444 0.757323 0.0241281 0.649141
0.951696 0.803286 0.494723 -0.0677036 0.757089 0.0243825 0.649337
0.950986 0.804782 0.495438 -0.0683543 0.756845 0.0246526 0.649543
0.950315 0.806275 0.496192 -0.0689968 0.756592 0.0249377 0.649759
0.949681 0.807762 0.496983 -0.0696316 0.75633 0.0252372 0.649984
0.949083 0.809246 0.49781 -0.0702589 0.75606 0.0255505 0.650218
0.948517 0.810725 0.498672 -0.070879 0.755782 0.0258768 0.650461
0.947984 0.8122 0.499566 -0.0714924 0.755496 0.0262156 0.650713
0.947481 0.813672 0.500491 -0.0720993 0.755203 0.0265661 0.650972
0.947006 0.815141 0.501445 -0.0727001 0.754903 0.0269278 0.651239
0.946558 0.816606 0.502428 -0.073295 0.754595 0.0273 0.651512
0.946134 0.818069 0.503437 -0.0738845 0.754282 0.027682 0.651792
0.945734 0.819528 0.50447 -0.0744688 0.753963 0.0280733 0.652079
0.945355 0.820985 0.505527 -0.0750483 0.753637 0.0284731 0.652371
0.944996 0.822439 0.506606 -0.0756234 0.753307 0.0288808 0.652668
0.944655 0.82389 0.507704 -0.0761942 0.752971 0.0292958 0.652971
0.94433 0.82534 0.508821 -0.0767612 0.752631 0.0297175 0.653277
0.944019 0.826787 0.509955 -0.0773248 0.752287 0.0301451 0.653588
0.943721 0.828232 0.511104 -0.0778851 0.751938 0.0305781 0.653902
0.943434 0.829676 0.512267 -0.0784427 0.751586 0.0310158 0.654219
0.943157 0.831118 0.513442 -0.0789978 0.751231 0.0314576 0.654539
0.942887 0.832558 0.514628 -0.0795508 0.750873 0.0319028 0.654862
0.942622 0.833997 0.515822 -0.080102 0.750512 0.0323509 0.655186
0.942362 0.835435 0.517023 -0.0806517 0.75015 0.032801 0.655511
0.942104 0.836871 0.51823 -0.0812005 0.749785 0.0332528 0.655838
0.941847 0.838307 0.519442 -0.0817485 0.749419 0.0337054 0.656164
0.941589 0.839742 0.520655 -0.0822962 0.749053 0.0341582 0.656491
0.941328 0.841176 0.521869 -0.0828439 0.748685 0.0346107 0.656817
0.941065 0.84261 0.523085 -0.0833918 0.748317 0.0350628 0.657143
0.940801 0.844045 0.524305 -0.0839401 0.747948 0.0355144 0.657469
0.940537 0.84548 0.525529 -0.084489 0.747578 0.0359656 0.657795
0.940272 0.846915 0.52676 -0.0850386 0.747207 0.0364163 0.658122
0.940009 0.848352 0.527998 -0.0855892 0.746834 0.0368664 0.658449
0.939748 0.84979 0.529245 -0.0861409 0.746459 0.037316 0.658776
0.93949 0.851231 0.530501 -0.0866939 0.746082 0.0377649 0.659105
0.939235 0.852673 0.53177 -0.0872484 0.745703 0.0382133 0.659434
0.938984 0.854118 0.533051 -0.0878045 0.745322 0.038661 0.659765
0.938738 0.855566 0.534347 -0.0883625 0.744939 0.039108 0.660098
0.938498 0.857018 0.535658 -0.0889224 0.744553 0.0395543 0.660431
0.938264 0.858473 0.536986 -0.0894845 0.744163 0.0399998 0.660767
0.938038 0.859932 0.538332 -0.090049 0.743771 0.0404446 0.661105
0.937819 0.861395 0.539699 -0.090616 0.743376 0.0408885 0.661445
0.937609 0.862863 0.541086 -0.0911857 0.742977 0.0413316 0.661787
0.937408 0.864336 0.542496 -0.0917582 0.742574 0.0417739 0.662132
0.937217 0.865815 0.54393 -0.0923337 0.742168 0.0422152 0.66248
0.937037 0.867299 0.545389 -0.0929125 0.741757 0.0426556 0.66283
0.936869 0.868789 0.546875 -0.0934946 0.741342 0.0430951 0.663184
0.936713 0.870285 0.548389 -0.0940802 0.740923 0.0435336 0.663541
0.936569 0.871788 0.549933 -0.0946695 0.740499 0.043971 0.663902
0.936439 0.873298 0.551507 -0.0952626 0.74007 0.0444074 0.664266
0.936323 0.874815 0.553114 -0.0958597 0.739636 0.0448427 0.664634
0.936222 0.876339 0.554755 -0.096461 0.739197 0.045277 0.665006
0.936136 0.877871 0.556431 -0.0970666 0.738752 0.04571 0.665383
0.936067 0.879412 0.558143 -0.0976767 0.738301 0.046142 0.665764
0.936014 0.88096 0.559894 -0.0982913 0.737845 0.0465727 0.666149
0.935979 0.882517 0.561684 -0.0989108 0.737382 0.0470022 0.666539
0.935962 0.884084 0.563516 -0.0995351 0.736913 0.0474305 0.666935
0.935963 0.885659 0.56539 -0.100165 0.736438 0.0478575 0.667335
0.935984 0.887243 0.567307 -0.100799 0.735955 0.0482832 0.667741
0.936024 0.888837 0.569271 -0.101439 0.735466 0.0487076 0.668152
0.936084 0.890441 0.571278 -0.102084 0.73497 0.0491307 0.668569
0.936161 0.892052 0.573328 -0.102734 0.734467 0.0495525 0.668991
0.936256 0.893672 0.57542 -0.103389 0.733957 0.0499731 0.669418
0.936367 0.8953 0.577552 -0.104048 0.733442 0.0503925 0.669849
0.936494 0.896935 0.579724 -0.104712 0.73292 0.0508108 0.670285
0.936634 0.898576 0.581933 -0.105379 0.732392 0.0512279 0.670726
0.936789 0.900224 0.584178 -0.106051 0.731858 0.051644 0.671171
0.936956 0.901878 0.586459 -0.106726 0.731319 0.0520589 0.671619
0.937135 0.903537 0.588774 -0.107405 0.730774 0.0524729 0.672072
0.937325 0.905201 0.591122 -0.108086 0.730223 0.0528859 0.672528
0.937526 0.906869 0.593501 -0.108771 0.729668 0.0532979 0.672988
0.937735 0.908542 0.59591 -0.109459 0.729108 0.053709 0.67345
0.937953 0.910218 0.598348 -0.11015 0.728543 0.0541192 0.673916
0.938179 0.911897 0.600813 -0.110843 0.727974 0.0545285 0.674385
0.938411 0.913578 0.603304 -0.111538 0.7274 0.054937 0.674856
0.93865 0.915262 0.60582 -0.112235 0.726822 0.0553447 0.67533
0.938894 0.916948 0.60836 -0.112934 0.726239 0.0557517 0.675806
0.939142 0.918635 0.610921 -0.113635 0.725653 0.0561579 0.676284
0.939393 0.920324 0.613504 -0.114338 0.725064 0.0565633 0.676764
0.939647 0.922012 0.616106 -0.115041 0.724471 0.0569681 0.677246
0.939904 0.923701 0.618725 -0.115746 0.723874 0.0573723 0.677729
0.940161 0.92539 0.621362 -0.116452 0.723275 0.0577758 0.678214
0.940419 0.927078 0.624014 -0.117158 0.722673 0.0581787 0.6787
0.940677 0.928766 0.62668 -0.117865 0.722068 0.0585811 0.679187
0.940934 0.930452 0.629358 -0.118573 0.72146 0.0589829 0.679674
0.941189 0.932136 0.632048 -0.119281 0.72085 0.0593842 0.680162
0.941441 0.933818 0.634747 -0.119988 0.720238 0.0597851 0.68065
0.94169 0.935498 0.637455 -0.120696 0.719625 0.0601854 0.681139
0.941935 0.937175 0.640169 -0.121404 0.719009 0.0605854 0.681628
0.942176 0.93885 0.64289 -0.122111 0.718392 0.0609849 0.682116
0.942411 0.94052 0.645614 -0.122817 0.717774 0.0613841 0.682604
0.94264 0.942188 0.648341 -0.123522 0.717155 0.0617828 0.683092
0.942865 0.943852 0.651074 -0.124227 0.716534 0.0621812 0.683579
0.943086 0.945513 0.653815 -0.124932 0.715911 0.0625791 0.684067
0.943305 0.947173 0.656567 -0.125638 0.715286 0.0629765 0.684555
0.943523 0.948831 0.659334 -0.126343 0.714658 0.0633733 0.685044
0.943743 0.950488 0.662117 -0.127049 0.714027 0.0637695 0.685534
0.943964 0.952144 0.66492 -0.127757 0.713393 0.064165 0.686026
0.944188 0.953801 0.667746 -0.128466 0.712754 0.0645598 0.68652
0.944416 0.955457 0.670597 -0.129176 0.712111 0.0649538 0.687017
0.944651 0.957115 0.673476 -0.129889 0.711463 0.065347 0.687516
0.944892 0.958774 0.676388 -0.130603 0.71081 0.0657393 0.688019
0.945141 0.960434 0.679333 -0.13132 0.710151 0.0661307 0.688525
0.9454 0.962096 0.682316 -0.13204 0.709486 0.0665212 0.689035
0.945668 0.963761 0.685338 -0.132763 0.708815 0.0669106 0.68955
0.945949 0.965428 0.688404 -0.133489 0.708136 0.067299 0.690069
0.946242 0.967098 0.691517 -0.134219 0.70745 0.0676863 0.690593
0.946549 0.968771 0.694678 -0.134952 0.706755 0.0680725 0.691123
0.94687 0.970448 0.697891 -0.13569 0.706053 0.0684575 0.691658
0.947207 0.972128 0.70116 -0.136432 0.705341 0.0688413 0.6922
0.947561 0.973812 0.704486 -0.137178 0.704621 0.0692239 0.692748
0.947933 0.9755 0.707874 -0.137929 0.70389 0.0696051 0.693303
0.948324 0.977192 0.711326 -0.138685 0.703149 0.0699851 0.693866
0.948734 0.978888 0.714845 -0.139446 0.702397 0.0703637 0.694436
0.949166 0.980588 0.718435 -0.140213 0.701635 0.0707409 0.695014
0.949618 0.982293 0.722098 -0.140985 0.70086 0.0711167 0.695601
0.950093 0.984002 0.725838 -0.141763 0.700073 0.0714911 0.696197
0.950591 0.985715 0.729657 -0.142546 0.699274 0.071864 0.696801
0.951113 0.987432 0.733559 -0.143336 0.698461 0.0722354 0.697416
0.95166 0.989154 0.737547 -0.144132 0.697635 0.0726053 0.69804
0.952233 0.990879 0.741624 -0.144935 0.696795 0.0729736 0.698674
0.952831 0.992608 0.745794 -0.145744 0.69594 0.0733405 0.69932
0.953457 0.99434 0.750058 -0.14656 0.695069 0.0737057 0.699976
0.954109 0.996075 0.754422 -0.147382 0.694183 0.0740694 0.700644
0.954788 0.997812 0.758881 -0.148211 0.693282 0.0744316 0.701323
0.95549 0.99955 0.763434 -0.149046 0.692366 0.0747923 0.702012
0.956214 1.00129 0.768077 -0.149887 0.691435 0.0751517 0.702712
0.956958 1.00302 0.772809 -0.150732 0.690489 0.0755098 0.703422
0.957721 1.00476 0.777625 -0.151583 0.68953 0.0758667 0.704141
0.9585 1.00649 0.782524 -0.152437 0.688557 0.0762225 0.70487
0.959295 1.00821 0.787503 -0.153295 0.687571 0.0765772 0.705608
0.960102 1.00993 0.792559 -0.154157 0.686573 0.0769309 0.706353
0.960921 1.01164 0.797689 -0.155022 0.685561 0.0772837 0.707107
0.96175 1.01335 0.802891 -0.155889 0.684538 0.0776357 0.707869
0.962587 1.01504 0.808161 -0.156758 0.683503 0.0779868 0.708638
0.96343 1.01673 0.813497 -0.157629 0.682457 0.0783372 0.709414
0.964279 1.01841 0.818896 -0.158502 0.6814 0.0786869 0.710197
0.965131 1.02007 0.824355 -0.159376 0.680332 0.079036 0.710986
0.965985 1.02172 0.829871 -0.16025 0.679254 0.0793845 0.711781
0.966839 1.02336 0.835441 -0.161125 0.678167 0.0797325 0.712581
0.967692 1.02499 0.841063 -0.161999 0.67707 0.0800801 0.713386
0.968542 1.0266 0.846733 -0.162873 0.675964 0.0804272 0.714196
0.969388 1.02819 0.852449 -0.163747 0.67485 0.080774 0.71501
0.970229 1.02977 0.858207 -0.164619 0.673728 0.0811204 0.715829
0.971063 1.03134 0.864004 -0.16549 0.672598 0.0814666 0.716651
0.971889 1.03288 0.869838 -0.166359 0.671461 0.0818125 0.717476
0.972705 1.03441 0.875705 -0.167227 0.670317 0.0821583 0.718303
0.973511 1.03592 0.881602 -0.168091 0.669167 0.0825038 0.719134
0.974305 1.03741 0.887527 -0.168954 0.668011 0.0828493 0.719966
0.975085 1.03889 0.893476 -0.169813 0.66685 0.0831946 0.7208
0.975851 1.04034 0.899446 -0.170669 0.665684 0.0835399 0.721636
0.976602 1.04178 0.905434 -0.171522 0.664513 0.0838851 0.722472
0.977337 1.04319 0.911437 -0.172371 0.663338 0.0842303 0.723309
0.978054 1.04459 0.917451 -0.173217 0.66216 0.0845756 0.724146
0.978752 1.04596 0.923474 -0.174058 0.660978 0.0849208 0.724983
0.97943 1.04731 0.929503 -0.174894 0.659794 0.0852661 0.725819
0.980091 1.04865 0.935538 -0.175727 0.658607 0.0856117 0.726655
0.980733 1.04996 0.941583 -0.176554 0.657416 0.0859578 0.727492
0.98136 1.05125 0.94764 -0.177376 0.656222 0.0863047 0.728328
0.981971 1.05252 0.95371 -0.178194 0.655023 0.0866527 0.729166
0.982567 1.05376 0.959796 -0.179006 0.653819 0.087002 0.730006
0.983151 1.05499 0.965899 -0.179813 0.65261 0.0873529 0.730847
0.983721 1.05618 0.972021 -0.180613 0.651395 0.0877056 0.731691
0.984281 1.05736 0.978165 -0.181408 0.650174 0.0880605 0.732537
0.984829 1.05851 0.984333 -0.182197 0.648946 0.0884177 0.733386
0.985368 1.05963 0.990527 -0.182979 0.647712 0.0887775 0.734239
0.985897 1.06072 0.996748 -0.183754 0.646469 0.0891402 0.735096
0.986419 1.06179 1.003 -0.184522 0.645219 0.089506 0.735957
0.986933 1.06283 1.00928 -0.185283 0.64396 0.0898753 0.736823
0.98744 1.06384 1.0156 -0.186036 0.642693 0.0902483 0.737694
0.987941 1.06483 1.02195 -0.186781 0.641415 0.0906252 0.73857
0.988438 1.06578 1.02834 -0.187517 0.640128 0.0910063 0.739453
0.988929 1.06669 1.03477 -0.188245 0.638831 0.091392 0.740342
0.989417 1.06758 1.04124 -0.188964 0.637522 0.0917824 0.741238
0.989901 1.06843 1.04776 -0.189673 0.636202 0.0921779 0.742141
0.990382 1.06925 1.05432 -0.190373 0.634871 0.0925787 0.743052
0.990861 1.07003 1.06093 -0.191062 0.633527 0.092985 0.743971
0.991338 1.07077 1.06759 -0.191741 0.632169 0.0933973 0.744899
0.991814 1.07148 1.0743 -0.192408 0.630799 0.0938157 0.745835
0.992289 1.07215 1.08107 -0.193064 0.629415 0.0942405 0.746781
0.992764 1.07277 1.08789 -0.193708 0.628016 0.094672 0.747737
0.993238 1.07336 1.09477 -0.194339 0.626602 0.0951105 0.748703
0.993713 1.0739 1.10171 -0.194957 0.625173 0.0955562 0.749679
0.994188 1.07439 1.10872 -0.195562 0.623728 0.0960095 0.750667
0.994663 1.07484 1.11578 -0.196152 0.622267 0.0964706 0.751666
0.99514 1.07525 1.12291 -0.196728 0.620788 0.0969399 0.752677
0.995617 1.0756 1.13011 -0.197289 0.619292 0.0974175 0.7537
0.996095 1.0759 1.13738 -0.197834 0.617778 0.0979038 0.754736
0.996573 1.07616 1.14472 -0.198363 0.616246 0.0983984 0.755785
0.997049 1.07636 1.15212 -0.198876 0.614697 0.0989013 0.756845
0.99752 1.07651 1.15958 -0.199373 0.613132 0.099412 0.757916
0.997987 1.07661 1.1671 -0.199854 0.61155 0.0999303 0.758999
0.998445 1.07666 1.17468 -0.200318 0.609952 0.100456 0.760092
0.998896 1.07666 1.18232 -0.200767 0.608338 0.100989 0.761195
0.999336 1.07661 1.19 -0.201199 0.60671 0.101528 0.762308
0.999764 1.0765 1.19774 -0.201615 0.605067 0.102074 0.763431
1.00018 1.07635 1.20552 -0.202015 0.60341 0.102626 0.764562
1.00058 1.07614 1.21335 -0.202399 0.601739 0.103185 0.765701
1.00096 1.07589 1.22122 -0.202766 0.600054 0.103749 0.766849
1.00133 1.07558 1.22913 -0.203118 0.598357 0.104318 0.768004
1.00168 1.07523 1.23707 -0.203453 0.596648 0.104892 0.769166
1.00201 1.07482 1.24505 -0.203772 0.594927 0.105471 0.770334
1.00231 1.07436 1.25306 -0.204075 0.593194 0.106055 0.771509
1.0026 1.07386 1.2611 -0.204363 0.591451 0.106643 0.772689
1.00285 1.07331 1.26917 -0.204635 0.589697 0.107235 0.773875
1.00309 1.07271 1.27726 -0.204891 0.587933 0.10783 0.775066
1.0033 1.07206 1.28537 -0.205131 0.58616 0.108429 0.776261
1.00348 1.07136 1.29351 -0.205357 0.584378 0.109031 0.77746
1.00363 1.07062 1.30165 -0.205567 0.582587 0.109636 0.778662
1.00375 1.06984 1.30981 -0.205763 0.580788 0.110243 0.779867
1.00384 1.069 1.31799 -0.205944 0.578982 0.110852 0.781075
1.0039 1.06813 1.32617 -0.20611 0.577169 0.111463 0.782285
1.00393 1.06721 1.33435 -0.206262 0.575349 0.112076 0.783497
1.00392 1.06625 1.34254 -0.206401 0.573524 0.11269 0.78471
1.00388 1.06525 1.35074 -0.206525 0.571693 0.113304 0.785924
1.00381 1.0642 1.35893 -0.206637 0.569857 0.11392 0.787138
1.0037 1.06312 1.36711 -0.206735 0.568017 0.114535 0.788352
1.00355 1.062 1.37529 -0.20682 0.566173 0.115151 0.789565
1.00337 1.06084 1.38346 -0.206894 0.564326 0.115766 0.790778
1.00315 1.05965 1.39162 -0.206955 0.562476 0.11638 0.791989
1.00289 1.05842 1.39977 -0.207004 0.560622 0.116995 0.793199
1.0026 1.05715 1.40791 -0.207039 0.558765 0.11761 0.794408
1.00227 1.05584 1.41604 -0.20706 0.556904 0.118225 0.795617
1.0019 1.05449 1.42416 -0.207065 0.555039 0.118843 0.796827
1.00151 1.0531 1.43227 -0.207055 0.553168 0.119462 0.798036
1.00108 1.05166 1.44038 -0.207027 0.551292 0.120084 0.799247
1.00062 1.05018 1.44848 -0.206982 0.549411 0.120709 0.80046
1.00013 1.04866 1.45658 -0.206918 0.547523 0.121337 0.801674
0.999605 1.04709 1.46467 -0.206834 0.545629 0.12197 0.80289
0.999054 1.04547 1.47276 -0.20673 0.543728 0.122607 0.804109
0.998473 1.0438 1.48084 -0.206604 0.541819 0.12325 0.80533
0.997863 1.04208 1.48892 -0.206455 0.539902 0.123898 0.806555
0.997226 1.04031 1.497 -0.206283 0.537977 0.124552 0.807784
0.996561 1.03849 1.50508 -0.206086 0.536044 0.125214 0.809016
0.995869 1.03661 1.51316 -0.205863 0.534101 0.125882 0.810253
0.99515 1.03468 1.52124 -0.205613 0.532149 0.126559 0.811495
0.994405 1.03268 1.52931 -0.205336 0.530187 0.127243 0.812741
0.993635 1.03063 1.53739 -0.20503 0.528214 0.127937 0.813993
0.992839 1.02853 1.54547 -0.204693 0.52623 0.12864 0.815251
0.992018 1.02635 1.55355 -0.204325 0.524236 0.129353 0.816514
0.991172 1.02412 1.56163 -0.203925 0.522229 0.130077 0.817784
0.990302 1.02182 1.56972 -0.203491 0.520211 0.130811 0.819061
0.989407 1.01946 1.57781 -0.203023 0.51818 0.131557 0.820344
0.988488 1.01703 1.5859 -0.202518 0.516136 0.132315 0.821634
0.987545 1.01454 1.594 -0.201976 0.514079 0.133086 0.822932
0.986578 1.01197 1.6021 -0.201395 0.512008 0.133869 0.824237
0.985587 1.00933 1.6102 -0.200774 0.509924 0.134667 0.82555
0.984572 1.00662 1.61831 -0.200112 0.507824 0.135478 0.826871
0.983533 1.00384 1.62642 -0.199408 0.50571 0.136304 0.8282
0.982469 1.00098 1.63453 -0.198659 0.50358 0.137145 0.829538
0.981382 0.998042 1.64265 -0.197866 0.501434 0.138001 0.830884
0.98027 0.995028 1.65078 -0.197025 0.499273 0.138874 0.832239
0.979132 0.991938 1.65891 -0.196139 0.497095 0.139762 0.833602
0.977967 0.988772 1.66704 -0.195206 0.494903 0.140665 0.834972
0.976772 0.985533 1.67516 -0.194228 0.492696 0.141582 0.836349
0.975548 0.982222 1.68329 -0.193206 0.490475 0.142513 0.837732
0.974292 0.97884 1.69141 -0.192139 0.488241 0.143457 0.839121
0.973002 0.975389 1.69952 -0.191029 0.485993 0.144413 0.840514
0.971679 0.971871 1.70762 -0.189875 0.483733 0.145381 0.841911
0.970319 0.968287 1.71572 -0.18868 0.481461 0.14636 0.843311
0.968923 0.964639 1.7238 -0.187442 0.479178 0.147349 0.844714
0.967489 0.960928 1.73186 -0.186163 0.476884 0.148349 0.846119
0.966015 0.957156 1.73991 -0.184844 0.47458 0.149357 0.847525
0.964501 0.953326 1.74794 -0.183485 0.472266 0.150374 0.848932
0.962946 0.949438 1.75595 -0.182087 0.469943 0.151399 0.850339
0.961348 0.945495 1.76394 -0.18065 0.467611 0.152431 0.851746
0.959707 0.941498 1.7719 -0.179176 0.465271 0.15347 0.853151
0.958021 0.93745 1.77984 -0.177665 0.462923 0.154515 0.854554
0.95629 0.933351 1.78775 -0.176119 0.460568 0.155566 0.855955
0.954513 0.929205 1.79564 -0.174537 0.458207 0.156621 0.857353
0.95269 0.925012 1.80349 -0.172921 0.455839 0.15768 0.858747
0.950818 0.920775 1.81131 -0.171271 0.453467 0.158743 0.860137
0.948899 0.916496 1.8191 -0.16959 0.451089 0.159808 0.861522
0.94693 0.912176 1.82685 -0.167876 0.448707 0.160876 0.862901
0.944912 0.907818 1.83457 -0.166132 0.446321 0.161946 0.864275
0.942843 0.903424 1.84225 -0.164359 0.443932 0.163016 0.865642
0.940724 0.898995 1.84989 -0.162557 0.44154 0.164087 0.867003
0.938554 0.894534 1.85749 -0.160727 0.439145 0.165157 0.868355
0.936333 0.890042 1.86504 -0.158871 0.436749 0.166227 0.8697
0.934059 0.885522 1.87255 -0.15699 0.434352 0.167295 0.871037
0.931734 0.880976 1.88002 -0.155084 0.431954 0.16836 0.872364
0.929356 0.876405 1.88745 -0.153155 0.429556 0.169423 0.873682
0.926926 0.871812 1.89482 -0.151204 0.427158 0.170483 0.874991
0.924443 0.867198 1.90215 -0.149232 0.424761 0.171538 0.876289
0.921908 0.862565 1.90942 -0.147239 0.422366 0.17259 0.877577
0.919323 0.857913 1.91665 -0.145225 0.419972 0.173637 0.878854
0.91669 0.853243 1.92382 -0.143188 0.41758 0.174681 0.88012
0.914009 0.848555 1.93093 -0.14113 0.41519 0.175721 0.881375
0.911282 0.843851 1.93799 -0.139049 0.412804 0.176758 0.882618
0.908511 0.839131 1.94499 -0.136945 0.410421 0.177792 0.88385
0.905696 0.834395 1.95193 -0.134818 0.408042 0.178822 0.88507
0.90284 0.829645 1.9588 -0.132669 0.405666 0.179849 0.886278
0.899944 0.824882 1.96561 -0.130495 0.403296 0.180873 0.887473
0.897009 0.820106 1.97235 -0.128298 0.40093 0.181895 0.888656
0.894037 0.815319 1.97903 -0.126077 0.39857 0.182913 0.889825
0.89103 0.81052 1.98564 -0.123832 0.396216 0.18393 0.890982
0.887989 0.805712 1.99217 -0.121562 0.393868 0.184944 0.892125
0.884916 0.800895 1.99864 -0.119268 0.391527 0.185955 0.893254
0.881813 0.796069 2.00503 -0.116949 0.389193 0.186965 0.894369
0.878681 0.791237 2.01134 -0.114605 0.386866 0.187973 0.89547
0.875522 0.786398 2.01758 -0.112235 0.384547 0.188979 0.896557
0.872338 0.781554 2.02374 -0.10984 0.382237 0.189983 0.897628
0.86913 0.776706 2.02983 -0.107419 0.379936 0.190986 0.898685
0.865901 0.771854 2.03583 -0.104973 0.377643 0.191989 0.899726
0.862652 0.767001 2.04175 -0.1025 0.375361 0.19299 0.900751
0.859385 0.762146 2.04759 -0.100002 0.373088 0.19399 0.901761
0.856101 0.757291 2.05335 -0.0974767 0.370826 0.19499 0.902754
0.852804 0.752436 2.05902 -0.0949252 0.368574 0.195989 0.903731
0.849494 0.747584 2.06461 -0.0923472 0.366334 0.196989 0.904691
0.846173 0.742734 2.07011 -0.0897425 0.364106 0.197988 0.905635
0.842844 0.737888 2.07553 -0.087111 0.361889 0.198988 0.90656
0.839508 0.733047 2.08086 -0.0844525 0.359685 0.199988 0.907468
0.836167 0.728212 2.08609 -0.0817669 0.357494 0.20099 0.908358
0.832824 0.723383 2.09124 -0.0790542 0.355317 0.201992 0.90923
0.82948 0.718563 2.0963 -0.0763142 0.353153 0.202995 0.910084
0.826137 0.713751 2.10127 -0.0735469 0.351003 0.204 0.910918
0.822794 0.708949 2.10614 -0.0707528 0.348867 0.205006 0.911734
0.819452 0.704156 2.11093 -0.0679326 0.346744 0.206014 0.91253
0.816109 0.699374 2.11564 -0.0650868 0.344635 0.207022 0.913308
0.812765 0.694602 2.12026 -0.062216 0.342539 0.208031 0.914067
0.80942 0.689841 2.1248 -0.0593208 0.340455 0.209041 0.914808
0.806072 0.685092 2.12926 -0.0564017 0.338383 0.210052 0.915529
0.802721 0.680354 2.13364 -0.0534593 0.336324 0.211063 0.916232
0.799366 0.675628 2.13795 -0.0504941 0.334276 0.212074 0.916916
0.796007 0.670914 2.14218 -0.0475067 0.33224 0.213085 0.917581
0.792643 0.666212 2.14634 -0.0444976 0.330214 0.214095 0.918227
0.789272 0.661523 2.15043 -0.0414674 0.3282 0.215106 0.918855
0.785895 0.656847 2.15444 -0.0384165 0.326195 0.216115 0.919464
0.782511 0.652184 2.15839 -0.0353455 0.324201 0.217124 0.920055
0.779118 0.647533 2.16228 -0.0322549 0.322217 0.218132 0.920627
0.775716 0.642896 2.1661 -0.0291452 0.320242 0.219139 0.921181
0.772304 0.638273 2.16985 -0.0260169 0.318276 0.220144 0.921716
0.768882 0.633662 2.17355 -0.0228706 0.316319 0.221148 0.922232
0.765447 0.629066 2.17718 -0.0197066 0.314371 0.222149 0.922731
0.762 0.624483 2.18076 -0.0165254 0.312431 0.223149 0.923211
0.75854 0.619913 2.18427 -0.0133276 0.310499 0.224146 0.923673
0.755064 0.615358 2.18773 -0.0101136 0.308574 0.225141 0.924116
0.751574 0.610816 2.19114 -0.00688391 0.306657 0.226133 0.924542
0.748067 0.606288 2.1945 -0.00363889 0.304746 0.227122 0.92495
0.744543 0.601773 2.1978 -0.000379029 0.302843 0.228107 0.92534
0.741 0.597273 2.20105 0.00289523 0.300945 0.229089 0.925712
0.737439 0.592787 2.20425 0.00618345 0.299053 0.230068 0.926066
0.733856 0.588314 2.20741 0.0094852 0.297167 0.231042 0.926402
0.730253 0.583855 2.21051 0.0128001 0.295287 0.232012 0.926721
0.726627 0.57941 2.21357 0.0161276 0.293411 0.232977 0.927023
0.722978 0.574979 2.21659 0.0194675 0.29154 0.233938 0.927307
0.719304 0.570561 2.21956 0.0228193 0.289674 0.234893 0.927574
0.715605 0.566157 2.22249 0.0261825 0.287812 0.235843 0.927824
0.711883 0.561769 2.22538 0.0295564 0.285954 0.236788 0.928056
0.708143 0.557399 2.22821 0.0329398 0.284103 0.237727 0.928271
0.704387 0.553049 2.231 0.0363319 0.28226 0.23866 0.928467
0.700619 0.548721 2.23374 0.0397316 0.280424 0.239588 0.928645
0.696843 0.544417 2.23642 0.043138 0.278599 0.240511 0.928804
0.693061 0.54014 2.23905 0.0465499 0.276783 0.241428 0.928944
0.689278 0.535892 2.24163 0.0499664 0.27498 0.242339 0.929065
0.685497 0.531674 2.24414 0.0533862 0.273189 0.243245 0.929166
0.681723 0.527488 2.24659 0.0568084 0.271412 0.244145 0.929248
0.677957 0.523337 2.24899 0.0602317 0.26965 0.24504 0.92931
0.674205 0.519222 2.25132 0.0636551 0.267903 0.245929 0.929352
0.67047 0.515146 2.25359 0.0670773 0.266173 0.246814 0.929374
0.666755 0.51111 2.25579 0.0704971 0.264461 0.247693 0.929375
0.663065 0.507115 2.25792 0.0739135 0.262768 0.248567 0.929357
0.659404 0.503165 2.25999 0.077325 0.261095 0.249436 0.929318
0.655775 0.49926 2.262 0.0807306 0.259442 0.250301 0.929259
0.652181 0.495402 2.26393 0.0841289 0.257812 0.251161 0.929179
0.648628 0.491594 2.26579 0.0875187 0.256204 0.252017 0.929079
0.645119 0.487836 2.26759 0.0908987 0.25462 0.252868 0.928959
0.641657 0.48413 2.26931 0.0942675 0.25306 0.253716 0.928818
0.638247 0.480478 2.27096 0.097624 0.251526 0.254559 0.928657
0.634893 0.476881 2.27254 0.100967 0.250019 0.255399 0.928476
0.631598 0.473341 2.27405 0.104294 0.248539 0.256236 0.928275
0.628367 0.46986 2.27549 0.107605 0.247088 0.25707 0.928054
0.625203 0.466438 2.27686 0.110899 0.245666 0.257901 0.927813
0.622111 0.463077 2.27815 0.114173 0.244274 0.25873 0.927552
0.619094 0.459779 2.27937 0.117427 0.242914 0.259556 0.927273
0.616157 0.456545 2.28052 0.120659 0.241586 0.260381 0.926973
0.613302 0.453375 2.28159 0.123867 0.24029 0.261203 0.926655
0.610535 0.450272 2.28259 0.127051 0.239029 0.262025 0.926319
0.607859 0.447236 2.28352 0.130209 0.237802 0.262845 0.925963
0.605279 0.444268 2.28438 0.13334 0.236611 0.263665 0.92559
0.602791 0.441367 2.28516 0.136443 0.235455 0.264485 0.925198
0.600392 0.438529 2.28588 0.13952 0.234332 0.265304 0.92479
0.598081 0.435753 2.28654 0.142572 0.233241 0.266123 0.924365
0.595854 0.433036 2.28714 0.145598 0.232181 0.266941 0.923924
0.593709 0.430376 2.28768 0.1486 0.231151 0.26776 0.923467
0.591642 0.427771 2.28816 0.151578 0.23015 0.268579 0.922995
0.589651 0.425218 2.28859 0.154532 0.229176 0.269398 0.922509
0.587732 0.422715 2.28897 0.157465 0.228229 0.270218 0.922008
0.585884 0.42026 2.28931 0.160375 0.227308 0.271038 0.921493
0.584103 0.417851 2.2896 0.163265 0.226411 0.271858 0.920965
0.582385 0.415486 2.28985 0.166135 0.225537 0.272679 0.920423
0.580729 0.413163 2.29005 0.168985 0.224685 0.2735 0.919869
0.57913 0.410879 2.29022 0.171816 0.223855 0.274322 0.919302
0.577586 0.408632 2.29036 0.17463 0.223044 0.275144 0.918723
0.576093 0.406422 2.29046 0.177426 0.222253 0.275967 0.918132
0.57465 0.404244 2.29052 0.180207 0.221479 0.27679 0.917529
0.573251 0.402099 2.29056 0.182972 0.220722 0.277614 0.916915
0.571895 0.399983 2.29057 0.185723 0.219981 0.278438 0.91629
0.570577 0.397894 2.29055 0.18846 0.219255 0.279262 0.915654
0.569295 0.395832 2.29051 0.191184 0.218542 0.280087 0.915008
0.568046 0.393794 2.29045 0.193897 0.217842 0.280911 0.914351
0.566827 0.391777 2.29037 0.196599 0.217154 0.281736 0.913684
0.565633 0.389782 2.29026 0.199291 0.216476 0.282561 0.913006
0.564462 0.387805 2.29014 0.201974 0.215808 0.283387 0.912319
0.563311 0.385845 2.29 0.204649 0.215149 0.284211 0.911621
0.562176 0.3839 2.28985 0.207317 0.214497 0.285036 0.910914
0.561054 0.381969 2.28968 0.209979 0.213852 0.285861 0.910198
0.559942 0.38005 2.2895 0.212636 0.213212 0.286685 0.909472
0.558837 0.378141 2.28932 0.215289 0.212577 0.287508 0.908736
0.557734 0.376241 2.28912 0.217939 0.211945 0.288331 0.907991
0.556631 0.374349 2.28891 0.220586 0.211316 0.289153 0.907236
0.555525 0.372462 2.2887 0.223233 0.210689 0.289974 0.906473
0.554416 0.370582 2.28848 0.225878 0.210064 0.290794 0.9057
0.553308 0.368709 2.28826 0.228521 0.209441 0.291613 0.904917
0.552201 0.366844 2.28802 0.231161 0.208821 0.292431 0.904125
0.551098 0.364988 2.28778 0.233797 0.208205 0.293249 0.903324
0.549999 0.363141 2.28753 0.23643 0.207593 0.294066 0.902514
0.548908 0.361304 2.28726 0.239058 0.206986 0.294882 0.901694
0.547824 0.359478 2.28699 0.241681 0.206384 0.295698 0.900865
0.546752 0.357663 2.28671 0.244299 0.205787 0.296514 0.900027
0.545691 0.35586 2.28641 0.24691 0.205196 0.297329 0.89918
0.544644 0.35407 2.28611 0.249514 0.204611 0.298145 0.898324
0.543612 0.352293 2.28579 0.252111 0.204033 0.29896 0.897459
0.542598 0.350529 2.28546 0.2547 0.203463 0.299776 0.896585
0.541603 0.34878 2.28511 0.25728 0.2029 0.300591 0.895703
0.540629 0.347045 2.28475 0.25985 0.202346 0.301407 0.894812
0.539677 0.345326 2.28438 0.262411 0.2018 0.302224 0.893912
0.538749 0.343623 2.284 0.264961 0.201264 0.303041 0.893003
0.537847 0.341936 2.2836 0.267499 0.200737 0.303859 0.892087
0.536973 0.340266 2.28318 0.270026 0.20022 0.304677 0.891162
0.536129 0.338613 2.28275 0.272541 0.199714 0.305497 0.890229
0.535316 0.336977 2.28231 0.275042 0.199218 0.306317 0.889288
0.534536 0.33536 2.28185 0.277529 0.198734 0.307139 0.88834
0.53379 0.333762 2.28137 0.280002 0.198262 0.307963 0.887384
0.533081 0.332182 2.28087 0.282461 0.197802 0.308788 0.88642
0.532411 0.330622 2.28036 0.284903 0.197355 0.309614 0.885449
0.53178 0.329081 2.27984 0.287329 0.196921 0.310443 0.884471
0.531191 0.32756 2.27929 0.289738 0.1965 0.311273 0.883487
0.530646 0.32606 2.27873 0.29213 0.196094 0.312106 0.882495
0.530146 0.324581 2.27815 0.294503 0.195702 0.31294 0.881497
0.529692 0.323122 2.27755 0.296857 0.195325 0.313778 0.880493
0.529288 0.321685 2.27694 0.299192 0.194963 0.314618 0.879482
0.528933 0.32027 2.2763 0.301506 0.194617 0.31546 0.878466
0.528631 0.318876 2.27565 0.3038 0.194287 0.316306 0.877444
0.528379 0.317503 2.27498 0.306073 0.193973 0.317155 0.876417
0.528177 0.31615 2.27429 0.308327 0.193674 0.318006 0.875384
0.528021 0.314816 2.27359 0.31056 0.193389 0.318861 0.874346
0.52791 0.3135 2.27287 0.312775 0.193119 0.319718 0.873303
0.527843 0.312202 2.27213 0.314971 0.192862 0.320577 0.872254
0.527818 0.310919 2.27138 0.31715 0.192618 0.32144 0.871201
0.527834 0.309652 2.27062 0.319311 0.192387 0.322305 0.870142
0.527887 0.308399 2.26984 0.321454 0.192168 0.323172 0.869079
0.527978 0.30716 2.26905 0.323582 0.191961 0.324042 0.868011
0.528104 0.305934 2.26824 0.325693 0.191764 0.324915 0.866938
0.528263 0.304719 2.26743 0.327789 0.191579 0.325789 0.86586
0.528454 0.303516 2.2666 0.32987 0.191403 0.326666 0.864777
0.528675 0.302323 2.26577 0.331936 0.191237 0.327545 0.86369
0.528924 0.30114 2.26492 0.333989 0.191081 0.328426 0.862599
0.5292 0.299966 2.26407 0.336028 0.190932 0.329309 0.861502
0.5295 0.298799 2.2632 0.338054 0.190793 0.330194 0.860401
0.529824 0.29764 2.26233 0.340068 0.19066 0.33108 0.859295
0.530169 0.296488 2.26145 0.34207 0.190535 0.331968 0.858185
0.530534 0.295342 2.26056 0.34406 0.190417 0.332858 0.85707
0.530917 0.294201 2.25967 0.34604 0.190305 0.333749 0.855951
0.531316 0.293065 2.25877 0.34801 0.190199 0.334642 0.854827
0.531729 0.291932 2.25786 0.34997 0.190098 0.335535 0.853698
0.532156 0.290803 2.25695 0.351921 0.190002 0.33643 0.852564
0.532593 0.289677 2.25604 0.353863 0.189911 0.337326 0.851426
0.53304 0.288552 2.25512 0.355798 0.189823 0.338223 0.850282
0.533495 0.28743 2.25419 0.357725 0.189738 0.339121 0.849134
0.533955 0.286308 2.25327 0.359644 0.189657 0.34002 0.847982
0.53442 0.285186 2.25234 0.361558 0.189578 0.340919 0.846824
0.534887 0.284064 2.2514 0.363466 0.189502 0.341818 0.845661
0.535355 0.282942 2.25047 0.365368 0.189426 0.342718 0.844493
0.535822 0.281818 2.24954 0.367266 0.189352 0.343618 0.843319
0.536287 0.280693 2.2486 0.36916 0.189279 0.344519 0.842141
0.536749 0.279566 2.24766 0.371048 0.189206 0.345419 0.840958
0.537209 0.278439 2.24673 0.372932 0.189135 0.346319 0.83977
0.537666 0.277311 2.24579 0.374808 0.189064 0.347218 0.838578
0.538122 0.276183 2.24485 0.376678 0.188994 0.348116 0.837383
0.538575 0.275056 2.24392 0.378539 0.188926 0.349012 0.836185
0.539027 0.273931 2.24298 0.380392 0.188858 0.349907 0.834985
0.539477 0.272807 2.24204 0.382235 0.188793 0.3508 0.833783
0.539926 0.271685 2.24111 0.384068 0.188728 0.351691 0.832579
0.540374 0.270566 2.24018 0.385889 0.188665 0.352579 0.831374
0.54082 0.269451 2.23925 0.3877 0.188604 0.353464 0.830169
0.541266 0.268339 2.23832 0.389497 0.188545 0.354346 0.828964
0.541711 0.267231 2.23739 0.391282 0.188487 0.355225 0.82776
0.542155 0.266128 2.23647 0.393052 0.188432 0.3561 0.826557
0.542599 0.26503 2.23555 0.394808 0.188378 0.356971 0.825356
0.543042 0.263938 2.23463 0.396549 0.188327 0.357838 0.824157
0.543486 0.262852 2.23372 0.398273 0.188277 0.3587 0.822961
0.54393 0.261773 2.2328 0.399981 0.18823 0.359557 0.821768
0.544374 0.2607 2.2319 0.401672 0.188186 0.360409 0.82058
0.544818 0.259636 2.23099 0.403344 0.188144 0.361255 0.819396
0.545264 0.25858 2.2301 0.404998 0.188104 0.362096 0.818218
0.54571 0.257532 2.2292 0.406632 0.188067 0.36293 0.817045
0.546158 0.256494 2.22831 0.408246 0.188033 0.363758 0.815879
0.546606 0.255465 2.22743 0.409839 0.188002 0.36458 0.81472
0.547057 0.254447 2.22655 0.411411 0.187973 0.365394 0.813569
0.547509 0.253439 2.22568 0.412961 0.187948 0.366201 0.812426
0.547963 0.252443 2.22481 0.414488 0.187925 0.367001 0.811292
0.54842 0.251458 2.22395 0.415991 0.187906 0.367793 0.810167
0.548879 0.250485 2.2231 0.417471 0.187889 0.368577 0.809053
0.54934 0.249525 2.22225 0.418926 0.187877 0.369352 0.80795
0.549805 0.248578 2.22141 0.420356 0.187867 0.370118 0.806858
0.550273 0.247645 2.22058 0.42176 0.187861 0.370876 0.805778
0.550744 0.246726 2.21976 0.423137 0.187858 0.371624 0.804711
0.551218 0.24582 2.21894 0.424489 0.187859 0.372363 0.803657
0.551696 0.244928 2.21813 0.425816 0.187863 0.373093 0.802615
0.552176 0.244049 2.21733 0.427118 0.18787 0.373815 0.801584
0.55266 0.243182 2.21653 0.428398 0.18788 0.374529 0.800565
0.553146 0.242326 2.21575 0.429656 0.187893 0.375234 0.799557
0.553635 0.241482 2.21496 0.430891 0.187909 0.375933 0.79856
0.554127 0.240649 2.21419 0.432107 0.187928 0.376624 0.797572
0.554621 0.239826 2.21342 0.433302 0.187949 0.377308 0.796595
0.555118 0.239013 2.21265 0.434478 0.187973 0.377985 0.795627
0.555616 0.238209 2.21189 0.435636 0.187999 0.378656 0.794668
0.556117 0.237414 2.21114 0.436776 0.188027 0.379321 0.793718
0.55662 0.236628 2.21039 0.4379 0.188058 0.37998 0.792776
0.557124 0.235849 2.20964 0.439007 0.18809 0.380633 0.791841
0.55763 0.235078 2.2089 0.4401 0.188125 0.381282 0.790914
0.558138 0.234314 2.20817 0.441178 0.188161 0.381925 0.789994
0.558647 0.233557 2.20743 0.442242 0.188199 0.382564 0.78908
0.559157 0.232805 2.20671 0.443293 0.188239 0.383198 0.788173
0.559668 0.232059 2.20598 0.444333 0.18828 0.383829 0.78727
0.56018 0.231318 2.20526 0.445361 0.188323 0.384455 0.786373
0.560693 0.230581 2.20454 0.446378 0.188367 0.385078 0.78548
0.561206 0.229849 2.20382 0.447385 0.188412 0.385698 0.784592
0.56172 0.22912 2.20311 0.448383 0.188459 0.386315 0.783707
0.562234 0.228394 2.20239 0.449373 0.188506 0.38693 0.782825
0.562748 0.227671 2.20168 0.450355 0.188555 0.387542 0.781945
0.563262 0.22695 2.20097 0.45133 0.188604 0.388152 0.781068
0.563775 0.22623 2.20026 0.452299 0.188654 0.388761 0.780193
0.564288 0.225512 2.19956 0.453262 0.188705 0.389368 0.779318
0.564801 0.224794 2.19885 0.454221 0.188756 0.389974 0.778444
0.565312 0.224076 2.19814 0.455175 0.188808 0.390579 0.77757
0.565822 0.223358 2.19744 0.456126 0.188861 0.391184 0.776696
0.566332 0.22264 2.19673 0.457074 0.188913 0.391788 0.775821
0.566839 0.221919 2.19603 0.45802 0.188966 0.392392 0.774944
0.567346 0.221198 2.19532 0.458964 0.189019 0.392997 0.774066
0.567851 0.220475 2.19461 0.459906 0.189072 0.393601 0.773186
0.568354 0.219751 2.19391 0.460846 0.189125 0.394206 0.772305
0.568856 0.219026 2.1932 0.461784 0.189179 0.39481 0.771422
0.569357 0.218299 2.19249 0.46272 0.189232 0.395415 0.770538
0.569856 0.217571 2.19179 0.463654 0.189286 0.39602 0.769652
0.570353 0.216841 2.19108 0.464586 0.18934 0.396624 0.768765
0.57085 0.216111 2.19037 0.465515 0.189395 0.397229 0.767876
0.571344 0.215379 2.18966 0.466443 0.189449 0.397834 0.766986
0.571838 0.214645 2.18895 0.467369 0.189504 0.398439 0.766095
0.572329 0.213911 2.18825 0.468292 0.189559 0.399044 0.765202
0.57282 0.213175 2.18754 0.469214 0.189614 0.399649 0.764307
0.573308 0.212438 2.18683 0.470133 0.189669 0.400254 0.763412
0.573796 0.211699 2.18612 0.471051 0.189725 0.400859 0.762514
0.574282 0.21096 2.18541 0.471966 0.189781 0.401464 0.761615
0.574766 0.210219 2.1847 0.47288 0.189837 0.402069 0.760715
0.575249 0.209476 2.18399 0.473791 0.189893 0.402674 0.759814
0.57573 0.208733 2.18328 0.4747 0.189949 0.403279 0.758911
0.57621 0.207988 2.18257 0.475607 0.190006 0.403884 0.758006
0.576689 0.207242 2.18186 0.476512 0.190062 0.404489 0.7571
0.577166 0.206494 2.18114 0.477415 0.190119 0.405094 0.756193
0.577641 0.205746 2.18043 0.478316 0.190177 0.4057 0.755284
0.578115 0.204996 2.17972 0.479215 0.190234 0.406305 0.754374
0.578587 0.204245 2.17901 0.480111 0.190292 0.40691 0.753463
0.579058 0.203492 2.1783 0.481006 0.190349 0.407516 0.75255
0.579527 0.202739 2.17759 0.481898 0.190407 0.408121 0.751636
0.579995 0.201984 2.17687 0.482789 0.190466 0.408726 0.75072
0.580461 0.201228 2.17616 0.483677 0.190524 0.409332 0.749803
0.580926 0.20047 2.17545 0.484563 0.190583 0.409937 0.748885
0.581389 0.199712 2.17473 0.485447 0.190641 0.410543 0.747965
0.581851 0.198952 2.17402 0.486329 0.1907 0.411148 0.747044
0.582311 0.198191 2.17331 0.487209 0.19076 0.411754 0.746121
0.58277 0.197429 2.17259 0.488087 0.190819 0.412359 0.745197
0.583227 0.196665 2.17188 0.488963 0.190879 0.412965 0.744272
0.583682 0.1959 2.17116 0.489836 0.190938 0.41357 0.743345
0.584136 0.195134 2.17045 0.490708 0.190998 0.414176 0.742418
0.584588 0.194367 2.16973 0.491577 0.191059 0.414781 0.741488
0.585039 0.193599 2.16902 0.492445 0.191119 0.415387 0.740558
0.585488 0.192829 2.1683 0.49331 0.19118 0.415992 0.739626
0.585936 0.192059 2.16759 0.494173 0.191241 0.416598 0.738692
0.586382 0.191287 2.16687 0.495034 0.191302 0.417204 0.737758
0.586827 0.190514 2.16616 0.495892 0.191363 0.417809 0.736822
0.58727 0.189739 2.16544 0.496749 0.191424 0.418415 0.735885
0.587711 0.188964 2.16472 0.497603 0.191486 0.419021 0.734946
0.588151 0.188187 2.16401 0.498456 0.191548 0.419626 0.734006
0.588589 0.187409 2.16329 0.499306 0.19161 0.420232 0.733065
0.589026 0.18663 2.16257 0.500154 0.191672 0.420837 0.732123
0.589461 0.18585 2.16185 0.501 0.191735 0.421443 0.731179
0.589894 0.185069 2.16114 0.501844 0.191797 0.422049 0.730234
0.590326 0.184286 2.16042 0.502686 0.19186 0.422654 0.729287
0.590756 0.183503 2.1597 0.503525 0.191923 0.42326 0.72834
0.591185 0.182718 2.15898 0.504362 0.191987 0.423866 0.727391
0.591612 0.181932 2.15826 0.505198 0.19205 0.424472 0.726441
0.592037 0.181145 2.15755 0.506031 0.192114 0.425077 0.725489
0.592461 0.180356 2.15683 0.506862 0.192178 0.425683 0.724536
0.592883 0.179567 2.15611 0.507691 0.192242 0.426289 0.723582
0.593304 0.178776 2.15539 0.508517 0.192306 0.426894 0.722627
0.593722 0.177985 2.15467 0.509342 0.192371 0.4275 0.721671
0.59414 0.177192 2.15395 0.510164 0.192435 0.428106 0.720713
0.594555 0.176398 2.15323 0.510984 0.1925 0.428711 0.719754
0.594969 0.175603 2.15251 0.511802 0.192565 0.429317 0.718794
0.595382 0.174807 2.15179 0.512618 0.192631 0.429922 0.717832
0.595792 0.174009 2.15107 0.513431 0.192696 0.430528 0.716869
0.596202 0.173211 2.15035 0.514243 0.192762 0.431134 0.715906
0.59661 0.17241 2.14962 0.515054 0.192828 0.43174 0.714939
0.597019 0.171605 2.1489 0.515865 0.192895 0.432349 0.713967
0.597429 0.170795 2.14817 0.516678 0.192962 0.432962 0.712989
0.597841 0.169978 2.14743 0.517494 0.193031 0.433578 0.712004
0.598257 0.169153 2.14669 0.518314 0.1931 0.434201 0.711008
0.598677 0.168318 2.14594 0.519141 0.193171 0.434829 0.710001
0.599102 0.167472 2.14518 0.519974 0.193244 0.435466 0.70898
0.599533 0.166614 2.14441 0.520815 0.193318 0.436112 0.707945
0.599971 0.165741 2.14362 0.521666 0.193394 0.436767 0.706893
0.600416 0.164854 2.14282 0.522527 0.193473 0.437434 0.705822
0.60087 0.163948 2.14201 0.5234 0.193553 0.438113 0.704732
0.601334 0.163025 2.14118 0.524286 0.193637 0.438805 0.703619
0.601808 0.162081 2.14033 0.525186 0.193723 0.439512 0.702482
0.602294 0.161116 2.13946 0.526101 0.193812 0.440234 0.701319
0.602791 0.160128 2.13857 0.527032 0.193904 0.440973 0.700129
0.603301 0.159115 2.13766 0.527981 0.193999 0.44173 0.69891
0.603824 0.158076 2.13672 0.528948 0.194099 0.442506 0.697659
0.604362 0.157009 2.13576 0.529934 0.194202 0.443301 0.696376
0.604914 0.155912 2.13477 0.530941 0.194309 0.444118 0.695057
0.605482 0.154785 2.13376 0.531969 0.19442 0.444957 0.693702
0.606066 0.153624 2.13271 0.533019 0.194536 0.44582 0.692309
0.606667 0.15243 2.13164 0.534093 0.194656 0.446706 0.690874
0.607286 0.151199 2.13053 0.53519 0.194782 0.447619 0.689398
0.607923 0.149931 2.12938 0.536312 0.194912 0.448558 0.687877
0.608578 0.148624 2.12821 0.53746 0.195048 0.449524 0.68631
0.609252 0.147275 2.12699 0.538634 0.19519 0.45052 0.684694
0.609933 0.145904 2.12576 0.539818 0.195335 0.45153 0.683053
0.61066 0.144448 2.12445 0.541064 0.195491 0.452602 0.681311
0.611381 0.142988 2.12314 0.542303 0.195648 0.453674 0.679566
0.612149 0.141435 2.12174 0.543607 0.195818 0.454813 0.677711
0.612925 0.139854 2.12032 0.544922 0.195991 0.455969 0.675825
0.613722 0.138222 2.11886 0.546267 0.196172 0.457161 0.673879
0.614539 0.136539 2.11735 0.54764 0.19636 0.458387 0.671874
0.615374 0.134806 2.1158 0.549039 0.196554 0.459646 0.669812
0.616226 0.133025 2.11421 0.550462 0.196756 0.460937 0.667694
0.617094 0.131197 2.11258 0.551908 0.196964 0.46226 0.665522
0.617975 0.129322 2.11091 0.553373 0.197178 0.463612 0.663297
0.618868 0.127403 2.1092 0.554857 0.197398 0.464992 0.661022
0.619773 0.12544 2.10746 0.556357 0.197625 0.4664 0.658697
0.620686 0.123435 2.10568 0.557872 0.197858 0.467835 0.656324
0.621608 0.121388 2.10387 0.5594 0.198096 0.469294 0.653905
0.622537 0.119302 2.10203 0.560939 0.19834 0.470778 0.651442
0.62347 0.117177 2.10015 0.562488 0.19859 0.472284 0.648935
0.624408 0.115015 2.09825 0.564044 0.198845 0.473813 0.646388
0.625348 0.112817 2.09632 0.565606 0.199105 0.475362 0.6438
0.626289 0.110584 2.09437 0.567172 0.19937 0.47693 0.641175
0.62723 0.108318 2.09239 0.568741 0.199639 0.478517 0.638514
0.62817 0.10602 2.09038 0.57031 0.199914 0.480121 0.635818
0.629107 0.103692 2.08835 0.57188 0.200193 0.481741 0.633089
0.630041 0.101334 2.08631 0.573447 0.200476 0.483376 0.630329
0.630969 0.0989496 2.08424 0.575011 0.200764 0.485025 0.627541
0.631892 0.0965389 2.08215 0.57657 0.201055 0.486686 0.624725
0.632807 0.0941038 2.08005 0.578122 0.20135 0.488359 0.621883
0.633715 0.0916457 2.07794 0.579667 0.201649 0.490042 0.619017
0.634613 0.0891663 2.07581 0.581203 0.20195 0.491735 0.61613
0.635501 0.0866671 2.07366 0.582728 0.202255 0.493435 0.613223
0.636378 0.0841497 2.07151 0.584242 0.202563 0.495143 0.610297
0.637242 0.0816158 2.06935 0.585743 0.202874 0.496856 0.607356
0.638094 0.0790669 2.06717 0.587231 0.203187 0.498574 0.6044
0.638932 0.0765049 2.065 0.588703 0.203503 0.500295 0.601431
0.639756 0.0739313 2.06281 0.59016 0.20382 0.502019 0.598452
0.640564 0.0713479 2.06063 0.5916 0.20414 0.503744 0.595465
0.641357 0.0687564 2.05844 0.593021 0.204461 0.505469 0.592471
0.642133 0.0661586 2.05625 0.594424 0.204783 0.507194 0.589473
0.642892 0.0635545 2.05405 0.595809 0.205107 0.508917 0.58647
0.643635 0.0609443 2.05186 0.597174 0.205432 0.510639 0.583462
0.64436 0.0583281 2.04967 0.598521 0.205759 0.51236 0.580451
0.645069 0.055706 2.04747 0.599848 0.206087 0.51408 0.577435
0.645762 0.0530781 2.04528 0.601157 0.206416 0.515799 0.574415
0.646437 0.0504446 2.04308 0.602448 0.206747 0.517517 0.571392
0.647096 0.0478055 2.04089 0.603719 0.207079 0.519234 0.568364
0.647737 0.045161 2.03869 0.604971 0.207413 0.52095 0.565333
0.648362 0.0425113 2.03649 0.606205 0.207748 0.522664 0.562298
0.648969 0.0398563 2.03429 0.607419 0.208084 0.524377 0.55926
0.64956 0.0371962 2.0321 0.608615 0.208422 0.526089 0.556218
0.650134 0.0345312 2.0299 0.609792 0.20876 0.5278 0.553173
0.65069 0.0318613 2.02769 0.61095 0.209101 0.529509 0.550124
0.651229 0.0291867 2.02549 0.612089 0.209442 0.531217 0.547073
0.651751 0.0265075 2.02329 0.613209 0.209785 0.532924 0.544019
0.652256 0.0238239 2.02109 0.614311 0.210129 0.53463 0.540961
0.652744 0.0211358 2.01889 0.615393 0.210475 0.536334 0.537901
0.653214 0.0184435 2.01669 0.616456 0.210822 0.538037 0.534838
0.653667 0.0157471 2.01448 0.617501 0.21117 0.539738 0.531773
0.654103 0.0130467 2.01228 0.618526 0.21152 0.541438 0.528705
0.654521 0.0103423 2.01007 0.619533 0.21187 0.543137 0.525635
0.654922 0.00763424 2.00787 0.620521 0.212222 0.544834 0.522563
0.655306 0.00492248 2.00566 0.62149 0.212576 0.546529 0.519488
0.655672 0.0022072 2.00346 0.62244 0.21293 0.548223 0.516411
0.656021 -0.000511505 2.00125 0.623371 0.213286 0.549916 0.513333
0.656352 -0.0032335 1.99905 0.624283 0.213643 0.551607 0.510252
0.656666 -0.00595867 1.99684 0.625176 0.214002 0.553296 0.50717
0.656962 -0.00868689 1.99463 0.62605 0.214361 0.554984 0.504087
0.65724 -0.011418 1.99243 0.626906 0.214722 0.55667 0.501001
0.657502 -0.014152 1.99022 0.627742 0.215084 0.558355 0.497914
0.657745 -0.0168887 1.98801 0.62856 0.215448 0.560037 0.494826
0.657971 -0.0196279 1.98581 0.629358 0.215812 0.561719 0.491737
0.658179 -0.0223696 1.9836 0.630138 0.216178 0.563398 0.488647
0.65837 -0.0251136 1.98139 0.630899 0.216545 0.565076 0.485555
0.658543 -0.0278598 1.97919 0.631641 0.216914 0.566752 0.482463
0.658698 -0.0306081 1.97698 0.632364 0.217283 0.568426 0.47937
0.658836 -0.0333584 1.97477 0.633068 0.217654 0.570099 0.476276
0.658956 -0.0361105 1.97256 0.633754 0.218025 0.571769 0.473182
0.659058 -0.0388643 1.97036 0.634421 0.218398 0.573438 0.470087
0.659143 -0.0416197 1.96815 0.635068 0.218773 0.575105 0.466991
0.65921 -0.0443767 1.96594 0.635697 0.219148 0.57677 0.463896
0.659259 -0.0471349 1.96374 0.636308 0.219524 0.578433 0.4608
0.659291 -0.0498945 1.96153 0.636899 0.219902 0.580095 0.457704
0.659304 -0.0526551 1.95932 0.637472 0.220281 0.581754 0.454608
0.6593 -0.0554167 1.95712 0.638025 0.22066 0.583411 0.451513
0.659279 -0.0581792 1.95491 0.638561 0.221041 0.585067 0.448417
0.659239 -0.0609424 1.9527 0.639077 0.221424 0.58672 0.445322
0.659182 -0.0637063 1.9505 0.639575 0.221807 0.588371 0.442228
0.659107 -0.0664707 1.94829 0.640054 0.222191 0.590021 0.439133
0.659014 -0.0692355 1.94609 0.640514 0.222576 0.591668 0.43604
0.658904 -0.0720005 1.94388 0.640955 0.222963 0.593313 0.432947
0.658775 -0.0747657 1.94168 0.641378 0.22335 0.594956 0.429855
0.658629 -0.0775309 1.93948 0.641783 0.223739 0.596597 0.426764
0.658466 -0.080296 1.93727 0.642168 0.224129 0.598236 0.423674
0.658284 -0.0830609 1.93507 0.642535 0.224519 0.599873 0.420585
0.658085 -0.0858254 1.93287 0.642884 0.224911 0.601507 0.417498
0.657868 -0.0885895 1.93066 0.643214 0.225304 0.603139 0.414411
0.657633 -0.091353 1.92846 0.643525 0.225698 0.604769 0.411327
0.657381 -0.0941158 1.92626 0.643818 0.226093 0.606397 0.408243
0.657111 -0.0968778 1.92406 0.644093 0.226488 0.608023 0.405162
0.656823 -0.0996388 1.92186 0.644348 0.226885 0.609646 0.402082
0.656517 -0.102399 1.91966 0.644586 0.227283 0.611267 0.399004
0.656194 -0.105157 1.91746 0.644805 0.227682 0.612886 0.395928
0.655853 -0.107915 1.91527 0.645006 0.228081 0.614502 0.392854
0.655494 -0.110671 1.91307 0.645188 0.228482 0.616116 0.389782
0.655118 -0.113425 1.91087 0.645352 0.228884 0.617727 0.386712
0.654724 -0.116178 1.90868 0.645497 0.229286 0.619336 0.383645
0.654313 -0.118929 1.90648 0.645625 0.22969 0.620943 0.38058
0.653884 -0.121678 1.90429 0.645734 0.230094 0.622547 0.377518
0.653437 -0.124426 1.90209 0.645824 0.230499 0.624149 0.374458
0.652973 -0.12717 1.8999 0.645897 0.230906 0.625748 0.371401
0.652491 -0.129913 1.89771 0.645951 0.231313 0.627345 0.368347
0.651992 -0.132653 1.89552 0.645987 0.231721 0.628939 0.365296
0.651475 -0.135391 1.89333 0.646006 0.23213 0.630531 0.362248
0.65094 -0.138126 1.89114 0.646006 0.232539 0.63212 0.359203
0.650389 -0.140859 1.88895 0.645987 0.23295 0.633707 0.356161
0.649819 -0.143588 1.88676 0.645951 0.233361 0.635291 0.353123
0.649233 -0.146315 1.88458 0.645897 0.233773 0.636872 0.350087
0.648629 -0.149038 1.88239 0.645825 0.234186 0.638451 0.347056
0.648007 -0.151759 1.88021 0.645735 0.2346 0.640027 0.344028
0.647368 -0.154476 1.87803 0.645627 0.235015 0.6416 0.341004
0.646712 -0.157189 1.87584 0.645501 0.23543 0.643171 0.337983
0.646039 -0.159899 1.87366 0.645357 0.235847 0.644738 0.334967
0.645348 -0.162605 1.87148 0.645196 0.236263 0.646304 0.331954
0.64464 -0.165308 1.86931 0.645017 0.236681 0.647866 0.328946
0.643915 -0.168006 1.86713 0.64482 0.2371 0.649426 0.325941
0.643173 -0.170701 1.86495 0.644605 0.237519 0.650983 0.322941
0.642414 -0.173391 1.86278 0.644373 0.237939 0.652537 0.319946
0.641637 -0.176077 1.8606 0.644123 0.238359 0.654088 0.316954
0.640844 -0.178759 1.85843 0.643855 0.238781 0.655636 0.313968
0.640033 -0.181436 1.85626 0.64357 0.239203 0.657182 0.310986
0.639205 -0.184109 1.85409 0.643267 0.239625 0.658724 0.308008
0.638361 -0.186777 1.85192 0.642947 0.240049 0.660264 0.305036
0.637499 -0.18944 1.84976 0.64261 0.240473 0.661801 0.302068
0.636621 -0.192098 1.84759 0.642255 0.240897 0.663335 0.299106
