0.636621 -0.192098 1.84759 0.642255 0.240897 0.663335 0.299106
0.636629 -0.191663 1.84772 0.642194 0.241558 0.663033 0.299371
0.636636 -0.191227 1.84786 0.642134 0.242219 0.66273 0.299637
0.636643 -0.190792 1.84799 0.642074 0.242879 0.662426 0.299904
0.636649 -0.190356 1.84812 0.642015 0.243538 0.662121 0.30017
0.636656 -0.189921 1.84826 0.641955 0.244198 0.661814 0.300437
0.636661 -0.189486 1.84839 0.641896 0.244857 0.661507 0.300704
0.636666 -0.189051 1.84853 0.641837 0.245515 0.661198 0.300972
0.636671 -0.188615 1.84866 0.641779 0.246173 0.660889 0.301239
0.636676 -0.18818 1.8488 0.64172 0.246831 0.660578 0.301508
0.63668 -0.187745 1.84893 0.641662 0.247488 0.660266 0.301776
0.636683 -0.18731 1.84907 0.641604 0.248145 0.659953 0.302045
0.636686 -0.186875 1.8492 0.641546 0.248801 0.659639 0.302314
0.636689 -0.18644 1.84934 0.641488 0.249457 0.659323 0.302583
0.636691 -0.186005 1.84948 0.641431 0.250113 0.659007 0.302853
0.636693 -0.18557 1.84961 0.641374 0.250768 0.658689 0.303123
0.636695 -0.185135 1.84975 0.641317 0.251423 0.658371 0.303393
0.636696 -0.184701 1.84989 0.64126 0.252077 0.658051 0.303664
0.636697 -0.184266 1.85003 0.641203 0.252731 0.65773 0.303935
0.636697 -0.183831 1.85017 0.641147 0.253385 0.657408 0.304206
0.636697 -0.183396 1.85031 0.641091 0.254038 0.657085 0.304478
0.636696 -0.182962 1.85044 0.641035 0.25469 0.656761 0.30475
0.636695 -0.182527 1.85058 0.640979 0.255343 0.656435 0.305022
0.636694 -0.182093 1.85072 0.640924 0.255994 0.656109 0.305295
0.636692 -0.181658 1.85086 0.640868 0.256646 0.655781 0.305568
0.63669 -0.181224 1.851 0.640813 0.257297 0.655453 0.305841
0.636687 -0.18079 1.85114 0.640758 0.257947 0.655123 0.306115
0.636684 -0.180355 1.85129 0.640704 0.258597 0.654792 0.306389
0.636681 -0.179921 1.85143 0.640649 0.259247 0.65446 0.306663
0.636677 -0.179487 1.85157 0.640595 0.259896 0.654127 0.306938
0.636673 -0.179053 1.85171 0.640541 0.260545 0.653792 0.307213
0.636668 -0.178619 1.85185 0.640487 0.261193 0.653457 0.307488
0.636663 -0.178185 1.85199 0.640433 0.261841 0.653121 0.307764
0.636657 -0.177751 1.85214 0.640379 0.262488 0.652783 0.30804
0.636652 -0.177317 1.85228 0.640326 0.263135 0.652444 0.308316
0.636645 -0.176883 1.85242 0.640273 0.263782 0.652104 0.308593
0.636639 -0.176449 1.85257 0.64022 0.264428 0.651763 0.30887
0.636631 -0.176016 1.85271 0.640167 0.265074 0.651421 0.309147
0.636624 -0.175582 1.85286 0.640115 0.265719 0.651078 0.309425
0.636616 -0.175149 1.853 0.640062 0.266364 0.650734 0.309703
0.636608 -0.174715 1.85315 0.64001 0.267008 0.650389 0.309982
0.636599 -0.174282 1.85329 0.639958 0.267652 0.650042 0.310261
0.63659 -0.173848 1.85344 0.639906 0.268295 0.649695 0.31054
0.63658 -0.173415 1.85358 0.639854 0.268938 0.649346 0.31082
0.63657 -0.172982 1.85373 0.639803 0.26958 0.648996 0.311099
0.63656 -0.172549 1.85388 0.639751 0.270222 0.648645 0.31138
0.636549 -0.172115 1.85402 0.6397 0.270864 0.648293 0.31166
0.636538 -0.171682 1.85417 0.639649 0.271505 0.64794 0.311941
0.636526 -0.171249 1.85432 0.639598 0.272146 0.647586 0.312223
0.636514 -0.170817 1.85446 0.639548 0.272786 0.647231 0.312505
0.636502 -0.170384 1.85461 0.639497 0.273426 0.646874 0.312787
0.636489 -0.169951 1.85476 0.639447 0.274065 0.646517 0.313069
0.636476 -0.169518 1.85491 0.639397 0.274704 0.646158 0.313352
0.636462 -0.169086 1.85506 0.639347 0.275342 0.645798 0.313635
0.636448 -0.168653 1.85521 0.639297 0.27598 0.645438 0.313919
0.636434 -0.168221 1.85536 0.639247 0.276617 0.645076 0.314203
0.636419 -0.167788 1.85551 0.639198 0.277254 0.644713 0.314487
0.636403 -0.167356 1.85566 0.639148 0.277891 0.644349 0.314772
0.636388 -0.166924 1.85581 0.639099 0.278527 0.643983 0.315057
0.636372 -0.166492 1.85596 0.63905 0.279162 0.643617 0.315342
0.636355 -0.166059 1.85611 0.639001 0.279797 0.64325 0.315628
0.636338 -0.165627 1.85626 0.638952 0.280432 0.642881 0.315914
0.636321 -0.165195 1.85642 0.638904 0.281066 0.642512 0.316201
0.636303 -0.164764 1.85657 0.638855 0.281699 0.642141 0.316488
0.636285 -0.164332 1.85672 0.638807 0.282332 0.641769 0.316775
0.636267 -0.1639 1.85687 0.638759 0.282965 0.641396 0.317063
0.636248 -0.163469 1.85703 0.638711 0.283597 0.641022 0.317351
0.636228 -0.163037 1.85718 0.638663 0.284229 0.640647 0.31764
0.636209 -0.162606 1.85733 0.638615 0.28486 0.640271 0.317929
0.636189 -0.162174 1.85749 0.638568 0.28549 0.639894 0.318218
0.636168 -0.161743 1.85764 0.63852 0.286121 0.639516 0.318508
0.636147 -0.161312 1.8578 0.638473 0.28675 0.639136 0.318798
0.636126 -0.160881 1.85795 0.638426 0.287379 0.638756 0.319088
0.636104 -0.16045 1.85811 0.638379 0.288008 0.638374 0.319379
0.636082 -0.160019 1.85826 0.638332 0.288636 0.637991 0.31967
0.636059 -0.159588 1.85842 0.638285 0.289264 0.637608 0.319962
0.636036 -0.159157 1.85857 0.638238 0.289891 0.637223 0.320254
0.636013 -0.158726 1.85873 0.638192 0.290518 0.636837 0.320546
0.635989 -0.158296 1.85889 0.638145 0.291144 0.63645 0.320839
0.635965 -0.157865 1.85904 0.638099 0.29177 0.636062 0.321132
0.63594 -0.157435 1.8592 0.638053 0.292395 0.635672 0.321426
0.635915 -0.157005 1.85936 0.638007 0.29302 0.635282 0.32172
0.63589 -0.156574 1.85952 0.637961 0.293644 0.634891 0.322014
0.635864 -0.156144 1.85968 0.637915 0.294267 0.634498 0.322309
0.635838 -0.155714 1.85984 0.637869 0.294891 0.634105 0.322604
0.635811 -0.155284 1.85999 0.637824 0.295513 0.63371 0.3229
0.635784 -0.154854 1.86015 0.637778 0.296135 0.633314 0.323196
0.635757 -0.154425 1.86031 0.637733 0.296757 0.632917 0.323492
0.635729 -0.153995 1.86047 0.637688 0.297378 0.63252 0.323789
0.635701 -0.153565 1.86063 0.637643 0.297999 0.632121 0.324086
0.635672 -0.153136 1.86079 0.637598 0.298619 0.631721 0.324384
0.635643 -0.152707 1.86096 0.637553 0.299238 0.63132 0.324682
0.635614 -0.152277 1.86112 0.637508 0.299858 0.630917 0.324981
0.635584 -0.151848 1.86128 0.637463 0.300476 0.630514 0.32528
0.635554 -0.151419 1.86144 0.637419 0.301094 0.63011 0.325579
0.635523 -0.15099 1.8616 0.637374 0.301712 0.629704 0.325879
0.635492 -0.150561 1.86176 0.63733 0.302329 0.629298 0.326179
0.635461 -0.150133 1.86193 0.637285 0.302945 0.62889 0.326479
0.635429 -0.149704 1.86209 0.637241 0.303561 0.628482 0.32678
0.635397 -0.149275 1.86225 0.637197 0.304176 0.628072 0.327082
0.635364 -0.148847 1.86242 0.637153 0.304791 0.627661 0.327383
0.635331 -0.148419 1.86258 0.637109 0.305406 0.627249 0.327686
0.635298 -0.14799 1.86275 0.637065 0.306019 0.626836 0.327988
0.635264 -0.147562 1.86291 0.637022 0.306633 0.626422 0.328291
0.63523 -0.147134 1.86308 0.636978 0.307245 0.626007 0.328595
0.635195 -0.146706 1.86324 0.636934 0.307858 0.625591 0.328899
0.63516 -0.146279 1.86341 0.636891 0.308469 0.625174 0.329203
0.635125 -0.145851 1.86357 0.636847 0.30908 0.624755 0.329508
0.635089 -0.145423 1.86374 0.636804 0.309691 0.624336 0.329813
0.635052 -0.144996 1.86391 0.636761 0.310301 0.623916 0.330119
0.635016 -0.144568 1.86407 0.636718 0.310911 0.623494 0.330425
0.634979 -0.144141 1.86424 0.636674 0.31152 0.623072 0.330731
0.634941 -0.143714 1.86441 0.636631 0.312128 0.622648 0.331038
0.634903 -0.143287 1.86457 0.636588 0.312736 0.622223 0.331345
0.634865 -0.14286 1.86474 0.636546 0.313343 0.621798 0.331653
0.634827 -0.142433 1.86491 0.636503 0.31395 0.621371 0.331961
0.634787 -0.142007 1.86508 0.63646 0.314556 0.620943 0.33227
0.634748 -0.14158 1.86525 0.636417 0.315162 0.620514 0.332579
0.634708 -0.141154 1.86542 0.636375 0.315767 0.620084 0.332888
0.634668 -0.140727 1.86559 0.636332 0.316372 0.619653 0.333198
0.634627 -0.140301 1.86576 0.636289 0.316976 0.619221 0.333509
0.634586 -0.139875 1.86593 0.636247 0.317579 0.618787 0.333819
0.634545 -0.139449 1.8661 0.636205 0.318182 0.618353 0.334131
0.634503 -0.139023 1.86627 0.636162 0.318784 0.617918 0.334442
0.634461 -0.138598 1.86644 0.63612 0.319386 0.617482 0.334754
0.634418 -0.138172 1.86661 0.636078 0.319987 0.617044 0.335067
0.634375 -0.137746 1.86678 0.636035 0.320588 0.616606 0.33538
0.634331 -0.137321 1.86696 0.635993 0.321188 0.616166 0.335693
0.634287 -0.136896 1.86713 0.635951 0.321788 0.615725 0.336007
0.634243 -0.136471 1.8673 0.635909 0.322387 0.615284 0.336322
0.634198 -0.136046 1.86747 0.635867 0.322985 0.614841 0.336636
0.634153 -0.135621 1.86765 0.635825 0.323583 0.614397 0.336952
0.634108 -0.135196 1.86782 0.635783 0.32418 0.613953 0.337267
0.634062 -0.134772 1.868 0.635741 0.324777 0.613507 0.337583
0.634016 -0.134347 1.86817 0.635699 0.325373 0.61306 0.3379
0.633969 -0.133923 1.86834 0.635657 0.325969 0.612612 0.338217
0.633922 -0.133499 1.86852 0.635616 0.326564 0.612163 0.338534
0.633875 -0.133075 1.8687 0.635574 0.327158 0.611713 0.338852
0.633827 -0.132651 1.86887 0.635532 0.327752 0.611262 0.339171
0.633778 -0.132227 1.86905 0.63549 0.328345 0.610809 0.339489
0.63373 -0.131803 1.86922 0.635449 0.328938 0.610356 0.339809
0.633681 -0.13138 1.8694 0.635407 0.32953 0.609902 0.340128
0.633631 -0.130956 1.86958 0.635365 0.330122 0.609447 0.340448
0.633581 -0.130533 1.86975 0.635324 0.330713 0.60899 0.340769
0.633531 -0.13011 1.86993 0.635282 0.331303 0.608533 0.34109
0.63348 -0.129687 1.87011 0.635241 0.331893 0.608075 0.341412
0.633429 -0.129264 1.87029 0.635199 0.332482 0.607615 0.341734
0.633378 -0.128841 1.87046 0.635157 0.333071 0.607155 0.342056
0.633326 -0.128419 1.87064 0.635116 0.333659 0.606693 0.342379
0.633273 -0.127996 1.87082 0.635074 0.334246 0.60623 0.342702
0.633221 -0.127574 1.871 0.635033 0.334833 0.605767 0.343026
0.633168 -0.127152 1.87118 0.634991 0.335419 0.605302 0.34335
0.633114 -0.12673 1.87136 0.63495 0.336005 0.604836 0.343675
0.63306 -0.126308 1.87154 0.634908 0.33659 0.60437 0.344
0.633006 -0.125886 1.87172 0.634867 0.337175 0.603902 0.344326
0.632951 -0.125464 1.8719 0.634825 0.337758 0.603433 0.344652
0.632896 -0.125043 1.87208 0.634784 0.338342 0.602963 0.344979
0.63284 -0.124622 1.87227 0.634742 0.338924 0.602492 0.345306
0.632785 -0.124201 1.87245 0.6347 0.339507 0.60202 0.345633
0.632728 -0.12378 1.87263 0.634659 0.340088 0.601547 0.345961
0.632672 -0.123359 1.87281 0.634617 0.340669 0.601073 0.34629
0.632614 -0.122938 1.87299 0.634576 0.341249 0.600598 0.346618
0.632557 -0.122517 1.87318 0.634534 0.341829 0.600122 0.346948
0.632499 -0.122097 1.87336 0.634493 0.342408 0.599645 0.347278
0.632441 -0.121677 1.87354 0.634451 0.342986 0.599167 0.347608
0.632382 -0.121257 1.87373 0.634409 0.343564 0.598688 0.347939
0.632323 -0.120837 1.87391 0.634368 0.344141 0.598208 0.34827
0.632263 -0.120417 1.8741 0.634326 0.344718 0.597726 0.348602
0.632203 -0.119997 1.87428 0.634284 0.345294 0.597244 0.348934
0.632143 -0.119578 1.87447 0.634243 0.345869 0.596761 0.349266
0.632082 -0.119158 1.87465 0.634201 0.346444 0.596277 0.3496
0.632021 -0.118739 1.87484 0.634159 0.347018 0.595791 0.349933
0.63196 -0.11832 1.87502 0.634117 0.347592 0.595305 0.350267
0.631898 -0.117901 1.87521 0.634075 0.348165 0.594818 0.350602
0.631835 -0.117483 1.8754 0.634034 0.348737 0.594329 0.350937
0.631773 -0.117064 1.87558 0.633992 0.349309 0.59384 0.351272
0.631709 -0.116646 1.87577 0.63395 0.34988 0.593349 0.351608
0.631646 -0.116227 1.87596 0.633908 0.35045 0.592858 0.351945
0.631582 -0.115809 1.87615 0.633866 0.35102 0.592365 0.352282
0.631517 -0.115391 1.87634 0.633824 0.351589 0.591872 0.352619
0.631453 -0.114974 1.87652 0.633781 0.352158 0.591377 0.352957
0.631388 -0.114556 1.87671 0.633739 0.352726 0.590882 0.353295
0.631322 -0.114139 1.8769 0.633697 0.353293 0.590385 0.353634
0.631256 -0.113721 1.87709 0.633655 0.35386 0.589888 0.353973
0.63119 -0.113304 1.87728 0.633612 0.354426 0.589389 0.354313
0.631123 -0.112887 1.87747 0.63357 0.354991 0.58889 0.354653
0.631056 -0.112471 1.87766 0.633528 0.355556 0.588389 0.354994
0.630988 -0.112054 1.87785 0.633485 0.35612 0.587887 0.355335
0.63092 -0.111638 1.87804 0.633443 0.356684 0.587385 0.355677
0.630852 -0.111221 1.87823 0.6334 0.357246 0.586881 0.356019
0.630783 -0.110805 1.87843 0.633357 0.357809 0.586377 0.356362
0.630714 -0.110389 1.87862 0.633315 0.35837 0.585871 0.356705
0.630644 -0.109974 1.87881 0.633272 0.358931 0.585364 0.357049
0.630574 -0.109558 1.879 0.633229 0.359491 0.584857 0.357393
0.630504 -0.109143 1.8792 0.633186 0.360051 0.584348 0.357738
0.630433 -0.108727 1.87939 0.633143 0.36061 0.583838 0.358083
0.630362 -0.108312 1.87958 0.6331 0.361169 0.583328 0.358428
0.63029 -0.107897 1.87978 0.633057 0.361726 0.582816 0.358774
0.630218 -0.107483 1.87997 0.633013 0.362283 0.582303 0.359121
0.630145 -0.107068 1.88016 0.63297 0.36284 0.581789 0.359468
0.630073 -0.106654 1.88036 0.632927 0.363395 0.581275 0.359815
0.629999 -0.10624 1.88055 0.632883 0.363951 0.580759 0.360163
0.629926 -0.105826 1.88075 0.63284 0.364505 0.580242 0.360512
0.629852 -0.105412 1.88095 0.632796 0.365059 0.579725 0.360861
0.629777 -0.104998 1.88114 0.632752 0.365612 0.579206 0.36121
0.629702 -0.104585 1.88134 0.632708 0.366164 0.578686 0.36156
0.629627 -0.104171 1.88153 0.632664 0.366716 0.578165 0.361911
0.629551 -0.103758 1.88173 0.63262 0.367267 0.577644 0.362262
0.629475 -0.103346 1.88193 0.632576 0.367818 0.577121 0.362613
0.629399 -0.102933 1.88213 0.632532 0.368368 0.576597 0.362965
0.629322 -0.10252 1.88232 0.632488 0.368917 0.576073 0.363318
0.629245 -0.102108 1.88252 0.632443 0.369466 0.575547 0.363671
0.629167 -0.101696 1.88272 0.632399 0.370013 0.57502 0.364024
0.629089 -0.101284 1.88292 0.632354 0.370561 0.574493 0.364378
0.62901 -0.100872 1.88312 0.632309 0.371107 0.573964 0.364732
0.628931 -0.10046 1.88332 0.632265 0.371653 0.573434 0.365087
0.628852 -0.100049 1.88352 0.63222 0.372198 0.572904 0.365442
0.628772 -0.0996377 1.88372 0.632175 0.372743 0.572372 0.365798
0.628692 -0.0992267 1.88392 0.632129 0.373287 0.57184 0.366155
0.628612 -0.0988159 1.88412 0.632084 0.37383 0.571306 0.366512
0.628531 -0.0984052 1.88432 0.632039 0.374372 0.570771 0.366869
0.628449 -0.0979948 1.88452 0.631993 0.374914 0.570236 0.367227
0.628367 -0.0975845 1.88472 0.631947 0.375455 0.569699 0.367585
0.628285 -0.0971744 1.88492 0.631902 0.375996 0.569162 0.367944
0.628203 -0.0967646 1.88512 0.631856 0.376535 0.568623 0.368303
0.62812 -0.0963549 1.88533 0.63181 0.377075 0.568084 0.368663
0.628036 -0.0959454 1.88553 0.631763 0.377613 0.567543 0.369023
0.627952 -0.0955362 1.88573 0.631717 0.378151 0.567002 0.369384
0.627868 -0.0951271 1.88594 0.631671 0.378688 0.566459 0.369746
0.627784 -0.0947182 1.88614 0.631624 0.379224 0.565916 0.370107
0.627698 -0.0943095 1.88634 0.631577 0.37976 0.565371 0.37047
0.627613 -0.093901 1.88655 0.63153 0.380295 0.564826 0.370832
0.627527 -0.0934928 1.88675 0.631483 0.380829 0.56428 0.371196
0.627441 -0.0930847 1.88696 0.631436 0.381363 0.563732 0.37156
0.627354 -0.0926768 1.88716 0.631389 0.381896 0.563184 0.371924
0.627267 -0.0922691 1.88737 0.631342 0.382428 0.562635 0.372289
0.62718 -0.0918617 1.88757 0.631294 0.382959 0.562085 0.372654
0.627092 -0.0914544 1.88778 0.631246 0.38349 0.561533 0.37302
0.627003 -0.0910474 1.88799 0.631198 0.38402 0.560981 0.373386
0.626915 -0.0906405 1.88819 0.63115 0.38455 0.560428 0.373753
0.626826 -0.0902339 1.8884 0.631102 0.385079 0.559874 0.37412
0.626736 -0.0898275 1.88861 0.631054 0.385607 0.559319 0.374488
0.626646 -0.0894212 1.88881 0.631005 0.386134 0.558763 0.374856
0.626556 -0.0890152 1.88902 0.630956 0.386661 0.558206 0.375225
0.626465 -0.0886094 1.88923 0.630908 0.387187 0.557648 0.375594
0.626374 -0.0882038 1.88944 0.630859 0.387712 0.557089 0.375964
0.626282 -0.0877985 1.88965 0.630809 0.388236 0.556529 0.376334
0.62619 -0.0873933 1.88986 0.63076 0.38876 0.555968 0.376705
0.626098 -0.0869883 1.89007 0.630711 0.389283 0.555406 0.377077
0.626005 -0.0865836 1.89028 0.630661 0.389806 0.554843 0.377448
0.625912 -0.0861791 1.89049 0.630611 0.390328 0.55428 0.377821
0.625818 -0.0857748 1.8907 0.630561 0.390849 0.553715 0.378193
0.625724 -0.0853707 1.89091 0.630511 0.391369 0.553149 0.378567
0.625629 -0.0849668 1.89112 0.63046 0.391889 0.552582 0.378941
0.625534 -0.0845632 1.89133 0.63041 0.392407 0.552015 0.379315
0.625439 -0.0841598 1.89154 0.630359 0.392926 0.551446 0.37969
0.625343 -0.0837565 1.89175 0.630308 0.393443 0.550877 0.380065
0.625247 -0.0833536 1.89196 0.630257 0.39396 0.550306 0.380441
0.625151 -0.0829508 1.89218 0.630205 0.394476 0.549735 0.380817
0.625054 -0.0825482 1.89239 0.630154 0.394991 0.549163 0.381194
0.624956 -0.0821459 1.8926 0.630102 0.395506 0.548589 0.381571
0.624859 -0.0817438 1.89281 0.63005 0.396019 0.548015 0.381949
0.62476 -0.0813419 1.89303 0.629998 0.396533 0.54744 0.382327
0.624662 -0.0809403 1.89324 0.629946 0.397045 0.546864 0.382706
0.624563 -0.0805389 1.89346 0.629893 0.397557 0.546286 0.383086
0.624463 -0.0801377 1.89367 0.62984 0.398068 0.545708 0.383465
0.624363 -0.0797367 1.89389 0.629787 0.398578 0.545129 0.383846
0.624263 -0.079336 1.8941 0.629734 0.399087 0.544549 0.384227
0.624162 -0.0789355 1.89432 0.629681 0.399596 0.543968 0.384608
0.624061 -0.0785352 1.89453 0.629627 0.400104 0.543387 0.38499
0.62396 -0.0781351 1.89475 0.629573 0.400611 0.542804 0.385372
0.623858 -0.0777353 1.89496 0.629519 0.401118 0.54222 0.385755
0.623755 -0.0773357 1.89518 0.629465 0.401624 0.541635 0.386138
0.623653 -0.0769364 1.8954 0.629411 0.402129 0.54105 0.386522
0.623549 -0.0765373 1.89562 0.629356 0.402633 0.540463 0.386907
0.623446 -0.0761384 1.89583 0.629301 0.403137 0.539876 0.387292
0.623342 -0.0757397 1.89605 0.629246 0.40364 0.539287 0.387677
0.623237 -0.0753413 1.89627 0.629191 0.404142 0.538698 0.388063
0.623132 -0.0749432 1.89649 0.629135 0.404643 0.538108 0.388449
0.623027 -0.0745452 1.89671 0.629079 0.405144 0.537516 0.388836
0.622921 -0.0741475 1.89693 0.629023 0.405644 0.536924 0.389223
0.622815 -0.0737501 1.89714 0.628967 0.406143 0.536331 0.389611
0.622709 -0.0733528 1.89736 0.62891 0.406642 0.535737 0.39
0.622602 -0.0729559 1.89758 0.628854 0.407139 0.535142 0.390389
0.622494 -0.0725591 1.8978 0.628797 0.407636 0.534546 0.390778
0.622387 -0.0721626 1.89803 0.628739 0.408133 0.53395 0.391168
0.622278 -0.0717664 1.89825 0.628682 0.408628 0.533352 0.391558
0.62217 -0.0713704 1.89847 0.628624 0.409123 0.532753 0.391949
0.622061 -0.0709746 1.89869 0.628566 0.409617 0.532154 0.392341
0.621951 -0.0705791 1.89891 0.628508 0.41011 0.531553 0.392733
0.621841 -0.0701839 1.89913 0.62845 0.410602 0.530952 0.393125
0.621731 -0.0697888 1.89935 0.628391 0.411094 0.530349 0.393518
0.62162 -0.0693941 1.89958 0.628332 0.411585 0.529746 0.393911
0.621509 -0.0689995 1.8998 0.628273 0.412075 0.529142 0.394305
0.621398 -0.0686053 1.90002 0.628213 0.412565 0.528537 0.3947
0.621286 -0.0682113 1.90025 0.628153 0.413053 0.527931 0.395095
0.621173 -0.0678175 1.90047 0.628093 0.413541 0.527324 0.39549
0.62106 -0.067424 1.90069 0.628033 0.414028 0.526716 0.395886
0.620947 -0.0670307 1.90092 0.627972 0.414515 0.526107 0.396282
0.620833 -0.0666377 1.90114 0.627911 0.415 0.525497 0.396679
0.620719 -0.0662449 1.90137 0.62785 0.415485 0.524887 0.397077
0.620605 -0.0658524 1.90159 0.627789 0.415969 0.524275 0.397475
0.62049 -0.0654602 1.90182 0.627727 0.416453 0.523663 0.397873
0.620374 -0.0650682 1.90205 0.627665 0.416935 0.523049 0.398272
0.620259 -0.0646765 1.90227 0.627603 0.417417 0.522435 0.398672
0.620142 -0.064285 1.9025 0.627541 0.417898 0.52182 0.399072
0.620026 -0.0638938 1.90273 0.627478 0.418378 0.521204 0.399472
0.619909 -0.0635028 1.90295 0.627415 0.418858 0.520587 0.399873
0.619791 -0.0631121 1.90318 0.627351 0.419336 0.519969 0.400274
0.619673 -0.0627217 1.90341 0.627288 0.419814 0.51935 0.400676
0.619555 -0.0623315 1.90364 0.627224 0.420291 0.51873 0.401079
0.619436 -0.0619416 1.90386 0.627159 0.420768 0.51811 0.401482
0.619317 -0.061552 1.90409 0.627095 0.421243 0.517488 0.401885
0.619197 -0.0611626 1.90432 0.62703 0.421718 0.516866 0.402289
0.619077 -0.0607735 1.90455 0.626965 0.422192 0.516243 0.402694
0.618957 -0.0603847 1.90478 0.626899 0.422666 0.515618 0.403099
0.618836 -0.0599961 1.90501 0.626834 0.423138 0.514993 0.403504
0.618715 -0.0596078 1.90524 0.626768 0.42361 0.514367 0.40391
0.618593 -0.0592198 1.90547 0.626701 0.424081 0.51374 0.404317
0.618471 -0.058832 1.9057 0.626635 0.424551 0.513113 0.404724
0.618348 -0.0584445 1.90593 0.626568 0.42502 0.512484 0.405131
0.618225 -0.0580573 1.90616 0.6265 0.425489 0.511854 0.405539
0.618101 -0.0576703 1.90639 0.626433 0.425957 0.511224 0.405947
0.617978 -0.0572836 1.90663 0.626365 0.426424 0.510592 0.406356
0.617853 -0.0568972 1.90686 0.626297 0.42689 0.50996 0.406766
0.617728 -0.0565111 1.90709 0.626228 0.427355 0.509327 0.407176
0.617603 -0.0561252 1.90732 0.626159 0.42782 0.508693 0.407586
0.617478 -0.0557396 1.90756 0.62609 0.428284 0.508058 0.407997
0.617352 -0.0553543 1.90779 0.62602 0.428747 0.507422 0.408408
0.617225 -0.0549693 1.90802 0.625951 0.429209 0.506786 0.40882
0.617098 -0.0545846 1.90826 0.62588 0.42967 0.506148 0.409233
0.616971 -0.0542001 1.90849 0.62581 0.430131 0.50551 0.409646
0.616843 -0.0538159 1.90873 0.625739 0.430591 0.50487 0.410059
0.616715 -0.053432 1.90896 0.625668 0.43105 0.50423 0.410473
0.616586 -0.0530484 1.9092 0.625596 0.431508 0.503589 0.410887
0.616457 -0.052665 1.90943 0.625524 0.431966 0.502947 0.411302
0.616328 -0.0522819 1.90967 0.625452 0.432422 0.502304 0.411718
0.616198 -0.0518992 1.9099 0.62538 0.432878 0.50166 0.412134
0.616067 -0.0515167 1.91014 0.625307 0.433333 0.501016 0.41255
0.615937 -0.0511345 1.91038 0.625233 0.433787 0.50037 0.412967
0.615805 -0.0507526 1.91061 0.62516 0.434241 0.499724 0.413384
0.615674 -0.0503709 1.91085 0.625086 0.434693 0.499077 0.413802
0.615542 -0.0499896 1.91109 0.625011 0.435145 0.498428 0.41422
0.615409 -0.0496085 1.91132 0.624937 0.435596 0.497779 0.414639
0.615276 -0.0492278 1.91156 0.624862 0.436046 0.49713 0.415058
0.615143 -0.0488473 1.9118 0.624786 0.436496 0.496479 0.415478
0.615009 -0.0484671 1.91204 0.624711 0.436944 0.495827 0.415899
0.614875 -0.0480872 1.91228 0.624634 0.437392 0.495175 0.416319
0.61474 -0.0477076 1.91252 0.624558 0.437839 0.494522 0.416741
0.614605 -0.0473283 1.91276 0.624481 0.438285 0.493867 0.417162
0.614469 -0.0469493 1.913 0.624404 0.43873 0.493212 0.417585
0.614333 -0.0465706 1.91324 0.624326 0.439175 0.492556 0.418007
0.614197 -0.0461922 1.91348 0.624248 0.439619 0.4919 0.418431
0.61406 -0.045814 1.91372 0.62417 0.440061 0.491242 0.418854
0.613923 -0.0454362 1.91396 0.624091 0.440504 0.490584 0.419278
0.613785 -0.0450587 1.9142 0.624012 0.440945 0.489924 0.419703
0.613647 -0.0446815 1.91444 0.623933 0.441385 0.489264 0.420128
0.613508 -0.0443045 1.91468 0.623853 0.441825 0.488603 0.420554
0.613369 -0.0439279 1.91492 0.623773 0.442263 0.487941 0.42098
0.613229 -0.0435516 1.91517 0.623692 0.442701 0.487278 0.421407
0.613089 -0.0431756 1.91541 0.623611 0.443138 0.486615 0.421834
0.612949 -0.0427999 1.91565 0.62353 0.443575 0.48595 0.422261
0.612808 -0.0424244 1.9159 0.623448 0.44401 0.485285 0.42269
0.612667 -0.0420493 1.91614 0.623366 0.444445 0.484619 0.423118
0.612525 -0.0416745 1.91638 0.623283 0.444879 0.483952 0.423547
0.612383 -0.0413001 1.91663 0.6232 0.445312 0.483284 0.423977
0.61224 -0.0409259 1.91687 0.623117 0.445744 0.482615 0.424407
0.612097 -0.040552 1.91712 0.623033 0.446175 0.481945 0.424837
0.611954 -0.0401784 1.91736 0.622949 0.446605 0.481275 0.425268
0.61181 -0.0398052 1.91761 0.622864 0.447035 0.480604 0.4257
0.611666 -0.0394322 1.91785 0.622779 0.447464 0.479932 0.426131
0.611521 -0.0390596 1.9181 0.622694 0.447892 0.479259 0.426564
0.611376 -0.0386873 1.91834 0.622608 0.448319 0.478585 0.426997
0.61123 -0.0383153 1.91859 0.622522 0.448745 0.47791 0.42743
0.611084 -0.0379436 1.91884 0.622435 0.449171 0.477235 0.427864
0.610937 -0.0375722 1.91908 0.622348 0.449595 0.476559 0.428298
0.61079 -0.0372011 1.91933 0.62226 0.450019 0.475882 0.428733
0.610643 -0.0368304 1.91958 0.622172 0.450442 0.475204 0.429168
0.610495 -0.0364599 1.91982 0.622084 0.450864 0.474525 0.429604
0.610346 -0.0360898 1.92007 0.621995 0.451285 0.473845 0.43004
0.610198 -0.03572 1.92032 0.621906 0.451705 0.473165 0.430477
0.610048 -0.0353506 1.92057 0.621816 0.452125 0.472483 0.430914
0.609899 -0.0349814 1.92082 0.621726 0.452544 0.471801 0.431352
0.609748 -0.0346126 1.92107 0.621636 0.452961 0.471118 0.43179
0.609598 -0.0342441 1.92132 0.621545 0.453378 0.470435 0.432228
0.609447 -0.0338759 1.92157 0.621454 0.453794 0.46975 0.432667
0.609295 -0.0335081 1.92182 0.621362 0.45421 0.469065 0.433107
0.609143 -0.0331405 1.92207 0.62127 0.454624 0.468378 0.433547
0.608991 -0.0327733 1.92232 0.621177 0.455038 0.467691 0.433987
0.608838 -0.0324064 1.92257 0.621084 0.45545 0.467003 0.434428
0.608685 -0.0320399 1.92282 0.62099 0.455862 0.466315 0.434869
0.608531 -0.0316737 1.92307 0.620896 0.456273 0.465625 0.435311
0.608377 -0.0313078 1.92332 0.620802 0.456683 0.464935 0.435754
0.608222 -0.0309422 1.92357 0.620707 0.457093 0.464244 0.436196
0.608067 -0.030577 1.92383 0.620611 0.457501 0.463552 0.43664
0.607912 -0.030212 1.92408 0.620516 0.457909 0.462859 0.437083
0.607756 -0.0298475 1.92433 0.620419 0.458315 0.462165 0.437527
0.607599 -0.0294832 1.92458 0.620323 0.458721 0.461471 0.437972
0.607442 -0.0291193 1.92484 0.620225 0.459126 0.460776 0.438417
0.607285 -0.0287558 1.92509 0.620128 0.45953 0.46008 0.438863
0.607127 -0.0283925 1.92535 0.62003 0.459934 0.459383 0.439309
0.606969 -0.0280296 1.9256 0.619931 0.460336 0.458685 0.439755
0.60681 -0.0276671 1.92585 0.619832 0.460738 0.457987 0.440202
0.606651 -0.0273048 1.92611 0.619732 0.461138 0.457287 0.440649
0.606492 -0.026943 1.92636 0.619632 0.461538 0.456587 0.441097
0.606332 -0.0265814 1.92662 0.619532 0.461937 0.455886 0.441545
0.606171 -0.0262202 1.92687 0.619431 0.462335 0.455185 0.441994
0.60601 -0.0258594 1.92713 0.619329 0.462732 0.454482 0.442443
0.605849 -0.0254988 1.92739 0.619227 0.463128 0.453779 0.442893
0.605687 -0.0251387 1.92764 0.619125 0.463524 0.453075 0.443343
0.605525 -0.0247788 1.9279 0.619022 0.463918 0.45237 0.443794
0.605362 -0.0244193 1.92816 0.618919 0.464312 0.451664 0.444245
0.605199 -0.0240602 1.92841 0.618815 0.464705 0.450958 0.444696
0.605035 -0.0237014 1.92867 0.618711 0.465097 0.45025 0.445148
0.604871 -0.023343 1.92893 0.618606 0.465488 0.449542 0.4456
0.604706 -0.0229849 1.92919 0.6185 0.465878 0.448834 0.446053
0.604541 -0.0226271 1.92945 0.618394 0.466267 0.448124 0.446507
0.604375 -0.0222697 1.9297 0.618288 0.466656 0.447413 0.44696
0.60421 -0.0219127 1.92996 0.618181 0.467043 0.446702 0.447414
0.604043 -0.021556 1.93022 0.618074 0.46743 0.44599 0.447869
0.603876 -0.0211996 1.93048 0.617966 0.467816 0.445277 0.448324
0.603709 -0.0208436 1.93074 0.617858 0.4682 0.444564 0.44878
0.603541 -0.020488 1.931 0.617749 0.468584 0.443849 0.449235
0.603373 -0.0201327 1.93126 0.61764 0.468968 0.443134 0.449692
0.603204 -0.0197778 1.93152 0.61753 0.46935 0.442418 0.450149
0.603035 -0.0194232 1.93178 0.617419 0.469731 0.441702 0.450606
0.602865 -0.019069 1.93204 0.617308 0.470111 0.440984 0.451064
0.602695 -0.0187151 1.9323 0.617197 0.470491 0.440266 0.451522
0.602524 -0.0183616 1.93257 0.617085 0.47087 0.439547 0.45198
0.602353 -0.0180085 1.93283 0.616973 0.471247 0.438827 0.452439
0.602182 -0.0176557 1.93309 0.61686 0.471624 0.438106 0.452899
0.60201 -0.0173033 1.93335 0.616746 0.472 0.437385 0.453359
0.601837 -0.0169512 1.93361 0.616632 0.472375 0.436663 0.453819
0.601665 -0.0165996 1.93388 0.616518 0.47275 0.43594 0.45428
0.601491 -0.0162482 1.93414 0.616403 0.473123 0.435216 0.454741
0.601317 -0.0158973 1.9344 0.616287 0.473495 0.434492 0.455202
0.601143 -0.0155467 1.93467 0.616171 0.473867 0.433767 0.455665
0.600968 -0.0151964 1.93493 0.616054 0.474237 0.433041 0.456127
0.600793 -0.0148466 1.9352 0.615937 0.474607 0.432314 0.45659
0.600617 -0.0144971 1.93546 0.615819 0.474976 0.431586 0.457053
0.600441 -0.014148 1.93572 0.615701 0.475344 0.430858 0.457517
0.600265 -0.0137992 1.93599 0.615582 0.475711 0.430129 0.457981
0.600088 -0.0134508 1.93625 0.615463 0.476077 0.429399 0.458446
0.59991 -0.0131028 1.93652 0.615343 0.476442 0.428669 0.458911
0.599732 -0.0127552 1.93679 0.615223 0.476806 0.427937 0.459376
0.599554 -0.0124079 1.93705 0.615102 0.47717 0.427205 0.459842
0.599375 -0.012061 1.93732 0.61498 0.477532 0.426472 0.460308
0.599195 -0.0117145 1.93758 0.614858 0.477894 0.425739 0.460775
0.599015 -0.0113683 1.93785 0.614735 0.478254 0.425004 0.461242
0.598835 -0.0110226 1.93812 0.614612 0.478614 0.424269 0.46171
0.598654 -0.0106772 1.93839 0.614488 0.478973 0.423534 0.462178
0.598473 -0.0103322 1.93865 0.614364 0.479331 0.422797 0.462646
0.598291 -0.00998754 1.93892 0.614239 0.479688 0.42206 0.463115
0.598109 -0.00964329 1.93919 0.614114 0.480044 0.421321 0.463584
0.597926 -0.00929942 1.93946 0.613988 0.480399 0.420583 0.464054
0.597743 -0.00895593 1.93973 0.613861 0.480754 0.419843 0.464524
0.597559 -0.00861282 1.94 0.613734 0.481107 0.419103 0.464995
0.597375 -0.00827009 1.94026 0.613606 0.481459 0.418362 0.465465
0.59719 -0.00792775 1.94053 0.613478 0.481811 0.41762 0.465937
0.597005 -0.0075858 1.9408 0.613349 0.482162 0.416877 0.466408
0.59682 -0.00724423 1.94107 0.613219 0.482511 0.416134 0.46688
0.596634 -0.00690305 1.94134 0.613089 0.48286 0.41539 0.467353
0.596447 -0.00656225 1.94161 0.612959 0.483208 0.414645 0.467826
0.59626 -0.00622185 1.94188 0.612828 0.483555 0.4139 0.468299
0.596073 -0.00588183 1.94216 0.612696 0.483901 0.413153 0.468773
0.595885 -0.0055422 1.94243 0.612564 0.484246 0.412406 0.469247
0.595697 -0.00520297 1.9427 0.612431 0.48459 0.411659 0.469722
0.595508 -0.00486412 1.94297 0.612297 0.484933 0.41091 0.470197
0.595318 -0.00452567 1.94324 0.612163 0.485276 0.410161 0.470672
0.595129 -0.00418761 1.94351 0.612028 0.485617 0.409411 0.471148
0.594938 -0.00384995 1.94379 0.611893 0.485957 0.408661 0.471624
0.594748 -0.00351268 1.94406 0.611757 0.486297 0.407909 0.4721
0.594556 -0.0031758 1.94433 0.611621 0.486636 0.407157 0.472577
0.594365 -0.00283932 1.94461 0.611484 0.486973 0.406404 0.473054
0.594172 -0.00250325 1.94488 0.611346 0.48731 0.405651 0.473532
0.59398 -0.00216756 1.94515 0.611208 0.487646 0.404897 0.47401
0.593787 -0.00183228 1.94543 0.611069 0.487981 0.404142 0.474489
0.593593 -0.0014974 1.9457 0.610929 0.488315 0.403386 0.474968
0.593399 -0.00116292 1.94597 0.610789 0.488648 0.402629 0.475447
0.593204 -0.000828842 1.94625 0.610648 0.48898 0.401872 0.475926
0.593009 -0.000495166 1.94652 0.610507 0.489311 0.401115 0.476407
0.592814 -0.000161894 1.9468 0.610365 0.489641 0.400356 0.476887
0.592618 0.000170975 1.94708 0.610223 0.48997 0.399597 0.477368
0.592421 0.000503438 1.94735 0.610079 0.490299 0.398837 0.477849
0.592224 0.000835494 1.94763 0.609936 0.490626 0.398076 0.47833
0.592027 0.00116714 1.9479 0.609791 0.490953 0.397315 0.478812
0.591829 0.00149839 1.94818 0.609646 0.491278 0.396553 0.479295
0.59163 0.00182922 1.94846 0.609501 0.491603 0.39579 0.479777
0.591431 0.00215964 1.94873 0.609354 0.491926 0.395026 0.480261
0.591232 0.00248966 1.94901 0.609207 0.492249 0.394262 0.480744
0.591032 0.00281926 1.94929 0.60906 0.492571 0.393497 0.481228
0.590831 0.00314845 1.94957 0.608912 0.492892 0.392732 0.481712
0.590631 0.00347723 1.94984 0.608763 0.493211 0.391965 0.482197
0.590429 0.00380559 1.95012 0.608613 0.49353 0.391198 0.482682
0.590227 0.00413354 1.9504 0.608463 0.493848 0.39043 0.483167
0.590025 0.00446108 1.95068 0.608313 0.494165 0.389662 0.483653
0.589822 0.0047882 1.95096 0.608161 0.494481 0.388893 0.484139
0.589619 0.0051149 1.95124 0.608009 0.494797 0.388123 0.484625
0.589415 0.00544118 1.95152 0.607857 0.495111 0.387353 0.485112
0.589211 0.00576705 1.95179 0.607704 0.495424 0.386581 0.485599
0.589006 0.00609249 1.95207 0.60755 0.495736 0.38581 0.486086
0.588801 0.00641752 1.95235 0.607395 0.496048 0.385037 0.486574
0.588595 0.00674212 1.95264 0.60724 0.496358 0.384264 0.487062
0.588389 0.0070663 1.95292 0.607084 0.496667 0.38349 0.487551
0.588182 0.00739006 1.9532 0.606928 0.496976 0.382715 0.48804
0.587975 0.00771339 1.95348 0.60677 0.497283 0.38194 0.488529
0.587767 0.0080363 1.95376 0.606613 0.49759 0.381164 0.489019
0.587559 0.00835879 1.95404 0.606454 0.497895 0.380387 0.489509
0.587351 0.00868085 1.95432 0.606295 0.4982 0.37961 0.489999
0.587141 0.00900248 1.9546 0.606135 0.498504 0.378832 0.49049
0.586932 0.00932368 1.95489 0.605975 0.498806 0.378053 0.490981
0.586722 0.00964445 1.95517 0.605814 0.499108 0.377274 0.491472
0.586511 0.0099648 1.95545 0.605652 0.499409 0.376494 0.491964
0.5863 0.0102847 1.95573 0.60549 0.499709 0.375713 0.492456
0.586088 0.0106042 1.95602 0.605326 0.500008 0.374932 0.492949
0.585876 0.0109232 1.9563 0.605163 0.500306 0.37415 0.493442
0.585664 0.0112419 1.95658 0.604998 0.500603 0.373367 0.493935
0.58545 0.01156 1.95687 0.604833 0.500899 0.372583 0.494428
0.585237 0.0118778 1.95715 0.604667 0.501194 0.371799 0.494922
0.585023 0.0121951 1.95744 0.604501 0.501488 0.371015 0.495416
0.584808 0.012512 1.95772 0.604334 0.501781 0.370229 0.49591
0.584593 0.0128284 1.95801 0.604166 0.502073 0.369443 0.496405
0.584378 0.0131444 1.95829 0.603997 0.502364 0.368656 0.4969
0.584161 0.01346 1.95858 0.603828 0.502654 0.367869 0.497396
0.583945 0.0137751 1.95886 0.603658 0.502943 0.367081 0.497892
0.583728 0.0140898 1.95915 0.603488 0.503232 0.366292 0.498388
0.58351 0.014404 1.95943 0.603317 0.503519 0.365503 0.498884
0.583292 0.0147178 1.95972 0.603145 0.503805 0.364713 0.499381
0.583074 0.0150312 1.96 0.602972 0.50409 0.363922 0.499878
0.582855 0.0153441 1.96029 0.602799 0.504375 0.363131 0.500376
0.582635 0.0156565 1.96058 0.602625 0.504658 0.362339 0.500873
0.582415 0.0159685 1.96086 0.60245 0.504941 0.361546 0.501371
0.582195 0.0162801 1.96115 0.602275 0.505222 0.360753 0.50187
0.581974 0.0165912 1.96144 0.602099 0.505502 0.359959 0.502369
0.581752 0.0169019 1.96173 0.601922 0.505782 0.359164 0.502868
0.58153 0.0172121 1.96201 0.601744 0.50606 0.358369 0.503367
0.581307 0.0175219 1.9623 0.601566 0.506338 0.357573 0.503867
0.581084 0.0178312 1.96259 0.601387 0.506614 0.356777 0.504367
0.580861 0.0181401 1.96288 0.601207 0.50689 0.35598 0.504867
0.580637 0.0184485 1.96317 0.601027 0.507165 0.355182 0.505367
0.580412 0.0187565 1.96346 0.600846 0.507438 0.354383 0.505868
0.580187 0.019064 1.96375 0.600664 0.507711 0.353584 0.50637
0.579962 0.0193711 1.96404 0.600482 0.507982 0.352785 0.506871
0.579736 0.0196777 1.96433 0.600299 0.508253 0.351984 0.507373
0.579509 0.0199838 1.96462 0.600115 0.508523 0.351183 0.507875
0.579282 0.0202895 1.96491 0.59993 0.508791 0.350382 0.508377
0.579054 0.0205947 1.9652 0.599745 0.509059 0.349579 0.50888
0.578826 0.0208995 1.96549 0.599559 0.509326 0.348777 0.509383
0.578598 0.0212038 1.96578 0.599372 0.509592 0.347973 0.509886
0.578369 0.0215076 1.96607 0.599185 0.509856 0.347169 0.51039
0.578139 0.021811 1.96636 0.598996 0.51012 0.346364 0.510894
0.577909 0.0221139 1.96665 0.598808 0.510383 0.345559 0.511398
0.577679 0.0224164 1.96694 0.598618 0.510645 0.344753 0.511903
0.577447 0.0227184 1.96723 0.598427 0.510905 0.343946 0.512407
0.577216 0.0230199 1.96752 0.598236 0.511165 0.343139 0.512912
0.576984 0.023321 1.96782 0.598044 0.511424 0.342331 0.513418
0.576751 0.0236216 1.96811 0.597852 0.511682 0.341523 0.513923
0.576518 0.0239217 1.9684 0.597659 0.511938 0.340714 0.514429
0.576284 0.0242214 1.96869 0.597464 0.512194 0.339904 0.514936
0.57605 0.0245206 1.96899 0.59727 0.512449 0.339094 0.515442
0.575816 0.0248193 1.96928 0.597074 0.512703 0.338283 0.515949
0.575581 0.0251175 1.96957 0.596878 0.512956 0.337471 0.516456
0.575345 0.0254153 1.96987 0.596681 0.513208 0.336659 0.516963
0.575109 0.0257126 1.97016 0.596483 0.513458 0.335846 0.517471
0.574872 0.0260094 1.97046 0.596284 0.513708 0.335033 0.517978
0.574635 0.0263058 1.97075 0.596085 0.513957 0.334219 0.518487
0.574397 0.0266016 1.97104 0.595885 0.514205 0.333404 0.518995
0.574159 0.026897 1.97134 0.595684 0.514452 0.332589 0.519504
0.57392 0.027192 1.97163 0.595483 0.514698 0.331773 0.520013
0.573681 0.0274864 1.97193 0.595281 0.514942 0.330957 0.520522
0.573441 0.0277804 1.97222 0.595078 0.515186 0.33014 0.521031
0.573201 0.0280739 1.97252 0.594874 0.515429 0.329322 0.521541
0.57296 0.0283669 1.97281 0.594669 0.515671 0.328504 0.522051
0.572719 0.0286594 1.97311 0.594464 0.515912 0.327685 0.522561
0.572477 0.0289514 1.97341 0.594258 0.516151 0.326866 0.523071
0.572235 0.029243 1.9737 0.594051 0.51639 0.326046 0.523582
0.571992 0.0295341 1.974 0.593844 0.516628 0.325225 0.524093
0.571749 0.0298247 1.97429 0.593635 0.516865 0.324404 0.524604
0.571505 0.0301148 1.97459 0.593426 0.517101 0.323583 0.525116
0.571261 0.0304044 1.97489 0.593216 0.517335 0.32276 0.525628
0.571016 0.0306935 1.97519 0.593006 0.517569 0.321937 0.52614
0.57077 0.0309822 1.97548 0.592794 0.517802 0.321114 0.526652
0.570524 0.0312703 1.97578 0.592582 0.518034 0.32029 0.527164
0.570278 0.031558 1.97608 0.592369 0.518264 0.319465 0.527677
0.570031 0.0318451 1.97638 0.592155 0.518494 0.31864 0.52819
0.569784 0.0321318 1.97667 0.591941 0.518723 0.317814 0.528703
0.569536 0.032418 1.97697 0.591725 0.518951 0.316988 0.529217
0.569287 0.0327037 1.97727 0.591509 0.519177 0.316161 0.52973
0.569038 0.0329889 1.97757 0.591292 0.519403 0.315333 0.530244
0.568789 0.0332736 1.97787 0.591075 0.519628 0.314505 0.530758
0.568539 0.0335578 1.97817 0.590856 0.519851 0.313676 0.531273
0.568288 0.0338415 1.97847 0.590637 0.520074 0.312847 0.531787
0.568037 0.0341248 1.97877 0.590417 0.520295 0.312017 0.532302
0.567786 0.0344075 1.97907 0.590196 0.520516 0.311187 0.532817
0.567533 0.0346897 1.97936 0.589975 0.520736 0.310356 0.533332
0.567281 0.0349714 1.97966 0.589752 0.520954 0.309524 0.533848
0.567028 0.0352526 1.97996 0.589529 0.521172 0.308692 0.534363
0.566774 0.0355333 1.98027 0.589305 0.521388 0.30786 0.534879
0.56652 0.0358136 1.98057 0.589081 0.521604 0.307027 0.535395
0.566265 0.0360933 1.98087 0.588855 0.521818 0.306193 0.535912
0.56601 0.0363725 1.98117 0.588629 0.522032 0.305358 0.536428
0.565754 0.0366512 1.98147 0.588402 0.522244 0.304524 0.536945
0.565498 0.0369294 1.98177 0.588174 0.522456 0.303688 0.537462
0.565241 0.037207 1.98207 0.587945 0.522666 0.302852 0.537979
0.564984 0.0374842 1.98237 0.587716 0.522875 0.302016 0.538496
0.564726 0.0377609 1.98267 0.587485 0.523084 0.301178 0.539014
0.564468 0.0380371 1.98298 0.587254 0.523291 0.300341 0.539532
0.564209 0.0383127 1.98328 0.587022 0.523497 0.299503 0.54005
0.563949 0.0385879 1.98358 0.586789 0.523703 0.298664 0.540568
0.563689 0.0388625 1.98388 0.586556 0.523907 0.297825 0.541086
0.563429 0.0391366 1.98418 0.586321 0.52411 0.296985 0.541605
0.563168 0.0394102 1.98449 0.586086 0.524312 0.296144 0.542124
0.562907 0.0396833 1.98479 0.58585 0.524513 0.295303 0.542643
0.562645 0.0399559 1.98509 0.585614 0.524713 0.294462 0.543162
0.562382 0.0402279 1.9854 0.585376 0.524913 0.29362 0.543681
0.562119 0.0404995 1.9857 0.585137 0.525111 0.292777 0.544201
0.561855 0.0407705 1.986 0.584898 0.525308 0.291934 0.54472
0.561591 0.041041 1.98631 0.584658 0.525504 0.291091 0.54524
0.561327 0.041311 1.98661 0.584417 0.525699 0.290246 0.54576
0.561061 0.0415804 1.98691 0.584176 0.525893 0.289402 0.546281
0.560796 0.0418494 1.98722 0.583933 0.526085 0.288557 0.546801
0.56053 0.0421178 1.98752 0.58369 0.526277 0.287711 0.547322
0.560263 0.0423857 1.98783 0.583446 0.526468 0.286865 0.547842
0.559996 0.0426531 1.98813 0.583201 0.526658 0.286018 0.548363
0.559728 0.0429199 1.98844 0.582955 0.526847 0.28517 0.548884
0.559459 0.0431863 1.98874 0.582708 0.527034 0.284323 0.549406
0.559191 0.0434521 1.98905 0.582461 0.527221 0.283474 0.549927
0.558921 0.0437173 1.98935 0.582212 0.527407 0.282625 0.550449
0.558651 0.0439821 1.98966 0.581963 0.527591 0.281776 0.550971
0.558381 0.0442463 1.98996 0.581713 0.527775 0.280926 0.551493
0.55811 0.04451 1.99027 0.581462 0.527958 0.280076 0.552015
0.557838 0.0447731 1.99058 0.581211 0.528139 0.279225 0.552537
0.557566 0.0450358 1.99088 0.580958 0.52832 0.278373 0.553059
0.557294 0.0452979 1.99119 0.580705 0.528499 0.277521 0.553582
0.557021 0.0455594 1.99149 0.580451 0.528677 0.276669 0.554105
0.556747 0.0458205 1.9918 0.580196 0.528855 0.275816 0.554627
0.556473 0.046081 1.99211 0.57994 0.529031 0.274962 0.55515
0.556198 0.0463409 1.99241 0.579683 0.529206 0.274108 0.555674
0.555923 0.0466003 1.99272 0.579426 0.52938 0.273254 0.556197
0.555647 0.0468592 1.99303 0.579167 0.529554 0.272398 0.55672
0.555371 0.0471176 1.99334 0.578908 0.529726 0.271543 0.557244
0.555094 0.0473754 1.99364 0.578648 0.529897 0.270687 0.557768
0.554817 0.0476327 1.99395 0.578387 0.530067 0.26983 0.558291
0.554539 0.0478894 1.99426 0.578125 0.530236 0.268973 0.558815
0.554261 0.0481456 1.99457 0.577863 0.530404 0.268116 0.55934
0.553982 0.0484012 1.99487 0.577599 0.530571 0.267258 0.559864
0.553702 0.0486563 1.99518 0.577335 0.530736 0.266399 0.560388
0.553422 0.0489109 1.99549 0.57707 0.530901 0.26554 0.560913
0.553142 0.0491649 1.9958 0.576804 0.531065 0.264681 0.561437
0.552861 0.0494184 1.99611 0.576537 0.531228 0.263821 0.561962
0.552579 0.0496713 1.99642 0.576269 0.531389 0.26296 0.562487
0.552297 0.0499237 1.99672 0.576 0.53155 0.262099 0.563012
0.552014 0.0501755 1.99703 0.575731 0.531709 0.261238 0.563537
0.551731 0.0504268 1.99734 0.57546 0.531868 0.260376 0.564062
0.551448 0.0506775 1.99765 0.575189 0.532025 0.259513 0.564588
0.551163 0.0509277 1.99796 0.574917 0.532182 0.25865 0.565113
0.550879 0.0511774 1.99827 0.574644 0.532337 0.257787 0.565639
0.550593 0.0514265 1.99858 0.574371 0.532491 0.256923 0.566164
0.550307 0.051675 1.99889 0.574096 0.532645 0.256059 0.56669
0.550021 0.051923 1.9992 0.57382 0.532797 0.255194 0.567216
0.549734 0.0521704 1.99951 0.573544 0.532948 0.254329 0.567742
0.549447 0.0524173 1.99982 0.573267 0.533098 0.253463 0.568268
0.549159 0.0526636 2.00013 0.572989 0.533247 0.252597 0.568794
0.54887 0.0529093 2.00044 0.57271 0.533395 0.25173 0.56932
0.548581 0.0531545 2.00075 0.57243 0.533542 0.250863 0.569847
0.548291 0.0533992 2.00106 0.572149 0.533688 0.249995 0.570373
0.548001 0.0536432 2.00137 0.571867 0.533832 0.249127 0.5709
0.54771 0.0538868 2.00168 0.571585 0.533976 0.248258 0.571426
0.547419 0.0541297 2.00199 0.571301 0.534119 0.247389 0.571953
0.547127 0.0543721 2.0023 0.571017 0.53426 0.24652 0.57248
0.546835 0.054614 2.00262 0.570732 0.534401 0.24565 0.573007
0.546542 0.0548552 2.00293 0.570446 0.53454 0.244779 0.573534
0.546249 0.055096 2.00324 0.570159 0.534679 0.243909 0.574061
0.545955 0.0553361 2.00355 0.569871 0.534816 0.243037 0.574588
0.545661 0.0555757 2.00386 0.569583 0.534952 0.242165 0.575115
0.545366 0.0558147 2.00417 0.569293 0.535088 0.241293 0.575642
0.54507 0.0560532 2.00449 0.569003 0.535222 0.240421 0.57617
0.544774 0.056291 2.0048 0.568712 0.535355 0.239547 0.576697
0.544477 0.0565283 2.00511 0.568419 0.535487 0.238674 0.577224
0.54418 0.0567651 2.00542 0.568126 0.535618 0.2378 0.577752
0.543883 0.0570013 2.00573 0.567832 0.535748 0.236925 0.57828
0.543584 0.0572369 2.00605 0.567537 0.535877 0.23605 0.578807
0.543286 0.0574719 2.00636 0.567242 0.536004 0.235175 0.579335
0.542986 0.0577063 2.00667 0.566945 0.536131 0.234299 0.579863
0.542686 0.0579402 2.00698 0.566647 0.536257 0.233423 0.58039
0.542386 0.0581735 2.0073 0.566349 0.536381 0.232546 0.580918
0.542085 0.0584063 2.00761 0.56605 0.536505 0.231669 0.581446
0.541784 0.0586384 2.00792 0.565749 0.536627 0.230791 0.581974
0.541482 0.05887 2.00824 0.565448 0.536749 0.229913 0.582502
0.541179 0.059101 2.00855 0.565146 0.536869 0.229035 0.58303
0.540876 0.0593314 2.00886 0.564843 0.536988 0.228156 0.583558
0.540572 0.0595613 2.00918 0.56454 0.537106 0.227277 0.584086
0.540268 0.0597905 2.00949 0.564235 0.537224 0.226397 0.584614
0.539964 0.0600192 2.0098 0.563929 0.53734 0.225517 0.585143
0.539658 0.0602473 2.01012 0.563623 0.537455 0.224636 0.585671
0.539353 0.0604749 2.01043 0.563315 0.537568 0.223755 0.586199
0.539046 0.0607018 2.01075 0.563007 0.537681 0.222874 0.586727
0.538739 0.0609282 2.01106 0.562698 0.537793 0.221992 0.587256
0.538432 0.0611539 2.01137 0.562388 0.537904 0.22111 0.587784
0.538124 0.0613791 2.01169 0.562077 0.538013 0.220227 0.588312
0.537815 0.0616037 2.012 0.561765 0.538122 0.219344 0.588841
0.537506 0.0618277 2.01232 0.561452 0.538229 0.21846 0.589369
0.537197 0.0620511 2.01263 0.561138 0.538336 0.217577 0.589898
0.536887 0.062274 2.01295 0.560823 0.538441 0.216692 0.590426
0.536576 0.0624962 2.01326 0.560508 0.538545 0.215807 0.590954
0.536265 0.0627179 2.01358 0.560191 0.538648 0.214922 0.591483
0.535953 0.0629389 2.01389 0.559874 0.53875 0.214037 0.592011
0.535641 0.0631594 2.01421 0.559556 0.538851 0.213151 0.59254
0.535328 0.0633793 2.01452 0.559236 0.538951 0.212264 0.593068
0.535015 0.0635986 2.01484 0.558916 0.53905 0.211378 0.593597
0.534701 0.0638173 2.01515 0.558595 0.539148 0.21049 0.594125
0.534386 0.0640354 2.01547 0.558273 0.539245 0.209603 0.594654
0.534071 0.0642529 2.01578 0.55795 0.53934 0.208715 0.595182
0.533756 0.0644698 2.0161 0.557627 0.539435 0.207826 0.59571
0.533439 0.0646861 2.01641 0.557302 0.539528 0.206938 0.596239
0.533123 0.0649018 2.01673 0.556976 0.539621 0.206048 0.596767
0.532806 0.0651169 2.01704 0.55665 0.539712 0.205159 0.597296
0.532488 0.0653314 2.01736 0.556322 0.539802 0.204269 0.597824
0.53217 0.0655453 2.01767 0.555994 0.539891 0.203379 0.598352
0.531851 0.0657586 2.01799 0.555664 0.539979 0.202488 0.598881
0.531531 0.0659713 2.01831 0.555334 0.540066 0.201597 0.599409
0.531211 0.0661835 2.01862 0.555003 0.540152 0.200705 0.599937
0.530891 0.066395 2.01894 0.554671 0.540237 0.199813 0.600466
0.53057 0.0666059 2.01925 0.554338 0.540321 0.198921 0.600994
0.530248 0.0668161 2.01957 0.554004 0.540403 0.198028 0.601522
0.529926 0.0670258 2.01989 0.553669 0.540485 0.197135 0.60205
0.529604 0.0672349 2.0202 0.553333 0.540565 0.196242 0.602578
0.529281 0.0674434 2.02052 0.552997 0.540645 0.195348 0.603106
0.528957 0.0676513 2.02084 0.552659 0.540723 0.194454 0.603635
0.528633 0.0678585 2.02115 0.55232 0.5408 0.193559 0.604163
0.528308 0.0680652 2.02147 0.551981 0.540876 0.192664 0.604691
0.527982 0.0682712 2.02178 0.55164 0.540951 0.191769 0.605218
0.527656 0.0684766 2.0221 0.551299 0.541025 0.190873 0.605746
0.52733 0.0686814 2.02242 0.550957 0.541098 0.189977 0.606274
0.527003 0.0688856 2.02273 0.550613 0.54117 0.189081 0.606802
0.526675 0.0690892 2.02305 0.550269 0.541241 0.188184 0.60733
0.526347 0.0692922 2.02337 0.549924 0.54131 0.187287 0.607857
0.526019 0.0694946 2.02369 0.549578 0.541379 0.18639 0.608385
0.52569 0.0696963 2.024 0.549231 0.541446 0.185492 0.608912
0.52536 0.0698974 2.02432 0.548883 0.541512 0.184593 0.60944
0.52503 0.0700979 2.02464 0.548534 0.541578 0.183695 0.609967
0.524699 0.0702978 2.02495 0.548184 0.541642 0.182796 0.610495
0.524367 0.0704971 2.02527 0.547834 0.541705 0.181897 0.611022
0.524035 0.0706958 2.02559 0.547482 0.541767 0.180997 0.611549
0.523703 0.0708938 2.0259 0.547129 0.541828 0.180097 0.612076
0.52337 0.0710912 2.02622 0.546776 0.541888 0.179197 0.612603
0.523036 0.071288 2.02654 0.546421 0.541946 0.178296 0.61313
0.522702 0.0714842 2.02686 0.546066 0.542004 0.177395 0.613657
0.522368 0.0716797 2.02717 0.545709 0.54206 0.176494 0.614184
0.522033 0.0718746 2.02749 0.545352 0.542116 0.175592 0.61471
0.521697 0.0720689 2.02781 0.544994 0.54217 0.17469 0.615237
0.521361 0.0722626 2.02813 0.544635 0.542223 0.173787 0.615764
0.521024 0.0724556 2.02844 0.544274 0.542276 0.172885 0.61629
0.520686 0.0726481 2.02876 0.543913 0.542327 0.171982 0.616816
0.520348 0.0728398 2.02908 0.543551 0.542377 0.171078 0.617343
0.52001 0.073031 2.0294 0.543188 0.542425 0.170174 0.617869
0.519671 0.0732215 2.02971 0.542824 0.542473 0.16927 0.618395
0.519331 0.0734114 2.03003 0.54246 0.54252 0.168366 0.618921
0.518991 0.0736007 2.03035 0.542094 0.542566 0.167461 0.619446
0.518651 0.0737894 2.03067 0.541727 0.54261 0.166556 0.619972
0.51831 0.0739774 2.03098 0.541359 0.542653 0.165651 0.620498
0.517968 0.0741647 2.0313 0.54099 0.542696 0.164745 0.621023
0.517626 0.0743515 2.03162 0.540621 0.542737 0.163839 0.621549
0.517283 0.0745376 2.03194 0.54025 0.542777 0.162932 0.622074
0.516939 0.0747231 2.03225 0.539879 0.542816 0.162026 0.622599
0.516595 0.0749079 2.03257 0.539506 0.542854 0.161119 0.623124
0.516251 0.0750921 2.03289 0.539133 0.542891 0.160211 0.623649
0.515906 0.0752757 2.03321 0.538758 0.542926 0.159304 0.624174
0.51556 0.0754586 2.03353 0.538383 0.542961 0.158396 0.624698
0.515214 0.0756409 2.03384 0.538007 0.542995 0.157487 0.625223
0.514868 0.0758225 2.03416 0.53763 0.543027 0.156579 0.625747
0.514521 0.0760035 2.03448 0.537251 0.543058 0.15567 0.626271
0.514173 0.0761839 2.0348 0.536872 0.543089 0.154761 0.626795
0.513825 0.0763636 2.03512 0.536492 0.543118 0.153851 0.627319
0.513476 0.0765427 2.03543 0.536111 0.543146 0.152941 0.627843
0.513126 0.0767212 2.03575 0.535729 0.543173 0.152031 0.628367
0.512776 0.076899 2.03607 0.535346 0.543198 0.15112 0.62889
0.512426 0.0770761 2.03639 0.534962 0.543223 0.15021 0.629413
0.512075 0.0772526 2.0367 0.534577 0.543247 0.149299 0.629937
0.511723 0.0774285 2.03702 0.534191 0.543269 0.148387 0.63046
0.511371 0.0776037 2.03734 0.533805 0.543291 0.147476 0.630983
0.511019 0.0777783 2.03766 0.533417 0.543311 0.146564 0.631505
0.510665 0.0779522 2.03798 0.533028 0.54333 0.145651 0.632028
0.510312 0.0781255 2.03829 0.532638 0.543348 0.144739 0.63255
0.509957 0.0782981 2.03861 0.532248 0.543365 0.143826 0.633072
0.509603 0.0784701 2.03893 0.531856 0.543381 0.142913 0.633594
0.509247 0.0786414 2.03925 0.531463 0.543396 0.142 0.634116
0.508891 0.078812 2.03957 0.53107 0.54341 0.141086 0.634638
0.508535 0.0789821 2.03988 0.530675 0.543422 0.140172 0.63516
0.508178 0.0791514 2.0402 0.53028 0.543434 0.139258 0.635681
0.50782 0.0793201 2.04052 0.529884 0.543444 0.138343 0.636202
0.507462 0.0794882 2.04084 0.529486 0.543453 0.137428 0.636723
0.507104 0.0796556 2.04116 0.529088 0.543462 0.136513 0.637244
0.506745 0.0798224 2.04147 0.528689 0.543469 0.135598 0.637764
0.506385 0.0799884 2.04179 0.528288 0.543475 0.134682 0.638285
0.506025 0.0801539 2.04211 0.527887 0.54348 0.133766 0.638805
0.505664 0.0803187 2.04243 0.527485 0.543483 0.13285 0.639325
0.505302 0.0804828 2.04274 0.527082 0.543486 0.131933 0.639845
0.504941 0.0806462 2.04306 0.526678 0.543487 0.131017 0.640365
0.504578 0.080809 2.04338 0.526273 0.543488 0.1301 0.640884
0.504215 0.0809712 2.0437 0.525866 0.543487 0.129182 0.641403
0.503852 0.0811327 2.04401 0.525459 0.543485 0.128265 0.641922
0.503488 0.0812935 2.04433 0.525051 0.543483 0.127347 0.642441
0.503123 0.0814536 2.04465 0.524642 0.543479 0.126429 0.64296
0.502758 0.0816131 2.04497 0.524233 0.543473 0.12551 0.643478
0.50249 0.0819034 2.045 0.524013 0.543358 0.125 0.643853
0.502221 0.0821933 2.04504 0.523793 0.543242 0.124489 0.644229
0.501952 0.082483 2.04508 0.523573 0.543125 0.123978 0.644606
0.501682 0.0827724 2.04512 0.523352 0.543007 0.123467 0.644983
0.501412 0.0830616 2.04516 0.523131 0.542887 0.122956 0.64536
0.501141 0.0833505 2.0452 0.522909 0.542767 0.122444 0.645738
0.50087 0.0836391 2.04524 0.522686 0.542646 0.121932 0.646117
0.500598 0.0839275 2.04528 0.522464 0.542524 0.12142 0.646496
0.500326 0.0842156 2.04532 0.52224 0.5424 0.120908 0.646876
0.500053 0.0845034 2.04536 0.522016 0.542276 0.120396 0.647256
0.49978 0.084791 2.0454 0.521792 0.542151 0.119883 0.647637
0.499506 0.0850783 2.04544 0.521567 0.542024 0.11937 0.648018
0.499231 0.0853653 2.04548 0.521342 0.541897 0.118857 0.6484
0.498956 0.0856521 2.04553 0.521116 0.541769 0.118344 0.648783
0.498681 0.0859385 2.04557 0.52089 0.54164 0.11783 0.649166
0.498405 0.0862248 2.04561 0.520663 0.541509 0.117316 0.649549
0.498128 0.0865107 2.04565 0.520436 0.541378 0.116802 0.649934
0.497851 0.0867964 2.0457 0.520208 0.541245 0.116288 0.650318
0.497573 0.0870818 2.04574 0.51998 0.541112 0.115774 0.650703
0.497295 0.087367 2.04578 0.519751 0.540978 0.115259 0.651089
0.497017 0.0876518 2.04583 0.519522 0.540842 0.114744 0.651476
0.496737 0.0879364 2.04587 0.519292 0.540706 0.114229 0.651863
0.496457 0.0882208 2.04592 0.519061 0.540569 0.113714 0.65225
0.496177 0.0885048 2.04596 0.51883 0.54043 0.113199 0.652638
0.495896 0.0887886 2.04601 0.518599 0.540291 0.112683 0.653026
0.495615 0.0890722 2.04605 0.518367 0.54015 0.112167 0.653415
0.495333 0.0893554 2.0461 0.518134 0.540009 0.111651 0.653805
0.49505 0.0896384 2.04615 0.517901 0.539867 0.111135 0.654195
0.494767 0.0899211 2.04619 0.517668 0.539723 0.110619 0.654586
0.494484 0.0902036 2.04624 0.517434 0.539579 0.110102 0.654977
0.4942 0.0904857 2.04629 0.517199 0.539433 0.109585 0.655369
0.493915 0.0907676 2.04633 0.516964 0.539287 0.109068 0.655761
0.49363 0.0910493 2.04638 0.516728 0.539139 0.108551 0.656154
0.493344 0.0913306 2.04643 0.516491 0.538991 0.108034 0.656547
0.493058 0.0916117 2.04648 0.516254 0.538841 0.107516 0.656941
0.492771 0.0918925 2.04653 0.516017 0.538691 0.106998 0.657336
0.492484 0.0921731 2.04658 0.515779 0.538539 0.10648 0.657731
0.492196 0.0924533 2.04663 0.51554 0.538387 0.105962 0.658126
0.491907 0.0927333 2.04667 0.515301 0.538233 0.105444 0.658522
0.491618 0.093013 2.04672 0.515061 0.538079 0.104925 0.658919
0.491329 0.0932925 2.04677 0.514821 0.537923 0.104406 0.659316
0.491039 0.0935717 2.04682 0.51458 0.537767 0.103887 0.659713
0.490748 0.0938506 2.04688 0.514339 0.537609 0.103368 0.660111
0.490457 0.0941292 2.04693 0.514096 0.537451 0.102849 0.66051
0.490165 0.0944076 2.04698 0.513854 0.537291 0.102329 0.660909
0.489873 0.0946856 2.04703 0.513611 0.537131 0.10181 0.661309
0.48958 0.0949634 2.04708 0.513367 0.536969 0.10129 0.661709
0.489286 0.095241 2.04713 0.513122 0.536807 0.10077 0.66211
0.488993 0.0955182 2.04719 0.512877 0.536643 0.10025 0.662511
0.488698 0.0957952 2.04724 0.512632 0.536479 0.0997293 0.662913
0.488403 0.0960719 2.04729 0.512385 0.536313 0.0992087 0.663315
0.488107 0.0963484 2.04734 0.512139 0.536147 0.098688 0.663718
0.487811 0.0966245 2.0474 0.511891 0.535979 0.0981671 0.664121
0.487515 0.0969004 2.04745 0.511643 0.535811 0.097646 0.664525
0.487217 0.097176 2.04751 0.511394 0.535641 0.0971247 0.664929
0.48692 0.0974513 2.04756 0.511145 0.535471 0.0966033 0.665334
0.486621 0.0977264 2.04762 0.510895 0.535299 0.0960817 0.66574
0.486322 0.0980011 2.04767 0.510645 0.535126 0.0955599 0.666146
0.486023 0.0982756 2.04773 0.510394 0.534953 0.0950379 0.666552
0.485723 0.0985499 2.04778 0.510142 0.534778 0.0945158 0.666959
0.485423 0.0988238 2.04784 0.509889 0.534603 0.0939935 0.667366
0.485121 0.0990975 2.04789 0.509636 0.534426 0.0934711 0.667774
0.48482 0.0993708 2.04795 0.509383 0.534249 0.0929484 0.668183
0.484518 0.0996439 2.04801 0.509128 0.53407 0.0924257 0.668592
0.484215 0.0999168 2.04806 0.508874 0.533891 0.0919027 0.669001
0.483911 0.100189 2.04812 0.508618 0.53371 0.0913796 0.669411
0.483608 0.100462 2.04818 0.508362 0.533529 0.0908563 0.669821
0.483303 0.100734 2.04823 0.508105 0.533346 0.0903329 0.670232
0.482998 0.101005 2.04829 0.507847 0.533163 0.0898093 0.670644
0.482693 0.101277 2.04835 0.507589 0.532978 0.0892856 0.671056
0.482387 0.101548 2.04841 0.50733 0.532793 0.0887617 0.671468
0.48208 0.101819 2.04847 0.507071 0.532606 0.0882376 0.671881
0.481773 0.102089 2.04853 0.506811 0.532418 0.0877134 0.672294
0.481465 0.10236 2.04859 0.50655 0.53223 0.087189 0.672708
0.481157 0.10263 2.04865 0.506289 0.53204 0.0866645 0.673123
0.480848 0.102899 2.0487 0.506027 0.53185 0.0861398 0.673537
0.480538 0.103169 2.04876 0.505764 0.531658 0.085615 0.673953
0.480228 0.103438 2.04883 0.5055 0.531466 0.08509 0.674369
0.479918 0.103707 2.04889 0.505236 0.531272 0.0845648 0.674785
0.479606 0.103976 2.04895 0.504971 0.531078 0.0840396 0.675202
0.479295 0.104244 2.04901 0.504706 0.530882 0.0835141 0.675619
0.478982 0.104512 2.04907 0.50444 0.530686 0.0829886 0.676037
0.47867 0.10478 2.04913 0.504173 0.530489 0.0824628 0.676455
0.478356 0.105047 2.04919 0.503905 0.53029 0.081937 0.676874
0.478042 0.105314 2.04925 0.503637 0.530091 0.081411 0.677293
0.477728 0.105581 2.04932 0.503368 0.52989 0.0808848 0.677713
0.477413 0.105848 2.04938 0.503099 0.529689 0.0803585 0.678133
0.477097 0.106114 2.04944 0.502828 0.529486 0.0798321 0.678553
0.476781 0.10638 2.0495 0.502557 0.529283 0.0793055 0.678975
0.476464 0.106646 2.04957 0.502286 0.529078 0.0787788 0.679396
0.476147 0.106911 2.04963 0.502013 0.528873 0.078252 0.679818
0.475829 0.107177 2.04969 0.50174 0.528667 0.077725 0.680241
0.47551 0.107442 2.04976 0.501466 0.528459 0.0771979 0.680664
0.475191 0.107706 2.04982 0.501192 0.528251 0.0766706 0.681087
0.474871 0.107971 2.04989 0.500916 0.528041 0.0761432 0.681511
0.474551 0.108235 2.04995 0.50064 0.527831 0.0756157 0.681935
0.474231 0.108498 2.05002 0.500364 0.52762 0.075088 0.68236
0.473909 0.108762 2.05008 0.500086 0.527407 0.0745603 0.682786
0.473587 0.109025 2.05015 0.499808 0.527194 0.0740323 0.683211
0.473265 0.109288 2.05021 0.499529 0.52698 0.0735043 0.683637
0.472942 0.10955 2.05028 0.49925 0.526764 0.0729761 0.684064
0.472618 0.109813 2.05035 0.498969 0.526548 0.0724478 0.684491
0.472294 0.110075 2.05041 0.498688 0.526331 0.0719194 0.684919
0.471969 0.110336 2.05048 0.498406 0.526112 0.0713909 0.685347
0.471644 0.110598 2.05055 0.498124 0.525893 0.0708622 0.685775
0.471318 0.110859 2.05061 0.49784 0.525673 0.0703334 0.686204
0.470991 0.11112 2.05068 0.497556 0.525452 0.0698045 0.686633
0.470664 0.11138 2.05075 0.497272 0.525229 0.0692755 0.687063
0.470337 0.111641 2.05081 0.496986 0.525006 0.0687463 0.687494
0.470009 0.111901 2.05088 0.4967 0.524782 0.068217 0.687924
0.46968 0.11216 2.05095 0.496413 0.524557 0.0676876 0.688355
0.46935 0.11242 2.05102 0.496125 0.524331 0.0671581 0.688787
0.469021 0.112679 2.05109 0.495836 0.524103 0.0666285 0.689219
0.46869 0.112938 2.05116 0.495547 0.523875 0.0660988 0.689651
0.468359 0.113196 2.05123 0.495257 0.523646 0.0655689 0.690084
0.468027 0.113454 2.0513 0.494966 0.523416 0.0650389 0.690517
0.467695 0.113712 2.05136 0.494674 0.523185 0.0645089 0.690951
0.467362 0.11397 2.05143 0.494382 0.522953 0.0639787 0.691385
0.467029 0.114227 2.0515 0.494089 0.52272 0.0634484 0.69182
0.466695 0.114484 2.05157 0.493795 0.522486 0.062918 0.692255
0.46636 0.114741 2.05164 0.4935 0.522251 0.0623875 0.69269
0.466025 0.114997 2.05172 0.493204 0.522015 0.0618568 0.693126
0.465689 0.115253 2.05179 0.492908 0.521778 0.0613261 0.693562
0.465353 0.115509 2.05186 0.492611 0.52154 0.0607953 0.693999
0.465016 0.115765 2.05193 0.492313 0.521301 0.0602644 0.694436
0.464679 0.11602 2.052 0.492014 0.521061 0.0597333 0.694874
0.464341 0.116275 2.05207 0.491715 0.52082 0.0592022 0.695312
0.464002 0.116529 2.05214 0.491415 0.520578 0.0586709 0.69575
0.463663 0.116784 2.05222 0.491114 0.520335 0.0581396 0.696189
0.463323 0.117038 2.05229 0.490812 0.520091 0.0576082 0.696628
0.462983 0.117291 2.05236 0.490509 0.519846 0.0570766 0.697067
0.462642 0.117545 2.05243 0.490205 0.519601 0.056545 0.697507
0.4623 0.117798 2.05251 0.489901 0.519354 0.0560133 0.697948
0.461958 0.118051 2.05258 0.489596 0.519106 0.0554814 0.698389
0.461616 0.118303 2.05265 0.48929 0.518857 0.0549495 0.69883
0.461272 0.118555 2.05273 0.488983 0.518607 0.0544175 0.699271
0.460929 0.118807 2.0528 0.488676 0.518357 0.0538854 0.699713
0.460584 0.119059 2.05287 0.488367 0.518105 0.0533532 0.700156
0.460239 0.11931 2.05295 0.488058 0.517852 0.0528209 0.700598
0.459893 0.119561 2.05302 0.487748 0.517599 0.0522886 0.701042
0.459547 0.119812 2.0531 0.487437 0.517344 0.0517561 0.701485
0.4592 0.120062 2.05317 0.487125 0.517089 0.0512236 0.701929
0.458853 0.120312 2.05324 0.486813 0.516832 0.0506909 0.702373
0.458505 0.120562 2.05332 0.4865 0.516574 0.0501582 0.702818
0.458157 0.120811 2.05339 0.486185 0.516316 0.0496254 0.703263
0.457807 0.121061 2.05347 0.48587 0.516056 0.0490925 0.703709
0.457458 0.121309 2.05355 0.485554 0.515796 0.0485596 0.704154
0.4571 0.121563 2.05362 0.485231 0.515529 0.0480154 0.70461
0.456742 0.121816 2.0537 0.484907 0.515261 0.0474712 0.705066
0.456383 0.122069 2.05378 0.484582 0.514992 0.0469269 0.705522
0.456023 0.122322 2.05386 0.484256 0.514722 0.0463825 0.705979
0.455663 0.122575 2.05393 0.483929 0.514451 0.045838 0.706436
0.455303 0.122827 2.05401 0.483601 0.514179 0.0452934 0.706893
0.454941 0.123078 2.05409 0.483272 0.513906 0.0447488 0.707351
0.454579 0.12333 2.05417 0.482943 0.513632 0.0442041 0.707809
0.454217 0.123581 2.05425 0.482612 0.513357 0.0436593 0.708268
0.453854 0.123832 2.05433 0.482281 0.513081 0.0431144 0.708727
0.45349 0.124082 2.05441 0.481948 0.512804 0.0425695 0.709186
0.453126 0.124332 2.05449 0.481615 0.512526 0.0420245 0.709646
0.452761 0.124582 2.05456 0.481281 0.512247 0.0414794 0.710106
0.452395 0.124831 2.05464 0.480946 0.511967 0.0409342 0.710566
0.452029 0.12508 2.05472 0.48061 0.511686 0.040389 0.711027
0.451662 0.125329 2.0548 0.480273 0.511404 0.0398437 0.711488
0.451294 0.125578 2.05488 0.479936 0.511121 0.0392983 0.71195
0.450926 0.125826 2.05496 0.479597 0.510837 0.0387529 0.712412
0.450557 0.126074 2.05504 0.479257 0.510552 0.0382074 0.712874
0.450188 0.126321 2.05513 0.478917 0.510266 0.0376619 0.713337
0.449818 0.126568 2.05521 0.478575 0.509979 0.0371162 0.7138
0.449447 0.126815 2.05529 0.478233 0.509691 0.0365705 0.714263
0.449076 0.127061 2.05537 0.477889 0.509402 0.0360248 0.714726
0.448704 0.127307 2.05545 0.477545 0.509112 0.035479 0.71519
0.448332 0.127553 2.05553 0.4772 0.508821 0.0349331 0.715655
0.447959 0.127799 2.05561 0.476854 0.508528 0.0343872 0.716119
0.447585 0.128044 2.05569 0.476506 0.508235 0.0338412 0.716584
0.447211 0.128289 2.05578 0.476158 0.507941 0.0332952 0.71705
0.446836 0.128533 2.05586 0.475809 0.507646 0.0327491 0.717515
0.44646 0.128777 2.05594 0.475459 0.50735 0.032203 0.717981
0.446084 0.129021 2.05602 0.475108 0.507053 0.0316568 0.718448
0.445707 0.129264 2.05611 0.474757 0.506755 0.0311105 0.718914
0.44533 0.129507 2.05619 0.474404 0.506456 0.0305642 0.719381
0.444952 0.12975 2.05627 0.47405 0.506156 0.0300179 0.719849
0.444573 0.129992 2.05635 0.473695 0.505854 0.0294715 0.720316
0.444194 0.130234 2.05644 0.473339 0.505552 0.028925 0.720784
0.443814 0.130476 2.05652 0.472983 0.505249 0.0283785 0.721253
0.443433 0.130717 2.0566 0.472625 0.504945 0.027832 0.721721
0.443052 0.130958 2.05669 0.472266 0.50464 0.0272854 0.72219
0.44267 0.131199 2.05677 0.471907 0.504334 0.0267388 0.722659
0.442288 0.131439 2.05686 0.471546 0.504027 0.0261921 0.723129
0.441905 0.131679 2.05694 0.471185 0.503719 0.0256454 0.723599
0.441521 0.131919 2.05702 0.470822 0.50341 0.0250986 0.724069
0.441137 0.132158 2.05711 0.470458 0.5031 0.0245518 0.724539
0.440752 0.132397 2.05719 0.470094 0.502788 0.024005 0.72501
0.440366 0.132636 2.05728 0.469728 0.502476 0.0234581 0.725481
0.43998 0.132874 2.05736 0.469362 0.502163 0.0229112 0.725952
0.439593 0.133112 2.05745 0.468994 0.501849 0.0223643 0.726424
