-0.136611 -0.717173 2.123 0.642788 0 0 -0.766044
-0.137813 -0.718815 2.12329 0.642978 0.000554272 0.000458921 -0.765884
-0.13902 -0.720455 2.12358 0.643168 0.00111106 0.000914838 -0.765724
-0.140232 -0.722092 2.12386 0.643357 0.00167035 0.00136775 -0.765563
-0.141448 -0.723728 2.12414 0.643546 0.00223215 0.00181764 -0.765402
-0.14267 -0.72536 2.12442 0.643735 0.00279643 0.00226452 -0.76524
-0.143896 -0.72699 2.12469 0.643923 0.00336321 0.00270838 -0.765078
-0.145128 -0.728618 2.12495 0.644111 0.00393247 0.0031492 -0.764915
-0.146364 -0.730244 2.12522 0.644299 0.00450421 0.003587 -0.764752
-0.147605 -0.731867 2.12548 0.644486 0.00507842 0.00402175 -0.764589
-0.14885 -0.733487 2.12573 0.644672 0.00565509 0.00445346 -0.764425
-0.150101 -0.735105 2.12598 0.644859 0.00623422 0.00488212 -0.764261
-0.151357 -0.736721 2.12623 0.645044 0.0068158 0.00530774 -0.764096
-0.152617 -0.738333 2.12647 0.64523 0.00739982 0.00573029 -0.763931
-0.153882 -0.739944 2.12671 0.645415 0.00798628 0.00614978 -0.763766
-0.155152 -0.741552 2.12694 0.645599 0.00857518 0.0065662 -0.7636
-0.156427 -0.743157 2.12717 0.645783 0.0091665 0.00697955 -0.763434
-0.157706 -0.74476 2.12739 0.645967 0.00976023 0.00738983 -0.763267
-0.158991 -0.74636 2.12762 0.64615 0.0103564 0.00779702 -0.763101
-0.16028 -0.747957 2.12783 0.646332 0.0109549 0.00820112 -0.762933
-0.161574 -0.749552 2.12805 0.646515 0.0115559 0.00860214 -0.762766
-0.162873 -0.751144 2.12825 0.646696 0.0121592 0.00900006 -0.762598
-0.164176 -0.752733 2.12846 0.646877 0.012765 0.00939488 -0.762429
-0.165484 -0.75432 2.12866 0.647058 0.0133731 0.00978659 -0.76226
-0.166797 -0.755904 2.12886 0.647238 0.0139836 0.0101752 -0.762091
-0.168115 -0.757485 2.12905 0.647418 0.0145964 0.0105607 -0.761922
-0.169438 -0.759063 2.12924 0.647598 0.0152117 0.0109431 -0.761752
-0.170765 -0.760639 2.12942 0.647776 0.0158292 0.0113223 -0.761582
-0.172097 -0.762212 2.1296 0.647955 0.0164491 0.0116984 -0.761412
-0.173434 -0.763782 2.12977 0.648132 0.0170714 0.0120714 -0.761241
-0.174775 -0.765349 2.12995 0.64831 0.017696 0.0124413 -0.76107
-0.176121 -0.766913 2.13011 0.648486 0.0183229 0.012808 -0.760898
-0.177472 -0.768474 2.13028 0.648662 0.0189521 0.0131716 -0.760726
-0.178827 -0.770033 2.13044 0.648838 0.0195837 0.013532 -0.760554
-0.180188 -0.771589 2.13059 0.649013 0.0202175 0.0138892 -0.760382
-0.181552 -0.773141 2.13074 0.649188 0.0208537 0.0142434 -0.760209
-0.182922 -0.774691 2.13089 0.649362 0.0214921 0.0145943 -0.760036
-0.184296 -0.776238 2.13103 0.649535 0.0221329 0.0149421 -0.759862
-0.185675 -0.777782 2.13117 0.649708 0.0227759 0.0152867 -0.759689
-0.187058 -0.779323 2.1313 0.64988 0.0234212 0.0156281 -0.759515
-0.188447 -0.780861 2.13143 0.650052 0.0240687 0.0159664 -0.75934
-0.189839 -0.782396 2.13156 0.650223 0.0247185 0.0163015 -0.759166
-0.191237 -0.783927 2.13168 0.650394 0.0253706 0.0166333 -0.758991
-0.192639 -0.785456 2.1318 0.650564 0.0260249 0.016962 -0.758816
-0.194045 -0.786982 2.13191 0.650734 0.0266814 0.0172875 -0.75864
-0.195456 -0.788504 2.13202 0.650902 0.0273402 0.0176098 -0.758464
-0.196872 -0.790024 2.13213 0.651071 0.0280012 0.0179289 -0.758288
-0.198292 -0.79154 2.13223 0.651238 0.0286644 0.0182448 -0.758112
-0.199717 -0.793053 2.13233 0.651406 0.0293298 0.0185575 -0.757936
-0.201147 -0.794563 2.13242 0.651572 0.0299974 0.018867 -0.757759
-0.202581 -0.79607 2.13251 0.651738 0.0306673 0.0191732 -0.757582
-0.204019 -0.797574 2.13259 0.651903 0.0313393 0.0194762 -0.757404
-0.205462 -0.799074 2.13267 0.652068 0.0320134 0.019776 -0.757226
-0.20691 -0.800571 2.13275 0.652232 0.0326898 0.0200726 -0.757049
-0.208362 -0.802065 2.13282 0.652395 0.0333683 0.0203659 -0.75687
-0.209819 -0.803556 2.13289 0.652558 0.034049 0.020656 -0.756692
-0.21128 -0.805043 2.13296 0.65272 0.0347319 0.0209429 -0.756513
-0.212745 -0.806527 2.13302 0.652881 0.0354168 0.0212265 -0.756334
-0.214215 -0.808008 2.13307 0.653042 0.036104 0.0215068 -0.756155
-0.21569 -0.809485 2.13312 0.653202 0.0367932 0.0217839 -0.755976
-0.217169 -0.810959 2.13317 0.653361 0.0374846 0.0220578 -0.755796
-0.218652 -0.81243 2.13321 0.65352 0.0381781 0.0223284 -0.755616
-0.22014 -0.813897 2.13325 0.653678 0.0388737 0.0225957 -0.755436
-0.221632 -0.815361 2.13329 0.653835 0.0395714 0.0228598 -0.755256
-0.223129 -0.816822 2.13332 0.653992 0.0402712 0.0231205 -0.755075
-0.22463 -0.818279 2.13335 0.654148 0.0409731 0.0233781 -0.754894
-0.226136 -0.819732 2.13337 0.654303 0.041677 0.0236323 -0.754713
-0.227646 -0.821183 2.13339 0.654457 0.0423831 0.0238833 -0.754532
-0.22916 -0.822629 2.13341 0.654611 0.0430912 0.0241309 -0.754351
-0.230679 -0.824072 2.13342 0.654764 0.0438013 0.0243753 -0.754169
-0.232202 -0.825512 2.13342 0.654917 0.0445135 0.0246164 -0.753987
-0.233729 -0.826948 2.13343 0.655068 0.0452278 0.0248542 -0.753805
-0.235261 -0.828381 2.13342 0.655219 0.0459441 0.0250887 -0.753623
-0.236797 -0.829809 2.13342 0.655369 0.0466624 0.0253199 -0.75344
-0.238338 -0.831235 2.13341 0.655519 0.0473827 0.0255478 -0.753258
-0.239882 -0.832657 2.1334 0.655668 0.0481051 0.0257724 -0.753075
-0.241431 -0.834075 2.13338 0.655816 0.0488294 0.0259937 -0.752892
-0.242985 -0.835489 2.13336 0.655963 0.0495558 0.0262116 -0.752708
-0.244542 -0.8369 2.13333 0.656109 0.0502841 0.0264263 -0.752525
-0.246104 -0.838307 2.1333 0.656255 0.0510144 0.0266376 -0.752341
-0.24767 -0.839711 2.13327 0.6564 0.0517467 0.0268456 -0.752158
-0.249241 -0.841111 2.13323 0.656544 0.052481 0.0270503 -0.751974
-0.250815 -0.842507 2.13319 0.656687 0.0532172 0.0272517 -0.751789
-0.252394 -0.843899 2.13314 0.65683 0.0539554 0.0274497 -0.751605
-0.253977 -0.845288 2.13309 0.656971 0.0546955 0.0276444 -0.751421
-0.255564 -0.846672 2.13303 0.657112 0.0554375 0.0278357 -0.751236
-0.257156 -0.848054 2.13297 0.657252 0.0561815 0.0280237 -0.751051
-0.258751 -0.849431 2.13291 0.657392 0.0569274 0.0282084 -0.750866
-0.260351 -0.850804 2.13285 0.65753 0.0576753 0.0283897 -0.750681
-0.261955 -0.852174 2.13277 0.657668 0.058425 0.0285677 -0.750496
-0.263563 -0.85354 2.1327 0.657804 0.0591766 0.0287423 -0.75031
-0.265175 -0.854901 2.13262 0.65794 0.0599301 0.0289136 -0.750124
-0.266792 -0.85626 2.13254 0.658076 0.0606855 0.0290815 -0.749939
-0.268412 -0.857614 2.13245 0.65821 0.0614428 0.0292461 -0.749753
-0.270037 -0.858964 2.13236 0.658343 0.0622019 0.0294072 -0.749567
-0.271666 -0.86031 2.13226 0.658476 0.0629629 0.0295651 -0.74938
-0.273298 -0.861653 2.13216 0.658608 0.0637258 0.0297195 -0.749194
-0.274935 -0.862991 2.13206 0.658739 0.0644905 0.0298706 -0.749008
-0.276576 -0.864325 2.13195 0.658869 0.065257 0.0300183 -0.748821
-0.278221 -0.865656 2.13184 0.658998 0.0660253 0.0301626 -0.748634
-0.27987 -0.866982 2.13173 0.659126 0.0667955 0.0303036 -0.748447
-0.281523 -0.868305 2.13161 0.659253 0.0675675 0.0304412 -0.74826
-0.28318 -0.869623 2.13148 0.65938 0.0683413 0.0305754 -0.748073
-0.284841 -0.870937 2.13135 0.659505 0.0691169 0.0307062 -0.747886
-0.286506 -0.872248 2.13122 0.65963 0.0698943 0.0308336 -0.747698
-0.288175 -0.873554 2.13109 0.659754 0.0706734 0.0309576 -0.747511
-0.289848 -0.874856 2.13095 0.659876 0.0714543 0.0310783 -0.747323
-0.291525 -0.876154 2.1308 0.659998 0.072237 0.0311955 -0.747135
-0.293206 -0.877448 2.13065 0.660119 0.0730215 0.0313093 -0.746947
-0.29489 -0.878737 2.1305 0.660239 0.0738077 0.0314198 -0.746759
-0.296579 -0.880023 2.13035 0.660358 0.0745956 0.0315268 -0.746571
-0.298272 -0.881304 2.13019 0.660477 0.0753853 0.0316305 -0.746383
-0.299968 -0.882581 2.13002 0.660594 0.0761767 0.0317307 -0.746194
-0.301668 -0.883854 2.12985 0.66071 0.0769698 0.0318275 -0.746006
-0.303373 -0.885123 2.12968 0.660825 0.0777646 0.031921 -0.745817
-0.305081 -0.886388 2.1295 0.66094 0.0785611 0.032011 -0.745629
-0.306792 -0.887648 2.12932 0.661053 0.0793593 0.0320976 -0.74544
-0.308508 -0.888904 2.12914 0.661165 0.0801592 0.0321807 -0.745251
-0.310228 -0.890155 2.12895 0.661277 0.0809608 0.0322605 -0.745062
-0.311951 -0.891403 2.12876 0.661387 0.081764 0.0323368 -0.744873
-0.313678 -0.892646 2.12856 0.661497 0.0825689 0.0324097 -0.744684
-0.315409 -0.893885 2.12836 0.661605 0.0833755 0.0324792 -0.744495
-0.317144 -0.895119 2.12816 0.661712 0.0841836 0.0325453 -0.744305
-0.318882 -0.896349 2.12795 0.661819 0.0849935 0.0326079 -0.744116
-0.320624 -0.897575 2.12773 0.661924 0.0858049 0.0326671 -0.743927
-0.32237 -0.898796 2.12752 0.662029 0.086618 0.0327229 -0.743737
-0.324119 -0.900013 2.1273 0.662132 0.0874327 0.0327753 -0.743547
-0.325873 -0.901226 2.12707 0.662234 0.0882489 0.0328242 -0.743358
-0.327629 -0.902434 2.12684 0.662335 0.0890668 0.0328696 -0.743168
-0.32939 -0.903637 2.12661 0.662436 0.0898863 0.0329117 -0.742978
-0.331154 -0.904836 2.12637 0.662535 0.0907073 0.0329503 -0.742788
-0.332922 -0.906031 2.12613 0.662633 0.0915299 0.0329854 -0.742598
-0.334694 -0.907221 2.12589 0.66273 0.0923541 0.0330171 -0.742408
-0.336469 -0.908407 2.12564 0.662826 0.0931798 0.0330454 -0.742218
-0.338247 -0.909588 2.12538 0.662921 0.094007 0.0330702 -0.742027
-0.34003 -0.910765 2.12513 0.663015 0.0948358 0.0330916 -0.741837
-0.341816 -0.911937 2.12487 0.663108 0.0956661 0.0331095 -0.741647
-0.343605 -0.913104 2.1246 0.663199 0.096498 0.033124 -0.741456
-0.345398 -0.914267 2.12433 0.66329 0.0973313 0.033135 -0.741266
-0.347194 -0.915426 2.12406 0.663379 0.0981662 0.0331426 -0.741075
-0.348994 -0.91658 2.12378 0.663468 0.0990025 0.0331467 -0.740885
-0.350798 -0.917729 2.1235 0.663555 0.0998403 0.0331474 -0.740694
-0.352605 -0.918873 2.12322 0.663641 0.10068 0.0331446 -0.740503
-0.354415 -0.920013 2.12293 0.663726 0.10152 0.0331383 -0.740313
-0.356229 -0.921148 2.12263 0.66381 0.102363 0.0331286 -0.740122
-0.358046 -0.922279 2.12234 0.663893 0.103206 0.0331154 -0.739931
-0.359867 -0.923405 2.12204 0.663975 0.104051 0.0330988 -0.73974
-0.361691 -0.924526 2.12173 0.664055 0.104898 0.0330787 -0.739549
-0.363519 -0.925642 2.12142 0.664135 0.105746 0.0330551 -0.739358
-0.36535 -0.926754 2.12111 0.664213 0.106595 0.0330281 -0.739167
-0.367184 -0.927861 2.12079 0.66429 0.107446 0.0329976 -0.738976
-0.369022 -0.928963 2.12047 0.664366 0.108298 0.0329636 -0.738785
-0.370863 -0.93006 2.12015 0.66444 0.109152 0.0329262 -0.738594
-0.372707 -0.931153 2.11982 0.664514 0.110007 0.0328853 -0.738402
-0.374555 -0.932241 2.11948 0.664586 0.110863 0.0328409 -0.738211
-0.376406 -0.933324 2.11915 0.664658 0.111721 0.032793 -0.73802
-0.37826 -0.934402 2.11881 0.664728 0.11258 0.0327417 -0.737829
-0.380118 -0.935476 2.11846 0.664796 0.11344 0.0326869 -0.737637
-0.381979 -0.936544 2.11811 0.664864 0.114302 0.0326287 -0.737446
-0.383843 -0.937608 2.11776 0.66493 0.115165 0.0325669 -0.737254
-0.38571 -0.938666 2.1174 0.664995 0.11603 0.0325017 -0.737063
-0.38758 -0.93972 2.11704 0.665059 0.116895 0.032433 -0.736871
-0.389454 -0.940769 2.11668 0.665122 0.117763 0.0323609 -0.73668
-0.391331 -0.941813 2.11631 0.665184 0.118631 0.0322852 -0.736488
-0.393211 -0.942852 2.11593 0.665244 0.1195 0.0322061 -0.736297
-0.395094 -0.943887 2.11556 0.665303 0.120371 0.0321235 -0.736105
-0.39698 -0.944916 2.11518 0.665361 0.121244 0.0320374 -0.735914
-0.398869 -0.94594 2.11479 0.665417 0.122117 0.0319479 -0.735722
-0.400762 -0.946959 2.1144 0.665472 0.122992 0.0318548 -0.73553
-0.402657 -0.947973 2.11401 0.665526 0.123868 0.0317583 -0.735339
-0.404556 -0.948983 2.11362 0.665579 0.124745 0.0316583 -0.735147
-0.406457 -0.949987 2.11321 0.665631 0.125623 0.0315548 -0.734955
-0.408362 -0.950986 2.11281 0.665681 0.126503 0.0314478 -0.734763
-0.410269 -0.95198 2.1124 0.66573 0.127384 0.0313374 -0.734572
-0.41218 -0.952969 2.11199 0.665777 0.128266 0.0312235 -0.73438
-0.414094 -0.953953 2.11157 0.665823 0.129149 0.031106 -0.734188
-0.41601 -0.954932 2.11115 0.665868 0.130033 0.0309851 -0.733996
-0.41793 -0.955906 2.11073 0.665912 0.130919 0.0308608 -0.733805
-0.419852 -0.956874 2.1103 0.665954 0.131805 0.0307329 -0.733613
-0.421778 -0.957838 2.10987 0.665995 0.132693 0.0306015 -0.733421
-0.423706 -0.958796 2.10943 0.666035 0.133582 0.0304667 -0.733229
-0.425637 -0.95975 2.10899 0.666074 0.134473 0.0303284 -0.733037
-0.427571 -0.960698 2.10855 0.666111 0.135364 0.0301866 -0.732845
-0.429508 -0.961641 2.1081 0.666146 0.136256 0.0300413 -0.732653
-0.431448 -0.962578 2.10765 0.666181 0.13715 0.0298925 -0.732461
-0.433391 -0.963511 2.1072 0.666214 0.138044 0.0297403 -0.73227
-0.435336 -0.964438 2.10674 0.666245 0.13894 0.0295845 -0.732078
-0.437284 -0.96536 2.10627 0.666276 0.139837 0.0294253 -0.731886
-0.439235 -0.966277 2.10581 0.666304 0.140735 0.0292626 -0.731694
-0.441189 -0.967188 2.10533 0.666332 0.141634 0.0290964 -0.731502
-0.443145 -0.968095 2.10486 0.666358 0.142534 0.0289267 -0.73131
-0.445105 -0.968996 2.10438 0.666383 0.143435 0.0287535 -0.731118
-0.447066 -0.969892 2.1039 0.666406 0.144337 0.0285769 -0.730926
-0.449031 -0.970782 2.10341 0.666428 0.14524 0.0283967 -0.730734
-0.450998 -0.971667 2.10292 0.666449 0.146144 0.0282131 -0.730542
-0.452968 -0.972547 2.10242 0.666468 0.147049 0.028026 -0.73035
-0.454941 -0.973421 2.10193 0.666486 0.147956 0.0278354 -0.730158
-0.456916 -0.97429 2.10142 0.666502 0.148863 0.0276414 -0.729966
-0.458893 -0.975154 2.10092 0.666517 0.149771 0.0274438 -0.729774
-0.460874 -0.976013 2.10041 0.666531 0.15068 0.0272428 -0.729582
-0.462857 -0.976866 2.09989 0.666543 0.15159 0.0270383 -0.72939
-0.464842 -0.977713 2.09938 0.666553 0.152501 0.0268303 -0.729198
-0.46683 -0.978555 2.09885 0.666562 0.153413 0.0266188 -0.729006
-0.46882 -0.979392 2.09833 0.66657 0.154326 0.0264038 -0.728814
-0.470813 -0.980224 2.0978 0.666576 0.15524 0.0261854 -0.728622
-0.472809 -0.98105 2.09726 0.666581 0.156155 0.0259635 -0.72843
-0.474807 -0.98187 2.09673 0.666585 0.157071 0.0257381 -0.728238
-0.476807 -0.982685 2.09619 0.666586 0.157987 0.0255092 -0.728047
-0.47881 -0.983495 2.09564 0.666587 0.158905 0.0252769 -0.727855
-0.480815 -0.984299 2.09509 0.666586 0.159823 0.0250411 -0.727663
-0.482823 -0.985097 2.09454 0.666583 0.160743 0.0248018 -0.727471
-0.484832 -0.98589 2.09398 0.666579 0.161663 0.024559 -0.727279
-0.486845 -0.986678 2.09342 0.666574 0.162584 0.0243127 -0.727087
-0.488859 -0.98746 2.09286 0.666566 0.163506 0.024063 -0.726895
-0.490876 -0.988236 2.09229 0.666558 0.164429 0.0238098 -0.726703
-0.492896 -0.989007 2.09172 0.666548 0.165352 0.0235531 -0.726511
-0.494917 -0.989773 2.09114 0.666536 0.166277 0.023293 -0.726319
-0.496941 -0.990532 2.09056 0.666523 0.167202 0.0230294 -0.726127
-0.498967 -0.991287 2.08998 0.666508 0.168128 0.0227623 -0.725935
-0.500995 -0.992035 2.08939 0.666492 0.169055 0.0224918 -0.725743
-0.503026 -0.992778 2.0888 0.666474 0.169982 0.0222178 -0.725551
-0.505058 -0.993516 2.0882 0.666455 0.170911 0.0219403 -0.725359
-0.507093 -0.994247 2.0876 0.666434 0.17184 0.0216593 -0.725167
-0.50913 -0.994973 2.087 0.666412 0.17277 0.0213749 -0.724975
-0.511169 -0.995694 2.08639 0.666388 0.1737 0.0210871 -0.724783
-0.51321 -0.996409 2.08578 0.666362 0.174632 0.0207957 -0.724592
-0.515254 -0.997118 2.08517 0.666335 0.175564 0.020501 -0.7244
-0.517299 -0.997821 2.08455 0.666306 0.176497 0.0202027 -0.724208
-0.519347 -0.998519 2.08393 0.666276 0.17743 0.019901 -0.724016
-0.521396 -0.999211 2.0833 0.666244 0.178365 0.0195958 -0.723824
-0.523448 -0.999898 2.08267 0.666211 0.1793 0.0192872 -0.723632
-0.525501 -1.00058 2.08204 0.666175 0.180235 0.0189751 -0.72344
-0.527557 -1.00125 2.0814 0.666139 0.181172 0.0186596 -0.723248
-0.529614 -1.00192 2.08076 0.6661 0.182109 0.0183406 -0.723056
-0.531674 -1.00259 2.08012 0.666061 0.183046 0.0180182 -0.722864
-0.533735 -1.00324 2.07947 0.666019 0.183985 0.0176923 -0.722672
-0.535798 -1.0039 2.07882 0.665976 0.184924 0.017363 -0.72248
-0.537863 -1.00454 2.07816 0.665931 0.185863 0.0170303 -0.722289
-0.539931 -1.00518 2.0775 0.665885 0.186803 0.0166941 -0.722097
-0.541999 -1.00582 2.07683 0.665837 0.187744 0.0163544 -0.721905
-0.54407 -1.00645 2.07617 0.665787 0.188686 0.0160113 -0.721713
-0.546143 -1.00707 2.0755 0.665735 0.189628 0.0156648 -0.721521
-0.548217 -1.00769 2.07482 0.665682 0.19057 0.0153148 -0.721329
-0.550293 -1.0083 2.07414 0.665628 0.191514 0.0149614 -0.721137
-0.552371 -1.0089 2.07346 0.665571 0.192457 0.0146046 -0.720945
-0.55445 -1.0095 2.07277 0.665513 0.193402 0.0142443 -0.720753
-0.556532 -1.0101 2.07208 0.665454 0.194347 0.0138806 -0.720561
-0.558615 -1.01068 2.07139 0.665392 0.195292 0.0135135 -0.720369
-0.560699 -1.01127 2.07069 0.665329 0.196238 0.0131429 -0.720177
-0.562786 -1.01184 2.06999 0.665264 0.197184 0.0127689 -0.719985
-0.564874 -1.01241 2.06928 0.665198 0.198131 0.0123915 -0.719793
-0.566963 -1.01298 2.06857 0.66513 0.199079 0.0120107 -0.719601
-0.569054 -1.01353 2.06786 0.66506 0.200027 0.0116265 -0.719409
-0.571147 -1.01409 2.06714 0.664988 0.200975 0.0112388 -0.719217
-0.573242 -1.01463 2.06642 0.664915 0.201924 0.0108478 -0.719025
-0.575337 -1.01517 2.0657 0.66484 0.202874 0.0104533 -0.718833
-0.577435 -1.01571 2.06497 0.664763 0.203823 0.0100554 -0.718641
-0.579534 -1.01624 2.06424 0.664684 0.204774 0.00965407 -0.718449
-0.581634 -1.01676 2.0635 0.664604 0.205725 0.00924936 -0.718257
-0.583736 -1.01728 2.06277 0.664522 0.206676 0.00884124 -0.718065
-0.585839 -1.01779 2.06202 0.664438 0.207627 0.00842973 -0.717873
-0.587944 -1.01829 2.06128 0.664353 0.208579 0.00801481 -0.717681
-0.59005 -1.01879 2.06053 0.664265 0.209532 0.0075965 -0.717489
-0.592157 -1.01928 2.05977 0.664176 0.210485 0.00717479 -0.717297
-0.594266 -1.01977 2.05901 0.664085 0.211438 0.00674968 -0.717105
-0.596376 -1.02025 2.05825 0.663993 0.212391 0.00632119 -0.716912
-0.598487 -1.02073 2.05749 0.663898 0.213345 0.00588931 -0.71672
-0.6006 -1.02119 2.05672 0.663802 0.214299 0.00545404 -0.716528
-0.602714 -1.02166 2.05595 0.663704 0.215254 0.00501539 -0.716336
-0.604829 -1.02211 2.05517 0.663605 0.216209 0.00457336 -0.716144
-0.606946 -1.02256 2.05439 0.663503 0.217164 0.00412795 -0.715951
-0.609064 -1.02301 2.05361 0.6634 0.21812 0.00367916 -0.715759
-0.611183 -1.02345 2.05282 0.663295 0.219076 0.003227 -0.715567
-0.613303 -1.02388 2.05203 0.663188 0.220032 0.00277147 -0.715374
-0.615424 -1.0243 2.05123 0.663079 0.220989 0.00231257 -0.715182
-0.617546 -1.02472 2.05044 0.662968 0.221945 0.00185031 -0.71499
-0.61967 -1.02514 2.04963 0.662856 0.222902 0.00138468 -0.714797
-0.621794 -1.02555 2.04883 0.662741 0.22386 0.000915694 -0.714605
-0.62392 -1.02595 2.04802 0.662625 0.224817 0.000443349 -0.714412
-0.626047 -1.02634 2.04721 0.662507 0.225775 -3.23513e-05 -0.71422
-0.628174 -1.02673 2.04639 0.662387 0.226733 -0.000511403 -0.714027
-0.630303 -1.02711 2.04557 0.662266 0.227691 -0.000993805 -0.713835
-0.632433 -1.02749 2.04475 0.662142 0.22865 -0.00147955 -0.713642
-0.634563 -1.02786 2.04392 0.662017 0.229609 -0.00196864 -0.713449
-0.636695 -1.02823 2.04309 0.661889 0.230567 -0.00246108 -0.713257
-0.638827 -1.02859 2.04225 0.66176 0.231526 -0.00295685 -0.713064
-0.640961 -1.02894 2.04141 0.661629 0.232486 -0.00345595 -0.712871
-0.643095 -1.02928 2.04057 0.661496 0.233445 -0.00395839 -0.712678
-0.64523 -1.02962 2.03972 0.661362 0.234405 -0.00446415 -0.712485
-0.647366 -1.02996 2.03888 0.661225 0.235364 -0.00497324 -0.712292
-0.649503 -1.03029 2.03802 0.661086 0.236324 -0.00548565 -0.712099
-0.651641 -1.03061 2.03717 0.660946 0.237284 -0.00600139 -0.711906
-0.653779 -1.03092 2.03631 0.660803 0.238244 -0.00652044 -0.711713
-0.655918 -1.03123 2.03544 0.660659 0.239205 -0.0070428 -0.71152
-0.658058 -1.03153 2.03457 0.660513 0.240165 -0.00756847 -0.711327
-0.660198 -1.03183 2.0337 0.660365 0.241125 -0.00809745 -0.711134
-0.66234 -1.03212 2.03283 0.660215 0.242086 -0.00862973 -0.710941
-0.664482 -1.0324 2.03195 0.660063 0.243047 -0.00916531 -0.710747
-0.666624 -1.03268 2.03107 0.659909 0.244007 -0.00970419 -0.710554
-0.668767 -1.03295 2.03018 0.659753 0.244968 -0.0102464 -0.71036
-0.670911 -1.03322 2.02929 0.659595 0.245929 -0.0107918 -0.710167
-0.673055 -1.03348 2.0284 0.659435 0.246889 -0.0113406 -0.709973
-0.6752 -1.03373 2.02751 0.659274 0.24785 -0.0118926 -0.70978
-0.677346 -1.03398 2.02661 0.65911 0.248811 -0.0124479 -0.709586
-0.679492 -1.03422 2.0257 0.658944 0.249772 -0.0130065 -0.709392
-0.681638 -1.03445 2.0248 0.658777 0.250733 -0.0135684 -0.709198
-0.683785 -1.03468 2.02388 0.658607 0.251694 -0.0141335 -0.709004
-0.685932 -1.0349 2.02297 0.658435 0.252655 -0.0147019 -0.70881
-0.68808 -1.03511 2.02205 0.658262 0.253615 -0.0152736 -0.708616
-0.690228 -1.03532 2.02113 0.658086 0.254576 -0.0158485 -0.708422
-0.692377 -1.03552 2.02021 0.657909 0.255537 -0.0164267 -0.708228
-0.694526 -1.03572 2.01928 0.657729 0.256498 -0.0170081 -0.708034
-0.696675 -1.03591 2.01835 0.657548 0.257458 -0.0175928 -0.707839
-0.698825 -1.03609 2.01741 0.657364 0.258419 -0.0181807 -0.707645
-0.700974 -1.03627 2.01647 0.657179 0.259379 -0.0187719 -0.70745
-0.703125 -1.03644 2.01553 0.656991 0.260339 -0.0193663 -0.707256
-0.705275 -1.0366 2.01459 0.656802 0.2613 -0.0199639 -0.707061
-0.707426 -1.03676 2.01364 0.65661 0.26226 -0.0205648 -0.706866
-0.709576 -1.03691 2.01268 0.656417 0.26322 -0.0211688 -0.706671
-0.711727 -1.03705 2.01173 0.656221 0.26418 -0.0217762 -0.706476
-0.713879 -1.03719 2.01077 0.656023 0.26514 -0.0223867 -0.706281
-0.71603 -1.03733 2.0098 0.655824 0.266099 -0.0230004 -0.706086
-0.718181 -1.03745 2.00884 0.655622 0.267059 -0.0236174 -0.705891
-0.720333 -1.03757 2.00787 0.655418 0.268018 -0.0242375 -0.705695
-0.722484 -1.03768 2.00689 0.655212 0.268977 -0.0248609 -0.7055
-0.724636 -1.03779 2.00592 0.655004 0.269936 -0.0254874 -0.705304
-0.726788 -1.03789 2.00494 0.654795 0.270895 -0.0261171 -0.705109
-0.728939 -1.03798 2.00395 0.654583 0.271853 -0.0267501 -0.704913
-0.731091 -1.03807 2.00296 0.654368 0.272811 -0.0273862 -0.704717
-0.733243 -1.03815 2.00197 0.654152 0.27377 -0.0280255 -0.704521
-0.735394 -1.03823 2.00098 0.653934 0.274727 -0.028668 -0.704325
-0.737546 -1.03829 1.99998 0.653714 0.275685 -0.0293136 -0.704128
-0.739697 -1.03836 1.99898 0.653491 0.276642 -0.0299624 -0.703932
-0.741848 -1.03841 1.99797 0.653267 0.2776 -0.0306144 -0.703735
-0.743999 -1.03846 1.99697 0.65304 0.278556 -0.0312695 -0.703539
-0.74615 -1.0385 1.99595 0.652812 0.279513 -0.0319278 -0.703342
-0.748301 -1.03854 1.99494 0.652581 0.280469 -0.0325893 -0.703145
-0.750451 -1.03857 1.99392 0.652348 0.281425 -0.0332539 -0.702948
-0.752601 -1.03859 1.9929 0.652113 0.282381 -0.0339216 -0.702751
-0.754751 -1.03861 1.99187 0.651876 0.283336 -0.0345925 -0.702554
-0.756901 -1.03862 1.99084 0.651637 0.284291 -0.0352665 -0.702356
-0.75905 -1.03862 1.98981 0.651395 0.285246 -0.0359436 -0.702159
-0.761199 -1.03862 1.98878 0.651152 0.2862 -0.0366239 -0.701961
-0.763348 -1.03861 1.98774 0.650906 0.287154 -0.0373072 -0.701763
-0.765496 -1.03859 1.98669 0.650659 0.288108 -0.0379937 -0.701565
-0.767644 -1.03857 1.98565 0.650409 0.289061 -0.0386833 -0.701367
-0.769791 -1.03854 1.9846 0.650157 0.290014 -0.039376 -0.701169
-0.771938 -1.03851 1.98355 0.649903 0.290967 -0.0400718 -0.70097
-0.774085 -1.03846 1.98249 0.649646 0.291919 -0.0407707 -0.700772
-0.776231 -1.03842 1.98143 0.649388 0.292871 -0.0414727 -0.700573
-0.778376 -1.03836 1.98037 0.649127 0.293822 -0.0421778 -0.700374
-0.780521 -1.0383 1.9793 0.648864 0.294773 -0.042886 -0.700175
-0.782665 -1.03823 1.97823 0.648599 0.295723 -0.0435972 -0.699976
-0.784809 -1.03816 1.97716 0.648332 0.296673 -0.0443115 -0.699776
-0.786952 -1.03808 1.97609 0.648063 0.297623 -0.0450289 -0.699577
-0.789095 -1.03799 1.97501 0.647792 0.298572 -0.0457493 -0.699377
-0.791236 -1.0379 1.97392 0.647518 0.29952 -0.0464728 -0.699177
-0.793378 -1.0378 1.97284 0.647242 0.300469 -0.0471994 -0.698977
-0.795518 -1.03769 1.97175 0.646964 0.301416 -0.047929 -0.698776
-0.797658 -1.03758 1.97066 0.646684 0.302363 -0.0486616 -0.698576
-0.799797 -1.03746 1.96956 0.646401 0.30331 -0.0493973 -0.698375
-0.801935 -1.03733 1.96846 0.646117 0.304256 -0.050136 -0.698174
-0.804072 -1.0372 1.96736 0.64583 0.305202 -0.0508777 -0.697973
-0.806209 -1.03706 1.96625 0.645541 0.306147 -0.0516225 -0.697772
-0.808345 -1.03691 1.96514 0.64525 0.307091 -0.0523703 -0.697571
-0.810479 -1.03676 1.96403 0.644956 0.308035 -0.0531211 -0.697369
-0.812613 -1.0366 1.96292 0.644661 0.308979 -0.0538749 -0.697167
-0.814746 -1.03644 1.9618 0.644363 0.309922 -0.0546317 -0.696965
-0.816878 -1.03626 1.96067 0.644063 0.310864 -0.0553915 -0.696763
-0.81901 -1.03609 1.95955 0.64376 0.311805 -0.0561542 -0.696561
-0.82114 -1.0359 1.95842 0.643456 0.312746 -0.05692 -0.696358
-0.823269 -1.03571 1.95729 0.643149 0.313687 -0.0576888 -0.696155
-0.825397 -1.03551 1.95615 0.64284 0.314627 -0.0584605 -0.695952
-0.827524 -1.03531 1.95502 0.642529 0.315566 -0.0592352 -0.695749
-0.82965 -1.0351 1.95387 0.642215 0.316505 -0.0600129 -0.695545
-0.831775 -1.03488 1.95273 0.641899 0.317443 -0.0607935 -0.695341
-0.833898 -1.03465 1.95158 0.641581 0.31838 -0.0615771 -0.695137
-0.836021 -1.03442 1.95043 0.641261 0.319316 -0.0623636 -0.694933
-0.838142 -1.03419 1.94928 0.640939 0.320252 -0.063153 -0.694729
-0.840262 -1.03394 1.94812 0.640614 0.321188 -0.0639455 -0.694524
-0.842381 -1.03369 1.94696 0.640287 0.322122 -0.0647408 -0.694319
-0.844499 -1.03344 1.94579 0.639957 0.323056 -0.0655391 -0.694114
-0.846616 -1.03317 1.94463 0.639626 0.323989 -0.0663402 -0.693908
-0.848731 -1.0329 1.94346 0.639292 0.324922 -0.0671443 -0.693703
-0.850845 -1.03263 1.94228 0.638956 0.325854 -0.0679513 -0.693497
-0.852957 -1.03234 1.94111 0.638617 0.326785 -0.0687612 -0.693291
-0.855068 -1.03206 1.93993 0.638276 0.327715 -0.0695741 -0.693084
-0.857178 -1.03176 1.93874 0.637933 0.328644 -0.0703898 -0.692878
-0.859286 -1.03146 1.93756 0.637588 0.329573 -0.0712083 -0.692671
-0.861393 -1.03115 1.93637 0.63724 0.330501 -0.0720298 -0.692463
-0.863498 -1.03083 1.93518 0.63689 0.331428 -0.0728542 -0.692256
-0.865602 -1.03051 1.93398 0.636538 0.332355 -0.0736814 -0.692048
-0.867705 -1.03018 1.93278 0.636184 0.33328 -0.0745114 -0.69184
-0.869806 -1.02985 1.93158 0.635827 0.334205 -0.0753444 -0.691632
-0.871905 -1.02951 1.93037 0.635468 0.335129 -0.0761801 -0.691423
-0.874003 -1.02916 1.92917 0.635106 0.336052 -0.0770188 -0.691214
-0.876099 -1.0288 1.92796 0.634742 0.336975 -0.0778602 -0.691005
-0.878193 -1.02844 1.92674 0.634376 0.337896 -0.0787045 -0.690796
-0.880286 -1.02808 1.92552 0.634008 0.338817 -0.0795517 -0.690586
-0.882377 -1.0277 1.9243 0.633637 0.339737 -0.0804016 -0.690376
-0.884467 -1.02732 1.92308 0.633264 0.340656 -0.0812544 -0.690166
-0.886555 -1.02693 1.92186 0.632888 0.341574 -0.08211 -0.689955
-0.888641 -1.02654 1.92063 0.632511 0.342491 -0.0829683 -0.689744
-0.890725 -1.02614 1.91939 0.63213 0.343407 -0.0838295 -0.689533
-0.892807 -1.02573 1.91816 0.631748 0.344322 -0.0846935 -0.689321
-0.894888 -1.02532 1.91692 0.631363 0.345237 -0.0855602 -0.689109
-0.896967 -1.0249 1.91568 0.630976 0.34615 -0.0864298 -0.688897
-0.899044 -1.02447 1.91443 0.630587 0.347063 -0.0873021 -0.688684
-0.901119 -1.02404 1.91319 0.630195 0.347975 -0.0881771 -0.688472
-0.903192 -1.0236 1.91194 0.6298 0.348885 -0.0890549 -0.688258
-0.905263 -1.02316 1.91068 0.629404 0.349795 -0.0899355 -0.688045
-0.907332 -1.02271 1.90942 0.629005 0.350704 -0.0908188 -0.687831
-0.9094 -1.02225 1.90817 0.628604 0.351612 -0.0917049 -0.687617
-0.911465 -1.02178 1.9069 0.6282 0.352519 -0.0925937 -0.687402
-0.913528 -1.02131 1.90564 0.627794 0.353425 -0.0934852 -0.687187
-0.915589 -1.02083 1.90437 0.627385 0.354329 -0.0943795 -0.686972
-0.917648 -1.02035 1.9031 0.626975 0.355233 -0.0952765 -0.686757
-0.919705 -1.01986 1.90182 0.626561 0.356136 -0.0961761 -0.686541
-0.92176 -1.01936 1.90055 0.626146 0.357038 -0.0970785 -0.686324
-0.923813 -1.01885 1.89927 0.625728 0.357939 -0.0979836 -0.686108
-0.925863 -1.01834 1.89798 0.625308 0.358838 -0.0988913 -0.685891
-0.927911 -1.01783 1.8967 0.624885 0.359737 -0.0998018 -0.685673
-0.929958 -1.0173 1.89541 0.62446 0.360635 -0.100715 -0.685455
-0.932001 -1.01677 1.89412 0.624032 0.361531 -0.101631 -0.685237
-0.934043 -1.01624 1.89282 0.623602 0.362427 -0.102549 -0.685019
-0.936082 -1.01569 1.89152 0.62317 0.363321 -0.10347 -0.6848
-0.938119 -1.01515 1.89022 0.622735 0.364215 -0.104394 -0.684581
-0.940154 -1.01459 1.88892 0.622298 0.365107 -0.10532 -0.684361
-0.942186 -1.01403 1.88761 0.621859 0.365998 -0.106249 -0.684141
-0.944216 -1.01346 1.8863 0.621417 0.366888 -0.107181 -0.68392
-0.946243 -1.01288 1.88499 0.620972 0.367777 -0.108115 -0.683699
-0.948268 -1.0123 1.88368 0.620526 0.368664 -0.109052 -0.683478
-0.95029 -1.01171 1.88236 0.620076 0.369551 -0.109992 -0.683256
-0.95231 -1.01112 1.88104 0.619625 0.370436 -0.110934 -0.683034
-0.954328 -1.01052 1.87971 0.619171 0.37132 -0.111879 -0.682812
-0.956343 -1.00991 1.87839 0.618714 0.372204 -0.112826 -0.682589
-0.958355 -1.0093 1.87706 0.618255 0.373085 -0.113776 -0.682366
-0.960365 -1.00868 1.87573 0.617794 0.373966 -0.114728 -0.682142
-0.962372 -1.00805 1.87439 0.61733 0.374846 -0.115683 -0.681918
-0.964377 -1.00742 1.87305 0.616864 0.375724 -0.116641 -0.681693
-0.966379 -1.00678 1.87171 0.616396 0.376601 -0.117601 -0.681468
-0.968378 -1.00614 1.87037 0.615924 0.377477 -0.118564 -0.681242
-0.970374 -1.00548 1.86903 0.615451 0.378351 -0.119529 -0.681016
-0.972368 -1.00482 1.86768 0.614975 0.379225 -0.120496 -0.68079
-0.974359 -1.00416 1.86633 0.614497 0.380097 -0.121467 -0.680563
-0.976348 -1.00349 1.86497 0.614016 0.380968 -0.12244 -0.680336
-0.978333 -1.00281 1.86361 0.613533 0.381837 -0.123415 -0.680108
-0.980316 -1.00213 1.86226 0.613047 0.382706 -0.124393 -0.67988
-0.982295 -1.00144 1.86089 0.612559 0.383573 -0.125373 -0.679651
-0.984272 -1.00074 1.85953 0.612068 0.384439 -0.126356 -0.679422
-0.986246 -1.00004 1.85816 0.611575 0.385303 -0.127341 -0.679192
-0.988217 -0.999329 1.85679 0.611079 0.386166 -0.128329 -0.678962
-0.990186 -0.998613 1.85542 0.610581 0.387028 -0.129319 -0.678731
-0.992151 -0.997891 1.85404 0.610081 0.387889 -0.130312 -0.6785
-0.994113 -0.997163 1.85266 0.609578 0.388748 -0.131307 -0.678269
-0.996072 -0.996428 1.85128 0.609073 0.389606 -0.132304 -0.678037
-0.998028 -0.995687 1.8499 0.608565 0.390462 -0.133304 -0.677804
-0.999981 -0.99494 1.84851 0.608054 0.391317 -0.134307 -0.677571
-1.00193 -0.994187 1.84712 0.607542 0.392171 -0.135311 -0.677337
-1.00388 -0.993427 1.84573 0.607026 0.393023 -0.136319 -0.677103
-1.00582 -0.992661 1.84434 0.606509 0.393875 -0.137328 -0.676869
-1.00776 -0.991888 1.84294 0.605988 0.394724 -0.13834 -0.676634
-1.0097 -0.99111 1.84154 0.605466 0.395572 -0.139355 -0.676398
-1.01163 -0.990325 1.84014 0.60494 0.396419 -0.140372 -0.676162
-1.01357 -0.989534 1.83873 0.604413 0.397265 -0.141391 -0.675925
-1.01549 -0.988736 1.83733 0.603883 0.398109 -0.142413 -0.675688
-1.01742 -0.987933 1.83592 0.60335 0.398951 -0.143437 -0.67545
-1.01934 -0.987123 1.8345 0.602815 0.399792 -0.144463 -0.675212
-1.02126 -0.986307 1.83309 0.602277 0.400632 -0.145491 -0.674973
-1.02317 -0.985484 1.83167 0.601737 0.40147 -0.146522 -0.674734
-1.02508 -0.984655 1.83025 0.601194 0.402307 -0.147556 -0.674494
-1.02699 -0.983821 1.82883 0.600649 0.403142 -0.148591 -0.674253
-1.02889 -0.98298 1.8274 0.600102 0.403976 -0.149629 -0.674012
-1.03079 -0.982132 1.82597 0.599552 0.404808 -0.15067 -0.67377
-1.03269 -0.981279 1.82454 0.598999 0.405639 -0.151712 -0.673528
-1.03459 -0.980419 1.82311 0.598444 0.406469 -0.152757 -0.673285
-1.03648 -0.979554 1.82168 0.597886 0.407296 -0.153804 -0.673042
-1.03836 -0.978682 1.82024 0.597326 0.408123 -0.154854 -0.672798
-1.04025 -0.977803 1.8188 0.596764 0.408948 -0.155905 -0.672554
-1.04213 -0.976919 1.81736 0.596199 0.409771 -0.156959 -0.672309
-1.044 -0.976029 1.81591 0.595631 0.410592 -0.158016 -0.672063
-1.04587 -0.975132 1.81446 0.595061 0.411413 -0.159074 -0.671817
-1.04774 -0.974229 1.81301 0.594488 0.412231 -0.160135 -0.67157
-1.04961 -0.973321 1.81156 0.593913 0.413048 -0.161198 -0.671322
-1.05147 -0.972406 1.81011 0.593335 0.413864 -0.162263 -0.671074
-1.05333 -0.971485 1.80865 0.592755 0.414677 -0.16333 -0.670826
-1.05518 -0.970557 1.80719 0.592173 0.41549 -0.1644 -0.670576
-1.05703 -0.969624 1.80573 0.591587 0.4163 -0.165471 -0.670326
-1.05888 -0.968685 1.80426 0.591 0.417109 -0.166545 -0.670076
-1.06072 -0.967739 1.8028 0.59041 0.417917 -0.167622 -0.669825
-1.06256 -0.966788 1.80133 0.589817 0.418723 -0.1687 -0.669573
-1.06439 -0.96583 1.79986 0.589222 0.419527 -0.16978 -0.66932
-1.06623 -0.964867 1.79838 0.588624 0.420329 -0.170863 -0.669067
-1.06805 -0.963897 1.79691 0.588024 0.42113 -0.171948 -0.668813
-1.06988 -0.962922 1.79543 0.587421 0.42193 -0.173035 -0.668559
-1.07169 -0.96194 1.79395 0.586815 0.422727 -0.174124 -0.668304
-1.07351 -0.960952 1.79246 0.586208 0.423523 -0.175215 -0.668048
-1.07532 -0.959959 1.79098 0.585597 0.424317 -0.176308 -0.667792
-1.07713 -0.958959 1.78949 0.584984 0.42511 -0.177404 -0.667535
-1.07893 -0.957953 1.788 0.584369 0.425901 -0.178501 -0.667277
-1.08073 -0.956942 1.78651 0.583751 0.42669 -0.179601 -0.667019
-1.08253 -0.955924 1.78501 0.58313 0.427478 -0.180702 -0.66676
-1.08432 -0.954901 1.78352 0.582507 0.428263 -0.181806 -0.6665
-1.0861 -0.953871 1.78202 0.581882 0.429047 -0.182912 -0.66624
-1.08789 -0.952836 1.78052 0.581254 0.42983 -0.18402 -0.665979
-1.08966 -0.951795 1.77901 0.580623 0.43061 -0.18513 -0.665717
-1.09144 -0.950747 1.77751 0.57999 0.431389 -0.186242 -0.665454
-1.09321 -0.949694 1.776 0.579354 0.432166 -0.187356 -0.665191
-1.09497 -0.948635 1.77449 0.578716 0.432941 -0.188472 -0.664927
-1.09674 -0.94757 1.77298 0.578075 0.433715 -0.18959 -0.664662
-1.09849 -0.946499 1.77146 0.577432 0.434487 -0.19071 -0.664397
-1.10025 -0.945423 1.76995 0.576786 0.435257 -0.191832 -0.664131
-1.10199 -0.94434 1.76843 0.576138 0.436025 -0.192956 -0.663864
-1.10374 -0.943252 1.76691 0.575487 0.436791 -0.194082 -0.663597
-1.10548 -0.942158 1.76538 0.574834 0.437556 -0.19521 -0.663328
-1.10721 -0.941058 1.76386 0.574178 0.438318 -0.19634 -0.663059
-1.10894 -0.939952 1.76233 0.573519 0.439079 -0.197472 -0.66279
-1.11067 -0.938841 1.7608 0.572858 0.439839 -0.198605 -0.662519
-1.11239 -0.937723 1.75927 0.572194 0.440596 -0.199741 -0.662248
-1.11411 -0.9366 1.75773 0.571528 0.441351 -0.200879 -0.661976
-1.11582 -0.935471 1.7562 0.57086 0.442105 -0.202019 -0.661703
-1.11753 -0.934336 1.75466 0.570189 0.442857 -0.20316 -0.66143
-1.11923 -0.933196 1.75312 0.569515 0.443606 -0.204304 -0.661155
-1.12093 -0.93205 1.75158 0.568839 0.444354 -0.205449 -0.66088
-1.12263 -0.930898 1.75004 0.56816 0.445101 -0.206596 -0.660604
-1.12432 -0.929741 1.74849 0.567478 0.445845 -0.207745 -0.660328
-1.126 -0.928577 1.74694 0.566794 0.446587 -0.208896 -0.66005
-1.12768 -0.927408 1.74539 0.566108 0.447328 -0.210049 -0.659772
-1.12936 -0.926234 1.74384 0.565419 0.448066 -0.211204 -0.659493
-1.13103 -0.925054 1.74229 0.564728 0.448803 -0.21236 -0.659213
-1.1327 -0.923868 1.74073 0.564033 0.449537 -0.213519 -0.658933
-1.13436 -0.922676 1.73917 0.563337 0.45027 -0.214679 -0.658651
-1.13602 -0.921479 1.73761 0.562638 0.451001 -0.215841 -0.658369
-1.13767 -0.920276 1.73605 0.561936 0.45173 -0.217005 -0.658086
-1.13932 -0.919068 1.73449 0.561232 0.452457 -0.21817 -0.657802
-1.14096 -0.917854 1.73292 0.560525 0.453182 -0.219338 -0.657517
-1.1426 -0.916635 1.73135 0.559816 0.453905 -0.220507 -0.657232
-1.14423 -0.915409 1.72978 0.559104 0.454626 -0.221678 -0.656945
-1.14586 -0.914179 1.72821 0.55839 0.455345 -0.22285 -0.656658
-1.14748 -0.912943 1.72664 0.557673 0.456062 -0.224025 -0.65637
-1.1491 -0.911701 1.72506 0.556953 0.456777 -0.225201 -0.656081
-1.15071 -0.910454 1.72349 0.556231 0.45749 -0.226379 -0.655792
-1.15232 -0.909201 1.72191 0.555507 0.458201 -0.227559 -0.655501
-1.15392 -0.907943 1.72033 0.55478 0.45891 -0.22874 -0.655209
-1.15552 -0.90668 1.71874 0.55405 0.459617 -0.229923 -0.654917
-1.15711 -0.905411 1.71716 0.553318 0.460322 -0.231108 -0.654624
-1.1587 -0.904136 1.71557 0.552583 0.461025 -0.232294 -0.65433
-1.16028 -0.902856 1.71399 0.551846 0.461726 -0.233482 -0.654035
-1.16186 -0.901571 1.7124 0.551106 0.462425 -0.234672 -0.653739
-1.16343 -0.90028 1.7108 0.550364 0.463121 -0.235864 -0.653442
-1.165 -0.898984 1.70921 0.549619 0.463816 -0.237057 -0.653145
-1.16656 -0.897682 1.70762 0.548871 0.464509 -0.238252 -0.652846
-1.16811 -0.896376 1.70602 0.548122 0.465199 -0.239448 -0.652547
-1.16967 -0.895063 1.70442 0.547369 0.465888 -0.240646 -0.652246
-1.17121 -0.893746 1.70282 0.546614 0.466574 -0.241846 -0.651945
-1.17275 -0.892423 1.70122 0.545857 0.467259 -0.243047 -0.651643
-1.17429 -0.891095 1.69962 0.545096 0.467941 -0.24425 -0.65134
-1.17582 -0.889762 1.69801 0.544334 0.468621 -0.245454 -0.651036
-1.17734 -0.888423 1.6964 0.543569 0.469299 -0.24666 -0.650731
-1.17886 -0.887079 1.69479 0.542801 0.469975 -0.247868 -0.650425
-1.18038 -0.88573 1.69318 0.542031 0.470648 -0.249077 -0.650118
-1.18188 -0.884375 1.69157 0.541258 0.47132 -0.250287 -0.64981
-1.18339 -0.883016 1.68996 0.540483 0.471989 -0.2515 -0.649502
-1.18489 -0.881651 1.68834 0.539705 0.472657 -0.252713 -0.649192
-1.18638 -0.880281 1.68673 0.538925 0.473322 -0.253929 -0.648881
-1.18787 -0.878906 1.68511 0.538142 0.473985 -0.255146 -0.64857
-1.18935 -0.877525 1.68349 0.537356 0.474646 -0.256364 -0.648257
-1.19082 -0.87614 1.68187 0.536568 0.475304 -0.257584 -0.647944
-1.19229 -0.874749 1.68024 0.535778 0.475961 -0.258805 -0.647629
-1.19376 -0.873353 1.67862 0.534985 0.476615 -0.260028 -0.647314
-1.19522 -0.871953 1.67699 0.53419 0.477267 -0.261252 -0.646997
-1.19667 -0.870547 1.67536 0.533392 0.477917 -0.262477 -0.64668
-1.19812 -0.869136 1.67373 0.532591 0.478564 -0.263705 -0.646361
-1.19956 -0.86772 1.6721 0.531788 0.47921 -0.264933 -0.646042
-1.201 -0.866299 1.67047 0.530982 0.479853 -0.266163 -0.645721
-1.20243 -0.864873 1.66884 0.530174 0.480494 -0.267394 -0.6454
-1.20385 -0.863442 1.6672 0.529364 0.481133 -0.268627 -0.645078
-1.20527 -0.862006 1.66557 0.528551 0.481769 -0.269861 -0.644754
-1.20669 -0.860565 1.66393 0.527735 0.482403 -0.271097 -0.64443
-1.20809 -0.859119 1.66229 0.526917 0.483035 -0.272334 -0.644104
-1.2095 -0.857668 1.66065 0.526096 0.483665 -0.273572 -0.643777
-1.21089 -0.856212 1.659 0.525273 0.484292 -0.274812 -0.64345
-1.21228 -0.854752 1.65736 0.524447 0.484918 -0.276053 -0.643121
-1.21367 -0.853286 1.65572 0.523619 0.48554 -0.277295 -0.642792
-1.21505 -0.851816 1.65407 0.522788 0.486161 -0.278539 -0.642461
-1.21642 -0.85034 1.65242 0.521955 0.486779 -0.279784 -0.642129
-1.21779 -0.84886 1.65077 0.521119 0.487395 -0.28103 -0.641796
-1.21915 -0.847375 1.64912 0.520281 0.488009 -0.282278 -0.641462
-1.2205 -0.845885 1.64747 0.51944 0.48862 -0.283527 -0.641127
-1.22185 -0.844391 1.64582 0.518597 0.48923 -0.284777 -0.640791
-1.22319 -0.842892 1.64416 0.517751 0.489836 -0.286029 -0.640454
-1.22453 -0.841388 1.6425 0.516903 0.490441 -0.287281 -0.640116
-1.22586 -0.839879 1.64085 0.516052 0.491043 -0.288535 -0.639777
-1.22719 -0.838365 1.63919 0.515199 0.491643 -0.289791 -0.639436
-1.22851 -0.836847 1.63753 0.514343 0.49224 -0.291047 -0.639095
-1.22982 -0.835324 1.63587 0.513485 0.492835 -0.292305 -0.638752
-1.23113 -0.833797 1.63421 0.512624 0.493428 -0.293564 -0.638409
-1.23243 -0.832264 1.63254 0.511761 0.494018 -0.294824 -0.638064
-1.23372 -0.830728 1.63088 0.510895 0.494606 -0.296085 -0.637718
-1.23501 -0.829186 1.62921 0.510027 0.495191 -0.297347 -0.637371
-1.23629 -0.82764 1.62755 0.509157 0.495775 -0.298611 -0.637023
-1.23757 -0.82609 1.62588 0.508283 0.496355 -0.299876 -0.636674
-1.23884 -0.824534 1.62421 0.507408 0.496934 -0.301142 -0.636323
-1.2401 -0.822975 1.62254 0.50653 0.49751 -0.302409 -0.635972
-1.24136 -0.82141 1.62087 0.505649 0.498083 -0.303677 -0.635619
-1.24261 -0.819842 1.61919 0.504766 0.498655 -0.304947 -0.635266
-1.24386 -0.818268 1.61752 0.503881 0.499223 -0.306217 -0.634911
-1.2451 -0.816691 1.61584 0.502992 0.49979 -0.307489 -0.634555
-1.24633 -0.815109 1.61417 0.502102 0.500354 -0.308761 -0.634197
-1.24756 -0.813522 1.61249 0.501209 0.500915 -0.310035 -0.633839
-1.24878 -0.811931 1.61081 0.500314 0.501474 -0.31131 -0.633479
-1.24999 -0.810336 1.60913 -0.499416 -0.502031 0.312586 0.633119
-1.2512 -0.808736 1.60745 -0.498515 -0.502585 0.313863 0.632757
-1.2524 -0.807132 1.60577 -0.497613 -0.503137 0.315141 0.632394
-1.25359 -0.805523 1.60409 -0.496707 -0.503686 0.31642 0.632029
-1.25478 -0.803911 1.60241 -0.4958 -0.504233 0.3177 0.631664
-1.25596 -0.802293 1.60072 -0.494889 -0.504777 0.318981 0.631297
-1.25713 -0.800672 1.59904 -0.493977 -0.505319 0.320263 0.630929
-1.2583 -0.799046 1.59735 -0.493062 -0.505858 0.321546 0.63056
-1.25947 -0.797417 1.59566 -0.492144 -0.506395 0.32283 0.63019
-1.26062 -0.795783 1.59397 -0.491224 -0.506929 0.324115 0.629818
-1.26177 -0.794144 1.59229 -0.490302 -0.507461 0.325401 0.629446
-1.26291 -0.792502 1.5906 -0.489377 -0.50799 0.326688 0.629072
-1.26405 -0.790855 1.5889 -0.48845 -0.508517 0.327976 0.628697
-1.26518 -0.789204 1.58721 -0.48752 -0.509041 0.329264 0.62832
-1.2663 -0.787549 1.58552 -0.486588 -0.509563 0.330554 0.627943
-1.26742 -0.78589 1.58383 -0.485653 -0.510082 0.331845 0.627564
-1.26852 -0.784227 1.58213 -0.484716 -0.510599 0.333136 0.627184
-1.26963 -0.78256 1.58044 -0.483777 -0.511113 0.334429 0.626802
-1.27072 -0.780889 1.57874 -0.482835 -0.511625 0.335722 0.62642
-1.27181 -0.779213 1.57704 -0.481891 -0.512134 0.337016 0.626036
-1.2729 -0.777534 1.57535 -0.480944 -0.51264 0.338311 0.625651
-1.27397 -0.775851 1.57365 -0.479995 -0.513144 0.339607 0.625264
-1.27504 -0.774164 1.57195 -0.479043 -0.513645 0.340904 0.624877
-1.2761 -0.772473 1.57025 -0.478089 -0.514144 0.342201 0.624488
-1.27716 -0.770777 1.56855 -0.477133 -0.51464 0.3435 0.624097
-1.27821 -0.769078 1.56685 -0.476174 -0.515134 0.344799 0.623706
-1.27925 -0.767375 1.56514 -0.475213 -0.515625 0.346099 0.623313
-1.28029 -0.765669 1.56344 -0.474249 -0.516114 0.347399 0.622919
-1.28131 -0.763958 1.56174 -0.473283 -0.516599 0.348701 0.622524
-1.28234 -0.762244 1.56003 -0.472315 -0.517083 0.350003 0.622127
-1.28335 -0.760525 1.55833 -0.471344 -0.517563 0.351306 0.621729
-1.28436 -0.758803 1.55662 -0.470371 -0.518041 0.35261 0.62133
-1.28536 -0.757077 1.55492 -0.469395 -0.518517 0.353915 0.620929
-1.28636 -0.755348 1.55321 -0.468418 -0.51899 0.35522 0.620527
-1.28734 -0.753615 1.5515 -0.467437 -0.51946 0.356526 0.620124
-1.28832 -0.751878 1.5498 -0.466455 -0.519927 0.357833 0.619719
-1.2893 -0.750137 1.54809 -0.46547 -0.520392 0.35914 0.619313
-1.29026 -0.748393 1.54638 -0.464482 -0.520854 0.360448 0.618906
-1.29122 -0.746645 1.54467 -0.463492 -0.521314 0.361757 0.618497
-1.29218 -0.744893 1.54296 -0.4625 -0.521771 0.363066 0.618087
-1.29312 -0.743138 1.54125 -0.461506 -0.522225 0.364376 0.617676
-1.29406 -0.741379 1.53954 -0.460509 -0.522677 0.365687 0.617263
-1.29499 -0.739617 1.53782 -0.459509 -0.523126 0.366998 0.616849
-1.29592 -0.737851 1.53611 -0.458508 -0.523572 0.36831 0.616434
-1.29683 -0.736082 1.5344 -0.457504 -0.524016 0.369623 0.616017
-1.29774 -0.734309 1.53269 -0.456498 -0.524457 0.370936 0.615599
-1.29865 -0.732532 1.53097 -0.455489 -0.524895 0.372249 0.615179
-1.29954 -0.730753 1.52926 -0.454478 -0.52533 0.373564 0.614758
-1.30043 -0.728969 1.52754 -0.453465 -0.525763 0.374879 0.614336
-1.30131 -0.727183 1.52583 -0.452449 -0.526193 0.376194 0.613912
-1.30219 -0.725393 1.52411 -0.451431 -0.526621 0.37751 0.613487
-1.30306 -0.7236 1.5224 -0.450411 -0.527046 0.378827 0.613061
-1.30392 -0.721803 1.52068 -0.449388 -0.527468 0.380144 0.612633
-1.30477 -0.720003 1.51897 -0.448363 -0.527887 0.381461 0.612204
-1.30562 -0.7182 1.51725 -0.447336 -0.528304 0.382779 0.611773
-1.30646 -0.716393 1.51553 -0.446306 -0.528718 0.384098 0.611341
-1.30729 -0.714583 1.51381 -0.445274 -0.529129 0.385417 0.610907
-1.30811 -0.71277 1.5121 -0.44424 -0.529537 0.386736 0.610472
-1.30893 -0.710954 1.51038 -0.443203 -0.529943 0.388056 0.610036
-1.30974 -0.709135 1.50866 -0.442164 -0.530346 0.389377 0.609598
-1.31054 -0.707312 1.50694 -0.441123 -0.530746 0.390698 0.609159
-1.31134 -0.705486 1.50522 -0.44008 -0.531143 0.392019 0.608718
-1.31213 -0.703657 1.5035 -0.439034 -0.531538 0.393341 0.608276
-1.31291 -0.701826 1.50179 -0.437986 -0.53193 0.394663 0.607832
-1.31368 -0.699991 1.50007 -0.436936 -0.532319 0.395985 0.607387
-1.31445 -0.698153 1.49835 -0.435883 -0.532705 0.397308 0.606941
-1.31521 -0.696311 1.49663 -0.434828 -0.533089 0.398632 0.606493
-1.31596 -0.694467 1.49491 -0.433771 -0.53347 0.399955 0.606043
-1.3167 -0.69262 1.49319 -0.432712 -0.533848 0.401279 0.605592
-1.31744 -0.69077 1.49147 -0.43165 -0.534223 0.402604 0.60514
-1.31817 -0.688917 1.48975 -0.430586 -0.534595 0.403928 0.604686
-1.31889 -0.687062 1.48803 -0.42952 -0.534965 0.405253 0.60423
-1.31961 -0.685203 1.48631 -0.428452 -0.535332 0.406579 0.603773
-1.32031 -0.683341 1.48458 -0.427381 -0.535696 0.407905 0.603315
-1.32101 -0.681477 1.48286 -0.426308 -0.536057 0.40923 0.602855
-1.32171 -0.67961 1.48114 -0.425233 -0.536416 0.410557 0.602394
-1.32239 -0.67774 1.47942 -0.424156 -0.536771 0.411883 0.601931
-1.32307 -0.675867 1.4777 -0.423076 -0.537124 0.41321 0.601466
-1.32374 -0.673991 1.47598 -0.421994 -0.537474 0.414537 0.601001
-1.3244 -0.672113 1.47426 -0.42091 -0.537821 0.415864 0.600533
-1.32506 -0.670232 1.47254 -0.419824 -0.538166 0.417192 0.600064
-1.32571 -0.668348 1.47082 -0.418735 -0.538507 0.418519 0.599594
-1.32635 -0.666462 1.4691 -0.417644 -0.538846 0.419847 0.599122
-1.32698 -0.664573 1.46738 -0.416552 -0.539181 0.421175 0.598648
-1.3276 -0.662682 1.46566 -0.415456 -0.539514 0.422504 0.598173
-1.32822 -0.660787 1.46394 -0.414359 -0.539845 0.423832 0.597696
-1.32883 -0.658891 1.46222 -0.413259 -0.540172 0.425161 0.597218
-1.32943 -0.656992 1.4605 -0.412158 -0.540496 0.42649 0.596738
-1.33003 -0.65509 1.45878 -0.411054 -0.540818 0.427819 0.596257
-1.33061 -0.653186 1.45706 -0.409948 -0.541136 0.429148 0.595774
-1.33119 -0.651279 1.45534 -0.408839 -0.541452 0.430477 0.59529
-1.33177 -0.64937 1.45362 -0.407729 -0.541765 0.431806 0.594804
-1.33233 -0.647458 1.4519 -0.406616 -0.542075 0.433135 0.594316
-1.33289 -0.645544 1.45018 -0.405501 -0.542382 0.434465 0.593827
-1.33344 -0.643628 1.44846 -0.404384 -0.542687 0.435795 0.593336
-1.33398 -0.641709 1.44674 -0.403265 -0.542988 0.437124 0.592844
-1.33451 -0.639789 1.44502 -0.402144 -0.543286 0.438454 0.59235
-1.33504 -0.637865 1.4433 -0.401021 -0.543582 0.439784 0.591854
-1.33556 -0.63594 1.44158 -0.399895 -0.543875 0.441113 0.591357
-1.33607 -0.634012 1.43987 -0.398767 -0.544165 0.442443 0.590858
-1.33657 -0.632082 1.43815 -0.397637 -0.544452 0.443773 0.590358
-1.33707 -0.63015 1.43643 -0.396505 -0.544736 0.445103 0.589856
-1.33755 -0.628216 1.43472 -0.395371 -0.545017 0.446433 0.589353
-1.33803 -0.626279 1.433 -0.394235 -0.545295 0.447762 0.588847
-1.33851 -0.62434 1.43128 -0.393097 -0.54557 0.449092 0.588341
-1.33897 -0.6224 1.42957 -0.391956 -0.545842 0.450422 0.587832
-1.33943 -0.620457 1.42785 -0.390814 -0.546112 0.451751 0.587322
-1.33988 -0.618512 1.42614 -0.389669 -0.546378 0.453081 0.58681
-1.34032 -0.616565 1.42442 -0.388522 -0.546642 0.454411 0.586297
-1.34075 -0.614616 1.42271 -0.387373 -0.546902 0.45574 0.585782
-1.34118 -0.612666 1.421 -0.386222 -0.54716 0.457069 0.585265
-1.3416 -0.610713 1.41928 -0.385069 -0.547415 0.458399 0.584747
-1.34201 -0.608758 1.41757 -0.383914 -0.547667 0.459728 0.584227
-1.34241 -0.606802 1.41586 -0.382757 -0.547915 0.461057 0.583706
-1.3428 -0.604843 1.41415 -0.381598 -0.548161 0.462386 0.583182
-1.34319 -0.602883 1.41243 -0.380436 -0.548404 0.463714 0.582658
-1.34357 -0.600921 1.41072 -0.379273 -0.548644 0.465043 0.582131
-1.34394 -0.598957 1.40901 -0.378108 -0.548881 0.466371 0.581603
-1.34431 -0.596991 1.4073 -0.37694 -0.549115 0.4677 0.581073
-1.34466 -0.595023 1.4056 -0.375771 -0.549346 0.469028 0.580541
-1.34501 -0.593054 1.40389 -0.374599 -0.549575 0.470355 0.580008
-1.34535 -0.591083 1.40218 -0.373425 -0.5498 0.471683 0.579473
-1.34568 -0.589111 1.40047 -0.37225 -0.550022 0.47301 0.578936
-1.34601 -0.587137 1.39877 -0.371072 -0.550241 0.474337 0.578398
-1.34632 -0.585161 1.39706 -0.369892 -0.550457 0.475664 0.577858
-1.34663 -0.583183 1.39536 -0.368711 -0.550671 0.476991 0.577316
-1.34693 -0.581204 1.39365 -0.367527 -0.550881 0.478317 0.576773
-1.34722 -0.579224 1.39195 -0.366341 -0.551088 0.479643 0.576227
-1.34751 -0.577242 1.39024 -0.365154 -0.551292 0.480969 0.57568
-1.34779 -0.575258 1.38854 -0.363964 -0.551494 0.482295 0.575132
-1.34806 -0.573273 1.38684 -0.362772 -0.551692 0.48362 0.574582
-1.34832 -0.571287 1.38514 -0.361579 -0.551887 0.484945 0.574029
-1.34857 -0.569299 1.38344 -0.360383 -0.55208 0.486269 0.573476
-1.34882 -0.567309 1.38174 -0.359185 -0.552269 0.487594 0.57292
-1.34905 -0.565319 1.38004 -0.357986 -0.552455 0.488917 0.572363
-1.34928 -0.563327 1.37834 -0.356784 -0.552638 0.490241 0.571804
-1.3495 -0.561333 1.37665 -0.355581 -0.552819 0.491564 0.571243
-1.34972 -0.559339 1.37495 -0.354375 -0.552996 0.492887 0.570681
-1.34992 -0.557343 1.37326 -0.353168 -0.55317 0.494209 0.570116
-1.35012 -0.555346 1.37156 -0.351958 -0.553341 0.495531 0.56955
-1.35031 -0.553347 1.36987 -0.350747 -0.55351 0.496852 0.568983
-1.35049 -0.551348 1.36818 -0.349534 -0.553675 0.498174 0.568413
-1.35067 -0.549347 1.36648 -0.348319 -0.553837 0.499494 0.567842
-1.35083 -0.547345 1.36479 -0.347102 -0.553996 0.500814 0.567269
-1.35099 -0.545342 1.3631 -0.345883 -0.554152 0.502134 0.566694
-1.35114 -0.543338 1.36141 -0.344662 -0.554305 0.503453 0.566117
-1.35128 -0.541333 1.35973 -0.343439 -0.554455 0.504772 0.565539
-1.35142 -0.539327 1.35804 -0.342215 -0.554602 0.50609 0.564959
-1.35155 -0.53732 1.35635 -0.340988 -0.554746 0.507408 0.564377
-1.35166 -0.535312 1.35467 -0.33976 -0.554887 0.508725 0.563793
-1.35177 -0.533303 1.35299 -0.338529 -0.555025 0.510042 0.563208
-1.35188 -0.531293 1.3513 -0.337297 -0.555159 0.511358 0.56262
-1.35197 -0.529282 1.34962 -0.336063 -0.555291 0.512674 0.562031
-1.35206 -0.52727 1.34794 -0.334827 -0.55542 0.513989 0.56144
-1.35214 -0.525257 1.34626 -0.333589 -0.555545 0.515303 0.560847
-1.35221 -0.523244 1.34458 -0.33235 -0.555668 0.516617 0.560253
-1.35227 -0.52123 1.34291 -0.331108 -0.555788 0.517931 0.559657
-1.35232 -0.519215 1.34123 -0.329865 -0.555904 0.519243 0.559058
-1.35237 -0.517199 1.33955 -0.32862 -0.556017 0.520555 0.558458
-1.35241 -0.515182 1.33788 -0.327373 -0.556128 0.521867 0.557857
-1.35244 -0.513165 1.33621 -0.326124 -0.556235 0.523178 0.557253
-1.35246 -0.511147 1.33454 -0.324874 -0.556339 0.524488 0.556647
-1.35248 -0.509129 1.33287 0.323621 0.55644 -0.525797 -0.55604
-1.35248 -0.50711 1.3312 0.322367 0.556538 -0.527106 -0.555431
-1.35248 -0.50509 1.32953 0.321111 0.556633 -0.528414 -0.55482
-1.35247 -0.50307 1.32786 0.319853 0.556725 -0.529722 -0.554207
-1.35245 -0.501049 1.3262 0.318594 0.556814 -0.531029 -0.553592
-1.35243 -0.499028 1.32453 0.317333 0.5569 -0.532335 -0.552976
-1.35239 -0.497006 1.32287 0.31607 0.556982 -0.53364 -0.552358
-1.35235 -0.494984 1.32121 0.314805 0.557062 -0.534945 -0.551737
-1.3523 -0.492961 1.31955 0.313538 0.557138 -0.536249 -0.551115
-1.35225 -0.490938 1.31789 0.31227 0.557212 -0.537552 -0.550491
-1.35218 -0.488914 1.31623 0.311 0.557282 -0.538854 -0.549865
-1.35211 -0.48689 1.31458 0.309728 0.557349 -0.540156 -0.549238
-1.35203 -0.484866 1.31292 0.308454 0.557414 -0.541457 -0.548608
-1.35194 -0.482842 1.31127 0.307179 0.557475 -0.542757 -0.547977
-1.35184 -0.480817 1.30962 0.305902 0.557533 -0.544056 -0.547344
-1.35173 -0.478792 1.30797 0.304623 0.557587 -0.545354 -0.546708
-1.35162 -0.476767 1.30632 0.303343 0.557639 -0.546652 -0.546071
-1.3515 -0.474741 1.30467 0.30206 0.557688 -0.547948 -0.545432
-1.35137 -0.472716 1.30302 0.300777 0.557733 -0.549244 -0.544791
-1.35123 -0.47069 1.30138 0.299491 0.557776 -0.550539 -0.544149
-1.35108 -0.468664 1.29974 0.298204 0.557815 -0.551833 -0.543504
-1.35093 -0.466638 1.29809 0.296915 0.557851 -0.553127 -0.542858
-1.35077 -0.464612 1.29645 0.295624 0.557885 -0.554419 -0.542209
-1.3506 -0.462586 1.29482 0.294332 0.557915 -0.55571 -0.541559
-1.35042 -0.46056 1.29318 0.293038 0.557942 -0.557001 -0.540907
-1.35024 -0.458534 1.29154 -0.291743 -0.557965 0.55829 0.540252
-1.35004 -0.456508 1.28991 -0.290445 -0.557986 0.559579 0.539596
-1.34984 -0.454483 1.28828 -0.289147 -0.558004 0.560867 0.538938
-1.34963 -0.452457 1.28665 -0.287846 -0.558018 0.562154 0.538279
-1.34941 -0.450431 1.28502 -0.286544 -0.558029 0.563439 0.537617
-1.34919 -0.448406 1.28339 -0.28524 -0.558038 0.564724 0.536953
-1.34895 -0.44638 1.28176 -0.283935 -0.558043 0.566008 0.536287
-1.34871 -0.444355 1.28014 -0.282628 -0.558045 0.567291 0.53562
-1.34846 -0.44233 1.27852 -0.28132 -0.558044 0.568573 0.53495
-1.3482 -0.440305 1.2769 -0.28001 -0.558039 0.569853 0.534279
-1.34794 -0.438281 1.27528 -0.278698 -0.558032 0.571133 0.533605
-1.34766 -0.436257 1.27366 -0.277385 -0.558022 0.572412 0.53293
-1.34738 -0.434233 1.27205 -0.27607 -0.558008 0.573689 0.532253
-1.34709 -0.43221 1.27043 -0.274753 -0.557991 0.574966 0.531574
-1.34679 -0.430187 1.26882 -0.273435 -0.557971 0.576241 0.530892
-1.34649 -0.428164 1.26721 -0.272116 -0.557949 0.577516 0.530209
-1.34618 -0.426142 1.2656 -0.270795 -0.557922 0.578789 0.529524
-1.34585 -0.42412 1.264 -0.269472 -0.557893 0.580061 0.528837
-1.34552 -0.422099 1.26239 -0.268148 -0.557861 0.581332 0.528148
-1.34519 -0.420079 1.26079 -0.266823 -0.557825 0.582602 0.527457
-1.34484 -0.418058 1.25919 -0.265496 -0.557787 0.583871 0.526764
-1.34449 -0.416039 1.25759 -0.264167 -0.557745 0.585139 0.526069
-1.34413 -0.41402 1.25599 -0.262837 -0.5577 0.586405 0.525373
-1.34376 -0.412002 1.2544 -0.261505 -0.557652 0.587671 0.524674
-1.34338 -0.409984 1.2528 -0.260172 -0.557601 0.588935 0.523973
-1.343 -0.407967 1.25121 -0.258837 -0.557547 0.590198 0.52327
-1.3426 -0.405951 1.24962 -0.257501 -0.557489 0.59146 0.522565
-1.3422 -0.403935 1.24803 -0.256164 -0.557429 0.59272 0.521859
-1.34179 -0.40192 1.24645 -0.254825 -0.557365 0.593979 0.52115
-1.34138 -0.399906 1.24487 -0.253484 -0.557298 0.595237 0.520439
-1.34095 -0.397893 1.24328 -0.252142 -0.557228 0.596494 0.519727
-1.34052 -0.39588 1.2417 -0.250799 -0.557155 0.59775 0.519012
-1.34008 -0.393869 1.24013 -0.249454 -0.557079 0.599004 0.518295
-1.33963 -0.391858 1.23855 -0.248108 -0.556999 0.600257 0.517577
-1.33917 -0.389849 1.23698 -0.24676 -0.556917 0.601509 0.516856
-1.33871 -0.38784 1.23541 -0.245411 -0.556831 0.602759 0.516133
-1.33824 -0.385832 1.23384 -0.244061 -0.556742 0.604008 0.515409
-1.33776 -0.383825 1.23227 -0.242709 -0.55665 0.605256 0.514682
-1.33727 -0.381819 1.23071 -0.241356 -0.556555 0.606503 0.513953
-1.33677 -0.379815 1.22914 -0.240001 -0.556457 0.607748 0.513223
-1.33627 -0.377811 1.22758 -0.238645 -0.556356 0.608992 0.51249
-1.33576 -0.375808 1.22602 -0.237288 -0.556251 0.610234 0.511755
-1.33524 -0.373807 1.22447 -0.235929 -0.556143 0.611475 0.511018
-1.33471 -0.371806 1.22291 -0.234569 -0.556033 0.612715 0.51028
-1.33418 -0.369807 1.22136 -0.233208 -0.555919 0.613953 0.509539
-1.33363 -0.367809 1.21981 -0.231845 -0.555802 0.61519 0.508796
-1.33308 -0.365813 1.21826 -0.230481 -0.555681 0.616425 0.508051
-1.33252 -0.363817 1.21672 -0.229116 -0.555558 0.617659 0.507305
-1.33196 -0.361823 1.21517 -0.227749 -0.555432 0.618892 0.506556
-1.33138 -0.35983 1.21363 -0.226381 -0.555302 0.620123 0.505805
-1.3308 -0.357839 1.2121 -0.225012 -0.555169 0.621353 0.505052
-1.33021 -0.355848 1.21056 -0.223641 -0.555033 0.622581 0.504297
-1.32961 -0.35386 1.20903 -0.22227 -0.554894 0.623808 0.50354
-1.32901 -0.351872 1.20749 -0.220896 -0.554752 0.625033 0.502781
-1.3284 -0.349886 1.20596 -0.219522 -0.554606 0.626257 0.50202
-1.32778 -0.347902 1.20444 -0.218146 -0.554458 0.627479 0.501257
-1.32715 -0.345919 1.20291 -0.21677 -0.554306 0.6287 0.500492
-1.32651 -0.343937 1.20139 -0.215391 -0.554151 0.629919 0.499724
-1.32587 -0.341957 1.19987 -0.214012 -0.553994 0.631137 0.498955
-1.32522 -0.339979 1.19835 -0.212631 -0.553832 0.632353 0.498184
-1.32456 -0.338002 1.19684 -0.21125 -0.553668 0.633568 0.497411
-1.32389 -0.336027 1.19533 -0.209866 -0.553501 0.634781 0.496635
-1.32322 -0.334053 1.19382 -0.208482 -0.55333 0.635992 0.495858
-1.32253 -0.332081 1.19231 -0.207097 -0.553157 0.637202 0.495078
-1.32184 -0.330111 1.19081 -0.20571 -0.55298 0.63841 0.494297
-1.32114 -0.328143 1.1893 -0.204322 -0.5528 0.639617 0.493513
-1.32044 -0.326176 1.1878 -0.202933 -0.552617 0.640822 0.492728
-1.31973 -0.324211 1.18631 -0.201543 -0.552431 0.642025 0.49194
-1.31901 -0.322248 1.18481 -0.200152 -0.552241 0.643227 0.49115
-1.31828 -0.320287 1.18332 -0.198759 -0.552049 0.644427 0.490358
-1.31754 -0.318327 1.18183 -0.197366 -0.551853 0.645625 0.489564
-1.3168 -0.316369 1.18034 -0.195971 -0.551654 0.646822 0.488768
-1.31605 -0.314414 1.17886 -0.194575 -0.551452 0.648017 0.48797
-1.31529 -0.31246 1.17737 -0.193178 -0.551247 0.64921 0.48717
-1.31452 -0.310508 1.17589 -0.19178 -0.551039 0.650402 0.486368
-1.31375 -0.308558 1.17442 -0.190381 -0.550828 0.651592 0.485563
-1.31297 -0.30661 1.17294 -0.18898 -0.550613 0.65278 0.484757
-1.31218 -0.304664 1.17147 -0.187579 -0.550396 0.653967 0.483949
-1.31138 -0.302721 1.17 -0.186176 -0.550175 0.655151 0.483138
-1.31058 -0.300779 1.16854 -0.184773 -0.549951 0.656334 0.482326
-1.30977 -0.298839 1.16707 -0.183368 -0.549724 0.657516 0.481511
-1.30895 -0.296902 1.16561 -0.181962 -0.549494 0.658695 0.480694
-1.30812 -0.294966 1.16416 -0.180556 -0.549261 0.659873 0.479875
-1.30729 -0.293033 1.1627 -0.179148 -0.549024 0.661049 0.479054
-1.30644 -0.291102 1.16125 -0.177739 -0.548785 0.662223 0.478231
-1.3056 -0.289173 1.1598 -0.176329 -0.548542 0.663395 0.477406
-1.30474 -0.287247 1.15835 -0.174918 -0.548296 0.664566 0.476579
-1.30388 -0.285323 1.15691 -0.173506 -0.548047 0.665734 0.47575
-1.303 -0.283401 1.15547 -0.172093 -0.547795 0.666901 0.474918
-1.30213 -0.281481 1.15403 -0.17068 -0.54754 0.668066 0.474085
-1.30124 -0.279564 1.15259 -0.169265 -0.547282 0.669229 0.473249
-1.30035 -0.277649 1.15116 -0.167849 -0.54702 0.67039 0.472412
-1.29945 -0.275736 1.14973 -0.166432 -0.546756 0.671549 0.471572
-1.29854 -0.273826 1.1483 -0.165014 -0.546488 0.672707 0.47073
-1.29762 -0.271919 1.14688 -0.163596 -0.546217 0.673862 0.469886
-1.2967 -0.270013 1.14546 -0.162176 -0.545943 0.675016 0.46904
-1.29577 -0.268111 1.14404 -0.160755 -0.545666 0.676167 0.468192
-1.29483 -0.26621 1.14262 -0.159334 -0.545386 0.677317 0.467342
-1.29389 -0.264313 1.14121 -0.157911 -0.545103 0.678465 0.466489
-1.29293 -0.262418 1.1398 -0.156488 -0.544817 0.679611 0.465635
-1.29197 -0.260525 1.13839 -0.155064 -0.544527 0.680755 0.464778
-1.29101 -0.258636 1.13699 -0.153639 -0.544234 0.681896 0.463919
-1.29003 -0.256748 1.13559 -0.152213 -0.543939 0.683036 0.463059
-1.28905 -0.254864 1.13419 -0.150786 -0.54364 0.684174 0.462196
-1.28806 -0.252982 1.1328 -0.149358 -0.543338 0.68531 0.461331
-1.28707 -0.251103 1.13141 -0.147929 -0.543033 0.686444 0.460464
-1.28607 -0.249226 1.13002 -0.1465 -0.542725 0.687576 0.459594
-1.28506 -0.247353 1.12863 -0.145069 -0.542413 0.688706 0.458723
-1.28404 -0.245482 1.12725 -0.143638 -0.542099 0.689834 0.45785
-1.28301 -0.243614 1.12587 -0.142206 -0.541782 0.690959 0.456974
-1.28198 -0.241749 1.12449 -0.140773 -0.541461 0.692083 0.456096
-1.28094 -0.239886 1.12312 -0.13934 -0.541137 0.693205 0.455217
-1.2799 -0.238027 1.12175 -0.137905 -0.540811 0.694324 0.454335
-1.27885 -0.23617 1.12038 -0.13647 -0.540481 0.695442 0.453451
-1.27779 -0.234317 1.11902 -0.135034 -0.540148 0.696557 0.452565
-1.27672 -0.232466 1.11766 -0.133597 -0.539812 0.69767 0.451676
-1.27564 -0.230618 1.1163 -0.13216 -0.539472 0.698781 0.450786
-1.27456 -0.228774 1.11495 -0.130721 -0.53913 0.69989 0.449893
-1.27348 -0.226932 1.1136 -0.129282 -0.538785 0.700997 0.448999
-1.27238 -0.225093 1.11225 -0.127843 -0.538436 0.702102 0.448102
-1.27128 -0.223258 1.11091 -0.126402 -0.538085 0.703204 0.447203
-1.27017 -0.221425 1.10956 -0.124961 -0.53773 0.704305 0.446302
-1.26905 -0.219596 1.10823 -0.123519 -0.537373 0.705403 0.445399
-1.26793 -0.217769 1.10689 -0.122076 -0.537012 0.706499 0.444494
-1.2668 -0.215946 1.10556 -0.120633 -0.536648 0.707593 0.443587
-1.26566 -0.214126 1.10423 -0.119189 -0.536281 0.708684 0.442677
-1.26452 -0.21231 1.10291 -0.117744 -0.535911 0.709774 0.441766
-1.26337 -0.210496 1.10158 -0.116298 -0.535538 0.710861 0.440852
-1.26221 -0.208686 1.10027 -0.114852 -0.535162 0.711946 0.439936
-1.26105 -0.206879 1.09895 -0.113406 -0.534783 0.713029 0.439018
-1.25988 -0.205075 1.09764 -0.111958 -0.5344 0.714109 0.438098
-1.2587 -0.203275 1.09633 -0.11051 -0.534015 0.715187 0.437176
-1.25751 -0.201478 1.09503 -0.109061 -0.533627 0.716263 0.436252
-1.25632 -0.199684 1.09372 -0.107612 -0.533235 0.717337 0.435325
-1.25513 -0.197894 1.09243 -0.106162 -0.53284 0.718408 0.434397
-1.25392 -0.196107 1.09113 -0.104712 -0.532443 0.719477 0.433466
-1.25271 -0.194324 1.08984 -0.10326 -0.532042 0.720544 0.432533
-1.25149 -0.192544 1.08855 -0.101809 -0.531639 0.721608 0.431598
-1.25026 -0.190768 1.08727 -0.100357 -0.531232 0.72267 0.430661
-1.24903 -0.188995 1.08599 -0.0989037 -0.530822 0.72373 0.429722
-1.24779 -0.187225 1.08471 -0.0974502 -0.530409 0.724787 0.428781
-1.24655 -0.185459 1.08343 -0.0959963 -0.529993 0.725842 0.427837
-1.2453 -0.183697 1.08216 -0.0945418 -0.529574 0.726895 0.426892
-1.24404 -0.181938 1.0809 -0.0930867 -0.529152 0.727945 0.425944
-1.24277 -0.180183 1.07963 -0.0916312 -0.528727 0.728993 0.424994
-1.2415 -0.178431 1.07837 -0.0901751 -0.528299 0.730039 0.424042
-1.24022 -0.176684 1.07712 -0.0887185 -0.527868 0.731082 0.423088
-1.23894 -0.174939 1.07586 -0.0872614 -0.527434 0.732123 0.422132
-1.23765 -0.173199 1.07461 -0.0858038 -0.526997 0.733161 0.421174
-1.23635 -0.171462 1.07337 -0.0843457 -0.526556 0.734197 0.420213
-1.23505 -0.169729 1.07213 -0.0828872 -0.526113 0.73523 0.419251
-1.23374 -0.168 1.07089 -0.0814282 -0.525667 0.736261 0.418286
-1.23242 -0.166274 1.06965 -0.0799687 -0.525218 0.73729 0.417319
-1.2311 -0.164552 1.06842 -0.0785088 -0.524765 0.738316 0.41635
-1.22977 -0.162835 1.06719 -0.0770485 -0.52431 0.739339 0.415379
-1.22843 -0.16112 1.06597 -0.0755877 -0.523852 0.74036 0.414406
-1.22709 -0.15941 1.06475 -0.0741265 -0.52339 0.741379 0.413431
-1.22574 -0.157704 1.06353 -0.0726649 -0.522926 0.742395 0.412454
-1.22438 -0.156002 1.06232 -0.0712029 -0.522459 0.743409 0.411474
-1.22302 -0.154303 1.06111 -0.0697406 -0.521988 0.74442 0.410492
-1.22165 -0.152608 1.0599 -0.0682778 -0.521515 0.745428 0.409509
-1.22028 -0.150918 1.0587 -0.0668146 -0.521039 0.746434 0.408523
-1.2189 -0.149231 1.0575 -0.0653511 -0.520559 0.747438 0.407535
-1.21751 -0.147549 1.05631 -0.0638872 -0.520077 0.748438 0.406545
-1.21612 -0.14587 1.05511 -0.062423 -0.519591 0.749437 0.405552
-1.21472 -0.144196 1.05393 -0.0609585 -0.519103 0.750432 0.404558
-1.21332 -0.142525 1.05274 -0.0594936 -0.518612 0.751426 0.403561
-1.2119 -0.140859 1.05156 -0.0580284 -0.518117 0.752416 0.402563
-1.21049 -0.139197 1.05039 -0.0565629 -0.51762 0.753404 0.401562
-1.20906 -0.137539 1.04922 -0.055097 -0.51712 0.75439 0.400559
-1.20763 -0.135885 1.04805 -0.0536309 -0.516617 0.755372 0.399554
-1.2062 -0.134235 1.04688 -0.0521645 -0.51611 0.756352 0.398547
-1.20476 -0.132589 1.04572 -0.0506979 -0.515601 0.75733 0.397538
-1.20331 -0.130948 1.04456 -0.0492309 -0.515089 0.758305 0.396527
-1.20185 -0.129311 1.04341 -0.0477637 -0.514574 0.759277 0.395513
-1.20039 -0.127678 1.04226 -0.0462963 -0.514056 0.760246 0.394498
-1.19893 -0.126049 1.04112 -0.0448286 -0.513535 0.761213 0.39348
-1.19746 -0.124425 1.03998 -0.0433607 -0.513011 0.762177 0.392461
-1.19598 -0.122804 1.03884 -0.0418926 -0.512484 0.763139 0.391439
-1.1945 -0.121189 1.0377 -0.0404242 -0.511954 0.764098 0.390415
-1.19301 -0.119577 1.03657 -0.0389557 -0.511421 0.765054 0.389389
-1.19151 -0.11797 1.03545 -0.0374869 -0.510886 0.766007 0.388361
-1.19001 -0.116368 1.03433 -0.036018 -0.510347 0.766958 0.38733
-1.1885 -0.114769 1.03321 -0.0345489 -0.509805 0.767906 0.386298
-1.18699 -0.113175 1.03209 -0.0330796 -0.509261 0.768851 0.385263
-1.18547 -0.111586 1.03098 -0.0316102 -0.508713 0.769793 0.384227
-1.18395 -0.110001 1.02988 -0.0301407 -0.508163 0.770733 0.383188
-1.18242 -0.10842 1.02877 -0.0286709 -0.507609 0.77167 0.382147
-1.18088 -0.106844 1.02768 -0.0272011 -0.507053 0.772604 0.381105
-1.17934 -0.105273 1.02658 -0.0257311 -0.506494 0.773535 0.38006
-1.17779 -0.103706 1.02549 -0.0242611 -0.505932 0.774464 0.379012
-1.17624 -0.102144 1.02441 -0.0227909 -0.505367 0.775389 0.377963
-1.17468 -0.100586 1.02332 -0.0213206 -0.504799 0.776312 0.376912
-1.17312 -0.0990324 1.02225 -0.0198503 -0.504228 0.777233 0.375859
-1.17155 -0.0974837 1.02117 -0.0183799 -0.503654 0.77815 0.374803
-1.16997 -0.0959396 1.0201 -0.0169094 -0.503078 0.779064 0.373746
-1.16839 -0.0944002 1.01904 -0.0154389 -0.502498 0.779976 0.372686
-1.1668 -0.0928654 1.01797 -0.0139683 -0.501916 0.780885 0.371624
-1.16521 -0.0913353 1.01692 -0.0124976 -0.50133 0.781791 0.370561
-1.16362 -0.0898099 1.01586 -0.011027 -0.500742 0.782694 0.369495
-1.16201 -0.0882892 1.01481 -0.00955631 -0.500151 0.783594 0.368427
-1.16041 -0.0867732 1.01377 -0.00808563 -0.499557 0.784491 0.367357
