0.530745 0.494823 1.15316 -0.499831 -0.531734 0.68348 -0.0168156
0.531712 0.494688 1.15378 -0.498947 -0.531081 0.684594 -0.0183394
0.532678 0.494553 1.15441 -0.498058 -0.530424 0.685707 -0.019861
0.533642 0.494417 1.15503 -0.497166 -0.529763 0.686819 -0.0213805
0.534606 0.494282 1.15566 -0.496269 -0.529098 0.68793 -0.0228978
0.535569 0.494146 1.15629 -0.495369 -0.52843 0.68904 -0.0244129
0.536531 0.494009 1.15692 -0.494464 -0.527758 0.690148 -0.0259258
0.537492 0.493873 1.15756 -0.493555 -0.527082 0.691256 -0.0274364
0.538452 0.493736 1.15819 -0.492642 -0.526403 0.692363 -0.0289449
0.539412 0.493598 1.15883 -0.491725 -0.525719 0.693468 -0.0304511
0.54037 0.493461 1.15946 -0.490804 -0.525033 0.694573 -0.031955
0.541327 0.493323 1.1601 -0.489878 -0.524342 0.695676 -0.0334567
0.542284 0.493184 1.16074 -0.488949 -0.523648 0.696779 -0.0349561
0.543239 0.493046 1.16138 -0.488015 -0.522949 0.69788 -0.0364533
0.544194 0.492907 1.16203 -0.487078 -0.522248 0.69898 -0.0379481
0.545147 0.492767 1.16267 -0.486136 -0.521542 0.700078 -0.0394407
0.5461 0.492628 1.16332 -0.48519 -0.520833 0.701176 -0.0409309
0.547052 0.492488 1.16396 -0.484241 -0.52012 0.702272 -0.0424188
0.548002 0.492347 1.16461 -0.483287 -0.519404 0.703368 -0.0439044
0.548952 0.492207 1.16526 -0.482329 -0.518683 0.704462 -0.0453877
0.549901 0.492066 1.16592 -0.481367 -0.517959 0.705554 -0.0468685
0.550849 0.491924 1.16657 -0.480401 -0.517232 0.706646 -0.0483471
0.551795 0.491783 1.16722 -0.479431 -0.516501 0.707736 -0.0498232
0.552741 0.49164 1.16788 -0.478458 -0.515766 0.708825 -0.051297
0.553686 0.491498 1.16854 -0.47748 -0.515027 0.709913 -0.0527684
0.55463 0.491355 1.1692 -0.476498 -0.514284 0.710999 -0.0542374
0.555573 0.491212 1.16986 -0.475512 -0.513538 0.712084 -0.0557039
0.556514 0.491068 1.17052 -0.474522 -0.512789 0.713168 -0.0571681
0.557455 0.490925 1.17118 -0.473529 -0.512035 0.71425 -0.0586298
0.558395 0.49078 1.17185 -0.472531 -0.511278 0.715331 -0.060089
0.559334 0.490636 1.17252 -0.471529 -0.510518 0.716411 -0.0615459
0.560271 0.490491 1.17318 -0.470524 -0.509753 0.717489 -0.0630002
0.561208 0.490345 1.17385 -0.469514 -0.508985 0.718566 -0.0644521
0.562143 0.4902 1.17452 -0.468501 -0.508213 0.719641 -0.0659015
0.563078 0.490054 1.1752 -0.467483 -0.507438 0.720715 -0.0673484
0.564012 0.489907 1.17587 -0.466462 -0.506659 0.721788 -0.0687928
0.564944 0.48976 1.17654 -0.465437 -0.505876 0.722859 -0.0702347
0.565875 0.489613 1.17722 -0.464408 -0.50509 0.723928 -0.071674
0.566806 0.489465 1.1779 -0.463375 -0.5043 0.724997 -0.0731109
0.567735 0.489317 1.17858 -0.462338 -0.503507 0.726063 -0.0745452
0.568663 0.489169 1.17926 -0.461297 -0.502709 0.727128 -0.0759769
0.569591 0.48902 1.17994 -0.460253 -0.501908 0.728192 -0.0774061
0.570517 0.488871 1.18062 -0.459204 -0.501104 0.729254 -0.0788327
0.571442 0.488722 1.18131 -0.458152 -0.500296 0.730315 -0.0802567
0.572366 0.488572 1.18199 -0.457096 -0.499484 0.731374 -0.0816781
0.573288 0.488421 1.18268 -0.456036 -0.498669 0.732431 -0.083097
0.57421 0.488271 1.18337 -0.454972 -0.49785 0.733487 -0.0845132
0.575131 0.48812 1.18406 -0.453905 -0.497027 0.734541 -0.0859268
0.576051 0.487968 1.18475 -0.452833 -0.496201 0.735594 -0.0873378
0.576969 0.487816 1.18544 -0.451758 -0.495371 0.736645 -0.0887461
0.577886 0.487664 1.18613 -0.450679 -0.494538 0.737694 -0.0901518
0.578803 0.487511 1.18683 -0.449597 -0.493701 0.738742 -0.0915549
0.579718 0.487358 1.18752 -0.44851 -0.492861 0.739788 -0.0929552
0.580632 0.487205 1.18822 -0.44742 -0.492016 0.740833 -0.0943529
0.581545 0.487051 1.18892 -0.446326 -0.491169 0.741875 -0.0957479
0.582457 0.486897 1.18962 -0.445228 -0.490317 0.742916 -0.0971403
0.583367 0.486742 1.19032 -0.444127 -0.489463 0.743955 -0.0985299
0.584277 0.486587 1.19103 -0.443021 -0.488604 0.744993 -0.0999168
0.585186 0.486431 1.19173 -0.441913 -0.487742 0.746029 -0.101301
0.586093 0.486275 1.19243 -0.4408 -0.486877 0.747063 -0.102682
0.586999 0.486119 1.19314 -0.439684 -0.486007 0.748095 -0.104061
0.587904 0.485962 1.19385 -0.438564 -0.485135 0.749126 -0.105437
0.588808 0.485805 1.19456 -0.43744 -0.484259 0.750154 -0.10681
0.589711 0.485647 1.19527 -0.436313 -0.483379 0.751181 -0.108181
0.590612 0.485489 1.19598 -0.435181 -0.482496 0.752206 -0.109548
0.591513 0.485331 1.19669 -0.434047 -0.481609 0.75323 -0.110913
0.592412 0.485172 1.19741 -0.432908 -0.480718 0.754251 -0.112275
0.59331 0.485013 1.19812 -0.431766 -0.479824 0.75527 -0.113635
0.594207 0.484853 1.19884 -0.430621 -0.478927 0.756288 -0.114991
0.595103 0.484693 1.19956 -0.429472 -0.478026 0.757304 -0.116345
0.595998 0.484532 1.20028 -0.428319 -0.477122 0.758318 -0.117695
0.596891 0.484371 1.201 -0.427162 -0.476214 0.75933 -0.119043
0.597784 0.48421 1.20172 -0.426002 -0.475302 0.76034 -0.120389
0.598675 0.484048 1.20244 -0.424839 -0.474387 0.761348 -0.121731
0.599565 0.483886 1.20316 -0.423671 -0.473469 0.762354 -0.12307
0.600454 0.483723 1.20389 -0.422501 -0.472547 0.763358 -0.124407
0.601341 0.48356 1.20461 -0.421326 -0.471622 0.76436 -0.12574
0.602228 0.483396 1.20534 -0.420148 -0.470693 0.76536 -0.127071
0.603113 0.483232 1.20607 -0.418967 -0.46976 0.766359 -0.128399
0.603997 0.483068 1.2068 -0.417782 -0.468825 0.767355 -0.129724
0.60488 0.482903 1.20753 -0.416594 -0.467885 0.768349 -0.131046
0.605761 0.482737 1.20826 -0.415401 -0.466943 0.769341 -0.132365
0.606642 0.482571 1.209 -0.414206 -0.465997 0.770331 -0.133681
0.607521 0.482405 1.20973 -0.413007 -0.465047 0.771319 -0.134994
0.608399 0.482238 1.21047 -0.411804 -0.464094 0.772305 -0.136304
0.609276 0.482071 1.2112 -0.410599 -0.463137 0.773289 -0.137612
0.610152 0.481904 1.21194 -0.409389 -0.462177 0.774271 -0.138916
0.611026 0.481736 1.21268 -0.408176 -0.461214 0.77525 -0.140217
0.6119 0.481567 1.21342 -0.40696 -0.460247 0.776228 -0.141516
0.612772 0.481398 1.21416 -0.40574 -0.459277 0.777203 -0.142811
0.613642 0.481229 1.2149 -0.404517 -0.458304 0.778176 -0.144103
0.614512 0.481059 1.21564 -0.40329 -0.457327 0.779147 -0.145393
0.61538 0.480888 1.21639 -0.40206 -0.456346 0.780116 -0.146679
0.616247 0.480718 1.21713 -0.400827 -0.455363 0.781083 -0.147962
0.617113 0.480546 1.21788 -0.39959 -0.454376 0.782047 -0.149243
0.617978 0.480375 1.21863 -0.398349 -0.453385 0.783009 -0.15052
0.618842 0.480202 1.21938 -0.397106 -0.452391 0.783969 -0.151794
0.619704 0.48003 1.22013 -0.395859 -0.451394 0.784927 -0.153065
0.620565 0.479856 1.22088 -0.394609 -0.450393 0.785882 -0.154334
0.621425 0.47968 1.22163 -0.393355 -0.449388 0.786836 -0.155601
0.622284 0.479503 1.22239 -0.392098 -0.448379 0.787787 -0.156867
0.623142 0.479322 1.22314 -0.390838 -0.447365 0.788736 -0.158133
0.623999 0.479138 1.22391 -0.389575 -0.446346 0.789683 -0.159399
0.624856 0.47895 1.22467 -0.388309 -0.445322 0.790627 -0.160667
0.625711 0.478757 1.22544 -0.387039 -0.444292 0.791569 -0.161936
0.626566 0.478558 1.22621 -0.385767 -0.443256 0.79251 -0.163208
0.627421 0.478354 1.22699 -0.384491 -0.442213 0.793448 -0.164483
0.628275 0.478143 1.22777 -0.383213 -0.441164 0.794384 -0.165762
0.629128 0.477925 1.22855 -0.381931 -0.440108 0.795317 -0.167046
0.629981 0.477699 1.22934 -0.380646 -0.439045 0.796249 -0.168335
0.630834 0.477464 1.23014 -0.379358 -0.437973 0.797178 -0.16963
0.631687 0.477221 1.23095 -0.378067 -0.436894 0.798105 -0.170931
0.632539 0.476968 1.23176 -0.376773 -0.435806 0.79903 -0.17224
0.633391 0.476704 1.23257 -0.375476 -0.434709 0.799952 -0.173558
0.634242 0.47643 1.2334 -0.374175 -0.433603 0.800873 -0.174884
0.635094 0.476145 1.23423 -0.372872 -0.432487 0.801791 -0.176219
0.635946 0.475847 1.23507 -0.371565 -0.431362 0.802706 -0.177565
0.636797 0.475536 1.23592 -0.370254 -0.430226 0.803619 -0.178922
0.637648 0.475213 1.23678 -0.368941 -0.42908 0.80453 -0.18029
0.6385 0.474875 1.23765 -0.367624 -0.427922 0.805439 -0.181671
0.639351 0.474523 1.23853 -0.366303 -0.426753 0.806344 -0.183064
0.640203 0.474156 1.23941 -0.364979 -0.425572 0.807248 -0.184471
0.641054 0.473774 1.24031 -0.363652 -0.424379 0.808148 -0.185892
0.641906 0.473375 1.24122 -0.36232 -0.423173 0.809046 -0.187329
0.642758 0.472959 1.24214 -0.360985 -0.421955 0.809942 -0.188781
0.64361 0.472525 1.24307 -0.359646 -0.420723 0.810834 -0.190249
0.644462 0.472074 1.24401 -0.358303 -0.419477 0.811724 -0.191735
0.645314 0.471604 1.24497 -0.356956 -0.418217 0.812611 -0.193238
0.646166 0.471114 1.24594 -0.355605 -0.416942 0.813494 -0.194759
0.647018 0.470605 1.24692 -0.354249 -0.415653 0.814375 -0.1963
0.64787 0.470077 1.24791 -0.352889 -0.414349 0.815252 -0.197859
0.648722 0.46953 1.24892 -0.351525 -0.41303 0.816126 -0.199436
0.649574 0.468965 1.24994 -0.350155 -0.411697 0.816997 -0.201029
0.650425 0.468382 1.25097 -0.348781 -0.410351 0.817864 -0.202639
0.651276 0.467783 1.25201 -0.347402 -0.408991 0.818727 -0.204264
0.652126 0.467168 1.25306 -0.346018 -0.407618 0.819587 -0.205903
0.652975 0.466537 1.25412 -0.344629 -0.406232 0.820443 -0.207557
0.653823 0.465892 1.25519 -0.343235 -0.404833 0.821295 -0.209224
0.65467 0.465232 1.25628 -0.341835 -0.403423 0.822143 -0.210903
0.655516 0.464559 1.25737 -0.34043 -0.402 0.822987 -0.212594
0.656361 0.463873 1.25847 -0.33902 -0.400566 0.823826 -0.214295
0.657204 0.463174 1.25957 -0.337604 -0.39912 0.824662 -0.216008
0.658046 0.462464 1.26069 -0.336183 -0.397664 0.825493 -0.217729
0.658886 0.461743 1.26181 -0.334756 -0.396197 0.82632 -0.219459
0.659724 0.461011 1.26295 -0.333323 -0.39472 0.827142 -0.221198
0.660561 0.460269 1.26408 -0.331885 -0.393232 0.827959 -0.222943
0.661395 0.459518 1.26523 -0.330441 -0.391736 0.828772 -0.224696
0.662228 0.458759 1.26638 -0.328991 -0.39023 0.829581 -0.226454
0.663058 0.457991 1.26754 -0.327536 -0.388715 0.830384 -0.228217
0.663886 0.457216 1.2687 -0.326074 -0.387192 0.831183 -0.229985
0.664712 0.456435 1.26987 -0.324607 -0.38566 0.831977 -0.231756
0.665536 0.455647 1.27104 -0.323134 -0.384121 0.832766 -0.23353
0.666357 0.454854 1.27221 -0.321655 -0.382574 0.83355 -0.235306
0.666767 0.454455 1.2728 -0.320914 -0.381798 0.83394 -0.236196
0.667176 0.454056 1.27339 -0.320171 -0.38102 0.834329 -0.237084
0.667584 0.453654 1.27399 -0.319426 -0.380241 0.834717 -0.237974
0.667992 0.453253 1.27458 -0.31868 -0.37946 0.835103 -0.238863
0.668399 0.45285 1.27517 -0.317933 -0.378677 0.835489 -0.239752
0.668805 0.452447 1.27576 -0.317184 -0.377893 0.835872 -0.240641
0.669211 0.452042 1.27636 -0.316434 -0.377107 0.836255 -0.241531
0.669616 0.451637 1.27695 -0.315682 -0.37632 0.836637 -0.242419
0.67002 0.451232 1.27755 -0.314929 -0.375532 0.837017 -0.243308
0.670424 0.450826 1.27814 -0.314175 -0.374742 0.837395 -0.244196
0.670827 0.450419 1.27874 -0.313419 -0.373951 0.837773 -0.245083
0.671229 0.450012 1.27934 -0.312662 -0.373158 0.838149 -0.24597
0.671631 0.449604 1.27993 -0.311903 -0.372365 0.838524 -0.246856
0.672032 0.449197 1.28053 -0.311143 -0.37157 0.838898 -0.247741
0.672432 0.448789 1.28113 -0.310381 -0.370774 0.839271 -0.248626
0.672831 0.448381 1.28173 -0.309618 -0.369977 0.839642 -0.249509
0.67323 0.447973 1.28232 -0.308854 -0.369179 0.840012 -0.250392
0.673628 0.447566 1.28292 -0.308089 -0.36838 0.84038 -0.251273
0.674025 0.447157 1.28352 -0.307322 -0.36758 0.840748 -0.252153
0.674422 0.446749 1.28412 -0.306553 -0.366779 0.841114 -0.253033
0.674817 0.446341 1.28472 -0.305783 -0.365977 0.841479 -0.253911
0.675213 0.445933 1.28532 -0.305012 -0.365174 0.841842 -0.254789
0.675607 0.445524 1.28592 -0.30424 -0.36437 0.842204 -0.255665
0.676 0.445115 1.28652 -0.303466 -0.363564 0.842565 -0.256541
0.676393 0.444705 1.28712 -0.302691 -0.362757 0.842925 -0.257417
0.676786 0.444296 1.28772 -0.301914 -0.361949 0.843283 -0.258291
0.677177 0.443885 1.28832 -0.301136 -0.36114 0.84364 -0.259165
0.677568 0.443475 1.28892 -0.300356 -0.36033 0.843996 -0.260038
0.677958 0.443064 1.28952 -0.299575 -0.359518 0.84435 -0.260911
0.678347 0.442652 1.29013 -0.298793 -0.358705 0.844703 -0.261783
0.678736 0.44224 1.29073 -0.298009 -0.357891 0.845054 -0.262655
0.679124 0.441828 1.29133 -0.297224 -0.357076 0.845405 -0.263526
0.679511 0.441414 1.29194 -0.296438 -0.356259 0.845753 -0.264397
0.679897 0.441001 1.29254 -0.29565 -0.35544 0.846101 -0.265267
0.680283 0.440586 1.29315 -0.294861 -0.354621 0.846447 -0.266137
0.680668 0.440171 1.29375 -0.29407 -0.3538 0.846792 -0.267007
0.681052 0.439754 1.29436 -0.293278 -0.352977 0.847135 -0.267877
0.681436 0.439338 1.29496 -0.292484 -0.352153 0.847477 -0.268745
0.681819 0.43892 1.29557 -0.291689 -0.351327 0.847817 -0.269615
0.682201 0.438502 1.29618 -0.290893 -0.350501 0.848157 -0.270483
0.682582 0.438082 1.29679 -0.290095 -0.349672 0.848494 -0.271353
0.682963 0.437662 1.2974 -0.289295 -0.348842 0.84883 -0.272221
0.683343 0.43724 1.29801 -0.288494 -0.34801 0.849165 -0.273091
0.683722 0.436818 1.29862 -0.287692 -0.347177 0.849499 -0.273959
0.684101 0.436394 1.29923 -0.286888 -0.346342 0.84983 -0.274828
0.684479 0.43597 1.29985 -0.286083 -0.345506 0.850161 -0.275697
0.684856 0.435544 1.30046 -0.285276 -0.344667 0.85049 -0.276567
0.685232 0.435118 1.30107 -0.284468 -0.343828 0.850817 -0.277435
0.685608 0.434689 1.30169 -0.283658 -0.342986 0.851143 -0.278305
0.685983 0.43426 1.30231 -0.282847 -0.342143 0.851468 -0.279175
0.686357 0.433829 1.30292 -0.282034 -0.341297 0.851791 -0.280045
0.68673 0.433398 1.30354 -0.28122 -0.340451 0.852112 -0.280915
0.687103 0.432964 1.30416 -0.280404 -0.339602 0.852432 -0.281787
0.687475 0.43253 1.30478 -0.279587 -0.338752 0.852751 -0.282657
0.687846 0.432094 1.3054 -0.278768 -0.337899 0.853067 -0.28353
0.688216 0.431657 1.30603 -0.277947 -0.337045 0.853383 -0.284401
0.688586 0.431218 1.30665 -0.277125 -0.336188 0.853696 -0.285275
0.688955 0.430778 1.30727 -0.276301 -0.335331 0.854008 -0.286147
0.689323 0.430335 1.3079 -0.275476 -0.33447 0.854319 -0.287022
0.68969 0.429893 1.30853 -0.274649 -0.333609 0.854628 -0.287896
0.690057 0.429447 1.30915 -0.273821 -0.332744 0.854935 -0.288772
0.690423 0.429001 1.30978 -0.272991 -0.331879 0.855241 -0.289647
0.690788 0.428552 1.31041 -0.272159 -0.33101 0.855545 -0.290525
0.691152 0.428102 1.31104 -0.271326 -0.330141 0.855847 -0.291402
0.691516 0.427649 1.31168 -0.270491 -0.329268 0.856148 -0.292281
0.691878 0.427197 1.31231 -0.269655 -0.328394 0.856447 -0.29316
0.69224 0.42674 1.31295 -0.268816 -0.327517 0.856744 -0.294041
0.692601 0.426284 1.31358 -0.267977 -0.326639 0.85704 -0.294921
0.692962 0.425823 1.31422 -0.267135 -0.325758 0.857333 -0.295805
0.693321 0.425363 1.31486 -0.266292 -0.324875 0.857626 -0.296687
0.69368 0.424899 1.3155 -0.265447 -0.323989 0.857916 -0.297572
0.694038 0.424435 1.31614 -0.2646 -0.323102 0.858205 -0.298457
0.694395 0.423967 1.31679 -0.263752 -0.322212 0.858491 -0.299345
0.694751 0.423498 1.31743 -0.262902 -0.321321 0.858776 -0.300231
0.695106 0.423026 1.31808 -0.26205 -0.320425 0.85906 -0.301121
0.695461 0.422554 1.31873 -0.261196 -0.319529 0.859341 -0.302011
0.695814 0.422077 1.31938 -0.260341 -0.318629 0.85962 -0.302903
0.696167 0.4216 1.32003 -0.259484 -0.317729 0.859898 -0.303795
0.696519 0.421119 1.32068 -0.258625 -0.316824 0.860174 -0.304691
0.69687 0.420638 1.32133 -0.257764 -0.315918 0.860448 -0.305585
0.69722 0.420152 1.32199 -0.256901 -0.315008 0.86072 -0.306484
0.69757 0.419666 1.32265 -0.256037 -0.314098 0.86099 -0.307381
0.697918 0.419175 1.32331 -0.25517 -0.313183 0.861259 -0.308282
0.698265 0.418685 1.32397 -0.254303 -0.312268 0.861525 -0.309182
0.698612 0.418191 1.32463 -0.253432 -0.311348 0.861789 -0.310086
0.698958 0.417696 1.32529 -0.252561 -0.310428 0.862052 -0.310989
0.699303 0.417197 1.32596 -0.251687 -0.309504 0.862312 -0.311895
0.699646 0.416699 1.32662 -0.250812 -0.308579 0.862571 -0.3128
0.699989 0.416196 1.32729 -0.249934 -0.307651 0.862828 -0.313708
0.700331 0.415693 1.32796 -0.249055 -0.306721 0.863082 -0.314615
0.700673 0.415187 1.32863 -0.248174 -0.305788 0.863335 -0.315525
0.701013 0.41468 1.3293 -0.247292 -0.304854 0.863586 -0.316434
0.701352 0.41417 1.32997 -0.246407 -0.303917 0.863834 -0.317346
0.70169 0.41366 1.33065 -0.245521 -0.302979 0.864081 -0.318256
0.702027 0.413146 1.33132 -0.244632 -0.302037 0.864326 -0.31917
0.702364 0.412632 1.332 -0.243742 -0.301094 0.864569 -0.320082
0.702699 0.412115 1.33268 -0.24285 -0.300149 0.86481 -0.320997
0.703033 0.411598 1.33335 -0.241957 -0.299202 0.865048 -0.32191
0.703367 0.411078 1.33403 -0.241061 -0.298252 0.865285 -0.322826
0.703699 0.410558 1.33472 -0.240164 -0.297302 0.86552 -0.323741
0.704031 0.410035 1.3354 -0.239265 -0.296348 0.865753 -0.324658
0.704361 0.409511 1.33608 -0.238364 -0.295393 0.865983 -0.325573
0.70469 0.408985 1.33677 -0.237461 -0.294436 0.866212 -0.326491
0.705019 0.408459 1.33745 -0.236557 -0.293477 0.866439 -0.327408
0.705346 0.40793 1.33814 -0.235651 -0.292516 0.866663 -0.328326
0.705673 0.407401 1.33882 -0.234743 -0.291554 0.866886 -0.329243
0.705998 0.40687 1.33951 -0.233833 -0.290589 0.867106 -0.330162
0.706323 0.406338 1.3402 -0.232921 -0.289623 0.867325 -0.331079
0.706646 0.405804 1.34089 -0.232008 -0.288655 0.867541 -0.331998
0.706968 0.40527 1.34158 -0.231093 -0.287685 0.867756 -0.332916
0.70729 0.404734 1.34227 -0.230176 -0.286714 0.867968 -0.333835
0.70761 0.404198 1.34296 -0.229257 -0.285741 0.868179 -0.334752
0.707929 0.40366 1.34366 -0.228337 -0.284766 0.868387 -0.335671
0.708248 0.403122 1.34435 -0.227414 -0.28379 0.868593 -0.336589
0.708565 0.402581 1.34505 -0.22649 -0.282812 0.868797 -0.337507
0.708881 0.402041 1.34574 -0.225565 -0.281833 0.868999 -0.338424
0.709196 0.401499 1.34644 -0.224637 -0.280851 0.869199 -0.339342
0.709511 0.400957 1.34713 -0.223708 -0.279869 0.869397 -0.340259
0.709824 0.400413 1.34783 -0.222778 -0.278885 0.869593 -0.341176
0.710136 0.399869 1.34853 -0.221845 -0.2779 0.869787 -0.342092
0.710447 0.399324 1.34923 -0.220911 -0.276913 0.869979 -0.343009
0.710757 0.398779 1.34992 -0.219975 -0.275925 0.870168 -0.343923
0.711066 0.398232 1.35062 -0.219037 -0.274935 0.870356 -0.344839
0.711374 0.397685 1.35132 -0.218098 -0.273944 0.870542 -0.345753
0.711681 0.397138 1.35202 -0.217157 -0.272952 0.870725 -0.346667
0.711987 0.39659 1.35272 -0.216215 -0.271959 0.870907 -0.347579
0.712291 0.396041 1.35343 -0.21527 -0.270964 0.871086 -0.348492
0.712595 0.395492 1.35413 -0.214325 -0.269968 0.871263 -0.349403
0.712898 0.394942 1.35483 -0.213377 -0.268971 0.871438 -0.350314
0.7132 0.394392 1.35553 -0.212428 -0.267973 0.871612 -0.351224
0.7135 0.393841 1.35623 -0.211477 -0.266974 0.871783 -0.352133
0.7138 0.393291 1.35694 -0.210525 -0.265973 0.871952 -0.35304
0.714099 0.392739 1.35764 -0.209571 -0.264972 0.872119 -0.353948
0.714396 0.392188 1.35834 -0.208616 -0.263969 0.872284 -0.354853
0.714693 0.391636 1.35905 -0.207659 -0.262966 0.872447 -0.355758
0.714988 0.391085 1.35975 -0.2067 -0.261961 0.872607 -0.356662
0.715283 0.390532 1.36045 -0.20574 -0.260956 0.872766 -0.357565
0.715576 0.38998 1.36116 -0.204778 -0.259949 0.872923 -0.358466
0.715869 0.389428 1.36186 -0.203815 -0.258942 0.873078 -0.359366
0.71616 0.388876 1.36256 -0.20285 -0.257934 0.87323 -0.360264
0.71645 0.388323 1.36327 -0.201884 -0.256925 0.873381 -0.361162
0.71674 0.387771 1.36397 -0.200916 -0.255915 0.87353 -0.362058
0.717028 0.387219 1.36468 -0.199947 -0.254905 0.873676 -0.362952
0.717315 0.386666 1.36538 -0.198976 -0.253893 0.873821 -0.363845
0.717602 0.386114 1.36608 -0.198004 -0.252881 0.873964 -0.364737
0.717887 0.385562 1.36679 -0.197031 -0.251869 0.874104 -0.365627
0.718171 0.38501 1.36749 -0.196056 -0.250855 0.874243 -0.366516
0.718454 0.384458 1.3682 -0.195079 -0.249841 0.874379 -0.367403
0.718737 0.383905 1.3689 -0.194101 -0.248825 0.874514 -0.368289
0.719018 0.383353 1.36961 -0.193121 -0.247809 0.874646 -0.369174
0.719298 0.3828 1.37031 -0.19214 -0.246792 0.874776 -0.370058
0.719577 0.382247 1.37102 -0.191157 -0.245774 0.874904 -0.370941
0.719855 0.381693 1.37172 -0.190173 -0.244754 0.87503 -0.371823
0.720132 0.381139 1.37243 -0.189187 -0.243734 0.875153 -0.372704
0.720408 0.380584 1.37313 -0.188199 -0.242712 0.875275 -0.373585
0.720683 0.380029 1.37384 -0.18721 -0.24169 0.875394 -0.374464
0.720956 0.379472 1.37455 -0.186219 -0.240665 0.875511 -0.375344
0.721229 0.378916 1.37525 -0.185227 -0.23964 0.875626 -0.376222
0.721501 0.378357 1.37596 -0.184232 -0.238613 0.875738 -0.377101
0.721771 0.377799 1.37667 -0.183236 -0.237585 0.875848 -0.377979
0.72204 0.377239 1.37738 -0.182238 -0.236555 0.875956 -0.378857
0.722309 0.376678 1.37809 -0.181239 -0.235525 0.876061 -0.379734
0.722576 0.376116 1.3788 -0.180237 -0.234491 0.876164 -0.380612
0.722841 0.375553 1.37951 -0.179234 -0.233458 0.876264 -0.381488
0.723106 0.374988 1.38022 -0.178229 -0.232421 0.876362 -0.382366
0.72337 0.374423 1.38094 -0.177223 -0.231384 0.876458 -0.383243
0.723632 0.373855 1.38165 -0.176213 -0.230344 0.876551 -0.384121
0.723893 0.373287 1.38237 -0.175203 -0.229303 0.876641 -0.384998
0.724153 0.372716 1.38308 -0.17419 -0.22826 0.876729 -0.385877
0.724412 0.372145 1.3838 -0.173176 -0.227215 0.876815 -0.386755
0.724669 0.371571 1.38452 -0.172159 -0.226168 0.876897 -0.387635
0.724926 0.370997 1.38524 -0.17114 -0.22512 0.876977 -0.388513
0.72518 0.370419 1.38596 -0.170119 -0.224068 0.877054 -0.389395
0.725434 0.369841 1.38668 -0.169097 -0.223016 0.877129 -0.390274
0.725687 0.369259 1.3874 -0.168072 -0.22196 0.877201 -0.391157
0.725938 0.368677 1.38813 -0.167045 -0.220904 0.87727 -0.392039
0.726187 0.368091 1.38885 -0.166015 -0.219843 0.877336 -0.392923
0.726436 0.367505 1.38958 -0.164984 -0.218783 0.8774 -0.393806
0.726683 0.366915 1.39031 -0.163951 -0.217718 0.87746 -0.394693
0.726929 0.366325 1.39104 -0.162915 -0.216652 0.877518 -0.395578
0.727173 0.365729 1.39177 -0.161877 -0.215582 0.877573 -0.396467
0.727416 0.365135 1.3925 -0.160837 -0.214512 0.877625 -0.397355
0.727658 0.364535 1.39324 -0.159793 -0.213437 0.877673 -0.398247
0.727898 0.363935 1.39398 -0.158749 -0.212362 0.877719 -0.399137
0.728137 0.36333 1.39472 -0.157701 -0.211282 0.877761 -0.400032
0.728374 0.362725 1.39545 -0.156651 -0.210201 0.877801 -0.400925
0.72861 0.362114 1.3962 -0.155598 -0.209116 0.877837 -0.401823
0.728844 0.361504 1.39694 -0.154544 -0.20803 0.877871 -0.40272
0.729077 0.360887 1.39769 -0.153486 -0.206939 0.8779 -0.403621
0.729308 0.360271 1.39843 -0.152427 -0.205848 0.877927 -0.404521
0.729538 0.359649 1.39918 -0.151363 -0.204751 0.87795 -0.405426
0.729766 0.359027 1.39993 -0.150299 -0.203654 0.87797 -0.40633
0.729992 0.358399 1.40069 -0.14923 -0.202551 0.877986 -0.40724
0.730218 0.357771 1.40144 -0.14816 -0.201448 0.877999 -0.408147
0.730441 0.357136 1.4022 -0.147087 -0.200339 0.878008 -0.409061
0.730662 0.356501 1.40296 -0.146011 -0.19923 0.878015 -0.409973
0.730882 0.35586 1.40372 -0.144932 -0.198114 0.878017 -0.410892
0.731101 0.355219 1.40449 -0.14385 -0.196999 0.878016 -0.411808
0.731317 0.35457 1.40525 -0.142765 -0.195877 0.878011 -0.412731
0.731532 0.353922 1.40602 -0.141678 -0.194755 0.878003 -0.413653
0.731745 0.353267 1.40679 -0.140587 -0.193627 0.87799 -0.414581
0.731956 0.352612 1.40756 -0.139495 -0.192498 0.877974 -0.415508
0.732165 0.351949 1.40834 -0.138397 -0.191362 0.877954 -0.416442
0.732373 0.351286 1.40912 -0.137298 -0.190227 0.877931 -0.417374
0.732578 0.350616 1.4099 -0.136195 -0.189084 0.877902 -0.418313
0.732783 0.349945 1.41068 -0.13509 -0.187941 0.877871 -0.419251
0.732984 0.349267 1.41147 -0.13398 -0.186792 0.877835 -0.420196
0.733184 0.348589 1.41226 -0.132869 -0.185642 0.877795 -0.421139
0.733382 0.347902 1.41305 -0.131753 -0.184484 0.877751 -0.422091
0.733578 0.347216 1.41384 -0.130635 -0.183327 0.877703 -0.42304
0.733772 0.346522 1.41464 -0.129512 -0.182163 0.87765 -0.423998
0.733964 0.345828 1.41544 -0.128387 -0.180998 0.877594 -0.424953
0.734154 0.345126 1.41624 -0.127258 -0.179827 0.877533 -0.425915
0.734342 0.344425 1.41704 -0.126127 -0.178655 0.877469 -0.426876
0.734528 0.343716 1.41785 -0.124991 -0.177477 0.877399 -0.427844
0.734712 0.343008 1.41866 -0.123854 -0.176298 0.877326 -0.428809
0.734894 0.342292 1.41947 -0.122712 -0.175114 0.877248 -0.429781
0.735075 0.341577 1.42028 -0.121568 -0.173929 0.877168 -0.430752
0.735252 0.340854 1.4211 -0.12042 -0.172738 0.877081 -0.431728
0.735429 0.340132 1.42192 -0.11927 -0.171547 0.876992 -0.432702
0.735602 0.339404 1.42274 -0.118115 -0.17035 0.876897 -0.433683
0.735775 0.338676 1.42356 -0.116959 -0.169153 0.8768 -0.434661
0.735944 0.337942 1.42438 -0.115798 -0.16795 0.876697 -0.435645
0.736112 0.337208 1.4252 -0.114636 -0.166747 0.876591 -0.436627
0.736278 0.336467 1.42603 -0.113469 -0.165539 0.876479 -0.437614
0.736442 0.335728 1.42686 -0.112301 -0.164331 0.876365 -0.438598
0.736604 0.334983 1.42769 -0.111128 -0.163117 0.876245 -0.439588
0.736764 0.334238 1.42852 -0.109953 -0.161904 0.876123 -0.440575
0.736922 0.333487 1.42936 -0.108774 -0.160685 0.875995 -0.441568
0.737078 0.332737 1.43019 -0.107594 -0.159466 0.875864 -0.442557
0.737231 0.331982 1.43103 -0.106409 -0.158243 0.875727 -0.443552
0.737383 0.331228 1.43187 -0.105222 -0.157019 0.875588 -0.444543
0.737533 0.330468 1.43271 -0.104032 -0.155791 0.875444 -0.445539
0.737681 0.329709 1.43355 -0.102839 -0.154563 0.875296 -0.446533
0.737826 0.328946 1.43439 -0.101643 -0.153331 0.875143 -0.44753
0.73797 0.328182 1.43523 -0.100445 -0.152098 0.874987 -0.448524
0.738112 0.327415 1.43608 -0.0992429 -0.150862 0.874826 -0.449522
0.738252 0.326648 1.43693 -0.0980391 -0.149626 0.874662 -0.450518
0.738389 0.325877 1.43777 -0.0968316 -0.148385 0.874493 -0.451517
0.738525 0.325107 1.43862 -0.0956223 -0.147145 0.874321 -0.452513
0.738659 0.324332 1.43947 -0.0944093 -0.145901 0.874144 -0.453512
0.738791 0.323559 1.44032 -0.0931945 -0.144658 0.873963 -0.454508
0.738921 0.322782 1.44117 -0.0919762 -0.14341 0.873778 -0.455507
0.739049 0.322005 1.44203 -0.090756 -0.142163 0.873589 -0.456503
0.739175 0.321225 1.44288 -0.0895324 -0.140913 0.873396 -0.457501
0.739299 0.320446 1.44373 -0.088307 -0.139663 0.873199 -0.458497
0.739421 0.319664 1.44459 -0.0870782 -0.13841 0.872998 -0.459494
0.739541 0.318882 1.44544 -0.0858476 -0.137157 0.872793 -0.460489
0.73966 0.318098 1.4463 -0.0846138 -0.135901 0.872584 -0.461485
0.739776 0.317314 1.44715 -0.0833782 -0.134646 0.872372 -0.462479
0.73989 0.316528 1.44801 -0.0821394 -0.133388 0.872154 -0.463473
0.740003 0.315742 1.44887 -0.0808988 -0.13213 0.871934 -0.464465
0.740114 0.314955 1.44973 -0.0796553 -0.13087 0.871709 -0.465458
0.740223 0.314168 1.45058 -0.0784099 -0.12961 0.871481 -0.466448
0.74033 0.313379 1.45144 -0.0771616 -0.128348 0.871248 -0.467439
0.740435 0.312591 1.4523 -0.0759115 -0.127086 0.871013 -0.468427
0.740538 0.311801 1.45316 -0.0746587 -0.125823 0.870772 -0.469415
0.74064 0.311012 1.45402 -0.073404 -0.124559 0.870529 -0.4704
0.740739 0.310221 1.45488 -0.0721467 -0.123295 0.870281 -0.471385
0.740837 0.309431 1.45574 -0.0708876 -0.12203 0.87003 -0.472368
0.740933 0.30864 1.4566 -0.069626 -0.120764 0.869775 -0.47335
0.741028 0.30785 1.45746 -0.0683626 -0.119498 0.869516 -0.474329
0.74112 0.307058 1.45832 -0.0670968 -0.118232 0.869254 -0.475308
0.741211 0.306268 1.45918 -0.0658292 -0.116965 0.868988 -0.476283
0.741301 0.305477 1.46003 -0.0645594 -0.115698 0.868718 -0.477258
0.741388 0.304686 1.46089 -0.0632878 -0.114431 0.868445 -0.47823
0.741474 0.303896 1.46175 -0.062014 -0.113163 0.868168 -0.4792
0.741558 0.303106 1.46261 -0.0607385 -0.111896 0.867888 -0.480168
0.741641 0.302316 1.46347 -0.059461 -0.110628 0.867604 -0.481134
0.741721 0.301526 1.46433 -0.0581818 -0.10936 0.867316 -0.482097
0.741801 0.300737 1.46518 -0.0569007 -0.108093 0.867025 -0.483058
0.741878 0.299948 1.46604 -0.0556178 -0.106826 0.866731 -0.484017
0.741954 0.29916 1.4669 -0.0543333 -0.105558 0.866434 -0.484972
0.742029 0.298373 1.46775 -0.053047 -0.104291 0.866132 -0.485926
0.742102 0.297586 1.46861 -0.0517589 -0.103025 0.865828 -0.486877
0.742173 0.2968 1.46946 -0.0504692 -0.101758 0.86552 -0.487825
0.742243 0.296014 1.47032 -0.0491776 -0.100492 0.865209 -0.488771
0.742311 0.295228 1.47117 -0.0478843 -0.0992254 0.864894 -0.489714
0.742378 0.294443 1.47202 -0.0465891 -0.0979591 0.864575 -0.490656
0.742443 0.293658 1.47288 -0.0452923 -0.0966931 0.864253 -0.491594
0.742506 0.292874 1.47373 -0.0439935 -0.0954269 0.863928 -0.492531
0.742568 0.292089 1.47458 -0.042693 -0.0941611 0.863599 -0.493465
0.742628 0.291305 1.47543 -0.0413905 -0.0928951 0.863266 -0.494397
0.742686 0.290522 1.47628 -0.0400864 -0.0916294 0.86293 -0.495327
0.742743 0.289738 1.47714 -0.0387802 -0.0903634 0.86259 -0.496255
0.742798 0.288955 1.47799 -0.0374724 -0.0890978 0.862247 -0.49718
0.742851 0.288172 1.47884 -0.0361624 -0.0878318 0.861899 -0.498104
0.742903 0.287389 1.47969 -0.0348508 -0.0865662 0.861549 -0.499025
0.742953 0.286606 1.48054 -0.0335371 -0.0853001 0.861194 -0.499944
0.743001 0.285823 1.48139 -0.0322217 -0.0840344 0.860836 -0.500861
0.743048 0.28504 1.48224 -0.030904 -0.0827683 0.860474 -0.501776
0.743093 0.284257 1.48309 -0.0295848 -0.0815025 0.860108 -0.502689
0.743136 0.283474 1.48394 -0.0282632 -0.0802361 0.859738 -0.503601
0.743177 0.282691 1.48479 -0.02694 -0.0789702 0.859365 -0.504509
0.743217 0.281908 1.48564 -0.0256145 -0.0777036 0.858987 -0.505417
0.743255 0.281125 1.48649 -0.0242873 -0.0764375 0.858607 -0.506322
0.743291 0.280341 1.48734 -0.0229577 -0.0751706 0.858221 -0.507226
0.743325 0.279558 1.48819 -0.0216265 -0.0739042 0.857833 -0.508128
0.743358 0.278774 1.48904 -0.0202928 -0.072637 0.857439 -0.509028
0.743389 0.27799 1.48988 -0.0189576 -0.0713703 0.857043 -0.509926
0.743418 0.277206 1.49073 -0.0176197 -0.0701027 0.856642 -0.510823
0.743445 0.276421 1.49158 -0.0162803 -0.0688356 0.856237 -0.511717
0.74347 0.275636 1.49243 -0.0149382 -0.0675676 0.855828 -0.512611
0.743494 0.274851 1.49328 -0.0135946 -0.0663001 0.855415 -0.513502
0.743515 0.274065 1.49413 -0.0122483 -0.0650316 0.854998 -0.514393
0.743535 0.27328 1.49498 -0.0109004 -0.0637636 0.854577 -0.51528
0.743553 0.272493 1.49583 -0.00954969 -0.0624946 0.854151 -0.516168
0.743569 0.271707 1.49668 -0.00819745 -0.0612261 0.853722 -0.517052
0.743583 0.270919 1.49753 -0.00684236 -0.0599565 0.853288 -0.517936
0.743596 0.270132 1.49838 -0.00548572 -0.0586875 0.85285 -0.518818
0.743606 0.269343 1.49923 -0.00412616 -0.0574172 0.852408 -0.519699
0.743614 0.268554 1.50008 -0.00276505 -0.0561476 0.851962 -0.520578
0.74362 0.267764 1.50093 -0.00140094 -0.0548767 0.85151 -0.521456
0.743625 0.266975 1.50178 -3.5298e-05 -0.0536064 0.851056 -0.522332
0.743627 0.266183 1.50263 0.00133342 -0.0523347 0.850596 -0.523208
0.743628 0.265393 1.50348 0.00270367 -0.0510638 0.850132 -0.524081
0.743626 0.2646 1.50433 0.00407707 -0.0497914 0.849663 -0.524954
0.743623 0.263808 1.50519 0.00545199 -0.0485197 0.849191 -0.525824
0.743617 0.263013 1.50604 0.00683014 -0.0472465 0.848713 -0.526695
0.74361 0.26222 1.50689 0.00820981 -0.045974 0.848232 -0.527562
0.7436 0.261424 1.50774 0.00959279 -0.0447 0.847745 -0.52843
0.743588 0.260629 1.50859 0.0109773 -0.0434267 0.847254 -0.529295
0.743574 0.259831 1.50945 0.0123652 -0.0421518 0.846758 -0.530161
0.743559 0.259034 1.5103 0.0137545 -0.0408777 0.846259 -0.531024
0.74354 0.258235 1.51116 0.0151474 -0.0396019 0.845753 -0.531887
0.74352 0.257436 1.51201 0.0165417 -0.0383269 0.845244 -0.532748
0.743498 0.256635 1.51287 0.0179396 -0.0370502 0.844729 -0.533609
0.743474 0.255835 1.51372 0.019339 -0.0357743 0.84421 -0.534467
0.743447 0.255032 1.51458 0.0207421 -0.0344965 0.843686 -0.535326
0.743418 0.254229 1.51543 0.0221466 -0.0332197 0.843158 -0.536182
0.743387 0.253424 1.51629 0.0235548 -0.0319409 0.842623 -0.537039
0.743354 0.252619 1.51715 0.0249646 -0.0306631 0.842085 -0.537893
0.743318 0.251812 1.518 0.0263781 -0.0293833 0.841541 -0.538748
0.743281 0.251005 1.51886 0.0277931 -0.0281045 0.840993 -0.5396
0.74324 0.250196 1.51972 0.029212 -0.0268237 0.840439 -0.540453
0.743198 0.249387 1.52058 0.0306323 -0.0255438 0.839881 -0.541303
0.743153 0.248575 1.52144 0.0320567 -0.0242619 0.839317 -0.542154
0.743106 0.247764 1.5223 0.0334825 -0.022981 0.838749 -0.543002
0.743057 0.246949 1.52316 0.0349122 -0.0216981 0.838174 -0.543851
0.743006 0.246136 1.52402 0.0363434 -0.0204163 0.837596 -0.544698
0.742951 0.24532 1.52488 0.0377784 -0.0191327 0.837011 -0.545545
0.742896 0.244504 1.52575 0.0392149 -0.0178502 0.836423 -0.546388
0.742837 0.243686 1.52661 0.0406551 -0.016566 0.835828 -0.547233
0.742777 0.242869 1.52747 0.0420969 -0.015283 0.83523 -0.548074
0.742713 0.242049 1.52834 0.0435422 -0.0139984 0.834625 -0.548916
0.742649 0.24123 1.5292 0.0449891 -0.012715 0.834017 -0.549755
0.742581 0.240408 1.53006 0.0464395 -0.0114301 0.833402 -0.550594
0.742512 0.239588 1.53093 0.0478914 -0.0101465 0.832783 -0.55143
0.742439 0.238765 1.53179 0.0493469 -0.00886158 0.832159 -0.552267
0.742366 0.237943 1.53266 0.0508038 -0.0075779 0.83153 -0.5531
0.742289 0.237119 1.53352 0.0522641 -0.00629309 0.830896 -0.553933
0.742211 0.236295 1.53439 0.0537259 -0.00500953 0.830257 -0.554762
0.74213 0.23547 1.53525 0.055191 -0.00372499 0.829613 -0.555592
0.742047 0.234645 1.53612 0.0566576 -0.00244173 0.828965 -0.556419
0.741962 0.233819 1.53698 0.0581275 -0.00115762 0.82831 -0.557245
0.741875 0.232993 1.53785 0.0595988 0.000125171 0.827652 -0.558068
0.741786 0.232165 1.53871 0.0610733 0.00140869 0.826988 -0.55889
0.741695 0.231339 1.53958 0.0625492 0.00269085 0.826321 -0.559709
0.741601 0.230511 1.54045 0.0640282 0.0039736 0.825647 -0.560528
0.741505 0.229683 1.54131 0.0655087 0.00525496 0.82497 -0.561343
0.741407 0.228855 1.54218 0.0669922 0.00653678 0.824286 -0.562158
0.741308 0.228027 1.54304 0.0684771 0.00781718 0.823599 -0.562969
0.741205 0.227197 1.54391 0.0699649 0.0090979 0.822906 -0.563779
0.741102 0.226369 1.54477 0.0714542 0.0103772 0.82221 -0.564586
0.740995 0.225539 1.54564 0.0729463 0.0116566 0.821507 -0.565392
0.740887 0.224711 1.5465 0.0744398 0.0129346 0.820801 -0.566195
0.740777 0.223881 1.54737 0.075936 0.0142127 0.82009 -0.566996
0.740665 0.223052 1.54823 0.0774337 0.0154892 0.819374 -0.567794
0.74055 0.222222 1.5491 0.078934 0.0167656 0.818653 -0.568591
0.740434 0.221393 1.54996 0.0804357 0.0180405 0.817928 -0.569384
0.740316 0.220563 1.55082 0.08194 0.0193152 0.817198 -0.570176
0.740196 0.219733 1.55169 0.0834456 0.0205883 0.816464 -0.570964
0.740074 0.218904 1.55255 0.0849537 0.0218611 0.815724 -0.571751
0.73995 0.218075 1.55341 0.0864632 0.0231323 0.814981 -0.572534
0.739823 0.217245 1.55427 0.0879751 0.024403 0.814232 -0.573315
0.739696 0.216417 1.55514 0.0894883 0.0256721 0.81348 -0.574094
0.739566 0.215587 1.556 0.0910038 0.0269406 0.812722 -0.57487
0.739434 0.214759 1.55686 0.0925207 0.0282074 0.811961 -0.575642
0.7393 0.213931 1.55772 0.0940397 0.0294735 0.811194 -0.576413
0.739165 0.213103 1.55858 0.0955601 0.0307379 0.810424 -0.57718
0.739027 0.212275 1.55944 0.0970826 0.0320015 0.809649 -0.577945
0.738888 0.211448 1.5603 0.0986063 0.0332633 0.808869 -0.578706
0.738747 0.210621 1.56116 0.100132 0.0345242 0.808085 -0.579465
0.738605 0.209795 1.56201 0.101659 0.0357832 0.807297 -0.580221
0.73846 0.208968 1.56287 0.103188 0.0370413 0.806505 -0.580974
0.738314 0.208143 1.56373 0.104718 0.0382974 0.805708 -0.581723
0.738165 0.207318 1.56458 0.10625 0.0395524 0.804907 -0.58247
0.738016 0.206493 1.56544 0.107784 0.0408056 0.804102 -0.583213
0.737864 0.205669 1.56629 0.109319 0.0420575 0.803292 -0.583954
0.737711 0.204846 1.56715 0.110855 0.0433074 0.802479 -0.584691
0.737556 0.204023 1.568 0.112393 0.044556 0.801661 -0.585425
0.737399 0.203201 1.56885 0.113932 0.0458026 0.800839 -0.586156
0.737241 0.20238 1.5697 0.115473 0.0470477 0.800013 -0.586883
0.737081 0.201559 1.57055 0.117014 0.0482908 0.799183 -0.587607
0.73692 0.200739 1.5714 0.118558 0.0495323 0.798349 -0.588328
0.736756 0.19992 1.57225 0.120102 0.0507718 0.797511 -0.589046
0.736592 0.199102 1.5731 0.121648 0.0520095 0.796668 -0.58976
0.736425 0.198284 1.57395 0.123195 0.0532452 0.795822 -0.59047
0.736258 0.197468 1.5748 0.124743 0.054479 0.794972 -0.591177
0.736088 0.196652 1.57564 0.126292 0.0557108 0.794118 -0.591881
0.735917 0.195837 1.57649 0.127842 0.0569406 0.793261 -0.592581
0.735745 0.195023 1.57733 0.129394 0.0581683 0.792399 -0.593277
0.735571 0.19421 1.57817 0.130946 0.0593942 0.791533 -0.59397
0.735396 0.193397 1.57902 0.1325 0.060618 0.790664 -0.594659
0.735219 0.192585 1.57986 0.134055 0.06184 0.78979 -0.595346
0.73504 0.191774 1.5807 0.135611 0.06306 0.788912 -0.596029
0.734859 0.190964 1.58154 0.137169 0.0642783 0.78803 -0.596709
0.734677 0.190154 1.58238 0.138728 0.0654946 0.787144 -0.597385
0.734493 0.189344 1.58322 0.140289 0.0667093 0.786254 -0.598058
0.734308 0.188535 1.58405 0.141851 0.0679219 0.785359 -0.598729
0.734121 0.187726 1.58489 0.143414 0.0691332 0.78446 -0.599396
0.733932 0.186918 1.58573 0.144979 0.0703422 0.783557 -0.60006
0.733741 0.18611 1.58657 0.146546 0.0715501 0.782648 -0.600722
0.733548 0.185302 1.5874 0.148114 0.0727557 0.781736 -0.60138
0.733353 0.184494 1.58824 0.149684 0.0739603 0.780819 -0.602036
0.733157 0.183687 1.58907 0.151255 0.0751626 0.779897 -0.602688
0.732958 0.182879 1.58991 0.152828 0.076364 0.77897 -0.603339
0.732758 0.182072 1.59074 0.154403 0.0775631 0.778039 -0.603985
0.732555 0.181264 1.59158 0.15598 0.0787613 0.777103 -0.604631
0.732351 0.180457 1.59241 0.157558 0.0799573 0.776162 -0.605272
0.732144 0.179649 1.59324 0.159138 0.0811525 0.775216 -0.605912
0.731935 0.178842 1.59408 0.16072 0.0823453 0.774266 -0.606548
0.731724 0.178033 1.59491 0.162305 0.0835376 0.773309 -0.607183
0.731512 0.177226 1.59574 0.163891 0.0847274 0.772349 -0.607815
0.731296 0.176416 1.59658 0.165479 0.0859168 0.771382 -0.608445
0.731079 0.175608 1.59741 0.167069 0.0871038 0.770411 -0.609072
0.730859 0.174798 1.59824 0.168662 0.0882903 0.769433 -0.609697
0.730638 0.173989 1.59908 0.170256 0.0894744 0.768452 -0.610319
0.730413 0.173179 1.59991 0.171853 0.0906583 0.767463 -0.61094
0.730187 0.172369 1.60074 0.173452 0.0918396 0.766471 -0.611557
0.730034 0.171827 1.6013 0.17452 0.0926273 0.765805 -0.611969
0.72988 0.171286 1.60185 0.175588 0.0934138 0.765137 -0.612379
0.729726 0.170746 1.60241 0.176657 0.0941993 0.764468 -0.612787
0.72957 0.170203 1.60296 0.177728 0.0949852 0.763794 -0.613196
0.729413 0.169662 1.60352 0.178799 0.09577 0.763119 -0.613603
0.729256 0.16912 1.60407 0.179871 0.0965537 0.762442 -0.614008
0.729097 0.168577 1.60463 0.180945 0.0973379 0.761761 -0.614414
0.728936 0.168034 1.60519 0.18202 0.098121 0.761078 -0.614818
0.728776 0.167492 1.60574 0.183095 0.0989029 0.760393 -0.615221
0.728613 0.166947 1.6063 0.184173 0.0996855 0.759704 -0.615624
0.728449 0.166404 1.60685 0.185251 0.100467 0.759013 -0.616026
0.728285 0.16586 1.60741 0.18633 0.101247 0.75832 -0.616426
0.728118 0.165315 1.60797 0.187411 0.102028 0.757622 -0.616827
0.727951 0.164769 1.60852 0.188493 0.102808 0.756923 -0.617226
0.727784 0.164225 1.60908 0.189575 0.103586 0.756222 -0.617624
0.727613 0.163678 1.60964 0.19066 0.104365 0.755517 -0.618022
0.727443 0.163132 1.61019 0.191745 0.105143 0.754809 -0.618419
0.727271 0.162586 1.61075 0.19283 0.10592 0.7541 -0.618814
0.727097 0.162037 1.61131 0.193919 0.106698 0.753386 -0.61921
0.726923 0.16149 1.61187 0.195008 0.107474 0.75267 -0.619604
0.726747 0.160942 1.61242 0.196098 0.10825 0.751952 -0.619997
0.72657 0.160392 1.61298 0.19719 0.109026 0.751229 -0.62039
0.726391 0.159843 1.61354 0.198283 0.1098 0.750504 -0.620782
0.726212 0.159294 1.6141 0.199376 0.110574 0.749778 -0.621173
0.72603 0.158743 1.61466 0.200473 0.111348 0.749046 -0.621564
0.725848 0.158192 1.61521 0.20157 0.112122 0.748313 -0.621954
0.725665 0.157642 1.61577 0.202667 0.112894 0.747577 -0.622342
0.725479 0.157088 1.61633 0.203768 0.113666 0.746836 -0.622731
0.725293 0.156536 1.61689 0.204869 0.114438 0.746094 -0.623119
0.725106 0.155984 1.61745 0.20597 0.115208 0.745349 -0.623505
0.724916 0.155429 1.61801 0.207075 0.11598 0.744599 -0.623892
0.724725 0.154874 1.61857 0.20818 0.11675 0.743847 -0.624277
0.724534 0.15432 1.61913 0.209286 0.117518 0.743093 -0.624661
0.724339 0.153764 1.61969 0.210395 0.118288 0.742334 -0.625046
0.724145 0.153207 1.62026 0.211504 0.119057 0.741572 -0.62543
0.723949 0.152652 1.62082 0.212614 0.119824 0.740809 -0.625811
0.72375 0.152093 1.62138 0.213728 0.120592 0.74004 -0.626194
0.723551 0.151534 1.62194 0.214842 0.121359 0.739268 -0.626576
0.723351 0.150977 1.6225 0.215957 0.122124 0.738495 -0.626955
0.723148 0.150416 1.62307 0.217075 0.122891 0.737716 -0.627337
0.722944 0.149855 1.62363 0.218194 0.123656 0.736935 -0.627716
0.72274 0.149296 1.62419 0.219313 0.12442 0.736152 -0.628094
0.722532 0.148732 1.62476 0.220436 0.125185 0.735363 -0.628473
0.722323 0.14817 1.62532 0.221559 0.125949 0.734572 -0.628851
0.722114 0.147608 1.62588 0.222683 0.126711 0.733779 -0.629226
0.721902 0.147043 1.62645 0.223811 0.127474 0.732979 -0.629604
0.721689 0.146478 1.62701 0.224939 0.128236 0.732177 -0.62998
0.721475 0.145914 1.62758 0.226068 0.128997 0.731374 -0.630353
0.721258 0.145346 1.62815 0.227201 0.129759 0.730564 -0.630729
0.72104 0.144779 1.62871 0.228334 0.130519 0.729752 -0.631103
0.720821 0.144212 1.62928 0.229467 0.131278 0.728938 -0.631475
0.720599 0.143642 1.62985 0.230605 0.132038 0.728117 -0.631849
0.720376 0.143073 1.63041 0.231744 0.132797 0.727294 -0.632221
0.720152 0.142504 1.63098 0.232882 0.133554 0.726469 -0.632591
0.719925 0.141931 1.63155 0.234025 0.134312 0.725638 -0.632963
0.719697 0.14136 1.63212 0.235169 0.135069 0.724804 -0.633333
0.719468 0.140789 1.63269 0.236312 0.135824 0.723969 -0.633701
0.719236 0.140214 1.63326 0.23746 0.13658 0.723127 -0.634071
0.719004 0.13964 1.63383 0.238609 0.137335 0.722283 -0.634439
0.71877 0.139067 1.63439 0.239757 0.138088 0.721437 -0.634805
0.718534 0.138491 1.63496 0.24091 0.138842 0.720584 -0.635172
0.718296 0.137915 1.63554 0.242063 0.139594 0.71973 -0.635537
0.718058 0.13734 1.6361 0.243216 0.140345 0.718874 -0.635901
0.717817 0.136762 1.63668 0.244373 0.141097 0.718011 -0.636265
0.717575 0.136185 1.63725 0.24553 0.141846 0.717147 -0.636628
0.717332 0.135608 1.63782 0.246688 0.142594 0.71628 -0.636989
0.717086 0.135029 1.63839 0.24785 0.143343 0.715407 -0.637351
0.716839 0.13445 1.63896 0.249012 0.14409 0.714532 -0.63771
0.716592 0.133872 1.63953 0.250174 0.144836 0.713656 -0.638068
0.716341 0.133291 1.64011 0.25134 0.145582 0.712773 -0.638427
0.71609 0.132711 1.64068 0.252506 0.146326 0.711888 -0.638784
0.715838 0.132131 1.64125 0.253672 0.147068 0.711002 -0.639138
0.715583 0.131549 1.64182 0.254842 0.147811 0.710109 -0.639494
0.715327 0.130968 1.64239 0.256013 0.148552 0.709215 -0.639847
0.715071 0.130387 1.64297 0.257183 0.149291 0.708318 -0.640199
0.714811 0.129804 1.64354 0.258357 0.150031 0.707416 -0.640551
0.714551 0.129222 1.64411 0.259532 0.150768 0.706512 -0.640901
0.71429 0.12864 1.64468 0.260706 0.151504 0.705606 -0.641248
0.714027 0.128056 1.64526 0.261884 0.15224 0.704694 -0.641597
0.713762 0.127473 1.64583 0.263062 0.152974 0.70378 -0.641943
0.713497 0.12689 1.6464 0.264241 0.153706 0.702864 -0.642287
0.713229 0.126306 1.64698 0.265422 0.154439 0.701943 -0.642632
0.712961 0.125722 1.64755 0.266604 0.155169 0.70102 -0.642974
0.712691 0.125138 1.64812 0.267786 0.155898 0.700095 -0.643314
0.712419 0.124553 1.64869 0.268972 0.156626 0.699165 -0.643655
0.712146 0.123969 1.64927 0.270157 0.157352 0.698232 -0.643993
0.711873 0.123385 1.64984 0.271343 0.158077 0.697298 -0.644329
0.711597 0.1228 1.65041 0.272531 0.158801 0.696359 -0.644665
0.71132 0.122215 1.65099 0.27372 0.159523 0.695417 -0.645
0.711043 0.121631 1.65156 0.274909 0.160244 0.694474 -0.645331
0.710763 0.121045 1.65213 0.276101 0.160964 0.693526 -0.645663
0.710482 0.12046 1.6527 0.277293 0.161682 0.692576 -0.645993
0.7102 0.119876 1.65327 0.278485 0.162398 0.691624 -0.64632
0.709917 0.11929 1.65385 0.27968 0.163114 0.690667 -0.646647
0.709632 0.118705 1.65442 0.280875 0.163827 0.689708 -0.646972
0.709347 0.118121 1.65499 0.28207 0.164539 0.688747 -0.647295
0.709059 0.117535 1.65556 0.283268 0.16525 0.687781 -0.647618
0.708771 0.11695 1.65613 0.284466 0.165958 0.686814 -0.647938
0.708482 0.116366 1.65671 0.285664 0.166665 0.685845 -0.648256
0.70819 0.11578 1.65728 0.286865 0.167371 0.684871 -0.648573
0.707898 0.115196 1.65785 0.288066 0.168075 0.683895 -0.648888
0.707606 0.114612 1.65842 0.289267 0.168777 0.682918 -0.649201
0.707311 0.114027 1.65899 0.29047 0.169478 0.681936 -0.649514
0.707015 0.113443 1.65956 0.291673 0.170178 0.680952 -0.649824
0.706719 0.112859 1.66013 0.292877 0.170874 0.679966 -0.650132
0.70642 0.112275 1.6607 0.294082 0.17157 0.678976 -0.650439
0.706121 0.111691 1.66127 0.295288 0.172264 0.677984 -0.650743
0.705822 0.111108 1.66184 0.296494 0.172956 0.676991 -0.651046
0.70552 0.110524 1.66241 0.297702 0.173647 0.675993 -0.651347
0.705217 0.109941 1.66297 0.29891 0.174335 0.674994 -0.651647
0.704914 0.109359 1.66354 0.300118 0.175021 0.673992 -0.651944
0.704609 0.108776 1.66411 0.301328 0.175707 0.672987 -0.65224
0.704303 0.108194 1.66468 0.302539 0.17639 0.67198 -0.652534
0.703997 0.107613 1.66525 0.303749 0.17707 0.670971 -0.652825
0.703689 0.107031 1.66581 0.304961 0.17775 0.669958 -0.653115
0.70338 0.10645 1.66638 0.306173 0.178427 0.668944 -0.653403
0.70307 0.105869 1.66694 0.307385 0.179102 0.667928 -0.653689
0.702759 0.105288 1.66751 0.308599 0.179776 0.666908 -0.653973
0.702447 0.104708 1.66808 0.309813 0.180448 0.665886 -0.654255
0.702135 0.104129 1.66864 0.311027 0.181117 0.664863 -0.654535
0.70182 0.10355 1.66921 0.312242 0.181785 0.663836 -0.654813
0.701506 0.102971 1.66977 0.313458 0.18245 0.662808 -0.655089
0.70119 0.102393 1.67033 0.314673 0.183113 0.661778 -0.655363
0.700873 0.101815 1.6709 0.31589 0.183775 0.660744 -0.655635
0.700555 0.101237 1.67146 0.317107 0.184434 0.659709 -0.655905
0.700237 0.100661 1.67202 0.318324 0.185092 0.658672 -0.656172
0.699917 0.100084 1.67258 0.319542 0.185747 0.657632 -0.656438
0.699596 0.0995085 1.67315 -0.32076 -0.1864 -0.65659 0.656702
0.699275 0.0989334 1.67371 -0.321978 -0.187051 -0.655547 0.656963
0.698953 0.0983585 1.67427 -0.323197 -0.1877 -0.654501 0.657222
0.69863 0.0977843 1.67483 -0.324416 -0.188347 -0.653453 0.657479
0.698306 0.0972109 1.67539 -0.325636 -0.188991 -0.652403 0.657734
0.697981 0.0966378 1.67595 -0.326856 -0.189634 -0.651351 0.657987
0.697655 0.0960654 1.67651 -0.328076 -0.190274 -0.650297 0.658237
0.697329 0.0954938 1.67706 -0.329296 -0.190912 -0.649241 0.658485
0.697002 0.0949226 1.67762 -0.330517 -0.191548 -0.648183 0.658731
0.696674 0.0943521 1.67818 -0.331737 -0.192181 -0.647123 0.658975
0.696345 0.0937825 1.67873 -0.332958 -0.192812 -0.646062 0.659217
0.696016 0.0932132 1.67929 -0.334179 -0.193441 -0.644998 0.659456
0.695685 0.0926448 1.67985 -0.335401 -0.194068 -0.643933 0.659693
0.695354 0.0920772 1.6804 -0.336622 -0.194693 -0.642865 0.659927
0.695023 0.0915101 1.68095 -0.337844 -0.195315 -0.641796 0.66016
0.69469 0.0909439 1.68151 -0.339066 -0.195935 -0.640726 0.66039
0.694357 0.0903784 1.68206 -0.340287 -0.196552 -0.639653 0.660618
0.694023 0.0898137 1.68261 -0.341509 -0.197167 -0.638579 0.660843
0.693689 0.0892497 1.68316 -0.342731 -0.19778 -0.637503 0.661066
0.693354 0.0886865 1.68372 -0.343953 -0.198391 -0.636426 0.661287
0.693018 0.0881241 1.68427 -0.345175 -0.198999 -0.635347 0.661505
0.692682 0.0875625 1.68482 -0.346397 -0.199604 -0.634266 0.661721
0.692345 0.0870017 1.68536 -0.347619 -0.200208 -0.633184 0.661934
0.692007 0.0864418 1.68591 -0.34884 -0.200809 -0.6321 0.662145
0.691669 0.0858826 1.68646 -0.350062 -0.201407 -0.631014 0.662354
0.69133 0.0853242 1.68701 -0.351284 -0.202003 -0.629927 0.66256
0.690991 0.0847666 1.68756 -0.352506 -0.202597 -0.628838 0.662764
0.69065 0.0842098 1.6881 -0.353728 -0.203188 -0.627748 0.662966
0.69031 0.0836538 1.68865 -0.354949 -0.203777 -0.626656 0.663165
0.689968 0.0830987 1.68919 -0.356171 -0.204364 -0.625563 0.663362
0.689626 0.0825443 1.68974 -0.357393 -0.204948 -0.624468 0.663556
0.689284 0.0819907 1.69028 -0.358614 -0.205529 -0.623371 0.663748
0.68894 0.081438 1.69082 -0.359836 -0.206109 -0.622273 0.663938
0.688597 0.080886 1.69136 -0.361057 -0.206685 -0.621173 0.664125
0.688252 0.0803348 1.69191 -0.362279 -0.20726 -0.620072 0.66431
0.687907 0.0797845 1.69245 -0.3635 -0.207831 -0.618969 0.664493
0.687561 0.0792349 1.69299 -0.364721 -0.208401 -0.617865 0.664673
0.687215 0.0786862 1.69353 -0.365943 -0.208968 -0.616759 0.664851
0.686868 0.0781383 1.69407 -0.367164 -0.209532 -0.615652 0.665026
0.686521 0.0775912 1.69461 -0.368385 -0.210094 -0.614543 0.665199
0.686173 0.0770449 1.69514 -0.369606 -0.210654 -0.613433 0.66537
0.685824 0.0764994 1.69568 -0.370827 -0.211211 -0.612321 0.665538
0.685475 0.0759547 1.69622 -0.372047 -0.211765 -0.611208 0.665704
0.685125 0.0754108 1.69675 -0.373268 -0.212317 -0.610093 0.665867
0.684775 0.0748677 1.69729 -0.374488 -0.212867 -0.608976 0.666028
0.684424 0.0743254 1.69782 -0.375709 -0.213414 -0.607859 0.666187
0.684072 0.073784 1.69836 -0.376929 -0.213959 -0.606739 0.666343
0.68372 0.0732434 1.69889 -0.378149 -0.214501 -0.605619 0.666497
0.683367 0.0727036 1.69943 -0.379369 -0.21504 -0.604497 0.666649
0.683014 0.0721645 1.69996 -0.380589 -0.215577 -0.603373 0.666798
0.68266 0.0716264 1.70049 -0.381809 -0.216112 -0.602248 0.666944
0.682305 0.071089 1.70102 -0.383029 -0.216644 -0.601121 0.667089
0.68195 0.0705524 1.70155 -0.384248 -0.217173 -0.599994 0.667231
0.681595 0.0700167 1.70208 -0.385467 -0.2177 -0.598864 0.66737
0.681238 0.0694818 1.70261 -0.386686 -0.218225 -0.597733 0.667508
0.680882 0.0689476 1.70314 -0.387905 -0.218747 -0.596601 0.667642
0.680524 0.0684144 1.70367 -0.389124 -0.219266 -0.595468 0.667775
0.680166 0.0678819 1.7042 -0.390343 -0.219783 -0.594333 0.667905
0.679808 0.0673502 1.70472 -0.391561 -0.220297 -0.593196 0.668032
0.679449 0.0668194 1.70525 -0.39278 -0.220808 -0.592059 0.668158
0.679089 0.0662894 1.70577 -0.393998 -0.221317 -0.590919 0.66828
0.678729 0.0657602 1.7063 -0.395216 -0.221824 -0.589779 0.668401
0.678368 0.0652319 1.70682 -0.396433 -0.222328 -0.588637 0.668519
0.678007 0.0647043 1.70735 -0.397651 -0.222829 -0.587494 0.668635
0.677645 0.0641776 1.70787 -0.398868 -0.223328 -0.586349 0.668748
0.677283 0.0636517 1.7084 -0.400085 -0.223824 -0.585203 0.668859
0.67692 0.0631266 1.70892 -0.401302 -0.224318 -0.584056 0.668967
0.676556 0.0626024 1.70944 -0.402519 -0.224809 -0.582907 0.669073
0.676192 0.062079 1.70996 -0.403735 -0.225297 -0.581757 0.669177
0.675828 0.0615564 1.71048 -0.404951 -0.225783 -0.580606 0.669278
0.675463 0.0610346 1.711 -0.406167 -0.226266 -0.579453 0.669377
0.675097 0.0605137 1.71152 -0.407383 -0.226746 -0.578299 0.669474
0.674731 0.0599936 1.71204 -0.408598 -0.227224 -0.577144 0.669568
0.674364 0.0594743 1.71256 -0.409814 -0.2277 -0.575988 0.66966
0.673997 0.0589559 1.71307 -0.411029 -0.228172 -0.57483 0.669749
0.673629 0.0584383 1.71359 -0.412243 -0.228642 -0.573671 0.669836
0.673261 0.0579215 1.71411 -0.413458 -0.22911 -0.57251 0.669921
0.672892 0.0574056 1.71462 -0.414672 -0.229575 -0.571348 0.670003
0.672523 0.0568905 1.71514 -0.415886 -0.230037 -0.570186 0.670083
0.672153 0.0563762 1.71565 -0.417099 -0.230496 -0.569021 0.67016
0.671782 0.0558628 1.71617 -0.418313 -0.230953 -0.567856 0.670235
0.671412 0.0553502 1.71668 -0.419526 -0.231407 -0.566689 0.670308
0.67104 0.0548384 1.71719 -0.420739 -0.231859 -0.565521 0.670378
0.670668 0.0543275 1.71771 -0.421951 -0.232307 -0.564352 0.670446
0.670296 0.0538174 1.71822 -0.423163 -0.232754 -0.563182 0.670511
0.669923 0.0533082 1.71873 -0.424375 -0.233197 -0.56201 0.670574
0.669549 0.0527998 1.71924 -0.425587 -0.233638 -0.560837 0.670635
0.669175 0.0522922 1.71975 -0.426798 -0.234076 -0.559663 0.670693
0.668801 0.0517855 1.72026 -0.428009 -0.234511 -0.558488 0.670749
0.668426 0.0512796 1.72077 -0.42922 -0.234944 -0.557311 0.670802
0.66805 0.0507746 1.72128 -0.43043 -0.235374 -0.556134 0.670853
0.667674 0.0502704 1.72178 -0.43164 -0.235802 -0.554955 0.670902
0.667298 0.0497671 1.72229 -0.432849 -0.236226 -0.553775 0.670948
0.666921 0.0492646 1.7228 -0.434059 -0.236648 -0.552594 0.670992
0.666543 0.0487629 1.7233 -0.435268 -0.237068 -0.551411 0.671034
0.666165 0.0482621 1.72381 -0.436476 -0.237484 -0.550228 0.671073
0.665786 0.0477622 1.72431 -0.437684 -0.237898 -0.549043 0.67111
0.665407 0.0472631 1.72482 -0.438892 -0.238309 -0.547858 0.671144
0.665028 0.0467648 1.72532 -0.4401 -0.238717 -0.546671 0.671176
0.664648 0.0462674 1.72582 -0.441307 -0.239123 -0.545483 0.671206
0.664267 0.0457709 1.72633 -0.442514 -0.239526 -0.544293 0.671233
0.663887 0.0452752 1.72683 -0.44372 -0.239926 -0.543103 0.671258
0.663505 0.0447803 1.72733 -0.444926 -0.240324 -0.541912 0.67128
0.663123 0.0442863 1.72783 -0.446131 -0.240718 -0.540719 0.6713
0.662741 0.0437932 1.72833 -0.447337 -0.24111 -0.539526 0.671318
0.662358 0.0433009 1.72883 -0.448541 -0.2415 -0.538331 0.671333
0.661975 0.0428095 1.72933 -0.449746 -0.241886 -0.537135 0.671346
0.661591 0.042319 1.72983 -0.45095 -0.24227 -0.535939 0.671357
0.661206 0.0418293 1.73033 -0.452153 -0.242651 -0.534741 0.671365
0.660822 0.0413404 1.73082 -0.453356 -0.243029 -0.533542 0.67137
0.660436 0.0408525 1.73132 -0.454559 -0.243404 -0.532342 0.671374
0.660051 0.0403653 1.73182 -0.455761 -0.243777 -0.531141 0.671375
0.659664 0.0398791 1.73231 -0.456963 -0.244147 -0.529939 0.671373
0.659278 0.0393937 1.73281 -0.458165 -0.244514 -0.528736 0.671369
0.658891 0.0389092 1.7333 -0.459366 -0.244878 -0.527531 0.671363
0.658503 0.0384255 1.7338 -0.460566 -0.245239 -0.526326 0.671355
0.658115 0.0379427 1.73429 -0.461766 -0.245598 -0.52512 0.671344
0.657727 0.0374608 1.73478 -0.462966 -0.245954 -0.523913 0.67133
0.657338 0.0369798 1.73528 -0.464165 -0.246307 -0.522705 0.671314
0.656948 0.0364996 1.73577 -0.465364 -0.246657 -0.521496 0.671296
0.656558 0.0360203 1.73626 -0.466562 -0.247005 -0.520286 0.671276
0.656168 0.0355419 1.73675 -0.46776 -0.24735 -0.519075 0.671253
0.655777 0.0350643 1.73724 -0.468957 -0.247692 -0.517862 0.671228
0.655386 0.0345876 1.73773 -0.470154 -0.248031 -0.516649 0.6712
0.654995 0.0341118 1.73822 -0.47135 -0.248367 -0.515435 0.67117
0.654603 0.0336369 1.73871 -0.472546 -0.2487 -0.514221 0.671138
0.65421 0.0331628 1.7392 -0.473741 -0.249031 -0.513005 0.671103
0.653817 0.0326896 1.73968 -0.474936 -0.249359 -0.511788 0.671066
0.653424 0.0322173 1.74017 -0.47613 -0.249684 -0.51057 0.671026
0.65303 0.0317459 1.74066 -0.477324 -0.250006 -0.509352 0.670984
0.652635 0.0312753 1.74114 -0.478517 -0.250325 -0.508132 0.67094
0.652241 0.0308057 1.74163 -0.47971 -0.250641 -0.506912 0.670893
0.651846 0.0303369 1.74211 -0.480902 -0.250955 -0.50569 0.670844
0.65145 0.029869 1.7426 -0.482094 -0.251266 -0.504468 0.670793
0.651054 0.029402 1.74308 -0.483285 -0.251574 -0.503245 0.670739
0.650658 0.0289359 1.74356 -0.484476 -0.251879 -0.502021 0.670683
0.650261 0.0284707 1.74405 -0.485666 -0.252181 -0.500796 0.670624
0.649863 0.0280063 1.74453 -0.486856 -0.25248 -0.49957 0.670563
0.649466 0.0275429 1.74501 -0.488044 -0.252777 -0.498344 0.6705
0.649068 0.0270803 1.74549 -0.489233 -0.25307 -0.497116 0.670434
0.648669 0.0266186 1.74597 -0.490421 -0.253361 -0.495888 0.670366
0.64827 0.0261578 1.74645 -0.491608 -0.253649 -0.494659 0.670296
0.647871 0.025698 1.74693 -0.492795 -0.253934 -0.493429 0.670223
0.647471 0.025239 1.74741 -0.493981 -0.254216 -0.492198 0.670148
0.647071 0.0247809 1.74789 -0.495166 -0.254495 -0.490967 0.67007
0.64667 0.0243237 1.74837 -0.496351 -0.254771 -0.489734 0.66999
0.646269 0.0238674 1.74884 -0.497536 -0.255045 -0.488501 0.669908
0.645868 0.023412 1.74932 -0.49872 -0.255315 -0.487267 0.669823
0.645466 0.0229575 1.7498 -0.499903 -0.255583 -0.486033 0.669737
0.645063 0.0225039 1.75027 0.501085 0.255848 0.484797 -0.669647
0.644661 0.0220512 1.75075 0.502267 0.256109 0.483561 -0.669555
0.644258 0.0215994 1.75122 0.503449 0.256368 0.482324 -0.669461
0.643854 0.0211485 1.7517 0.504629 0.256624 0.481086 -0.669365
0.64345 0.0206986 1.75217 0.505809 0.256878 0.479848 -0.669266
0.643046 0.0202495 1.75264 0.506989 0.257128 0.478608 -0.669165
0.642641 0.0198013 1.75312 0.508168 0.257375 0.477368 -0.669061
0.642236 0.0193541 1.75359 0.509346 0.257619 0.476128 -0.668955
0.641831 0.0189077 1.75406 0.510523 0.257861 0.474886 -0.668847
0.641425 0.0184623 1.75453 0.5117 0.258099 0.473644 -0.668737
0.641019 0.0180178 1.755 0.512877 0.258335 0.472401 -0.668624
0.640612 0.0175742 1.75547 0.514052 0.258568 0.471158 -0.668508
0.640205 0.0171315 1.75594 0.515227 0.258797 0.469914 -0.668391
0.639798 0.0166898 1.75641 0.516401 0.259024 0.468669 -0.668271
0.63939 0.0162489 1.75688 0.517575 0.259248 0.467423 -0.668148
0.638982 0.015809 1.75735 0.518748 0.259469 0.466177 -0.668023
0.638573 0.01537 1.75782 0.51992 0.259687 0.46493 -0.667896
0.638165 0.0149319 1.75828 0.521092 0.259902 0.463683 -0.667767
0.637755 0.0144948 1.75875 0.522263 0.260114 0.462435 -0.667635
0.637346 0.0140585 1.75921 0.523433 0.260323 0.461186 -0.667501
0.636936 0.0136232 1.75968 0.524602 0.26053 0.459937 -0.667364
0.636525 0.0131888 1.76014 0.525771 0.260733 0.458687 -0.667225
0.636114 0.0127554 1.76061 0.526939 0.260933 0.457436 -0.667084
0.635703 0.0123229 1.76107 0.528106 0.26113 0.456185 -0.666941
0.635292 0.0118913 1.76154 0.529273 0.261325 0.454933 -0.666795
0.63488 0.0114606 1.762 0.530439 0.261516 0.453681 -0.666647
0.634467 0.0110309 1.76246 0.531604 0.261705 0.452428 -0.666496
0.634055 0.0106021 1.76292 0.532769 0.26189 0.451174 -0.666343
0.633642 0.0101742 1.76338 0.533932 0.262073 0.44992 -0.666188
0.633229 0.00974731 1.76385 0.535095 0.262252 0.448665 -0.66603
0.632815 0.00932133 1.76431 0.536258 0.262429 0.44741 -0.66587
0.632401 0.00889629 1.76477 0.537419 0.262602 0.446154 -0.665708
0.631986 0.00847219 1.76522 0.53858 0.262773 0.444898 -0.665543
0.631572 0.00804903 1.76568 0.53974 0.26294 0.443641 -0.665376
0.631156 0.00762681 1.76614 0.540899 0.263105 0.442384 -0.665207
0.630741 0.00720554 1.7666 0.542058 0.263267 0.441126 -0.665035
0.630325 0.00678522 1.76706 0.543215 0.263425 0.439868 -0.664861
0.629909 0.00636584 1.76751 0.544372 0.263581 0.438609 -0.664685
0.629492 0.00594742 1.76797 0.545528 0.263734 0.43735 -0.664506
0.629076 0.00552994 1.76843 0.546684 0.263883 0.43609 -0.664325
0.628658 0.00511341 1.76888 0.547838 0.26403 0.43483 -0.664142
0.628241 0.00469784 1.76934 0.548992 0.264174 0.433569 -0.663956
0.627823 0.00428322 1.76979 0.550145 0.264314 0.432308 -0.663768
0.627405 0.00386956 1.77024 0.551297 0.264452 0.431046 -0.663578
0.626986 0.00345686 1.7707 0.552448 0.264587 0.429784 -0.663386
0.626567 0.00304511 1.77115 0.553599 0.264718 0.428521 -0.663191
0.626148 0.00263432 1.7716 0.554749 0.264847 0.427259 -0.662993
0.625728 0.00222449 1.77205 0.555898 0.264972 0.425995 -0.662794
0.625308 0.00181563 1.77251 0.557046 0.265095 0.424731 -0.662592
0.624888 0.00140773 1.77296 0.558193 0.265215 0.423467 -0.662388
0.624468 0.00100079 1.77341 0.559339 0.265331 0.422203 -0.662181
0.624047 0.000594823 1.77386 0.560485 0.265445 0.420938 -0.661972
0.623625 0.000189821 1.77431 0.56163 0.265555 0.419673 -0.661761
0.623204 -0.000214211 1.77475 0.562773 0.265663 0.418407 -0.661548
0.622782 -0.000617272 1.7752 0.563916 0.265767 0.417141 -0.661332
0.62236 -0.00101936 1.77565 0.565059 0.265868 0.415874 -0.661114
0.621937 -0.00142048 1.7761 0.5662 0.265967 0.414608 -0.660893
0.621514 -0.00182062 1.77654 0.56734 0.266062 0.413341 -0.660671
0.621091 -0.00221978 1.77699 0.56848 0.266155 0.412073 -0.660445
0.620668 -0.00261797 1.77744 0.569618 0.266244 0.410805 -0.660218
0.620032 -0.00321342 1.7781 0.571325 0.266372 0.408903 -0.659873
0.619395 -0.00380665 1.77877 0.573029 0.266493 0.407 -0.659522
0.618758 -0.00439768 1.77944 0.574732 0.266608 0.405097 -0.659166
0.61812 -0.00498648 1.7801 0.576432 0.266716 0.403193 -0.658806
0.617695 -0.00537779 1.78054 0.577564 0.266784 0.401923 -0.658562
0.617269 -0.0057681 1.78099 0.578696 0.266849 0.400653 -0.658316
0.616842 -0.00615743 1.78143 0.579826 0.26691 0.399383 -0.658068
0.616202 -0.00673955 1.78209 0.58152 0.266998 0.397477 -0.657692
0.615562 -0.00731944 1.78275 0.583212 0.267078 0.39557 -0.65731
0.615134 -0.00770479 1.78319 0.584339 0.267127 0.394299 -0.657053
0.614706 -0.00808914 1.78363 0.585465 0.267174 0.393028 -0.656793
0.614278 -0.00847249 1.78407 0.58659 0.267218 0.391756 -0.656532
0.613636 -0.00904563 1.78472 0.588276 0.267277 0.389848 -0.656135
0.612992 -0.00961652 1.78538 0.589959 0.26733 0.38794 -0.655732
0.612563 -0.00999586 1.78582 0.591081 0.267361 0.386668 -0.655462
0.612134 -0.0103742 1.78625 0.592201 0.267389 0.385395 -0.655188
0.611704 -0.0107515 1.78669 0.59332 0.267414 0.384123 -0.654913
0.611059 -0.0113156 1.78734 0.594997 0.267446 0.382213 -0.654495
0.610413 -0.0118774 1.78799 0.596672 0.267471 0.380304 -0.654073
0.609982 -0.0122507 1.78843 0.597787 0.267484 0.37903 -0.653788
0.60955 -0.012623 1.78886 0.598901 0.267494 0.377757 -0.653501
0.609119 -0.0129942 1.78929 0.600015 0.267501 0.376484 -0.653212
0.608471 -0.0135491 1.78994 0.601683 0.267505 0.374573 -0.652774
0.607823 -0.0141018 1.79059 0.603349 0.267502 0.372663 -0.652331
0.60739 -0.014469 1.79102 0.604458 0.267497 0.371389 -0.652033
0.606957 -0.0148351 1.79145 0.605566 0.267488 0.370115 -0.651732
0.606524 -0.0152002 1.79188 0.606673 0.267476 0.368841 -0.651429
0.605874 -0.0157459 1.79252 0.608332 0.267453 0.36693 -0.650971
0.605223 -0.0162893 1.79317 0.609989 0.267423 0.365019 -0.650507
0.604789 -0.0166503 1.79359 0.611092 0.267398 0.363745 -0.650196
0.604354 -0.0170103 1.79402 0.612194 0.267371 0.362471 -0.649882
0.603919 -0.0173692 1.79445 0.613295 0.267341 0.361197 -0.649565
0.603267 -0.0179056 1.79509 0.614944 0.26729 0.359286 -0.649087
0.602614 -0.0184397 1.79573 0.616591 0.267231 0.357374 -0.648603
0.602178 -0.0187945 1.79615 0.617688 0.267189 0.3561 -0.648278
0.601742 -0.0191482 1.79658 0.618784 0.267143 0.354826 -0.64795
0.601305 -0.0195008 1.797 0.619878 0.267094 0.353552 -0.64762
0.600651 -0.0200279 1.79764 0.621518 0.267015 0.351641 -0.647122
0.599995 -0.0205526 1.79827 0.623156 0.266929 0.349731 -0.646618
0.599558 -0.020901 1.79869 0.624246 0.266868 0.348457 -0.646279
0.59912 -0.0212485 1.79911 0.625335 0.266803 0.347183 -0.645938
0.598682 -0.0215948 1.79954 0.626423 0.266736 0.34591 -0.645595
0.598025 -0.0221124 1.80017 0.628053 0.266629 0.343999 -0.645076
0.597367 -0.0226276 1.8008 0.62968 0.266515 0.342089 -0.644552
0.596929 -0.0229697 1.80122 0.630764 0.266435 0.340816 -0.6442
0.59649 -0.0233108 1.80164 0.631846 0.266352 0.339543 -0.643845
0.59605 -0.0236508 1.80205 0.632928 0.266266 0.33827 -0.643489
0.595391 -0.0241588 1.80268 0.634548 0.266131 0.336361 -0.64295
0.594731 -0.0246644 1.80331 0.636165 0.26599 0.334452 -0.642406
0.594291 -0.0250001 1.80372 0.637242 0.265891 0.33318 -0.642041
0.593851 -0.0253348 1.80414 0.638317 0.26579 0.331908 -0.641673
0.59341 -0.0256684 1.80455 0.639392 0.265685 0.330636 -0.641303
0.592748 -0.0261668 1.80518 0.641001 0.265522 0.328729 -0.640744
0.592086 -0.0266627 1.8058 0.642608 0.265352 0.326822 -0.64018
0.591645 -0.026992 1.80621 0.643678 0.265235 0.32555 -0.639802
0.591203 -0.0273202 1.80663 0.644746 0.265115 0.32428 -0.639421
0.590761 -0.0276473 1.80704 0.645814 0.264992 0.323009 -0.639038
0.590098 -0.0281359 1.80766 0.647413 0.264801 0.321103 -0.638459
0.589434 -0.0286221 1.80827 0.649009 0.264603 0.319198 -0.637875
0.588991 -0.0289449 1.80868 0.650072 0.264467 0.317929 -0.637484
0.588548 -0.0292665 1.8091 0.651133 0.264328 0.31666 -0.63709
0.588104 -0.0295871 1.80951 0.652193 0.264186 0.31539 -0.636693
0.587439 -0.0300659 1.81012 0.653781 0.263968 0.313487 -0.636095
0.586773 -0.0305423 1.81073 0.655367 0.263742 0.311585 -0.635492
0.586329 -0.0308585 1.81114 0.656422 0.263587 0.310317 -0.635087
0.585885 -0.0311735 1.81155 0.657476 0.26343 0.30905 -0.634679
0.58544 -0.0314875 1.81195 0.658529 0.263269 0.307783 -0.63427
0.584773 -0.0319564 1.81256 0.660106 0.263023 0.305882 -0.633652
0.584105 -0.0324229 1.81317 0.66168 0.262769 0.303983 -0.633029
0.58366 -0.0327324 1.81358 0.662728 0.262596 0.302717 -0.632611
0.583214 -0.0330409 1.81398 0.663775 0.26242 0.301452 -0.632191
0.582768 -0.0333482 1.81439 0.66482 0.26224 0.300187 -0.631769
0.582099 -0.0338071 1.81499 0.666386 0.261965 0.29829 -0.631131
0.58143 -0.0342635 1.8156 0.667949 0.261684 0.296394 -0.630489
0.580983 -0.0345664 1.816 0.668989 0.261492 0.295131 -0.630058
0.580536 -0.0348681 1.8164 0.670029 0.261297 0.293868 -0.629625
0.580089 -0.0351687 1.8168 0.671066 0.261099 0.292605 -0.629189
0.579418 -0.0356176 1.8174 0.672621 0.260796 0.290712 -0.628532
0.578747 -0.0360639 1.818 0.674172 0.260487 0.28882 -0.627871
0.578076 -0.0365076 1.8186 0.67572 0.26017 0.28693 -0.627204
0.577403 -0.0369488 1.8192 0.677266 0.259846 0.28504 -0.626533
