0.570399 -0.457938 1.45142 0.245187 0.639543 0.297997 0.664881
0.570754 -0.458354 1.45194 0.245745 0.639858 0.297274 0.664695
0.571107 -0.458769 1.45246 0.246301 0.640172 0.29655 0.66451
0.571459 -0.459184 1.45298 0.246856 0.640486 0.295825 0.664324
0.57181 -0.459599 1.4535 0.24741 0.640799 0.295099 0.66414
0.572161 -0.460013 1.45402 0.247963 0.641111 0.294371 0.663955
0.57251 -0.460427 1.45455 0.248514 0.641423 0.293642 0.663771
0.572858 -0.460841 1.45507 0.249063 0.641733 0.292912 0.663587
0.573206 -0.461255 1.45559 0.249611 0.642043 0.29218 0.663404
0.573552 -0.461668 1.45611 0.250158 0.642353 0.291447 0.663221
0.573898 -0.462081 1.45664 0.250703 0.642661 0.290713 0.663038
0.574242 -0.462494 1.45716 0.251247 0.642969 0.289978 0.662856
0.574586 -0.462906 1.45769 0.25179 0.643276 0.289241 0.662674
0.574929 -0.463319 1.45822 0.252331 0.643583 0.288503 0.662492
0.57527 -0.46373 1.45874 0.252871 0.643888 0.287764 0.662311
0.575611 -0.464142 1.45927 0.253409 0.644193 0.287024 0.66213
0.575951 -0.464553 1.4598 0.253946 0.644497 0.286282 0.66195
0.57629 -0.464965 1.46033 0.254481 0.644801 0.285539 0.661769
0.576627 -0.465375 1.46086 0.255015 0.645104 0.284795 0.661589
0.576964 -0.465786 1.46139 0.255547 0.645406 0.284049 0.66141
0.5773 -0.466196 1.46192 0.256078 0.645707 0.283302 0.661231
0.577635 -0.466606 1.46245 0.256608 0.646008 0.282554 0.661052
0.577969 -0.467015 1.46298 0.257136 0.646307 0.281805 0.660873
0.578302 -0.467425 1.46351 0.257663 0.646606 0.281055 0.660695
0.578634 -0.467833 1.46405 0.258188 0.646905 0.280303 0.660517
0.578965 -0.468242 1.46458 0.258712 0.647203 0.27955 0.66034
0.579296 -0.46865 1.46511 0.259234 0.647499 0.278796 0.660163
0.579625 -0.469058 1.46565 0.259755 0.647796 0.278041 0.659986
0.579953 -0.469466 1.46618 0.260275 0.648091 0.277284 0.659809
0.58028 -0.469873 1.46672 0.260793 0.648386 0.276526 0.659633
0.580607 -0.47028 1.46725 0.261309 0.64868 0.275767 0.659458
0.580932 -0.470687 1.46779 0.261824 0.648973 0.275007 0.659282
0.581256 -0.471093 1.46833 0.262338 0.649266 0.274246 0.659107
0.58158 -0.471499 1.46887 0.26285 0.649558 0.273483 0.658932
0.581902 -0.471905 1.4694 0.263361 0.649849 0.27272 0.658758
0.582224 -0.472311 1.46994 0.26387 0.650139 0.271955 0.658584
0.582544 -0.472716 1.47048 0.264377 0.650429 0.271188 0.65841
0.582864 -0.47312 1.47102 0.264884 0.650718 0.270421 0.658237
0.583183 -0.473525 1.47156 0.265388 0.651006 0.269652 0.658064
0.5835 -0.473929 1.47211 0.265891 0.651293 0.268883 0.657891
0.583817 -0.474332 1.47265 0.266393 0.65158 0.268112 0.657719
0.584133 -0.474735 1.47319 0.266893 0.651866 0.26734 0.657547
0.584447 -0.475138 1.47373 0.267392 0.652152 0.266566 0.657375
0.584761 -0.475541 1.47428 0.267889 0.652436 0.265792 0.657204
0.585074 -0.475943 1.47482 0.268385 0.65272 0.265017 0.657033
0.585386 -0.476345 1.47536 0.268879 0.653003 0.26424 0.656862
0.585697 -0.476747 1.47591 0.269372 0.653286 0.263462 0.656692
0.586007 -0.477148 1.47645 0.269863 0.653568 0.262683 0.656522
0.586316 -0.477549 1.477 0.270353 0.653849 0.261903 0.656352
0.586624 -0.477949 1.47755 0.270841 0.654129 0.261121 0.656183
0.586931 -0.478349 1.47809 0.271328 0.654408 0.260339 0.656014
0.587237 -0.478749 1.47864 0.271813 0.654687 0.259555 0.655845
0.587542 -0.479148 1.47919 0.272297 0.654965 0.25877 0.655677
0.587846 -0.479547 1.47974 0.272779 0.655243 0.257985 0.655509
0.588149 -0.479945 1.48029 0.27326 0.65552 0.257198 0.655342
0.588451 -0.480344 1.48084 0.273739 0.655796 0.256409 0.655174
0.588753 -0.480741 1.48139 0.274217 0.656071 0.25562 0.655007
0.589053 -0.481139 1.48194 0.274693 0.656345 0.25483 0.654841
0.589352 -0.481536 1.48249 0.275167 0.656619 0.254038 0.654675
0.589651 -0.481932 1.48304 0.27564 0.656892 0.253246 0.654509
0.589948 -0.482329 1.48359 0.276112 0.657165 0.252452 0.654343
0.590244 -0.482724 1.48414 0.276582 0.657436 0.251657 0.654178
0.59054 -0.48312 1.4847 0.27705 0.657707 0.250861 0.654013
0.590834 -0.483515 1.48525 0.277517 0.657978 0.250064 0.653848
0.591128 -0.483909 1.4858 0.277982 0.658247 0.249266 0.653684
0.59142 -0.484304 1.48636 0.278446 0.658516 0.248467 0.65352
0.591712 -0.484697 1.48691 0.278908 0.658784 0.247666 0.653357
0.592003 -0.485091 1.48747 0.279369 0.659051 0.246865 0.653193
0.592292 -0.485484 1.48802 0.279828 0.659318 0.246063 0.653031
0.592581 -0.485876 1.48858 0.280286 0.659584 0.245259 0.652868
0.592869 -0.486269 1.48914 0.280742 0.659849 0.244454 0.652706
0.593156 -0.48666 1.48969 0.281196 0.660114 0.243649 0.652544
0.593442 -0.487052 1.49025 0.281649 0.660378 0.242842 0.652382
0.593726 -0.487443 1.49081 0.282101 0.660641 0.242034 0.652221
0.59401 -0.487833 1.49137 0.282551 0.660903 0.241225 0.65206
0.594293 -0.488223 1.49193 0.282999 0.661165 0.240415 0.6519
0.594575 -0.488613 1.49249 0.283445 0.661426 0.239604 0.651739
0.594856 -0.489002 1.49305 0.283891 0.661686 0.238792 0.651579
0.595136 -0.489391 1.49361 0.284334 0.661946 0.237979 0.65142
0.595416 -0.489779 1.49417 0.284776 0.662205 0.237165 0.651261
0.595694 -0.490167 1.49473 0.285216 0.662463 0.23635 0.651102
0.595971 -0.490555 1.49529 0.285655 0.66272 0.235534 0.650943
0.596247 -0.490942 1.49585 0.286092 0.662977 0.234717 0.650785
0.596522 -0.491328 1.49641 0.286528 0.663233 0.233898 0.650627
0.596797 -0.491714 1.49698 0.286962 0.663488 0.233079 0.650469
0.59707 -0.4921 1.49754 0.287395 0.663743 0.232259 0.650312
0.597343 -0.492485 1.4981 0.287825 0.663997 0.231438 0.650155
0.597614 -0.49287 1.49867 0.288255 0.66425 0.230615 0.649998
0.597884 -0.493255 1.49923 0.288682 0.664503 0.229792 0.649842
0.598154 -0.493638 1.4998 0.289109 0.664754 0.228968 0.649686
0.598423 -0.494022 1.50036 0.289533 0.665005 0.228142 0.64953
0.59869 -0.494405 1.50093 0.289956 0.665256 0.227316 0.649375
0.598957 -0.494787 1.50149 0.290377 0.665506 0.226489 0.64922
0.599223 -0.495169 1.50206 0.290797 0.665755 0.22566 0.649065
0.599487 -0.495551 1.50263 0.291215 0.666003 0.224831 0.648911
0.599751 -0.495932 1.50319 0.291632 0.66625 0.224001 0.648757
0.600014 -0.496313 1.50376 0.292046 0.666497 0.223169 0.648603
0.600276 -0.496693 1.50433 0.29246 0.666743 0.222337 0.648449
0.600537 -0.497073 1.5049 0.292871 0.666989 0.221504 0.648296
0.600797 -0.497452 1.50547 0.293281 0.667234 0.22067 0.648144
0.601056 -0.497831 1.50603 0.29369 0.667478 0.219834 0.647991
0.601314 -0.498209 1.5066 0.294097 0.667721 0.218998 0.647839
0.601571 -0.498587 1.50717 0.294502 0.667964 0.218161 0.647687
0.601827 -0.498964 1.50774 0.294906 0.668206 0.217323 0.647536
0.602083 -0.499341 1.50831 0.295307 0.668447 0.216484 0.647384
0.602337 -0.499717 1.50889 0.295708 0.668688 0.215644 0.647234
0.60259 -0.500093 1.50946 0.296106 0.668928 0.214803 0.647083
0.602843 -0.500468 1.51003 0.296504 0.669167 0.213962 0.646933
0.603094 -0.500843 1.5106 0.296899 0.669405 0.213119 0.646783
0.603344 -0.501218 1.51117 0.297293 0.669643 0.212275 0.646633
0.603594 -0.501592 1.51175 0.297685 0.66988 0.21143 0.646484
0.603843 -0.501965 1.51232 0.298076 0.670117 0.210585 0.646335
0.60409 -0.502338 1.51289 0.298464 0.670352 0.209738 0.646186
0.604337 -0.50271 1.51347 0.298852 0.670587 0.208891 0.646038
0.604583 -0.503082 1.51404 0.299237 0.670822 0.208043 0.64589
0.604827 -0.503453 1.51461 0.299621 0.671055 0.207193 0.645742
0.605071 -0.503824 1.51519 0.300004 0.671288 0.206343 0.645595
0.605314 -0.504195 1.51576 0.300384 0.671521 0.205492 0.645447
0.605556 -0.504564 1.51634 0.300763 0.671752 0.20464 0.645301
0.605797 -0.504934 1.51692 0.301141 0.671983 0.203787 0.645154
0.606037 -0.505303 1.51749 0.301516 0.672213 0.202934 0.645008
0.606277 -0.505671 1.51807 0.30189 0.672443 0.202079 0.644862
0.606515 -0.506039 1.51864 0.302263 0.672672 0.201224 0.644716
0.606752 -0.506406 1.51922 0.302634 0.6729 0.200367 0.644571
0.606988 -0.506772 1.5198 0.303003 0.673127 0.19951 0.644426
0.607224 -0.507139 1.52038 0.30337 0.673354 0.198652 0.644282
0.607458 -0.507504 1.52095 0.303736 0.67358 0.197793 0.644137
0.607692 -0.507869 1.52153 0.3041 0.673805 0.196933 0.643993
0.607924 -0.508234 1.52211 0.304462 0.67403 0.196072 0.643849
0.608156 -0.508598 1.52269 0.304823 0.674254 0.195211 0.643706
0.608387 -0.508962 1.52327 0.305182 0.674477 0.194348 0.643563
0.608617 -0.509325 1.52385 0.30554 0.6747 0.193485 0.64342
0.608845 -0.509687 1.52443 0.305895 0.674922 0.192621 0.643277
0.609073 -0.510049 1.52501 0.306249 0.675143 0.191756 0.643135
0.6093 -0.51041 1.52559 0.306602 0.675364 0.19089 0.642993
0.609526 -0.510771 1.52617 0.306952 0.675584 0.190023 0.642852
0.609752 -0.511131 1.52675 0.307301 0.675803 0.189155 0.64271
0.609976 -0.511491 1.52733 0.307649 0.676022 0.188287 0.642569
0.610199 -0.51185 1.52791 0.307994 0.676239 0.187418 0.642428
0.610421 -0.512209 1.52849 0.308338 0.676457 0.186548 0.642288
0.610643 -0.512567 1.52908 0.308681 0.676673 0.185677 0.642148
0.610863 -0.512924 1.52966 0.309021 0.676889 0.184805 0.642008
0.611083 -0.513281 1.53024 0.30936 0.677104 0.183933 0.641868
0.611302 -0.513638 1.53082 0.309697 0.677319 0.18306 0.641729
0.611519 -0.513993 1.53141 0.310033 0.677533 0.182186 0.64159
0.611736 -0.514349 1.53199 0.310367 0.677746 0.181311 0.641451
0.611952 -0.514703 1.53257 0.310699 0.677958 0.180435 0.641313
0.612167 -0.515057 1.53316 0.311029 0.67817 0.179559 0.641175
0.612381 -0.515411 1.53374 0.311358 0.678381 0.178681 0.641037
0.612594 -0.515764 1.53432 0.311685 0.678592 0.177803 0.640899
0.612806 -0.516116 1.53491 0.31201 0.678801 0.176924 0.640762
0.613018 -0.516468 1.53549 0.312334 0.67901 0.176045 0.640625
0.613228 -0.516819 1.53608 0.312656 0.679219 0.175165 0.640489
0.613437 -0.51717 1.53666 0.312976 0.679427 0.174283 0.640352
0.613646 -0.51752 1.53725 0.313294 0.679634 0.173401 0.640216
0.613853 -0.517869 1.53783 0.313611 0.67984 0.172519 0.64008
0.61406 -0.518218 1.53842 0.313926 0.680046 0.171635 0.639945
0.614266 -0.518567 1.53901 0.314239 0.680251 0.170751 0.639809
0.614471 -0.518914 1.53959 0.314551 0.680455 0.169866 0.639675
0.614675 -0.519262 1.54018 0.314861 0.680659 0.168981 0.63954
0.614878 -0.519608 1.54077 0.315169 0.680862 0.168094 0.639405
0.61508 -0.519954 1.54135 0.315476 0.681065 0.167207 0.639271
0.615281 -0.520299 1.54194 0.31578 0.681267 0.166319 0.639137
0.615482 -0.520644 1.54253 0.316083 0.681468 0.16543 0.639004
0.615681 -0.520988 1.54311 0.316385 0.681668 0.164541 0.638871
0.61588 -0.521332 1.5437 0.316684 0.681868 0.163651 0.638738
0.616077 -0.521675 1.54429 0.316982 0.682067 0.16276 0.638605
0.616274 -0.522017 1.54488 0.317278 0.682265 0.161869 0.638472
0.61647 -0.522359 1.54547 0.317572 0.682463 0.160976 0.63834
0.616665 -0.5227 1.54605 0.317865 0.68266 0.160083 0.638208
0.616859 -0.523041 1.54664 0.318156 0.682857 0.15919 0.638077
0.617052 -0.52338 1.54723 0.318445 0.683053 0.158295 0.637945
0.617244 -0.52372 1.54782 0.318732 0.683248 0.1574 0.637814
0.617435 -0.524058 1.54841 0.319018 0.683442 0.156504 0.637684
0.617626 -0.524397 1.549 0.319302 0.683636 0.155608 0.637553
0.617815 -0.524734 1.54959 0.319584 0.68383 0.154711 0.637423
0.618004 -0.525071 1.55018 0.319865 0.684022 0.153813 0.637293
0.618192 -0.525407 1.55077 0.320143 0.684214 0.152915 0.637163
0.618379 -0.525743 1.55136 0.32042 0.684405 0.152015 0.637034
0.618565 -0.526078 1.55195 0.320695 0.684596 0.151115 0.636904
0.61875 -0.526412 1.55254 0.320969 0.684786 0.150215 0.636775
0.618934 -0.526746 1.55313 0.32124 0.684975 0.149314 0.636647
0.619117 -0.527079 1.55372 0.32151 0.685164 0.148412 0.636518
0.6193 -0.527411 1.55431 0.321779 0.685352 0.147509 0.63639
0.619481 -0.527743 1.5549 0.322045 0.685539 0.146606 0.636262
0.619662 -0.528074 1.5555 0.32231 0.685726 0.145702 0.636135
0.619842 -0.528405 1.55609 0.322573 0.685912 0.144798 0.636007
0.620021 -0.528734 1.55668 0.322834 0.686097 0.143893 0.63588
0.620199 -0.529064 1.55727 0.323093 0.686282 0.142987 0.635753
0.620376 -0.529392 1.55786 0.323351 0.686466 0.142081 0.635627
0.620552 -0.52972 1.55845 0.323607 0.68665 0.141174 0.635501
0.620727 -0.530048 1.55905 0.323861 0.686832 0.140266 0.635375
0.620902 -0.530374 1.55964 0.324113 0.687015 0.139358 0.635249
0.621076 -0.5307 1.56023 0.324364 0.687196 0.138449 0.635123
0.621248 -0.531026 1.56082 0.324613 0.687377 0.13754 0.634998
0.62142 -0.53135 1.56142 0.32486 0.687557 0.13663 0.634873
0.621591 -0.531674 1.56201 0.325105 0.687737 0.135719 0.634748
0.621761 -0.531998 1.5626 0.325348 0.687916 0.134808 0.634624
0.621931 -0.532321 1.56319 0.32559 0.688094 0.133896 0.634499
0.622099 -0.532643 1.56379 0.32583 0.688272 0.132983 0.634375
0.622267 -0.532964 1.56438 0.326068 0.688449 0.13207 0.634251
0.622433 -0.533285 1.56497 0.326305 0.688625 0.131156 0.634128
0.622599 -0.533605 1.56557 0.326539 0.688801 0.130242 0.634005
0.622764 -0.533924 1.56616 0.326772 0.688976 0.129327 0.633882
0.622928 -0.534243 1.56675 0.327003 0.689151 0.128412 0.633759
0.623091 -0.534561 1.56735 0.327232 0.689325 0.127496 0.633636
0.623254 -0.534879 1.56794 0.32746 0.689498 0.126579 0.633514
0.623415 -0.535196 1.56854 0.327686 0.689671 0.125662 0.633392
0.623576 -0.535512 1.56913 0.32791 0.689843 0.124745 0.63327
0.623736 -0.535827 1.56972 0.328132 0.690014 0.123826 0.633148
0.623895 -0.536142 1.57032 0.328352 0.690185 0.122908 0.633027
0.624053 -0.536456 1.57091 0.328571 0.690355 0.121988 0.632906
0.62421 -0.536769 1.57151 0.328787 0.690525 0.121068 0.632785
0.624367 -0.537082 1.5721 0.329002 0.690694 0.120148 0.632665
0.624522 -0.537394 1.5727 0.329216 0.690862 0.119227 0.632544
0.624677 -0.537705 1.57329 0.329427 0.691029 0.118305 0.632424
0.624831 -0.538016 1.57388 0.329637 0.691196 0.117383 0.632304
0.624984 -0.538326 1.57448 0.329844 0.691363 0.116461 0.632184
0.625136 -0.538635 1.57507 0.33005 0.691529 0.115538 0.632065
0.625288 -0.538944 1.57567 0.330255 0.691694 0.114614 0.631946
0.625438 -0.539252 1.57626 0.330457 0.691858 0.11369 0.631827
0.625588 -0.539559 1.57686 0.330658 0.692022 0.112766 0.631708
0.625737 -0.539865 1.57745 0.330856 0.692185 0.11184 0.631589
0.625885 -0.540171 1.57805 0.331053 0.692348 0.110915 0.631471
0.626032 -0.540476 1.57864 0.331249 0.69251 0.109989 0.631353
0.626178 -0.540781 1.57924 0.331442 0.692672 0.109062 0.631235
0.626324 -0.541084 1.57984 0.331634 0.692832 0.108135 0.631118
0.626468 -0.541387 1.58043 0.331823 0.692993 0.107207 0.631
0.626612 -0.54169 1.58103 0.332011 0.693152 0.106279 0.630883
0.626755 -0.541991 1.58162 0.332198 0.693311 0.105351 0.630766
0.626897 -0.542292 1.58222 0.332382 0.693469 0.104422 0.630649
0.627039 -0.542592 1.58281 0.332564 0.693627 0.103492 0.630533
0.627179 -0.542892 1.58341 0.332745 0.693784 0.102562 0.630416
0.627319 -0.54319 1.584 0.332924 0.693941 0.101632 0.6303
0.627458 -0.543488 1.5846 0.333101 0.694097 0.100701 0.630184
0.627596 -0.543786 1.5852 0.333277 0.694252 0.0997697 0.630069
0.627733 -0.544082 1.58579 0.33345 0.694407 0.098838 0.629953
0.62787 -0.544378 1.58639 0.333622 0.694561 0.0979057 0.629838
0.628006 -0.544673 1.58698 0.333792 0.694714 0.096973 0.629723
0.62814 -0.544968 1.58758 0.33396 0.694867 0.0960399 0.629608
0.628275 -0.545262 1.58817 0.334126 0.69502 0.0951064 0.629494
0.628408 -0.545555 1.58877 0.33429 0.695171 0.0941724 0.629379
0.62854 -0.545847 1.58937 0.334453 0.695322 0.093238 0.629265
0.628672 -0.546138 1.58996 0.334614 0.695473 0.0923032 0.629151
0.628803 -0.546429 1.59056 0.334772 0.695623 0.0913679 0.629038
0.628933 -0.546719 1.59115 0.33493 0.695772 0.0904322 0.628924
0.629062 -0.547009 1.59175 0.335085 0.695921 0.0894962 0.628811
0.62919 -0.547297 1.59234 0.335238 0.696069 0.0885597 0.628698
0.629318 -0.547585 1.59294 0.33539 0.696216 0.0876228 0.628585
0.629445 -0.547872 1.59354 0.33554 0.696363 0.0866855 0.628472
0.629571 -0.548159 1.59413 0.335688 0.69651 0.0857478 0.628359
0.629696 -0.548445 1.59473 0.335834 0.696655 0.0848097 0.628247
0.62982 -0.548729 1.59532 0.335978 0.6968 0.0838712 0.628135
0.629944 -0.549014 1.59592 0.336121 0.696945 0.0829324 0.628023
0.630067 -0.549297 1.59652 0.336261 0.697089 0.0819931 0.627911
0.630189 -0.54958 1.59711 0.3364 0.697232 0.0810535 0.6278
0.63031 -0.549862 1.59771 0.336537 0.697375 0.0801136 0.627688
0.630431 -0.550143 1.5983 0.336672 0.697517 0.0791732 0.627577
0.630551 -0.550424 1.5989 0.336806 0.697659 0.0782325 0.627466
0.630669 -0.550703 1.59949 0.336937 0.6978 0.0772914 0.627355
0.630788 -0.550982 1.60009 0.337067 0.69794 0.07635 0.627245
0.630905 -0.55126 1.60069 0.337195 0.69808 0.0754082 0.627134
0.631022 -0.551538 1.60128 0.337321 0.698219 0.074466 0.627024
0.631137 -0.551815 1.60188 0.337445 0.698358 0.0735236 0.626914
0.631253 -0.552091 1.60247 0.337567 0.698496 0.0725807 0.626804
0.631367 -0.552366 1.60307 0.337687 0.698634 0.0716376 0.626695
0.63148 -0.55264 1.60366 0.337806 0.698771 0.0706941 0.626585
0.631593 -0.552914 1.60426 0.337923 0.698907 0.0697503 0.626476
0.631705 -0.553187 1.60485 0.338038 0.699043 0.0688061 0.626367
0.631816 -0.553459 1.60545 0.338151 0.699178 0.0678616 0.626258
0.631927 -0.55373 1.60604 0.338262 0.699312 0.0669169 0.626149
0.632037 -0.554001 1.60664 0.338372 0.699447 0.0659718 0.626041
0.632145 -0.554271 1.60723 0.338479 0.69958 0.0650263 0.625932
0.632254 -0.55454 1.60783 0.338585 0.699713 0.0640806 0.625824
0.632361 -0.554808 1.60842 0.338689 0.699845 0.0631346 0.625716
0.632468 -0.555076 1.60902 0.338791 0.699977 0.0621883 0.625608
0.632574 -0.555343 1.60961 0.338891 0.700108 0.0612417 0.625501
0.632679 -0.555609 1.61021 0.338989 0.700239 0.0602948 0.625393
0.632783 -0.555874 1.6108 0.339086 0.700369 0.0593476 0.625286
0.632887 -0.556138 1.6114 0.33918 0.700498 0.0584001 0.625179
0.63299 -0.556402 1.61199 0.339273 0.700627 0.0574524 0.625072
0.633092 -0.556665 1.61259 0.339364 0.700756 0.0565044 0.624965
0.633193 -0.556927 1.61318 0.339453 0.700883 0.0555561 0.624858
0.633294 -0.557189 1.61378 0.33954 0.701011 0.0546075 0.624751
0.633394 -0.557449 1.61437 0.339626 0.701137 0.0536587 0.624645
0.633493 -0.557709 1.61497 0.339709 0.701263 0.0527097 0.624539
0.633592 -0.557968 1.61556 0.339791 0.701389 0.0517603 0.624433
0.63369 -0.558226 1.61616 0.339871 0.701514 0.0508108 0.624327
0.633787 -0.558483 1.61675 0.339949 0.701638 0.0498609 0.624221
0.633883 -0.55874 1.61734 0.340025 0.701762 0.0489109 0.624116
0.633978 -0.558996 1.61794 0.340099 0.701886 0.0479606 0.62401
0.634073 -0.559251 1.61853 0.340171 0.702008 0.04701 0.623905
0.634167 -0.559505 1.61912 0.340242 0.702131 0.0460593 0.6238
0.634261 -0.559759 1.61972 0.340311 0.702252 0.0451083 0.623695
0.634353 -0.560011 1.62031 0.340377 0.702373 0.044157 0.62359
0.634445 -0.560263 1.62091 0.340442 0.702494 0.0432056 0.623486
0.634537 -0.560514 1.6215 0.340506 0.702614 0.042254 0.623381
0.634627 -0.560765 1.62209 0.340567 0.702733 0.0413021 0.623277
0.634717 -0.561014 1.62268 0.340626 0.702852 0.04035 0.623173
0.634806 -0.561263 1.62328 0.340684 0.702971 0.0393978 0.623069
0.634894 -0.561511 1.62387 0.340739 0.703088 0.0384453 0.622965
0.634982 -0.561758 1.62446 0.340793 0.703206 0.0374926 0.622861
0.635069 -0.562004 1.62506 0.340845 0.703322 0.0365398 0.622758
0.635155 -0.562249 1.62565 0.340895 0.703439 0.0355867 0.622654
0.635241 -0.562494 1.62624 0.340943 0.703554 0.0346335 0.622551
0.635326 -0.562738 1.62683 0.34099 0.703669 0.0336801 0.622448
0.63541 -0.562981 1.62743 0.341034 0.703784 0.0327265 0.622345
0.635493 -0.563223 1.62802 0.341077 0.703898 0.0317728 0.622242
0.635576 -0.563464 1.62861 0.341118 0.704011 0.0308189 0.622139
0.635658 -0.563705 1.6292 0.341157 0.704124 0.0298648 0.622036
0.635739 -0.563945 1.62979 0.341194 0.704237 0.0289106 0.621934
0.63582 -0.564184 1.63039 0.341229 0.704349 0.0279562 0.621831
0.6359 -0.564422 1.63098 0.341262 0.70446 0.0270016 0.621729
0.635979 -0.564659 1.63157 0.341294 0.704571 0.0260469 0.621627
0.636058 -0.564896 1.63216 0.341323 0.704681 0.0250921 0.621525
0.636136 -0.565131 1.63275 0.341351 0.704791 0.0241371 0.621423
0.636213 -0.565366 1.63334 0.341377 0.7049 0.023182 0.621321
0.63629 -0.5656 1.63393 0.341401 0.705009 0.0222268 0.62122
0.636366 -0.565834 1.63452 0.341423 0.705117 0.0212714 0.621118
0.636441 -0.566066 1.63511 0.341443 0.705225 0.0203159 0.621017
0.636515 -0.566298 1.6357 0.341461 0.705332 0.0193603 0.620916
0.636589 -0.566528 1.63629 0.341478 0.705438 0.0184046 0.620815
0.636662 -0.566758 1.63688 0.341493 0.705544 0.0174488 0.620714
0.636735 -0.566987 1.63747 0.341505 0.70565 0.0164928 0.620613
0.636807 -0.567215 1.63806 0.341516 0.705755 0.0155368 0.620512
0.636878 -0.567443 1.63865 0.341525 0.70586 0.0145806 0.620411
0.636948 -0.567669 1.63924 0.341533 0.705964 0.0136244 0.620311
0.637018 -0.567895 1.63983 0.341538 0.706067 0.0126681 0.62021
0.637087 -0.56812 1.64042 0.341541 0.70617 0.0117116 0.62011
0.637156 -0.568344 1.64101 0.341543 0.706272 0.0107551 0.62001
0.637224 -0.568567 1.6416 0.341543 0.706374 0.00979855 0.61991
0.637291 -0.56879 1.64219 0.34154 0.706476 0.00884189 0.61981
0.637358 -0.569011 1.64278 0.341536 0.706577 0.00788515 0.61971
0.637424 -0.569232 1.64337 0.34153 0.706677 0.00692836 0.61961
0.637489 -0.569452 1.64395 0.341523 0.706777 0.00597149 0.61951
0.637553 -0.569671 1.64454 0.341513 0.706876 0.00501457 0.619411
0.637617 -0.569889 1.64513 0.341501 0.706975 0.00405759 0.619311
0.637681 -0.570106 1.64572 0.341488 0.707074 0.00310056 0.619212
0.637744 -0.570323 1.6463 0.341473 0.707171 0.00214348 0.619113
0.637806 -0.570539 1.64689 0.341456 0.707269 0.00118636 0.619013
0.637867 -0.570753 1.64748 0.341437 0.707366 0.000229198 0.618914
0.637928 -0.570967 1.64807 0.341416 0.707462 -0.000728001 0.618815
0.637988 -0.57118 1.64865 0.341393 0.707558 -0.00168523 0.618716
0.638048 -0.571393 1.64924 0.341368 0.707653 -0.00264249 0.618618
0.638106 -0.571604 1.64983 0.341342 0.707748 -0.00359977 0.618519
0.638165 -0.571815 1.65041 0.341313 0.707842 -0.00455708 0.61842
0.638222 -0.572024 1.651 0.341283 0.707936 -0.0055144 0.618322
0.638279 -0.572233 1.65158 0.341251 0.70803 -0.00647173 0.618223
0.638336 -0.572441 1.65217 0.341217 0.708122 -0.00742907 0.618125
0.638392 -0.572648 1.65276 0.341181 0.708215 -0.00838642 0.618027
0.638447 -0.572854 1.65334 0.341143 0.708307 -0.00934376 0.617928
0.638501 -0.57306 1.65393 0.341104 0.708398 -0.0103011 0.61783
0.638555 -0.573264 1.65451 0.341062 0.708489 -0.0112584 0.617732
0.638609 -0.573468 1.6551 0.341019 0.708579 -0.0122158 0.617634
0.638661 -0.573671 1.65568 0.340974 0.708669 -0.0131731 0.617536
0.638713 -0.573873 1.65626 0.340927 0.708759 -0.0141304 0.617439
0.638765 -0.574074 1.65685 0.340878 0.708848 -0.0150876 0.617341
0.638816 -0.574274 1.65743 0.340827 0.708936 -0.0160449 0.617243
0.638866 -0.574473 1.65802 0.340774 0.709024 -0.0170021 0.617146
0.638916 -0.574672 1.6586 0.34072 0.709112 -0.0179592 0.617048
0.638965 -0.574869 1.65918 0.340663 0.709199 -0.0189164 0.616951
0.639013 -0.575066 1.65977 0.340605 0.709285 -0.0198735 0.616853
0.639061 -0.575262 1.66035 0.340545 0.709371 -0.0208305 0.616756
0.639109 -0.575457 1.66093 0.340483 0.709457 -0.0217875 0.616659
0.639155 -0.575651 1.66151 0.340419 0.709542 -0.0227444 0.616562
0.639201 -0.575844 1.6621 0.340353 0.709627 -0.0237013 0.616464
0.639247 -0.576036 1.66268 0.340285 0.709711 -0.0246581 0.616367
0.639292 -0.576228 1.66326 0.340216 0.709794 -0.0256149 0.61627
0.639336 -0.576418 1.66384 0.340144 0.709878 -0.0265716 0.616173
0.63938 -0.576608 1.66442 0.340071 0.70996 -0.0275282 0.616077
0.639423 -0.576797 1.665 0.339996 0.710043 -0.0284847 0.61598
0.639466 -0.576985 1.66559 0.339919 0.710124 -0.0294411 0.615883
0.639508 -0.577172 1.66617 0.33984 0.710206 -0.0303975 0.615786
0.639549 -0.577358 1.66675 0.339759 0.710287 -0.0313538 0.61569
0.63959 -0.577543 1.66733 0.339676 0.710367 -0.0323099 0.615593
0.639631 -0.577728 1.66791 0.339592 0.710447 -0.033266 0.615496
0.639671 -0.577911 1.66849 0.339505 0.710526 -0.034222 0.6154
0.63971 -0.578094 1.66907 0.339417 0.710606 -0.0351779 0.615303
0.639748 -0.578276 1.66965 0.339327 0.710684 -0.0361336 0.615207
0.639787 -0.578457 1.67022 0.339235 0.710762 -0.0370893 0.615111
0.639824 -0.578637 1.6708 0.339141 0.71084 -0.0380448 0.615014
0.639861 -0.578816 1.67138 0.339045 0.710917 -0.0390002 0.614918
0.639897 -0.578994 1.67196 0.338948 0.710994 -0.0399555 0.614822
0.639933 -0.579171 1.67254 0.338848 0.71107 -0.0409106 0.614726
0.639969 -0.579348 1.67312 0.338747 0.711146 -0.0418656 0.614629
0.640003 -0.579523 1.67369 0.338644 0.711221 -0.0428205 0.614533
0.640038 -0.579698 1.67427 0.338539 0.711296 -0.0437752 0.614437
0.640071 -0.579871 1.67485 0.338432 0.711371 -0.0447298 0.614341
0.640105 -0.580044 1.67543 0.338323 0.711445 -0.0456843 0.614245
0.640137 -0.580216 1.676 0.338212 0.711518 -0.0466386 0.614149
0.640169 -0.580387 1.67658 0.3381 0.711591 -0.0475927 0.614053
0.640201 -0.580557 1.67715 0.337985 0.711664 -0.0485467 0.613957
0.640232 -0.580727 1.67773 0.337869 0.711736 -0.0495005 0.613861
0.640262 -0.580895 1.67831 0.337751 0.711808 -0.0504541 0.613765
0.640292 -0.581062 1.67888 0.337631 0.71188 -0.0514076 0.61367
0.640321 -0.581229 1.67946 0.337509 0.711951 -0.0523608 0.613574
0.64035 -0.581394 1.68003 0.337385 0.712021 -0.053314 0.613478
0.640379 -0.581559 1.68061 0.337259 0.712091 -0.0542669 0.613382
0.640407 -0.581723 1.68118 0.337132 0.712161 -0.0552196 0.613286
0.640434 -0.581886 1.68175 0.337003 0.71223 -0.0561721 0.61319
0.640461 -0.582048 1.68233 0.336871 0.712299 -0.0571245 0.613095
0.640487 -0.582209 1.6829 0.336738 0.712367 -0.0580766 0.612999
0.640513 -0.582369 1.68348 0.336603 0.712435 -0.0590286 0.612903
0.640538 -0.582528 1.68405 0.336467 0.712502 -0.0599803 0.612808
0.640563 -0.582687 1.68462 0.336328 0.712569 -0.0609318 0.612712
0.640587 -0.582844 1.68519 0.336187 0.712636 -0.0618831 0.612616
0.64061 -0.583001 1.68577 0.336045 0.712702 -0.0628342 0.61252
0.640634 -0.583156 1.68634 0.335901 0.712768 -0.0637851 0.612425
0.640656 -0.583311 1.68691 0.335755 0.712833 -0.0647357 0.612329
0.640679 -0.583465 1.68748 0.335607 0.712898 -0.0656861 0.612233
0.6407 -0.583617 1.68805 0.335457 0.712963 -0.0666363 0.612138
0.640721 -0.583769 1.68862 0.335305 0.713027 -0.0675862 0.612042
0.640742 -0.58392 1.68919 0.335152 0.71309 -0.0685359 0.611946
0.640762 -0.584071 1.68977 0.334996 0.713154 -0.0694853 0.611851
0.640782 -0.58422 1.69034 0.334839 0.713216 -0.0704345 0.611755
0.640801 -0.584368 1.69091 0.33468 0.713279 -0.0713835 0.611659
0.64082 -0.584515 1.69147 0.334519 0.713341 -0.0723321 0.611564
0.640838 -0.584662 1.69204 0.334356 0.713402 -0.0732806 0.611468
0.640856 -0.584807 1.69261 0.334192 0.713463 -0.0742287 0.611372
0.640873 -0.584952 1.69318 0.334025 0.713524 -0.0751766 0.611277
0.64089 -0.585095 1.69375 0.333857 0.713585 -0.0761242 0.611181
0.640907 -0.585238 1.69432 0.333687 0.713644 -0.0770715 0.611085
0.640922 -0.58538 1.69489 0.333514 0.713704 -0.0780185 0.610989
0.640938 -0.585521 1.69545 0.33334 0.713763 -0.0789653 0.610893
0.640953 -0.585661 1.69602 0.333165 0.713822 -0.0799118 0.610798
0.640967 -0.5858 1.69659 0.332987 0.71388 -0.0808579 0.610702
0.640981 -0.585938 1.69716 0.332808 0.713938 -0.0818038 0.610606
0.640995 -0.586075 1.69772 0.332626 0.713996 -0.0827494 0.61051
0.641008 -0.586211 1.69829 0.332443 0.714053 -0.0836947 0.610414
0.64102 -0.586346 1.69885 0.332258 0.714109 -0.0846396 0.610318
0.641033 -0.586481 1.69942 0.332071 0.714166 -0.0855843 0.610222
0.641044 -0.586614 1.69998 0.331882 0.714222 -0.0865286 0.610126
0.641055 -0.586746 1.70055 0.331692 0.714277 -0.0874726 0.61003
0.641066 -0.586878 1.70111 0.331499 0.714332 -0.0884163 0.609934
0.641077 -0.587009 1.70168 0.331305 0.714387 -0.0893597 0.609838
0.641086 -0.587138 1.70224 0.331109 0.714441 -0.0903027 0.609742
0.641096 -0.587267 1.70281 0.330911 0.714495 -0.0912454 0.609646
0.641105 -0.587395 1.70337 0.330711 0.714549 -0.0921877 0.60955
0.641113 -0.587522 1.70393 0.33051 0.714602 -0.0931297 0.609454
0.641121 -0.587647 1.7045 0.330306 0.714655 -0.0940714 0.609358
0.641129 -0.587772 1.70506 0.330101 0.714707 -0.0950127 0.609261
0.641136 -0.587896 1.70562 0.329894 0.714759 -0.0959537 0.609165
0.641143 -0.588019 1.70618 0.329685 0.714811 -0.0968943 0.609069
0.641149 -0.588142 1.70675 0.329474 0.714862 -0.0978345 0.608972
0.641155 -0.588263 1.70731 0.329261 0.714913 -0.0987744 0.608876
0.641161 -0.588383 1.70787 0.329047 0.714964 -0.0997139 0.608779
0.641166 -0.588502 1.70843 0.32883 0.715014 -0.100653 0.608683
0.64117 -0.588621 1.70899 0.328612 0.715064 -0.101592 0.608586
0.641175 -0.588738 1.70955 0.328392 0.715113 -0.10253 0.608489
0.641178 -0.588854 1.71011 0.32817 0.715162 -0.103468 0.608393
0.641182 -0.58897 1.71067 0.327947 0.715211 -0.104406 0.608296
0.641185 -0.589084 1.71123 0.327721 0.715259 -0.105343 0.608199
0.641187 -0.589198 1.71179 0.327494 0.715307 -0.10628 0.608102
0.641189 -0.589311 1.71235 0.327265 0.715354 -0.107216 0.608005
0.641191 -0.589422 1.71291 0.327034 0.715402 -0.108152 0.607908
0.641192 -0.589533 1.71346 0.326801 0.715448 -0.109088 0.607811
0.641193 -0.589643 1.71402 0.326566 0.715495 -0.110023 0.607714
0.641194 -0.589752 1.71458 0.32633 0.715541 -0.110958 0.607617
0.641194 -0.58986 1.71514 0.326091 0.715587 -0.111892 0.60752
0.641194 -0.589966 1.71569 0.325851 0.715632 -0.112826 0.607422
0.641193 -0.590072 1.71625 0.325609 0.715677 -0.113759 0.607325
0.641192 -0.590177 1.71681 0.325366 0.715722 -0.114692 0.607228
0.64119 -0.590281 1.71736 0.32512 0.715766 -0.115625 0.60713
0.641188 -0.590385 1.71792 0.324872 0.71581 -0.116557 0.607032
0.641186 -0.590487 1.71847 0.324623 0.715854 -0.117489 0.606935
0.641183 -0.590588 1.71903 0.324372 0.715897 -0.11842 0.606837
0.64118 -0.590688 1.71958 0.324119 0.71594 -0.119351 0.606739
0.641177 -0.590787 1.72014 0.323865 0.715982 -0.120281 0.606641
0.641173 -0.590886 1.72069 0.323608 0.716024 -0.121211 0.606543
0.641169 -0.590983 1.72125 0.32335 0.716066 -0.122141 0.606445
0.641164 -0.591079 1.7218 0.32309 0.716108 -0.12307 0.606347
0.641159 -0.591175 1.72235 0.322828 0.716149 -0.123998 0.606249
0.641154 -0.591269 1.72291 0.322564 0.71619 -0.124926 0.60615
0.641148 -0.591362 1.72346 0.322298 0.71623 -0.125854 0.606052
0.641142 -0.591455 1.72401 0.322031 0.71627 -0.126781 0.605953
0.641135 -0.591546 1.72456 0.321762 0.71631 -0.127708 0.605855
0.641128 -0.591637 1.72511 0.321491 0.71635 -0.128634 0.605756
0.641121 -0.591727 1.72567 0.321218 0.716389 -0.129559 0.605657
0.641113 -0.591815 1.72622 0.320943 0.716427 -0.130484 0.605558
0.641106 -0.591903 1.72677 0.320667 0.716466 -0.131409 0.605459
0.641097 -0.591989 1.72732 0.320388 0.716504 -0.132333 0.60536
0.641089 -0.592075 1.72787 0.320108 0.716542 -0.133257 0.605261
0.641079 -0.59216 1.72842 0.319826 0.716579 -0.13418 0.605162
0.64107 -0.592244 1.72897 0.319543 0.716616 -0.135103 0.605063
0.64106 -0.592326 1.72951 0.319257 0.716653 -0.136025 0.604963
0.64105 -0.592408 1.73006 0.31897 0.71669 -0.136946 0.604863
0.64104 -0.592489 1.73061 0.318681 0.716726 -0.137867 0.604764
0.641029 -0.592569 1.73116 0.31839 0.716762 -0.138788 0.604664
0.641018 -0.592648 1.73171 0.318098 0.716797 -0.139708 0.604564
0.641006 -0.592726 1.73226 0.317803 0.716832 -0.140627 0.604464
0.640994 -0.592803 1.7328 0.317507 0.716867 -0.141546 0.604364
0.640982 -0.592879 1.73335 0.317209 0.716902 -0.142464 0.604263
0.64097 -0.592954 1.7339 0.316909 0.716936 -0.143382 0.604163
0.640957 -0.593028 1.73444 0.316607 0.71697 -0.144299 0.604063
0.640944 -0.593101 1.73499 0.316304 0.717003 -0.145216 0.603962
0.64093 -0.593173 1.73553 0.315999 0.717037 -0.146132 0.603861
0.640916 -0.593244 1.73608 0.315692 0.71707 -0.147048 0.60376
0.640902 -0.593314 1.73662 0.315383 0.717102 -0.147963 0.603659
0.640888 -0.593383 1.73717 0.315073 0.717135 -0.148877 0.603558
0.640873 -0.593451 1.73771 0.31476 0.717167 -0.149791 0.603457
0.640858 -0.593518 1.73826 0.314446 0.717199 -0.150704 0.603356
0.640842 -0.593584 1.7388 0.31413 0.71723 -0.151617 0.603254
0.640826 -0.593649 1.73934 0.313813 0.717261 -0.152529 0.603153
0.64081 -0.593714 1.73988 0.313493 0.717292 -0.153441 0.603051
0.640794 -0.593777 1.74043 0.313172 0.717323 -0.154352 0.602949
0.640777 -0.593839 1.74097 0.312849 0.717353 -0.155262 0.602847
0.64076 -0.5939 1.74151 0.312524 0.717383 -0.156172 0.602745
0.640742 -0.59396 1.74205 0.312198 0.717412 -0.157081 0.602642
0.640725 -0.59402 1.74259 0.311869 0.717442 -0.157989 0.60254
0.640707 -0.594078 1.74313 0.311539 0.717471 -0.158897 0.602437
0.640688 -0.594135 1.74368 0.311207 0.717499 -0.159805 0.602335
0.64067 -0.594191 1.74422 0.310874 0.717528 -0.160711 0.602232
0.640651 -0.594247 1.74476 0.310538 0.717556 -0.161617 0.602129
0.640632 -0.594301 1.74529 0.310201 0.717584 -0.162523 0.602026
0.640612 -0.594354 1.74583 0.309862 0.717612 -0.163428 0.601922
0.640592 -0.594406 1.74637 0.309521 0.717639 -0.164332 0.601819
0.640572 -0.594458 1.74691 0.309179 0.717666 -0.165235 0.601715
0.640552 -0.594508 1.74745 0.308835 0.717693 -0.166138 0.601611
0.640531 -0.594557 1.74799 0.308489 0.717719 -0.16704 0.601508
0.64051 -0.594606 1.74852 0.308141 0.717745 -0.167942 0.601403
0.640489 -0.594653 1.74906 0.307792 0.717771 -0.168843 0.601299
0.640467 -0.594699 1.7496 0.30744 0.717797 -0.169743 0.601195
0.640445 -0.594745 1.75014 0.307087 0.717822 -0.170643 0.60109
0.640423 -0.594789 1.75067 0.306733 0.717847 -0.171542 0.600986
0.640401 -0.594832 1.75121 0.306376 0.717872 -0.17244 0.600881
0.640378 -0.594875 1.75174 0.306018 0.717897 -0.173338 0.600776
0.640355 -0.594916 1.75228 0.305658 0.717921 -0.174235 0.60067
0.640332 -0.594956 1.75281 0.305296 0.717945 -0.175131 0.600565
0.640309 -0.594996 1.75335 0.304933 0.717969 -0.176027 0.600459
0.640285 -0.595034 1.75388 0.304568 0.717992 -0.176922 0.600354
0.640261 -0.595071 1.75442 0.304201 0.718015 -0.177816 0.600248
0.640236 -0.595108 1.75495 0.303832 0.718038 -0.17871 0.600142
0.640212 -0.595143 1.75548 0.303462 0.718061 -0.179602 0.600036
0.640187 -0.595177 1.75602 0.303089 0.718083 -0.180495 0.599929
0.640162 -0.595211 1.75655 0.302716 0.718105 -0.181386 0.599823
0.640136 -0.595243 1.75708 0.30234 0.718127 -0.182277 0.599716
0.640111 -0.595274 1.75761 0.301963 0.718149 -0.183167 0.599609
0.640085 -0.595304 1.75814 0.301583 0.71817 -0.184056 0.599502
0.640059 -0.595334 1.75868 0.301203 0.718191 -0.184945 0.599394
0.640032 -0.595362 1.75921 0.30082 0.718212 -0.185833 0.599287
0.640005 -0.595389 1.75974 0.300436 0.718233 -0.18672 0.599179
0.639979 -0.595416 1.76027 0.30005 0.718253 -0.187606 0.599071
0.639951 -0.595441 1.7608 0.299662 0.718273 -0.188492 0.598963
0.639924 -0.595465 1.76133 0.299273 0.718293 -0.189377 0.598855
0.639896 -0.595488 1.76186 0.298881 0.718313 -0.190261 0.598747
0.639868 -0.595511 1.76238 0.298489 0.718332 -0.191145 0.598638
0.63984 -0.595532 1.76291 0.298094 0.718351 -0.192027 0.598529
0.639812 -0.595552 1.76344 0.297698 0.71837 -0.192909 0.59842
0.639783 -0.595571 1.76397 0.2973 0.718389 -0.193791 0.598311
0.639754 -0.595589 1.7645 0.2969 0.718407 -0.194671 0.598201
0.639725 -0.595607 1.76502 0.296499 0.718425 -0.195551 0.598092
0.639696 -0.595623 1.76555 0.296095 0.718443 -0.19643 0.597982
0.639666 -0.595638 1.76608 0.29569 0.718461 -0.197308 0.597872
0.639636 -0.595652 1.7666 0.295284 0.718478 -0.198186 0.597761
0.639606 -0.595665 1.76713 0.294876 0.718496 -0.199062 0.597651
0.639576 -0.595677 1.76766 0.294466 0.718512 -0.199938 0.59754
0.639545 -0.595689 1.76818 0.294054 0.718529 -0.200813 0.597429
0.639515 -0.595699 1.76871 0.293641 0.718546 -0.201688 0.597318
0.639484 -0.595708 1.76923 0.293226 0.718562 -0.202561 0.597207
0.639452 -0.595716 1.76976 0.292809 0.718578 -0.203434 0.597096
0.639421 -0.595723 1.77028 0.29239 0.718594 -0.204306 0.596984
0.639389 -0.595729 1.7708 0.29197 0.71861 -0.205177 0.596872
0.639358 -0.595734 1.77133 0.291548 0.718625 -0.206047 0.59676
0.639325 -0.595738 1.77185 0.291125 0.71864 -0.206917 0.596647
0.639293 -0.595741 1.77237 0.2907 0.718655 -0.207786 0.596535
0.639261 -0.595743 1.77289 0.290273 0.71867 -0.208654 0.596422
0.639228 -0.595744 1.77342 0.289844 0.718684 -0.209521 0.596309
0.639195 -0.595744 1.77394 0.289414 0.718699 -0.210387 0.596195
0.639162 -0.595742 1.77446 0.288982 0.718713 -0.211253 0.596082
0.639128 -0.59574 1.77498 0.288548 0.718727 -0.212117 0.595968
0.639095 -0.595737 1.7755 0.288113 0.71874 -0.212981 0.595854
0.639061 -0.595733 1.77602 0.287676 0.718754 -0.213844 0.59574
0.639027 -0.595728 1.77654 0.287238 0.718767 -0.214706 0.595626
0.638993 -0.595722 1.77706 0.286797 0.71878 -0.215568 0.595511
0.638959 -0.595714 1.77758 0.286355 0.718793 -0.216428 0.595396
0.638924 -0.595706 1.7781 0.285912 0.718806 -0.217288 0.595281
0.638889 -0.595697 1.77862 0.285466 0.718818 -0.218146 0.595165
0.638854 -0.595686 1.77914 0.285019 0.71883 -0.219004 0.59505
0.638819 -0.595675 1.77966 0.284571 0.718842 -0.219861 0.594934
0.638784 -0.595663 1.78017 0.284121 0.718854 -0.220718 0.594818
0.638748 -0.595649 1.78069 0.283669 0.718866 -0.221573 0.594701
0.638713 -0.595635 1.78121 0.283215 0.718877 -0.222427 0.594585
0.638677 -0.595619 1.78172 0.28276 0.718888 -0.223281 0.594468
0.638641 -0.595603 1.78224 0.282303 0.718899 -0.224134 0.594351
0.638604 -0.595585 1.78276 0.281844 0.71891 -0.224986 0.594233
0.638568 -0.595567 1.78327 0.281384 0.718921 -0.225837 0.594116
0.638531 -0.595547 1.78379 0.280922 0.718931 -0.226687 0.593998
0.638494 -0.595527 1.7843 0.280459 0.718942 -0.227536 0.59388
0.638457 -0.595505 1.78482 0.279994 0.718952 -0.228384 0.593761
0.63842 -0.595482 1.78533 0.279527 0.718962 -0.229232 0.593643
0.638383 -0.595459 1.78585 0.279059 0.718971 -0.230078 0.593524
0.638345 -0.595434 1.78636 0.278589 0.718981 -0.230924 0.593405
0.638308 -0.595408 1.78688 0.278117 0.71899 -0.231769 0.593285
0.63827 -0.595382 1.78739 0.277644 0.718999 -0.232612 0.593166
0.638232 -0.595354 1.7879 0.277169 0.719008 -0.233455 0.593046
0.638193 -0.595325 1.78841 0.276692 0.719017 -0.234297 0.592925
0.638155 -0.595295 1.78893 0.276214 0.719026 -0.235138 0.592805
0.638116 -0.595264 1.78944 0.275734 0.719034 -0.235978 0.592684
0.638078 -0.595232 1.78995 0.275253 0.719043 -0.236818 0.592563
0.638039 -0.595199 1.79046 0.27477 0.719051 -0.237656 0.592442
0.638 -0.595165 1.79097 0.274285 0.719059 -0.238493 0.59232
0.637961 -0.59513 1.79148 0.273799 0.719067 -0.23933 0.592198
0.637921 -0.595094 1.79199 0.273311 0.719074 -0.240165 0.592076
0.637882 -0.595057 1.79251 0.272821 0.719082 -0.241 0.591954
0.637842 -0.595019 1.79301 0.27233 0.719089 -0.241833 0.591831
0.637802 -0.59498 1.79352 0.271838 0.719096 -0.242666 0.591708
0.637762 -0.594939 1.79403 0.271343 0.719103 -0.243498 0.591585
0.637722 -0.594898 1.79454 0.270847 0.71911 -0.244328 0.591461
0.637682 -0.594856 1.79505 0.27035 0.719116 -0.245158 0.591337
0.637641 -0.594812 1.79556 0.269851 0.719123 -0.245987 0.591213
0.6376 -0.594768 1.79607 0.26935 0.719129 -0.246815 0.591089
0.63756 -0.594723 1.79658 0.268848 0.719135 -0.247642 0.590964
0.637519 -0.594676 1.79708 0.268344 0.719141 -0.248468 0.590839
0.637478 -0.594629 1.79759 0.267838 0.719147 -0.249293 0.590714
0.637436 -0.59458 1.7981 0.267331 0.719153 -0.250117 0.590588
0.637395 -0.59453 1.7986 0.266823 0.719159 -0.25094 0.590462
0.637354 -0.59448 1.79911 0.266312 0.719164 -0.251762 0.590336
0.637312 -0.594428 1.79962 0.2658 0.719169 -0.252583 0.59021
0.63727 -0.594375 1.80012 0.265287 0.719174 -0.253403 0.590083
0.637228 -0.594322 1.80063 0.264772 0.719179 -0.254222 0.589956
0.637186 -0.594267 1.80113 0.264256 0.719184 -0.25504 0.589829
0.637144 -0.594211 1.80164 0.263737 0.719189 -0.255857 0.589701
0.637102 -0.594154 1.80214 0.263218 0.719193 -0.256673 0.589573
0.637059 -0.594096 1.80264 0.262696 0.719198 -0.257488 0.589445
0.637016 -0.594037 1.80315 0.262174 0.719202 -0.258302 0.589316
0.636974 -0.593977 1.80365 0.261649 0.719206 -0.259115 0.589187
0.636931 -0.593916 1.80416 0.261123 0.71921 -0.259927 0.589058
0.636888 -0.593854 1.80466 0.260596 0.719214 -0.260738 0.588928
0.636845 -0.593791 1.80516 0.260067 0.719218 -0.261548 0.588799
0.636801 -0.593727 1.80566 0.259536 0.719222 -0.262357 0.588668
0.636758 -0.593662 1.80616 0.259004 0.719225 -0.263165 0.588538
0.636715 -0.593595 1.80667 0.25847 0.719228 -0.263971 0.588407
0.636671 -0.593528 1.80717 0.257935 0.719232 -0.264777 0.588276
0.636627 -0.59346 1.80767 0.257398 0.719235 -0.265582 0.588145
0.636583 -0.59339 1.80817 0.256859 0.719238 -0.266386 0.588013
0.636539 -0.59332 1.80867 0.25632 0.719241 -0.267188 0.587881
0.636495 -0.593248 1.80917 0.255778 0.719243 -0.26799 0.587748
0.636451 -0.593176 1.80967 0.255235 0.719246 -0.268791 0.587615
0.636407 -0.593102 1.81017 0.254691 0.719248 -0.26959 0.587482
0.636362 -0.593027 1.81067 0.254145 0.719251 -0.270389 0.587349
0.636317 -0.592952 1.81117 0.253597 0.719253 -0.271186 0.587215
0.636273 -0.592875 1.81167 0.253048 0.719255 -0.271982 0.587081
0.636228 -0.592797 1.81217 0.252497 0.719257 -0.272778 0.586947
0.636183 -0.592718 1.81266 0.251945 0.719259 -0.273572 0.586812
0.636138 -0.592638 1.81316 0.251391 0.719261 -0.274365 0.586677
0.636093 -0.592557 1.81366 0.250836 0.719263 -0.275157 0.586542
0.636048 -0.592475 1.81416 0.250279 0.719264 -0.275948 0.586406
0.636002 -0.592392 1.81465 0.249721 0.719266 -0.276738 0.58627
0.635957 -0.592308 1.81515 0.249161 0.719267 -0.277527 0.586133
0.635911 -0.592223 1.81565 0.2486 0.719268 -0.278314 0.585997
0.635865 -0.592137 1.81614 0.248037 0.71927 -0.279101 0.585859
0.63582 -0.592049 1.81664 0.247473 0.719271 -0.279887 0.585722
0.635774 -0.591961 1.81714 0.246907 0.719272 -0.280671 0.585584
0.635728 -0.591872 1.81763 0.24634 0.719273 -0.281454 0.585446
0.635682 -0.591781 1.81813 0.245771 0.719273 -0.282236 0.585307
0.635635 -0.59169 1.81862 0.245201 0.719274 -0.283018 0.585169
0.635589 -0.591597 1.81912 0.244629 0.719275 -0.283798 0.585029
0.635543 -0.591504 1.81961 0.244056 0.719275 -0.284576 0.58489
0.635496 -0.591409 1.8201 0.243481 0.719276 -0.285354 0.58475
0.635449 -0.591313 1.8206 0.242905 0.719276 -0.286131 0.58461
0.635403 -0.591217 1.82109 0.242328 0.719276 -0.286906 0.584469
0.635356 -0.591119 1.82159 0.241748 0.719276 -0.287681 0.584328
0.635309 -0.59102 1.82208 0.241168 0.719276 -0.288454 0.584187
0.635262 -0.59092 1.82257 0.240586 0.719276 -0.289226 0.584045
0.635215 -0.590819 1.82306 0.240002 0.719276 -0.289997 0.583903
0.635168 -0.590717 1.82356 0.239417 0.719276 -0.290767 0.58376
0.63512 -0.590614 1.82405 0.238831 0.719276 -0.291536 0.583617
0.635073 -0.59051 1.82454 0.238243 0.719275 -0.292303 0.583474
0.635026 -0.590404 1.82503 0.237653 0.719275 -0.29307 0.583331
0.634978 -0.590298 1.82552 0.237062 0.719274 -0.293835 0.583187
0.63493 -0.590191 1.82601 0.23647 0.719274 -0.294599 0.583042
0.634883 -0.590082 1.8265 0.235876 0.719273 -0.295362 0.582898
0.634835 -0.589973 1.82699 0.235281 0.719273 -0.296124 0.582753
0.634787 -0.589863 1.82748 0.234684 0.719272 -0.296884 0.582607
0.634739 -0.589751 1.82797 0.234086 0.719271 -0.297644 0.582461
0.634691 -0.589638 1.82846 0.233486 0.71927 -0.298402 0.582315
0.634643 -0.589525 1.82895 0.232885 0.719269 -0.299159 0.582169
0.634595 -0.58941 1.82944 0.232283 0.719268 -0.299915 0.582022
0.634546 -0.589294 1.82993 0.231679 0.719267 -0.30067 0.581874
0.634498 -0.589177 1.83042 0.231074 0.719266 -0.301423 0.581727
0.634449 -0.589059 1.83091 0.230467 0.719264 -0.302176 0.581579
0.634401 -0.58894 1.8314 0.229859 0.719263 -0.302927 0.58143
0.634352 -0.58882 1.83188 0.229249 0.719262 -0.303677 0.581281
0.634304 -0.588699 1.83237 0.228638 0.71926 -0.304426 0.581132
0.634255 -0.588577 1.83286 0.228026 0.719259 -0.305173 0.580982
0.634206 -0.588454 1.83335 0.227412 0.719257 -0.30592 0.580832
0.634157 -0.58833 1.83383 0.226797 0.719256 -0.306665 0.580682
0.634108 -0.588204 1.83432 0.22618 0.719254 -0.307409 0.580531
0.634059 -0.588078 1.83481 0.225562 0.719252 -0.308152 0.58038
0.63401 -0.58795 1.83529 0.224942 0.719251 -0.308893 0.580228
0.63396 -0.587822 1.83578 0.224321 0.719249 -0.309634 0.580076
0.633911 -0.587692 1.83626 0.223699 0.719247 -0.310373 0.579924
0.633862 -0.587561 1.83675 0.223075 0.719245 -0.311111 0.579771
0.633812 -0.58743 1.83723 0.22245 0.719243 -0.311847 0.579617
0.633763 -0.587297 1.83772 0.221824 0.719241 -0.312583 0.579464
0.633713 -0.587163 1.8382 0.221196 0.719239 -0.313317 0.57931
0.633663 -0.587028 1.83869 0.220567 0.719237 -0.31405 0.579155
0.633614 -0.586892 1.83917 0.219936 0.719235 -0.314782 0.579
0.633564 -0.586755 1.83966 0.219304 0.719233 -0.315513 0.578845
0.633514 -0.586617 1.84014 0.21867 0.719231 -0.316242 0.578689
0.633464 -0.586478 1.84062 0.218036 0.719229 -0.31697 0.578533
0.633414 -0.586338 1.84111 0.217399 0.719226 -0.317697 0.578377
0.633364 -0.586196 1.84159 0.216762 0.719224 -0.318422 0.57822
0.633314 -0.586054 1.84207 0.216123 0.719222 -0.319147 0.578063
0.633263 -0.585911 1.84255 0.215483 0.719219 -0.31987 0.577905
0.633213 -0.585766 1.84304 0.214841 0.719217 -0.320592 0.577747
0.633163 -0.585621 1.84352 0.214198 0.719215 -0.321312 0.577588
0.633112 -0.585474 1.844 0.213554 0.719212 -0.322031 0.577429
0.633062 -0.585326 1.84448 0.212908 0.71921 -0.322749 0.57727
0.633011 -0.585177 1.84496 0.212261 0.719207 -0.323466 0.57711
0.632961 -0.585028 1.84545 0.211613 0.719205 -0.324182 0.576949
0.63291 -0.584877 1.84593 0.210963 0.719202 -0.324896 0.576789
0.632859 -0.584725 1.84641 0.210312 0.7192 -0.325609 0.576628
0.632809 -0.584572 1.84689 0.209659 0.719197 -0.32632 0.576466
0.632758 -0.584418 1.84737 0.209006 0.719195 -0.327031 0.576304
0.632707 -0.584262 1.84785 0.208351 0.719192 -0.32774 0.576142
0.632656 -0.584106 1.84833 0.207694 0.71919 -0.328448 0.575979
0.632605 -0.583949 1.84881 0.207036 0.719187 -0.329154 0.575815
0.632554 -0.583791 1.84929 0.206377 0.719185 -0.329859 0.575652
0.632502 -0.583631 1.84977 0.205717 0.719182 -0.330563 0.575488
0.632451 -0.583471 1.85025 0.205055 0.719179 -0.331266 0.575323
0.6324 -0.583309 1.85073 0.204392 0.719177 -0.331967 0.575158
0.632349 -0.583146 1.8512 0.203728 0.719174 -0.332667 0.574992
0.632297 -0.582983 1.85168 0.203062 0.719171 -0.333366 0.574826
0.632246 -0.582818 1.85216 0.202395 0.719169 -0.334063 0.57466
0.632194 -0.582652 1.85264 0.201727 0.719166 -0.334759 0.574493
0.632143 -0.582485 1.85312 0.201058 0.719164 -0.335454 0.574326
0.632091 -0.582317 1.85359 0.200387 0.719161 -0.336147 0.574158
0.632039 -0.582148 1.85407 0.199715 0.719158 -0.336839 0.57399
0.631988 -0.581978 1.85455 0.199041 0.719156 -0.33753 0.573822
0.631936 -0.581807 1.85503 0.198366 0.719153 -0.33822 0.573652
0.631884 -0.581635 1.8555 0.19769 0.71915 -0.338908 0.573483
0.631832 -0.581461 1.85598 0.197013 0.719148 -0.339594 0.573313
0.63178 -0.581287 1.85646 0.196334 0.719145 -0.34028 0.573143
0.631728 -0.581112 1.85693 0.195655 0.719143 -0.340964 0.572972
0.631676 -0.580935 1.85741 0.194974 0.71914 -0.341647 0.5728
0.631624 -0.580757 1.85789 0.194291 0.719138 -0.342328 0.572629
0.631572 -0.580579 1.85836 0.193607 0.719135 -0.343008 0.572456
0.631519 -0.580399 1.85884 0.192923 0.719132 -0.343687 0.572284
0.631467 -0.580218 1.85931 0.192236 0.71913 -0.344364 0.572111
0.631415 -0.580036 1.85979 0.191549 0.719127 -0.34504 0.571937
0.631362 -0.579853 1.86026 0.19086 0.719125 -0.345715 0.571763
0.63131 -0.579669 1.86074 0.19017 0.719123 -0.346388 0.571588
0.631257 -0.579484 1.86121 0.189479 0.71912 -0.34706 0.571413
0.631205 -0.579298 1.86169 0.188787 0.719118 -0.347731 0.571238
0.631152 -0.579111 1.86216 0.188093 0.719115 -0.3484 0.571062
0.6311 -0.578923 1.86263 0.187398 0.719113 -0.349068 0.570885
0.631047 -0.578733 1.86311 0.186702 0.719111 -0.349734 0.570709
0.630994 -0.578543 1.86358 0.186004 0.719108 -0.350399 0.570531
0.630941 -0.578351 1.86406 0.185306 0.719106 -0.351063 0.570353
0.630888 -0.578159 1.86453 0.184606 0.719104 -0.351726 0.570175
0.630835 -0.577965 1.865 0.183905 0.719102 -0.352386 0.569996
0.630782 -0.57777 1.86548 0.183202 0.719099 -0.353046 0.569817
0.630729 -0.577574 1.86595 0.182499 0.719097 -0.353704 0.569637
0.630676 -0.577378 1.86642 0.181794 0.719095 -0.354361 0.569457
0.630623 -0.57718 1.86689 0.181088 0.719093 -0.355016 0.569276
0.63057 -0.576981 1.86737 0.180381 0.719091 -0.35567 0.569095
0.630517 -0.576781 1.86784 0.179673 0.719089 -0.356323 0.568914
0.630463 -0.576579 1.86831 0.178963 0.719087 -0.356974 0.568731
0.63041 -0.576377 1.86878 0.178252 0.719085 -0.357624 0.568549
0.630357 -0.576174 1.86925 0.17754 0.719083 -0.358272 0.568366
0.630303 -0.575969 1.86973 0.176827 0.719081 -0.358919 0.568182
0.63025 -0.575764 1.8702 0.176113 0.71908 -0.359565 0.567998
0.630196 -0.575558 1.87067 0.175397 0.719078 -0.360209 0.567814
0.630143 -0.57535 1.87114 0.17468 0.719076 -0.360852 0.567628
0.630089 -0.575141 1.87161 0.173962 0.719075 -0.361493 0.567443
0.630035 -0.574932 1.87208 0.173243 0.719073 -0.362133 0.567257
0.629981 -0.574721 1.87255 0.172523 0.719072 -0.362772 0.56707
0.629928 -0.574509 1.87302 0.171802 0.71907 -0.363409 0.566883
0.629874 -0.574296 1.87349 0.171079 0.719069 -0.364044 0.566696
0.62982 -0.574082 1.87396 0.170355 0.719067 -0.364678 0.566508
0.629766 -0.573867 1.87443 0.16963 0.719066 -0.365311 0.566319
0.629712 -0.573651 1.8749 0.168904 0.719065 -0.365942 0.56613
0.629658 -0.573433 1.87537 0.168177 0.719064 -0.366572 0.565941
0.629603 -0.573215 1.87584 0.167449 0.719062 -0.367201 0.565751
0.629549 -0.572996 1.87631 0.166719 0.719061 -0.367828 0.56556
0.629495 -0.572775 1.87678 0.165988 0.71906 -0.368453 0.565369
0.629441 -0.572554 1.87725 0.165256 0.719059 -0.369077 0.565178
0.629386 -0.572331 1.87772 0.164523 0.719059 -0.3697 0.564986
0.629332 -0.572108 1.87819 0.163789 0.719058 -0.370321 0.564793
0.629277 -0.571883 1.87866 0.163054 0.719057 -0.370941 0.5646
0.629223 -0.571657 1.87913 0.162318 0.719056 -0.371559 0.564406
0.629168 -0.57143 1.87959 0.16158 0.719056 -0.372176 0.564212
0.629114 -0.571202 1.88006 0.160842 0.719055 -0.372791 0.564018
0.629059 -0.570973 1.88053 0.160102 0.719055 -0.373405 0.563823
0.629004 -0.570743 1.881 0.159361 0.719055 -0.374018 0.563627
0.628949 -0.570512 1.88147 0.158619 0.719054 -0.374629 0.563431
0.628895 -0.57028 1.88194 0.157876 0.719054 -0.375238 0.563234
0.62884 -0.570046 1.8824 0.157132 0.719054 -0.375846 0.563037
0.628785 -0.569812 1.88287 0.156387 0.719054 -0.376453 0.562839
0.62873 -0.569576 1.88334 0.15564 0.719054 -0.377058 0.562641
0.628675 -0.56934 1.88381 0.154893 0.719054 -0.377661 0.562442
0.628619 -0.569102 1.88427 0.154144 0.719054 -0.378263 0.562243
0.628564 -0.568864 1.88474 0.153394 0.719054 -0.378864 0.562043
0.628509 -0.568624 1.88521 0.152644 0.719055 -0.379463 0.561843
0.628454 -0.568383 1.88568 0.151892 0.719055 -0.380061 0.561642
0.628398 -0.568141 1.88614 0.151139 0.719056 -0.380657 0.561441
0.628343 -0.567898 1.88661 0.150385 0.719056 -0.381252 0.561239
0.628287 -0.567654 1.88708 0.14963 0.719057 -0.381845 0.561037
0.628232 -0.567409 1.88754 0.148874 0.719058 -0.382436 0.560834
0.628176 -0.567163 1.88801 0.148117 0.719059 -0.383026 0.56063
0.62812 -0.566916 1.88847 0.147358 0.71906 -0.383615 0.560426
0.628065 -0.566667 1.88894 0.146599 0.719061 -0.384202 0.560222
0.628009 -0.566418 1.88941 0.145839 0.719062 -0.384788 0.560017
0.627953 -0.566168 1.88987 0.145077 0.719064 -0.385372 0.559811
0.627897 -0.565916 1.89034 0.144315 0.719065 -0.385954 0.559605
0.627841 -0.565664 1.8908 0.143551 0.719066 -0.386536 0.559399
0.627785 -0.56541 1.89127 0.142787 0.719068 -0.387115 0.559191
0.627729 -0.565155 1.89174 0.142021 0.71907 -0.387693 0.558984
0.627673 -0.564899 1.8922 0.141255 0.719072 -0.38827 0.558775
0.627617 -0.564642 1.89267 0.140487 0.719073 -0.388845 0.558567
0.62756 -0.564385 1.89313 0.139718 0.719075 -0.389418 0.558357
0.627504 -0.564126 1.8936 0.138949 0.719078 -0.38999 0.558147
0.627447 -0.563865 1.89406 0.138178 0.71908 -0.39056 0.557937
0.627391 -0.563604 1.89453 0.137406 0.719082 -0.391129 0.557726
0.627334 -0.563342 1.89499 0.136633 0.719085 -0.391696 0.557515
0.627278 -0.563079 1.89546 0.13586 0.719087 -0.392262 0.557302
0.627221 -0.562814 1.89592 0.135085 0.71909 -0.392826 0.55709
0.627164 -0.562549 1.89639 0.134309 0.719093 -0.393389 0.556877
0.627107 -0.562282 1.89685 0.133532 0.719096 -0.39395 0.556663
0.62705 -0.562015 1.89732 0.132755 0.719099 -0.39451 0.556449
0.626993 -0.561746 1.89778 0.131976 0.719102 -0.395068 0.556234
0.626936 -0.561477 1.89824 0.131196 0.719105 -0.395624 0.556019
0.626879 -0.561206 1.89871 0.130415 0.719108 -0.396179 0.555803
0.626822 -0.560934 1.89917 0.129634 0.719112 -0.396733 0.555586
0.626764 -0.560661 1.89964 0.128851 0.719116 -0.397285 0.555369
0.626707 -0.560387 1.9001 0.128067 0.719119 -0.397835 0.555152
0.62665 -0.560112 1.90057 0.127283 0.719123 -0.398384 0.554934
0.626592 -0.559836 1.90103 0.126497 0.719127 -0.398931 0.554715
0.626535 -0.559559 1.90149 0.12571 0.719131 -0.399476 0.554496
0.626477 -0.55928 1.90196 0.124923 0.719136 -0.40002 0.554276
0.626419 -0.559001 1.90242 0.124134 0.71914 -0.400563 0.554056
0.626361 -0.558721 1.90288 0.123345 0.719145 -0.401104 0.553835
0.626303 -0.558439 1.90335 0.122555 0.719149 -0.401643 0.553613
0.626245 -0.558157 1.90381 0.121763 0.719154 -0.402181 0.553391
0.626187 -0.557873 1.90428 0.120971 0.719159 -0.402717 0.553169
0.626129 -0.557588 1.90474 0.120178 0.719164 -0.403251 0.552945
0.626071 -0.557303 1.9052 0.119384 0.719169 -0.403784 0.552722
0.626013 -0.557016 1.90567 0.118588 0.719175 -0.404316 0.552497
0.625954 -0.556728 1.90613 0.117792 0.71918 -0.404845 0.552272
0.625896 -0.556439 1.90659 0.116995 0.719186 -0.405374 0.552047
0.625837 -0.556149 1.90706 0.116198 0.719192 -0.4059 0.551821
0.625778 -0.555858 1.90752 0.115399 0.719198 -0.406425 0.551594
0.62572 -0.555566 1.90798 0.114599 0.719204 -0.406949 0.551367
0.625661 -0.555273 1.90844 0.113799 0.71921 -0.40747 0.55114
0.625602 -0.554979 1.90891 0.112997 0.719216 -0.407991 0.550911
0.625543 -0.554683 1.90937 0.112195 0.719223 -0.408509 0.550682
0.625484 -0.554387 1.90983 0.111391 0.719229 -0.409026 0.550453
0.625425 -0.554089 1.9103 0.110587 0.719236 -0.409542 0.550223
0.625365 -0.553791 1.91076 0.109782 0.719243 -0.410055 0.549992
0.625306 -0.553491 1.91122 0.108976 0.71925 -0.410568 0.549761
0.625246 -0.553191 1.91168 0.108169 0.719258 -0.411078 0.549529
0.625187 -0.552889 1.91215 0.107361 0.719265 -0.411587 0.549297
0.625127 -0.552586 1.91261 0.106553 0.719273 -0.412095 0.549064
0.625067 -0.552282 1.91307 0.105743 0.71928 -0.4126 0.548831
0.625008 -0.551978 1.91353 0.104933 0.719288 -0.413104 0.548597
0.624948 -0.551672 1.914 0.104122 0.719296 -0.413607 0.548362
0.624888 -0.551365 1.91446 0.10331 0.719304 -0.414108 0.548127
0.624827 -0.551057 1.91492 0.102497 0.719313 -0.414607 0.547891
0.624767 -0.550747 1.91538 0.101683 0.719321 -0.415105 0.547654
0.624707 -0.550437 1.91585 0.100868 0.71933 -0.415601 0.547418
0.624646 -0.550126 1.91631 0.100053 0.719339 -0.416095 0.54718
0.624586 -0.549814 1.91677 0.0992363 0.719348 -0.416588 0.546942
0.624525 -0.5495 1.91723 0.0984191 0.719357 -0.417079 0.546703
0.624464 -0.549186 1.9177 0.0976011 0.719367 -0.417568 0.546464
0.624403 -0.54887 1.91816 0.0967822 0.719376 -0.418056 0.546224
0.624342 -0.548554 1.91862 0.0959625 0.719386 -0.418542 0.545983
0.624281 -0.548236 1.91908 0.095142 0.719396 -0.419027 0.545742
0.62422 -0.547917 1.91954 0.0943206 0.719406 -0.41951 0.5455
0.624159 -0.547598 1.92001 0.0934985 0.719416 -0.419991 0.545258
0.624097 -0.547277 1.92047 0.0926755 0.719426 -0.420471 0.545015
0.624036 -0.546955 1.92093 0.0918517 0.719437 -0.420948 0.544772
0.623974 -0.546632 1.92139 0.0910271 0.719448 -0.421425 0.544528
0.623912 -0.546308 1.92186 0.0902017 0.719459 -0.421899 0.544283
0.62385 -0.545983 1.92232 0.0893755 0.71947 -0.422372 0.544038
0.623788 -0.545657 1.92278 0.0885486 0.719481 -0.422844 0.543792
0.623726 -0.54533 1.92324 0.0877208 0.719492 -0.423313 0.543545
0.623664 -0.545002 1.9237 0.0868922 0.719504 -0.423781 0.543298
0.623602 -0.544672 1.92417 0.0860629 0.719516 -0.424248 0.543051
0.623539 -0.544342 1.92463 0.0852327 0.719528 -0.424712 0.542802
0.623476 -0.544011 1.92509 0.0844018 0.71954 -0.425175 0.542553
0.623414 -0.543678 1.92555 0.0835702 0.719553 -0.425637 0.542304
0.623351 -0.543345 1.92601 0.0827377 0.719565 -0.426096 0.542054
0.623288 -0.54301 1.92648 0.0819045 0.719578 -0.426554 0.541803
0.623225 -0.542675 1.92694 0.0810705 0.719591 -0.427011 0.541552
0.623161 -0.542338 1.9274 0.0802358 0.719604 -0.427465 0.5413
0.623098 -0.542 1.92786 0.0794003 0.719617 -0.427918 0.541047
0.623034 -0.541662 1.92832 0.0785641 0.719631 -0.42837 0.540794
0.622971 -0.541322 1.92879 0.0777271 0.719645 -0.428819 0.540541
0.622907 -0.540981 1.92925 0.0768894 0.719659 -0.429267 0.540286
0.622843 -0.540639 1.92971 0.076051 0.719673 -0.429714 0.540031
0.622779 -0.540296 1.93017 0.0752118 0.719687 -0.430158 0.539776
0.622715 -0.539952 1.93064 0.0743718 0.719702 -0.430601 0.53952
0.62265 -0.539607 1.9311 0.0735312 0.719716 -0.431042 0.539263
0.622586 -0.539261 1.93156 0.0726898 0.719731 -0.431482 0.539005
0.622521 -0.538914 1.93202 0.0718477 0.719746 -0.43192 0.538747
0.622457 -0.538565 1.93248 0.0710049 0.719762 -0.432356 0.538489
0.622392 -0.538216 1.93295 0.0701614 0.719777 -0.43279 0.538229
0.622327 -0.537866 1.93341 0.0693172 0.719793 -0.433223 0.53797
0.622261 -0.537515 1.93387 0.0684723 0.719809 -0.433654 0.537709
0.622196 -0.537162 1.93433 0.0676267 0.719825 -0.434083 0.537448
0.622131 -0.536809 1.9348 0.0667804 0.719841 -0.434511 0.537186
0.622065 -0.536454 1.93526 0.0659334 0.719858 -0.434937 0.536924
0.621999 -0.536099 1.93572 0.0650857 0.719875 -0.435361 0.536661
0.621933 -0.535742 1.93618 0.0642373 0.719892 -0.435784 0.536398
0.621867 -0.535384 1.93664 0.0633882 0.719909 -0.436204 0.536133
0.621801 -0.535026 1.93711 0.0625385 0.719926 -0.436623 0.535869
0.621734 -0.534666 1.93757 0.0616881 0.719944 -0.437041 0.535603
0.621668 -0.534305 1.93803 0.060837 0.719962 -0.437456 0.535337
0.621601 -0.533943 1.93849 0.0599853 0.71998 -0.43787 0.535071
0.621534 -0.53358 1.93896 0.0591329 0.719998 -0.438283 0.534803
0.621467 -0.533217 1.93942 0.0582798 0.720016 -0.438693 0.534535
0.6214 -0.532852 1.93988 0.0574261 0.720035 -0.439102 0.534267
0.621332 -0.532486 1.94034 0.0565718 0.720054 -0.439509 0.533998
0.621265 -0.532118 1.94081 0.0557168 0.720073 -0.439915 0.533728
0.621197 -0.53175 1.94127 0.0548611 0.720093 -0.440318 0.533457
0.621129 -0.531381 1.94173 0.0540048 0.720112 -0.44072 0.533186
0.621061 -0.531011 1.9422 0.0531479 0.720132 -0.44112 0.532915
0.620993 -0.53064 1.94266 0.0522904 0.720152 -0.441519 0.532642
0.620924 -0.530268 1.94312 0.0514322 0.720172 -0.441915 0.53237
0.620855 -0.529894 1.94358 0.0505735 0.720193 -0.44231 0.532096
0.620787 -0.52952 1.94405 0.0497141 0.720213 -0.442704 0.531822
0.620718 -0.529145 1.94451 0.0488541 0.720234 -0.443095 0.531547
0.620648 -0.528768 1.94497 0.0479934 0.720256 -0.443485 0.531272
0.620579 -0.528391 1.94544 0.0471322 0.720277 -0.443873 0.530995
0.62051 -0.528012 1.9459 0.0462704 0.720299 -0.444259 0.530719
0.62044 -0.527633 1.94636 0.045408 0.720321 -0.444644 0.530441
0.62037 -0.527252 1.94683 0.0445449 0.720343 -0.445027 0.530163
0.6203 -0.526871 1.94729 0.0436813 0.720365 -0.445408 0.529885
0.620229 -0.526488 1.94775 0.0428172 0.720388 -0.445787 0.529606
0.620159 -0.526104 1.94822 0.0419524 0.72041 -0.446165 0.529326
0.620088 -0.52572 1.94868 0.041087 0.720433 -0.446541 0.529045
0.620017 -0.525334 1.94914 0.0402211 0.720457 -0.446915 0.528764
0.619946 -0.524947 1.94961 0.0393546 0.72048 -0.447287 0.528482
0.619875 -0.524559 1.95007 0.0384876 0.720504 -0.447658 0.5282
0.619804 -0.524171 1.95054 0.03762 0.720528 -0.448027 0.527917
0.619732 -0.523781 1.951 0.0367518 0.720552 -0.448394 0.527633
0.61966 -0.52339 1.95146 0.0358831 0.720577 -0.448759 0.527349
0.619588 -0.522998 1.95193 0.0350138 0.720602 -0.449123 0.527064
0.619516 -0.522605 1.95239 0.034144 0.720627 -0.449485 0.526778
0.619443 -0.522211 1.95286 0.0332736 0.720652 -0.449845 0.526492
0.61937 -0.521816 1.95332 0.0324028 0.720677 -0.450203 0.526205
0.619297 -0.52142 1.95378 0.0315313 0.720703 -0.45056 0.525917
0.619224 -0.521023 1.95425 0.0306594 0.720729 -0.450914 0.525629
0.619151 -0.520625 1.95471 0.0297869 0.720755 -0.451267 0.52534
0.619077 -0.520226 1.95518 0.0289139 0.720782 -0.451619 0.525051
0.619003 -0.519826 1.95564 0.0280404 0.720808 -0.451968 0.524761
0.618929 -0.519424 1.95611 0.0271664 0.720835 -0.452316 0.52447
0.618855 -0.519022 1.95657 0.0262918 0.720863 -0.452662 0.524179
0.618781 -0.518619 1.95704 0.0254168 0.72089 -0.453006 0.523887
0.618706 -0.518215 1.9575 0.0245413 0.720918 -0.453348 0.523594
0.618631 -0.51781 1.95797 0.0236652 0.720946 -0.453689 0.5233
0.618556 -0.517403 1.95843 0.0227887 0.720974 -0.454028 0.523006
0.618481 -0.516996 1.9589 0.0219117 0.721003 -0.454365 0.522712
0.618405 -0.516588 1.95936 0.0210342 0.721031 -0.4547 0.522417
0.618329 -0.516178 1.95983 0.0201562 0.72106 -0.455034 0.522121
0.618253 -0.515768 1.96029 0.0192778 0.72109 -0.455365 0.521824
0.618177 -0.515357 1.96076 0.0183988 0.721119 -0.455695 0.521527
0.6181 -0.514944 1.96122 0.0175194 0.721149 -0.456024 0.521229
0.618023 -0.514531 1.96169 0.0166396 0.721179 -0.45635 0.52093
0.617946 -0.514116 1.96215 0.0157593 0.72121 -0.456675 0.520631
0.617869 -0.513701 1.96262 0.0148785 0.72124 -0.456997 0.520331
0.617791 -0.513285 1.96309 0.0139973 0.721271 -0.457318 0.520031
0.617713 -0.512867 1.96355 0.0131156 0.721302 -0.457638 0.51973
0.617635 -0.512449 1.96402 0.0122335 0.721334 -0.457955 0.519428
0.617557 -0.512029 1.96448 0.011351 0.721365 -0.458271 0.519125
0.617478 -0.511609 1.96495 0.010468 0.721397 -0.458585 0.518822
0.6174 -0.511187 1.96542 0.00958457 0.72143 -0.458897 0.518518
0.617321 -0.510764 1.96588 0.00870073 0.721462 -0.459207 0.518214
0.617241 -0.510341 1.96635 0.00781647 0.721495 -0.459515 0.517909
0.617162 -0.509916 1.96682 0.00693179 0.721528 -0.459822 0.517603
0.617082 -0.509491 1.96728 0.0060467 0.721561 -0.460127 0.517297
0.617001 -0.509064 1.96775 0.0051612 0.721595 -0.46043 0.51699
0.616921 -0.508637 1.96822 0.00427529 0.721629 -0.460731 0.516682
0.61684 -0.508208 1.96868 0.00338898 0.721663 -0.461031 0.516374
0.616759 -0.507778 1.96915 0.00250227 0.721697 -0.461329 0.516065
0.616678 -0.507348 1.96962 0.00161517 0.721732 -0.461624 0.515755
0.616597 -0.506916 1.97008 0.000727682 0.721767 -0.461918 0.515445
0.616515 -0.506484 1.97055 -0.000160192 0.721802 -0.462211 0.515134
0.616433 -0.50605 1.97102 -0.00104845 0.721838 -0.462501 0.514822
0.61635 -0.505615 1.97149 -0.00193708 0.721874 -0.46279 0.51451
0.616268 -0.50518 1.97196 -0.00282608 0.72191 -0.463077 0.514197
0.616185 -0.504743 1.97242 -0.00371546 0.721946 -0.463362 0.513883
0.616102 -0.504306 1.97289 -0.00460519 0.721983 -0.463645 0.513569
0.616018 -0.503867 1.97336 -0.00549529 0.72202 -0.463926 0.513254
0.615934 -0.503427 1.97383 -0.00638574 0.722057 -0.464206 0.512939
0.61585 -0.502987 1.9743 -0.00727654 0.722094 -0.464484 0.512622
0.615766 -0.502545 1.97476 -0.0081677 0.722132 -0.46476 0.512305
0.615681 -0.502102 1.97523 -0.00905919 0.72217 -0.465034 0.511988
0.615596 -0.501659 1.9757 -0.00995102 0.722209 -0.465306 0.511669
0.615511 -0.501214 1.97617 -0.0108432 0.722247 -0.465577 0.511351
0.615425 -0.500769 1.97664 -0.0117357 0.722286 -0.465845 0.511031
0.615339 -0.500322 1.97711 -0.0126285 0.722326 -0.466112 0.510711
0.615253 -0.499874 1.97758 -0.0135217 0.722365 -0.466377 0.51039
0.615166 -0.499426 1.97805 -0.0144151 0.722405 -0.46664 0.510068
0.61508 -0.498976 1.97852 -0.0153089 0.722445 -0.466902 0.509746
0.614992 -0.498526 1.97898 -0.016203 0.722486 -0.467161 0.509423
0.614905 -0.498074 1.97945 -0.0170974 0.722526 -0.467419 0.5091
0.614817 -0.497622 1.97992 -0.0179921 0.722567 -0.467675 0.508775
0.614729 -0.497168 1.98039 -0.0188871 0.722609 -0.467929 0.508451
