0.668501 0.292968 1.30392 0.278327 0.62364 0.682945 -0.259219
0.668609 0.292801 1.30447 0.278905 0.622968 0.683367 -0.259101
0.668716 0.292635 1.30501 0.279483 0.622295 0.683788 -0.258984
0.668824 0.292469 1.30555 0.28006 0.621622 0.684208 -0.258867
0.668932 0.292302 1.30609 0.280638 0.620949 0.684626 -0.258751
0.66904 0.292136 1.30664 0.281217 0.620275 0.685043 -0.258636
0.669147 0.291971 1.30718 0.281795 0.6196 0.685459 -0.258521
0.669255 0.291805 1.30772 0.282373 0.618925 0.685874 -0.258407
0.669362 0.291639 1.30827 0.282952 0.618249 0.686288 -0.258293
0.669469 0.291474 1.30881 0.28353 0.617573 0.6867 -0.25818
0.669576 0.291308 1.30936 0.284109 0.616896 0.687111 -0.258068
0.669684 0.291143 1.3099 0.284688 0.616219 0.687521 -0.257956
0.669791 0.290978 1.31045 0.285267 0.615542 0.68793 -0.257845
0.669898 0.290813 1.311 0.285846 0.614863 0.688337 -0.257735
0.670004 0.290648 1.31154 0.286425 0.614185 0.688743 -0.257625
0.670111 0.290484 1.31209 0.287004 0.613505 0.689148 -0.257516
0.670218 0.290319 1.31264 0.287583 0.612826 0.689552 -0.257407
0.670325 0.290155 1.31319 0.288163 0.612146 0.689954 -0.257299
0.670431 0.289991 1.31373 0.288742 0.611465 0.690356 -0.257192
0.670537 0.289826 1.31428 0.289322 0.610784 0.690755 -0.257085
0.670644 0.289663 1.31483 0.289902 0.610102 0.691154 -0.256979
0.67075 0.289499 1.31538 0.290482 0.60942 0.691552 -0.256874
0.670856 0.289335 1.31593 0.291061 0.608737 0.691948 -0.256769
0.670962 0.289171 1.31648 0.291641 0.608054 0.692343 -0.256665
0.671068 0.289008 1.31703 0.292222 0.60737 0.692737 -0.256562
0.671174 0.288845 1.31759 0.292802 0.606686 0.693129 -0.256459
0.67128 0.288682 1.31814 0.293382 0.606002 0.69352 -0.256356
0.671386 0.288519 1.31869 0.293962 0.605316 0.69391 -0.256255
0.671491 0.288356 1.31924 0.294543 0.604631 0.694299 -0.256154
0.671597 0.288193 1.3198 0.295123 0.603945 0.694687 -0.256053
0.671702 0.288031 1.32035 0.295704 0.603258 0.695073 -0.255954
0.671807 0.287868 1.3209 0.296285 0.602571 0.695458 -0.255855
0.671912 0.287706 1.32146 0.296866 0.601884 0.695842 -0.255756
0.672017 0.287544 1.32201 0.297447 0.601196 0.696224 -0.255658
0.672122 0.287382 1.32257 0.298027 0.600507 0.696605 -0.255561
0.672227 0.28722 1.32312 0.298609 0.599818 0.696985 -0.255465
0.672332 0.287058 1.32368 0.29919 0.599129 0.697364 -0.255369
0.672436 0.286897 1.32423 0.299771 0.598439 0.697742 -0.255273
0.672541 0.286736 1.32479 0.300352 0.597749 0.698118 -0.255179
0.672645 0.286574 1.32535 0.300934 0.597058 0.698493 -0.255085
0.67275 0.286413 1.3259 0.301515 0.596367 0.698867 -0.254991
0.672854 0.286252 1.32646 0.302097 0.595675 0.699239 -0.254899
0.672958 0.286092 1.32702 0.302678 0.594983 0.699611 -0.254807
0.673062 0.285931 1.32758 0.30326 0.59429 0.699981 -0.254715
0.673165 0.28577 1.32814 0.303842 0.593597 0.700349 -0.254624
0.673269 0.28561 1.3287 0.304423 0.592904 0.700717 -0.254534
0.673373 0.28545 1.32926 0.305005 0.59221 0.701083 -0.254445
0.673476 0.28529 1.32982 0.305587 0.591515 0.701448 -0.254356
0.673579 0.28513 1.33038 0.306169 0.59082 0.701812 -0.254267
0.673682 0.28497 1.33094 0.306751 0.590125 0.702174 -0.25418
0.673786 0.284811 1.3315 0.307334 0.589429 0.702535 -0.254093
0.673888 0.284651 1.33206 0.307916 0.588733 0.702895 -0.254006
0.673991 0.284492 1.33263 0.308498 0.588037 0.703254 -0.253921
0.674094 0.284333 1.33319 0.30908 0.587339 0.703611 -0.253836
0.674196 0.284174 1.33375 0.309663 0.586642 0.703968 -0.253751
0.674299 0.284015 1.33432 0.310245 0.585944 0.704323 -0.253668
0.674401 0.283856 1.33488 0.310828 0.585246 0.704676 -0.253584
0.674503 0.283698 1.33544 0.31141 0.584547 0.705029 -0.253502
0.674605 0.28354 1.33601 0.311993 0.583848 0.70538 -0.25342
0.674707 0.283381 1.33657 0.312576 0.583148 0.70573 -0.253339
0.674809 0.283223 1.33714 0.313158 0.582448 0.706078 -0.253258
0.67491 0.283066 1.33771 0.313741 0.581747 0.706426 -0.253179
0.675012 0.282908 1.33827 0.314324 0.581046 0.706772 -0.253099
0.675113 0.28275 1.33884 0.314907 0.580345 0.707116 -0.253021
0.675214 0.282593 1.33941 0.31549 0.579643 0.70746 -0.252943
0.675315 0.282436 1.33997 0.316073 0.578941 0.707802 -0.252865
0.675416 0.282279 1.34054 0.316656 0.578239 0.708143 -0.252789
0.675517 0.282122 1.34111 0.317239 0.577536 0.708483 -0.252713
0.675617 0.281965 1.34168 0.317822 0.576832 0.708822 -0.252637
0.675718 0.281808 1.34225 0.318406 0.576128 0.709159 -0.252563
0.675818 0.281652 1.34282 0.318989 0.575424 0.709495 -0.252489
0.675918 0.281496 1.34339 0.319572 0.574719 0.709829 -0.252415
0.676018 0.28134 1.34396 0.320155 0.574014 0.710163 -0.252343
0.676118 0.281184 1.34453 0.320739 0.573309 0.710495 -0.252271
0.676218 0.281028 1.3451 0.321322 0.572603 0.710826 -0.252199
0.676317 0.280872 1.34567 0.321906 0.571897 0.711155 -0.252128
0.676417 0.280717 1.34625 0.322489 0.57119 0.711484 -0.252058
0.676516 0.280562 1.34682 0.323073 0.570483 0.711811 -0.251989
0.676615 0.280406 1.34739 0.323656 0.569776 0.712137 -0.25192
0.676714 0.280252 1.34796 0.32424 0.569068 0.712461 -0.251852
0.676813 0.280097 1.34854 0.324823 0.56836 0.712784 -0.251784
0.676911 0.279942 1.34911 0.325407 0.567651 0.713106 -0.251717
0.677009 0.279788 1.34969 0.325991 0.566942 0.713427 -0.251651
0.677108 0.279633 1.35026 0.326574 0.566233 0.713747 -0.251586
0.677206 0.279479 1.35084 0.327158 0.565523 0.714065 -0.251521
0.677304 0.279325 1.35141 0.327742 0.564813 0.714382 -0.251456
0.677401 0.279171 1.35199 0.328326 0.564102 0.714697 -0.251393
0.677499 0.279018 1.35257 0.32891 0.563391 0.715012 -0.25133
0.677596 0.278864 1.35314 0.329493 0.56268 0.715325 -0.251268
0.677694 0.278711 1.35372 0.330077 0.561969 0.715637 -0.251206
0.677791 0.278558 1.3543 0.330661 0.561257 0.715947 -0.251145
0.677887 0.278405 1.35488 0.331245 0.560544 0.716256 -0.251085
0.677984 0.278252 1.35546 0.331829 0.559831 0.716564 -0.251025
0.678081 0.2781 1.35604 0.332413 0.559118 0.716871 -0.250966
0.678177 0.277947 1.35662 0.332997 0.558405 0.717177 -0.250908
0.678273 0.277795 1.3572 0.333581 0.557691 0.717481 -0.25085
0.678369 0.277643 1.35778 0.334165 0.556977 0.717784 -0.250793
0.678465 0.277491 1.35836 0.334749 0.556262 0.718085 -0.250737
0.678561 0.277339 1.35894 0.335333 0.555547 0.718386 -0.250681
0.678656 0.277188 1.35952 0.335917 0.554832 0.718685 -0.250626
0.678751 0.277036 1.3601 0.336501 0.554116 0.718982 -0.250572
0.678846 0.276885 1.36068 0.337085 0.5534 0.719279 -0.250518
0.678941 0.276734 1.36127 0.337669 0.552684 0.719574 -0.250465
0.679036 0.276583 1.36185 0.338253 0.551967 0.719868 -0.250413
0.67913 0.276432 1.36243 0.338837 0.55125 0.720161 -0.250361
0.679225 0.276282 1.36302 0.339421 0.550533 0.720452 -0.25031
0.679319 0.276131 1.3636 0.340006 0.549815 0.720742 -0.25026
0.679413 0.275981 1.36419 0.34059 0.549097 0.721031 -0.25021
0.679506 0.275831 1.36477 0.341174 0.548379 0.721318 -0.250161
0.6796 0.275681 1.36536 0.341758 0.54766 0.721605 -0.250113
0.679693 0.275532 1.36594 0.342342 0.546941 0.72189 -0.250065
0.679786 0.275382 1.36653 0.342926 0.546222 0.722173 -0.250018
0.679879 0.275233 1.36712 0.34351 0.545502 0.722456 -0.249972
0.679972 0.275084 1.36771 0.344094 0.544782 0.722737 -0.249926
0.680064 0.274935 1.36829 0.344678 0.544062 0.723017 -0.249881
0.680157 0.274786 1.36888 0.345262 0.543341 0.723295 -0.249837
0.680249 0.274638 1.36947 0.345847 0.54262 0.723573 -0.249793
0.680341 0.274489 1.37006 0.346431 0.541898 0.723849 -0.24975
0.680433 0.274341 1.37065 0.347015 0.541177 0.724123 -0.249708
0.680524 0.274193 1.37124 0.347599 0.540455 0.724397 -0.249666
0.680615 0.274045 1.37183 0.348183 0.539732 0.724669 -0.249625
0.680706 0.273897 1.37242 0.348767 0.53901 0.72494 -0.249585
0.680797 0.27375 1.37301 0.349351 0.538287 0.725209 -0.249545
0.680888 0.273603 1.3736 0.349935 0.537564 0.725478 -0.249506
0.680978 0.273455 1.37419 0.350519 0.53684 0.725745 -0.249468
0.681069 0.273308 1.37479 0.351103 0.536116 0.72601 -0.24943
0.681159 0.273162 1.37538 0.351687 0.535392 0.726275 -0.249393
0.681248 0.273015 1.37597 0.352271 0.534667 0.726538 -0.249357
0.681338 0.272869 1.37657 0.352855 0.533943 0.7268 -0.249322
0.681427 0.272722 1.37716 0.353438 0.533218 0.72706 -0.249287
0.681516 0.272576 1.37775 0.354022 0.532492 0.727319 -0.249252
0.681605 0.272431 1.37835 0.354606 0.531766 0.727577 -0.249219
0.681694 0.272285 1.37894 0.35519 0.53104 0.727834 -0.249186
0.681782 0.272139 1.37954 0.355774 0.530314 0.72809 -0.249154
0.681871 0.271994 1.38014 0.356358 0.529588 0.728344 -0.249122
0.681959 0.271849 1.38073 0.356941 0.528861 0.728597 -0.249091
0.682046 0.271704 1.38133 0.357525 0.528134 0.728848 -0.249061
0.682134 0.271559 1.38193 0.358109 0.527406 0.729098 -0.249031
0.682221 0.271415 1.38252 0.358692 0.526678 0.729347 -0.249002
0.682308 0.27127 1.38312 0.359276 0.52595 0.729595 -0.248974
0.682395 0.271126 1.38372 0.359859 0.525222 0.729841 -0.248947
0.682482 0.270982 1.38432 0.360443 0.524494 0.730086 -0.24892
0.682568 0.270838 1.38492 0.361026 0.523765 0.73033 -0.248894
0.682654 0.270695 1.38552 0.36161 0.523036 0.730573 -0.248868
0.68274 0.270551 1.38612 0.362193 0.522306 0.730814 -0.248843
0.682826 0.270408 1.38672 0.362777 0.521576 0.731054 -0.248819
0.682911 0.270265 1.38732 0.36336 0.520847 0.731293 -0.248796
0.682996 0.270122 1.38792 0.363943 0.520116 0.73153 -0.248773
0.683081 0.269979 1.38852 0.364527 0.519386 0.731766 -0.248751
0.683166 0.269837 1.38913 0.36511 0.518655 0.732001 -0.24873
0.68325 0.269694 1.38973 0.365693 0.517924 0.732234 -0.248709
0.683334 0.269552 1.39033 0.366276 0.517193 0.732467 -0.248689
0.683418 0.26941 1.39093 0.366859 0.516461 0.732697 -0.248669
0.683502 0.269269 1.39154 0.367442 0.51573 0.732927 -0.248651
0.683585 0.269127 1.39214 0.368025 0.514998 0.733155 -0.248633
0.683668 0.268986 1.39275 0.368608 0.514265 0.733382 -0.248615
0.683751 0.268845 1.39335 0.369191 0.513533 0.733608 -0.248599
0.683834 0.268704 1.39396 0.369774 0.5128 0.733833 -0.248583
0.683916 0.268563 1.39456 0.370357 0.512067 0.734056 -0.248567
0.683999 0.268422 1.39517 0.370939 0.511334 0.734277 -0.248553
0.68408 0.268282 1.39578 0.371522 0.5106 0.734498 -0.248539
0.684162 0.268142 1.39638 0.372105 0.509866 0.734717 -0.248526
0.684243 0.268002 1.39699 0.372687 0.509132 0.734935 -0.248513
0.684325 0.267862 1.3976 0.37327 0.508398 0.735152 -0.248501
0.684405 0.267722 1.39821 0.373852 0.507663 0.735367 -0.24849
0.684486 0.267583 1.39881 0.374434 0.506929 0.735581 -0.24848
0.684566 0.267444 1.39942 0.375017 0.506194 0.735794 -0.24847
0.684646 0.267305 1.40003 0.375599 0.505459 0.736006 -0.248461
0.684726 0.267166 1.40064 0.376181 0.504723 0.736216 -0.248452
0.684805 0.267027 1.40125 0.376763 0.503987 0.736425 -0.248444
0.684885 0.266889 1.40186 0.377345 0.503252 0.736632 -0.248437
0.684964 0.26675 1.40247 0.377927 0.502515 0.736839 -0.248431
0.685042 0.266612 1.40309 0.378509 0.501779 0.737044 -0.248425
0.685121 0.266475 1.4037 0.379091 0.501043 0.737247 -0.24842
0.685199 0.266337 1.40431 0.379673 0.500306 0.73745 -0.248416
0.685277 0.266199 1.40492 0.380254 0.499569 0.737651 -0.248412
0.685354 0.266062 1.40554 0.380836 0.498832 0.737851 -0.248409
0.685431 0.265925 1.40615 0.381417 0.498094 0.738049 -0.248407
0.685508 0.265788 1.40676 0.381999 0.497357 0.738247 -0.248406
0.685585 0.265652 1.40738 0.38258 0.496619 0.738443 -0.248405
0.685662 0.265515 1.40799 0.383162 0.495881 0.738637 -0.248404
0.685738 0.265379 1.40861 0.383743 0.495142 0.73883 -0.248405
0.685814 0.265243 1.40922 0.384324 0.494404 0.739023 -0.248406
0.685889 0.265107 1.40984 0.384905 0.493665 0.739213 -0.248408
0.685964 0.264971 1.41045 0.385486 0.492926 0.739403 -0.248411
0.686039 0.264836 1.41107 0.386067 0.492187 0.739591 -0.248414
0.686114 0.264701 1.41169 0.386648 0.491448 0.739778 -0.248418
0.686189 0.264565 1.41231 0.387228 0.490709 0.739963 -0.248422
0.686263 0.264431 1.41292 0.387809 0.489969 0.740148 -0.248428
0.686336 0.264296 1.41354 0.388389 0.489229 0.740331 -0.248434
0.68641 0.264161 1.41416 0.38897 0.488489 0.740512 -0.24844
0.686483 0.264027 1.41478 0.38955 0.487749 0.740693 -0.248448
0.686556 0.263893 1.4154 0.39013 0.487008 0.740872 -0.248456
0.686629 0.263759 1.41602 0.39071 0.486268 0.741049 -0.248465
0.686701 0.263626 1.41664 0.391291 0.485527 0.741226 -0.248474
0.686773 0.263492 1.41726 0.39187 0.484786 0.741401 -0.248484
0.686845 0.263359 1.41788 0.39245 0.484045 0.741575 -0.248495
0.686916 0.263226 1.4185 0.39303 0.483304 0.741748 -0.248507
0.686987 0.263093 1.41912 0.39361 0.482562 0.741919 -0.248519
0.687058 0.26296 1.41975 0.394189 0.48182 0.742089 -0.248532
0.687128 0.262828 1.42037 0.394769 0.481079 0.742258 -0.248545
0.687199 0.262696 1.42099 0.395348 0.480337 0.742425 -0.24856
0.687268 0.262564 1.42161 0.395927 0.479594 0.742591 -0.248575
0.687338 0.262432 1.42224 0.396506 0.478852 0.742756 -0.24859
0.687407 0.2623 1.42286 0.397085 0.478109 0.742919 -0.248607
0.687476 0.262169 1.42349 0.397664 0.477367 0.743082 -0.248624
0.687545 0.262038 1.42411 0.398243 0.476624 0.743242 -0.248642
0.687613 0.261907 1.42474 0.398822 0.475881 0.743402 -0.24866
0.687681 0.261776 1.42536 0.3994 0.475138 0.74356 -0.248679
0.687748 0.261645 1.42599 0.399979 0.474395 0.743717 -0.248699
0.687816 0.261515 1.42661 0.400557 0.473651 0.743873 -0.24872
0.687883 0.261385 1.42724 0.401135 0.472907 0.744027 -0.248741
0.687949 0.261255 1.42787 0.401714 0.472164 0.744181 -0.248763
0.688016 0.261125 1.4285 0.402292 0.47142 0.744332 -0.248785
0.688082 0.260995 1.42912 0.402869 0.470676 0.744483 -0.248809
0.688147 0.260866 1.42975 0.403447 0.469931 0.744632 -0.248833
0.688213 0.260737 1.43038 0.404025 0.469187 0.74478 -0.248858
0.688278 0.260608 1.43101 0.404602 0.468443 0.744927 -0.248883
0.688342 0.260479 1.43164 0.40518 0.467698 0.745072 -0.248909
0.688407 0.260351 1.43227 0.405757 0.466953 0.745216 -0.248936
0.688471 0.260222 1.4329 0.406334 0.466208 0.745359 -0.248963
0.688534 0.260094 1.43353 0.406911 0.465463 0.7455 -0.248992
0.688598 0.259966 1.43416 0.407488 0.464718 0.74564 -0.249021
0.688661 0.259839 1.43479 0.408065 0.463973 0.745779 -0.24905
0.688723 0.259711 1.43543 0.408641 0.463227 0.745916 -0.24908
0.688786 0.259584 1.43606 0.409218 0.462482 0.746053 -0.249111
0.688847 0.259457 1.43669 0.409794 0.461736 0.746188 -0.249143
0.688909 0.25933 1.43732 0.410371 0.46099 0.746321 -0.249176
0.68897 0.259203 1.43796 0.410947 0.460244 0.746454 -0.249209
0.689031 0.259077 1.43859 0.411523 0.459498 0.746585 -0.249242
0.689092 0.258951 1.43923 0.412098 0.458752 0.746714 -0.249277
0.689152 0.258825 1.43986 0.412674 0.458006 0.746843 -0.249312
0.689212 0.258699 1.4405 0.41325 0.45726 0.74697 -0.249348
0.689271 0.258573 1.44113 0.413825 0.456513 0.747096 -0.249385
0.689331 0.258448 1.44177 0.4144 0.455767 0.74722 -0.249422
0.689389 0.258323 1.4424 0.414975 0.45502 0.747343 -0.24946
0.689448 0.258198 1.44304 0.41555 0.454273 0.747465 -0.249499
0.689506 0.258073 1.44368 0.416125 0.453526 0.747586 -0.249538
0.689564 0.257949 1.44431 0.4167 0.452779 0.747705 -0.249578
0.689621 0.257824 1.44495 0.417274 0.452032 0.747823 -0.249619
0.689678 0.2577 1.44559 0.417849 0.451285 0.74794 -0.24966
0.689735 0.257576 1.44623 0.418423 0.450537 0.748055 -0.249703
0.689791 0.257453 1.44687 0.418997 0.44979 0.74817 -0.249745
0.689847 0.257329 1.44751 0.419571 0.449042 0.748282 -0.249789
0.689903 0.257206 1.44815 0.420145 0.448295 0.748394 -0.249833
0.689958 0.257083 1.44879 0.420718 0.447547 0.748504 -0.249878
0.690013 0.25696 1.44943 0.421292 0.446799 0.748613 -0.249924
0.690067 0.256838 1.45007 0.421865 0.446051 0.748721 -0.24997
0.690121 0.256715 1.45071 0.422438 0.445303 0.748827 -0.250018
0.690175 0.256593 1.45135 0.423011 0.444555 0.748932 -0.250065
0.690228 0.256471 1.45199 0.423584 0.443807 0.749036 -0.250114
0.690281 0.256349 1.45263 0.424156 0.443059 0.749138 -0.250163
0.690334 0.256228 1.45328 0.424729 0.442311 0.74924 -0.250213
0.690386 0.256106 1.45392 0.425301 0.441562 0.749339 -0.250264
0.690438 0.255985 1.45456 0.425873 0.440814 0.749438 -0.250315
0.690489 0.255864 1.45521 0.426445 0.440065 0.749535 -0.250367
0.69054 0.255744 1.45585 0.427017 0.439317 0.749631 -0.25042
0.690591 0.255623 1.45649 0.427589 0.438568 0.749726 -0.250473
0.690641 0.255503 1.45714 0.42816 0.43782 0.749819 -0.250527
0.690691 0.255383 1.45778 0.428732 0.437071 0.749911 -0.250582
0.690741 0.255263 1.45843 0.429303 0.436322 0.750002 -0.250638
0.69079 0.255144 1.45908 0.429874 0.435573 0.750092 -0.250694
0.690839 0.255024 1.45972 0.430444 0.434824 0.75018 -0.250751
0.690887 0.254905 1.46037 0.431015 0.434075 0.750267 -0.250808
0.690935 0.254786 1.46102 0.431585 0.433326 0.750352 -0.250867
0.690982 0.254667 1.46166 0.432156 0.432577 0.750436 -0.250926
0.69103 0.254549 1.46231 0.432726 0.431828 0.750519 -0.250985
0.691076 0.254431 1.46296 0.433296 0.431079 0.750601 -0.251046
0.691123 0.254313 1.46361 0.433865 0.430329 0.750682 -0.251107
0.691169 0.254195 1.46426 0.434435 0.42958 0.750761 -0.251169
0.691214 0.254077 1.46491 0.435004 0.428831 0.750838 -0.251232
0.69126 0.25396 1.46556 0.435573 0.428081 0.750915 -0.251295
0.691304 0.253842 1.46621 0.436142 0.427332 0.75099 -0.251359
0.691349 0.253726 1.46686 0.436711 0.426582 0.751064 -0.251423
0.691393 0.253609 1.46751 0.43728 0.425833 0.751137 -0.251489
0.691436 0.253492 1.46816 0.437848 0.425083 0.751208 -0.251555
0.69148 0.253376 1.46881 0.438416 0.424334 0.751278 -0.251622
0.691522 0.25326 1.46946 0.438984 0.423584 0.751347 -0.251689
0.691565 0.253144 1.47011 0.439552 0.422834 0.751414 -0.251757
0.691607 0.253028 1.47077 0.44012 0.422085 0.75148 -0.251826
0.691648 0.252913 1.47142 0.440687 0.421335 0.751545 -0.251896
0.691689 0.252798 1.47207 0.441254 0.420585 0.751609 -0.251966
0.69173 0.252683 1.47273 0.441821 0.419835 0.751671 -0.252037
0.69177 0.252568 1.47338 0.442388 0.419086 0.751732 -0.252109
0.69181 0.252453 1.47403 0.442955 0.418336 0.751792 -0.252181
0.69185 0.252339 1.47469 0.443521 0.417586 0.75185 -0.252255
0.691889 0.252225 1.47534 0.444087 0.416836 0.751907 -0.252328
0.691927 0.252111 1.476 0.444653 0.416086 0.751963 -0.252403
0.691965 0.251997 1.47666 0.445219 0.415336 0.752018 -0.252478
0.692003 0.251884 1.47731 0.445785 0.414587 0.752071 -0.252554
0.69204 0.25177 1.47797 0.44635 0.413837 0.752123 -0.252631
0.692077 0.251657 1.47862 0.446915 0.413087 0.752173 -0.252708
0.692114 0.251545 1.47928 0.44748 0.412337 0.752223 -0.252786
0.69215 0.251432 1.47994 0.448045 0.411587 0.752271 -0.252865
0.692186 0.25132 1.4806 0.448609 0.410837 0.752318 -0.252945
0.692221 0.251207 1.48126 0.449174 0.410087 0.752363 -0.253025
0.692256 0.251095 1.48191 0.449738 0.409337 0.752407 -0.253106
0.69229 0.250984 1.48257 0.450302 0.408587 0.75245 -0.253187
0.692324 0.250872 1.48323 0.450865 0.407838 0.752492 -0.25327
0.692357 0.250761 1.48389 0.451429 0.407088 0.752532 -0.253353
0.69239 0.25065 1.48455 0.451992 0.406338 0.752571 -0.253436
0.692423 0.250539 1.48521 0.452555 0.405588 0.752609 -0.253521
0.692455 0.250429 1.48587 0.453118 0.404838 0.752645 -0.253606
0.692487 0.250318 1.48653 0.45368 0.404088 0.75268 -0.253692
0.692518 0.250208 1.4872 0.454242 0.403339 0.752714 -0.253778
0.692549 0.250098 1.48786 0.454805 0.402589 0.752747 -0.253866
0.692579 0.249988 1.48852 0.455366 0.401839 0.752778 -0.253953
0.692609 0.249879 1.48918 0.455928 0.401089 0.752808 -0.254042
0.692639 0.24977 1.48984 0.456489 0.400339 0.752837 -0.254132
0.692668 0.249661 1.49051 0.457051 0.39959 0.752864 -0.254222
0.692696 0.249552 1.49117 0.457612 0.39884 0.75289 -0.254312
0.692724 0.249443 1.49183 0.458172 0.39809 0.752915 -0.254404
0.692752 0.249335 1.4925 0.458733 0.397341 0.752938 -0.254496
0.692779 0.249227 1.49316 0.459293 0.396591 0.752961 -0.254589
0.692806 0.249119 1.49383 0.459853 0.395842 0.752982 -0.254683
0.692832 0.249011 1.49449 0.460413 0.395092 0.753001 -0.254777
0.692858 0.248904 1.49516 0.460972 0.394343 0.75302 -0.254872
0.692884 0.248796 1.49582 0.461532 0.393593 0.753037 -0.254968
0.692909 0.248689 1.49649 0.462091 0.392844 0.753053 -0.255064
0.692933 0.248582 1.49716 0.462649 0.392095 0.753067 -0.255161
0.692957 0.248476 1.49782 0.463208 0.391345 0.75308 -0.255259
0.692981 0.248369 1.49849 0.463766 0.390596 0.753092 -0.255358
0.693004 0.248263 1.49916 0.464324 0.389847 0.753103 -0.255457
0.693026 0.248157 1.49983 0.464882 0.389098 0.753112 -0.255557
0.693049 0.248052 1.50049 0.46544 0.388349 0.753121 -0.255658
0.69307 0.247946 1.50116 0.465997 0.3876 0.753127 -0.255759
0.693092 0.247841 1.50183 0.466554 0.386851 0.753133 -0.255861
0.693112 0.247736 1.5025 0.467111 0.386102 0.753137 -0.255964
0.693133 0.247631 1.50317 0.467667 0.385353 0.75314 -0.256067
0.693152 0.247527 1.50384 0.468224 0.384604 0.753142 -0.256172
0.693172 0.247422 1.50451 0.46878 0.383855 0.753142 -0.256277
0.693191 0.247318 1.50518 0.469335 0.383107 0.753141 -0.256382
0.693209 0.247214 1.50585 0.469891 0.382358 0.753139 -0.256489
0.693227 0.247111 1.50652 0.470446 0.381609 0.753136 -0.256596
0.693244 0.247007 1.50719 0.471001 0.380861 0.753131 -0.256703
0.693261 0.246904 1.50787 0.471556 0.380113 0.753125 -0.256812
0.693278 0.246801 1.50854 0.47211 0.379364 0.753118 -0.256921
0.693294 0.246698 1.50921 0.472664 0.378616 0.753109 -0.257031
0.693309 0.246596 1.50988 0.473218 0.377868 0.753099 -0.257141
0.693324 0.246493 1.51056 0.473772 0.37712 0.753088 -0.257253
0.693339 0.246391 1.51123 0.474325 0.376372 0.753076 -0.257365
0.693353 0.246289 1.5119 0.474879 0.375624 0.753062 -0.257477
0.693366 0.246188 1.51258 0.475431 0.374876 0.753047 -0.257591
0.69338 0.246086 1.51325 0.475984 0.374128 0.753031 -0.257705
0.693392 0.245985 1.51393 0.476536 0.373381 0.753013 -0.25782
0.693404 0.245884 1.5146 0.477088 0.372633 0.752995 -0.257935
0.693416 0.245783 1.51528 0.47764 0.371886 0.752974 -0.258052
0.693427 0.245683 1.51595 0.478192 0.371138 0.752953 -0.258168
0.693437 0.245582 1.51663 0.478743 0.370391 0.75293 -0.258286
0.693448 0.245482 1.51731 0.479294 0.369644 0.752907 -0.258404
0.693457 0.245382 1.51798 0.479844 0.368897 0.752881 -0.258524
0.693466 0.245283 1.51866 0.480395 0.36815 0.752855 -0.258643
0.693475 0.245183 1.51934 0.480945 0.367403 0.752827 -0.258764
0.693483 0.245084 1.52001 0.481495 0.366656 0.752798 -0.258885
0.693491 0.244985 1.52069 0.482044 0.365909 0.752768 -0.259007
0.693498 0.244887 1.52137 0.482593 0.365163 0.752736 -0.259129
0.693504 0.244788 1.52205 0.483142 0.364416 0.752703 -0.259253
0.69351 0.24469 1.52273 0.483691 0.36367 0.752669 -0.259377
0.693516 0.244592 1.52341 0.484239 0.362924 0.752634 -0.259501
0.693521 0.244494 1.52409 0.484787 0.362177 0.752597 -0.259627
0.693525 0.244396 1.52477 0.485335 0.361431 0.752559 -0.259753
0.693529 0.244299 1.52545 0.485882 0.360686 0.75252 -0.25988
0.693533 0.244202 1.52613 0.48643 0.35994 0.75248 -0.260007
0.693536 0.244105 1.52681 0.486977 0.359194 0.752438 -0.260136
0.693539 0.244008 1.52749 0.487523 0.358449 0.752395 -0.260265
0.69354 0.243912 1.52817 0.488069 0.357703 0.752351 -0.260394
0.693542 0.243816 1.52885 0.488615 0.356958 0.752305 -0.260525
0.693543 0.243719 1.52953 0.489161 0.356213 0.752258 -0.260656
0.693543 0.243624 1.53021 0.489706 0.355468 0.75221 -0.260787
0.693543 0.243528 1.5309 0.490251 0.354723 0.752161 -0.26092
0.693543 0.243433 1.53158 0.490796 0.353978 0.75211 -0.261053
0.693541 0.243338 1.53226 0.491341 0.353234 0.752058 -0.261187
0.69354 0.243243 1.53295 0.491885 0.352489 0.752005 -0.261321
0.693538 0.243148 1.53363 0.492429 0.351745 0.751951 -0.261457
0.693535 0.243054 1.53431 0.492972 0.351001 0.751895 -0.261593
0.693532 0.242959 1.535 0.493516 0.350257 0.751838 -0.261729
0.693528 0.242866 1.53568 0.494058 0.349513 0.75178 -0.261867
0.693524 0.242772 1.53637 0.494601 0.348769 0.75172 -0.262005
0.693519 0.242678 1.53705 0.495143 0.348025 0.75166 -0.262144
0.693513 0.242585 1.53774 0.495685 0.347282 0.751598 -0.262283
0.693507 0.242492 1.53842 0.496227 0.346539 0.751534 -0.262424
0.693501 0.242399 1.53911 0.496768 0.345795 0.75147 -0.262565
0.693494 0.242306 1.5398 0.497309 0.345052 0.751404 -0.262706
0.693486 0.242214 1.54048 0.49785 0.34431 0.751337 -0.262848
0.693478 0.242122 1.54117 0.49839 0.343567 0.751268 -0.262992
0.69347 0.24203 1.54186 0.49893 0.342824 0.751199 -0.263135
0.693461 0.241938 1.54254 0.49947 0.342082 0.751128 -0.26328
0.693451 0.241847 1.54323 0.50001 0.34134 0.751056 -0.263425
0.693441 0.241755 1.54392 0.500549 0.340598 0.750982 -0.263571
0.69343 0.241664 1.54461 0.501087 0.339856 0.750908 -0.263717
0.693419 0.241573 1.5453 0.501626 0.339114 0.750832 -0.263865
0.693407 0.241483 1.54599 0.502164 0.338373 0.750755 -0.264013
0.693394 0.241392 1.54668 0.502702 0.337631 0.750676 -0.264161
0.693381 0.241302 1.54737 0.503239 0.33689 0.750597 -0.264311
0.693368 0.241212 1.54805 0.503776 0.336149 0.750516 -0.264461
0.693354 0.241123 1.54874 0.504313 0.335409 0.750433 -0.264611
0.693339 0.241033 1.54944 0.504849 0.334668 0.75035 -0.264763
0.693324 0.240944 1.55013 0.505386 0.333927 0.750265 -0.264915
0.693308 0.240855 1.55082 0.505921 0.333187 0.750179 -0.265068
0.693292 0.240766 1.55151 0.506457 0.332447 0.750092 -0.265222
0.693275 0.240678 1.5522 0.506992 0.331707 0.750004 -0.265376
0.693258 0.240589 1.55289 0.507527 0.330967 0.749914 -0.265531
0.69324 0.240501 1.55358 0.508061 0.330228 0.749823 -0.265687
0.693221 0.240413 1.55428 0.508595 0.329489 0.749731 -0.265843
0.693202 0.240326 1.55497 0.509129 0.32875 0.749637 -0.266
0.693183 0.240238 1.55566 0.509662 0.328011 0.749542 -0.266158
0.693162 0.240151 1.55635 0.510195 0.327272 0.749446 -0.266316
0.693142 0.240064 1.55705 0.510728 0.326533 0.749349 -0.266476
0.69312 0.239977 1.55774 0.51126 0.325795 0.749251 -0.266635
0.693098 0.239891 1.55843 0.511792 0.325057 0.749151 -0.266796
0.693076 0.239804 1.55913 0.512324 0.324319 0.74905 -0.266957
0.693053 0.239718 1.55982 0.512855 0.323581 0.748948 -0.267119
0.693029 0.239632 1.56052 0.513386 0.322844 0.748844 -0.267282
0.693005 0.239547 1.56121 0.513916 0.322106 0.748739 -0.267445
0.69298 0.239461 1.56191 0.514446 0.321369 0.748633 -0.26761
0.692955 0.239376 1.5626 0.514976 0.320632 0.748526 -0.267774
0.692929 0.239291 1.5633 0.515506 0.319896 0.748418 -0.26794
0.692903 0.239207 1.56399 0.516035 0.319159 0.748308 -0.268106
0.692875 0.239122 1.56469 0.516563 0.318423 0.748197 -0.268273
0.692848 0.239038 1.56539 0.517092 0.317687 0.748085 -0.268441
0.69282 0.238954 1.56608 0.51762 0.316951 0.747971 -0.268609
0.692791 0.23887 1.56678 0.518148 0.316216 0.747856 -0.268778
0.692761 0.238786 1.56748 0.518675 0.31548 0.74774 -0.268948
0.692731 0.238703 1.56818 0.519202 0.314745 0.747623 -0.269118
0.692701 0.23862 1.56887 0.519728 0.31401 0.747505 -0.269289
0.69267 0.238537 1.56957 0.520254 0.313276 0.747385 -0.269461
0.692638 0.238454 1.57027 0.52078 0.312541 0.747264 -0.269633
0.692606 0.238372 1.57097 0.521306 0.311807 0.747142 -0.269807
0.692573 0.238289 1.57167 0.521831 0.311073 0.747019 -0.269981
0.692539 0.238207 1.57237 0.522355 0.31034 0.746894 -0.270155
0.692505 0.238125 1.57307 0.52288 0.309606 0.746768 -0.27033
0.692471 0.238044 1.57376 0.523404 0.308873 0.746641 -0.270506
0.692435 0.237962 1.57446 0.523927 0.30814 0.746512 -0.270683
0.692399 0.237881 1.57516 0.52445 0.307407 0.746383 -0.27086
0.692363 0.2378 1.57586 0.524973 0.306675 0.746252 -0.271039
0.692326 0.23772 1.57657 0.525495 0.305942 0.74612 -0.271217
0.692288 0.237639 1.57727 0.526017 0.30521 0.745987 -0.271397
0.69225 0.237559 1.57797 0.526539 0.304479 0.745852 -0.271577
0.692211 0.237479 1.57867 0.52706 0.303747 0.745716 -0.271758
0.692172 0.237399 1.57937 0.527581 0.303016 0.745579 -0.271939
0.692132 0.23732 1.58007 0.528102 0.302285 0.745441 -0.272122
0.692091 0.23724 1.58077 0.528622 0.301554 0.745302 -0.272305
0.69205 0.237161 1.58148 0.529141 0.300824 0.745161 -0.272488
0.692008 0.237082 1.58218 0.529661 0.300093 0.745019 -0.272673
0.691965 0.237004 1.58288 0.53018 0.299363 0.744876 -0.272858
0.691922 0.236925 1.58358 0.530698 0.298634 0.744731 -0.273043
0.691879 0.236847 1.58429 0.531216 0.297904 0.744586 -0.27323
0.691834 0.236769 1.58499 0.531734 0.297175 0.744439 -0.273417
0.691789 0.236691 1.58569 0.532251 0.296446 0.744291 -0.273605
0.691744 0.236613 1.5864 0.532768 0.295718 0.744141 -0.273793
0.691698 0.236536 1.5871 0.533285 0.294989 0.743991 -0.273982
0.691651 0.236459 1.5878 0.533801 0.294261 0.743839 -0.274172
0.691604 0.236382 1.58851 0.534317 0.293533 0.743686 -0.274363
0.691556 0.236305 1.58921 0.534832 0.292806 0.743532 -0.274554
0.691507 0.236229 1.58992 0.535347 0.292079 0.743376 -0.274746
0.691458 0.236153 1.59062 0.535861 0.291352 0.74322 -0.274939
0.691408 0.236077 1.59133 0.536375 0.290625 0.743062 -0.275132
0.691358 0.236001 1.59203 0.536889 0.289899 0.742903 -0.275326
0.691307 0.235925 1.59274 0.537402 0.289173 0.742742 -0.275521
0.691255 0.23585 1.59345 0.537915 0.288447 0.742581 -0.275716
0.691203 0.235775 1.59415 0.538428 0.287721 0.742418 -0.275912
0.69115 0.2357 1.59486 0.53894 0.286996 0.742254 -0.276109
0.691096 0.235625 1.59557 0.539451 0.286271 0.742089 -0.276307
0.691042 0.235551 1.59627 0.539963 0.285547 0.741922 -0.276505
0.690987 0.235477 1.59698 0.540473 0.284822 0.741755 -0.276704
0.690932 0.235403 1.59769 0.540984 0.284098 0.741586 -0.276903
0.690876 0.235329 1.59839 0.541494 0.283374 0.741416 -0.277104
0.690819 0.235255 1.5991 0.542003 0.282651 0.741244 -0.277305
0.690762 0.235182 1.59981 0.542512 0.281928 0.741072 -0.277506
0.690704 0.235109 1.60052 0.543021 0.281205 0.740898 -0.277709
0.690645 0.235036 1.60123 0.543529 0.280482 0.740723 -0.277912
0.690586 0.234963 1.60194 0.544037 0.27976 0.740547 -0.278115
0.690526 0.234891 1.60264 0.544545 0.279038 0.740369 -0.27832
0.690466 0.234818 1.60335 0.545052 0.278317 0.740191 -0.278525
0.690404 0.234746 1.60406 0.545558 0.277595 0.740011 -0.27873
0.690343 0.234675 1.60477 0.546064 0.276874 0.73983 -0.278937
0.69028 0.234603 1.60548 0.54657 0.276154 0.739648 -0.279144
0.690217 0.234532 1.60619 0.547075 0.275433 0.739464 -0.279352
0.690153 0.234461 1.6069 0.54758 0.274713 0.73928 -0.27956
0.690089 0.23439 1.60761 0.548084 0.273994 0.739094 -0.27977
0.690024 0.234319 1.60832 0.548588 0.273274 0.738907 -0.27998
0.689959 0.234248 1.60903 0.549092 0.272555 0.738719 -0.28019
0.689892 0.234178 1.60974 0.549595 0.271837 0.738529 -0.280401
0.689825 0.234108 1.61045 0.550098 0.271118 0.738338 -0.280613
0.689758 0.234038 1.61116 0.5506 0.2704 0.738146 -0.280826
0.68969 0.233969 1.61188 0.551102 0.269682 0.737953 -0.281039
0.689621 0.233899 1.61259 0.551603 0.268965 0.737759 -0.281253
0.689551 0.23383 1.6133 0.552104 0.268248 0.737564 -0.281468
0.689481 0.233761 1.61401 0.552604 0.267531 0.737367 -0.281683
0.68941 0.233692 1.61472 0.553104 0.266815 0.737169 -0.281899
0.689339 0.233624 1.61544 0.553604 0.266099 0.73697 -0.282116
0.689267 0.233556 1.61615 0.554103 0.265383 0.73677 -0.282334
0.689194 0.233487 1.61686 0.554602 0.264668 0.736568 -0.282552
0.689121 0.23342 1.61757 0.5551 0.263953 0.736365 -0.28277
0.689046 0.233352 1.61829 0.555598 0.263238 0.736162 -0.28299
0.688972 0.233285 1.619 0.556095 0.262524 0.735956 -0.28321
0.688896 0.233217 1.61971 0.556592 0.26181 0.73575 -0.283431
0.68882 0.23315 1.62043 0.557088 0.261096 0.735543 -0.283652
0.688744 0.233084 1.62114 0.557584 0.260383 0.735334 -0.283875
0.688666 0.233017 1.62185 0.558079 0.25967 0.735124 -0.284097
0.688588 0.232951 1.62257 0.558574 0.258957 0.734913 -0.284321
0.688509 0.232884 1.62328 0.559069 0.258245 0.734701 -0.284545
0.68843 0.232819 1.624 0.559563 0.257533 0.734487 -0.28477
0.68835 0.232753 1.62471 0.560057 0.256822 0.734273 -0.284996
0.688269 0.232687 1.62543 0.56055 0.256111 0.734057 -0.285222
0.688188 0.232622 1.62614 0.561043 0.2554 0.73384 -0.285449
0.688106 0.232557 1.62686 0.561535 0.25469 0.733622 -0.285677
0.688023 0.232492 1.62757 0.562027 0.25398 0.733402 -0.285905
0.68794 0.232428 1.62829 0.562518 0.25327 0.733182 -0.286134
0.687856 0.232363 1.629 0.563009 0.252561 0.73296 -0.286364
0.687771 0.232299 1.62972 0.563499 0.251852 0.732737 -0.286594
0.687686 0.232235 1.63043 0.563989 0.251143 0.732513 -0.286825
0.6876 0.232171 1.63115 0.564478 0.250435 0.732288 -0.287057
0.687513 0.232108 1.63187 0.564967 0.249727 0.732061 -0.287289
0.687426 0.232044 1.63258 0.565456 0.24902 0.731833 -0.287522
0.687337 0.231981 1.6333 0.565944 0.248313 0.731604 -0.287756
0.687249 0.231918 1.63401 0.566431 0.247606 0.731374 -0.28799
0.687159 0.231856 1.63473 0.566918 0.2469 0.731143 -0.288225
0.687069 0.231793 1.63545 0.567405 0.246194 0.730911 -0.288461
0.686978 0.231731 1.63617 0.567891 0.245489 0.730677 -0.288697
0.686887 0.231669 1.63688 0.568376 0.244784 0.730442 -0.288934
0.686795 0.231607 1.6376 0.568861 0.244079 0.730207 -0.289172
0.686702 0.231545 1.63832 0.569346 0.243375 0.729969 -0.289411
0.686608 0.231484 1.63904 0.56983 0.242671 0.729731 -0.28965
0.686514 0.231423 1.63975 0.570314 0.241967 0.729492 -0.28989
0.686419 0.231362 1.64047 0.570797 0.241264 0.729251 -0.29013
0.686324 0.231301 1.64119 0.57128 0.240561 0.729009 -0.290371
0.686227 0.231241 1.64191 0.571762 0.239859 0.728766 -0.290613
0.68613 0.23118 1.64263 0.572243 0.239157 0.728522 -0.290855
0.686033 0.23112 1.64334 0.572725 0.238455 0.728277 -0.291099
0.685934 0.23106 1.64406 0.573205 0.237754 0.72803 -0.291342
0.685835 0.231 1.64478 0.573686 0.237054 0.727783 -0.291587
0.685736 0.230941 1.6455 0.574165 0.236353 0.727534 -0.291832
0.685635 0.230882 1.64622 0.574644 0.235653 0.727284 -0.292078
0.685534 0.230823 1.64694 0.575123 0.234954 0.727033 -0.292324
0.685432 0.230764 1.64766 0.575601 0.234255 0.72678 -0.292571
0.68533 0.230705 1.64838 0.576079 0.233556 0.726527 -0.292819
0.685227 0.230647 1.6491 0.576556 0.232858 0.726272 -0.293068
0.685123 0.230588 1.64982 0.577033 0.23216 0.726016 -0.293317
0.685018 0.23053 1.65054 0.577509 0.231463 0.725759 -0.293567
0.684913 0.230473 1.65126 0.577985 0.230766 0.725501 -0.293817
0.684807 0.230415 1.65198 0.57846 0.230069 0.725242 -0.294068
0.6847 0.230358 1.6527 0.578935 0.229373 0.724982 -0.29432
0.684593 0.2303 1.65342 0.579409 0.228677 0.72472 -0.294573
0.684485 0.230243 1.65414 0.579882 0.227982 0.724457 -0.294826
0.684376 0.230187 1.65486 0.580356 0.227287 0.724193 -0.29508
0.684267 0.23013 1.65558 0.580828 0.226593 0.723928 -0.295334
0.684156 0.230074 1.6563 0.5813 0.225899 0.723662 -0.295589
0.684045 0.230018 1.65702 0.581772 0.225205 0.723395 -0.295845
0.683934 0.229962 1.65774 0.582243 0.224512 0.723126 -0.296102
0.683822 0.229906 1.65846 0.582714 0.223819 0.722856 -0.296359
0.683709 0.22985 1.65919 0.583184 0.223127 0.722585 -0.296617
0.683595 0.229795 1.65991 0.583653 0.222435 0.722313 -0.296875
0.68348 0.22974 1.66063 0.584122 0.221744 0.72204 -0.297134
0.683365 0.229685 1.66135 0.584591 0.221053 0.721766 -0.297394
0.683249 0.22963 1.66207 0.585059 0.220362 0.721491 -0.297654
0.683133 0.229576 1.66279 0.585526 0.219672 0.721214 -0.297916
0.683016 0.229522 1.66352 0.585993 0.218983 0.720936 -0.298177
0.682898 0.229468 1.66424 0.586459 0.218294 0.720657 -0.29844
0.682779 0.229414 1.66496 0.586925 0.217605 0.720377 -0.298703
0.682659 0.22936 1.66568 0.58739 0.216917 0.720096 -0.298967
0.682539 0.229307 1.66641 0.587855 0.216229 0.719814 -0.299231
0.682419 0.229253 1.66713 0.58832 0.215542 0.71953 -0.299496
0.682297 0.2292 1.66785 0.588783 0.214855 0.719246 -0.299762
0.682175 0.229147 1.66857 0.589246 0.214168 0.71896 -0.300028
0.682052 0.229095 1.6693 0.589709 0.213482 0.718673 -0.300295
0.681928 0.229042 1.67002 0.590171 0.212797 0.718385 -0.300563
0.681804 0.22899 1.67074 0.590633 0.212112 0.718096 -0.300831
0.681678 0.228938 1.67146 0.591094 0.211427 0.717806 -0.3011
0.681552 0.228886 1.67219 0.591554 0.210743 0.717514 -0.30137
0.681426 0.228835 1.67291 0.592014 0.21006 0.717222 -0.30164
0.681299 0.228783 1.67363 0.592474 0.209376 0.716928 -0.301911
0.68117 0.228732 1.67436 0.592933 0.208694 0.716633 -0.302183
0.681042 0.228681 1.67508 0.593391 0.208011 0.716337 -0.302455
0.680912 0.22863 1.6758 0.593849 0.20733 0.71604 -0.302728
0.680782 0.22858 1.67653 0.594306 0.206648 0.715742 -0.303002
0.680651 0.228529 1.67725 0.594763 0.205968 0.715443 -0.303276
0.680519 0.228479 1.67798 0.595219 0.205287 0.715142 -0.303551
0.680387 0.228429 1.6787 0.595675 0.204607 0.714841 -0.303826
0.680254 0.228379 1.67942 0.59613 0.203928 0.714538 -0.304102
0.68012 0.22833 1.68015 0.596584 0.203249 0.714234 -0.304379
0.679985 0.22828 1.68087 0.597038 0.202571 0.713929 -0.304657
0.67985 0.228231 1.6816 0.597492 0.201893 0.713623 -0.304935
0.679714 0.228182 1.68232 0.597944 0.201215 0.713316 -0.305214
0.679577 0.228133 1.68304 0.598397 0.200539 0.713007 -0.305493
0.67944 0.228085 1.68377 0.598849 0.199862 0.712698 -0.305773
0.679301 0.228036 1.68449 0.5993 0.199186 0.712387 -0.306054
0.679162 0.227988 1.68522 0.59975 0.198511 0.712076 -0.306335
0.679023 0.22794 1.68594 0.6002 0.197836 0.711763 -0.306617
0.678882 0.227892 1.68667 0.60065 0.197161 0.711449 -0.3069
0.678741 0.227845 1.68739 0.601099 0.196487 0.711134 -0.307183
0.678599 0.227797 1.68812 0.601547 0.195814 0.710818 -0.307467
0.678456 0.22775 1.68884 0.601995 0.195141 0.7105 -0.307752
0.678313 0.227703 1.68957 0.602442 0.194468 0.710182 -0.308037
0.678169 0.227656 1.69029 0.602889 0.193796 0.709863 -0.308323
0.678024 0.22761 1.69102 0.603335 0.193125 0.709542 -0.30861
0.677878 0.227563 1.69174 0.603781 0.192454 0.70922 -0.308897
0.677732 0.227517 1.69247 0.604226 0.191784 0.708897 -0.309185
0.677585 0.227471 1.69319 0.60467 0.191114 0.708573 -0.309473
0.677437 0.227425 1.69392 0.605114 0.190444 0.708248 -0.309762
0.677288 0.22738 1.69464 0.605557 0.189775 0.707922 -0.310052
0.677139 0.227334 1.69537 0.606 0.189107 0.707595 -0.310342
0.676989 0.227289 1.69609 0.606442 0.188439 0.707267 -0.310633
0.676838 0.227244 1.69682 0.606883 0.187772 0.706937 -0.310925
0.676686 0.227199 1.69754 0.607324 0.187105 0.706607 -0.311217
0.676534 0.227155 1.69827 0.607765 0.186438 0.706275 -0.31151
0.676381 0.22711 1.69899 0.608204 0.185773 0.705942 -0.311804
0.676227 0.227066 1.69972 0.608644 0.185107 0.705608 -0.312098
0.676073 0.227022 1.70045 0.609082 0.184443 0.705273 -0.312393
0.675917 0.226978 1.70117 0.60952 0.183778 0.704937 -0.312688
0.675761 0.226934 1.7019 0.609958 0.183115 0.7046 -0.312984
0.675604 0.226891 1.70262 0.610395 0.182452 0.704262 -0.313281
0.675447 0.226848 1.70335 0.610831 0.181789 0.703923 -0.313579
0.675288 0.226805 1.70407 0.611267 0.181127 0.703582 -0.313877
0.675129 0.226762 1.7048 0.611702 0.180465 0.703241 -0.314175
0.674969 0.226719 1.70553 0.612136 0.179804 0.702898 -0.314475
0.674809 0.226676 1.70625 0.61257 0.179144 0.702554 -0.314774
0.674647 0.226634 1.70698 0.613003 0.178484 0.702209 -0.315075
0.674485 0.226592 1.7077 0.613436 0.177824 0.701864 -0.315376
0.674322 0.22655 1.70843 0.613868 0.177165 0.701517 -0.315678
0.674159 0.226508 1.70916 0.6143 0.176507 0.701168 -0.31598
0.673994 0.226467 1.70988 0.614731 0.175849 0.700819 -0.316284
0.673829 0.226425 1.71061 0.615161 0.175192 0.700469 -0.316587
0.673663 0.226384 1.71133 0.615591 0.174535 0.700118 -0.316892
0.673497 0.226343 1.71206 0.61602 0.173879 0.699765 -0.317197
0.673329 0.226302 1.71279 0.616449 0.173224 0.699412 -0.317502
0.673161 0.226262 1.71351 0.616877 0.172569 0.699057 -0.317808
0.672992 0.226221 1.71424 0.617304 0.171914 0.698702 -0.318115
0.672823 0.226181 1.71496 0.617731 0.17126 0.698345 -0.318423
0.672652 0.226141 1.71569 0.618157 0.170607 0.697987 -0.318731
0.672481 0.226101 1.71642 0.618582 0.169954 0.697628 -0.31904
0.672309 0.226062 1.71714 0.619007 0.169302 0.697269 -0.319349
0.672136 0.226022 1.71787 0.619431 0.16865 0.696908 -0.319659
0.671963 0.225983 1.71859 0.619855 0.167999 0.696545 -0.31997
0.671788 0.225944 1.71932 0.620278 0.167348 0.696182 -0.320281
0.671613 0.225905 1.72005 0.620701 0.166698 0.695818 -0.320593
0.671437 0.225866 1.72077 0.621123 0.166049 0.695453 -0.320905
0.671261 0.225828 1.7215 0.621544 0.1654 0.695086 -0.321218
0.671084 0.225789 1.72222 0.621964 0.164751 0.694719 -0.321532
0.670905 0.225751 1.72295 0.622384 0.164104 0.694351 -0.321846
0.670727 0.225713 1.72368 0.622804 0.163456 0.693981 -0.322161
0.670547 0.225675 1.7244 0.623223 0.16281 0.69361 -0.322477
0.670366 0.225638 1.72513 0.623641 0.162164 0.693239 -0.322793
0.670185 0.2256 1.72586 0.624058 0.161518 0.692866 -0.32311
0.670003 0.225563 1.72658 0.624475 0.160873 0.692492 -0.323427
0.669821 0.225526 1.72731 0.624891 0.160229 0.692117 -0.323745
0.669637 0.225489 1.72803 0.625307 0.159585 0.691741 -0.324064
0.669453 0.225452 1.72876 0.625722 0.158942 0.691364 -0.324383
0.669268 0.225416 1.72949 0.626136 0.1583 0.690986 -0.324703
0.669082 0.22538 1.73021 0.62655 0.157658 0.690607 -0.325024
0.668895 0.225344 1.73094 0.626963 0.157016 0.690227 -0.325345
0.668708 0.225308 1.73166 0.627376 0.156376 0.689846 -0.325667
0.66852 0.225272 1.73239 0.627788 0.155735 0.689464 -0.325989
0.668331 0.225236 1.73311 0.628199 0.155096 0.68908 -0.326312
0.668141 0.225201 1.73384 0.62861 0.154457 0.688696 -0.326636
0.667951 0.225166 1.73457 0.62902 0.153818 0.688311 -0.32696
0.66776 0.225131 1.73529 0.629429 0.15318 0.687924 -0.327285
0.667568 0.225096 1.73602 0.629838 0.152543 0.687537 -0.32761
0.667375 0.225061 1.73674 0.630246 0.151906 0.687148 -0.327936
0.667181 0.225026 1.73747 0.630653 0.15127 0.686759 -0.328263
0.666987 0.224992 1.73819 0.63106 0.150635 0.686368 -0.32859
0.666792 0.224958 1.73892 0.631466 0.15 0.685976 -0.328918
0.666596 0.224924 1.73965 0.631872 0.149366 0.685584 -0.329246
0.666399 0.22489 1.74037 0.632276 0.148732 0.68519 -0.329575
0.666202 0.224857 1.7411 0.632681 0.148099 0.684795 -0.329905
0.666003 0.224823 1.74182 0.633084 0.147467 0.684399 -0.330235
0.665804 0.22479 1.74255 0.633487 0.146835 0.684003 -0.330566
0.665605 0.224757 1.74327 0.633889 0.146204 0.683605 -0.330898
0.665404 0.224724 1.744 0.634291 0.145573 0.683206 -0.33123
0.665203 0.224691 1.74472 0.634692 0.144943 0.682806 -0.331563
0.665 0.224659 1.74545 0.635092 0.144314 0.682405 -0.331896
0.664797 0.224626 1.74617 0.635492 0.143685 0.682003 -0.33223
0.664594 0.224594 1.7469 0.635891 0.143057 0.6816 -0.332564
0.664389 0.224562 1.74762 0.63629 0.142429 0.681196 -0.332899
0.664184 0.22453 1.74835 0.636687 0.141802 0.680791 -0.333235
0.663978 0.224499 1.74907 0.637084 0.141176 0.680384 -0.333571
0.663771 0.224467 1.7498 0.637481 0.14055 0.679977 -0.333908
0.663563 0.224436 1.75052 0.637876 0.139925 0.679569 -0.334246
0.663355 0.224405 1.75125 0.638272 0.139301 0.67916 -0.334584
0.663146 0.224374 1.75197 0.638666 0.138677 0.67875 -0.334923
0.662936 0.224343 1.7527 0.63906 0.138054 0.678339 -0.335262
0.662725 0.224312 1.75342 0.639453 0.137431 0.677926 -0.335602
0.662513 0.224282 1.75415 0.639845 0.136809 0.677513 -0.335942
0.662301 0.224251 1.75487 0.640237 0.136188 0.677099 -0.336284
0.662088 0.224221 1.7556 0.640628 0.135567 0.676683 -0.336625
0.661874 0.224191 1.75632 0.641019 0.134947 0.676267 -0.336967
0.661659 0.224162 1.75704 0.641408 0.134328 0.67585 -0.33731
0.661443 0.224132 1.75777 0.641798 0.133709 0.675431 -0.337654
0.661227 0.224103 1.75849 0.642186 0.133091 0.675012 -0.337998
0.66101 0.224073 1.75922 0.642574 0.132473 0.674592 -0.338343
0.660792 0.224044 1.75994 0.642961 0.131857 0.67417 -0.338688
0.660573 0.224015 1.76066 0.643347 0.13124 0.673748 -0.339034
0.660354 0.223987 1.76139 0.643733 0.130625 0.673325 -0.33938
0.660134 0.223958 1.76211 0.644118 0.13001 0.6729 -0.339727
0.659912 0.22393 1.76284 0.644503 0.129396 0.672475 -0.340075
0.659691 0.223901 1.76356 0.644886 0.128782 0.672049 -0.340423
0.659468 0.223873 1.76428 0.645269 0.128169 0.671621 -0.340772
0.659244 0.223845 1.76501 0.645652 0.127557 0.671193 -0.341121
0.65902 0.223818 1.76573 0.646033 0.126945 0.670763 -0.341471
0.658795 0.22379 1.76645 0.646414 0.126334 0.670333 -0.341821
0.658569 0.223763 1.76717 0.646795 0.125724 0.669902 -0.342173
0.658343 0.223735 1.7679 0.647174 0.125114 0.669469 -0.342524
0.658115 0.223708 1.76862 0.647553 0.124505 0.669036 -0.342877
0.657887 0.223681 1.76934 0.647932 0.123897 0.668601 -0.343229
0.657658 0.223655 1.77007 0.648309 0.123289 0.668166 -0.343583
0.657428 0.223628 1.77079 0.648686 0.122682 0.66773 -0.343937
0.657198 0.223602 1.77151 0.649062 0.122075 0.667292 -0.344291
0.656966 0.223575 1.77223 0.649438 0.12147 0.666854 -0.344647
0.656734 0.223549 1.77296 0.649813 0.120864 0.666415 -0.345002
0.656501 0.223523 1.77368 0.650187 0.12026 0.665975 -0.345359
0.656267 0.223498 1.7744 0.65056 0.119656 0.665533 -0.345716
0.656032 0.223472 1.77512 0.650933 0.119053 0.665091 -0.346073
0.655797 0.223447 1.77584 0.651305 0.118451 0.664648 -0.346431
0.655561 0.223421 1.77656 0.651676 0.117849 0.664204 -0.34679
0.655324 0.223396 1.77729 0.652047 0.117248 0.663758 -0.347149
0.655086 0.223371 1.77801 0.652417 0.116648 0.663312 -0.347509
0.654847 0.223347 1.77873 0.652786 0.116048 0.662865 -0.347869
0.654608 0.223322 1.77945 0.653155 0.115449 0.662417 -0.34823
0.654368 0.223298 1.78017 0.653523 0.11485 0.661968 -0.348592
0.654127 0.223273 1.78089 0.65389 0.114253 0.661518 -0.348954
0.653885 0.223249 1.78161 0.654256 0.113656 0.661067 -0.349317
0.653642 0.223225 1.78233 0.654622 0.113059 0.660615 -0.34968
0.653399 0.223201 1.78305 0.654987 0.112464 0.660162 -0.350044
0.653155 0.223178 1.78377 0.655351 0.111869 0.659708 -0.350408
0.65291 0.223154 1.7845 0.655715 0.111274 0.659253 -0.350773
0.652664 0.223131 1.78522 0.656078 0.110681 0.658797 -0.351138
0.652417 0.223108 1.78594 0.65644 0.110088 0.65834 -0.351504
0.65217 0.223085 1.78666 0.656802 0.109496 0.657882 -0.351871
0.651922 0.223062 1.78738 0.657163 0.108904 0.657423 -0.352238
0.651673 0.223039 1.78809 0.657523 0.108313 0.656964 -0.352606
0.651423 0.223016 1.78881 0.657882 0.107723 0.656503 -0.352974
0.651172 0.222994 1.78953 0.658241 0.107134 0.656041 -0.353343
0.650921 0.222972 1.79025 0.658599 0.106545 0.655579 -0.353713
0.650668 0.22295 1.79097 0.658956 0.105957 0.655115 -0.354083
0.650415 0.222928 1.79169 0.659312 0.10537 0.65465 -0.354453
0.650162 0.222906 1.79241 0.659668 0.104783 0.654185 -0.354825
0.649907 0.222884 1.79313 0.660023 0.104197 0.653719 -0.355196
0.649651 0.222863 1.79385 0.660378 0.103612 0.653251 -0.355569
0.649395 0.222842 1.79456 0.660731 0.103027 0.652783 -0.355941
0.649138 0.22282 1.79528 0.661084 0.102443 0.652314 -0.356315
0.64888 0.222799 1.796 0.661436 0.10186 0.651843 -0.356689
0.648622 0.222779 1.79672 0.661788 0.101278 0.651372 -0.357063
0.648362 0.222758 1.79744 0.662139 0.100696 0.6509 -0.357438
0.648102 0.222737 1.79815 0.662489 0.100115 0.650427 -0.357814
0.647841 0.222717 1.79887 0.662838 0.0995344 0.649953 -0.35819
0.647579 0.222697 1.79959 0.663186 0.0989548 0.649478 -0.358567
0.647316 0.222677 1.80031 0.663534 0.0983759 0.649002 -0.358944
0.647053 0.222657 1.80102 0.663881 0.0977977 0.648525 -0.359322
0.646788 0.222637 1.80174 0.664228 0.0972203 0.648048 -0.3597
0.646523 0.222617 1.80246 0.664573 0.0966435 0.647569 -0.360079
0.646257 0.222598 1.80317 0.664918 0.0960674 0.647089 -0.360459
0.64599 0.222578 1.80389 0.665262 0.0954921 0.646609 -0.360839
0.645723 0.222559 1.8046 0.665606 0.0949175 0.646127 -0.361219
0.645454 0.22254 1.80532 0.665948 0.0943436 0.645645 -0.3616
0.645185 0.222521 1.80604 0.66629 0.0937705 0.645161 -0.361982
0.644915 0.222502 1.80675 0.666632 0.093198 0.644677 -0.362364
0.644644 0.222484 1.80747 0.666972 0.0926263 0.644192 -0.362747
0.644373 0.222465 1.80818 0.667312 0.0920553 0.643706 -0.36313
0.6441 0.222447 1.8089 0.667651 0.091485 0.643219 -0.363514
0.643827 0.222429 1.80961 0.667989 0.0909155 0.642731 -0.363898
0.643553 0.222411 1.81033 0.668327 0.0903467 0.642242 -0.364283
0.643278 0.222393 1.81104 0.668663 0.0897786 0.641752 -0.364669
0.643003 0.222375 1.81176 0.668999 0.0892113 0.641261 -0.365055
0.642726 0.222358 1.81247 0.669335 0.0886447 0.64077 -0.365441
0.642449 0.22234 1.81318 0.669669 0.0880788 0.640277 -0.365828
0.642171 0.222323 1.8139 0.670003 0.0875136 0.639784 -0.366216
0.641892 0.222306 1.81461 0.670336 0.0869492 0.639289 -0.366604
0.641612 0.222289 1.81532 0.670668 0.0863855 0.638794 -0.366993
0.641332 0.222272 1.81604 0.671 0.0858226 0.638298 -0.367382
0.641051 0.222255 1.81675 0.671331 0.0852604 0.637801 -0.367772
0.640769 0.222239 1.81746 0.671661 0.084699 0.637303 -0.368162
0.640486 0.222222 1.81817 0.67199 0.0841383 0.636804 -0.368553
0.640202 0.222206 1.81889 0.672319 0.0835783 0.636304 -0.368945
0.639917 0.22219 1.8196 0.672646 0.0830191 0.635803 -0.369336
0.639632 0.222174 1.82031 0.672973 0.0824606 0.635301 -0.369729
0.639346 0.222158 1.82102 0.6733 0.0819029 0.634799 -0.370122
0.639059 0.222142 1.82173 0.673625 0.0813459 0.634295 -0.370515
0.638771 0.222127 1.82244 0.67395 0.0807896 0.633791 -0.370909
0.638482 0.222111 1.82316 0.674274 0.0802342 0.633286 -0.371304
0.638193 0.222096 1.82387 0.674597 0.0796794 0.63278 -0.371699
0.637903 0.222081 1.82458 0.674919 0.0791254 0.632273 -0.372095
0.637612 0.222066 1.82529 0.675241 0.0785722 0.631765 -0.372491
0.63732 0.222051 1.826 0.675562 0.0780197 0.631256 -0.372887
0.637027 0.222036 1.82671 0.675882 0.077468 0.630746 -0.373285
0.636734 0.222021 1.82742 0.676202 0.0769171 0.630235 -0.373682
0.63644 0.222007 1.82813 0.67652 0.0763669 0.629724 -0.374081
0.636144 0.221992 1.82884 0.676838 0.0758174 0.629212 -0.374479
0.635849 0.221978 1.82954 0.677155 0.0752688 0.628698 -0.374879
0.635552 0.221964 1.83025 0.677471 0.0747208 0.628184 -0.375279
0.635254 0.22195 1.83096 0.677787 0.0741737 0.627669 -0.375679
0.634956 0.221936 1.83167 0.678102 0.0736273 0.627153 -0.37608
0.634657 0.221923 1.83238 0.678416 0.0730817 0.626636 -0.376481
0.634357 0.221909 1.83309 0.678729 0.0725368 0.626119 -0.376883
0.634056 0.221896 1.83379 0.679041 0.0719927 0.6256 -0.377285
0.633755 0.221882 1.8345 0.679353 0.0714494 0.625081 -0.377688
0.633452 0.221869 1.83521 0.679664 0.0709068 0.624561 -0.378092
0.633149 0.221856 1.83592 0.679974 0.070365 0.624039 -0.378496
0.632845 0.221843 1.83662 0.680283 0.069824 0.623517 -0.3789
0.63254 0.221831 1.83733 0.680592 0.0692838 0.622994 -0.379305
0.632235 0.221818 1.83803 0.6809 0.0687443 0.622471 -0.379711
0.631928 0.221805 1.83874 0.681207 0.0682056 0.621946 -0.380117
0.631621 0.221793 1.83945 0.681513 0.0676677 0.62142 -0.380523
0.631313 0.221781 1.84015 0.681818 0.0671306 0.620894 -0.38093
0.631004 0.221769 1.84086 0.682123 0.0665942 0.620367 -0.381338
0.630694 0.221757 1.84156 0.682427 0.0660586 0.619839 -0.381746
0.630384 0.221745 1.84227 0.68273 0.0655239 0.61931 -0.382154
0.630073 0.221733 1.84297 0.683032 0.0649898 0.61878 -0.382563
0.629761 0.221722 1.84367 0.683334 0.0644566 0.618249 -0.382973
0.629448 0.22171 1.84438 0.683634 0.0639242 0.617718 -0.383383
0.629134 0.221699 1.84508 0.683934 0.0633925 0.617185 -0.383793
0.628819 0.221688 1.84579 0.684233 0.0628616 0.616652 -0.384205
0.628504 0.221677 1.84649 0.684532 0.0623315 0.616118 -0.384616
0.628188 0.221666 1.84719 0.684829 0.0618022 0.615583 -0.385028
0.627871 0.221655 1.84789 0.685126 0.0612737 0.615047 -0.385441
0.627553 0.221644 1.8486 0.685422 0.060746 0.614511 -0.385854
0.627235 0.221634 1.8493 0.685717 0.060219 0.613973 -0.386267
0.626915 0.221623 1.85 0.686012 0.0596929 0.613435 -0.386682
0.626595 0.221613 1.8507 0.686305 0.0591676 0.612896 -0.387096
0.626274 0.221603 1.8514 0.686598 0.058643 0.612356 -0.387511
0.625952 0.221592 1.8521 0.68689 0.0581193 0.611815 -0.387927
0.62563 0.221583 1.8528 0.687181 0.0575963 0.611273 -0.388343
0.625306 0.221573 1.8535 0.687471 0.0570741 0.610731 -0.388759
0.624982 0.221563 1.8542 0.687761 0.0565528 0.610187 -0.389176
0.624657 0.221553 1.8549 0.68805 0.0560322 0.609643 -0.389594
0.624331 0.221544 1.8556 0.688338 0.0555125 0.609098 -0.390012
0.624004 0.221535 1.8563 0.688625 0.0549935 0.608552 -0.39043
0.623677 0.221525 1.857 0.688911 0.0544754 0.608005 -0.39085
0.623349 0.221516 1.8577 0.689197 0.053958 0.607458 -0.391269
0.62302 0.221507 1.8584 0.689481 0.0534415 0.606909 -0.391689
0.62269 0.221498 1.8591 0.689765 0.0529257 0.60636 -0.392109
0.622359 0.22149 1.85979 0.690048 0.0524108 0.60581 -0.39253
0.622027 0.221481 1.86049 0.690331 0.0518967 0.605259 -0.392952
0.621695 0.221473 1.86119 0.690612 0.0513834 0.604708 -0.393374
0.621362 0.221464 1.86189 0.690893 0.0508709 0.604155 -0.393796
0.621028 0.221456 1.86258 0.691173 0.0503592 0.603602 -0.394219
0.620693 0.221448 1.86328 0.691452 0.0498483 0.603048 -0.394643
0.620358 0.22144 1.86398 0.69173 0.0493382 0.602493 -0.395066
0.620021 0.221432 1.86467 0.692008 0.048829 0.601937 -0.395491
0.619684 0.221424 1.86537 0.692284 0.0483205 0.601381 -0.395916
0.619346 0.221416 1.86606 0.69256 0.0478129 0.600823 -0.396341
0.619007 0.221409 1.86676 0.692835 0.0473061 0.600265 -0.396767
0.618668 0.221401 1.86745 0.693109 0.0468001 0.599706 -0.397193
0.618327 0.221394 1.86814 0.693382 0.046295 0.599146 -0.39762
0.617986 0.221387 1.86884 0.693655 0.0457906 0.598586 -0.398047
0.617644 0.22138 1.86953 0.693927 0.0452871 0.598024 -0.398475
0.617301 0.221373 1.87022 0.694197 0.0447844 0.597462 -0.398903
0.616958 0.221366 1.87092 0.694467 0.0442826 0.596899 -0.399331
0.616613 0.221359 1.87161 0.694737 0.0437815 0.596335 -0.39976
0.616268 0.221352 1.8723 0.695005 0.0432813 0.595771 -0.40019
0.615922 0.221346 1.87299 0.695273 0.0427819 0.595205 -0.40062
0.615575 0.221339 1.87369 0.695539 0.0422833 0.594639 -0.401051
0.615228 0.221333 1.87438 0.695805 0.0417856 0.594072 -0.401482
0.614879 0.221327 1.87507 0.69607 0.0412887 0.593504 -0.401913
0.61453 0.221321 1.87576 0.696335 0.0407926 0.592936 -0.402345
0.61418 0.221315 1.87645 0.696598 0.0402974 0.592366 -0.402777
0.613829 0.221309 1.87714 0.696861 0.039803 0.591796 -0.40321
0.613478 0.221303 1.87783 0.697122 0.0393094 0.591225 -0.403644
0.613125 0.221297 1.87852 0.697383 0.0388166 0.590653 -0.404077
0.612772 0.221292 1.87921 0.697643 0.0383247 0.590081 -0.404512
0.612418 0.221286 1.87989 0.697903 0.0378337 0.589507 -0.404946
0.612063 0.221281 1.88058 0.698161 0.0373434 0.588933 -0.405381
0.611707 0.221276 1.88127 0.698419 0.036854 0.588358 -0.405817
0.611351 0.221271 1.88196 0.698675 0.0363655 0.587783 -0.406253
0.610994 0.221266 1.88265 0.698931 0.0358778 0.587206 -0.40669
0.610636 0.221261 1.88333 0.699186 0.0353909 0.586629 -0.407127
0.610277 0.221256 1.88402 0.699441 0.0349049 0.586051 -0.407564
0.609917 0.221251 1.8847 0.699694 0.0344197 0.585472 -0.408002
0.609557 0.221247 1.88539 0.699947 0.0339353 0.584893 -0.40844
0.609195 0.221242 1.88608 0.700198 0.0334518 0.584313 -0.408879
0.608833 0.221238 1.88676 0.700449 0.0329692 0.583732 -0.409318
0.60847 0.221233 1.88745 0.700699 0.0324874 0.58315 -0.409758
0.608107 0.221229 1.88813 0.700948 0.0320064 0.582567 -0.410198
0.607742 0.221225 1.88881 0.701197 0.0315263 0.581984 -0.410639
0.607377 0.221221 1.8895 0.701444 0.0310471 0.5814 -0.41108
0.607011 0.221217 1.89018 0.701691 0.0305687 0.580815 -0.411522
0.606644 0.221213 1.89086 0.701936 0.0300911 0.580229 -0.411964
0.606277 0.22121 1.89155 0.702181 0.0296144 0.579643 -0.412406
0.605908 0.221206 1.89223 0.702425 0.0291386 0.579055 -0.412849
0.605539 0.221203 1.89291 0.702669 0.0286636 0.578468 -0.413292
0.605169 0.221199 1.89359 0.702911 0.0281894 0.577879 -0.413736
0.604798 0.221196 1.89427 0.703153 0.0277161 0.577289 -0.41418
0.604427 0.221193 1.89495 0.703393 0.0272437 0.576699 -0.414625
0.604054 0.22119 1.89563 0.703633 0.0267722 0.576108 -0.41507
0.603681 0.221187 1.89631 0.703872 0.0263015 0.575517 -0.415515
0.603307 0.221184 1.89699 0.70411 0.0258316 0.574924 -0.415961
0.602932 0.221181 1.89767 0.704347 0.0253626 0.574331 -0.416408
0.602557 0.221178 1.89835 0.704584 0.0248945 0.573737 -0.416854
0.60218 0.221176 1.89903 0.704819 0.0244273 0.573143 -0.417302
0.601803 0.221173 1.89971 0.705054 0.0239609 0.572547 -0.417749
0.601425 0.221171 1.90038 0.705288 0.0234953 0.571951 -0.418197
0.601046 0.221169 1.90106 0.705521 0.0230307 0.571354 -0.418646
0.600667 0.221166 1.90174 0.705753 0.0225669 0.570757 -0.419095
0.600286 0.221164 1.90242 0.705984 0.022104 0.570158 -0.419544
0.599905 0.221162 1.90309 0.706214 0.0216419 0.569559 -0.419994
0.599523 0.22116 1.90377 0.706444 0.0211807 0.568959 -0.420445
0.599141 0.221158 1.90444 0.706672 0.0207204 0.568359 -0.420895
0.598757 0.221157 1.90512 0.7069 0.0202609 0.567758 -0.421346
0.598373 0.221155 1.90579 0.707127 0.0198024 0.567156 -0.421798
0.597988 0.221153 1.90647 0.707353 0.0193447 0.566553 -0.42225
0.597602 0.221152 1.90714 0.707578 0.0188878 0.56595 -0.422702
0.597215 0.221151 1.90781 0.707803 0.0184319 0.565345 -0.423155
0.596828 0.221149 1.90849 0.708026 0.0179768 0.564741 -0.423608
0.59644 0.221148 1.90916 0.708249 0.0175226 0.564135 -0.424062
0.596051 0.221147 1.90983 0.70847 0.0170693 0.563529 -0.424516
0.595661 0.221146 1.9105 0.708691 0.0166168 0.562922 -0.424971
0.59527 0.221145 1.91117 0.708911 0.0161653 0.562314 -0.425426
0.594879 0.221144 1.91184 0.70913 0.0157146 0.561705 -0.425881
0.594487 0.221144 1.91251 0.709348 0.0152648 0.561096 -0.426337
0.594094 0.221143 1.91318 0.709565 0.0148158 0.560486 -0.426793
0.5937 0.221142 1.91385 0.709782 0.0143678 0.559876 -0.42725
0.593306 0.221142 1.91452 0.709997 0.0139206 0.559265 -0.427707
0.59291 0.221141 1.91519 0.710212 0.0134744 0.558653 -0.428164
0.592514 0.221141 1.91586 0.710426 0.013029 0.55804 -0.428622
0.592117 0.221141 1.91653 0.710639 0.0125845 0.557427 -0.42908
0.59172 0.221141 1.9172 0.710851 0.0121408 0.556812 -0.429539
0.591321 0.221141 1.91786 0.711062 0.0116981 0.556198 -0.429998
0.590922 0.221141 1.91853 0.711272 0.0112563 0.555582 -0.430457
0.590522 0.221141 1.9192 0.711482 0.0108153 0.554966 -0.430917
0.590121 0.221141 1.91986 0.71169 0.0103753 0.554349 -0.431378
0.58972 0.221141 1.92053 0.711898 0.00993609 0.553732 -0.431838
0.589317 0.221142 1.92119 0.712104 0.00949781 0.553113 -0.432299
0.588914 0.221142 1.92186 0.71231 0.00906043 0.552494 -0.432761
0.588511 0.221143 1.92252 0.712515 0.00862393 0.551875 -0.433223
0.588106 0.221143 1.92318 0.712719 0.00818833 0.551254 -0.433685
0.5877 0.221144 1.92385 0.712922 0.00775363 0.550633 -0.434148
0.587294 0.221145 1.92451 0.713125 0.00731982 0.550012 -0.434611
0.586887 0.221146 1.92517 0.713326 0.00688691 0.549389 -0.435075
0.58648 0.221147 1.92583 0.713527 0.0064549 0.548766 -0.435539
0.586071 0.221148 1.92649 0.713726 0.00602378 0.548142 -0.436003
0.585662 0.221149 1.92716 0.713925 0.00559357 0.547518 -0.436468
0.585252 0.22115 1.92782 0.714123 0.00516425 0.546893 -0.436933
0.584841 0.221151 1.92848 0.71432 0.00473584 0.546267 -0.437398
0.584429 0.221152 1.92914 0.714516 0.00430832 0.545641 -0.437864
0.584017 0.221154 1.9298 0.714711 0.00388171 0.545014 -0.43833
0.583604 0.221155 1.93045 0.714905 0.003456 0.544386 -0.438797
0.58319 0.221157 1.93111 0.715098 0.0030312 0.543757 -0.439264
0.582775 0.221159 1.93177 0.715291 0.0026073 0.543128 -0.439731
0.58236 0.22116 1.93243 0.715482 0.0021843 0.542499 -0.440199
0.581943 0.221162 1.93308 0.715673 0.00176222 0.541868 -0.440668
0.581526 0.221164 1.93374 0.715863 0.00134104 0.541237 -0.441136
0.581109 0.221166 1.9344 0.716052 0.000920763 0.540605 -0.441605
0.58069 0.221168 1.93505 0.71624 0.000501399 0.539973 -0.442075
0.580271 0.22117 1.93571 0.716427 8.29441e-05 0.53934 -0.442544
0.579851 0.221172 1.93636 0.716613 -0.0003346 0.538706 -0.443014
0.57943 0.221174 1.93702 0.716798 -0.000751234 0.538072 -0.443485
0.579008 0.221177 1.93767 0.716982 -0.00116696 0.537437 -0.443956
0.578586 0.221179 1.93832 0.717166 -0.00158176 0.536801 -0.444427
0.578163 0.221182 1.93897 0.717348 -0.00199566 0.536165 -0.444899
0.577739 0.221184 1.93963 0.71753 -0.00240864 0.535528 -0.445371
0.577314 0.221187 1.94028 0.717711 -0.00282071 0.53489 -0.445843
0.576889 0.221189 1.94093 0.71789 -0.00323186 0.534252 -0.446316
0.576463 0.221192 1.94158 0.718069 -0.0036421 0.533613 -0.446789
0.576036 0.221195 1.94223 0.718247 -0.00405141 0.532973 -0.447263
0.575608 0.221198 1.94288 0.718424 -0.00445981 0.532333 -0.447737
0.575179 0.221201 1.94353 0.718601 -0.0048673 0.531692 -0.448211
0.57475 0.221204 1.94418 0.718776 -0.00527386 0.531051 -0.448686
0.57432 0.221207 1.94483 0.71895 -0.0056795 0.530409 -0.449161
0.573889 0.22121 1.94547 0.719123 -0.00608422 0.529766 -0.449636
0.573458 0.221213 1.94612 0.719296 -0.00648802 0.529122 -0.450112
0.573026 0.221217 1.94677 0.719468 -0.0068909 0.528478 -0.450588
0.572593 0.22122 1.94741 0.719638 -0.00729285 0.527834 -0.451064
0.572159 0.221224 1.94806 0.719808 -0.00769389 0.527189 -0.451541
0.571724 0.221227 1.94871 0.719977 -0.00809399 0.526543 -0.452018
0.571289 0.221231 1.94935 0.720145 -0.00849317 0.525896 -0.452496
0.570853 0.221234 1.95 0.720312 -0.00889143 0.525249 -0.452974
0.570416 0.221238 1.95064 0.720478 -0.00928876 0.524601 -0.453452
0.569979 0.221242 1.95128 0.720643 -0.00968516 0.523953 -0.453931
0.569541 0.221246 1.95193 0.720807 -0.0100806 0.523304 -0.45441
0.569102 0.221249 1.95257 0.720971 -0.0104752 0.522654 -0.454889
0.568662 0.221253 1.95321 0.721133 -0.0108688 0.522004 -0.455369
0.568221 0.221257 1.95385 0.721294 -0.0112615 0.521353 -0.455849
0.56778 0.221261 1.95449 0.721455 -0.0116532 0.520702 -0.456329
0.567338 0.221266 1.95513 0.721615 -0.0120441 0.52005 -0.45681
0.566895 0.22127 1.95577 0.721773 -0.0124339 0.519397 -0.457291
0.566452 0.221274 1.95641 0.721931 -0.0128229 0.518744 -0.457773
0.566007 0.221278 1.95705 0.722088 -0.0132109 0.51809 -0.458255
0.565562 0.221283 1.95769 0.722244 -0.013598 0.517436 -0.458737
0.565117 0.221287 1.95833 0.722399 -0.0139842 0.516781 -0.459219
0.56467 0.221292 1.95896 0.722553 -0.0143694 0.516125 -0.459702
0.564223 0.221296 1.9596 0.722706 -0.0147537 0.515469 -0.460185
0.563775 0.221301 1.96024 0.722858 -0.015137 0.514812 -0.460669
0.563326 0.221306 1.96087 0.723009 -0.0155194 0.514154 -0.461153
0.562877 0.22131 1.96151 0.72316 -0.0159009 0.513496 -0.461637
0.562427 0.221315 1.96214 0.723309 -0.0162814 0.512838 -0.462122
0.561976 0.22132 1.96278 0.723458 -0.016661 0.512178 -0.462606
0.561524 0.221325 1.96341 0.723605 -0.0170397 0.511519 -0.463092
0.561072 0.22133 1.96404 0.723752 -0.0174174 0.510858 -0.463577
0.560618 0.221335 1.96467 0.723897 -0.0177941 0.510197 -0.464063
0.560164 0.22134 1.96531 0.724042 -0.01817 0.509536 -0.464549
0.55971 0.221345 1.96594 0.724186 -0.0185448 0.508873 -0.465036
0.559255 0.22135 1.96657 0.724329 -0.0189188 0.508211 -0.465523
0.558798 0.221356 1.9672 0.724471 -0.0192918 0.507547 -0.46601
0.558342 0.221361 1.96783 0.724612 -0.0196638 0.506883 -0.466498
0.557884 0.221366 1.96846 0.724752 -0.0200349 0.506219 -0.466986
0.557426 0.221372 1.96909 0.724891 -0.0204051 0.505554 -0.467474
0.556967 0.221377 1.96971 0.725029 -0.0207743 0.504888 -0.467963
0.556507 0.221383 1.97034 0.725166 -0.0211425 0.504222 -0.468452
0.556047 0.221388 1.97097 0.725303 -0.0215099 0.503555 -0.468941
0.555585 0.221394 1.9716 0.725438 -0.0218762 0.502888 -0.46943
0.555123 0.2214 1.97222 0.725572 -0.0222416 0.50222 -0.46992
