0.577403 -0.0369488 1.8192 0.677266 0.259846 0.28504 -0.626533
0.577438 -0.036835 1.81921 0.677359 0.25998 0.285173 -0.626316
0.577473 -0.0367211 1.81922 0.677452 0.260114 0.285306 -0.626099
0.577508 -0.0366072 1.81923 0.677545 0.260247 0.28544 -0.625882
0.577543 -0.0364933 1.81924 0.677638 0.260381 0.285573 -0.625664
0.577578 -0.0363793 1.81925 0.677731 0.260514 0.285706 -0.625447
0.577612 -0.0362652 1.81926 0.677824 0.260648 0.28584 -0.62523
0.577647 -0.0361511 1.81928 0.677917 0.260781 0.285973 -0.625013
0.577682 -0.036037 1.81929 0.67801 0.260915 0.286106 -0.624795
0.577717 -0.0359228 1.8193 0.678103 0.261049 0.28624 -0.624577
0.577751 -0.0358086 1.81931 0.678196 0.261182 0.286373 -0.62436
0.577786 -0.0356943 1.81932 0.678288 0.261316 0.286506 -0.624142
0.577821 -0.03558 1.81933 0.678381 0.261449 0.28664 -0.623924
0.577855 -0.0354657 1.81934 0.678473 0.261582 0.286773 -0.623707
0.57789 -0.0353513 1.81935 0.678566 0.261716 0.286907 -0.623489
0.577925 -0.0352368 1.81936 0.678658 0.261849 0.28704 -0.623271
0.577959 -0.0351223 1.81937 0.67875 0.261983 0.287173 -0.623053
0.577994 -0.0350078 1.81938 0.678843 0.262116 0.287307 -0.622835
0.578028 -0.0348932 1.81939 0.678935 0.26225 0.28744 -0.622616
0.578063 -0.0347786 1.8194 0.679027 0.262383 0.287573 -0.622398
0.578097 -0.0346639 1.81941 0.679119 0.262516 0.287707 -0.62218
0.578132 -0.0345492 1.81942 0.679211 0.26265 0.28784 -0.621961
0.578166 -0.0344344 1.81943 0.679303 0.262783 0.287974 -0.621743
0.578201 -0.0343196 1.81944 0.679395 0.262916 0.288107 -0.621524
0.578235 -0.0342048 1.81945 0.679486 0.26305 0.28824 -0.621306
0.57827 -0.0340899 1.81946 0.679578 0.263183 0.288374 -0.621087
0.578304 -0.033975 1.81947 0.67967 0.263316 0.288507 -0.620868
0.578338 -0.03386 1.81948 0.679761 0.26345 0.288641 -0.620649
0.578373 -0.0337449 1.81949 0.679853 0.263583 0.288774 -0.62043
0.578407 -0.0336299 1.8195 0.679944 0.263716 0.288907 -0.620211
0.578441 -0.0335147 1.81951 0.680036 0.263849 0.289041 -0.619992
0.578476 -0.0333996 1.81952 0.680127 0.263983 0.289174 -0.619773
0.57851 -0.0332844 1.81953 0.680218 0.264116 0.289308 -0.619554
0.578544 -0.0331691 1.81954 0.68031 0.264249 0.289441 -0.619334
0.578578 -0.0330538 1.81955 0.680401 0.264382 0.289574 -0.619115
0.578613 -0.0329385 1.81956 0.680492 0.264516 0.289708 -0.618896
0.578647 -0.0328231 1.81957 0.680583 0.264649 0.289841 -0.618676
0.578681 -0.0327076 1.81958 0.680674 0.264782 0.289975 -0.618456
0.578715 -0.0325922 1.81959 0.680765 0.264915 0.290108 -0.618237
0.578749 -0.0324766 1.8196 0.680856 0.265048 0.290242 -0.618017
0.578783 -0.0323611 1.81961 0.680946 0.265181 0.290375 -0.617797
0.578817 -0.0322455 1.81962 0.681037 0.265314 0.290509 -0.617577
0.578851 -0.0321298 1.81963 0.681128 0.265447 0.290642 -0.617357
0.578886 -0.0320141 1.81964 0.681218 0.26558 0.290775 -0.617137
0.57892 -0.0318983 1.81965 0.681309 0.265714 0.290909 -0.616917
0.578954 -0.0317825 1.81966 0.681399 0.265847 0.291042 -0.616697
0.578988 -0.0316667 1.81967 0.681489 0.26598 0.291176 -0.616477
0.579022 -0.0315508 1.81968 0.68158 0.266113 0.291309 -0.616256
0.579056 -0.0314349 1.81969 0.68167 0.266246 0.291443 -0.616036
0.579089 -0.0313189 1.8197 0.68176 0.266379 0.291576 -0.615816
0.579123 -0.0312029 1.81971 0.68185 0.266512 0.29171 -0.615595
0.579157 -0.0310868 1.81972 0.68194 0.266645 0.291843 -0.615374
0.579191 -0.0309707 1.81973 0.68203 0.266778 0.291977 -0.615154
0.579225 -0.0308545 1.81974 0.68212 0.26691 0.29211 -0.614933
0.579259 -0.0307383 1.81975 0.68221 0.267043 0.292244 -0.614712
0.579293 -0.0306221 1.81976 0.6823 0.267176 0.292377 -0.614491
0.579326 -0.0305058 1.81977 0.68239 0.267309 0.292511 -0.61427
0.57936 -0.0303894 1.81978 0.682479 0.267442 0.292644 -0.614049
0.579394 -0.030273 1.81979 0.682569 0.267575 0.292778 -0.613828
0.579428 -0.0301566 1.81979 0.682658 0.267708 0.292911 -0.613607
0.579461 -0.0300401 1.8198 0.682748 0.267841 0.293045 -0.613385
0.579495 -0.0299236 1.81981 0.682837 0.267973 0.293178 -0.613164
0.579529 -0.029807 1.81982 0.682927 0.268106 0.293312 -0.612943
0.579562 -0.0296904 1.81983 0.683016 0.268239 0.293445 -0.612721
0.579596 -0.0295738 1.81984 0.683105 0.268372 0.293579 -0.6125
0.57963 -0.0294571 1.81985 0.683194 0.268505 0.293712 -0.612278
0.579663 -0.0293403 1.81986 0.683283 0.268637 0.293846 -0.612056
0.579697 -0.0292235 1.81987 0.683372 0.26877 0.293979 -0.611834
0.57973 -0.0291067 1.81988 0.683461 0.268903 0.294113 -0.611613
0.579764 -0.0289898 1.81989 0.68355 0.269036 0.294246 -0.611391
0.579797 -0.0288728 1.8199 0.683639 0.269168 0.29438 -0.611169
0.579831 -0.0287559 1.8199 0.683727 0.269301 0.294513 -0.610947
0.579864 -0.0286388 1.81991 0.683816 0.269434 0.294647 -0.610724
0.579898 -0.0285218 1.81992 0.683905 0.269566 0.29478 -0.610502
0.579931 -0.0284046 1.81993 0.683993 0.269699 0.294914 -0.61028
0.579965 -0.0282875 1.81994 0.684082 0.269832 0.295047 -0.610058
0.579998 -0.0281703 1.81995 0.68417 0.269964 0.295181 -0.609835
0.580031 -0.028053 1.81996 0.684258 0.270097 0.295314 -0.609613
0.580065 -0.0279357 1.81997 0.684347 0.270229 0.295448 -0.60939
0.580098 -0.0278184 1.81998 0.684435 0.270362 0.295582 -0.609167
0.580131 -0.027701 1.81998 0.684523 0.270495 0.295715 -0.608945
0.580165 -0.0275835 1.81999 0.684611 0.270627 0.295849 -0.608722
0.580198 -0.027466 1.82 0.684699 0.27076 0.295982 -0.608499
0.580231 -0.0273485 1.82001 0.684787 0.270892 0.296116 -0.608276
0.580264 -0.0272309 1.82002 0.684875 0.271025 0.296249 -0.608053
0.580298 -0.0271133 1.82003 0.684963 0.271157 0.296383 -0.60783
0.580331 -0.0269956 1.82004 0.68505 0.27129 0.296517 -0.607607
0.580364 -0.0268779 1.82005 0.685138 0.271422 0.29665 -0.607383
0.580397 -0.0267602 1.82005 0.685226 0.271555 0.296784 -0.60716
0.58043 -0.0266423 1.82006 0.685313 0.271687 0.296917 -0.606937
0.580463 -0.0265245 1.82007 0.685401 0.271819 0.297051 -0.606713
0.580496 -0.0264066 1.82008 0.685488 0.271952 0.297184 -0.60649
0.580529 -0.0262886 1.82009 0.685575 0.272084 0.297318 -0.606266
0.580562 -0.0261707 1.8201 0.685663 0.272217 0.297452 -0.606043
0.580596 -0.0260526 1.8201 0.68575 0.272349 0.297585 -0.605819
0.580628 -0.0259345 1.82011 0.685837 0.272481 0.297719 -0.605595
0.580661 -0.0258164 1.82012 0.685924 0.272614 0.297852 -0.605371
0.580694 -0.0256982 1.82013 0.686011 0.272746 0.297986 -0.605147
0.580727 -0.02558 1.82014 0.686098 0.272878 0.29812 -0.604923
0.58076 -0.0254616 1.82015 0.686185 0.273011 0.298253 -0.604699
0.580793 -0.0253431 1.82016 0.686272 0.273143 0.298387 -0.604474
0.580826 -0.0252245 1.82016 0.686359 0.273276 0.298521 -0.60425
0.580859 -0.0251057 1.82017 0.686445 0.273409 0.298655 -0.604025
0.580892 -0.0249866 1.82018 0.686532 0.273541 0.298789 -0.603799
0.580924 -0.0248673 1.82019 0.686619 0.273675 0.298924 -0.603573
0.580957 -0.0247478 1.8202 0.686706 0.273808 0.299058 -0.603347
0.58099 -0.0246279 1.82021 0.686794 0.273942 0.299193 -0.60312
0.581023 -0.0245078 1.82021 0.686881 0.274076 0.299329 -0.602893
0.581055 -0.0243872 1.82022 0.686968 0.27421 0.299464 -0.602665
0.581088 -0.0242663 1.82023 0.687056 0.274345 0.2996 -0.602436
0.581121 -0.024145 1.82024 0.687143 0.27448 0.299737 -0.602207
0.581153 -0.0240232 1.82025 0.687231 0.274616 0.299874 -0.601976
0.581186 -0.023901 1.82026 0.687319 0.274752 0.300011 -0.601745
0.581218 -0.0237783 1.82026 0.687407 0.274888 0.300149 -0.601513
0.581251 -0.023655 1.82027 0.687496 0.275025 0.300287 -0.601281
0.581283 -0.0235312 1.82028 0.687584 0.275163 0.300426 -0.601047
0.581316 -0.0234068 1.82029 0.687673 0.275301 0.300565 -0.600812
0.581348 -0.0232819 1.8203 0.687762 0.27544 0.300705 -0.600576
0.581381 -0.0231562 1.82031 0.687852 0.27558 0.300846 -0.600339
0.581413 -0.0230299 1.82032 0.687942 0.27572 0.300988 -0.600101
0.581445 -0.0229029 1.82033 0.688032 0.275861 0.30113 -0.599861
0.581477 -0.0227752 1.82033 0.688122 0.276003 0.301272 -0.599621
0.58151 -0.0226467 1.82034 0.688213 0.276146 0.301416 -0.599379
0.581542 -0.0225175 1.82035 0.688304 0.27629 0.30156 -0.599135
0.581574 -0.0223874 1.82036 0.688395 0.276434 0.301706 -0.59889
0.581606 -0.0222565 1.82037 0.688487 0.276579 0.301852 -0.598644
0.581638 -0.0221248 1.82038 0.688579 0.276725 0.301999 -0.598396
0.58167 -0.0219921 1.82039 0.688672 0.276873 0.302147 -0.598147
0.581702 -0.0218585 1.8204 0.688765 0.277021 0.302296 -0.597896
0.581734 -0.021724 1.82041 0.688859 0.27717 0.302445 -0.597643
0.581766 -0.0215885 1.82042 0.688953 0.27732 0.302596 -0.597388
0.581798 -0.0214521 1.82043 0.689047 0.277472 0.302748 -0.597132
0.581829 -0.0213149 1.82044 0.689142 0.277624 0.302901 -0.596875
0.581861 -0.0211768 1.82045 0.689237 0.277777 0.303054 -0.596616
0.581893 -0.0210379 1.82046 0.689333 0.277931 0.303208 -0.596355
0.581924 -0.0208982 1.82047 0.689429 0.278086 0.303364 -0.596093
0.581956 -0.0207577 1.82048 0.689525 0.278241 0.303519 -0.59583
0.581988 -0.0206165 1.82049 0.689621 0.278397 0.303676 -0.595565
0.582019 -0.0204746 1.8205 0.689718 0.278555 0.303833 -0.5953
0.58205 -0.0203321 1.82051 0.689815 0.278712 0.303991 -0.595032
0.582082 -0.0201888 1.82052 0.689913 0.278871 0.30415 -0.594764
0.582113 -0.0200449 1.82053 0.69001 0.27903 0.304309 -0.594495
0.582144 -0.0199005 1.82054 0.690108 0.279189 0.304469 -0.594225
0.582176 -0.0197554 1.82055 0.690206 0.27935 0.30463 -0.593953
0.582207 -0.0196099 1.82056 0.690304 0.279511 0.304791 -0.593681
0.582238 -0.0194638 1.82057 0.690402 0.279672 0.304952 -0.593408
0.582269 -0.0193172 1.82058 0.690501 0.279834 0.305114 -0.593134
0.5823 -0.0191701 1.8206 0.690599 0.279996 0.305276 -0.592859
0.582331 -0.0190227 1.82061 0.690698 0.280158 0.305439 -0.592583
0.582362 -0.0188748 1.82062 0.690797 0.280321 0.305602 -0.592307
0.582393 -0.0187265 1.82063 0.690896 0.280485 0.305766 -0.592029
0.582424 -0.0185779 1.82064 0.690995 0.280648 0.30593 -0.591752
0.582455 -0.018429 1.82065 0.691094 0.280812 0.306094 -0.591474
0.582486 -0.0182798 1.82066 0.691193 0.280976 0.306258 -0.591195
0.582517 -0.0181303 1.82067 0.691292 0.281141 0.306423 -0.590916
0.582547 -0.0179806 1.82068 0.69139 0.281305 0.306587 -0.590636
0.582578 -0.0178306 1.82069 0.691489 0.28147 0.306752 -0.590356
0.582609 -0.0176805 1.8207 0.691588 0.281634 0.306917 -0.590076
0.582639 -0.0175303 1.82071 0.691687 0.281799 0.307082 -0.589795
0.58267 -0.0173799 1.82072 0.691786 0.281964 0.307247 -0.589514
0.582701 -0.0172294 1.82073 0.691885 0.282129 0.307413 -0.589234
0.582731 -0.0170789 1.82074 0.691983 0.282294 0.307578 -0.588953
0.582762 -0.016928 1.82076 0.692082 0.282459 0.307743 -0.588671
0.582792 -0.0167767 1.82077 0.692181 0.282624 0.307909 -0.588389
0.582822 -0.0166247 1.82078 0.692279 0.282791 0.308076 -0.588105
0.582852 -0.0164717 1.82079 0.692379 0.282958 0.308243 -0.58782
0.582881 -0.0163177 1.8208 0.692478 0.283127 0.308412 -0.587533
0.58291 -0.0161622 1.82081 0.692578 0.283297 0.308582 -0.587244
0.582938 -0.0160052 1.82082 0.692679 0.283469 0.308754 -0.586952
0.582965 -0.0158465 1.82083 0.69278 0.283643 0.308927 -0.586657
0.582992 -0.0156857 1.82085 0.692882 0.283819 0.309102 -0.586359
0.583018 -0.0155227 1.82086 0.692984 0.283998 0.30928 -0.586057
0.583044 -0.0153573 1.82087 0.693088 0.28418 0.30946 -0.585751
0.583068 -0.0151893 1.82088 0.693193 0.284365 0.309643 -0.585441
0.583091 -0.0150184 1.8209 0.693298 0.284554 0.309829 -0.585126
0.583114 -0.0148444 1.82091 0.693405 0.284746 0.310018 -0.584805
0.583135 -0.0146671 1.82093 0.693514 0.284942 0.310211 -0.58448
0.583155 -0.0144864 1.82095 0.693623 0.285142 0.310407 -0.584148
0.583173 -0.0143019 1.82096 0.693734 0.285346 0.310607 -0.58381
0.58319 -0.0141134 1.82098 0.693847 0.285555 0.310811 -0.583465
0.583206 -0.0139209 1.821 0.693961 0.28577 0.311019 -0.583113
0.58322 -0.0137239 1.82102 0.694077 0.285989 0.311232 -0.582754
0.583233 -0.0135224 1.82104 0.694195 0.286214 0.31145 -0.582387
0.583243 -0.013316 1.82106 0.694314 0.286444 0.311673 -0.582012
0.583252 -0.0131046 1.82108 0.694436 0.286681 0.311901 -0.581628
0.58326 -0.012888 1.8211 0.694559 0.286923 0.312134 -0.581236
0.583265 -0.0126659 1.82113 0.694685 0.287173 0.312374 -0.580834
0.583268 -0.0124381 1.82115 0.694812 0.287428 0.312619 -0.580422
0.583269 -0.0122044 1.82118 0.694943 0.287691 0.31287 -0.580001
0.583268 -0.0119646 1.82121 0.695075 0.287962 0.313128 -0.579569
0.583265 -0.0117184 1.82124 0.69521 0.288239 0.313392 -0.579126
0.583259 -0.0114657 1.82127 0.695347 0.288525 0.313663 -0.578672
0.583251 -0.0112062 1.8213 0.695487 0.288818 0.313941 -0.578207
0.58324 -0.0109397 1.82133 0.695629 0.28912 0.314227 -0.57773
0.583227 -0.0106664 1.82137 0.695774 0.289429 0.31452 -0.577241
0.583212 -0.0103865 1.8214 0.695921 0.289747 0.314819 -0.57674
0.583194 -0.0101003 1.82144 0.696071 0.290071 0.315125 -0.576229
0.583174 -0.00980782 1.82147 0.696223 0.290403 0.315438 -0.575707
0.583152 -0.00950942 1.82151 0.696376 0.290742 0.315757 -0.575175
0.583127 -0.00920528 1.82155 0.696532 0.291088 0.316082 -0.574633
0.583101 -0.00889559 1.82159 0.69669 0.291439 0.316413 -0.574082
0.583072 -0.00858058 1.82163 0.696849 0.291797 0.316749 -0.573521
0.583042 -0.00826045 1.82168 0.69701 0.292161 0.31709 -0.572951
0.58301 -0.00793541 1.82172 0.697172 0.29253 0.317437 -0.572373
0.582976 -0.00760567 1.82176 0.697336 0.292905 0.317788 -0.571787
0.582941 -0.00727145 1.82181 0.697501 0.293284 0.318144 -0.571193
0.582903 -0.00693295 1.82185 0.697667 0.293669 0.318505 -0.570591
0.582864 -0.00659039 1.8219 0.697834 0.294057 0.31887 -0.569982
0.582824 -0.00624399 1.82194 0.698002 0.29445 0.319239 -0.569367
0.582782 -0.00589394 1.82199 0.698171 0.294847 0.319611 -0.568745
0.582739 -0.00554047 1.82204 0.698341 0.295248 0.319987 -0.568117
0.582695 -0.00518378 1.82209 0.698512 0.295651 0.320367 -0.567483
0.58265 -0.00482409 1.82213 0.698683 0.296059 0.320749 -0.566844
0.582603 -0.00446162 1.82218 0.698854 0.296468 0.321134 -0.5662
0.582555 -0.00409657 1.82223 0.699026 0.296881 0.321522 -0.565551
0.582506 -0.00372916 1.82228 0.699198 0.297296 0.321913 -0.564898
0.582457 -0.00335961 1.82233 0.69937 0.297713 0.322305 -0.564241
0.582406 -0.00298812 1.82238 0.699543 0.298132 0.3227 -0.56358
0.582355 -0.00261492 1.82243 0.699715 0.298552 0.323096 -0.562916
0.582303 -0.00224021 1.82248 0.699887 0.298974 0.323493 -0.56225
0.582251 -0.00186422 1.82252 0.700059 0.299396 0.323892 -0.561581
0.582197 -0.00148715 1.82257 0.700231 0.29982 0.324292 -0.560909
0.582144 -0.00110923 1.82262 0.700402 0.300243 0.324693 -0.560236
0.58209 -0.000730669 1.82267 0.700573 0.300668 0.325095 -0.559562
0.582036 -0.000351683 1.82272 0.700743 0.301092 0.325496 -0.558887
0.581981 2.75093e-05 1.82277 0.700913 0.301516 0.325898 -0.558211
0.581926 0.000407344 1.82282 0.701082 0.30194 0.3263 -0.557534
0.581871 0.000788257 1.82286 0.701251 0.302365 0.326704 -0.556854
0.581815 0.00117068 1.82291 0.70142 0.302791 0.327109 -0.556172
0.581758 0.00155506 1.82296 0.701589 0.303219 0.327516 -0.555486
0.5817 0.00194183 1.82301 0.701758 0.303649 0.327925 -0.554796
0.581641 0.00233142 1.82306 0.701927 0.304082 0.328337 -0.554101
0.58158 0.00272428 1.82311 0.702096 0.304518 0.328753 -0.553399
0.581518 0.00312084 1.82316 0.702267 0.304958 0.329172 -0.552691
0.581454 0.00352155 1.82321 0.702438 0.305403 0.329596 -0.551976
0.581389 0.00392684 1.82326 0.702609 0.305852 0.330024 -0.551252
0.581321 0.00433716 1.82331 0.702782 0.306306 0.330458 -0.550519
0.581251 0.00475295 1.82336 0.702956 0.306767 0.330897 -0.549777
0.581179 0.00517466 1.82341 0.703131 0.307233 0.331343 -0.549024
0.581104 0.00560271 1.82347 0.703307 0.307707 0.331795 -0.548259
0.581026 0.00603757 1.82352 0.703485 0.308187 0.332254 -0.547483
0.580946 0.00647968 1.82358 0.703664 0.308675 0.332721 -0.546693
0.580862 0.00692948 1.82363 0.703845 0.309172 0.333196 -0.54589
0.580776 0.00738741 1.82369 0.704028 0.309677 0.333679 -0.545072
0.580685 0.00785393 1.82375 0.704212 0.310192 0.334171 -0.544239
0.580592 0.00832949 1.82381 0.704399 0.310716 0.334673 -0.543389
0.580494 0.00881453 1.82387 0.704587 0.31125 0.335185 -0.542523
0.580392 0.0093095 1.82393 0.704778 0.311795 0.335707 -0.541639
0.580286 0.00981486 1.82399 0.704971 0.312351 0.33624 -0.540736
0.580176 0.0103311 1.82406 0.705166 0.312919 0.336784 -0.539814
0.580061 0.0108585 1.82413 0.705364 0.313498 0.33734 -0.538871
0.579942 0.0113978 1.82419 0.705564 0.314091 0.337909 -0.537907
0.579817 0.0119492 1.82426 0.705766 0.314696 0.33849 -0.536922
0.579688 0.0125133 1.82433 0.705971 0.315314 0.339085 -0.535913
0.579552 0.0130905 1.82441 0.706179 0.315947 0.339694 -0.534881
0.579412 0.0136813 1.82448 0.706389 0.316593 0.340316 -0.533824
0.579265 0.0142861 1.82456 0.706602 0.317255 0.340954 -0.532742
0.579113 0.0149054 1.82464 0.706817 0.317932 0.341607 -0.531633
0.578955 0.0155388 1.82471 0.707035 0.318623 0.342274 -0.530499
0.578791 0.0161858 1.8248 0.707255 0.319328 0.342956 -0.52934
0.578621 0.0168461 1.82488 0.707476 0.320047 0.343652 -0.528157
0.578446 0.0175192 1.82496 0.7077 0.320779 0.344362 -0.52695
0.578266 0.0182047 1.82505 0.707924 0.321524 0.345084 -0.525721
0.57808 0.0189022 1.82513 0.70815 0.32228 0.34582 -0.524469
0.57789 0.0196112 1.82522 0.708377 0.323047 0.346567 -0.523195
0.577694 0.0203314 1.82531 0.708605 0.323826 0.347326 -0.521901
0.577493 0.0210623 1.8254 0.708833 0.324614 0.348096 -0.520587
0.577288 0.0218035 1.82549 0.709061 0.325413 0.348877 -0.519254
0.577079 0.0225545 1.82558 0.709289 0.32622 0.349669 -0.517901
0.576864 0.023315 1.82567 0.709517 0.327036 0.35047 -0.516531
0.576646 0.0240845 1.82576 0.709744 0.32786 0.351281 -0.515144
0.576423 0.0248626 1.82585 0.709971 0.328691 0.3521 -0.51374
0.576197 0.0256489 1.82594 0.710197 0.32953 0.352929 -0.51232
0.575967 0.0264429 1.82604 0.710422 0.330375 0.353765 -0.510885
0.575733 0.0272442 1.82613 0.710646 0.331225 0.354609 -0.509436
0.575495 0.0280524 1.82622 0.710868 0.332081 0.35546 -0.507973
0.575254 0.028867 1.82631 0.711088 0.332942 0.356318 -0.506498
0.57501 0.0296876 1.8264 0.711307 0.333808 0.357182 -0.50501
0.574762 0.0305139 1.8265 0.711524 0.334677 0.358052 -0.503512
0.574512 0.0313452 1.82659 0.711739 0.335549 0.358927 -0.502002
0.574259 0.0321813 1.82668 0.711951 0.336425 0.359807 -0.500483
0.574004 0.0330217 1.82677 0.712161 0.337302 0.360691 -0.498955
0.573746 0.0338659 1.82686 0.712368 0.338181 0.361579 -0.497419
0.573485 0.0347136 1.82695 0.712573 0.339062 0.362471 -0.495875
0.573223 0.0355642 1.82704 0.712774 0.339943 0.363365 -0.494325
0.572958 0.0364173 1.82713 0.712973 0.340825 0.364262 -0.492769
0.572692 0.0372725 1.82722 0.713168 0.341706 0.365161 -0.491208
0.572424 0.0381293 1.8273 0.71336 0.342587 0.366061 -0.489643
0.572155 0.0389873 1.82739 0.713549 0.343466 0.366962 -0.488075
0.571885 0.0398461 1.82748 0.713735 0.344344 0.367864 -0.486504
0.571613 0.0407059 1.82756 0.713917 0.34522 0.368767 -0.48493
0.57134 0.0415669 1.82764 0.714095 0.346096 0.369671 -0.483352
0.571065 0.0424293 1.82773 0.714271 0.34697 0.370575 -0.481771
0.570789 0.0432934 1.82781 0.714442 0.347843 0.371482 -0.480186
0.57051 0.0441593 1.82789 0.714611 0.348716 0.37239 -0.478596
0.57023 0.0450274 1.82797 0.714776 0.349588 0.3733 -0.477002
0.569949 0.0458979 1.82805 0.714938 0.350461 0.374212 -0.475401
0.569665 0.0467709 1.82813 0.715096 0.351333 0.375126 -0.473795
0.569378 0.0476467 1.82821 0.715252 0.352206 0.376044 -0.472183
0.56909 0.0485256 1.82829 0.715404 0.353079 0.376964 -0.470564
0.568799 0.0494078 1.82837 0.715552 0.353954 0.377887 -0.468939
0.568506 0.0502935 1.82845 0.715697 0.354829 0.378814 -0.467305
0.56821 0.051183 1.82852 0.715839 0.355705 0.379744 -0.465664
0.567911 0.0520764 1.8286 0.715978 0.356583 0.380678 -0.464014
0.56761 0.0529741 1.82868 0.716113 0.357462 0.381616 -0.462356
0.567305 0.0538762 1.82875 0.716244 0.358343 0.382559 -0.460688
0.566997 0.0547831 1.82883 0.716372 0.359226 0.383506 -0.459011
0.566686 0.0556948 1.8289 0.716497 0.360111 0.384458 -0.457323
0.566372 0.0566118 1.82898 0.716618 0.360999 0.385415 -0.455625
0.566055 0.0575341 1.82905 0.716735 0.361889 0.386377 -0.453916
0.565733 0.0584622 1.82912 0.716849 0.362782 0.387345 -0.452196
0.565408 0.0593961 1.8292 0.716959 0.363677 0.388318 -0.450463
0.565079 0.0603361 1.82927 0.717066 0.364576 0.389298 -0.448718
0.564746 0.0612826 1.82934 0.717168 0.365478 0.390284 -0.446961
0.564409 0.0622356 1.82942 0.717267 0.366384 0.391277 -0.44519
0.564068 0.0631956 1.82949 0.717361 0.367294 0.392276 -0.443405
0.563722 0.0641626 1.82956 0.717452 0.368207 0.393282 -0.441607
0.563372 0.065137 1.82963 0.717538 0.369124 0.394296 -0.439793
0.563017 0.0661191 1.82971 0.71762 0.370045 0.395317 -0.437964
0.562657 0.0671089 1.82978 0.717698 0.370971 0.396346 -0.43612
0.562292 0.0681069 1.82985 0.717771 0.371901 0.397382 -0.43426
0.561922 0.0691133 1.82992 0.71784 0.372836 0.398428 -0.432383
0.561547 0.0701277 1.82999 0.717904 0.373775 0.399481 -0.43049
0.561166 0.0711502 1.83006 0.717963 0.374719 0.400542 -0.428581
0.560781 0.0721803 1.83013 0.718017 0.375666 0.40161 -0.426657
0.560391 0.0732179 1.8302 0.718066 0.376616 0.402686 -0.424718
0.559996 0.0742629 1.83027 0.71811 0.37757 0.403769 -0.422764
0.559596 0.0753149 1.83034 0.718149 0.378527 0.404858 -0.420796
0.559192 0.0763738 1.83041 0.718182 0.379487 0.405955 -0.418814
0.558783 0.0774393 1.83048 0.71821 0.380449 0.407057 -0.416819
0.558369 0.0785113 1.83055 0.718232 0.381413 0.408166 -0.414811
0.55795 0.0795895 1.83062 0.718248 0.382379 0.40928 -0.41279
0.557528 0.0806738 1.83068 0.718258 0.383347 0.4104 -0.410758
0.5571 0.0817638 1.83075 0.718263 0.384316 0.411525 -0.408713
0.556669 0.0828593 1.83082 0.718262 0.385286 0.412656 -0.406657
0.556233 0.0839602 1.83088 0.718254 0.386257 0.413791 -0.40459
0.555793 0.0850663 1.83095 0.71824 0.387229 0.414931 -0.402513
0.555349 0.0861772 1.83101 0.71822 0.388201 0.416075 -0.400425
0.554901 0.0872928 1.83108 0.718194 0.389174 0.417223 -0.398328
0.554448 0.0884129 1.83114 0.718162 0.390146 0.418376 -0.396222
0.553992 0.0895372 1.83121 0.718123 0.391117 0.419531 -0.394107
0.553533 0.0906655 1.83127 0.718077 0.392088 0.42069 -0.391984
0.553069 0.0917976 1.83133 0.718025 0.393059 0.421852 -0.389853
0.552602 0.0929332 1.83139 0.717966 0.394028 0.423017 -0.387715
0.552131 0.0940722 1.83146 0.717901 0.394995 0.424185 -0.385569
0.551657 0.0952142 1.83152 0.717829 0.395961 0.425355 -0.383418
0.551179 0.0963592 1.83158 0.717751 0.396926 0.426527 -0.38126
0.550699 0.0975067 1.83164 0.717665 0.397888 0.4277 -0.379096
0.550215 0.0986566 1.83169 0.717573 0.398848 0.428875 -0.376928
0.549727 0.0998088 1.83175 0.717475 0.399806 0.430052 -0.374754
0.549237 0.100963 1.83181 0.717369 0.400761 0.431229 -0.372577
0.548744 0.102119 1.83187 0.717257 0.401713 0.432408 -0.370396
0.548249 0.103276 1.83192 0.717138 0.402661 0.433586 -0.368211
0.54775 0.104434 1.83198 0.717012 0.403607 0.434766 -0.366024
0.547249 0.105594 1.83203 0.71688 0.404549 0.435945 -0.363834
0.546745 0.106755 1.83209 0.716741 0.405488 0.437124 -0.361642
0.546239 0.107917 1.83214 0.716595 0.406423 0.438304 -0.359446
0.54573 0.10908 1.8322 0.716442 0.407355 0.439484 -0.357249
0.545217 0.110244 1.83225 0.716282 0.408284 0.440664 -0.355048
0.544703 0.11141 1.8323 0.716116 0.409209 0.441844 -0.352845
0.544185 0.112577 1.83236 0.715942 0.410131 0.443025 -0.350639
0.543665 0.113745 1.83241 0.715762 0.41105 0.444205 -0.348431
0.543141 0.114914 1.83246 0.715575 0.411965 0.445386 -0.34622
0.542615 0.116085 1.83251 0.715381 0.412876 0.446567 -0.344007
0.542086 0.117256 1.83256 0.71518 0.413785 0.447748 -0.341791
0.541555 0.118429 1.83261 0.714973 0.414689 0.448929 -0.339573
0.54102 0.119603 1.83266 0.714758 0.415591 0.45011 -0.337352
0.540482 0.120778 1.83271 0.714536 0.416489 0.451292 -0.335129
0.539942 0.121955 1.83276 0.714307 0.417383 0.452473 -0.332903
0.539399 0.123132 1.8328 0.714072 0.418274 0.453654 -0.330676
0.538825 0.124313 1.83286 0.71382 0.419171 0.454848 -0.328435
0.538195 0.1255 1.83292 0.713544 0.420085 0.456066 -0.326169
0.537481 0.126693 1.833 0.713235 0.421025 0.457322 -0.323868
0.536656 0.127895 1.83309 0.712883 0.422001 0.458627 -0.321519
0.535693 0.129107 1.83321 0.712478 0.42302 0.459995 -0.319112
0.534565 0.130329 1.83336 0.712012 0.424093 0.461439 -0.316635
0.533245 0.131563 1.83354 0.711475 0.425227 0.462971 -0.314076
0.532476 0.132187 1.83364 0.711166 0.42583 0.463788 -0.31275
0.531706 0.132809 1.83375 0.710855 0.42643 0.464606 -0.311422
0.530814 0.133438 1.83387 0.710501 0.427071 0.465481 -0.310043
0.529921 0.134065 1.834 0.710143 0.427709 0.466357 -0.308663
0.528893 0.1347 1.83415 0.709738 0.428392 0.467296 -0.307225
0.527864 0.135332 1.83429 0.709329 0.429071 0.468238 -0.305785
0.526686 0.135971 1.83446 0.708866 0.429799 0.46925 -0.304281
0.525508 0.136607 1.83463 0.7084 0.430522 0.470264 -0.302775
0.524168 0.137249 1.83482 0.707874 0.431297 0.471356 -0.301199
0.522826 0.137888 1.83501 0.707344 0.432067 0.472449 -0.299621
0.52131 0.138531 1.83523 0.70675 0.432892 0.473629 -0.297967
0.519793 0.139171 1.83544 0.706151 0.433711 0.474811 -0.29631
0.518656 0.139601 1.8356 0.705706 0.434296 0.475661 -0.29515
0.517519 0.140028 1.83575 0.705258 0.434878 0.476512 -0.293989
0.516382 0.140453 1.83591 0.704807 0.435456 0.477364 -0.292827
0.515111 0.14088 1.83608 0.704307 0.436076 0.478283 -0.291605
0.513839 0.141305 1.83626 0.703805 0.436693 0.479204 -0.290382
0.512568 0.141727 1.83643 0.703299 0.437306 0.480127 -0.289158
0.511153 0.14215 1.83662 0.70274 0.437961 0.481121 -0.28787
0.509739 0.14257 1.8368 0.702178 0.438612 0.482117 -0.28658
0.508325 0.142987 1.83699 0.701613 0.43926 0.483115 -0.285289
0.506777 0.143403 1.83719 0.700997 0.439945 0.484182 -0.283937
0.50523 0.143815 1.83738 0.700377 0.440625 0.485251 -0.282584
0.503683 0.144224 1.83758 0.699753 0.441301 0.486322 -0.281228
0.502011 0.14463 1.83778 0.699081 0.44201 0.487458 -0.279816
0.500341 0.145032 1.83799 0.698405 0.442714 0.488597 -0.278401
0.49867 0.145429 1.83819 0.697726 0.443413 0.489738 -0.276985
0.497331 0.145724 1.83834 0.697181 0.443959 0.49064 -0.275882
0.495992 0.146017 1.8385 0.696635 0.444502 0.491544 -0.274778
0.494654 0.146306 1.83865 0.696086 0.445041 0.492449 -0.273673
0.493316 0.146593 1.83881 0.695534 0.445577 0.493356 -0.272567
0.491899 0.146877 1.83896 0.694951 0.446133 0.494306 -0.271423
0.490482 0.147157 1.83912 0.694365 0.446685 0.495257 -0.270278
0.489066 0.147435 1.83927 0.693776 0.447233 0.49621 -0.269132
0.487651 0.147709 1.83942 0.693185 0.447778 0.497166 -0.267984
0.486163 0.147979 1.83958 0.692564 0.448339 0.49816 -0.266802
0.484675 0.148246 1.83973 0.69194 0.448897 0.499157 -0.265618
0.483189 0.148509 1.83988 0.691313 0.44945 0.500156 -0.264433
0.481703 0.148768 1.84003 0.690684 0.449998 0.501157 -0.263246
0.480151 0.149023 1.84018 0.690026 0.450561 0.502195 -0.262027
0.478601 0.149274 1.84033 0.689366 0.45112 0.503235 -0.260807
0.477051 0.149522 1.84048 0.688703 0.451674 0.504277 -0.259585
0.475502 0.149765 1.84062 0.688036 0.452223 0.505321 -0.258362
0.473894 0.150003 1.84077 0.687344 0.452783 0.506399 -0.257109
0.472288 0.150237 1.84091 0.686649 0.453339 0.50748 -0.255855
0.470682 0.150467 1.84104 0.68595 0.45389 0.508562 -0.254599
0.469078 0.150693 1.84118 0.685249 0.454435 0.509647 -0.253342
0.467421 0.150913 1.84132 0.684524 0.45499 0.510762 -0.252058
0.465766 0.151128 1.84145 0.683795 0.455539 0.51188 -0.250773
0.464112 0.15134 1.84158 0.683064 0.456083 0.513 -0.249486
0.462459 0.151547 1.8417 0.682329 0.456622 0.514122 -0.248197
0.460762 0.151747 1.84183 0.681572 0.457167 0.515272 -0.246885
0.459065 0.151944 1.84195 0.680813 0.457706 0.516424 -0.245571
0.45737 0.152135 1.84207 0.68005 0.45824 0.517579 -0.244255
0.455677 0.152323 1.84218 0.679283 0.458768 0.518736 -0.242938
0.454291 0.152467 1.84227 0.678655 0.459194 0.519681 -0.241868
0.452906 0.152609 1.84236 0.678025 0.459616 0.520627 -0.240797
0.451523 0.152748 1.84245 0.677392 0.460035 0.521575 -0.239724
0.45014 0.152884 1.84253 0.676757 0.46045 0.522524 -0.238651
0.448758 0.153017 1.84261 0.67612 0.460861 0.523475 -0.237576
0.447351 0.153145 1.84269 0.67547 0.461274 0.524442 -0.236488
0.445945 0.153271 1.84277 0.674818 0.461684 0.525411 -0.235399
0.44454 0.153393 1.84285 0.674163 0.462089 0.526381 -0.234308
0.443136 0.153512 1.84292 0.673507 0.462491 0.527353 -0.233216
0.441733 0.153628 1.84299 0.672848 0.462889 0.528326 -0.232124
0.44031 0.15374 1.84306 0.672178 0.463287 0.529313 -0.23102
0.438888 0.153848 1.84312 0.671506 0.463681 0.530301 -0.229914
0.437468 0.153954 1.84319 0.670831 0.464072 0.531291 -0.228808
0.436048 0.154056 1.84325 0.670155 0.464458 0.532282 -0.227701
0.434629 0.154155 1.84331 0.669476 0.46484 0.533275 -0.226592
0.433196 0.15425 1.84336 0.668788 0.465221 0.534278 -0.225475
0.431764 0.154341 1.84342 0.668098 0.465599 0.535283 -0.224356
0.430334 0.15443 1.84347 0.667405 0.465972 0.536289 -0.223237
0.428904 0.154515 1.84352 0.66671 0.466341 0.537297 -0.222116
0.427476 0.154597 1.84356 0.666013 0.466706 0.538307 -0.220994
0.426038 0.154676 1.8436 0.665309 0.467068 0.539323 -0.219866
0.424602 0.154751 1.84365 0.664603 0.467427 0.540342 -0.218737
0.423167 0.154822 1.84368 0.663894 0.467781 0.541362 -0.217607
0.421733 0.154891 1.84372 0.663184 0.468131 0.542383 -0.216476
0.4203 0.154957 1.84375 0.66247 0.468476 0.543406 -0.215344
0.418863 0.155019 1.84378 0.661753 0.468819 0.544433 -0.214208
0.417428 0.155077 1.84381 0.661033 0.469157 0.545462 -0.213071
0.415993 0.155133 1.84384 0.66031 0.469491 0.546492 -0.211933
0.41456 0.155186 1.84386 0.659586 0.46982 0.547524 -0.210793
0.413129 0.155235 1.84388 0.658858 0.470145 0.548557 -0.209653
0.411698 0.155281 1.8439 0.658129 0.470466 0.549591 -0.208512
0.410269 0.155325 1.84391 0.657398 0.470783 0.550627 -0.20737
0.408841 0.155365 1.84392 0.656664 0.471095 0.551664 -0.206227
0.407414 0.155402 1.84393 0.655927 0.471403 0.552702 -0.205082
0.405989 0.155436 1.84394 0.655189 0.471707 0.553742 -0.203937
0.404565 0.155467 1.84395 0.654448 0.472006 0.554783 -0.202791
0.403142 0.155494 1.84395 0.653705 0.472301 0.555826 -0.201644
0.401721 0.155519 1.84395 0.652959 0.472591 0.556869 -0.200495
0.400301 0.155541 1.84395 0.652211 0.472877 0.557914 -0.199346
0.398882 0.15556 1.84394 0.651461 0.473159 0.558961 -0.198196
0.397465 0.155575 1.84393 0.650709 0.473436 0.560008 -0.197045
0.396049 0.155588 1.84392 0.649954 0.473709 0.561057 -0.195893
0.394634 0.155597 1.84391 0.649197 0.473978 0.562107 -0.19474
0.393221 0.155604 1.84389 0.648438 0.474242 0.563158 -0.193586
0.391809 0.155608 1.84387 0.647676 0.474502 0.564211 -0.192431
0.390398 0.155608 1.84385 0.646912 0.474757 0.565264 -0.191275
0.388989 0.155606 1.84383 0.646146 0.475008 0.566319 -0.190119
0.387581 0.1556 1.84381 0.645378 0.475254 0.567375 -0.188961
0.386175 0.155592 1.84378 0.644607 0.475496 0.568432 -0.187803
0.38477 0.15558 1.84375 0.643834 0.475734 0.569491 -0.186643
0.383366 0.155566 1.84371 0.643058 0.475967 0.57055 -0.185483
0.381964 0.155549 1.84368 0.642281 0.476195 0.571611 -0.184322
0.380564 0.155528 1.84364 0.641501 0.47642 0.572672 -0.18316
0.379164 0.155505 1.8436 0.640719 0.476639 0.573735 -0.181997
0.377766 0.155479 1.84356 0.639934 0.476854 0.574799 -0.180833
0.37637 0.15545 1.84351 0.639147 0.477065 0.575864 -0.179669
0.374975 0.155418 1.84347 0.638358 0.477271 0.576929 -0.178503
0.373582 0.155383 1.84342 0.637567 0.477473 0.577996 -0.177337
0.37219 0.155345 1.84336 0.636773 0.47767 0.579064 -0.17617
0.370799 0.155304 1.84331 0.635977 0.477863 0.580133 -0.175002
0.36941 0.15526 1.84325 0.635179 0.478051 0.581203 -0.173833
0.368023 0.155213 1.84319 0.634378 0.478235 0.582274 -0.172664
0.366637 0.155164 1.84313 0.633576 0.478414 0.583346 -0.171493
0.365253 0.155112 1.84307 0.632771 0.478588 0.584419 -0.170322
0.36387 0.155056 1.843 0.631963 0.478758 0.585492 -0.16915
0.362488 0.154998 1.84293 0.631154 0.478924 0.586567 -0.167978
0.361108 0.154937 1.84286 0.630342 0.479085 0.587643 -0.166804
0.35973 0.154873 1.84279 0.629527 0.479241 0.588719 -0.16563
0.358353 0.154806 1.84271 0.628711 0.479393 0.589796 -0.164455
0.356978 0.154737 1.84263 0.627892 0.47954 0.590874 -0.163279
0.355604 0.154664 1.84255 0.627071 0.479682 0.591954 -0.162103
0.354232 0.154589 1.84247 0.626248 0.47982 0.593033 -0.160926
0.352861 0.154511 1.84238 0.625423 0.479954 0.594114 -0.159748
0.351492 0.15443 1.84229 0.624595 0.480083 0.595196 -0.158569
0.350125 0.154346 1.8422 0.623765 0.480207 0.596278 -0.15739
0.348759 0.15426 1.84211 0.622933 0.480326 0.597361 -0.15621
0.347395 0.15417 1.84202 0.622098 0.480441 0.598445 -0.155029
0.346032 0.154078 1.84192 0.621261 0.480552 0.599529 -0.153848
0.344671 0.153983 1.84182 0.620422 0.480657 0.600615 -0.152666
0.343312 0.153885 1.84172 0.619581 0.480759 0.601701 -0.151483
0.341954 0.153785 1.84162 0.618737 0.480855 0.602787 -0.1503
0.340598 0.153682 1.84151 0.617892 0.480947 0.603875 -0.149115
0.339243 0.153576 1.8414 0.617043 0.481034 0.604963 -0.147931
0.33789 0.153467 1.84129 0.616193 0.481116 0.606052 -0.146745
0.336539 0.153355 1.84118 0.615341 0.481194 0.607141 -0.145559
0.335189 0.153241 1.84107 0.614486 0.481267 0.608231 -0.144373
0.333842 0.153124 1.84095 0.613629 0.481336 0.609322 -0.143186
0.332495 0.153004 1.84083 0.61277 0.4814 0.610413 -0.141998
0.331151 0.152882 1.84071 0.611908 0.481459 0.611505 -0.140809
0.329808 0.152757 1.84059 0.611044 0.481513 0.612598 -0.13962
0.328466 0.152629 1.84046 0.610178 0.481563 0.613691 -0.138431
0.327127 0.152498 1.84033 0.60931 0.481608 0.614784 -0.13724
0.325789 0.152365 1.8402 0.60844 0.481649 0.615878 -0.13605
0.324453 0.152229 1.84007 0.607567 0.481684 0.616973 -0.134858
0.323118 0.15209 1.83993 0.606692 0.481715 0.618068 -0.133666
0.321785 0.151949 1.8398 0.605815 0.481742 0.619164 -0.132474
0.320454 0.151805 1.83966 0.604936 0.481763 0.62026 -0.131281
0.319125 0.151658 1.83952 0.604054 0.48178 0.621356 -0.130087
0.317797 0.151509 1.83938 0.60317 0.481792 0.622453 -0.128893
0.316471 0.151357 1.83923 0.602284 0.4818 0.623551 -0.127699
0.315147 0.151202 1.83908 0.601396 0.481802 0.624649 -0.126504
0.313825 0.151045 1.83893 0.600506 0.4818 0.625747 -0.125308
0.312504 0.150885 1.83878 0.599613 0.481793 0.626846 -0.124112
0.311185 0.150722 1.83863 0.598718 0.481782 0.627945 -0.122915
0.309868 0.150557 1.83847 0.597821 0.481765 0.629044 -0.121718
0.308552 0.15039 1.83832 0.596922 0.481744 0.630144 -0.120521
0.307239 0.150219 1.83816 0.596021 0.481719 0.631244 -0.119323
0.305927 0.150046 1.83799 0.595117 0.481688 0.632344 -0.118124
0.304617 0.149871 1.83783 0.594211 0.481653 0.633445 -0.116925
0.303308 0.149693 1.83766 0.593303 0.481612 0.634546 -0.115726
0.302002 0.149512 1.83749 0.592393 0.481568 0.635647 -0.114526
0.300697 0.149328 1.83732 0.591481 0.481518 0.636748 -0.113326
0.299394 0.149143 1.83715 0.590566 0.481463 0.63785 -0.112125
0.298093 0.148954 1.83698 0.589649 0.481404 0.638952 -0.110924
0.296793 0.148763 1.8368 0.58873 0.48134 0.640054 -0.109722
0.295496 0.14857 1.83662 0.587809 0.481271 0.641157 -0.10852
0.2942 0.148374 1.83644 0.586886 0.481198 0.642259 -0.107318
0.292906 0.148175 1.83626 0.58596 0.481119 0.643362 -0.106115
0.291614 0.147974 1.83608 0.585033 0.481036 0.644465 -0.104912
0.290324 0.14777 1.83589 0.584103 0.480948 0.645568 -0.103709
0.289035 0.147564 1.8357 0.583171 0.480855 0.646671 -0.102505
0.287749 0.147355 1.83551 0.582237 0.480757 0.647774 -0.101301
0.286464 0.147144 1.83532 0.5813 0.480655 0.648877 -0.100096
0.285181 0.14693 1.83512 0.580362 0.480547 0.649981 -0.0988913
0.2839 0.146714 1.83493 0.579421 0.480435 0.651084 -0.0976861
0.282621 0.146496 1.83473 0.578478 0.480318 0.652188 -0.0964806
0.281343 0.146274 1.83453 0.577533 0.480196 0.653291 -0.0952747
0.280068 0.146051 1.83433 0.576586 0.48007 0.654395 -0.0940686
0.278794 0.145825 1.83412 0.575637 0.479938 0.655498 -0.0928621
0.277523 0.145596 1.83392 0.574685 0.479802 0.656602 -0.0916553
0.276253 0.145365 1.83371 0.573732 0.479661 0.657705 -0.0904482
0.274985 0.145132 1.8335 0.572776 0.479515 0.658809 -0.0892409
0.273719 0.144896 1.83329 0.571818 0.479364 0.659912 -0.0880333
0.272455 0.144658 1.83307 0.570858 0.479208 0.661016 -0.0868254
0.271193 0.144417 1.83286 0.569896 0.479048 0.662119 -0.0856172
0.269932 0.144174 1.83264 0.568932 0.478882 0.663222 -0.0844088
0.268674 0.143928 1.83242 0.567965 0.478712 0.664325 -0.0832002
0.267417 0.14368 1.8322 0.566997 0.478537 0.665428 -0.0819913
0.266163 0.14343 1.83198 0.566026 0.478357 0.666531 -0.0807822
0.26491 0.143177 1.83175 0.565053 0.478172 0.667633 -0.0795729
0.263659 0.142922 1.83153 0.564079 0.477983 0.668736 -0.0783633
0.26241 0.142664 1.8313 0.563102 0.477788 0.669838 -0.0771535
0.261163 0.142404 1.83107 0.562122 0.477588 0.67094 -0.0759436
0.259918 0.142142 1.83083 0.561141 0.477384 0.672041 -0.0747334
0.258675 0.141877 1.8306 0.560158 0.477175 0.673143 -0.0735231
0.257434 0.14161 1.83036 0.559173 0.476961 0.674244 -0.0723126
0.256195 0.14134 1.83013 0.558185 0.476742 0.675345 -0.0711019
0.254958 0.141069 1.82989 0.557195 0.476518 0.676446 -0.069891
0.253723 0.140794 1.82964 0.556204 0.476289 0.677546 -0.06868
0.252489 0.140518 1.8294 0.55521 0.476056 0.678646 -0.0674689
0.251258 0.140239 1.82916 0.554214 0.475817 0.679746 -0.0662576
0.250029 0.139958 1.82891 0.553216 0.475574 0.680845 -0.0650461
0.248801 0.139675 1.82866 0.552216 0.475326 0.681945 -0.0638346
0.247576 0.139389 1.82841 0.551214 0.475072 0.683043 -0.0626229
0.246353 0.139101 1.82816 0.55021 0.474814 0.684141 -0.0614111
0.245131 0.13881 1.8279 0.549203 0.474551 0.685239 -0.0601993
0.243912 0.138518 1.82765 0.548195 0.474284 0.686337 -0.0589873
0.242694 0.138223 1.82739 0.547184 0.474011 0.687434 -0.0577752
0.241479 0.137926 1.82713 0.546172 0.473733 0.68853 -0.0565631
0.240266 0.137626 1.82687 0.545157 0.473451 0.689626 -0.0553508
0.239054 0.137324 1.82661 0.544141 0.473163 0.690722 -0.0541385
0.237845 0.13702 1.82634 0.543122 0.472871 0.691817 -0.0529262
0.236637 0.136714 1.82608 0.542101 0.472573 0.692911 -0.0517138
0.235432 0.136405 1.82581 0.541079 0.472271 0.694005 -0.0505014
0.234229 0.136094 1.82554 0.540054 0.471964 0.695099 -0.0492889
0.233027 0.135781 1.82527 0.539027 0.471652 0.696192 -0.0480764
0.231828 0.135466 1.82499 0.537998 0.471335 0.697284 -0.0468638
0.230631 0.135149 1.82472 0.536967 0.471014 0.698376 -0.0456513
0.229435 0.134829 1.82444 0.535934 0.470687 0.699467 -0.0444387
0.228242 0.134507 1.82416 0.534899 0.470355 0.700557 -0.0432262
0.227051 0.134183 1.82388 0.533862 0.470019 0.701647 -0.0420137
0.225862 0.133856 1.8236 0.532823 0.469677 0.702736 -0.0408011
0.224675 0.133528 1.82332 0.531782 0.469331 0.703825 -0.0395886
0.223489 0.133197 1.82303 0.530739 0.46898 0.704913 -0.0383762
0.222306 0.132864 1.82275 0.529694 0.468623 0.706 -0.0371637
0.221126 0.132529 1.82246 0.528646 0.468262 0.707086 -0.0359513
0.219947 0.132191 1.82217 0.527597 0.467896 0.708172 -0.034739
0.21877 0.131852 1.82188 0.526546 0.467525 0.709257 -0.0335267
0.217595 0.13151 1.82158 0.525493 0.467149 0.710341 -0.0323145
0.216422 0.131166 1.82129 0.524438 0.466769 0.711424 -0.0311024
0.215252 0.13082 1.82099 0.523381 0.466383 0.712507 -0.0298903
0.214083 0.130472 1.8207 0.522322 0.465992 0.713589 -0.0286784
0.212917 0.130122 1.8204 0.521261 0.465597 0.71467 -0.0274665
0.211752 0.129769 1.82009 0.520198 0.465196 0.71575 -0.0262548
0.21059 0.129414 1.81979 0.519132 0.464791 0.716829 -0.0250431
0.20943 0.129058 1.81949 0.518065 0.464381 0.717907 -0.0238316
0.208272 0.128699 1.81918 0.516996 0.463965 0.718985 -0.0226202
0.207116 0.128338 1.81887 0.515925 0.463545 0.720061 -0.0214089
0.205962 0.127975 1.81856 0.514853 0.46312 0.721137 -0.0201978
0.20481 0.12761 1.81825 0.513778 0.46269 0.722212 -0.0189868
0.20366 0.127242 1.81794 0.512701 0.462255 0.723285 -0.017776
0.202513 0.126873 1.81763 0.511622 0.461816 0.724358 -0.0165654
0.201367 0.126502 1.81731 0.510541 0.461371 0.72543 -0.0153549
0.200224 0.126128 1.817 0.509459 0.460921 0.726501 -0.0141446
0.199083 0.125752 1.81668 0.508374 0.460467 0.727571 -0.0129344
0.197943 0.125375 1.81636 0.507287 0.460007 0.728639 -0.0117245
0.196806 0.124995 1.81604 0.506199 0.459543 0.729707 -0.0105148
0.195672 0.124613 1.81571 0.505108 0.459074 0.730774 -0.00930527
0.194539 0.124229 1.81539 0.504016 0.458599 0.731839 -0.00809596
0.193408 0.123843 1.81506 0.502922 0.45812 0.732904 -0.00688688
0.19228 0.123455 1.81473 0.501825 0.457636 0.733967 -0.00567803
0.191153 0.123065 1.81441 0.500727 0.457147 0.73503 -0.00446942
0.190029 0.122673 1.81408 0.499627 0.456654 0.736091 -0.00326105
0.188907 0.122279 1.81374 0.498525 0.456155 0.737151 -0.00205293
0.187787 0.121883 1.81341 0.497421 0.455651 0.738209 -0.000845068
0.186669 0.121485 1.81307 0.496316 0.455143 0.739267 0.000362526
0.185554 0.121084 1.81274 0.495208 0.454629 0.740323 0.00156985
0.18444 0.120682 1.8124 0.494098 0.454111 0.741379 0.00277688
0.183329 0.120278 1.81206 0.492987 0.453588 0.742433 0.00398364
0.18222 0.119872 1.81172 0.491874 0.453059 0.743485 0.00519009
0.181113 0.119464 1.81138 0.490759 0.452526 0.744537 0.00639624
0.180008 0.119054 1.81103 0.489641 0.451988 0.745587 0.00760209
0.178905 0.118642 1.81069 0.488522 0.451446 0.746636 0.00880761
0.177805 0.118227 1.81034 0.487402 0.450898 0.747683 0.0100128
0.176707 0.117811 1.80999 0.486279 0.450345 0.74873 0.0112177
0.175611 0.117393 1.80964 0.485154 0.449788 0.749775 0.0124222
0.174517 0.116973 1.80929 0.484028 0.449225 0.750818 0.0136264
0.173425 0.116551 1.80894 0.4829 0.448658 0.75186 0.0148302
0.172335 0.116127 1.80859 0.48177 0.448086 0.752901 0.0160337
0.171248 0.115702 1.80823 0.480638 0.447509 0.75394 0.0172368
0.170163 0.115274 1.80788 0.479504 0.446927 0.754978 0.0184395
0.16908 0.114844 1.80752 0.478368 0.44634 0.756015 0.0196419
0.167999 0.114412 1.80716 0.477231 0.445748 0.75705 0.0208438
0.16692 0.113979 1.8068 0.476092 0.445152 0.758084 0.0220454
0.165844 0.113543 1.80644 0.47495 0.44455 0.759116 0.0232465
0.16477 0.113106 1.80607 0.473808 0.443944 0.760147 0.0244473
0.163698 0.112666 1.80571 0.472663 0.443333 0.761176 0.0256476
0.162628 0.112225 1.80534 0.471516 0.442716 0.762203 0.0268475
0.161561 0.111782 1.80498 0.470368 0.442096 0.763229 0.0280469
0.160495 0.111337 1.80461 0.469218 0.44147 0.764254 0.029246
0.159432 0.11089 1.80424 0.468066 0.440839 0.765277 0.0304445
0.158371 0.110441 1.80386 0.466912 0.440204 0.766298 0.0316427
0.157312 0.109991 1.80349 0.465756 0.439563 0.767318 0.0328403
0.156256 0.109538 1.80312 0.464599 0.438918 0.768336 0.0340375
0.155202 0.109084 1.80274 0.46344 0.438268 0.769352 0.0352342
0.15415 0.108627 1.80237 0.462279 0.437613 0.770367 0.0364305
0.1531 0.108169 1.80199 0.461116 0.436953 0.77138 0.0376262
0.152053 0.107709 1.80161 0.459952 0.436288 0.772392 0.0388214
0.151007 0.107247 1.80123 0.458786 0.435619 0.773402 0.0400162
0.149964 0.106784 1.80085 0.457618 0.434945 0.77441 0.0412104
0.148923 0.106318 1.80046 0.456448 0.434266 0.775416 0.0424041
0.147885 0.105851 1.80008 0.455277 0.433582 0.776421 0.0435973
0.146848 0.105382 1.79969 0.454104 0.432893 0.777424 0.0447899
0.145814 0.104911 1.7993 0.452929 0.432199 0.778425 0.045982
0.144783 0.104438 1.79892 0.451752 0.431501 0.779424 0.0471736
0.143753 0.103963 1.79853 0.450574 0.430798 0.780422 0.0483646
0.142726 0.103487 1.79814 0.449393 0.43009 0.781417 0.049555
0.141701 0.103009 1.79774 0.448212 0.429377 0.782411 0.0507449
0.140678 0.102529 1.79735 0.447028 0.428659 0.783403 0.0519342
0.139657 0.102047 1.79696 0.445843 0.427936 0.784393 0.0531229
0.138639 0.101563 1.79656 0.444656 0.427209 0.785381 0.0543111
0.137623 0.101078 1.79616 0.443467 0.426477 0.786368 0.0554986
0.136609 0.10059 1.79576 0.442277 0.42574 0.787352 0.0566855
0.135598 0.100101 1.79536 0.441085 0.424999 0.788335 0.0578718
0.134589 0.0996107 1.79496 0.439891 0.424252 0.789315 0.0590575
0.133582 0.0991182 1.79456 0.438695 0.423501 0.790294 0.0602426
0.132577 0.098624 1.79416 0.437498 0.422745 0.79127 0.061427
0.131575 0.0981279 1.79375 0.4363 0.421984 0.792245 0.0626108
0.130575 0.0976302 1.79335 0.435099 0.421219 0.793218 0.063794
0.129577 0.0971307 1.79294 0.433897 0.420448 0.794188 0.0649765
0.128582 0.0966294 1.79253 0.432693 0.419673 0.795157 0.0661583
0.127589 0.0961264 1.79212 0.431488 0.418893 0.796123 0.0673395
0.126598 0.0956217 1.79171 0.430281 0.418109 0.797088 0.06852
0.125609 0.0951153 1.7913 0.429072 0.417319 0.79805 0.0696998
0.124623 0.0946071 1.79089 0.427861 0.416525 0.79901 0.070879
0.123639 0.0940972 1.79048 0.426649 0.415726 0.799968 0.0720574
0.122657 0.0935856 1.79006 0.425436 0.414923 0.800925 0.0732351
0.121678 0.0930723 1.78964 0.42422 0.414115 0.801878 0.0744122
0.120701 0.0925573 1.78923 0.423003 0.413302 0.80283 0.0755885
0.119726 0.0920406 1.78881 0.421785 0.412484 0.80378 0.0767641
0.118754 0.0915222 1.78839 0.420565 0.411661 0.804727 0.0779389
0.117784 0.0910022 1.78797 0.419343 0.410834 0.805672 0.079113
0.116816 0.0904804 1.78755 0.41812 0.410002 0.806615 0.0802864
0.11585 0.089957 1.78712 0.416895 0.409166 0.807556 0.081459
0.114887 0.0894319 1.7867 0.415668 0.408324 0.808494 0.0826309
0.113926 0.0889051 1.78627 0.41444 0.407478 0.809431 0.083802
0.112968 0.0883766 1.78585 0.41321 0.406628 0.810365 0.0849723
0.112012 0.0878465 1.78542 0.411979 0.405772 0.811296 0.0861419
0.111058 0.0873148 1.78499 0.410746 0.404912 0.812226 0.0873107
0.110106 0.0867814 1.78456 0.409512 0.404048 0.813153 0.0884786
0.109157 0.0862463 1.78413 0.408276 0.403178 0.814077 0.0896458
0.10821 0.0857096 1.7837 0.407038 0.402304 0.815 0.0908122
0.107266 0.0851713 1.78326 0.405799 0.401425 0.81592 0.0919778
0.106324 0.0846313 1.78283 0.404558 0.400542 0.816837 0.0931425
0.105384 0.0840897 1.78239 0.403316 0.399654 0.817752 0.0943064
0.104446 0.0835465 1.78196 0.402072 0.398761 0.818665 0.0954695
0.103511 0.0830017 1.78152 0.400827 0.397864 0.819576 0.0966318
0.102578 0.0824552 1.78108 0.39958 0.396962 0.820483 0.0977932
0.101648 0.0819072 1.78064 0.398332 0.396055 0.821389 0.0989537
0.10072 0.0813575 1.7802 0.397082 0.395144 0.822292 0.100113
0.0997942 0.0808063 1.77976 0.395831 0.394228 0.823192 0.101272
0.0988709 0.0802534 1.77932 0.394578 0.393308 0.82409 0.10243
0.0979499 0.079699 1.77887 0.393324 0.392383 0.824986 0.103587
0.0970312 0.079143 1.77843 0.392068 0.391453 0.825879 0.104743
0.096115 0.0785854 1.77798 0.390811 0.390519 0.826769 0.105899
0.0952011 0.0780262 1.77754 0.389552 0.38958 0.827657 0.107053
0.0942896 0.0774654 1.77709 0.388292 0.388637 0.828542 0.108207
0.0933804 0.0769031 1.77664 0.38703 0.387689 0.829425 0.109359
0.0924736 0.0763392 1.77619 0.385767 0.386736 0.830305 0.110511
0.0915692 0.0757738 1.77574 0.384502 0.385779 0.831183 0.111662
0.0906672 0.0752068 1.77529 0.383236 0.384818 0.832057 0.112811
0.0897676 0.0746383 1.77483 0.381968 0.383851 0.832929 0.11396
0.0888703 0.0740682 1.77438 0.380699 0.382881 0.833799 0.115108
0.0879754 0.0734966 1.77392 0.379429 0.381905 0.834666 0.116255
0.0870829 0.0729234 1.77347 0.378157 0.380926 0.83553 0.117401
0.0861928 0.0723487 1.77301 0.376883 0.379941 0.836391 0.118546
0.0853051 0.0717725 1.77255 0.375609 0.378952 0.83725 0.11969
0.0844198 0.0711948 1.77209 0.374332 0.377959 0.838106 0.120833
0.0835369 0.0706155 1.77163 0.373055 0.376961 0.838959 0.121975
0.0826564 0.0700348 1.77117 0.371776 0.375959 0.83981 0.123116
0.0817782 0.0694525 1.77071 0.370495 0.374952 0.840657 0.124256
0.0809025 0.0688687 1.77025 0.369213 0.37394 0.841502 0.125395
0.0800292 0.0682835 1.76978 0.36793 0.372925 0.842344 0.126533
0.0791583 0.0676967 1.76932 0.366646 0.371904 0.843184 0.127671
0.0782898 0.0671084 1.76885 0.36536 0.370879 0.84402 0.128807
0.0774237 0.0665187 1.76838 0.364072 0.36985 0.844853 0.129942
0.07656 0.0659275 1.76792 0.362784 0.368816 0.845684 0.131075
0.0756987 0.0653348 1.76745 0.361494 0.367778 0.846512 0.132208
0.0748399 0.0647406 1.76698 0.360202 0.366736 0.847337 0.13334
0.0739834 0.064145 1.76651 0.358909 0.365689 0.848159 0.134471
0.0731294 0.0635479 1.76604 0.357615 0.364637 0.848978 0.135601
0.0722778 0.0629493 1.76556 0.35632 0.363581 0.849794 0.136729
0.0714287 0.0623493 1.76509 0.355023 0.362521 0.850607 0.137857
0.0705819 0.0617478 1.76461 0.353725 0.361456 0.851417 0.138983
0.0697376 0.0611449 1.76414 0.352425 0.360387 0.852225 0.140109
0.0688957 0.0605406 1.76366 0.351125 0.359314 0.853029 0.141233
0.0680563 0.0599348 1.76319 0.349822 0.358236 0.85383 0.142356
0.0672193 0.0593276 1.76271 0.348519 0.357154 0.854628 0.143478
0.0663847 0.058719 1.76223 0.347214 0.356067 0.855424 0.144599
0.0655526 0.0581089 1.76175 0.345908 0.354976 0.856216 0.145719
0.0647229 0.0574975 1.76127 0.344601 0.353881 0.857005 0.146838
0.0638956 0.0568846 1.76079 0.343292 0.352781 0.857791 0.147956
0.0630708 0.0562703 1.7603 0.341983 0.351677 0.858574 0.149072
0.0622485 0.0556546 1.75982 0.340672 0.350569 0.859353 0.150187
0.0614286 0.0550375 1.75934 0.339359 0.349456 0.86013 0.151301
0.0606111 0.054419 1.75885 0.338045 0.348339 0.860903 0.152414
0.0597961 0.0537991 1.75836 0.336731 0.347218 0.861674 0.153526
0.0589836 0.0531778 1.75788 0.335414 0.346093 0.862441 0.154637
0.0581735 0.0525552 1.75739 0.334097 0.344963 0.863205 0.155746
0.0573659 0.0519312 1.7569 0.332778 0.343829 0.863966 0.156855
0.0565607 0.0513058 1.75641 0.331459 0.34269 0.864723 0.157962
0.055758 0.050679 1.75592 0.330137 0.341548 0.865478 0.159068
0.0549578 0.0500509 1.75543 0.328815 0.340401 0.866229 0.160172
0.05416 0.0494214 1.75494 0.327492 0.33925 0.866977 0.161276
0.0533647 0.0487905 1.75444 0.326167 0.338094 0.867722 0.162378
0.0525719 0.0481583 1.75395 0.324841 0.336935 0.868463 0.163479
0.0517816 0.0475248 1.75345 0.323514 0.335771 0.869201 0.164579
0.0509937 0.0468899 1.75296 0.322186 0.334603 0.869936 0.165677
0.0502083 0.0462537 1.75246 0.320856 0.333431 0.870667 0.166775
0.0494254 0.0456162 1.75196 0.319525 0.332254 0.871395 0.167871
0.048645 0.0449773 1.75146 0.318194 0.331074 0.87212 0.168965
0.047867 0.0443371 1.75097 0.316861 0.329889 0.872842 0.170059
0.0470916 0.0436956 1.75047 0.315526 0.3287 0.87356 0.171151
0.0463186 0.0430528 1.74996 0.314191 0.327507 0.874274 0.172242
0.0455482 0.0424086 1.74946 0.312855 0.326309 0.874986 0.173332
0.0447802 0.0417632 1.74896 0.311517 0.325108 0.875694 0.17442
0.0440147 0.0411164 1.74846 0.310178 0.323902 0.876398 0.175508
0.0432517 0.0404684 1.74795 0.308838 0.322693 0.877099 0.176593
0.0424913 0.0398191 1.74745 0.307497 0.321479 0.877797 0.177678
0.0417333 0.0391685 1.74694 0.306155 0.320261 0.878491 0.178761
0.0409778 0.0385166 1.74644 0.304812 0.319039 0.879181 0.179843
0.0402249 0.0378634 1.74593 0.303468 0.317813 0.879869 0.180924
0.0394744 0.037209 1.74542 0.302122 0.316583 0.880552 0.182003
0.0387265 0.0365533 1.74491 0.300776 0.315348 0.881232 0.183081
0.037981 0.0358963 1.7444 0.299428 0.31411 0.881909 0.184157
0.0372381 0.0352381 1.74389 0.29808 0.312868 0.882582 0.185233
0.0364977 0.0345786 1.74338 0.29673 0.311621 0.883252 0.186307
0.0357598 0.0339178 1.74287 0.295379 0.310371 0.883917 0.187379
0.0350245 0.0332558 1.74236 0.294027 0.309116 0.88458 0.18845
0.0342916 0.0325926 1.74184 0.292674 0.307858 0.885239 0.18952
0.0335613 0.0319282 1.74133 0.29132 0.306595 0.885894 0.190589
0.0328335 0.0312625 1.74081 0.289965 0.305329 0.886545 0.191656
0.0321083 0.0305956 1.7403 0.288609 0.304058 0.887193 0.192721
0.0313856 0.0299274 1.73978 0.287252 0.302784 0.887837 0.193785
0.0306654 0.0292581 1.73926 0.285894 0.301506 0.888478 0.194848
0.0299477 0.0285875 1.73874 0.284535 0.300223 0.889115 0.19591
0.0292326 0.0279157 1.73822 0.283175 0.298937 0.889748 0.19697
0.0285201 0.0272428 1.7377 0.281814 0.297647 0.890378 0.198028
0.02781 0.0265686 1.73718 0.280452 0.296352 0.891003 0.199086
0.0271025 0.0258932 1.73666 0.279089 0.295054 0.891625 0.200141
0.0262218 0.0250473 1.73601 0.277383 0.293426 0.892398 0.201459
0.025345 0.0241996 1.73536 0.275677 0.291792 0.893164 0.202775
0.0244722 0.02335 1.7347 0.273968 0.290152 0.893925 0.204088
0.0236034 0.0224986 1.73404 0.272259 0.288505 0.894679 0.205399
0.0229112 0.0218162 1.73352 0.27089 0.287184 0.895279 0.206446
0.0222216 0.0211326 1.73299 0.26952 0.285859 0.895875 0.207491
0.0215345 0.0204478 1.73246 0.268149 0.28453 0.896466 0.208535
0.02085 0.0197619 1.73194 0.266777 0.283197 0.897054 0.209578
0.0201681 0.0190749 1.73141 0.265405 0.28186 0.897638 0.210619
0.0193193 0.0182144 1.73075 0.263688 0.280184 0.898363 0.211919
0.0184745 0.0173522 1.73008 0.261969 0.278502 0.899082 0.213216
0.0176338 0.0164883 1.72942 0.260249 0.276814 0.899794 0.21451
0.016797 0.0156226 1.72875 0.258528 0.27512 0.900501 0.215803
0.0161305 0.0149287 1.72822 0.25715 0.27376 0.901062 0.216835
0.0154666 0.0142338 1.72769 0.255771 0.272397 0.901618 0.217865
0.0148053 0.0135377 1.72715 0.254391 0.27103 0.902171 0.218894
0.0141466 0.0128406 1.72662 0.25301 0.26966 0.90272 0.219922
0.0134904 0.0121423 1.72608 0.251629 0.268285 0.903265 0.220948
0.0126739 0.0112679 1.72541 0.249901 0.266562 0.903941 0.222228
0.0118614 0.0103919 1.72474 0.248171 0.264833 0.90461 0.223506
0.0110529 0.0095141 1.72406 0.24644 0.263099 0.905273 0.224781
0.0102485 0.00863466 1.72339 0.244708 0.261359 0.90593 0.226054
0.00960792 0.0079299 1.72285 0.243322 0.259962 0.906451 0.227071
0.00896993 0.00722408 1.72231 0.241934 0.258562 0.906967 0.228086
0.00833455 0.0065172 1.72177 0.240546 0.257159 0.90748 0.229099
0.00770177 0.00580926 1.72122 0.239157 0.255752 0.907989 0.230111
0.00707159 0.00510027 1.72068 0.237767 0.254341 0.908493 0.231122
0.00628755 0.00421256 1.72 0.236029 0.252572 0.909118 0.232382
0.00550758 0.00332323 1.71932 0.23429 0.250798 0.909737 0.23364
0.00473171 0.00243228 1.71864 0.232549 0.249019 0.910349 0.234896
0.00395992 0.00153973 1.71796 0.230807 0.247233 0.910954 0.236149
0.00334544 0.000824543 1.71741 0.229412 0.245801 0.911434 0.237149
0.00273357 0.000108337 1.71686 0.228017 0.244366 0.91191 0.238148
0.00212434 -0.000608881 1.71631 0.226621 0.242927 0.912381 0.239145
0.00151773 -0.0013271 1.71576 0.225225 0.241484 0.912848 0.240141
0.000913748 -0.00204633 1.71521 0.223828 0.240038 0.913311 0.241135
0.000162471 -0.00294676 1.71453 0.22208 0.238225 0.913884 0.242375
-0.000584692 -0.00384874 1.71384 0.220331 0.236407 0.91445 0.243612
-0.00132774 -0.00475225 1.71315 0.218581 0.234584 0.91501 0.244847
-0.00206666 -0.00565729 1.71246 0.21683 0.232755 0.915562 0.24608
-0.00265482 -0.00638242 1.7119 0.215429 0.231289 0.916 0.247064
-0.00324035 -0.00710851 1.71135 0.214026 0.229818 0.916433 0.248046
-0.00382322 -0.00783556 1.71079 0.212623 0.228345 0.916862 0.249026
-0.00440346 -0.00856357 1.71024 0.21122 0.226868 0.917286 0.250005
-0.00498104 -0.00929252 1.70968 0.209816 0.225388 0.917707 0.250982
-0.00569928 -0.010205 1.70899 0.20806 0.223533 0.918226 0.252201
-0.00641339 -0.011119 1.70829 0.206302 0.221672 0.918738 0.253418
-0.00712334 -0.0120345 1.70759 0.204544 0.219807 0.919244 0.254631
-0.00782913 -0.0129514 1.70689 0.202785 0.217936 0.919743 0.255842
-0.00839077 -0.0136859 1.70633 0.201377 0.216436 0.920137 0.256809
-0.00894975 -0.0144214 1.70577 0.199968 0.214932 0.920527 0.257774
-0.00950606 -0.0151578 1.70521 0.198559 0.213426 0.920912 0.258738
-0.0100597 -0.015895 1.70465 0.197149 0.211916 0.921293 0.259699
-0.0106107 -0.0166332 1.70408 0.195739 0.210402 0.921669 0.260659
-0.0112956 -0.0175572 1.70338 0.193975 0.208506 0.922133 0.261856
-0.0119764 -0.0184826 1.70268 0.19221 0.206605 0.922591 0.263051
-0.012653 -0.0194093 1.70197 0.190445 0.204699 0.923041 0.264243
-0.0133254 -0.0203374 1.70126 0.188678 0.202788 0.923485 0.265432
-0.0138604 -0.0210808 1.7007 0.187264 0.201255 0.923834 0.266381
-0.0143926 -0.0218251 1.70013 0.18585 0.19972 0.924179 0.267328
-0.0149221 -0.0225703 1.69956 0.184435 0.198181 0.92452 0.268274
-0.015449 -0.0233163 1.69899 0.18302 0.196639 0.924856 0.269218
-0.0159731 -0.0240632 1.69842 0.181604 0.195094 0.925188 0.27016
-0.0166246 -0.024998 1.69771 0.179833 0.193159 0.925596 0.271335
-0.0172718 -0.025934 1.697 0.178062 0.191218 0.925997 0.272507
-0.0179148 -0.0268714 1.69629 0.17629 0.189273 0.92639 0.273676
-0.0185535 -0.02781 1.69557 0.174517 0.187323 0.926777 0.274842
-0.0190615 -0.0285618 1.695 0.173098 0.18576 0.927081 0.275773
-0.0195668 -0.0293144 1.69443 0.171679 0.184193 0.927381 0.276703
-0.0200694 -0.0300679 1.69385 0.170259 0.182624 0.927676 0.27763
-0.0205692 -0.0308221 1.69328 0.168839 0.181052 0.927966 0.278555
-0.0210664 -0.0315771 1.6927 0.167418 0.179476 0.928252 0.279479
-0.021684 -0.032522 1.69198 0.165642 0.177503 0.928602 0.280631
-0.0222974 -0.033468 1.69126 0.163864 0.175525 0.928945 0.28178
-0.0229065 -0.0344153 1.69054 0.162087 0.173542 0.929281 0.282926
-0.0235114 -0.0353638 1.68982 0.160308 0.171555 0.92961 0.28407
-0.0239923 -0.0361234 1.68924 0.158885 0.169962 0.929868 0.284982
-0.0244704 -0.0368838 1.68866 0.157461 0.168366 0.930121 0.285893
-0.0249458 -0.037645 1.68808 0.156037 0.166767 0.930369 0.286801
-0.0254185 -0.0384068 1.6875 0.154613 0.165166 0.930612 0.287708
-0.0258885 -0.0391694 1.68692 0.153188 0.163561 0.930851 0.288613
-0.026472 -0.0401237 1.68619 0.151407 0.161552 0.931143 0.289741
-0.0270514 -0.0410791 1.68547 0.149625 0.159538 0.931427 0.290867
-0.0276264 -0.0420356 1.68474 0.147842 0.157519 0.931704 0.291989
-0.0281972 -0.0429932 1.68401 0.146059 0.155497 0.931974 0.293109
-0.0286507 -0.0437601 1.68342 0.144632 0.153875 0.932184 0.294002
-0.0291015 -0.0445277 1.68284 0.143205 0.152251 0.932389 0.294893
-0.0295495 -0.0452959 1.68225 0.141778 0.150625 0.93259 0.295783
-0.0299948 -0.0460649 1.68167 0.14035 0.148995 0.932786 0.296671
-0.0304374 -0.0468345 1.68108 0.138922 0.147363 0.932977 0.297556
-0.0309867 -0.0477974 1.68035 0.137136 0.145319 0.933208 0.29866
-0.0315317 -0.0487614 1.67961 0.13535 0.143271 0.933433 0.299762
-0.0320724 -0.0497265 1.67888 0.133564 0.141218 0.93365 0.30086
-0.0326089 -0.0506925 1.67814 0.131777 0.139162 0.933859 0.301955
-0.0330349 -0.051466 1.67755 0.130347 0.137513 0.934021 0.302829
-0.0334581 -0.0522402 1.67696 0.128917 0.135863 0.934177 0.303701
-0.0338786 -0.053015 1.67637 0.127487 0.134209 0.93433 0.304571
-0.0342964 -0.0537904 1.67578 0.126057 0.132553 0.934477 0.305439
-0.0347113 -0.0545665 1.67518 0.124626 0.130895 0.934619 0.306305
-0.0352262 -0.0555374 1.67444 0.122837 0.128818 0.93479 0.307384
-0.0357367 -0.0565092 1.6737 0.121048 0.126737 0.934953 0.308461
-0.0362428 -0.057482 1.67296 0.119259 0.124653 0.935108 0.309534
-0.0367446 -0.0584557 1.67221 0.117469 0.122564 0.935256 0.310604
-0.037143 -0.0592353 1.67162 0.116037 0.12089 0.935369 0.311458
-0.0375385 -0.0600155 1.67102 0.114605 0.119214 0.935476 0.31231
-0.0379313 -0.0607962 1.67043 0.113173 0.117536 0.935579 0.31316
-0.0383213 -0.0615775 1.66983 0.11174 0.115855 0.935677 0.314008
-0.0387085 -0.0623594 1.66923 0.110308 0.114171 0.935769 0.314854
-0.0391886 -0.0633374 1.66848 0.108517 0.112063 0.935878 0.315908
-0.0396644 -0.0643164 1.66773 0.106726 0.109952 0.935979 0.316959
-0.0401357 -0.0652961 1.66698 0.104934 0.107837 0.936072 0.318007
-0.0406028 -0.0662767 1.66623 0.103143 0.105718 0.936158 0.319052
-0.0409733 -0.0670618 1.66563 0.101709 0.10402 0.93622 0.319886
-0.0413409 -0.0678473 1.66503 0.100276 0.10232 0.936278 0.320717
-0.0417058 -0.0686334 1.66443 0.0988425 0.100618 0.93633 0.321547
-0.0420679 -0.0694199 1.66382 0.0974088 0.0989134 0.936377 0.322374
-0.0424272 -0.070207 1.66322 0.0959751 0.0972065 0.93642 0.323199
-0.0428724 -0.0711914 1.66247 0.0941828 0.0950697 0.936465 0.324228
-0.0433132 -0.0721767 1.66171 0.0923905 0.0929294 0.936503 0.325253
-0.0437496 -0.0731626 1.66095 0.090598 0.0907856 0.936533 0.326276
-0.0441816 -0.0741493 1.6602 0.0888055 0.0886384 0.936555 0.327294
-0.0445241 -0.0749392 1.65959 0.0873715 0.0869181 0.936567 0.328107
-0.0448637 -0.0757294 1.65898 0.0859374 0.0851957 0.936573 0.328918
-0.0452006 -0.0765202 1.65837 0.0845033 0.0834711 0.936575 0.329727
-0.0455346 -0.0773113 1.65777 0.0830692 0.0817444 0.936571 0.330533
-0.0458658 -0.0781029 1.65716 0.0816351 0.0800156 0.936562 0.331337
-0.0462759 -0.079093 1.65639 0.0798425 0.0778515 0.936544 0.33234
-0.0466815 -0.0800837 1.65563 0.0780498 0.0756842 0.936518 0.333339
-0.0470828 -0.081075 1.65487 0.0762573 0.0735137 0.936483 0.334335
-0.0474796 -0.082067 1.6541 0.0744647 0.0713399 0.936441 0.335327
-0.0477939 -0.082861 1.65349 0.0730307 0.0695986 0.936401 0.336119
-0.0481054 -0.0836554 1.65288 0.0715968 0.0678553 0.936356 0.336909
-0.048414 -0.0844501 1.65227 0.0701629 0.06611 0.936306 0.337696
-0.0487199 -0.0852452 1.65165 0.0687291 0.0643626 0.93625 0.338481
-0.0490228 -0.0860407 1.65104 0.0672953 0.0626133 0.936189 0.339264
-0.0493976 -0.0870355 1.65027 0.0655033 0.060424 0.936106 0.34024
-0.0497679 -0.0880309 1.6495 0.0637113 0.0582316 0.936015 0.341212
-0.0501339 -0.0890267 1.64873 0.0619195 0.0560362 0.935915 0.342181
-0.0504953 -0.0900231 1.64796 0.0601279 0.0538378 0.935808 0.343147
-0.0507813 -0.0908206 1.64734 0.0586948 0.0520769 0.935716 0.343917
-0.0510645 -0.0916184 1.64672 0.0572617 0.0503143 0.935618 0.344685
-0.0513448 -0.0924164 1.6461 0.0558288 0.0485497 0.935516 0.345451
-0.0516223 -0.0932148 1.64549 0.054396 0.0467833 0.935408 0.346215
-0.051897 -0.0940135 1.64487 0.0529634 0.0450151 0.935295 0.346976
-0.0522363 -0.0950122 1.64409 0.0511728 0.0428024 0.935146 0.347925
-0.0525711 -0.0960113 1.64331 0.0493825 0.0405868 0.934989 0.34887
-0.0529015 -0.0970109 1.64254 0.0475925 0.0383685 0.934823 0.349812
-0.0532275 -0.0980108 1.64176 0.0458027 0.0361474 0.93465 0.35075
-0.0534851 -0.0988111 1.64114 0.0443711 0.0343686 0.934505 0.351498
-0.0537398 -0.0996115 1.64051 0.0429397 0.0325881 0.934354 0.352244
-0.0539917 -0.100412 1.63989 0.0415085 0.0308059 0.934199 0.352988
-0.0542407 -0.101213 1.63926 0.0400776 0.0290221 0.934038 0.35373
-0.0544869 -0.102014 1.63864 0.0386468 0.0272365 0.933872 0.354469
-0.0547906 -0.103016 1.63786 0.0368587 0.0250023 0.933656 0.35539
-0.0550899 -0.104018 1.63707 0.0350709 0.0227655 0.933433 0.356308
-0.0553847 -0.10502 1.63629 0.0332836 0.0205263 0.933201 0.357222
-0.055675 -0.106023 1.63551 0.0314967 0.0182845 0.93296 0.358133
-0.0559041 -0.106825 1.63488 0.0300674 0.0164893 0.932762 0.358859
-0.0561303 -0.107628 1.63425 0.0286384 0.0146926 0.932558 0.359583
-0.0563536 -0.10843 1.63362 0.0272097 0.0128944 0.932349 0.360304
-0.0565741 -0.109233 1.63299 0.0257813 0.0110946 0.932134 0.361023
-0.0567917 -0.110036 1.63236 0.0243532 0.00929332 0.931914 0.36174
-0.0570597 -0.11104 1.63157 0.0225685 0.00703963 0.931632 0.362634
-0.0573232 -0.112044 1.63078 0.0207843 0.00478366 0.931341 0.363523
-0.0575823 -0.113048 1.62999 0.0190006 0.00252543 0.931042 0.364409
-0.0578368 -0.114053 1.6292 0.0172174 0.000264966 0.930734 0.365292
-0.0580373 -0.114856 1.62857 0.0157913 -0.00154498 0.930481 0.365995
-0.0582349 -0.11566 1.62793 0.0143655 -0.00335633 0.930224 0.366697
-0.0584296 -0.116464 1.6273 0.01294 -0.00516904 0.92996 0.367395
-0.0586214 -0.117268 1.62666 0.011515 -0.00698311 0.929692 0.368092
-0.0588104 -0.118072 1.62603 0.0100903 -0.00879852 0.929418 0.368787
-0.0590426 -0.119077 1.62523 0.00830994 -0.0110696 0.929067 0.369651
-0.0592703 -0.120082 1.62444 0.00653022 -0.0133428 0.928709 0.370513
-0.0594935 -0.121087 1.62364 0.00475113 -0.015618 0.928341 0.37137
-0.0597122 -0.122092 1.62284 0.00297269 -0.0178951 0.927966 0.372224
-0.059884 -0.122896 1.6222 0.00155041 -0.0197182 0.927659 0.372905
-0.0600529 -0.1237 1.62157 0.000128553 -0.0215426 0.927346 0.373583
-0.0602189 -0.124505 1.62093 -0.00129286 -0.0233681 0.927029 0.374259
-0.0603821 -0.125309 1.62029 -0.00271383 -0.0251948 0.926705 0.374933
-0.0605423 -0.126113 1.61964 -0.00413435 -0.0270227 0.926377 0.375605
-0.0607387 -0.127118 1.61884 -0.00590935 -0.0293093 0.925958 0.376441
-0.0609305 -0.128123 1.61804 -0.00768362 -0.0315976 0.925531 0.377273
-0.0611178 -0.129128 1.61724 -0.00945713 -0.0338876 0.925095 0.378102
-0.0613006 -0.130134 1.61643 -0.0112299 -0.0361794 0.924651 0.378927
-0.061479 -0.131139 1.61563 -0.0130019 -0.0384728 0.924198 0.379749
-0.0616528 -0.132143 1.61482 -0.014773 -0.040768 0.923736 0.380567
-0.0618222 -0.133148 1.61401 -0.0165434 -0.0430647 0.923266 0.381381
-0.0619871 -0.134153 1.61321 -0.018313 -0.045363 0.922787 0.382192
