-0.136611 -0.717173 2.123 0.642788 0 0 -0.766044
-0.135959 -0.718576 2.12276 0.644878 0.000524152 0.000439799 -0.764285
-0.135302 -0.719977 2.12252 0.646963 0.00104945 0.000878226 -0.76252
-0.134641 -0.721378 2.12228 0.649043 0.00157588 0.00131528 -0.760749
-0.133976 -0.722777 2.12204 0.651118 0.00210345 0.00175095 -0.758972
-0.133307 -0.724175 2.1218 0.653188 0.00263215 0.00218525 -0.757188
-0.132634 -0.725572 2.12155 0.655252 0.00316197 0.00261815 -0.755399
-0.131956 -0.726968 2.1213 0.657311 0.00369292 0.00304967 -0.753604
-0.131274 -0.728363 2.12105 0.659366 0.00422498 0.0034798 -0.751803
-0.130588 -0.729757 2.1208 0.661414 0.00475816 0.00390854 -0.749995
-0.129897 -0.731149 2.12055 0.663458 0.00529245 0.00433587 -0.748182
-0.129203 -0.732541 2.12029 0.665496 0.00582785 0.00476181 -0.746363
-0.128504 -0.733931 2.12003 0.667529 0.00636435 0.00518634 -0.744538
-0.127801 -0.73532 2.11978 0.669557 0.00690194 0.00560946 -0.742707
-0.127094 -0.736707 2.11951 0.671579 0.00744063 0.00603117 -0.740871
-0.126383 -0.738093 2.11925 0.673596 0.00798041 0.00645147 -0.739028
-0.125667 -0.739478 2.11899 0.675608 0.00852128 0.00687034 -0.73718
-0.124947 -0.740862 2.11872 0.677614 0.00906323 0.0072878 -0.735325
-0.124223 -0.742244 2.11845 0.679615 0.00960625 0.00770384 -0.733465
-0.123495 -0.743625 2.11818 0.681611 0.0101503 0.00811844 -0.731599
-0.122763 -0.745005 2.11791 0.683601 0.0106955 0.00853162 -0.729728
-0.122027 -0.746383 2.11764 0.685586 0.0112417 0.00894336 -0.72785
-0.121286 -0.74776 2.11736 0.687565 0.011789 0.00935367 -0.725967
-0.120542 -0.749135 2.11709 0.689538 0.0123374 0.00976253 -0.724078
-0.119793 -0.750509 2.11681 0.691507 0.0128868 0.01017 -0.722184
-0.11904 -0.751882 2.11653 0.693469 0.0134372 0.0105759 -0.720283
-0.118283 -0.753253 2.11625 0.695426 0.0139887 0.0109805 -0.718377
-0.117522 -0.754623 2.11596 0.697378 0.0145412 0.0113835 -0.716465
-0.116756 -0.755991 2.11568 0.699324 0.0150948 0.0117851 -0.714548
-0.115987 -0.757357 2.11539 0.701265 0.0156494 0.0121853 -0.712625
-0.115213 -0.758722 2.1151 0.703199 0.016205 0.012584 -0.710697
-0.114436 -0.760086 2.11481 0.705129 0.0167617 0.0129812 -0.708762
-0.113654 -0.761448 2.11452 0.707052 0.0173193 0.013377 -0.706823
-0.112868 -0.762808 2.11422 0.70897 0.017878 0.0137713 -0.704877
-0.112078 -0.764167 2.11392 0.710883 0.0184377 0.0141641 -0.702926
-0.111284 -0.765524 2.11363 0.712789 0.0189984 0.0145554 -0.70097
-0.110486 -0.766879 2.11333 0.71469 0.0195601 0.0149453 -0.699008
-0.109683 -0.768233 2.11302 0.716585 0.0201228 0.0153337 -0.69704
-0.108877 -0.769585 2.11272 0.718475 0.0206865 0.0157206 -0.695067
-0.108067 -0.770936 2.11242 0.720359 0.0212511 0.016106 -0.693089
-0.107252 -0.772284 2.11211 0.722237 0.0218168 0.0164899 -0.691105
-0.106434 -0.773631 2.1118 0.724109 0.0223834 0.0168723 -0.689116
-0.105611 -0.774977 2.11149 0.725975 0.022951 0.0172532 -0.687121
-0.104785 -0.77632 2.11118 0.727836 0.0235196 0.0176326 -0.685121
-0.103954 -0.777662 2.11087 0.729691 0.0240892 0.0180105 -0.683115
-0.103119 -0.779002 2.11055 0.73154 0.0246597 0.0183869 -0.681104
-0.102281 -0.78034 2.11023 0.733383 0.0252312 0.0187618 -0.679088
-0.101438 -0.781677 2.10991 0.73522 0.0258036 0.0191352 -0.677067
-0.100591 -0.783011 2.10959 0.737052 0.0263769 0.019507 -0.67504
-0.0997407 -0.784344 2.10927 0.738877 0.0269513 0.0198774 -0.673008
-0.098886 -0.785675 2.10895 0.740697 0.0275265 0.0202462 -0.67097
-0.0980273 -0.787004 2.10862 0.74251 0.0281027 0.0206135 -0.668927
-0.0971646 -0.788331 2.1083 0.744318 0.0286798 0.0209792 -0.666879
-0.096298 -0.789656 2.10797 0.74612 0.0292579 0.0213435 -0.664826
-0.0954274 -0.790979 2.10764 0.747915 0.0298369 0.0217062 -0.662768
-0.0945529 -0.7923 2.1073 0.749705 0.0304168 0.0220673 -0.660704
-0.0936743 -0.79362 2.10697 0.751489 0.0309976 0.0224269 -0.658635
-0.0927919 -0.794937 2.10663 0.753267 0.0315793 0.022785 -0.656561
-0.0919055 -0.796252 2.1063 0.755038 0.0321619 0.0231416 -0.654482
-0.0910152 -0.797566 2.10596 0.756804 0.0327454 0.0234965 -0.652398
-0.0901209 -0.798877 2.10562 0.758564 0.0333298 0.02385 -0.650309
-0.0892227 -0.800186 2.10527 0.760317 0.0339151 0.0242019 -0.648214
-0.0883207 -0.801493 2.10493 0.762064 0.0345013 0.0245522 -0.646115
-0.0874147 -0.802798 2.10459 0.763806 0.0350884 0.0249009 -0.644011
-0.0865048 -0.804101 2.10424 0.765541 0.0356764 0.0252482 -0.641901
-0.085591 -0.805402 2.10389 0.76727 0.0362652 0.0255938 -0.639786
-0.0846734 -0.806701 2.10354 0.768993 0.0368549 0.0259379 -0.637667
-0.0837519 -0.807998 2.10319 0.770709 0.0374455 0.0262804 -0.635542
-0.0828265 -0.809292 2.10283 0.77242 0.0380369 0.0266213 -0.633413
-0.0818973 -0.810585 2.10248 0.774124 0.0386292 0.0269607 -0.631278
-0.0809642 -0.811875 2.10212 0.775822 0.0392223 0.0272984 -0.629139
-0.0800273 -0.813163 2.10176 0.777514 0.0398163 0.0276346 -0.626995
-0.0790866 -0.814449 2.1014 0.7792 0.0404111 0.0279692 -0.624846
-0.078142 -0.815732 2.10104 0.780879 0.0410068 0.0283023 -0.622692
-0.0771936 -0.817014 2.10068 0.782552 0.0416033 0.0286337 -0.620533
-0.0762414 -0.818293 2.10031 0.784219 0.0422006 0.0289635 -0.618369
-0.0752855 -0.819569 2.09994 0.78588 0.0427988 0.0292918 -0.616201
-0.0743257 -0.820844 2.09958 0.787534 0.0433977 0.0296184 -0.614027
-0.0733622 -0.822116 2.09921 0.789182 0.0439975 0.0299435 -0.611849
-0.0723949 -0.823386 2.09884 0.790823 0.0445981 0.0302669 -0.609667
-0.0714238 -0.824653 2.09846 0.792459 0.0451995 0.0305888 -0.607479
-0.070449 -0.825919 2.09809 0.794087 0.0458017 0.030909 -0.605287
-0.0694704 -0.827182 2.09771 0.79571 0.0464047 0.0312277 -0.60309
-0.0684881 -0.828442 2.09733 0.797326 0.0470085 0.0315447 -0.600888
-0.0675021 -0.8297 2.09696 0.798935 0.0476131 0.0318601 -0.598682
-0.0665123 -0.830956 2.09657 0.800539 0.0482185 0.0321739 -0.596471
-0.0655188 -0.832209 2.09619 0.802135 0.0488246 0.032486 -0.594255
-0.0645217 -0.83346 2.09581 0.803726 0.0494315 0.0327966 -0.592035
-0.0635209 -0.834708 2.09542 0.80531 0.0500392 0.0331055 -0.58981
-0.0625163 -0.835954 2.09504 0.806887 0.0506476 0.0334128 -0.587581
-0.0615081 -0.837198 2.09465 0.808458 0.0512569 0.0337184 -0.585347
-0.0604963 -0.838439 2.09426 0.810022 0.0518668 0.0340225 -0.583109
-0.0594808 -0.839677 2.09387 0.81158 0.0524775 0.0343248 -0.580866
-0.0584616 -0.840913 2.09347 0.813132 0.053089 0.0346256 -0.578619
-0.0574389 -0.842146 2.09308 0.814677 0.0537012 0.0349247 -0.576367
-0.0564125 -0.843377 2.09268 0.816215 0.0543141 0.0352222 -0.57411
-0.0553825 -0.844605 2.09228 0.817746 0.0549278 0.035518 -0.57185
-0.0543489 -0.845831 2.09189 0.819272 0.0555422 0.0358122 -0.569585
-0.0533116 -0.847054 2.09149 0.82079 0.0561573 0.0361047 -0.567315
-0.0522709 -0.848275 2.09108 0.822302 0.0567732 0.0363956 -0.565041
-0.0512265 -0.849493 2.09068 0.823807 0.0573897 0.0366848 -0.562763
-0.0501786 -0.850708 2.09027 0.825306 0.058007 0.0369724 -0.56048
-0.0491271 -0.851921 2.08987 0.826798 0.0586249 0.0372583 -0.558193
-0.0480721 -0.853131 2.08946 0.828284 0.0592436 0.0375425 -0.555902
-0.0470135 -0.854338 2.08905 0.829762 0.059863 0.0378251 -0.553607
-0.0459515 -0.855543 2.08864 0.831234 0.060483 0.038106 -0.551307
-0.0448859 -0.856745 2.08823 0.8327 0.0611038 0.0383853 -0.549003
-0.0438168 -0.857944 2.08781 0.834158 0.0617252 0.0386628 -0.546695
-0.0427442 -0.85914 2.0874 0.83561 0.0623473 0.0389387 -0.544382
-0.0416682 -0.860334 2.08698 0.837055 0.06297 0.039213 -0.542066
-0.0405887 -0.861525 2.08656 0.838494 0.0635935 0.0394855 -0.539745
-0.0395057 -0.862713 2.08614 0.839926 0.0642175 0.0397564 -0.53742
-0.0384193 -0.863899 2.08572 0.841351 0.0648423 0.0400256 -0.535091
-0.0373294 -0.865082 2.0853 0.842769 0.0654677 0.0402931 -0.532758
-0.0362361 -0.866262 2.08488 0.84418 0.0660937 0.0405589 -0.530421
-0.0351394 -0.867439 2.08445 0.845585 0.0667204 0.040823 -0.52808
-0.0340393 -0.868613 2.08403 0.846982 0.0673478 0.0410855 -0.525735
-0.0329358 -0.869784 2.0836 0.848373 0.0679757 0.0413462 -0.523386
-0.0318289 -0.870953 2.08317 0.849757 0.0686043 0.0416052 -0.521032
-0.0307187 -0.872119 2.08274 0.851135 0.0692335 0.0418626 -0.518675
-0.029605 -0.873282 2.08231 0.852505 0.0698634 0.0421182 -0.516314
-0.0284881 -0.874442 2.08187 0.853869 0.0704938 0.0423722 -0.513949
-0.0273678 -0.875599 2.08144 0.855225 0.0711249 0.0426244 -0.51158
-0.0262441 -0.876753 2.081 0.856575 0.0717565 0.042875 -0.509207
-0.0251172 -0.877904 2.08056 0.857918 0.0723888 0.0431238 -0.50683
-0.023987 -0.879052 2.08012 0.859254 0.0730216 0.0433709 -0.50445
-0.0228534 -0.880198 2.07968 0.860583 0.0736551 0.0436163 -0.502065
-0.0217166 -0.88134 2.07924 0.861905 0.0742891 0.04386 -0.499677
-0.0205765 -0.88248 2.0788 0.86322 0.0749237 0.044102 -0.497285
-0.0194332 -0.883616 2.07835 0.864528 0.0755589 0.0443422 -0.494889
-0.0182866 -0.88475 2.07791 0.86583 0.0761947 0.0445808 -0.49249
-0.0171367 -0.88588 2.07746 0.867124 0.076831 0.0448176 -0.490086
-0.0159837 -0.887007 2.07701 0.868411 0.0774679 0.0450527 -0.487679
-0.0148276 -0.888132 2.07656 0.869691 0.0781052 0.045286 -0.485269
-0.0136682 -0.889253 2.07611 0.870965 0.0787431 0.0455176 -0.482854
-0.0125057 -0.890371 2.07566 0.872231 0.0793815 0.0457474 -0.480436
-0.01134 -0.891486 2.07521 0.87349 0.0800205 0.0459756 -0.478015
-0.0101714 -0.892597 2.07475 0.874742 0.0806598 0.0462019 -0.47559
-0.00899962 -0.893705 2.0743 0.875987 0.0812996 0.0464265 -0.473161
-0.00782472 -0.89481 2.07384 0.877225 0.0819399 0.0466493 -0.470729
-0.0066467 -0.895912 2.07338 0.878456 0.0825808 0.0468704 -0.468293
-0.00546594 -0.89701 2.07292 0.87968 0.0832218 0.0470897 -0.465854
-0.00428208 -0.898105 2.07246 0.880896 0.0838634 0.0473072 -0.463412
-0.00309513 -0.899197 2.072 0.882106 0.0845055 0.0475229 -0.460966
-0.00190512 -0.900286 2.07153 0.883308 0.0851481 0.047737 -0.458516
-0.000712538 -0.90137 2.07107 0.884504 0.0857907 0.0479491 -0.456064
0.000483084 -0.902452 2.07061 0.885692 0.0864338 0.0481595 -0.453608
0.00168174 -0.90353 2.07014 0.886873 0.0870774 0.0483681 -0.451148
0.00288341 -0.904605 2.06967 0.888047 0.0877215 0.048575 -0.448685
0.00408746 -0.905675 2.0692 0.889213 0.0883655 0.0487799 -0.44622
0.0052945 -0.906742 2.06873 0.890373 0.08901 0.0489831 -0.44375
0.00650451 -0.907806 2.06826 0.891525 0.0896549 0.0491846 -0.441278
0.0077175 -0.908867 2.06779 0.89267 0.0903003 0.0493843 -0.438802
0.00893266 -0.909922 2.06732 0.893808 0.0909455 0.049582 -0.436324
0.0101508 -0.910975 2.06684 0.894938 0.0915912 0.0497779 -0.433842
0.0113718 -0.912024 2.06637 0.896062 0.0922373 0.0499722 -0.431357
0.0125957 -0.91307 2.06589 0.897178 0.0928838 0.0501646 -0.428868
0.0138216 -0.914111 2.06541 0.898287 0.09353 0.0503551 -0.426377
0.0150504 -0.915148 2.06494 0.899388 0.0941766 0.0505438 -0.423883
0.0162821 -0.916183 2.06446 0.900482 0.0948236 0.0507307 -0.421386
0.0175166 -0.917214 2.06398 0.90157 0.095471 0.0509159 -0.418886
0.0187529 -0.918239 2.0635 0.902649 0.096118 0.051099 -0.416383
0.0199921 -0.919261 2.06302 0.903722 0.0967654 0.0512804 -0.413877
0.021234 -0.92028 2.06253 0.904787 0.0974131 0.05146 -0.411368
0.0224787 -0.921296 2.06205 0.905845 0.0980613 0.0516379 -0.408856
0.023725 -0.922305 2.06157 0.906895 0.0987088 0.0518137 -0.406341
0.0249741 -0.923312 2.06108 0.907938 0.0993567 0.0519877 -0.403824
0.0262259 -0.924315 2.06059 0.908974 0.100005 0.05216 -0.401303
0.0274805 -0.925314 2.06011 0.910003 0.100654 0.0523305 -0.39878
0.0287364 -0.926308 2.05962 0.911024 0.101302 0.052499 -0.396254
0.0299951 -0.927298 2.05913 0.912037 0.10195 0.0526656 -0.393726
0.0312564 -0.928285 2.05864 0.913044 0.102599 0.0528306 -0.391195
0.0325204 -0.929268 2.05815 0.914043 0.103247 0.0529937 -0.38866
0.0337855 -0.930245 2.05766 0.915035 0.103896 0.0531547 -0.386124
0.0350533 -0.931219 2.05717 0.916019 0.104544 0.053314 -0.383585
0.0363238 -0.932189 2.05668 0.916996 0.105193 0.0534715 -0.381043
0.0375968 -0.933156 2.05619 0.917965 0.105842 0.0536273 -0.378499
0.0388708 -0.934116 2.05569 0.918927 0.10649 0.0537809 -0.375952
0.0401474 -0.935073 2.0552 0.919882 0.107138 0.0539328 -0.373403
0.0414265 -0.936026 2.0547 0.920829 0.107787 0.0540829 -0.370851
0.0427082 -0.936976 2.05421 0.921769 0.108436 0.0542312 -0.368296
0.0439906 -0.937919 2.05371 0.922702 0.109084 0.0543775 -0.36574
0.0452755 -0.938858 2.05322 0.923627 0.109732 0.0545219 -0.363181
0.0465629 -0.939794 2.05272 0.924544 0.11038 0.0546646 -0.360619
0.0478529 -0.940727 2.05222 0.925454 0.111029 0.0548055 -0.358055
0.0491433 -0.941652 2.05172 0.926357 0.111676 0.0549443 -0.355489
0.0504361 -0.942574 2.05122 0.927252 0.112323 0.0550813 -0.352921
0.0517314 -0.943492 2.05072 0.92814 0.112971 0.0552166 -0.35035
0.0530291 -0.944407 2.05022 0.92902 0.113619 0.0553501 -0.347776
0.0543271 -0.945314 2.04972 0.929893 0.114266 0.0554814 -0.345202
0.0556275 -0.946218 2.04922 0.930758 0.114913 0.055611 -0.342624
0.0569303 -0.947119 2.04872 0.931616 0.11556 0.0557389 -0.340045
0.0582354 -0.948015 2.04822 0.932467 0.116207 0.0558649 -0.337462
0.0595405 -0.948905 2.04772 0.93331 0.116853 0.0559889 -0.334879
0.060848 -0.94979 2.04722 0.934145 0.117499 0.056111 -0.332293
0.0621577 -0.950672 2.04671 0.934973 0.118145 0.0562314 -0.329705
0.0634698 -0.951551 2.04621 0.935793 0.118792 0.0563501 -0.327115
0.0647817 -0.952421 2.0457 0.936606 0.119436 0.0564666 -0.324523
0.0660958 -0.953288 2.0452 0.937412 0.120081 0.0565813 -0.321929
0.0674121 -0.954152 2.0447 0.93821 0.120726 0.0566943 -0.319333
0.0687307 -0.955012 2.04419 0.939 0.121371 0.0568056 -0.316735
0.0700489 -0.955863 2.04369 0.939783 0.122014 0.0569147 -0.314136
0.0713692 -0.956711 2.04318 0.940558 0.122658 0.057022 -0.311534
0.0726917 -0.957556 2.04268 0.941326 0.123301 0.0571276 -0.30893
0.0740163 -0.958397 2.04217 0.942087 0.123945 0.0572315 -0.306325
0.0753403 -0.959229 2.04167 0.94284 0.124587 0.0573332 -0.303718
0.0766664 -0.960058 2.04116 0.943585 0.125229 0.0574331 -0.301109
0.0779946 -0.960884 2.04065 0.944323 0.125871 0.0575314 -0.298499
0.0793249 -0.961705 2.04015 0.945053 0.126513 0.0576278 -0.295886
0.0806542 -0.962518 2.03964 0.945776 0.127153 0.0577222 -0.293272
0.0819856 -0.963328 2.03913 0.946491 0.127793 0.0578148 -0.290657
0.0833191 -0.964134 2.03863 0.947199 0.128433 0.0579057 -0.288039
0.0846545 -0.964936 2.03812 0.947899 0.129073 0.0579948 -0.28542
0.0859888 -0.965729 2.03761 0.948591 0.129711 0.0580818 -0.2828
0.0873251 -0.966519 2.03711 0.949276 0.130349 0.0581671 -0.280178
0.0886633 -0.967305 2.0366 0.949954 0.130988 0.0582506 -0.277554
0.0900034 -0.968088 2.03609 0.950624 0.131626 0.0583324 -0.274929
0.0913422 -0.968861 2.03559 0.951287 0.132261 0.0584121 -0.272303
0.0926828 -0.969631 2.03508 0.951941 0.132897 0.0584901 -0.269675
0.0940254 -0.970397 2.03457 0.952589 0.133533 0.0585664 -0.267045
0.0953698 -0.971159 2.03406 0.953229 0.134169 0.0586409 -0.264414
0.0967125 -0.971912 2.03356 0.953861 0.134802 0.0587134 -0.261783
0.0980571 -0.972661 2.03305 0.954486 0.135436 0.0587841 -0.259149
0.0994035 -0.973407 2.03255 0.955103 0.136069 0.0588531 -0.256514
0.100752 -0.974149 2.03204 0.955713 0.136702 0.0589205 -0.253877
0.102098 -0.974882 2.03153 0.956315 0.137333 0.0589857 -0.251241
0.103446 -0.975611 2.03103 0.95691 0.137964 0.0590492 -0.248602
0.104796 -0.976336 2.03052 0.957497 0.138594 0.059111 -0.245962
0.106147 -0.977058 2.03001 0.958076 0.139225 0.0591712 -0.243321
0.107497 -0.97777 2.02951 0.958648 0.139852 0.0592292 -0.240679
0.108848 -0.978478 2.029 0.959213 0.14048 0.0592856 -0.238036
0.1102 -0.979182 2.0285 0.95977 0.141108 0.0593403 -0.235391
0.111555 -0.979883 2.02799 0.960319 0.141735 0.0593933 -0.232745
0.112907 -0.980574 2.02749 0.960861 0.14236 0.0594443 -0.230099
0.11426 -0.981261 2.02699 0.961396 0.142985 0.0594936 -0.227452
0.115615 -0.981945 2.02648 0.961922 0.143609 0.0595412 -0.224803
0.116972 -0.982625 2.02598 0.962442 0.144233 0.0595871 -0.222153
0.118326 -0.983294 2.02548 0.962954 0.144855 0.059631 -0.219503
0.119681 -0.98396 2.02498 0.963458 0.145476 0.0596733 -0.216852
0.121039 -0.984623 2.02447 0.963955 0.146097 0.0597139 -0.2142
0.122397 -0.985282 2.02397 0.964444 0.146718 0.0597528 -0.211546
0.123753 -0.98593 2.02347 0.964926 0.147335 0.0597898 -0.208892
0.12511 -0.986574 2.02297 0.9654 0.147953 0.059825 -0.206238
0.126468 -0.987216 2.02247 0.965867 0.14857 0.0598587 -0.203582
0.127828 -0.987853 2.02197 0.966326 0.149188 0.0598907 -0.200925
0.129185 -0.98848 2.02147 0.966777 0.149802 0.0599207 -0.198268
0.130543 -0.989103 2.02097 0.967222 0.150415 0.0599492 -0.195611
0.131903 -0.989722 2.02047 0.967658 0.151029 0.0599759 -0.192952
0.133263 -0.990338 2.01997 0.968088 0.151642 0.0600011 -0.190292
0.134621 -0.990943 2.01948 0.968509 0.152252 0.0600243 -0.187633
0.13598 -0.991544 2.01898 0.968924 0.152862 0.0600459 -0.184973
0.13734 -0.992142 2.01849 0.96933 0.153471 0.0600659 -0.182311
0.138701 -0.992736 2.01799 0.96973 0.15408 0.0600843 -0.179649
0.140058 -0.993319 2.0175 0.970121 0.154686 0.0601008 -0.176988
0.141417 -0.993898 2.01701 0.970506 0.155291 0.0601157 -0.174325
0.142777 -0.994474 2.01651 0.970883 0.155896 0.060129 -0.171662
0.144138 -0.995047 2.01602 0.971252 0.156501 0.0601407 -0.168997
0.145495 -0.995607 2.01553 0.971614 0.157102 0.0601505 -0.166334
0.146854 -0.996165 2.01504 0.971969 0.157703 0.0601588 -0.16367
0.148213 -0.996718 2.01455 0.972316 0.158303 0.0601655 -0.161005
0.149574 -0.997269 2.01406 0.972655 0.158904 0.0601706 -0.158339
0.15093 -0.997808 2.01357 0.972987 0.1595 0.0601739 -0.155674
0.152288 -0.998343 2.01309 0.973312 0.160096 0.0601757 -0.153008
0.153647 -0.998875 2.0126 0.973629 0.160692 0.0601759 -0.150341
0.155007 -0.999404 2.01211 0.973939 0.161288 0.0601745 -0.147674
0.156363 -0.999921 2.01163 0.974242 0.16188 0.0601714 -0.145008
0.15772 -1.00044 2.01115 0.974537 0.162472 0.0601667 -0.142341
0.159078 -1.00095 2.01066 0.974824 0.163063 0.0601605 -0.139673
0.160437 -1.00145 2.01018 0.975104 0.163655 0.0601528 -0.137005
0.161792 -1.00195 2.0097 0.975377 0.164242 0.0601434 -0.134337
0.163148 -1.00244 2.00922 0.975643 0.164829 0.0601324 -0.131669
0.164505 -1.00293 2.00874 0.975901 0.165416 0.0601199 -0.129001
0.165863 -1.00342 2.00826 0.976151 0.166003 0.0601059 -0.126331
0.167217 -1.00389 2.00778 0.976394 0.166586 0.0600902 -0.123663
0.168572 -1.00437 2.0073 0.97663 0.167169 0.0600731 -0.120994
0.169928 -1.00484 2.00682 0.976858 0.167751 0.0600544 -0.118325
0.171285 -1.0053 2.00635 0.977079 0.168334 0.0600342 -0.115655
0.172638 -1.00576 2.00587 0.977293 0.168912 0.0600124 -0.112986
0.173992 -1.00621 2.0054 0.977499 0.16949 0.0599891 -0.110317
0.175346 -1.00666 2.00492 0.977698 0.170069 0.0599644 -0.107647
0.176702 -1.0071 2.00445 0.977889 0.170646 0.0599381 -0.104977
0.178053 -1.00754 2.00398 0.978073 0.17122 0.0599103 -0.102308
0.179406 -1.00797 2.00351 0.97825 0.171794 0.059881 -0.0996387
0.180759 -1.0084 2.00304 0.978419 0.172368 0.0598502 -0.0969688
0.182113 -1.00882 2.00257 0.978581 0.172941 0.0598179 -0.0942984
0.183464 -1.00924 2.0021 0.978736 0.173511 0.0597842 -0.0916294
0.184815 -1.00965 2.00163 0.978883 0.174081 0.0597489 -0.0889599
0.186167 -1.01006 2.00116 0.979023 0.17465 0.0597122 -0.0862901
0.187519 -1.01046 2.0007 0.979155 0.175219 0.059674 -0.0836199
0.188868 -1.01086 2.00023 0.979281 0.175784 0.0596344 -0.0809511
0.190218 -1.01125 1.99977 0.979399 0.176349 0.0595933 -0.0782819
0.191568 -1.01164 1.9993 0.979509 0.176914 0.0595508 -0.0756124
0.192919 -1.01203 1.99884 0.979612 0.177479 0.0595068 -0.0729427
0.194266 -1.0124 1.99838 0.979708 0.17804 0.0594614 -0.0702743
0.195614 -1.01278 1.99791 0.979796 0.178601 0.0594146 -0.0676057
0.196962 -1.01315 1.99745 0.979878 0.179161 0.0593663 -0.0649368
0.198311 -1.01352 1.99699 0.979951 0.179721 0.0593165 -0.0622678
0.199657 -1.01387 1.99653 0.980018 0.180278 0.0592654 -0.0596
0.201003 -1.01423 1.99607 0.980077 0.180835 0.0592129 -0.0569322
0.20235 -1.01458 1.99562 0.980129 0.181391 0.0591589 -0.0542642
0.203697 -1.01493 1.99516 0.980173 0.181947 0.0591035 -0.0515961
0.205041 -1.01527 1.9947 0.980211 0.1825 0.0590468 -0.0489293
0.206385 -1.01561 1.99425 0.980241 0.183052 0.0589887 -0.0462625
0.20773 -1.01594 1.99379 0.980263 0.183604 0.0589291 -0.0435956
0.209075 -1.01627 1.99334 0.980279 0.184156 0.0588681 -0.0409286
0.210417 -1.01659 1.99288 0.980287 0.184704 0.0588058 -0.0382631
0.211759 -1.01691 1.99243 0.980288 0.185252 0.0587421 -0.0355975
0.213102 -1.01722 1.99198 0.980281 0.1858 0.058677 -0.032932
0.214445 -1.01754 1.99153 0.980267 0.186347 0.0586105 -0.0302665
0.215785 -1.01784 1.99108 0.980246 0.186892 0.0585428 -0.0276023
0.217125 -1.01814 1.99063 0.980218 0.187436 0.0584736 -0.0249383
0.218466 -1.01844 1.99018 0.980182 0.18798 0.058403 -0.0222744
0.219807 -1.01873 1.98973 0.980139 0.188523 0.0583311 -0.0196106
0.221145 -1.01902 1.98928 0.980089 0.189063 0.0582579 -0.0169481
0.222483 -1.0193 1.98884 0.980031 0.189603 0.0581833 -0.0142859
0.223822 -1.01958 1.98839 0.979966 0.190142 0.0581073 -0.0116238
0.22516 -1.01986 1.98795 0.979894 0.190681 0.0580299 -0.0089619
0.226496 -1.02013 1.9875 0.979815 0.191218 0.0579514 -0.00630139
0.227832 -1.0204 1.98706 0.979729 0.191754 0.0578714 -0.00364114
0.229169 -1.02066 1.98661 0.979635 0.192289 0.0577901 -0.000981151
0.230505 -1.02092 1.98617 0.979534 0.192824 0.0577074 0.00167854
0.231839 -1.02117 1.98573 0.979425 0.193356 0.0576235 0.00433686
0.233173 -1.02142 1.98529 0.97931 0.193888 0.0575383 0.00699486
0.234507 -1.02167 1.98485 0.979187 0.194419 0.0574517 0.0096525
0.235841 -1.02191 1.98441 0.979057 0.19495 0.0573637 0.0123098
0.237172 -1.02215 1.98397 0.97892 0.195479 0.0572746 0.0149657
0.238504 -1.02238 1.98353 0.978775 0.196007 0.0571841 0.0176211
0.239835 -1.02261 1.9831 0.978623 0.196534 0.0570922 0.0202762
0.241167 -1.02284 1.98266 0.978464 0.197061 0.056999 0.0229308
0.242496 -1.02306 1.98222 0.978298 0.197585 0.0569047 0.025584
0.243825 -1.02328 1.98179 0.978125 0.198109 0.056809 0.0282367
0.245155 -1.02349 1.98135 0.977944 0.198633 0.0567119 0.0308889
0.246484 -1.0237 1.98092 0.977756 0.199156 0.0566135 0.0335406
0.247811 -1.02391 1.98049 0.977561 0.199676 0.056514 0.0361909
0.249137 -1.02411 1.98005 0.977359 0.200197 0.0564131 0.0388406
0.250464 -1.02431 1.97962 0.977149 0.200716 0.0563109 0.0414898
0.251791 -1.0245 1.97919 0.976932 0.201235 0.0562074 0.0441383
0.253115 -1.02469 1.97876 0.976709 0.201752 0.0561027 0.0467854
0.25444 -1.02488 1.97833 0.976477 0.202269 0.0559967 0.0494319
0.255764 -1.02506 1.9779 0.976239 0.202784 0.0558894 0.0520777
0.257088 -1.02524 1.97747 0.975993 0.2033 0.0557808 0.0547228
0.25841 -1.02541 1.97704 0.975741 0.203813 0.055671 0.0573665
0.259732 -1.02559 1.97662 0.975481 0.204325 0.0555599 0.0600095
0.261054 -1.02575 1.97619 0.975214 0.204838 0.0554475 0.0626518
0.262375 -1.02592 1.97576 0.974939 0.205349 0.0553338 0.0652932
0.263695 -1.02608 1.97534 0.974658 0.205859 0.055219 0.0679333
0.265014 -1.02624 1.97491 0.974369 0.206368 0.0551029 0.0705725
0.266334 -1.02639 1.97449 0.974073 0.206876 0.0549854 0.0732109
0.267653 -1.02654 1.97406 0.97377 0.207384 0.0548666 0.0758485
0.26897 -1.02668 1.97364 0.97346 0.20789 0.0547468 0.0784847
0.270287 -1.02683 1.97322 0.973143 0.208395 0.0546256 0.0811199
0.271603 -1.02697 1.97279 0.972818 0.2089 0.0545031 0.0837543
0.27292 -1.0271 1.97237 0.972487 0.209404 0.0543794 0.0863877
0.274234 -1.02723 1.97195 0.972148 0.209906 0.0542545 0.0890197
0.275549 -1.02736 1.97153 0.971802 0.210408 0.0541283 0.0916507
0.276863 -1.02749 1.97111 0.971449 0.21091 0.0540008 0.0942808
0.278177 -1.02761 1.97069 0.971088 0.21141 0.053872 0.0969098
0.279489 -1.02773 1.97027 0.970721 0.211909 0.0537421 0.0995374
0.280801 -1.02784 1.96985 0.970346 0.212407 0.0536109 0.102164
0.282112 -1.02795 1.96944 0.969964 0.212905 0.0534785 0.104789
0.283423 -1.02806 1.96902 0.969575 0.213402 0.0533447 0.107414
0.284733 -1.02816 1.9686 0.969179 0.213898 0.0532099 0.110037
0.286042 -1.02826 1.96818 0.968776 0.214393 0.0530737 0.112659
0.287351 -1.02836 1.96777 0.968366 0.214887 0.0529362 0.115279
0.288659 -1.02846 1.96735 0.967948 0.215381 0.0527975 0.117899
0.289966 -1.02855 1.96694 0.967523 0.215873 0.0526577 0.120517
0.291273 -1.02864 1.96652 0.967092 0.216365 0.0525165 0.123134
0.292579 -1.02872 1.96611 0.966653 0.216856 0.0523741 0.125749
0.293885 -1.0288 1.9657 0.966207 0.217346 0.0522305 0.128364
0.29519 -1.02888 1.96528 0.965754 0.217835 0.0520856 0.130977
0.296494 -1.02896 1.96487 0.965293 0.218323 0.0519395 0.133588
0.297798 -1.02903 1.96446 0.964826 0.218811 0.0517922 0.136199
0.299101 -1.0291 1.96405 0.964352 0.219298 0.0516435 0.138808
0.300403 -1.02916 1.96364 0.96387 0.219784 0.0514937 0.141415
0.301705 -1.02923 1.96322 0.963381 0.220269 0.0513426 0.144021
0.303006 -1.02929 1.96281 0.962885 0.220753 0.0511903 0.146626
0.304306 -1.02934 1.9624 0.962382 0.221237 0.0510367 0.14923
0.305606 -1.0294 1.96199 0.961872 0.221719 0.050882 0.151832
0.306905 -1.02945 1.96159 0.961355 0.222201 0.0507259 0.154432
0.308203 -1.0295 1.96118 0.960831 0.222683 0.0505686 0.157031
0.309501 -1.02954 1.96077 0.9603 0.223163 0.0504101 0.159629
0.310799 -1.02958 1.96036 0.959761 0.223643 0.0502503 0.162225
0.312095 -1.02962 1.95995 0.959216 0.224122 0.0500893 0.164819
0.313391 -1.02966 1.95954 0.958663 0.2246 0.049927 0.167412
0.314687 -1.02969 1.95914 0.958104 0.225077 0.0497635 0.170003
0.315981 -1.02972 1.95873 0.957537 0.225554 0.0495987 0.172593
0.317275 -1.02975 1.95832 0.956963 0.22603 0.0494327 0.175182
0.318569 -1.02977 1.95792 0.956382 0.226505 0.0492655 0.177768
0.319862 -1.0298 1.95751 0.955794 0.22698 0.049097 0.180353
0.321153 -1.02982 1.95711 0.955199 0.227453 0.0489273 0.182936
0.322445 -1.02983 1.9567 0.954597 0.227926 0.0487564 0.185518
0.323735 -1.02984 1.9563 0.953988 0.228398 0.0485842 0.188098
0.325025 -1.02985 1.95589 0.953372 0.228869 0.0484108 0.190676
0.326313 -1.02986 1.95549 0.952749 0.229338 0.0482363 0.193253
0.3276 -1.02987 1.95509 0.952119 0.229807 0.0480606 0.195827
0.328887 -1.02987 1.95469 0.951482 0.230276 0.0478837 0.1984
0.330173 -1.02986 1.95428 0.950838 0.230743 0.0477055 0.200971
0.331457 -1.02986 1.95388 0.950187 0.231209 0.0475263 0.20354
0.332741 -1.02985 1.95348 0.949529 0.231674 0.0473458 0.206107
0.334023 -1.02984 1.95308 0.948864 0.232138 0.0471642 0.208672
0.335305 -1.02982 1.95268 0.948192 0.232601 0.0469813 0.211236
0.336585 -1.02981 1.95229 0.947514 0.233063 0.0467975 0.213797
0.337863 -1.02979 1.95189 0.946828 0.233524 0.0466124 0.216356
0.339141 -1.02976 1.95149 0.946136 0.233984 0.0464262 0.218913
0.340418 -1.02974 1.9511 0.945437 0.234443 0.0462387 0.221468
0.341692 -1.0297 1.9507 0.944731 0.2349 0.0460504 0.224021
0.342966 -1.02967 1.95031 0.944018 0.235356 0.045861 0.226572
0.344238 -1.02963 1.94991 0.943298 0.235811 0.0456703 0.229121
0.34551 -1.02959 1.94952 0.942571 0.236266 0.0454784 0.231668
0.346778 -1.02955 1.94913 0.941838 0.236718 0.0452857 0.234212
0.348046 -1.0295 1.94874 0.941098 0.237169 0.0450919 0.236754
0.349313 -1.02945 1.94835 0.940351 0.237619 0.0448969 0.239294
0.350579 -1.0294 1.94796 0.939597 0.238069 0.0447007 0.241832
0.351841 -1.02934 1.94757 0.938837 0.238516 0.0445039 0.244367
0.353102 -1.02928 1.94719 0.93807 0.238962 0.0443059 0.2469
0.354362 -1.02922 1.9468 0.937296 0.239407 0.0441067 0.249431
0.355621 -1.02915 1.94641 0.936515 0.239851 0.0439063 0.25196
0.356876 -1.02908 1.94603 0.935728 0.240292 0.0437055 0.254486
0.358131 -1.02901 1.94565 0.934934 0.240733 0.0435034 0.257009
0.359384 -1.02893 1.94527 0.934133 0.241172 0.0433003 0.259531
0.360636 -1.02885 1.94489 0.933326 0.241611 0.0430959 0.26205
0.361884 -1.02877 1.94451 0.932512 0.242046 0.0428912 0.264566
0.36313 -1.02868 1.94413 0.931692 0.242481 0.0426853 0.267079
0.364376 -1.02859 1.94375 0.930865 0.242914 0.0424783 0.269591
0.365621 -1.0285 1.94338 0.930031 0.243347 0.0422701 0.2721
0.36686 -1.0284 1.943 0.929191 0.243776 0.0420617 0.274606
0.368099 -1.02829 1.94263 0.928344 0.244204 0.0418521 0.277109
0.369336 -1.02819 1.94226 0.927491 0.244632 0.0416414 0.27961
0.370573 -1.02808 1.94189 0.926631 0.245058 0.0414296 0.282109
0.371803 -1.02797 1.94152 0.925765 0.245481 0.0412177 0.284604
0.373033 -1.02785 1.94115 0.924892 0.245902 0.0410046 0.287097
0.374262 -1.02774 1.94079 0.924013 0.246323 0.0407905 0.289587
0.37549 -1.02761 1.94042 0.923127 0.246743 0.0405752 0.292075
0.376711 -1.02749 1.94006 0.922235 0.247159 0.04036 0.29456
0.377932 -1.02736 1.9397 0.921337 0.247574 0.0401437 0.297042
0.379151 -1.02722 1.93934 0.920432 0.247988 0.0399263 0.299521
0.380369 -1.02709 1.93898 0.91952 0.248401 0.0397078 0.301998
0.381581 -1.02694 1.93862 0.918603 0.248809 0.0394894 0.304471
0.382792 -1.0268 1.93827 0.917679 0.249217 0.03927 0.306941
0.384001 -1.02665 1.93791 0.916749 0.249624 0.0390496 0.309409
0.38521 -1.0265 1.93756 0.915812 0.25003 0.038828 0.311875
0.386411 -1.02634 1.93721 0.91487 0.250431 0.0386068 0.314336
0.387611 -1.02618 1.93686 0.913921 0.250831 0.0383846 0.316795
0.38881 -1.02602 1.93652 0.912965 0.25123 0.0381613 0.319251
0.390008 -1.02586 1.93617 0.912003 0.251628 0.037937 0.321705
0.391198 -1.02569 1.93583 0.911036 0.252022 0.0377131 0.324155
0.392388 -1.02551 1.93549 0.910062 0.252414 0.0374882 0.326601
0.393575 -1.02533 1.93515 0.909082 0.252806 0.0372624 0.329046
0.394762 -1.02515 1.93481 0.908095 0.253196 0.0370355 0.331487
0.395941 -1.02497 1.93447 0.907103 0.253581 0.0368092 0.333924
0.397119 -1.02478 1.93414 0.906105 0.253965 0.036582 0.336359
0.398295 -1.02458 1.93381 0.9051 0.254349 0.0363538 0.338791
0.39947 -1.02439 1.93347 0.904089 0.254731 0.0361245 0.34122
0.400636 -1.02419 1.93315 0.903073 0.255108 0.0358962 0.343644
0.401802 -1.02398 1.93282 0.90205 0.255484 0.0356668 0.346066
0.402966 -1.02377 1.9325 0.901021 0.255858 0.0354365 0.348485
0.404129 -1.02357 1.93217 0.899985 0.256232 0.0352052 0.350902
0.405282 -1.02335 1.93185 0.898945 0.2566 0.0349749 0.353313
0.406435 -1.02313 1.93154 0.897899 0.256967 0.0347437 0.355722
0.407586 -1.0229 1.93122 0.896846 0.257333 0.0345116 0.358128
0.408736 -1.02268 1.9309 0.895787 0.257698 0.0342785 0.360532
0.409877 -1.02244 1.93059 0.894723 0.258057 0.0340466 0.36293
0.411016 -1.02221 1.93029 0.893653 0.258415 0.0338139 0.365326
0.412154 -1.02197 1.92998 0.892576 0.258772 0.0335802 0.367719
0.41329 -1.02173 1.92967 0.891493 0.259128 0.0333456 0.370108
0.414417 -1.02148 1.92937 0.890406 0.259478 0.0331124 0.372493
0.415542 -1.02123 1.92907 0.889313 0.259826 0.0328783 0.374875
0.416666 -1.02097 1.92877 0.888213 0.260174 0.0326434 0.377255
0.417788 -1.02072 1.92847 0.887107 0.260521 0.0324076 0.379631
0.4189 -1.02045 1.92818 0.885997 0.260861 0.0321734 0.382002
0.420011 -1.02018 1.92789 0.884881 0.261199 0.0319384 0.38437
0.42112 -1.01992 1.9276 0.883758 0.261537 0.0317025 0.386735
0.422228 -1.01964 1.92731 0.88263 0.261874 0.0314658 0.389098
0.423325 -1.01936 1.92703 0.881497 0.262204 0.0312308 0.391455
0.42442 -1.01908 1.92675 0.880358 0.262533 0.0309951 0.393809
0.425515 -1.01879 1.92647 0.879213 0.262861 0.0307586 0.39616
0.426607 -1.01851 1.92619 0.878062 0.263188 0.0305213 0.398508
0.427688 -1.01821 1.92592 0.876907 0.263508 0.030286 0.400851
0.428768 -1.01791 1.92565 0.875746 0.263826 0.0300499 0.40319
0.429847 -1.01761 1.92538 0.874578 0.264144 0.0298131 0.405527
0.430923 -1.0173 1.92511 0.873405 0.264461 0.0295755 0.40786
0.431989 -1.01699 1.92485 0.872228 0.26477 0.0293401 0.410188
0.433052 -1.01667 1.92459 0.871045 0.265078 0.029104 0.412513
0.434114 -1.01636 1.92433 0.869856 0.265385 0.0288672 0.414835
0.435174 -1.01604 1.92407 0.868661 0.265691 0.0286297 0.417154
0.436223 -1.01571 1.92382 0.867462 0.265989 0.0283946 0.419467
0.437269 -1.01537 1.92357 0.866258 0.266287 0.0281588 0.421777
0.438314 -1.01504 1.92332 0.865047 0.266583 0.0279224 0.424084
0.439358 -1.0147 1.92308 0.86383 0.266878 0.0276853 0.426388
0.440389 -1.01436 1.92284 0.862611 0.267165 0.0274508 0.428686
0.441418 -1.01401 1.9226 0.861385 0.267451 0.0272158 0.430981
0.442446 -1.01366 1.92236 0.860154 0.267736 0.02698 0.433273
0.443472 -1.01331 1.92213 0.858916 0.26802 0.0267437 0.435561
0.444484 -1.01294 1.9219 0.857675 0.268296 0.0265103 0.437844
0.445496 -1.01258 1.92168 0.856429 0.268571 0.0262762 0.440123
0.446505 -1.01221 1.92145 0.855177 0.268844 0.0260416 0.4424
0.447513 -1.01184 1.92123 0.853918 0.269117 0.0258064 0.444673
0.448507 -1.01146 1.92101 0.852657 0.269381 0.0255744 0.44694
0.4495 -1.01108 1.9208 0.851391 0.269644 0.0253418 0.449204
0.450491 -1.0107 1.92058 0.850118 0.269906 0.0251086 0.451464
0.45148 -1.01031 1.92037 0.848839 0.270167 0.024875 0.453721
0.452455 -1.00992 1.92017 0.847558 0.270419 0.0246447 0.455973
0.453428 -1.00952 1.91997 0.846272 0.27067 0.0244139 0.458221
0.4544 -1.00912 1.91977 0.844979 0.27092 0.0241827 0.460465
0.45537 -1.00872 1.91957 0.84368 0.271168 0.0239509 0.462707
0.456325 -1.00831 1.91938 0.84238 0.271408 0.0237228 0.464942
0.457279 -1.00789 1.91919 0.841073 0.271647 0.0234943 0.467174
0.45823 -1.00747 1.919 0.839761 0.271885 0.0232653 0.469402
0.459181 -1.00706 1.91881 0.838443 0.272121 0.0230359 0.471627
0.460116 -1.00663 1.91863 0.837123 0.272349 0.0228104 0.473847
0.461049 -1.00619 1.91846 0.835798 0.272575 0.0225845 0.476062
0.46198 -1.00576 1.91828 0.834466 0.2728 0.0223582 0.478274
0.46291 -1.00533 1.91811 0.833129 0.273024 0.0221315 0.480483
0.463824 -1.00488 1.91795 0.83179 0.273239 0.0219091 0.482686
0.464736 -1.00443 1.91778 0.830446 0.273452 0.0216863 0.484885
0.465647 -1.00398 1.91762 0.829096 0.273665 0.0214631 0.48708
0.466556 -1.00353 1.91746 0.82774 0.273876 0.0212396 0.489273
0.467449 -1.00306 1.91731 0.826382 0.274078 0.0210203 0.491459
0.468341 -1.0026 1.91716 0.825019 0.274279 0.0208007 0.493641
0.469231 -1.00213 1.91701 0.82365 0.274479 0.0205808 0.49582
0.470119 -1.00167 1.91686 0.822276 0.274678 0.0203606 0.497996
0.470992 -1.00119 1.91673 0.8209 0.274867 0.0201446 0.500166
0.471863 -1.0007 1.91659 0.819518 0.275056 0.0199284 0.502332
0.472733 -1.00022 1.91645 0.818131 0.275244 0.0197119 0.504494
0.4736 -0.999739 1.91632 0.816738 0.27543 0.0194951 0.506653
0.474454 -0.999244 1.91619 0.815343 0.275608 0.0192826 0.508806
0.475305 -0.998748 1.91607 0.813943 0.275785 0.0190698 0.510955
0.476155 -0.998251 1.91595 0.812537 0.275961 0.0188568 0.513101
0.477002 -0.997753 1.91582 0.811126 0.276135 0.0186436 0.515244
0.477836 -0.997244 1.91571 0.809713 0.276302 0.0184346 0.51738
0.478667 -0.996733 1.9156 0.808295 0.276467 0.0182254 0.519513
0.479497 -0.996222 1.91548 0.806871 0.276631 0.018016 0.521642
0.480325 -0.995709 1.91537 0.805441 0.276794 0.0178065 0.523767
0.481139 -0.995186 1.91527 0.80401 0.276948 0.0176011 0.525887
0.481951 -0.994661 1.91517 0.802574 0.277102 0.0173956 0.528003
0.482762 -0.994136 1.91507 0.801132 0.277255 0.0171899 0.530116
0.48357 -0.993609 1.91497 0.799684 0.277406 0.0169842 0.532224
0.484365 -0.993073 1.91488 0.798235 0.27755 0.0167825 0.534327
0.485158 -0.992535 1.91479 0.79678 0.277693 0.0165808 0.536427
0.48595 -0.991996 1.9147 0.79532 0.277834 0.0163789 0.538522
0.486739 -0.991457 1.91461 0.793854 0.277975 0.016177 0.540614
0.487515 -0.990907 1.91453 0.792387 0.278107 0.0159792 0.5427
0.48829 -0.990357 1.91445 0.790914 0.278239 0.0157813 0.544783
0.489062 -0.989806 1.91437 0.789436 0.27837 0.0155833 0.546862
0.489833 -0.989253 1.9143 0.787953 0.2785 0.0153854 0.548936
0.490591 -0.988692 1.91423 0.786468 0.278622 0.0151914 0.551006
0.491347 -0.988129 1.91416 0.784977 0.278743 0.0149974 0.553072
0.492101 -0.987566 1.91409 0.783481 0.278863 0.0148035 0.555133
0.492853 -0.987001 1.91402 0.78198 0.278982 0.0146095 0.557191
0.493594 -0.986428 1.91396 0.780477 0.279094 0.0144195 0.559244
0.494332 -0.985854 1.9139 0.778969 0.279205 0.0142295 0.561293
0.495068 -0.985279 1.91385 0.777455 0.279315 0.0140395 0.563337
0.495802 -0.984703 1.91379 0.775937 0.279424 0.0138496 0.565378
0.496524 -0.984119 1.91374 0.774416 0.279526 0.0136636 0.567414
0.497245 -0.983534 1.91369 0.77289 0.279627 0.0134776 0.569446
0.497963 -0.982948 1.91364 0.771359 0.279727 0.0132918 0.571474
0.49868 -0.982361 1.91359 0.769822 0.279826 0.013106 0.573497
0.499385 -0.981766 1.91355 0.768284 0.279919 0.012924 0.575516
0.500088 -0.98117 1.91351 0.76674 0.28001 0.0127421 0.577531
0.500789 -0.980574 1.91347 0.765191 0.2801 0.0125603 0.579541
0.501488 -0.979977 1.91343 0.763638 0.280189 0.0123786 0.581548
0.502176 -0.979372 1.9134 0.762082 0.280272 0.0122007 0.583549
0.502863 -0.978767 1.91337 0.760521 0.280354 0.0120229 0.585547
0.503547 -0.97816 1.91334 0.758954 0.280435 0.0118452 0.58754
0.504229 -0.977554 1.91331 0.757383 0.280515 0.0116677 0.58953
0.504901 -0.976939 1.91328 0.75581 0.280589 0.0114939 0.591514
0.50557 -0.976324 1.91326 0.754231 0.280662 0.0113202 0.593495
0.506238 -0.975709 1.91324 0.752648 0.280734 0.0111467 0.595471
0.506903 -0.975093 1.91322 0.751059 0.280805 0.0109733 0.597443
0.507559 -0.974469 1.9132 0.749468 0.28087 0.0108035 0.59941
0.508212 -0.973846 1.91318 0.747873 0.280934 0.010634 0.601373
0.508864 -0.973221 1.91317 0.746272 0.280997 0.0104646 0.603332
0.509513 -0.972596 1.91315 0.744666 0.281059 0.0102955 0.605287
0.510153 -0.971965 1.91315 0.743058 0.281115 0.0101297 0.607237
0.510791 -0.971333 1.91314 0.741445 0.281171 0.00996426 0.609182
0.511426 -0.9707 1.91313 0.739827 0.281226 0.00979903 0.611124
0.51206 -0.970067 1.91312 0.738204 0.281279 0.00963407 0.613061
0.512684 -0.969428 1.91312 0.736579 0.281327 0.00947239 0.614993
0.513307 -0.968788 1.91312 0.734949 0.281375 0.009311 0.616922
0.513927 -0.968148 1.91312 0.733313 0.281421 0.0091499 0.618846
0.514545 -0.967507 1.91312 0.731674 0.281466 0.00898907 0.620765
0.515155 -0.96686 1.91313 0.730031 0.281507 0.00883143 0.62268
0.515762 -0.966213 1.91313 0.728384 0.281546 0.0086741 0.624591
0.516367 -0.965566 1.91314 0.726732 0.281585 0.00851708 0.626497
0.516971 -0.964918 1.91315 0.725075 0.281622 0.00836037 0.6284
0.517566 -0.964264 1.91316 0.723415 0.281655 0.00820671 0.630297
0.518158 -0.963611 1.91317 0.721751 0.281687 0.00805339 0.63219
0.518749 -0.962956 1.91318 0.720081 0.281718 0.00790041 0.634078
0.519338 -0.962302 1.9132 0.718408 0.281747 0.00774777 0.635963
0.519918 -0.961642 1.91321 0.716731 0.281773 0.00759805 0.637843
0.520497 -0.960982 1.91323 0.71505 0.281797 0.0074487 0.639718
0.521074 -0.960322 1.91325 0.713364 0.281821 0.0072997 0.641589
0.521648 -0.959661 1.91327 0.711673 0.281843 0.00715108 0.643456
0.522215 -0.958996 1.91329 0.709979 0.281862 0.00700523 0.645317
0.52278 -0.95833 1.91332 0.708281 0.281879 0.00685977 0.647175
0.523343 -0.957664 1.91334 0.706578 0.281895 0.0067147 0.649028
0.523903 -0.956998 1.91336 0.704871 0.281911 0.00657002 0.650877
0.524457 -0.956327 1.91339 0.70316 0.281922 0.00642797 0.652721
0.525009 -0.955656 1.91342 0.701445 0.281933 0.00628633 0.65456
0.525558 -0.954985 1.91345 0.699725 0.281943 0.0061451 0.656395
0.526105 -0.954314 1.91348 0.698001 0.281951 0.00600429 0.658226
0.526646 -0.953639 1.91351 0.696274 0.281957 0.00586595 0.660052
0.527185 -0.952963 1.91354 0.694542 0.281961 0.00572805 0.661874
0.527722 -0.952287 1.91358 0.692806 0.281964 0.00559057 0.663691
0.528256 -0.951611 1.91361 0.691065 0.281966 0.00545353 0.665504
0.528784 -0.950932 1.91365 0.68932 0.281965 0.00531881 0.667312
0.529311 -0.950252 1.91369 0.687572 0.281963 0.00518454 0.669115
0.529835 -0.949572 1.91372 0.685819 0.28196 0.00505072 0.670914
0.530357 -0.948892 1.91376 0.684061 0.281956 0.00491735 0.672709
0.530873 -0.948209 1.9138 0.6823 0.281949 0.00478614 0.674498
0.531387 -0.947526 1.91384 0.680535 0.281941 0.00465539 0.676284
0.531899 -0.946843 1.91389 0.678765 0.281932 0.00452511 0.678064
0.532409 -0.946159 1.91393 0.676991 0.281922 0.0043953 0.679841
0.532914 -0.945473 1.91397 0.675214 0.28191 0.00426747 0.681612
0.533417 -0.944786 1.91402 0.673432 0.281896 0.00414012 0.683379
0.533917 -0.9441 1.91406 0.671646 0.281882 0.00401326 0.685141
0.534415 -0.943413 1.91411 0.669855 0.281866 0.00388688 0.686899
0.534909 -0.942724 1.91415 0.668061 0.281848 0.0037623 0.688652
0.5354 -0.942035 1.9142 0.666263 0.281829 0.00363822 0.690401
0.53589 -0.941346 1.91425 0.66446 0.28181 0.00351464 0.692145
0.536377 -0.940656 1.9143 0.662653 0.281789 0.00339156 0.693884
0.53686 -0.939965 1.91435 0.660842 0.281766 0.00327009 0.695619
0.537341 -0.939274 1.9144 0.659027 0.281742 0.00314913 0.697349
0.537819 -0.938583 1.91445 0.657208 0.281717 0.00302868 0.699074
0.538296 -0.937891 1.9145 0.655384 0.281691 0.00290874 0.700795
0.538769 -0.937199 1.91455 0.653557 0.281663 0.00279022 0.702511
0.539239 -0.936506 1.91461 0.651726 0.281634 0.00267222 0.704222
0.539708 -0.935813 1.91466 0.64989 0.281605 0.00255475 0.705929
0.540174 -0.93512 1.91471 0.64805 0.281574 0.0024378 0.707631
0.540637 -0.934426 1.91477 0.646207 0.281541 0.00232207 0.709328
0.541098 -0.933732 1.91482 0.644359 0.281508 0.00220686 0.71102
0.541556 -0.933038 1.91488 0.642507 0.281474 0.00209219 0.712708
0.542013 -0.932344 1.91493 0.640651 0.281439 0.00197806 0.714391
0.542467 -0.931649 1.91499 0.638791 0.281402 0.00186493 0.71607
0.542918 -0.930954 1.91504 0.636926 0.281364 0.00175234 0.717744
0.543368 -0.93026 1.9151 0.635058 0.281326 0.00164029 0.719412
0.543815 -0.929565 1.91516 0.633186 0.281287 0.00152879 0.721077
0.54426 -0.92887 1.91521 0.631309 0.281246 0.00141807 0.722736
0.544702 -0.928175 1.91527 0.629429 0.281204 0.0013079 0.724391
0.545143 -0.927481 1.91533 0.627544 0.281162 0.00119829 0.726041
0.545581 -0.926786 1.91539 0.625655 0.281118 0.00108922 0.727686
0.546018 -0.926091 1.91544 0.623763 0.281074 0.000980716 0.729326
0.546452 -0.925397 1.9155 0.621866 0.281029 0.000872767 0.730962
0.546884 -0.924702 1.91556 0.619965 0.280982 0.000765375 0.732593
0.547314 -0.924008 1.91562 0.61806 0.280935 0.000658544 0.734219
0.547742 -0.923314 1.91568 0.616151 0.280887 0.000552394 0.73584
0.548168 -0.922619 1.91574 0.614238 0.280838 0.000446807 0.737456
0.548592 -0.921925 1.9158 0.612322 0.280788 0.000341786 0.739067
0.549013 -0.921231 1.91586 0.610401 0.280737 0.000237332 0.740674
0.549433 -0.920537 1.91592 0.608476 0.280684 0.000133687 0.742275
0.54985 -0.919843 1.91598 0.606548 0.280631 3.06134e-05 0.743872
0.550265 -0.919149 1.91604 0.604615 0.280577 -7.18872e-05 0.745464
0.550677 -0.918456 1.9161 0.602679 0.280522 -0.000173813 0.747051
0.551088 -0.917762 1.91616 0.600739 0.280466 -0.000274798 0.748633
0.551496 -0.917068 1.91622 0.598795 0.280409 -0.000375204 0.75021
0.551902 -0.916374 1.91628 0.596847 0.280351 -0.000475028 0.751782
0.552306 -0.915681 1.91634 0.594895 0.280292 -0.00057427 0.75335
0.552707 -0.914987 1.91641 0.59294 0.280231 -0.000672436 0.754912
0.553106 -0.914293 1.91647 0.590981 0.28017 -0.000770013 0.756469
0.553503 -0.9136 1.91653 0.589018 0.280108 -0.000867 0.758021
0.553898 -0.912907 1.9166 0.587051 0.280045 -0.000963396 0.759569
0.55429 -0.912213 1.91666 0.585081 0.27998 -0.00105858 0.761111
0.554679 -0.911519 1.91672 0.583107 0.279914 -0.00115316 0.762648
0.555067 -0.910826 1.91679 0.58113 0.279848 -0.00124715 0.764181
0.555453 -0.910133 1.91685 0.579148 0.279781 -0.00134053 0.765708
0.555835 -0.909439 1.91692 0.577163 0.279712 -0.00143256 0.76723
0.556215 -0.908746 1.91698 0.575175 0.279642 -0.00152397 0.768747
0.556593 -0.908053 1.91705 0.573183 0.279571 -0.00161478 0.770259
0.556969 -0.90736 1.91711 0.571187 0.279499 -0.00170498 0.771766
0.557342 -0.906666 1.91718 0.569188 0.279426 -0.00179368 0.773268
0.557713 -0.905973 1.91725 0.567185 0.279352 -0.00188176 0.774765
0.558081 -0.90528 1.91732 0.565179 0.279277 -0.00196922 0.776256
0.558448 -0.904587 1.91738 0.563169 0.2792 -0.00205605 0.777743
0.55881 -0.903894 1.91745 0.561156 0.279123 -0.00214124 0.779224
0.559171 -0.9032 1.91752 0.559139 0.279044 -0.0022258 0.780701
0.55953 -0.902507 1.91759 0.557119 0.278964 -0.00230973 0.782172
0.559887 -0.901814 1.91766 0.555095 0.278884 -0.00239302 0.783638
0.560239 -0.901121 1.91773 0.553068 0.278801 -0.00247451 0.785098
0.56059 -0.900427 1.9178 0.551038 0.278718 -0.00255536 0.786554
0.560939 -0.899734 1.91787 0.549004 0.278634 -0.00263557 0.788005
0.561285 -0.899042 1.91794 0.546966 0.278549 -0.00271513 0.78945
0.561628 -0.898348 1.91802 0.544926 0.278462 -0.00279274 0.79089
0.561968 -0.897654 1.91809 0.542883 0.278374 -0.00286969 0.792325
0.562307 -0.896961 1.91816 0.540835 0.278285 -0.00294599 0.793754
0.562643 -0.896268 1.91824 0.538785 0.278195 -0.00302163 0.795179
0.562975 -0.895574 1.91831 0.536731 0.278103 -0.00309516 0.796598
0.563305 -0.894881 1.91839 0.534675 0.278011 -0.00316802 0.798012
0.563634 -0.894187 1.91846 0.532615 0.277917 -0.00324021 0.799421
0.56396 -0.893495 1.91854 0.530551 0.277823 -0.00331173 0.800824
0.564281 -0.8928 1.91861 0.528485 0.277726 -0.00338097 0.802222
0.564601 -0.892107 1.91869 0.526416 0.277629 -0.00344954 0.803615
0.564918 -0.891413 1.91877 0.524343 0.27753 -0.00351742 0.805003
0.565234 -0.89072 1.91884 0.522267 0.277431 -0.00358462 0.806385
0.565545 -0.890026 1.91892 0.520188 0.27733 -0.00364938 0.807762
0.565853 -0.889332 1.919 0.518106 0.277227 -0.00371344 0.809133
0.56616 -0.888638 1.91908 0.516021 0.277124 -0.00377681 0.8105
0.566465 -0.887945 1.91916 0.513933 0.27702 -0.00383949 0.811861
0.566765 -0.88725 1.91924 0.511842 0.276914 -0.00389955 0.813216
0.567063 -0.886556 1.91933 0.509748 0.276807 -0.0039589 0.814567
0.567359 -0.885862 1.91941 0.507651 0.276699 -0.00401755 0.815912
0.567653 -0.885169 1.91949 0.505551 0.27659 -0.00407548 0.817251
0.567941 -0.884473 1.91957 0.503448 0.276479 -0.00413064 0.818586
0.568228 -0.883779 1.91966 0.501343 0.276366 -0.00418507 0.819914
0.568513 -0.883085 1.91974 0.499234 0.276253 -0.00423877 0.821238
0.568796 -0.882391 1.91983 0.497122 0.27614 -0.00429175 0.822556
0.569073 -0.881695 1.91991 0.495008 0.276023 -0.00434177 0.823869
0.569349 -0.881 1.92 0.492891 0.275906 -0.00439106 0.825176
0.569622 -0.880306 1.92009 0.49077 0.275788 -0.0044396 0.826478
0.569894 -0.879612 1.92017 0.488647 0.275669 -0.00448741 0.827774
0.57016 -0.878916 1.92026 0.486522 0.275548 -0.00453208 0.829065
0.570424 -0.87822 1.92035 0.484394 0.275426 -0.00457599 0.830351
0.570686 -0.877525 1.92044 0.482262 0.275303 -0.00461915 0.831631
0.570946 -0.876831 1.92053 0.480128 0.275179 -0.00466156 0.832906
0.5712 -0.876134 1.92062 0.477992 0.275052 -0.00470065 0.834175
0.571453 -0.875438 1.92072 0.475853 0.274925 -0.00473897 0.835439
0.571703 -0.874743 1.92081 0.473711 0.274797 -0.00477651 0.836697
0.571952 -0.874048 1.9209 0.471566 0.274668 -0.00481328 0.83795
0.572194 -0.873351 1.92099 0.469419 0.274536 -0.00484656 0.839197
0.572435 -0.872654 1.92109 0.46727 0.274404 -0.00487905 0.840439
0.572674 -0.871958 1.92118 0.465117 0.27427 -0.00491075 0.841676
0.57291 -0.871263 1.92128 0.462962 0.274136 -0.00494165 0.842907
0.573141 -0.870565 1.92138 0.460805 0.273999 -0.00496888 0.844132
0.57337 -0.869867 1.92147 0.458645 0.273862 -0.0049953 0.845352
0.573596 -0.869171 1.92157 0.456483 0.273723 -0.00502091 0.846566
0.573821 -0.868475 1.92167 0.454317 0.273584 -0.00504572 0.847775
0.574039 -0.867776 1.92177 0.452151 0.273442 -0.00506665 0.848978
0.574256 -0.867078 1.92187 0.449981 0.273299 -0.00508676 0.850176
0.574471 -0.866381 1.92197 0.447809 0.273155 -0.00510605 0.851368
0.574683 -0.865684 1.92207 0.445633 0.273011 -0.0051245 0.852555
0.574889 -0.864985 1.92218 0.443457 0.272864 -0.0051389 0.853736
0.575093 -0.864286 1.92228 0.441278 0.272715 -0.00515246 0.854911
0.575296 -0.863588 1.92239 0.439096 0.272567 -0.00516517 0.856081
0.575496 -0.862891 1.92249 0.436912 0.272417 -0.00517703 0.857246
0.57569 -0.86219 1.9226 0.434727 0.272264 -0.00518464 0.858404
0.575881 -0.86149 1.9227 0.432538 0.272111 -0.00519139 0.859558
0.576071 -0.860792 1.92281 0.430347 0.271957 -0.00519727 0.860705
0.576259 -0.860094 1.92292 0.428154 0.271802 -0.00520229 0.861847
0.57644 -0.859392 1.92303 0.42596 0.271644 -0.00520286 0.862984
0.576619 -0.858692 1.92314 0.423763 0.271485 -0.00520255 0.864115
0.576796 -0.857992 1.92325 0.421563 0.271326 -0.00520135 0.86524
0.576972 -0.857293 1.92336 0.419361 0.271166 -0.00519927 0.866359
0.57714 -0.856591 1.92347 0.417158 0.271003 -0.00519254 0.867473
0.577306 -0.855889 1.92359 0.414952 0.270839 -0.00518491 0.868582
0.57747 -0.855188 1.9237 0.412744 0.270674 -0.00517637 0.869684
0.577633 -0.854488 1.92381 0.410533 0.270509 -0.00516693 0.870782
0.577788 -0.853785 1.92393 0.408322 0.27034 -0.00515264 0.871873
0.577941 -0.853082 1.92405 0.406109 0.270171 -0.00513742 0.872959
0.578092 -0.85238 1.92416 0.403893 0.270001 -0.00512129 0.874039
0.578242 -0.851679 1.92428 0.401674 0.26983 -0.00510423 0.875113
0.578383 -0.850975 1.9244 0.399455 0.269656 -0.00508211 0.876182
0.578523 -0.850271 1.92452 0.397233 0.269482 -0.00505904 0.877245
0.578662 -0.849568 1.92464 0.39501 0.269307 -0.00503504 0.878303
0.578798 -0.848866 1.92476 0.392783 0.269131 -0.00501009 0.879355
0.578926 -0.84816 1.92488 0.390557 0.268952 -0.00497987 0.880401
0.579053 -0.847455 1.92501 0.388328 0.268772 -0.00494869 0.881441
0.579178 -0.846751 1.92513 0.386096 0.268591 -0.00491654 0.882476
0.579301 -0.846047 1.92526 0.383863 0.26841 -0.00488343 0.883505
0.579416 -0.84534 1.92538 0.381629 0.268226 -0.00484484 0.884529
0.579529 -0.844634 1.92551 0.379393 0.268041 -0.00480527 0.885546
0.57964 -0.843928 1.92564 0.377154 0.267855 -0.00476471 0.886558
0.57975 -0.843224 1.92576 0.374914 0.267669 -0.00472317 0.887565
0.579851 -0.842515 1.9259 0.372673 0.267479 -0.00467592 0.888565
0.579951 -0.841807 1.92603 0.37043 0.267289 -0.00462768 0.88956
0.580048 -0.8411 1.92616 0.368185 0.267098 -0.00457843 0.890549
0.580144 -0.840394 1.92629 0.365938 0.266906 -0.00452818 0.891533
0.580232 -0.839684 1.92642 0.36369 0.266711 -0.004472 0.89251
0.580317 -0.838975 1.92656 0.361441 0.266515 -0.00441481 0.893482
0.580401 -0.838266 1.92669 0.35919 0.266319 -0.00435659 0.894448
0.580483 -0.837559 1.92683 0.356936 0.266123 -0.00429734 0.895409
0.580556 -0.836847 1.92696 0.354683 0.265922 -0.00423195 0.896364
0.580628 -0.836136 1.9271 0.352427 0.265721 -0.00416552 0.897313
0.580698 -0.835426 1.92724 0.350169 0.26552 -0.00409804 0.898256
0.580766 -0.834717 1.92738 0.34791 0.265318 -0.00402951 0.899193
0.580826 -0.834003 1.92752 0.34565 0.265113 -0.00395495 0.900125
0.580883 -0.833291 1.92766 0.343389 0.264907 -0.00387931 0.901051
0.58094 -0.83258 1.9278 0.341126 0.264701 -0.00380261 0.901971
0.580994 -0.831869 1.92794 0.33886 0.264494 -0.00372484 0.902886
0.58104 -0.831155 1.92809 0.336595 0.264284 -0.00364114 0.903795
0.581084 -0.830441 1.92823 0.334328 0.264073 -0.00355635 0.904698
0.581127 -0.829729 1.92838 0.332059 0.263862 -0.00347047 0.905595
0.581168 -0.829018 1.92852 0.329787 0.263651 -0.0033835 0.906486
0.581201 -0.828302 1.92867 0.327517 0.263436 -0.0032907 0.907372
0.581232 -0.827588 1.92882 0.325244 0.263221 -0.0031968 0.908252
0.581262 -0.826874 1.92897 0.322969 0.263005 -0.00310179 0.909126
0.58129 -0.826162 1.92911 0.320692 0.262789 -0.00300568 0.909994
0.58131 -0.825446 1.92927 0.318416 0.26257 -0.00290384 0.910857
0.581329 -0.824731 1.92942 0.316138 0.262351 -0.00280089 0.911713
0.581346 -0.824017 1.92957 0.313858 0.262131 -0.0026968 0.912564
0.581361 -0.823304 1.92972 0.311576 0.261911 -0.0025916 0.913409
0.581368 -0.822588 1.92987 0.309294 0.261687 -0.00248079 0.914249
0.581374 -0.821872 1.93002 0.307011 0.261464 -0.00236884 0.915082
0.581379 -0.821158 1.93018 0.304725 0.26124 -0.00225574 0.91591
0.581382 -0.820445 1.93033 0.302438 0.261015 -0.00214151 0.916732
0.581377 -0.819728 1.93048 0.300151 0.260788 -0.00202179 0.917548
0.581371 -0.819012 1.93064 0.297863 0.260561 -0.00190091 0.918358
0.581363 -0.818298 1.93079 0.295572 0.260333 -0.00177888 0.919163
0.581354 -0.817585 1.93095 0.29328 0.260105 -0.00165569 0.919962
0.581337 -0.816868 1.93111 0.290989 0.259874 -0.00152713 0.920754
0.581319 -0.816152 1.93126 0.288695 0.259643 -0.0013974 0.921542
0.581299 -0.815438 1.93142 0.2864 0.259411 -0.0012665 0.922323
0.581278 -0.814725 1.93158 0.284103 0.259179 -0.00113443 0.923098
0.58125 -0.814008 1.93174 0.281806 0.258945 -0.000997119 0.923868
0.58122 -0.813293 1.9319 0.279508 0.258711 -0.000858621 0.924632
0.581189 -0.812579 1.93206 0.277208 0.258476 -0.000718938 0.925389
0.581156 -0.811866 1.93222 0.274906 0.25824 -0.000578068 0.926142
0.581117 -0.81115 1.93238 0.272605 0.258003 -0.000432087 0.926888
0.581076 -0.810436 1.93254 0.270302 0.257765 -0.000284907 0.927628
0.581033 -0.809722 1.9327 0.267998 0.257527 -0.000136527 0.928363
0.58099 -0.80901 1.93286 0.265692 0.257288 1.30504e-05 0.929091
0.580939 -0.808295 1.93302 0.263386 0.257047 0.000167608 0.929814
0.580887 -0.807581 1.93318 0.261078 0.256806 0.000323376 0.930531
0.580834 -0.806868 1.93335 0.25877 0.256565 0.000480356 0.931242
0.580779 -0.806156 1.93351 0.256459 0.256324 0.000638546 0.931948
0.580718 -0.805442 1.93367 0.254149 0.25608 0.00080158 0.932647
0.580656 -0.804729 1.93383 0.251837 0.255836 0.000965837 0.933341
0.580592 -0.804017 1.934 0.249524 0.255592 0.00113132 0.934028
0.580527 -0.803307 1.93416 0.24721 0.255348 0.00129802 0.93471
0.580455 -0.802594 1.93433 0.244896 0.255101 0.00146942 0.935386
0.580383 -0.801882 1.93449 0.24258 0.254855 0.00164206 0.936056
0.580309 -0.801172 1.93465 0.240263 0.254608 0.00181593 0.936721
0.580233 -0.800462 1.93482 0.237944 0.254361 0.00199103 0.937379
0.580152 -0.799751 1.93498 0.235626 0.254112 0.0021707 0.938031
0.580069 -0.799041 1.93515 0.233306 0.253863 0.0023516 0.938678
0.579985 -0.798332 1.93531 0.230985 0.253614 0.00253375 0.939319
0.5799 -0.797624 1.93548 0.228663 0.253365 0.00271714 0.939953
0.579809 -0.796914 1.93565 0.226341 0.253114 0.00290494 0.940582
0.579716 -0.796205 1.93581 0.224017 0.252862 0.003094 0.941205
0.579623 -0.795498 1.93598 0.221692 0.252611 0.00328431 0.941822
0.579528 -0.794792 1.93614 0.219366 0.252359 0.00347586 0.942434
0.579428 -0.794084 1.93631 0.217041 0.252106 0.00367168 0.943039
0.579326 -0.793377 1.93648 0.214713 0.251853 0.00386876 0.943638
0.579223 -0.792672 1.93664 0.212385 0.251599 0.0040671 0.944232
0.579119 -0.791968 1.93681 0.210056 0.251345 0.0042667 0.94482
0.578973 -0.791027 1.93703 0.20695 0.251005 0.00453859 0.945594
0.578825 -0.790088 1.93725 0.203841 0.250665 0.00481273 0.946358
0.578674 -0.789152 1.93747 0.200731 0.250324 0.00508912 0.947111
0.578556 -0.788448 1.93764 0.198399 0.250067 0.00530058 0.947669
0.578437 -0.787746 1.93781 0.196065 0.24981 0.00551331 0.948221
0.578317 -0.787045 1.93797 0.19373 0.249553 0.0057273 0.948767
0.578195 -0.786345 1.93814 0.191394 0.249296 0.00594257 0.949308
0.578027 -0.785411 1.93836 0.188279 0.248951 0.00623495 0.950019
0.577856 -0.784479 1.93858 0.185162 0.248606 0.00652958 0.950719
0.577683 -0.783549 1.9388 0.182044 0.248261 0.00682649 0.951409
0.577549 -0.782851 1.93897 0.179705 0.248001 0.00705302 0.95192
0.577413 -0.782154 1.93914 0.177365 0.247742 0.00728082 0.952425
0.577277 -0.781458 1.9393 0.175024 0.247482 0.00750991 0.952923
0.577139 -0.780764 1.93947 0.172682 0.247221 0.00774027 0.953416
0.576949 -0.779837 1.93969 0.16956 0.246873 0.00805233 0.954064
0.576758 -0.778913 1.93991 0.166435 0.246525 0.00836667 0.954701
0.576564 -0.777991 1.94013 0.16331 0.246177 0.00868329 0.955328
0.576415 -0.777299 1.94029 0.160965 0.245915 0.00892427 0.955791
0.576265 -0.776608 1.94046 0.15862 0.245652 0.00916654 0.956248
0.576114 -0.775919 1.94062 0.156274 0.24539 0.00941008 0.956699
0.575961 -0.775231 1.94079 0.153926 0.245128 0.00965491 0.957145
0.575753 -0.774313 1.94101 0.150797 0.244777 0.00998582 0.957729
0.575542 -0.773397 1.94122 0.147666 0.244426 0.010319 0.958303
0.57533 -0.772484 1.94144 0.144533 0.244076 0.0106545 0.958866
0.575167 -0.771799 1.94161 0.142184 0.243812 0.0109092 0.959281
0.575003 -0.771115 1.94177 0.139834 0.243548 0.0111653 0.959691
0.574838 -0.770433 1.94193 0.137483 0.243284 0.0114227 0.960094
0.574672 -0.769752 1.94209 0.135131 0.24302 0.0116813 0.960492
0.574447 -0.768844 1.94231 0.131996 0.242668 0.0120301 0.961012
0.574219 -0.767939 1.94253 0.128859 0.242315 0.0123812 0.961522
0.57399 -0.767035 1.94274 0.125721 0.241963 0.0127346 0.962022
0.573815 -0.766358 1.9429 0.123367 0.241698 0.0130025 0.962389
0.573639 -0.765683 1.94306 0.121013 0.241433 0.0132716 0.962751
0.573462 -0.765008 1.94322 0.118658 0.241169 0.0135421 0.963107
0.573284 -0.764335 1.94338 0.116302 0.240904 0.0138138 0.963456
0.573043 -0.763438 1.9436 0.113161 0.24055 0.0141796 0.963913
0.5728 -0.762544 1.94381 0.110019 0.240197 0.0145477 0.96436
0.572556 -0.761652 1.94402 0.106877 0.239844 0.014918 0.964795
0.57237 -0.760983 1.94418 0.104519 0.239578 0.0151982 0.965115
0.572183 -0.760316 1.94433 0.102161 0.239313 0.0154797 0.965429
0.571995 -0.759651 1.94449 0.099803 0.239048 0.0157625 0.965737
0.571807 -0.758986 1.94465 0.0974442 0.238783 0.0160465 0.966038
0.571552 -0.758102 1.94486 0.0942989 0.238429 0.0164283 0.966431
0.571296 -0.757219 1.94506 0.0911528 0.238075 0.0168123 0.966814
0.571038 -0.75634 1.94527 0.0880059 0.237722 0.0171985 0.967185
0.570843 -0.755681 1.94543 0.0856456 0.237457 0.0174903 0.967457
0.570647 -0.755023 1.94558 0.0832848 0.237192 0.0177833 0.967723
0.57045 -0.754367 1.94573 0.0809237 0.236927 0.0180776 0.967983
0.570252 -0.753713 1.94589 0.0785623 0.236662 0.0183732 0.968236
0.569986 -0.752841 1.94609 0.0754134 0.236308 0.0187698 0.968565
0.569718 -0.751972 1.94629 0.0722639 0.235955 0.0191687 0.968884
0.569449 -0.751106 1.94649 0.069114 0.235602 0.0195698 0.969191
0.569246 -0.750458 1.94664 0.0667512 0.235338 0.0198723 0.969415
0.569042 -0.749811 1.94679 0.0643882 0.235073 0.0201761 0.969633
0.568837 -0.749165 1.94694 0.062025 0.234809 0.0204811 0.969844
0.568631 -0.748521 1.94709 0.0596616 0.234544 0.0207874 0.97005
0.568424 -0.747878 1.94724 0.0572979 0.23428 0.0210949 0.97025
0.568217 -0.747236 1.94739 0.054934 0.234016 0.0214037 0.970444
0.568008 -0.746596 1.94754 0.0525699 0.233752 0.0217138 0.970631
0.567799 -0.745957 1.94768 0.0502057 0.233488 0.0220251 0.970813
0.567519 -0.745108 1.94788 0.0470532 0.233137 0.0224421 0.971046
0.567237 -0.74426 1.94807 0.0439004 0.232785 0.0228614 0.971268
0.566954 -0.743416 1.94826 0.0407474 0.232434 0.0232829 0.971479
0.56674 -0.742784 1.94841 0.0383826 0.232171 0.0236005 0.971631
0.566526 -0.742153 1.94855 0.0360176 0.231908 0.0239193 0.971776
0.566311 -0.741524 1.94869 0.0336527 0.231645 0.0242393 0.971916
0.566096 -0.740897 1.94883 0.0312877 0.231382 0.0245606 0.972049
0.565807 -0.740062 1.94902 0.0281343 0.231032 0.024991 0.972218
0.565517 -0.73923 1.94921 0.0249808 0.230683 0.0254235 0.972376
0.565225 -0.7384 1.9494 0.0218275 0.230333 0.0258583 0.972523
0.565006 -0.737779 1.94954 0.0194625 0.230071 0.0261858 0.972627
0.564785 -0.73716 1.94968 0.0170975 0.229809 0.0265145 0.972724
0.564564 -0.736542 1.94981 0.0147326 0.229548 0.0268445 0.972816
0.564343 -0.735925 1.94995 0.0123678 0.229286 0.0271756 0.972901
0.564046 -0.735105 1.95013 0.00921491 0.228938 0.0276192 0.973005
0.563748 -0.734288 1.95032 0.0060622 0.22859 0.0280648 0.973099
0.563449 -0.733473 1.9505 0.00290974 0.228243 0.0285127 0.973182
0.563223 -0.732863 1.95063 0.000545579 0.227982 0.02885 0.973238
0.562997 -0.732255 1.95077 -0.00181841 0.227722 0.0291886 0.973287
0.562771 -0.731648 1.9509 -0.0041822 0.227462 0.0295283 0.97333
0.562543 -0.731043 1.95103 -0.00654579 0.227202 0.0298693 0.973368
0.562239 -0.730238 1.95121 -0.00969689 0.226855 0.0303258 0.973408
0.561934 -0.729435 1.95139 -0.0128476 0.22651 0.0307845 0.973438
0.561627 -0.728635 1.95156 -0.0159978 0.226164 0.0312454 0.973457
0.561397 -0.728037 1.95169 -0.0183601 0.225905 0.0315924 0.973464
0.561166 -0.72744 1.95182 -0.0207221 0.225647 0.0319407 0.973465
0.560934 -0.726844 1.95195 -0.0230838 0.225388 0.0322901 0.97346
0.560701 -0.72625 1.95208 -0.0254452 0.22513 0.0326408 0.973449
0.56039 -0.72546 1.95225 -0.0285932 0.224786 0.0331102 0.973426
0.560078 -0.724673 1.95242 -0.0317405 0.224442 0.0335818 0.973391
0.559765 -0.723888 1.95259 -0.0348871 0.224099 0.0340555 0.973346
0.55953 -0.7233 1.95271 -0.0372466 0.223842 0.0344121 0.973305
0.559294 -0.722715 1.95284 -0.0396056 0.223585 0.03477 0.973259
0.559057 -0.72213 1.95297 -0.0419642 0.223329 0.035129 0.973206
0.55882 -0.721547 1.95309 -0.0443224 0.223072 0.0354893 0.973147
0.558503 -0.720772 1.95325 -0.0474659 0.222731 0.0359714 0.973059
0.558184 -0.72 1.95342 -0.0506085 0.22239 0.0364557 0.972961
0.557865 -0.71923 1.95358 -0.0537502 0.222049 0.0369421 0.972852
0.557625 -0.718654 1.9537 -0.0561058 0.221794 0.0373082 0.972763
0.557385 -0.718079 1.95382 -0.058461 0.221539 0.0376756 0.972668
0.557144 -0.717506 1.95395 -0.0608155 0.221285 0.0380441 0.972567
0.556903 -0.716934 1.95407 -0.0631694 0.22103 0.0384138 0.972461
0.55658 -0.716174 1.95422 -0.0663071 0.220691 0.0389086 0.972309
0.556256 -0.715416 1.95438 -0.0694437 0.220353 0.0394054 0.972147
0.555932 -0.714661 1.95454 -0.0725792 0.220016 0.0399043 0.971974
0.555688 -0.714096 1.95466 -0.07493 0.219763 0.0402799 0.971837
0.555443 -0.713533 1.95477 -0.0772801 0.21951 0.0406566 0.971695
0.555198 -0.712971 1.95489 -0.0796296 0.219257 0.0410344 0.971546
0.554953 -0.712411 1.95501 -0.0819784 0.219005 0.0414135 0.971391
0.554625 -0.711665 1.95516 -0.0851089 0.21867 0.0419207 0.971176
0.554296 -0.710923 1.95531 -0.0882382 0.218334 0.0424299 0.97095
0.553967 -0.710182 1.95546 -0.091366 0.218 0.0429412 0.970713
0.553719 -0.709629 1.95558 -0.093711 0.217749 0.043326 0.970529
0.553471 -0.709077 1.95569 -0.0960552 0.217499 0.043712 0.970339
0.553223 -0.708526 1.9558 -0.0983986 0.217249 0.0440991 0.970142
0.552974 -0.707976 1.95591 -0.100741 0.216999 0.0444874 0.96994
0.552642 -0.707246 1.95606 -0.103863 0.216666 0.0450068 0.969661
0.552309 -0.706518 1.95621 -0.106984 0.216335 0.0455283 0.969371
0.551975 -0.705793 1.95635 -0.110103 0.216003 0.0460518 0.969071
0.551724 -0.70525 1.95646 -0.112441 0.215755 0.0464458 0.968839
0.551473 -0.704709 1.95657 -0.114778 0.215507 0.0468409 0.968601
0.551221 -0.704169 1.95668 -0.117115 0.21526 0.0472371 0.968357
0.550969 -0.703631 1.95678 -0.11945 0.215012 0.0476345 0.968108
0.550633 -0.702916 1.95692 -0.122562 0.214683 0.048166 0.967765
0.550296 -0.702202 1.95707 -0.125673 0.214355 0.0486996 0.967412
0.549958 -0.701492 1.95721 -0.128782 0.214027 0.0492351 0.967049
0.549705 -0.70096 1.95731 -0.131112 0.213782 0.0496381 0.966769
0.549451 -0.70043 1.95741 -0.133442 0.213536 0.0500422 0.966484
0.549197 -0.699902 1.95752 -0.13577 0.213292 0.0504474 0.966193
0.548942 -0.699374 1.95762 -0.138097 0.213047 0.0508537 0.965895
0.548602 -0.698673 1.95776 -0.141198 0.212722 0.0513972 0.96549
0.548262 -0.697975 1.95789 -0.144298 0.212397 0.0519427 0.965074
0.547921 -0.697279 1.95803 -0.147395 0.212073 0.0524902 0.964647
0.547665 -0.696758 1.95813 -0.149717 0.21183 0.052902 0.964321
0.547409 -0.696239 1.95823 -0.152037 0.211588 0.053315 0.963988
0.547153 -0.695722 1.95832 -0.154356 0.211346 0.0537291 0.963649
0.546896 -0.695205 1.95842 -0.156674 0.211105 0.0541442 0.963305
0.546553 -0.694519 1.95855 -0.159763 0.210783 0.0546995 0.962837
0.54621 -0.693835 1.95868 -0.16285 0.210462 0.0552567 0.962358
0.545866 -0.693154 1.95881 -0.165934 0.210142 0.0558158 0.961868
0.545608 -0.692644 1.95891 -0.168246 0.209902 0.0562364 0.961494
0.54535 -0.692136 1.959 -0.170557 0.209663 0.0566581 0.961115
0.545092 -0.691629 1.9591 -0.172866 0.209424 0.0570809 0.960729
0.544833 -0.691124 1.95919 -0.175174 0.209186 0.0575048 0.960338
0.544488 -0.690452 1.95932 -0.178249 0.208868 0.0580716 0.959807
0.544143 -0.689782 1.95944 -0.181322 0.208552 0.0586404 0.959265
0.543797 -0.689115 1.95957 -0.184393 0.208236 0.059211 0.958713
0.543537 -0.688616 1.95966 -0.186694 0.207999 0.0596403 0.958293
0.543277 -0.688119 1.95975 -0.188993 0.207763 0.0600706 0.957866
0.543017 -0.687623 1.95984 -0.191292 0.207527 0.0605019 0.957434
0.542757 -0.687128 1.95993 -0.193589 0.207292 0.0609344 0.956996
0.54241 -0.686471 1.96005 -0.196649 0.206979 0.0615126 0.956402
0.542063 -0.685815 1.96017 -0.199706 0.206666 0.0620927 0.955799
0.541715 -0.685162 1.96029 -0.202761 0.206355 0.0626747 0.955184
0.541455 -0.684674 1.96038 -0.205051 0.206122 0.0631124 0.954717
0.541194 -0.684188 1.96046 -0.207339 0.205889 0.0635512 0.954244
0.540933 -0.683702 1.96055 -0.209625 0.205657 0.063991 0.953765
0.540671 -0.683218 1.96064 -0.21191 0.205425 0.0644319 0.95328
0.540323 -0.682575 1.96075 -0.214954 0.205116 0.0650213 0.952625
0.539974 -0.681933 1.96087 -0.217995 0.204808 0.0656126 0.951959
0.539625 -0.681295 1.96098 -0.221033 0.204501 0.0662057 0.951284
0.539364 -0.680817 1.96106 -0.22331 0.204271 0.0666518 0.95077
0.539102 -0.680341 1.96115 -0.225585 0.204042 0.0670989 0.95025
0.53884 -0.679866 1.96123 -0.227859 0.203813 0.067547 0.949725
0.538578 -0.679392 1.96131 -0.230131 0.203585 0.0679961 0.949194
0.538054 -0.678449 1.96147 -0.234669 0.203129 0.0688975 0.948115
0.53753 -0.67751 1.96164 -0.239201 0.202676 0.0698029 0.947013
