0.557481 -0.0386832 1.8192 0.677268 0.259843 0.285045 -0.626529
0.558036 -0.0374541 1.81835 0.676937 0.259254 0.286921 -0.626275
0.558587 -0.0362225 1.81749 0.676603 0.258658 0.288794 -0.626021
0.559133 -0.0349883 1.81663 0.676268 0.258055 0.290665 -0.625765
0.559676 -0.0337516 1.81578 0.675932 0.257447 0.292533 -0.625509
0.560215 -0.0325123 1.81492 0.675593 0.256832 0.294399 -0.625252
0.56075 -0.0312706 1.81406 0.675252 0.256211 0.296263 -0.624994
0.561281 -0.0300263 1.8132 0.67491 0.255584 0.298125 -0.624736
0.561808 -0.0287795 1.81235 0.674566 0.254951 0.299984 -0.624476
0.562331 -0.0275303 1.81149 0.67422 0.254311 0.30184 -0.624216
0.562849 -0.0262786 1.81062 0.673872 0.253665 0.303694 -0.623955
0.563364 -0.0250245 1.80976 0.673523 0.253014 0.305545 -0.623693
0.563875 -0.023768 1.8089 0.673171 0.252356 0.307394 -0.623431
0.564344 -0.0225939 1.8081 0.672914 0.251668 0.309073 -0.623156
0.564805 -0.0214285 1.8073 0.672668 0.250973 0.310729 -0.622879
0.565253 -0.0202824 1.80652 0.672444 0.250268 0.31234 -0.622598
0.565683 -0.0191665 1.80576 0.672256 0.24955 0.313887 -0.622312
0.566093 -0.0180917 1.80502 0.672114 0.248817 0.315347 -0.62202
0.566482 -0.0170556 1.80432 0.672016 0.248071 0.316727 -0.621722
0.566853 -0.0160556 1.80364 0.67196 0.247312 0.318032 -0.621419
0.567206 -0.0150894 1.80299 0.671943 0.246542 0.319267 -0.621111
0.567544 -0.0141542 1.80235 0.67196 0.245763 0.320438 -0.620797
0.567867 -0.0132477 1.80174 0.672011 0.244974 0.32155 -0.62048
0.568177 -0.0123671 1.80114 0.67209 0.244177 0.322608 -0.620158
0.568476 -0.0115099 1.80057 0.672196 0.243373 0.323618 -0.619833
0.568763 -0.0106736 1.8 0.672326 0.242563 0.324585 -0.619504
0.569039 -0.00986072 1.79945 0.672482 0.241746 0.325503 -0.619172
0.569303 -0.00907419 1.79892 0.672668 0.240921 0.326368 -0.618836
0.569553 -0.00831676 1.79841 0.672887 0.24009 0.327175 -0.618495
0.569789 -0.00759119 1.79793 0.673142 0.239251 0.327919 -0.61815
0.570009 -0.00690027 1.79746 0.673435 0.238403 0.328594 -0.617799
0.570214 -0.00624674 1.79703 0.67377 0.237548 0.329196 -0.617442
0.570401 -0.00563337 1.79662 0.67415 0.236683 0.329719 -0.61708
0.570571 -0.00506289 1.79624 0.674579 0.23581 0.33016 -0.616711
0.570721 -0.00453352 1.79588 0.675052 0.234929 0.33052 -0.616336
0.57085 -0.00404347 1.79556 0.675566 0.234043 0.330804 -0.615957
0.570955 -0.00359095 1.79526 0.676118 0.233154 0.331015 -0.615575
0.571036 -0.00317417 1.79498 0.676705 0.232264 0.331156 -0.615191
0.571089 -0.00279133 1.79473 0.677323 0.231374 0.33123 -0.614806
0.571113 -0.00244064 1.7945 0.67797 0.230486 0.33124 -0.614421
0.571107 -0.00212031 1.79428 0.678641 0.229603 0.331191 -0.614038
0.571067 -0.00182855 1.79409 0.679333 0.228725 0.331085 -0.613657
0.570993 -0.00156358 1.79391 0.680043 0.227855 0.330924 -0.61328
0.570882 -0.00132362 1.79374 0.680769 0.226994 0.330714 -0.612908
0.570733 -0.0011069 1.79359 0.681505 0.226144 0.330456 -0.612542
0.570543 -0.000911652 1.79345 0.68225 0.225308 0.330153 -0.612184
0.57031 -0.000736123 1.79333 0.683001 0.224486 0.32981 -0.611834
0.570032 -0.000578567 1.79321 0.683753 0.223681 0.329428 -0.611495
0.569708 -0.000437249 1.7931 0.684504 0.222895 0.329012 -0.611166
0.569335 -0.000310446 1.79299 0.68525 0.222128 0.328563 -0.61085
0.568912 -0.000196449 1.79289 0.685989 0.221385 0.328085 -0.610547
0.568436 -9.3562e-05 1.7928 0.686717 0.220665 0.327582 -0.61026
0.567905 -1.06827e-07 1.7927 0.687431 0.219971 0.327055 -0.609988
0.567317 8.55796e-05 1.79261 0.688128 0.219305 0.326509 -0.609735
0.566671 0.000165142 1.79251 0.688805 0.21867 0.325945 -0.6095
0.565964 0.000240205 1.79241 0.689459 0.218066 0.325367 -0.609286
0.565194 0.000312376 1.79231 0.690087 0.217496 0.324778 -0.609094
0.56436 0.000383237 1.7922 0.690685 0.216962 0.324181 -0.608925
0.563458 0.000454349 1.79208 0.69125 0.216466 0.323578 -0.60878
0.562488 0.000527251 1.79195 0.69178 0.216009 0.322972 -0.608661
0.561447 0.000603454 1.79182 0.692272 0.215595 0.322367 -0.60857
0.560333 0.000684445 1.79167 0.692722 0.215225 0.321765 -0.608508
0.559144 0.000771684 1.7915 0.693126 0.214901 0.321169 -0.608476
0.557878 0.0008666 1.79132 0.693483 0.214625 0.320583 -0.608477
0.556534 0.000970596 1.79113 0.693789 0.2144 0.320008 -0.60851
0.555108 0.00108504 1.79091 0.69404 0.214226 0.319448 -0.608579
0.553609 0.00120831 1.79067 0.694238 0.214103 0.318903 -0.608682
0.552043 0.00133879 1.79042 0.694385 0.214028 0.318373 -0.608819
0.550417 0.00147494 1.79016 0.69448 0.213997 0.31786 -0.60899
0.548739 0.00161523 1.78988 0.694525 0.21401 0.317362 -0.609193
0.547015 0.00175819 1.78958 0.694522 0.214063 0.316882 -0.609428
0.545252 0.00190239 1.78928 0.69447 0.214155 0.316418 -0.609695
0.543458 0.00204643 1.78896 0.694372 0.214282 0.315972 -0.609994
0.54164 0.00218897 1.78864 0.694228 0.214442 0.315544 -0.610323
0.539805 0.00232873 1.78831 0.69404 0.214633 0.315134 -0.610682
0.537959 0.00246444 1.78798 0.693807 0.214853 0.314743 -0.61107
0.53611 0.00259491 1.78764 0.693532 0.215099 0.314371 -0.611487
0.534265 0.00271898 1.7873 0.693216 0.215368 0.314018 -0.611932
0.53243 0.00283552 1.78696 0.692859 0.215659 0.313686 -0.612405
0.530614 0.00294345 1.78662 0.692462 0.215968 0.313374 -0.612904
0.528823 0.00304175 1.78629 0.692026 0.216293 0.313083 -0.613429
0.527063 0.00312939 1.78596 0.691553 0.216632 0.312814 -0.61398
0.525343 0.00320541 1.78564 0.691044 0.216983 0.312566 -0.614556
0.523669 0.00326886 1.78533 0.690499 0.217342 0.312341 -0.615155
0.522048 0.0033188 1.78503 0.689921 0.217708 0.312138 -0.615778
0.520486 0.00335433 1.78474 0.689308 0.218078 0.311958 -0.616424
0.518992 0.00337456 1.78446 0.688664 0.21845 0.311801 -0.617091
0.517572 0.00337858 1.78421 0.687989 0.21882 0.311668 -0.617779
0.516233 0.00336551 1.78397 0.687285 0.219188 0.311559 -0.618488
0.514981 0.00333445 1.78376 0.686552 0.219549 0.311474 -0.619216
0.513825 0.00328449 1.78356 0.685791 0.219903 0.311414 -0.619963
0.51277 0.0032147 1.7834 0.685005 0.220246 0.311379 -0.620728
0.511825 0.0031241 1.78326 0.684193 0.220577 0.31137 -0.62151
0.510995 0.00301171 1.78315 0.683358 0.220892 0.311386 -0.622308
0.510288 0.00287647 1.78307 0.682501 0.221189 0.311428 -0.623122
0.509711 0.00271728 1.78303 0.681622 0.221467 0.311496 -0.62395
0.50927 0.00253296 1.78302 0.680724 0.221722 0.31159 -0.624793
0.508973 0.00232228 1.78305 0.679807 0.221953 0.311711 -0.625648
0.50881 0.00208675 1.78312 0.678872 0.22216 0.311857 -0.626516
0.508773 0.00182784 1.78322 0.677921 0.222346 0.312026 -0.627395
0.508853 0.00154696 1.78334 0.676956 0.222511 0.312217 -0.628284
0.50904 0.00124555 1.7835 0.675975 0.222658 0.312428 -0.629182
0.509326 0.000924992 1.78369 0.674982 0.222788 0.312656 -0.630088
0.509701 0.000586703 1.78389 0.673977 0.222903 0.312901 -0.631001
0.510158 0.0002321 1.78412 0.672961 0.223003 0.313161 -0.63192
0.510686 -0.000137376 1.78436 0.671935 0.223091 0.313434 -0.632844
0.511276 -0.000520255 1.78463 0.670901 0.223168 0.313719 -0.633773
0.511921 -0.000915028 1.7849 0.669859 0.223236 0.314014 -0.634705
0.51261 -0.00132014 1.78519 0.66881 0.223295 0.314316 -0.63564
0.513335 -0.001734 1.78548 0.667755 0.223348 0.314626 -0.636576
0.514159 -0.00216961 1.7858 0.666688 0.223385 0.314953 -0.637519
0.515144 -0.00264044 1.78616 0.6656 0.223393 0.315309 -0.638476
0.516353 -0.00316054 1.78658 0.664484 0.223363 0.315705 -0.639453
0.517848 -0.00374465 1.78707 0.663333 0.223283 0.316153 -0.640454
0.519558 -0.00437965 1.78761 0.662155 0.223166 0.316639 -0.641473
0.521412 -0.00505178 1.78818 0.660958 0.223025 0.317151 -0.642503
0.523337 -0.00574656 1.78876 0.659751 0.22287 0.317675 -0.643537
0.525262 -0.00644863 1.78934 0.658543 0.222715 0.318198 -0.644568
0.527186 -0.00715801 1.78992 0.657334 0.22256 0.318722 -0.645597
0.529111 -0.00787469 1.7905 0.656123 0.222405 0.319245 -0.646623
0.531035 -0.00859869 1.79107 0.654911 0.222249 0.319767 -0.647646
0.532959 -0.00933 1.79163 0.653698 0.222093 0.32029 -0.648667
0.534883 -0.0100686 1.79219 0.652483 0.221936 0.320811 -0.649684
0.536806 -0.0108146 1.79275 0.651268 0.221779 0.321333 -0.650699
0.538729 -0.0115679 1.79331 0.650051 0.221622 0.321854 -0.651712
0.540651 -0.0123285 1.79385 0.648832 0.221464 0.322375 -0.652721
0.542573 -0.0130964 1.7944 0.647613 0.221306 0.322895 -0.653728
0.543978 -0.0136429 1.7948 0.646671 0.221179 0.323332 -0.654487
0.545124 -0.0140784 1.79512 0.645868 0.221067 0.323728 -0.655121
0.545753 -0.0142857 1.7953 0.645345 0.220987 0.324041 -0.655509
0.545995 -0.0143207 1.79536 0.645031 0.220931 0.324292 -0.655713
0.545978 -0.0142405 1.79536 0.644856 0.22089 0.324502 -0.655795
0.545832 -0.0141027 1.79532 0.644752 0.220856 0.324691 -0.655815
0.545687 -0.013965 1.79528 0.644647 0.220823 0.32488 -0.655835
0.545541 -0.0138274 1.79524 0.644543 0.22079 0.32507 -0.655855
0.545395 -0.0136899 1.7952 0.644438 0.220756 0.325259 -0.655876
0.545249 -0.0135524 1.79516 0.644334 0.220723 0.325448 -0.655896
0.545103 -0.0134151 1.79512 0.644229 0.220689 0.325637 -0.655916
0.544957 -0.0132778 1.79507 0.644125 0.220655 0.325826 -0.655936
0.544811 -0.0131407 1.79503 0.64402 0.220621 0.326016 -0.655956
0.544665 -0.0130036 1.79499 0.643915 0.220587 0.326205 -0.655976
0.54452 -0.0128666 1.79495 0.643811 0.220553 0.326394 -0.655996
0.544374 -0.0127297 1.79491 0.643706 0.220519 0.326583 -0.656016
0.544228 -0.0125929 1.79487 0.643601 0.220484 0.326773 -0.656036
0.544082 -0.0124561 1.79483 0.643497 0.22045 0.326962 -0.656056
0.543936 -0.0123195 1.79479 0.643392 0.220415 0.327151 -0.656076
0.543789 -0.0121829 1.79475 0.643287 0.220381 0.327341 -0.656096
0.543643 -0.0120465 1.79471 0.643183 0.220346 0.32753 -0.656116
0.543497 -0.0119101 1.79467 0.643078 0.220311 0.327719 -0.656136
0.543351 -0.0117738 1.79463 0.642973 0.220276 0.327909 -0.656156
0.543205 -0.0116376 1.79458 0.642868 0.220241 0.328098 -0.656175
0.543059 -0.0115014 1.79454 0.642764 0.220205 0.328287 -0.656195
0.542913 -0.0113654 1.7945 0.642659 0.22017 0.328477 -0.656215
0.542766 -0.0112294 1.79446 0.642554 0.220135 0.328666 -0.656235
0.54262 -0.0110936 1.79442 0.642449 0.220099 0.328855 -0.656254
0.542474 -0.0109578 1.79438 0.642344 0.220063 0.329045 -0.656274
0.542328 -0.0108221 1.79434 0.642239 0.220027 0.329234 -0.656294
0.542181 -0.0106865 1.7943 0.642135 0.219991 0.329423 -0.656313
0.542035 -0.010551 1.79426 0.64203 0.219955 0.329613 -0.656333
0.541889 -0.0104155 1.79421 0.641925 0.219919 0.329802 -0.656353
0.541743 -0.0102802 1.79417 0.64182 0.219883 0.329992 -0.656372
0.541596 -0.0101449 1.79413 0.641715 0.219847 0.330181 -0.656392
0.54145 -0.0100098 1.79409 0.64161 0.21981 0.33037 -0.656411
0.541303 -0.00987468 1.79405 0.641505 0.219774 0.33056 -0.656431
0.541157 -0.00973968 1.79401 0.6414 0.219737 0.330749 -0.65645
0.541011 -0.00960477 1.79397 0.641295 0.2197 0.330939 -0.656469
0.540864 -0.00946995 1.79393 0.64119 0.219663 0.331128 -0.656489
0.540718 -0.00933521 1.79388 0.641085 0.219626 0.331318 -0.656508
0.540571 -0.00920056 1.79384 0.64098 0.219589 0.331507 -0.656528
0.540425 -0.009066 1.7938 0.640875 0.219552 0.331697 -0.656547
0.540278 -0.00893153 1.79376 0.64077 0.219514 0.331886 -0.656566
0.540132 -0.00879714 1.79372 0.640665 0.219477 0.332076 -0.656585
0.539985 -0.00866283 1.79368 0.64056 0.219439 0.332265 -0.656605
0.539838 -0.00852862 1.79364 0.640455 0.219401 0.332455 -0.656624
0.539692 -0.00839449 1.79359 0.64035 0.219364 0.332644 -0.656643
0.539545 -0.00826045 1.79355 0.640244 0.219326 0.332834 -0.656662
0.539399 -0.0081265 1.79351 0.640139 0.219288 0.333023 -0.656681
0.539252 -0.00799263 1.79347 0.640034 0.219249 0.333213 -0.6567
0.539105 -0.00785885 1.79343 0.639929 0.219211 0.333402 -0.656719
0.538959 -0.00772515 1.79339 0.639824 0.219173 0.333592 -0.656738
0.538812 -0.00759155 1.79334 0.639719 0.219134 0.333781 -0.656757
0.538665 -0.00745803 1.7933 0.639613 0.219096 0.333971 -0.656776
0.538518 -0.0073246 1.79326 0.639508 0.219057 0.33416 -0.656795
0.538372 -0.00719125 1.79322 0.639403 0.219018 0.33435 -0.656814
0.538225 -0.00705799 1.79318 0.639298 0.218979 0.33454 -0.656833
0.538078 -0.00692482 1.79314 0.639192 0.21894 0.334729 -0.656852
0.537931 -0.00679174 1.79309 0.639087 0.218901 0.334919 -0.656871
0.537784 -0.00665874 1.79305 0.638982 0.218862 0.335108 -0.65689
0.537637 -0.00652583 1.79301 0.638876 0.218822 0.335298 -0.656909
0.537491 -0.006393 1.79297 0.638771 0.218783 0.335488 -0.656927
0.537344 -0.00626027 1.79293 0.638666 0.218743 0.335677 -0.656946
0.537197 -0.00612762 1.79288 0.63856 0.218704 0.335867 -0.656965
0.53705 -0.00599505 1.79284 0.638455 0.218664 0.336056 -0.656984
0.536903 -0.00586258 1.7928 0.63835 0.218624 0.336246 -0.657002
0.536756 -0.00573019 1.79276 0.638244 0.218584 0.336436 -0.657021
0.536609 -0.00559789 1.79272 0.638139 0.218544 0.336625 -0.65704
0.536462 -0.00546567 1.79267 0.638033 0.218503 0.336815 -0.657058
0.536315 -0.00533354 1.79263 0.637928 0.218463 0.337005 -0.657077
0.536168 -0.0052015 1.79259 0.637822 0.218422 0.337194 -0.657095
0.536021 -0.00506955 1.79255 0.637717 0.218382 0.337384 -0.657114
0.535874 -0.00493768 1.79251 0.637611 0.218341 0.337574 -0.657132
0.535727 -0.0048059 1.79246 0.637506 0.2183 0.337763 -0.657151
0.535579 -0.00467421 1.79242 0.6374 0.218259 0.337953 -0.657169
0.535432 -0.0045426 1.79238 0.637295 0.218218 0.338143 -0.657188
0.535285 -0.00441108 1.79234 0.637189 0.218177 0.338332 -0.657206
0.535138 -0.00427965 1.79229 0.637084 0.218136 0.338522 -0.657224
0.534991 -0.00414831 1.79225 0.636978 0.218094 0.338712 -0.657243
0.534844 -0.00401705 1.79221 0.636873 0.218053 0.338901 -0.657261
0.534696 -0.00388588 1.79217 0.636767 0.218011 0.339091 -0.657279
0.534549 -0.00375479 1.79213 0.636661 0.21797 0.339281 -0.657298
0.534402 -0.0036238 1.79208 0.636556 0.217928 0.339471 -0.657316
0.534255 -0.00349289 1.79204 0.63645 0.217886 0.33966 -0.657334
0.534107 -0.00336207 1.792 0.636344 0.217844 0.33985 -0.657352
0.53396 -0.00323133 1.79196 0.636239 0.217802 0.34004 -0.65737
0.533813 -0.00310068 1.79191 0.636133 0.217759 0.34023 -0.657388
0.533665 -0.00297012 1.79187 0.636027 0.217717 0.340419 -0.657406
0.533518 -0.00283964 1.79183 0.635922 0.217674 0.340609 -0.657425
0.533371 -0.00270926 1.79179 0.635816 0.217632 0.340799 -0.657443
0.533223 -0.00257896 1.79174 0.63571 0.217589 0.340989 -0.657461
0.533076 -0.00244874 1.7917 0.635604 0.217546 0.341178 -0.657479
0.532928 -0.00231862 1.79166 0.635499 0.217503 0.341368 -0.657497
0.532781 -0.00218858 1.79161 0.635393 0.21746 0.341558 -0.657514
0.532634 -0.00205863 1.79157 0.635287 0.217417 0.341748 -0.657532
0.532486 -0.00192876 1.79153 0.635181 0.217374 0.341937 -0.65755
0.532339 -0.00179898 1.79149 0.635075 0.21733 0.342127 -0.657568
0.532191 -0.00166929 1.79144 0.634969 0.217287 0.342317 -0.657586
0.532043 -0.0015392 1.7914 0.634863 0.217244 0.342507 -0.657603
0.531893 -0.00140823 1.79136 0.634757 0.217202 0.342699 -0.65762
0.53174 -0.00127589 1.79132 0.634651 0.217161 0.342893 -0.657635
0.531585 -0.00114171 1.79128 0.634544 0.217122 0.34309 -0.657649
0.531425 -0.0010052 1.79123 0.634436 0.217086 0.343289 -0.65766
0.53126 -0.000865894 1.79119 0.634328 0.217053 0.343493 -0.657669
0.531089 -0.000723311 1.79116 0.634219 0.217023 0.343702 -0.657675
0.530912 -0.00057698 1.79112 0.634109 0.216998 0.343915 -0.657678
0.530728 -0.00042643 1.79108 0.633998 0.216976 0.344135 -0.657676
0.530535 -0.000271195 1.79105 0.633887 0.21696 0.344362 -0.657671
0.530333 -0.000110809 1.79101 0.633773 0.21695 0.344596 -0.657661
0.530122 5.51901e-05 1.79098 0.633659 0.216946 0.344838 -0.657646
0.5299 0.000227261 1.79095 0.633543 0.216948 0.345088 -0.657625
0.529666 0.000405861 1.79092 0.633426 0.216957 0.345349 -0.657598
0.52942 0.00059144 1.7909 0.633307 0.216974 0.345619 -0.657566
0.529161 0.000784447 1.79087 0.633186 0.216999 0.3459 -0.657526
0.528887 0.000985327 1.79085 0.633063 0.217032 0.346192 -0.657479
0.528599 0.00119452 1.79083 0.632939 0.217074 0.346497 -0.657424
0.528296 0.00141246 1.79081 0.632812 0.217126 0.346815 -0.657362
0.527976 0.00163957 1.7908 0.632683 0.217188 0.347146 -0.657291
0.527639 0.00187628 1.79078 0.632552 0.217261 0.347491 -0.65721
0.527283 0.00212301 1.79078 0.632418 0.217344 0.347852 -0.657121
0.526909 0.00238017 1.79077 0.632282 0.217439 0.348228 -0.657021
0.526515 0.00264817 1.79077 0.632143 0.217545 0.348621 -0.656911
0.526101 0.00292739 1.79077 0.632002 0.217664 0.34903 -0.656791
0.525665 0.00321824 1.79077 0.631857 0.217795 0.349458 -0.656659
0.525207 0.00352108 1.79077 0.631709 0.21794 0.349904 -0.656515
0.524726 0.00383631 1.79078 0.631558 0.218098 0.35037 -0.65636
0.524221 0.00416426 1.7908 0.631404 0.21827 0.350856 -0.656191
0.523691 0.00450531 1.79081 0.631247 0.218457 0.351363 -0.656009
0.523135 0.00485979 1.79083 0.631086 0.218658 0.351891 -0.655814
0.522554 0.00522804 1.79086 0.630921 0.218875 0.352442 -0.655605
0.521946 0.00560907 1.79088 0.630751 0.219105 0.353015 -0.655383
0.521313 0.00600191 1.79091 0.630574 0.219348 0.353612 -0.655151
0.520655 0.00640558 1.79093 0.630389 0.2196 0.354231 -0.654909
0.519973 0.00681911 1.79096 0.630194 0.219862 0.354874 -0.654661
0.519266 0.00724151 1.79098 0.629987 0.220131 0.355541 -0.654407
0.518536 0.00767183 1.791 0.629768 0.220405 0.356232 -0.65415
0.517783 0.00810909 1.79102 0.629534 0.220683 0.356947 -0.653892
0.517008 0.00855233 1.79103 0.629285 0.220964 0.357686 -0.653633
0.51621 0.0090006 1.79103 0.629017 0.221246 0.358451 -0.653376
0.515391 0.00945295 1.79102 0.628731 0.221527 0.35924 -0.653123
0.514551 0.00990843 1.79101 0.628425 0.221805 0.360054 -0.652875
0.51369 0.0103661 1.79098 0.628096 0.222079 0.360893 -0.652635
0.51281 0.010825 1.79094 0.627744 0.222348 0.361758 -0.652404
0.51191 0.0112843 1.79089 0.627367 0.222609 0.362648 -0.652183
0.510991 0.011743 1.79083 0.626963 0.222861 0.363564 -0.651975
0.510054 0.0122002 1.79075 0.626531 0.223103 0.364506 -0.651782
0.509098 0.012655 1.79065 0.626069 0.223332 0.365475 -0.651605
0.508126 0.0131065 1.79054 0.625576 0.223547 0.366469 -0.651446
0.507137 0.0135539 1.79041 0.62505 0.223747 0.36749 -0.651307
0.506131 0.0139962 1.79026 0.62449 0.223929 0.368537 -0.651189
0.50511 0.0144326 1.79009 0.623895 0.224093 0.369611 -0.651096
0.504074 0.0148623 1.7899 0.623262 0.224236 0.370712 -0.651027
0.503023 0.0152843 1.78968 0.62259 0.224356 0.371839 -0.650985
0.501958 0.015698 1.78944 0.621877 0.224453 0.372993 -0.650973
0.50088 0.0161023 1.78918 0.621123 0.224524 0.374173 -0.650991
0.499789 0.0164965 1.78889 0.620325 0.224568 0.37538 -0.651042
0.498685 0.0168799 1.78857 0.619482 0.224583 0.376614 -0.651127
0.49757 0.0172516 1.78823 0.618593 0.224568 0.377875 -0.651248
0.496443 0.0176108 1.78786 0.617655 0.22452 0.379162 -0.651406
0.495306 0.0179568 1.78745 0.616667 0.224438 0.380475 -0.651605
0.494158 0.0182888 1.78702 0.615627 0.22432 0.381815 -0.651844
0.493001 0.018606 1.78655 0.614534 0.224166 0.383182 -0.652127
0.491836 0.0189096 1.78606 0.613393 0.223976 0.384572 -0.652448
0.490662 0.0192007 1.78554 0.612208 0.223755 0.385982 -0.652803
0.489482 0.0194806 1.785 0.610984 0.223505 0.387412 -0.653189
0.488296 0.0197502 1.78443 0.609726 0.22323 0.388857 -0.6536
0.487106 0.0200108 1.78385 0.608439 0.222931 0.390315 -0.654032
0.485912 0.0202635 1.78326 0.607127 0.222612 0.391784 -0.654481
0.484715 0.0205095 1.78265 0.605796 0.222277 0.393261 -0.654943
0.483516 0.0207498 1.78203 0.604449 0.221927 0.394744 -0.655413
0.482317 0.0209856 1.78141 0.603093 0.221567 0.396231 -0.655887
0.481118 0.021218 1.78079 0.601732 0.221198 0.397718 -0.656362
0.479919 0.0214481 1.78016 0.600371 0.220825 0.399204 -0.656832
0.478723 0.0216771 1.77954 0.599014 0.220451 0.400686 -0.657293
0.47753 0.0219061 1.77892 0.597668 0.220078 0.402161 -0.657742
0.476341 0.0221361 1.77831 0.596336 0.21971 0.403629 -0.658175
0.475157 0.0223683 1.77771 0.595025 0.21935 0.405085 -0.658587
0.473978 0.0226038 1.77712 0.593738 0.219002 0.406529 -0.658974
0.472807 0.0228437 1.77656 0.592482 0.218668 0.407958 -0.659333
0.471643 0.0230891 1.77601 0.591261 0.218353 0.409369 -0.659659
0.470488 0.0233412 1.77548 0.59008 0.218059 0.410761 -0.659948
0.469343 0.0236009 1.77497 0.588945 0.217789 0.412131 -0.660197
0.468208 0.0238695 1.7745 0.58786 0.217548 0.413478 -0.660401
0.467085 0.024148 1.77405 0.586832 0.217339 0.414799 -0.660556
0.465974 0.0244375 1.77364 0.585864 0.217164 0.416092 -0.660659
0.464877 0.0247391 1.77326 0.584962 0.217028 0.417356 -0.660706
0.463794 0.0250539 1.77292 0.584131 0.216935 0.418588 -0.660693
0.462726 0.025383 1.77262 0.583377 0.216886 0.419786 -0.660615
0.461674 0.0257275 1.77237 0.582704 0.216887 0.420948 -0.660469
0.460639 0.0260885 1.77216 0.582118 0.21694 0.422073 -0.66025
0.459621 0.0264671 1.772 0.581623 0.21705 0.423157 -0.659956
0.458622 0.0268644 1.77189 0.581225 0.217219 0.424201 -0.659581
0.457643 0.0272815 1.77184 0.580929 0.217451 0.4252 -0.659122
0.456683 0.0277194 1.77185 0.580739 0.21775 0.426154 -0.658574
0.455742 0.028177 1.77191 0.58065 0.218113 0.427064 -0.657942
0.454819 0.0286533 1.77202 0.580658 0.218537 0.427934 -0.65723
0.453913 0.0291471 1.77218 0.580757 0.219018 0.428764 -0.65644
0.453022 0.0296572 1.77238 0.580941 0.219553 0.429559 -0.655578
0.452146 0.0301826 1.77263 0.581206 0.220141 0.430319 -0.654647
0.451283 0.0307221 1.77292 0.581546 0.220776 0.431048 -0.653651
0.450433 0.0312746 1.77325 0.581957 0.221456 0.431747 -0.652593
0.449594 0.031839 1.77362 0.582432 0.222179 0.432418 -0.651479
0.448765 0.0324142 1.77401 0.582966 0.22294 0.433065 -0.65031
0.447945 0.032999 1.77444 0.583555 0.223736 0.433688 -0.649092
0.447134 0.0335923 1.77489 0.584193 0.224565 0.43429 -0.647828
0.446329 0.0341931 1.77537 0.584874 0.225422 0.434874 -0.646522
0.445531 0.0348001 1.77587 0.585594 0.226306 0.435442 -0.645179
0.444738 0.0354123 1.77638 0.586348 0.227212 0.435995 -0.643801
0.443949 0.0360286 1.77692 0.58713 0.228137 0.436536 -0.642393
0.443164 0.0366478 1.77746 0.587935 0.229078 0.437067 -0.640959
0.44238 0.0372689 1.77802 0.588758 0.230031 0.43759 -0.639504
0.441599 0.0378906 1.77858 0.589594 0.230994 0.438107 -0.63803
0.440817 0.038512 1.77915 0.590439 0.231963 0.438621 -0.636542
0.440036 0.0391319 1.77972 0.591287 0.232934 0.439134 -0.635045
0.439253 0.0397492 1.78029 0.592132 0.233905 0.439649 -0.633543
0.438469 0.0403628 1.78086 0.592972 0.234872 0.440166 -0.63204
0.437681 0.0409716 1.78142 0.593799 0.235831 0.440689 -0.630539
0.43689 0.0415745 1.78197 0.594611 0.23678 0.441219 -0.629046
0.436095 0.0421704 1.78251 0.595401 0.237714 0.441759 -0.627565
0.435295 0.0427582 1.78304 0.596166 0.238632 0.442312 -0.6261
0.434489 0.0433368 1.78354 0.5969 0.239528 0.442879 -0.624656
0.433677 0.0439052 1.78403 0.5976 0.2404 0.443462 -0.623236
0.432858 0.0444622 1.78449 0.598259 0.241245 0.444065 -0.621847
0.432031 0.0450067 1.78493 0.598875 0.242059 0.444688 -0.620491
0.431195 0.0455378 1.78534 0.599441 0.242839 0.445335 -0.619174
0.430351 0.0460543 1.78572 0.599954 0.243581 0.446008 -0.6179
0.429498 0.0465566 1.78606 0.600416 0.244286 0.446706 -0.616667
0.428636 0.0470451 1.78638 0.600828 0.244956 0.447427 -0.615476
0.427768 0.0475201 1.78667 0.601193 0.245591 0.448172 -0.614324
0.426892 0.0479819 1.78693 0.601511 0.246192 0.448939 -0.613211
0.426009 0.0484311 1.78716 0.601785 0.246761 0.449728 -0.612134
0.42512 0.0488679 1.78737 0.602017 0.247298 0.450537 -0.611094
0.424225 0.0492926 1.78755 0.602208 0.247805 0.451367 -0.610087
0.423325 0.0497058 1.7877 0.60236 0.248282 0.452215 -0.609114
0.422419 0.0501076 1.78784 0.602475 0.248731 0.453082 -0.608173
0.421509 0.0504986 1.78795 0.602554 0.249153 0.453965 -0.607262
0.420594 0.050879 1.78804 0.602599 0.249548 0.454866 -0.60638
0.419676 0.0512493 1.78811 0.602613 0.249918 0.455781 -0.605527
0.418754 0.0516098 1.78816 0.602595 0.250264 0.456712 -0.604699
0.417829 0.0519608 1.78819 0.602549 0.250586 0.457656 -0.603897
0.416901 0.0523028 1.7882 0.602476 0.250887 0.458614 -0.603119
0.41597 0.0526361 1.7882 0.602377 0.251166 0.459584 -0.602363
0.415038 0.052961 1.78818 0.602254 0.251426 0.460564 -0.601627
0.414103 0.053278 1.78815 0.602109 0.251667 0.461556 -0.600912
0.413167 0.0535873 1.7881 0.601943 0.251889 0.462557 -0.600214
0.41223 0.0538894 1.78804 0.601759 0.252096 0.463566 -0.599534
0.411293 0.0541847 1.78797 0.601557 0.252286 0.464584 -0.598868
0.410355 0.0544734 1.78789 0.601339 0.252463 0.465608 -0.598217
0.409416 0.054756 1.78779 0.601107 0.252625 0.466639 -0.597578
0.408478 0.0550327 1.78769 0.600862 0.252776 0.467675 -0.59695
0.407541 0.0553041 1.78758 0.600606 0.252915 0.468716 -0.596332
0.406604 0.0555704 1.78747 0.600341 0.253045 0.46976 -0.595722
0.405669 0.0558319 1.78735 0.600068 0.253165 0.470807 -0.595119
0.404735 0.0560892 1.78722 0.599789 0.253278 0.471856 -0.594522
0.403802 0.0563424 1.78709 0.599505 0.253384 0.472906 -0.593928
0.402872 0.0565921 1.78695 0.599217 0.253485 0.473957 -0.593337
0.401944 0.0568384 1.78681 0.598929 0.253581 0.475007 -0.592747
0.401019 0.0570819 1.78668 0.59864 0.253675 0.476056 -0.592157
0.400096 0.0573225 1.78654 0.598352 0.253765 0.477104 -0.591567
0.399176 0.0575603 1.7864 0.598063 0.253852 0.47815 -0.590976
0.398258 0.0577953 1.78625 0.597774 0.253936 0.479196 -0.590384
0.397342 0.0580275 1.78611 0.597486 0.254017 0.48024 -0.589793
0.396429 0.058257 1.78597 0.597197 0.254095 0.481284 -0.589201
0.395518 0.0584839 1.78582 0.596908 0.25417 0.482326 -0.588608
0.39461 0.058708 1.78567 0.596619 0.254242 0.483368 -0.588015
0.393703 0.0589296 1.78552 0.59633 0.254311 0.484409 -0.587422
0.392799 0.0591485 1.78537 0.596041 0.254377 0.485449 -0.586828
0.391897 0.0593649 1.78522 0.595751 0.25444 0.486489 -0.586233
0.390996 0.0595787 1.78507 0.595462 0.2545 0.487527 -0.585638
0.390098 0.0597901 1.78492 0.595172 0.254557 0.488566 -0.585043
0.389202 0.059999 1.78476 0.594882 0.25461 0.489604 -0.584446
0.388307 0.0602054 1.78461 0.594591 0.254661 0.490641 -0.583849
0.387414 0.0604094 1.78445 0.594301 0.254709 0.491678 -0.583252
0.386523 0.060611 1.78429 0.59401 0.254754 0.492715 -0.582653
0.385634 0.0608103 1.78413 0.593719 0.254796 0.493751 -0.582054
0.384746 0.0610072 1.78397 0.593427 0.254835 0.494787 -0.581454
0.38386 0.0612018 1.7838 0.593135 0.254871 0.495823 -0.580854
0.382975 0.0613941 1.78364 0.592843 0.254904 0.496859 -0.580252
0.382092 0.0615842 1.78347 0.59255 0.254933 0.497895 -0.57965
0.38121 0.061772 1.78331 0.592257 0.25496 0.498931 -0.579047
0.38033 0.0619576 1.78314 0.591963 0.254984 0.499967 -0.578443
0.37945 0.062141 1.78297 0.591669 0.255005 0.501003 -0.577838
0.378572 0.0623222 1.7828 0.591374 0.255023 0.502039 -0.577232
0.377696 0.0625013 1.78262 0.591079 0.255038 0.503076 -0.576625
0.37682 0.0626782 1.78245 0.590783 0.255049 0.504113 -0.576017
0.375945 0.0628531 1.78227 0.590487 0.255058 0.50515 -0.575407
0.375072 0.0630258 1.7821 0.59019 0.255064 0.506188 -0.574797
0.374199 0.0631965 1.78192 0.589892 0.255066 0.507226 -0.574186
0.373328 0.0633651 1.78174 0.589594 0.255066 0.508265 -0.573573
0.372457 0.0635317 1.78156 0.589295 0.255062 0.509305 -0.57296
0.371587 0.0636963 1.78137 0.588996 0.255056 0.510345 -0.572345
0.370719 0.0638587 1.78119 0.588696 0.255046 0.511385 -0.571729
0.369851 0.064019 1.781 0.588395 0.255033 0.512426 -0.571112
0.368986 0.0641772 1.78082 0.588094 0.255018 0.513466 -0.570495
0.368122 0.0643333 1.78063 0.587793 0.254999 0.514505 -0.569877
0.36726 0.0644871 1.78044 0.587491 0.254977 0.515544 -0.569259
0.3664 0.0646388 1.78025 0.587189 0.254952 0.516582 -0.56864
0.365543 0.0647883 1.78006 0.586887 0.254924 0.51762 -0.568021
0.364687 0.0649355 1.77986 0.586584 0.254893 0.518655 -0.567402
0.363835 0.0650805 1.77967 0.586282 0.254859 0.51969 -0.566783
0.362985 0.0652233 1.77947 0.58598 0.254823 0.520722 -0.566163
0.362138 0.0653638 1.77928 0.585678 0.254783 0.521753 -0.565545
0.361294 0.065502 1.77908 0.585375 0.254741 0.522782 -0.564926
0.360453 0.065638 1.77888 0.585074 0.254696 0.523808 -0.564308
0.359615 0.0657716 1.77868 0.584772 0.254648 0.524832 -0.563691
0.358782 0.065903 1.77848 0.584471 0.254597 0.525853 -0.563075
0.357951 0.0660321 1.77828 0.58417 0.254544 0.526871 -0.562459
0.357125 0.0661589 1.77808 0.583869 0.254488 0.527886 -0.561844
0.356303 0.0662834 1.77788 0.58357 0.25443 0.528897 -0.561231
0.355485 0.0664055 1.77768 0.58327 0.254369 0.529905 -0.560619
0.354671 0.0665254 1.77748 0.582972 0.254305 0.530909 -0.560008
0.353862 0.0666431 1.77728 0.582674 0.254239 0.531908 -0.559399
0.353057 0.0667584 1.77707 0.582377 0.254171 0.532904 -0.558791
0.352257 0.0668714 1.77687 0.582081 0.2541 0.533895 -0.558185
0.351462 0.0669822 1.77667 0.581786 0.254027 0.534881 -0.557582
0.350672 0.0670906 1.77647 0.581492 0.253952 0.535863 -0.55698
0.349888 0.0671969 1.77626 0.581199 0.253875 0.536839 -0.556381
0.349109 0.0673008 1.77606 0.580907 0.253796 0.53781 -0.555784
0.348335 0.0674026 1.77586 0.580617 0.253715 0.538775 -0.555189
0.347567 0.0675021 1.77565 0.580327 0.253632 0.539734 -0.554597
0.346805 0.0675993 1.77545 0.58004 0.253547 0.540688 -0.554008
0.346049 0.0676944 1.77525 0.579754 0.25346 0.541635 -0.553422
0.345299 0.0677873 1.77505 0.579469 0.253372 0.542576 -0.552838
0.344555 0.0678782 1.77484 0.579185 0.253282 0.543511 -0.552258
0.343816 0.0679669 1.77464 0.578903 0.25319 0.544441 -0.55168
0.343082 0.0680537 1.77444 0.578622 0.253096 0.545365 -0.551104
0.342354 0.0681386 1.77424 0.578343 0.253001 0.546284 -0.550531
0.34163 0.0682215 1.77404 0.578064 0.252904 0.547197 -0.54996
0.340911 0.0683027 1.77384 0.577787 0.252806 0.548106 -0.549391
0.340197 0.068382 1.77364 0.57751 0.252706 0.54901 -0.548825
0.339487 0.0684595 1.77344 0.577235 0.252604 0.54991 -0.54826
0.338782 0.0685354 1.77323 0.576961 0.252501 0.550806 -0.547698
0.338081 0.0686095 1.77303 0.576687 0.252396 0.551697 -0.547137
0.337383 0.0686821 1.77283 0.576414 0.25229 0.552584 -0.546578
0.33669 0.068753 1.77263 0.576142 0.252182 0.553468 -0.54602
0.336 0.0688224 1.77243 0.575871 0.252072 0.554348 -0.545464
0.335313 0.0688903 1.77223 0.5756 0.25196 0.555225 -0.544909
0.33463 0.0689566 1.77203 0.57533 0.251847 0.556099 -0.544355
0.33395 0.0690216 1.77183 0.575061 0.251733 0.55697 -0.543802
0.333273 0.0690851 1.77162 0.574791 0.251616 0.557838 -0.54325
0.332598 0.0691472 1.77142 0.574523 0.251498 0.558704 -0.5427
0.331927 0.0692079 1.77122 0.574254 0.251378 0.559567 -0.542149
0.331257 0.0692673 1.77102 0.573986 0.251257 0.560428 -0.5416
0.33059 0.0693254 1.77081 0.573718 0.251134 0.561287 -0.541051
0.329926 0.0693823 1.77061 0.57345 0.251009 0.562145 -0.540502
0.329263 0.0694378 1.77041 0.573182 0.250882 0.563001 -0.539954
0.328602 0.0694922 1.7702 0.572914 0.250753 0.563856 -0.539406
0.327942 0.0695453 1.77 0.572646 0.250623 0.564709 -0.538858
0.327285 0.0695972 1.76979 0.572378 0.250491 0.565562 -0.53831
0.326628 0.069648 1.76958 0.57211 0.250356 0.566414 -0.537761
0.325973 0.0696976 1.76938 0.571841 0.25022 0.567266 -0.537212
0.325319 0.0697461 1.76917 0.571572 0.250082 0.568117 -0.536663
0.324665 0.0697935 1.76896 0.571303 0.249941 0.568968 -0.536113
0.324013 0.0698398 1.76875 0.571033 0.249799 0.569819 -0.535563
0.323361 0.0698849 1.76854 0.570763 0.249655 0.57067 -0.535012
0.322711 0.069929 1.76833 0.570493 0.249509 0.57152 -0.534461
0.322063 0.0699719 1.76812 0.570222 0.24936 0.572369 -0.533909
0.321416 0.0700136 1.7679 0.569952 0.249211 0.573216 -0.533359
0.320772 0.0700541 1.76769 0.569682 0.249059 0.574062 -0.532808
0.32013 0.0700934 1.76748 0.569412 0.248906 0.574905 -0.532259
0.319491 0.0701316 1.76726 0.569143 0.248752 0.575745 -0.531711
0.318856 0.0701685 1.76705 0.568875 0.248597 0.576582 -0.531164
0.318224 0.0702042 1.76684 0.568607 0.24844 0.577415 -0.530618
0.317596 0.0702387 1.76663 0.56834 0.248282 0.578244 -0.530075
0.316971 0.0702721 1.76641 0.568074 0.248123 0.579069 -0.529534
0.316352 0.0703041 1.7662 0.567809 0.247964 0.579889 -0.528995
0.315737 0.070335 1.76599 0.567546 0.247804 0.580703 -0.528459
0.315126 0.0703647 1.76578 0.567284 0.247643 0.581512 -0.527925
0.314522 0.0703932 1.76557 0.567024 0.247482 0.582314 -0.527395
0.313922 0.0704205 1.76536 0.566766 0.247321 0.58311 -0.526869
0.313329 0.0704466 1.76516 0.56651 0.24716 0.583899 -0.526346
0.312742 0.0704715 1.76495 0.566256 0.246998 0.584681 -0.525827
0.312161 0.0704953 1.76475 0.566004 0.246837 0.585455 -0.525313
0.311587 0.070518 1.76454 0.565754 0.246676 0.58622 -0.524803
0.31102 0.0705395 1.76434 0.565507 0.246516 0.586977 -0.524299
0.310461 0.0705599 1.76414 0.565263 0.246357 0.587725 -0.523799
0.309908 0.0705792 1.76395 0.565022 0.246198 0.588463 -0.523305
0.309364 0.0705975 1.76375 0.564783 0.24604 0.589192 -0.522816
0.308828 0.0706147 1.76356 0.564548 0.245884 0.58991 -0.522334
0.3083 0.0706308 1.76337 0.564316 0.245729 0.590617 -0.521858
0.307782 0.070646 1.76318 0.564088 0.245575 0.591314 -0.521388
0.307272 0.0706602 1.76299 0.563863 0.245424 0.591998 -0.520925
0.306771 0.0706734 1.76281 0.563643 0.245274 0.592671 -0.52047
0.30628 0.0706857 1.76263 0.563426 0.245126 0.593332 -0.520021
0.305799 0.070697 1.76245 0.563213 0.24498 0.593979 -0.519581
0.305327 0.0707075 1.76228 0.563004 0.244837 0.594614 -0.519148
0.304866 0.0707171 1.76211 0.5628 0.244697 0.595236 -0.518724
0.304414 0.070726 1.76194 0.5626 0.244558 0.595845 -0.518306
0.303971 0.0707341 1.76178 0.562403 0.244422 0.596442 -0.517897
0.303537 0.0707414 1.76162 0.562211 0.244289 0.597028 -0.517494
0.303111 0.0707481 1.76146 0.562022 0.244157 0.597603 -0.517097
0.302694 0.0707542 1.76131 0.561836 0.244028 0.598167 -0.516708
0.302284 0.0707596 1.76115 0.561654 0.2439 0.59872 -0.516325
0.301882 0.0707644 1.761 0.561475 0.243775 0.599264 -0.515947
0.301487 0.0707687 1.76086 0.5613 0.243652 0.599798 -0.515576
0.301099 0.0707725 1.76071 0.561127 0.24353 0.600324 -0.51521
0.300718 0.0707758 1.76057 0.560957 0.24341 0.60084 -0.514849
0.300343 0.0707786 1.76043 0.56079 0.243292 0.601349 -0.514494
0.299973 0.0707809 1.76029 0.560625 0.243176 0.601849 -0.514143
0.29961 0.0707829 1.76015 0.560463 0.243061 0.602342 -0.513797
0.299251 0.0707844 1.76001 0.560303 0.242947 0.602828 -0.513455
0.298898 0.0707855 1.75988 0.560145 0.242835 0.603308 -0.513117
0.29855 0.0707863 1.75975 0.559989 0.242724 0.603781 -0.512783
0.298205 0.0707867 1.75962 0.559835 0.242614 0.604248 -0.512452
0.297865 0.0707867 1.75949 0.559683 0.242505 0.60471 -0.512124
0.297529 0.0707864 1.75936 0.559533 0.242397 0.605168 -0.5118
0.297196 0.0707859 1.75923 0.559384 0.24229 0.60562 -0.511478
0.296867 0.070785 1.75911 0.559236 0.242183 0.606069 -0.511159
0.29654 0.0707838 1.75898 0.559089 0.242077 0.606513 -0.510842
0.296216 0.0707823 1.75886 0.558944 0.241971 0.606955 -0.510527
0.295894 0.0707806 1.75873 0.558799 0.241866 0.607393 -0.510214
0.295575 0.0707786 1.75861 0.558655 0.241761 0.60783 -0.509902
0.295257 0.0707764 1.75849 0.558511 0.241656 0.608264 -0.509591
0.29494 0.0707739 1.75836 0.558368 0.241552 0.608696 -0.509281
0.294624 0.0707711 1.75824 0.558226 0.241446 0.609127 -0.508971
0.294309 0.0707681 1.75812 0.558083 0.241341 0.609557 -0.508663
0.293995 0.0707649 1.758 0.557941 0.241235 0.609987 -0.508354
0.293681 0.0707614 1.75787 0.557798 0.241129 0.610417 -0.508045
0.293367 0.0707576 1.75775 0.557656 0.241023 0.610847 -0.507735
0.293053 0.0707535 1.75763 0.557513 0.240916 0.611277 -0.507424
0.292738 0.070749 1.7575 0.55737 0.24081 0.611708 -0.507112
0.292423 0.0707441 1.75738 0.557228 0.240705 0.612139 -0.506798
0.292107 0.0707387 1.75726 0.557085 0.2406 0.612572 -0.506482
0.29179 0.0707328 1.75713 0.556943 0.240497 0.613005 -0.506163
0.291472 0.0707263 1.75701 0.556801 0.240395 0.61344 -0.505841
0.291152 0.0707192 1.75689 0.556659 0.240295 0.613876 -0.505515
0.290831 0.0707114 1.75677 0.556518 0.240197 0.614314 -0.505185
0.290508 0.0707029 1.75664 0.556377 0.240102 0.614753 -0.504851
0.290184 0.0706936 1.75652 0.556236 0.240009 0.615195 -0.504512
0.289857 0.0706835 1.7564 0.556096 0.239919 0.615638 -0.504167
0.289528 0.0706725 1.75627 0.555957 0.239833 0.616085 -0.503817
0.289196 0.0706606 1.75615 0.555818 0.23975 0.616533 -0.503461
0.288861 0.0706478 1.75603 0.55568 0.239671 0.616985 -0.503098
0.288524 0.0706338 1.75591 0.555542 0.239596 0.617439 -0.502728
0.288184 0.0706189 1.75579 0.555405 0.239525 0.617896 -0.502351
0.28784 0.0706027 1.75567 0.555269 0.239459 0.618357 -0.501966
0.287493 0.0705854 1.75555 0.555134 0.239398 0.618821 -0.501572
0.287142 0.0705669 1.75543 0.555 0.239343 0.619289 -0.501169
0.286788 0.070547 1.75531 0.554866 0.239292 0.619761 -0.500758
0.286429 0.0705258 1.75519 0.554734 0.239248 0.620237 -0.500337
0.286066 0.0705033 1.75507 0.554602 0.23921 0.620717 -0.499905
0.285699 0.0704792 1.75495 0.554472 0.239178 0.621202 -0.499463
0.285327 0.0704537 1.75483 0.554342 0.239152 0.621691 -0.49901
0.284951 0.0704266 1.75471 0.554214 0.239134 0.622185 -0.498546
0.284569 0.0703978 1.7546 0.554087 0.239122 0.622684 -0.49807
0.284183 0.0703674 1.75448 0.553961 0.239118 0.623188 -0.497581
0.283791 0.0703353 1.75437 0.553836 0.239122 0.623697 -0.49708
0.283393 0.0703014 1.75425 0.553712 0.239133 0.624213 -0.496565
0.28299 0.0702656 1.75414 0.553589 0.239153 0.624734 -0.496037
0.282581 0.0702279 1.75402 0.553468 0.239181 0.62526 -0.495495
0.282166 0.0701884 1.75391 0.553348 0.239218 0.625793 -0.494939
0.281746 0.0701471 1.7538 0.553228 0.239262 0.626331 -0.49437
0.281321 0.070104 1.75368 0.55311 0.239314 0.626875 -0.493787
0.28089 0.0700591 1.75357 0.552993 0.239372 0.627424 -0.493193
0.280455 0.0700126 1.75346 0.552877 0.239438 0.627978 -0.492586
0.280015 0.0699645 1.75335 0.552761 0.23951 0.628536 -0.491968
0.27957 0.0699147 1.75324 0.552646 0.239589 0.6291 -0.491338
0.279122 0.0698634 1.75313 0.552532 0.239673 0.629668 -0.490697
0.278669 0.0698106 1.75302 0.552418 0.239763 0.63024 -0.490047
0.278212 0.0697564 1.75291 0.552305 0.239858 0.630816 -0.489386
0.277752 0.0697007 1.7528 0.552192 0.239958 0.631397 -0.488715
0.277289 0.0696437 1.75269 0.552079 0.240063 0.631981 -0.488035
0.276822 0.0695854 1.75258 0.551967 0.240172 0.632568 -0.487347
0.276352 0.0695258 1.75247 0.551855 0.240285 0.63316 -0.48665
0.275879 0.069465 1.75236 0.551743 0.240402 0.633754 -0.485945
0.275404 0.069403 1.75225 0.551631 0.240522 0.634351 -0.485233
0.274926 0.0693399 1.75213 0.551519 0.240645 0.634951 -0.484514
0.274446 0.0692757 1.75202 0.551407 0.240771 0.635554 -0.483788
0.273964 0.0692105 1.75191 0.551295 0.2409 0.636159 -0.483055
0.27348 0.0691443 1.7518 0.551182 0.241031 0.636767 -0.482317
0.272995 0.0690772 1.75169 0.55107 0.241163 0.637376 -0.481574
0.272508 0.0690092 1.75158 0.550957 0.241298 0.637988 -0.480825
0.272019 0.0689404 1.75147 0.550844 0.241433 0.638601 -0.480073
0.27153 0.0688708 1.75135 0.55073 0.24157 0.639216 -0.479315
0.27104 0.0688005 1.75124 0.550616 0.241708 0.639832 -0.478555
0.270549 0.0687296 1.75113 0.550501 0.241845 0.640449 -0.477791
0.270058 0.068658 1.75101 0.550386 0.241983 0.641068 -0.477024
0.269566 0.0685858 1.7509 0.55027 0.242121 0.641687 -0.476255
0.269074 0.0685132 1.75078 0.550153 0.242259 0.642306 -0.475484
0.268583 0.0684401 1.75067 0.550036 0.242396 0.642926 -0.474711
0.268091 0.0683666 1.75055 0.549918 0.242531 0.643546 -0.473937
0.267601 0.0682927 1.75043 0.549799 0.242666 0.644167 -0.473163
0.26711 0.0682184 1.75032 0.54968 0.2428 0.644788 -0.472387
0.266618 0.0681434 1.7502 0.549559 0.242933 0.64541 -0.471608
0.266124 0.0680678 1.75008 0.549437 0.243066 0.646035 -0.470825
0.265629 0.0679913 1.74996 0.549315 0.243199 0.646663 -0.470036
0.265131 0.0679138 1.74984 0.54919 0.243333 0.647295 -0.469241
0.264629 0.0678353 1.74972 0.549065 0.243468 0.647932 -0.468439
0.264123 0.0677555 1.74959 0.548938 0.243604 0.648574 -0.467628
0.263613 0.0676744 1.74947 0.548809 0.243741 0.649223 -0.466806
0.263097 0.0675918 1.74934 0.548679 0.24388 0.649879 -0.465974
0.262575 0.0675076 1.74921 0.548547 0.244022 0.650542 -0.465129
0.262047 0.0674217 1.74908 0.548413 0.244166 0.651214 -0.46427
0.261511 0.0673338 1.74895 0.548276 0.244313 0.651895 -0.463397
0.260968 0.0672439 1.74881 0.548138 0.244463 0.652587 -0.462508
0.260416 0.0671519 1.74868 0.547996 0.244617 0.653289 -0.461601
0.259855 0.0670575 1.74854 0.547853 0.244774 0.654004 -0.460676
0.259284 0.0669607 1.7484 0.547706 0.244935 0.65473 -0.459732
0.258703 0.0668612 1.74825 0.547556 0.2451 0.65547 -0.458766
0.258111 0.066759 1.7481 0.547404 0.24527 0.656224 -0.457779
0.257508 0.0666539 1.74795 0.547248 0.245444 0.656993 -0.456768
0.256892 0.0665458 1.7478 0.547088 0.245624 0.657778 -0.455732
0.256264 0.0664344 1.74764 0.546924 0.245808 0.658579 -0.454671
0.255622 0.0663197 1.74748 0.546757 0.245998 0.659397 -0.453583
0.254966 0.0662014 1.74732 0.546585 0.246193 0.660233 -0.452466
0.254296 0.0660795 1.74715 0.546409 0.246394 0.661088 -0.45132
0.253611 0.0659537 1.74698 0.546229 0.2466 0.661962 -0.450143
0.25291 0.0658239 1.7468 0.546043 0.246813 0.662856 -0.448934
0.252193 0.0656899 1.74662 0.545852 0.247032 0.663772 -0.447692
0.251459 0.0655515 1.74644 0.545655 0.247257 0.664709 -0.446414
0.250708 0.0654087 1.74625 0.545453 0.247489 0.665669 -0.445101
0.249939 0.0652611 1.74605 0.545244 0.247726 0.666652 -0.443751
0.249152 0.0651086 1.74585 0.545029 0.247971 0.66766 -0.442362
0.248345 0.0649511 1.74564 0.544808 0.248222 0.668692 -0.440933
0.24752 0.0647886 1.74543 0.544579 0.248479 0.669748 -0.439465
0.246678 0.0646212 1.74521 0.544344 0.248741 0.670827 -0.43796
0.245819 0.064449 1.74499 0.544101 0.249008 0.671929 -0.436418
0.244944 0.0642722 1.74476 0.543852 0.24928 0.673052 -0.43484
0.244053 0.0640907 1.74453 0.543595 0.249555 0.674197 -0.433227
0.243148 0.0639047 1.74429 0.543331 0.249833 0.675361 -0.431582
0.242229 0.0637144 1.74404 0.54306 0.250114 0.676544 -0.429904
0.241296 0.0635197 1.74379 0.542781 0.250397 0.677746 -0.428194
0.240351 0.0633208 1.74354 0.542496 0.250681 0.678965 -0.426455
0.239394 0.0631179 1.74328 0.542203 0.250967 0.680201 -0.424687
0.238426 0.062911 1.74301 0.541902 0.251253 0.681453 -0.42289
0.237448 0.0627002 1.74274 0.541594 0.251539 0.68272 -0.421067
0.23646 0.0624857 1.74246 0.541279 0.251824 0.684001 -0.419219
0.235462 0.0622675 1.74218 0.540956 0.252108 0.685296 -0.417346
0.234457 0.0620459 1.74189 0.540626 0.252391 0.686603 -0.415449
0.233443 0.0618209 1.7416 0.540288 0.252673 0.687922 -0.413531
0.232423 0.0615927 1.74131 0.539944 0.252951 0.689253 -0.411591
0.231396 0.0613613 1.74101 0.539591 0.253227 0.690593 -0.409632
0.230363 0.0611269 1.7407 0.539232 0.2535 0.691943 -0.407654
0.229325 0.0608897 1.74039 0.538865 0.253769 0.693301 -0.405658
0.228283 0.0606498 1.74008 0.538492 0.254035 0.694667 -0.403647
0.227237 0.0604073 1.73976 0.538111 0.254296 0.69604 -0.40162
0.226188 0.0601624 1.73944 0.537723 0.254552 0.697419 -0.399579
0.225137 0.0599152 1.73911 0.537329 0.254803 0.698804 -0.397526
0.224083 0.0596659 1.73878 0.536927 0.255049 0.700193 -0.395461
0.223029 0.0594145 1.73845 0.53652 0.255289 0.701585 -0.393386
0.221974 0.0591614 1.73811 0.536105 0.255523 0.702981 -0.391302
0.220918 0.0589065 1.73777 0.535685 0.255751 0.704378 -0.38921
0.219864 0.0586502 1.73743 0.535258 0.255973 0.705777 -0.387112
0.21881 0.0583925 1.73708 0.534826 0.256187 0.707176 -0.385009
0.217758 0.0581336 1.73673 0.534387 0.256395 0.708575 -0.382901
0.216709 0.0578736 1.73638 0.533944 0.256595 0.709973 -0.380791
0.215662 0.0576126 1.73603 0.533494 0.256789 0.71137 -0.378678
0.214616 0.0573504 1.73567 0.533039 0.256975 0.712766 -0.376561
0.213572 0.0570869 1.73531 0.532578 0.257154 0.714162 -0.374439
0.212529 0.0568222 1.73495 0.532111 0.257327 0.715559 -0.372312
0.211488 0.056556 1.73458 0.531638 0.257492 0.716956 -0.370179
0.210446 0.0562885 1.73421 0.531158 0.257651 0.718355 -0.368041
0.209405 0.0560194 1.73384 0.530672 0.257803 0.719754 -0.365895
0.208364 0.0557487 1.73347 0.530179 0.257948 0.721155 -0.363741
0.207323 0.0554763 1.73309 0.529679 0.258087 0.722559 -0.36158
0.206281 0.0552022 1.73271 0.529172 0.258219 0.723964 -0.35941
0.205239 0.0549263 1.73233 0.528658 0.258345 0.725373 -0.35723
0.204195 0.0546485 1.73194 0.528137 0.258463 0.726784 -0.35504
0.203151 0.0543687 1.73155 0.527608 0.258575 0.728198 -0.35284
0.202104 0.0540868 1.73115 0.527071 0.258681 0.729617 -0.350628
0.201056 0.0538028 1.73075 0.526526 0.258779 0.731039 -0.348405
0.200005 0.0535166 1.73035 0.525973 0.258871 0.732466 -0.346168
0.198952 0.0532281 1.72994 0.525411 0.258956 0.733897 -0.343919
0.197896 0.0529372 1.72953 0.52484 0.259035 0.735333 -0.341656
0.196838 0.0526438 1.72911 0.524261 0.259106 0.736775 -0.339378
0.195776 0.0523479 1.72869 0.523672 0.259171 0.738222 -0.337085
0.194711 0.0520493 1.72827 0.523074 0.259228 0.739675 -0.334776
0.193642 0.051748 1.72784 0.522466 0.259279 0.741135 -0.332451
0.192569 0.0514439 1.72741 0.521848 0.259322 0.7426 -0.330109
0.191492 0.0511369 1.72697 0.521219 0.259357 0.744073 -0.327749
0.190411 0.0508269 1.72652 0.52058 0.259386 0.745553 -0.325371
0.189324 0.0505138 1.72607 0.51993 0.259406 0.74704 -0.322974
0.188233 0.0501975 1.72562 0.519268 0.25942 0.748535 -0.320557
0.187137 0.0498779 1.72516 0.518595 0.259425 0.750038 -0.31812
0.186036 0.049555 1.7247 0.517911 0.259422 0.75155 -0.315661
0.184928 0.0492287 1.72423 0.517213 0.259411 0.753069 -0.313182
0.183815 0.0488987 1.72375 0.516504 0.259391 0.754598 -0.310679
0.182696 0.0485651 1.72327 0.515781 0.259363 0.756136 -0.308154
0.181572 0.048228 1.72278 0.515045 0.259327 0.757682 -0.305607
0.180441 0.0478873 1.72229 0.514297 0.259281 0.759237 -0.303038
0.179306 0.0475432 1.72179 0.513535 0.259226 0.760799 -0.300448
0.178166 0.0471958 1.72128 0.51276 0.259161 0.762368 -0.297837
0.177021 0.046845 1.72077 0.511973 0.259087 0.763944 -0.295207
0.175872 0.0464911 1.72026 0.511172 0.259002 0.765527 -0.292558
0.17472 0.046134 1.71974 0.510358 0.258908 0.767115 -0.28989
0.173564 0.0457738 1.71921 0.509532 0.258803 0.768708 -0.287204
0.172404 0.0454107 1.71868 0.508692 0.258687 0.770307 -0.284502
0.171242 0.0450447 1.71815 0.50784 0.258561 0.771909 -0.281783
0.170077 0.0446758 1.71761 0.506974 0.258423 0.773516 -0.279048
0.16891 0.0443042 1.71706 0.506096 0.258275 0.775126 -0.276298
0.16774 0.0439299 1.71651 0.505206 0.258115 0.776739 -0.273533
0.166569 0.0435531 1.71596 0.504302 0.257944 0.778354 -0.270755
0.165396 0.0431737 1.7154 0.503386 0.257762 0.779972 -0.267964
0.164223 0.0427919 1.71484 0.502458 0.257568 0.781591 -0.265161
0.163048 0.0424078 1.71427 0.501517 0.257362 0.783211 -0.262345
0.161872 0.0420214 1.7137 0.500564 0.257144 0.784832 -0.259519
0.160697 0.0416328 1.71313 0.499599 0.256915 0.786454 -0.256683
0.159521 0.0412421 1.71255 0.498622 0.256673 0.788075 -0.253837
0.158345 0.0408494 1.71197 0.497633 0.256419 0.789695 -0.250982
0.15717 0.0404548 1.71139 0.496632 0.256153 0.791315 -0.248119
0.155995 0.0400583 1.7108 0.49562 0.255875 0.792933 -0.245249
0.154821 0.0396601 1.71021 0.494596 0.255585 0.794549 -0.242371
0.153649 0.0392602 1.70961 0.493561 0.255283 0.796162 -0.239488
0.152478 0.0388587 1.70902 0.492515 0.254968 0.797773 -0.236599
0.151308 0.0384556 1.70842 0.491457 0.254641 0.79938 -0.233706
0.150141 0.0380512 1.70782 0.49039 0.254301 0.800984 -0.230809
0.148976 0.0376454 1.70721 0.489311 0.25395 0.802584 -0.227909
0.147813 0.0372383 1.70661 0.488223 0.253586 0.80418 -0.225006
0.146653 0.0368301 1.706 0.487124 0.25321 0.80577 -0.222102
0.145496 0.0364208 1.70539 0.486016 0.252822 0.807356 -0.219196
0.144342 0.0360105 1.70478 0.484897 0.252422 0.808935 -0.21629
0.143191 0.0355992 1.70417 0.48377 0.252011 0.810509 -0.213384
0.142044 0.0351871 1.70355 0.482634 0.251589 0.812075 -0.210479
0.1409 0.0347742 1.70294 0.481489 0.251156 0.813635 -0.207574
0.139761 0.0343606 1.70232 0.480336 0.250713 0.815187 -0.204671
0.138625 0.0339462 1.70171 0.479174 0.25026 0.816732 -0.20177
0.137494 0.0335314 1.70109 0.478005 0.249799 0.818268 -0.198872
0.136368 0.033116 1.70048 0.476829 0.249328 0.819795 -0.195976
0.135246 0.0327001 1.69986 0.475645 0.248849 0.821312 -0.193084
0.134129 0.0322839 1.69925 0.474455 0.248362 0.822821 -0.190197
0.133017 0.0318675 1.69864 0.473258 0.247868 0.824319 -0.187313
0.13191 0.0314508 1.69803 0.472056 0.247367 0.825807 -0.184435
0.130809 0.0310339 1.69742 0.470847 0.24686 0.827284 -0.181562
0.129713 0.0306171 1.69681 0.469634 0.246346 0.828749 -0.178696
0.128623 0.0302002 1.69621 0.468415 0.245828 0.830204 -0.175835
0.127539 0.0297834 1.6956 0.467192 0.245304 0.831646 -0.172982
0.126461 0.0293668 1.695 0.465964 0.244777 0.833076 -0.170137
0.12539 0.0289505 1.69441 0.464733 0.244246 0.834493 -0.1673
0.124325 0.0285345 1.69381 0.463498 0.243711 0.835897 -0.164471
0.123266 0.0281189 1.69322 0.462261 0.243174 0.837288 -0.161651
0.122214 0.0277038 1.69264 0.46102 0.242635 0.838665 -0.158841
0.121169 0.0272893 1.69205 0.459777 0.242095 0.840027 -0.156041
0.120131 0.0268754 1.69147 0.458533 0.241554 0.841376 -0.153251
0.1191 0.0264623 1.6909 0.457287 0.241012 0.84271 -0.150472
0.118076 0.02605 1.69033 0.45604 0.240472 0.844028 -0.147705
0.11706 0.0256386 1.68977 0.454792 0.239932 0.845332 -0.14495
0.116052 0.0252282 1.68921 0.453545 0.239394 0.84662 -0.142208
0.115051 0.0248189 1.68866 0.452297 0.238858 0.847891 -0.139479
0.114058 0.0244107 1.68811 0.451051 0.238325 0.849147 -0.136763
0.113074 0.0240038 1.68757 0.449805 0.237796 0.850386 -0.134061
0.112097 0.0235983 1.68704 0.448561 0.237271 0.851608 -0.131373
0.111129 0.0231941 1.68651 0.447319 0.236752 0.852813 -0.1287
0.110169 0.0227913 1.686 0.446079 0.236236 0.854002 -0.126042
0.109216 0.0223898 1.68548 0.444841 0.235726 0.855174 -0.123398
0.108271 0.0219895 1.68497 0.443604 0.235219 0.856331 -0.120768
0.107334 0.0215903 1.68447 0.442368 0.234717 0.857472 -0.118151
0.106403 0.0211921 1.68398 0.441134 0.234218 0.858599 -0.115547
0.105479 0.0207949 1.68349 0.4399 0.233723 0.859711 -0.112955
0.104562 0.0203986 1.68301 0.438667 0.233231 0.860809 -0.110376
0.103651 0.020003 1.68253 0.437434 0.232742 0.861893 -0.107808
0.102746 0.0196082 1.68205 0.436201 0.232255 0.862965 -0.105252
0.101846 0.019214 1.68159 0.434968 0.23177 0.864024 -0.102706
0.100952 0.0188204 1.68112 0.433735 0.231287 0.86507 -0.100171
0.100063 0.0184272 1.68066 0.432501 0.230806 0.866104 -0.0976457
0.0991795 0.0180343 1.68021 0.431266 0.230326 0.867127 -0.0951303
0.0983005 0.0176418 1.67976 0.43003 0.229847 0.868139 -0.092624
0.0974261 0.0172494 1.67931 0.428793 0.229368 0.86914 -0.0901266
0.0965559 0.0168572 1.67887 0.427554 0.228889 0.87013 -0.0876376
0.0956899 0.016465 1.67843 0.426313 0.22841 0.871111 -0.0851567
0.0948277 0.0160726 1.67799 0.425069 0.22793 0.872082 -0.0826833
0.0939691 0.0156801 1.67756 0.423824 0.22745 0.873044 -0.0802171
0.093114 0.0152874 1.67712 0.422575 0.226967 0.873997 -0.0777577
0.092262 0.0148942 1.6767 0.421323 0.226483 0.874941 -0.0753047
0.0914131 0.0145006 1.67627 0.420068 0.225996 0.875877 -0.0728577
0.0905669 0.0141064 1.67585 0.418809 0.225507 0.876805 -0.0704163
0.0897233 0.0137116 1.67542 0.417545 0.225014 0.877726 -0.06798
0.088882 0.013316 1.675 0.416278 0.224517 0.87864 -0.0655485
0.0880429 0.0129196 1.67459 0.415006 0.224017 0.879547 -0.0631213
0.0872057 0.0125222 1.67417 0.413729 0.223512 0.880447 -0.0606981
0.0863703 0.0121237 1.67375 0.412446 0.223002 0.881341 -0.0582785
0.0855364 0.0117241 1.67334 0.411158 0.222486 0.882229 -0.055862
0.0847038 0.0113231 1.67292 0.409863 0.221964 0.883112 -0.0534483
0.0838724 0.0109208 1.67251 0.408563 0.221436 0.88399 -0.051037
0.083042 0.0105171 1.6721 0.407255 0.2209 0.884862 -0.0486276
0.0822125 0.0101118 1.67168 0.405941 0.220358 0.88573 -0.0462203
0.081384 0.00970492 1.67127 0.404621 0.219808 0.886593 -0.043815
0.0805564 0.00929655 1.67086 0.403293 0.219252 0.88745 -0.0414118
0.0797298 0.0088866 1.67044 0.401959 0.218689 0.888303 -0.0390107
0.0789041 0.00847507 1.67003 0.400618 0.218118 0.889151 -0.0366117
0.0780794 0.00806193 1.66962 0.399271 0.217541 0.889993 -0.034215
0.0772557 0.00764717 1.66921 0.397917 0.216956 0.890831 -0.0318204
0.0764329 0.00723076 1.66879 0.396556 0.216365 0.891663 -0.0294282
0.075611 0.00681268 1.66838 0.395189 0.215767 0.89249 -0.0270382
0.0747901 0.00639292 1.66797 0.393815 0.215161 0.893313 -0.0246506
0.0739702 0.00597145 1.66756 0.392435 0.214549 0.894129 -0.0222654
0.0731512 0.00554825 1.66715 0.391048 0.21393 0.894941 -0.0198825
0.0723332 0.00512331 1.66674 0.389655 0.213304 0.895748 -0.0175021
0.0715161 0.0046966 1.66633 0.388255 0.212671 0.896549 -0.0151242
0.0707 0.0042681 1.66592 0.386848 0.212031 0.897345 -0.0127488
0.0698848 0.0038378 1.66551 0.385435 0.211385 0.898136 -0.010376
0.0690706 0.00340567 1.6651 0.384016 0.210731 0.898922 -0.00800575
0.0682574 0.00297168 1.6647 0.38259 0.21007 0.899702 -0.00563814
0.0674451 0.00253583 1.66429 0.381158 0.209403 0.900477 -0.00327318
0.0666338 0.00209809 1.66388 0.379719 0.208729 0.901246 -0.000910916
0.0658235 0.00165844 1.66347 0.378274 0.208048 0.902011 0.00144861
0.0650142 0.00121685 1.66307 0.376822 0.20736 0.902769 0.00380537
0.0642058 0.000773312 1.66266 0.375364 0.206665 0.903523 0.00615933
0.0633984 0.000327799 1.66226 0.373899 0.205963 0.904271 0.00851044
0.0625921 -0.000119709 1.66185 0.372429 0.205255 0.905013 0.0108587
0.0617866 -0.000569233 1.66145 0.370952 0.20454 0.905751 0.013204
0.0609822 -0.00102079 1.66104 0.369468 0.203818 0.906482 0.0155464
0.0601788 -0.00147441 1.66064 0.367978 0.203089 0.907208 0.0178858
0.0593764 -0.00193011 1.66024 0.366482 0.202353 0.907929 0.0202222
0.058575 -0.00238791 1.65983 0.36498 0.201611 0.908644 0.0225555
0.0577746 -0.00284784 1.65943 0.363471 0.200862 0.909353 0.0248858
0.0569752 -0.0033099 1.65903 0.361956 0.200106 0.910057 0.0272129
0.0561768 -0.00377414 1.65863 0.360435 0.199344 0.910756 0.0295369
0.0553795 -0.00424055 1.65823 0.358908 0.198575 0.911448 0.0318577
0.0545832 -0.00470918 1.65783 0.357375 0.197799 0.912135 0.0341752
0.0537879 -0.00518003 1.65743 0.355835 0.197016 0.912817 0.0364895
0.0529937 -0.00565314 1.65703 0.354289 0.196227 0.913493 0.0388005
0.0522005 -0.00612852 1.65663 0.352737 0.195431 0.914163 0.0411082
0.0514084 -0.00660619 1.65623 0.351179 0.194628 0.914827 0.0434125
0.0506174 -0.00708617 1.65584 0.349615 0.193819 0.915486 0.0457134
0.0498274 -0.0075685 1.65544 0.348045 0.193003 0.916138 0.0480109
0.0490385 -0.00805318 1.65504 0.346469 0.192181 0.916785 0.0503049
0.0482507 -0.00854024 1.65465 0.344886 0.191351 0.917427 0.0525954
0.047464 -0.0090297 1.65425 0.343298 0.190516 0.918062 0.0548823
0.0466784 -0.00952159 1.65386 0.341703 0.189673 0.918692 0.0571657
0.0458939 -0.0100159 1.65347 0.340103 0.188825 0.919316 0.0594455
0.0451105 -0.0105127 1.65307 0.338497 0.187969 0.919934 0.0617217
0.0443282 -0.011012 1.65268 0.336884 0.187107 0.920546 0.0639942
0.0435471 -0.0115138 1.65229 0.335266 0.186239 0.921152 0.0662629
0.0427671 -0.0120181 1.6519 0.333642 0.185364 0.921752 0.068528
0.0419883 -0.012525 1.65151 0.332012 0.184482 0.922347 0.0707893
0.0412106 -0.0130344 1.65112 0.330376 0.183594 0.922935 0.0730467
0.0404341 -0.0135465 1.65073 0.328734 0.182699 0.923517 0.0753003
0.0396588 -0.0140611 1.65034 0.327087 0.181798 0.924094 0.0775501
0.0388847 -0.0145784 1.64995 0.325433 0.180891 0.924664 0.0797959
0.0381118 -0.0150984 1.64956 0.323774 0.179977 0.925229 0.0820378
0.0373401 -0.015621 1.64917 0.322109 0.179057 0.925787 0.0842758
0.0365697 -0.0161463 1.64879 0.320439 0.17813 0.92634 0.0865097
0.0358004 -0.0166744 1.6484 0.318762 0.177197 0.926886 0.0887396
0.0350325 -0.0172052 1.64802 0.31708 0.176257 0.927426 0.0909654
0.0342657 -0.0177387 1.64763 0.315392 0.175311 0.92796 0.0931871
0.0335003 -0.0182751 1.64725 0.313699 0.174359 0.928488 0.0954047
0.0327361 -0.0188142 1.64687 0.312 0.1734 0.92901 0.0976181
0.0319733 -0.0193562 1.64648 0.310295 0.172435 0.929526 0.0998273
0.0312117 -0.0199011 1.6461 0.308585 0.171464 0.930035 0.102032
0.0304514 -0.0204488 1.64572 0.306869 0.170486 0.930538 0.104233
0.0296924 -0.0209995 1.64534 0.305147 0.169502 0.931035 0.10643
0.0289348 -0.0215531 1.64496 0.30342 0.168513 0.931526 0.108622
0.0281784 -0.0221096 1.64458 0.301687 0.167517 0.932011 0.110811
0.0274233 -0.0226692 1.6442 0.299949 0.166515 0.932489 0.112995
0.0266695 -0.0232319 1.64382 0.298205 0.165507 0.932961 0.115175
0.025917 -0.0237976 1.64345 0.296455 0.164494 0.933426 0.117351
0.0251658 -0.0243664 1.64307 0.2947 0.163474 0.933886 0.119523
0.0244159 -0.0249384 1.6427 0.292939 0.162449 0.934338 0.121691
0.0236673 -0.0255135 1.64232 0.291173 0.161419 0.934785 0.123855
0.02292 -0.0260919 1.64195 0.289401 0.160382 0.935225 0.126015
0.022174 -0.0266735 1.64157 0.287623 0.15934 0.935658 0.128171
0.0214293 -0.0272583 1.6412 0.28584 0.158293 0.936085 0.130323
0.0206859 -0.0278465 1.64083 0.284051 0.15724 0.936505 0.132471
0.0199438 -0.028438 1.64046 0.282256 0.156182 0.936919 0.134615
0.0192031 -0.0290328 1.64009 0.280456 0.155118 0.937326 0.136755
0.0184636 -0.0296311 1.63972 0.278651 0.154049 0.937727 0.138891
0.0177255 -0.0302328 1.63936 0.276839 0.152975 0.938121 0.141023
0.0169887 -0.030838 1.63899 0.275022 0.151896 0.938508 0.143151
0.0162533 -0.0314467 1.63862 0.2732 0.150811 0.938889 0.145275
0.0155191 -0.032059 1.63826 0.271371 0.149722 0.939263 0.147395
0.0147863 -0.0326748 1.6379 0.269538 0.148628 0.939631 0.149512
0.0140548 -0.0332943 1.63753 0.267698 0.147528 0.939991 0.151624
0.0133247 -0.0339174 1.63717 0.265853 0.146424 0.940345 0.153733
0.0125959 -0.0345442 1.63681 0.264002 0.145315 0.940692 0.155837
0.0118685 -0.0351747 1.63645 0.262146 0.144201 0.941032 0.157938
0.0111424 -0.035809 1.63609 0.260283 0.143083 0.941365 0.160035
0.0104177 -0.0364471 1.63574 0.258416 0.14196 0.941692 0.162128
0.00969441 -0.037089 1.63538 0.256542 0.140832 0.942011 0.164217
0.00897246 -0.0377348 1.63503 0.254663 0.139699 0.942324 0.166302
0.00825189 -0.0383845 1.63467 0.252778 0.138563 0.94263 0.168384
0.00753273 -0.0390381 1.63432 0.250887 0.137421 0.942928 0.170461
0.00681503 -0.0396957 1.63397 0.248991 0.136275 0.94322 0.172535
0.00609881 -0.0403572 1.63362 0.247089 0.135125 0.943505 0.174604
0.0053841 -0.0410227 1.63327 0.245182 0.13397 0.943783 0.176669
0.00467095 -0.0416922 1.63292 0.243269 0.13281 0.944054 0.17873
0.00395939 -0.0423657 1.63257 0.241351 0.131645 0.944318 0.180787
0.00324945 -0.0430432 1.63223 0.239427 0.130476 0.944574 0.182839
0.00254117 -0.0437247 1.63188 0.237498 0.129302 0.944824 0.184886
0.00183459 -0.0444102 1.63154 0.235563 0.128123 0.945067 0.186929
0.00112973 -0.0450998 1.63119 0.233624 0.126939 0.945303 0.188968
0.000426643 -0.0457934 1.63085 0.231679 0.125751 0.945532 0.191001
-0.000274641 -0.0464911 1.63051 0.229728 0.124557 0.945754 0.19303
-0.000974086 -0.0471929 1.63017 0.227773 0.123359 0.945968 0.195054
-0.00167165 -0.0478987 1.62983 0.225813 0.122155 0.946176 0.197072
-0.0023673 -0.0486087 1.62949 0.223847 0.120947 0.946377 0.199086
-0.003061 -0.0493227 1.62915 0.221877 0.119734 0.94657 0.201095
-0.00375271 -0.0500409 1.62881 0.219901 0.118515 0.946757 0.203098
-0.00444239 -0.0507631 1.62847 0.217921 0.117291 0.946937 0.205096
-0.00513001 -0.0514895 1.62814 0.215936 0.116063 0.947109 0.207088
-0.00581552 -0.05222 1.6278 0.213946 0.114829 0.947274 0.209076
-0.00649888 -0.0529546 1.62747 0.211951 0.11359 0.947433 0.211057
-0.00718006 -0.0536933 1.62713 0.209951 0.112346 0.947584 0.213033
-0.00785902 -0.0544362 1.6268 0.207947 0.111096 0.947728 0.215003
-0.00853572 -0.0551833 1.62646 0.205939 0.109842 0.947866 0.216968
-0.00921012 -0.0559344 1.62613 0.203925 0.108582 0.947996 0.218927
-0.00988217 -0.0566898 1.6258 0.201907 0.107317 0.948119 0.220879
-0.0105518 -0.0574492 1.62547 0.199885 0.106046 0.948234 0.222826
-0.0112191 -0.0582129 1.62514 0.197859 0.10477 0.948343 0.224767
-0.0118839 -0.0589806 1.62481 0.195828 0.103489 0.948445 0.226702
-0.0125462 -0.0597526 1.62448 0.193793 0.102202 0.94854 0.22863
-0.0132059 -0.0605287 1.62414 0.191753 0.10091 0.948627 0.230552
-0.0138631 -0.0613089 1.62382 0.18971 0.0996123 0.948708 0.232468
-0.0145177 -0.0620933 1.62349 0.187662 0.0983093 0.948781 0.234378
-0.0151696 -0.0628818 1.62316 0.185611 0.0970008 0.948847 0.236281
-0.0158188 -0.0636746 1.62283 0.183555 0.095687 0.948906 0.238177
-0.0164654 -0.0644716 1.6225 0.181495 0.0943678 0.948958 0.240068
-0.0171092 -0.0652727 1.62217 0.179432 0.0930432 0.949003 0.241951
-0.0177503 -0.0660781 1.62184 0.177364 0.0917133 0.949041 0.243829
-0.0183886 -0.0668877 1.62152 0.175292 0.0903781 0.949071 0.245699
-0.0190241 -0.0677016 1.62119 0.173217 0.0890376 0.949095 0.247564
-0.0196567 -0.0685197 1.62086 0.171138 0.0876918 0.949111 0.249421
-0.0202865 -0.0693421 1.62053 0.169054 0.0863408 0.94912 0.251272
-0.0209134 -0.0701688 1.62021 0.166968 0.0849845 0.949121 0.253117
-0.0215373 -0.0709997 1.61988 0.164877 0.083623 0.949116 0.254955
-0.0221583 -0.071835 1.61956 0.162782 0.0822563 0.949103 0.256786
-0.0227764 -0.0726746 1.61923 0.160684 0.0808844 0.949083 0.25861
-0.0233914 -0.0735184 1.6189 0.158583 0.0795073 0.949056 0.260428
-0.0240033 -0.0743666 1.61858 0.156477 0.0781252 0.949022 0.262239
-0.0246122 -0.0752192 1.61825 0.154368 0.0767379 0.94898 0.264043
-0.0252179 -0.076076 1.61793 0.152256 0.0753455 0.948931 0.265841
-0.0258206 -0.0769373 1.6176 0.15014 0.073948 0.948875 0.267632
-0.02642 -0.0778028 1.61728 0.14802 0.0725454 0.948811 0.269415
-0.0270163 -0.0786728 1.61695 0.145898 0.0711379 0.94874 0.271192
-0.0276093 -0.0795471 1.61663 0.143771 0.0697253 0.948662 0.272962
-0.028199 -0.0804258 1.6163 0.141642 0.0683077 0.948577 0.274726
-0.0287855 -0.0813089 1.61598 0.139508 0.0668851 0.948484 0.276482
-0.0293686 -0.0821964 1.61565 0.137372 0.0654576 0.948384 0.278231
-0.0299484 -0.0830883 1.61533 0.135232 0.0640251 0.948276 0.279973
-0.0305248 -0.0839845 1.615 0.13309 0.0625877 0.948161 0.281709
-0.0310978 -0.0848852 1.61468 0.130944 0.0611455 0.948039 0.283437
-0.0316673 -0.0857903 1.61435 0.128794 0.0596983 0.94791 0.285158
-0.0322333 -0.0866999 1.61403 0.126642 0.0582463 0.947773 0.286872
-0.0327958 -0.0876138 1.6137 0.124486 0.0567895 0.947629 0.28858
-0.0333548 -0.0885322 1.61338 0.122328 0.0553279 0.947477 0.29028
-0.0339101 -0.089455 1.61305 0.120166 0.0538614 0.947318 0.291972
-0.0344619 -0.0903822 1.61273 0.118002 0.0523902 0.947151 0.293658
-0.03501 -0.0913139 1.6124 0.115834 0.0509143 0.946978 0.295337
-0.0355544 -0.09225 1.61208 0.113664 0.0494336 0.946796 0.297008
-0.0360951 -0.0931906 1.61175 0.11149 0.0479483 0.946608 0.298672
-0.0366321 -0.0941356 1.61143 0.109314 0.0464582 0.946411 0.300329
-0.0371652 -0.0950851 1.6111 0.107135 0.0449635 0.946208 0.301978
-0.0376946 -0.096039 1.61077 0.104953 0.0434642 0.945997 0.303621
-0.0382201 -0.0969974 1.61045 0.102769 0.0419602 0.945778 0.305256
-0.0387418 -0.0979602 1.61012 0.100582 0.0404516 0.945552 0.306884
-0.0392595 -0.0989275 1.60979 0.0983919 0.0389385 0.945319 0.308504
-0.0397732 -0.0998992 1.60947 0.0961993 0.0374208 0.945078 0.310117
-0.040283 -0.100875 1.60914 0.0940042 0.0358986 0.94483 0.311723
-0.0407888 -0.101856 1.60881 0.0918066 0.0343719 0.944574 0.313321
-0.0412905 -0.102841 1.60848 0.0896064 0.0328407 0.944311 0.314912
-0.0417881 -0.103831 1.60816 0.0874037 0.031305 0.94404 0.316495
-0.0422817 -0.104825 1.60783 0.0851986 0.0297649 0.943762 0.318071
-0.042771 -0.105823 1.6075 0.082991 0.0282203 0.943476 0.319639
-0.0432562 -0.106826 1.60717 0.0807811 0.0266714 0.943183 0.3212
-0.0437372 -0.107833 1.60684 0.0785688 0.0251181 0.942882 0.322754
-0.0442138 -0.108845 1.60651 0.0763543 0.0235604 0.942574 0.324299
-0.0446863 -0.109861 1.60618 0.0741375 0.0219984 0.942258 0.325838
-0.0451543 -0.110882 1.60585 0.0719184 0.0204321 0.941934 0.327368
-0.0456181 -0.111907 1.60551 0.0696972 0.0188615 0.941603 0.328892
-0.0460774 -0.112937 1.60518 0.0674738 0.0172867 0.941265 0.330407
-0.0465323 -0.11397 1.60485 0.0652483 0.0157076 0.940919 0.331915
-0.0469827 -0.115009 1.60452 0.0630208 0.0141243 0.940565 0.333415
-0.0474287 -0.116052 1.60418 0.0607911 0.0125368 0.940204 0.334908
-0.0478701 -0.117099 1.60385 0.0585595 0.0109451 0.939836 0.336393
-0.0483069 -0.11815 1.60351 0.056326 0.00934926 0.939459 0.33787
-0.0487391 -0.119206 1.60318 0.0540905 0.00774931 0.939075 0.33934
-0.0491667 -0.120267 1.60284 0.0518531 0.00614525 0.938684 0.340802
-0.0495897 -0.121331 1.6025 0.0496139 0.00453711 0.938285 0.342256
-0.0500079 -0.122401 1.60217 0.0473728 0.00292492 0.937879 0.343702
-0.0504214 -0.123474 1.60183 0.04513 0.00130869 0.937464 0.34514
-0.0508301 -0.124552 1.60149 0.0428855 -0.000311549 0.937043 0.346571
-0.0512339 -0.125634 1.60115 0.0406392 -0.00193578 0.936613 0.347994
-0.051633 -0.126721 1.60081 0.0383913 -0.00356397 0.936177 0.349409
-0.0520271 -0.127811 1.60047 0.0361418 -0.0051961 0.935732 0.350817
-0.0524164 -0.128907 1.60013 0.0338907 -0.00683216 0.93528 0.352216
-0.0528007 -0.130006 1.59978 0.0316381 -0.0084721 0.93482 0.353608
-0.05318 -0.13111 1.59944 0.0293839 -0.0101159 0.934353 0.354991
-0.0535543 -0.132218 1.59909 0.0271283 -0.0117636 0.933878 0.356367
-0.0539235 -0.13333 1.59875 0.0248713 -0.0134151 0.933396 0.357735
-0.0542876 -0.134447 1.5984 0.0226128 -0.0150704 0.932905 0.359095
-0.0546466 -0.135568 1.59805 0.0203531 -0.0167294 0.932408 0.360447
-0.0550005 -0.136693 1.59771 0.018092 -0.0183923 0.931902 0.361791
-0.0553491 -0.137822 1.59736 0.0158296 -0.0200588 0.931389 0.363127
-0.0556925 -0.138956 1.59701 0.0135661 -0.0217291 0.930869 0.364455
-0.0560307 -0.140094 1.59666 0.0113013 -0.023403 0.93034 0.365775
-0.0563635 -0.141236 1.5963 0.00903537 -0.0250806 0.929805 0.367087
-0.056691 -0.142382 1.59595 0.00676834 -0.0267618 0.929261 0.368391
-0.0570132 -0.143532 1.5956 0.00450022 -0.0284467 0.92871 0.369687
-0.0573299 -0.144687 1.59524 0.00223108 -0.0301351 0.928151 0.370975
-0.0576412 -0.145845 1.59488 -3.90672e-05 -0.0318271 0.927585 0.372255
-0.057947 -0.147008 1.59453 -0.00231017 -0.0335226 0.927011 0.373527
-0.0582473 -0.148175 1.59417 -0.00458218 -0.0352217 0.926429 0.374791
-0.0585421 -0.149346 1.59381 -0.00685508 -0.0369242 0.92584 0.376046
-0.0588313 -0.150521 1.59345 -0.00912881 -0.0386302 0.925243 0.377294
-0.0591148 -0.1517 1.59308 -0.0114033 -0.0403396 0.924638 0.378533
-0.0593927 -0.152883 1.59272 -0.0136786 -0.0420525 0.924026 0.379764
-0.059665 -0.15407 1.59235 -0.0159546 -0.0437687 0.923406 0.380988
-0.0599315 -0.155261 1.59199 -0.0182313 -0.0454884 0.922778 0.382203
