-0.136611 -0.717173 2.123 0.642788 0 0 -0.766044
-0.13596 -0.720429 2.12242 0.645274 0.00146309 0.00122744 -0.763949
-0.135298 -0.723683 2.12182 0.647751 0.0029295 0.00245087 -0.761842
-0.134624 -0.726935 2.12122 0.650219 0.00439921 0.00367029 -0.759725
-0.133939 -0.730186 2.1206 0.652678 0.00587222 0.00488567 -0.757597
-0.133242 -0.733435 2.11998 0.655127 0.0073485 0.006097 -0.755458
-0.132534 -0.736682 2.11934 0.657567 0.00882804 0.00730428 -0.753309
-0.131814 -0.739927 2.11869 0.659998 0.0103108 0.00850747 -0.751148
-0.131082 -0.74317 2.11803 0.662419 0.0117968 0.00970658 -0.748978
-0.13034 -0.746411 2.11735 0.664831 0.013286 0.0109016 -0.746796
-0.129585 -0.749649 2.11667 0.667233 0.0147784 0.0120925 -0.744604
-0.128819 -0.752885 2.11598 0.669625 0.0162739 0.0132792 -0.742402
-0.128042 -0.756119 2.11527 0.672008 0.0177726 0.0144618 -0.740189
-0.127253 -0.75935 2.11455 0.674381 0.0192744 0.0156402 -0.737966
-0.126453 -0.762579 2.11382 0.676745 0.0207793 0.0168145 -0.735732
-0.125641 -0.765805 2.11308 0.679098 0.0222874 0.0179846 -0.733488
-0.124817 -0.769028 2.11233 0.681442 0.0237985 0.0191504 -0.731234
-0.123983 -0.772249 2.11157 0.683776 0.0253126 0.0203121 -0.72897
-0.123136 -0.775467 2.1108 0.6861 0.0268298 0.0214695 -0.726695
-0.122279 -0.778681 2.11002 0.688414 0.02835 0.0226227 -0.72441
-0.121409 -0.781893 2.10922 0.690718 0.0298732 0.0237716 -0.722115
-0.120529 -0.785101 2.10841 0.693012 0.0313994 0.0249162 -0.719811
-0.119637 -0.788307 2.1076 0.695296 0.0329286 0.0260565 -0.717496
-0.118733 -0.791509 2.10677 0.69757 0.0344607 0.0271926 -0.715171
-0.117818 -0.794707 2.10593 0.699834 0.0359958 0.0283243 -0.712836
-0.116892 -0.797902 2.10508 0.702087 0.0375337 0.0294517 -0.710491
-0.115954 -0.801094 2.10422 0.70433 0.0390746 0.0305748 -0.708136
-0.115005 -0.804282 2.10335 0.706563 0.0406183 0.0316935 -0.705772
-0.114045 -0.807466 2.10246 0.708786 0.0421648 0.0328078 -0.703398
-0.113073 -0.810647 2.10157 0.710998 0.0437143 0.0339178 -0.701014
-0.11209 -0.813824 2.10066 0.7132 0.0452665 0.0350233 -0.698621
-0.111095 -0.816996 2.09975 0.715391 0.0468215 0.0361245 -0.696218
-0.110089 -0.820165 2.09882 0.717571 0.0483793 0.0372212 -0.693805
-0.109072 -0.82333 2.09788 0.719742 0.0499399 0.0383135 -0.691383
-0.108044 -0.82649 2.09694 0.721901 0.0515032 0.0394013 -0.688951
-0.107004 -0.829647 2.09598 0.72405 0.0530692 0.0404847 -0.68651
-0.105953 -0.832799 2.09501 0.726189 0.054638 0.0415636 -0.68406
-0.104891 -0.835946 2.09403 0.728316 0.0562094 0.042638 -0.6816
-0.103817 -0.839089 2.09303 0.730433 0.0577835 0.0437079 -0.679131
-0.102732 -0.842228 2.09203 0.732539 0.0593603 0.0447733 -0.676652
-0.101636 -0.845362 2.09102 0.734634 0.0609396 0.0458342 -0.674165
-0.100529 -0.848491 2.09 0.736718 0.0625216 0.0468905 -0.671668
-0.099411 -0.851616 2.08896 0.738792 0.0641062 0.0479423 -0.669163
-0.0982815 -0.854735 2.08792 0.740854 0.0656934 0.0489895 -0.666648
-0.0971408 -0.85785 2.08686 0.742906 0.0672831 0.0500321 -0.664124
-0.0959891 -0.860959 2.08579 0.744946 0.0688753 0.0510702 -0.661591
-0.0948262 -0.864064 2.08472 0.746976 0.0704701 0.0521036 -0.65905
-0.0936522 -0.867163 2.08363 0.748994 0.0720674 0.0531325 -0.656499
-0.0924671 -0.870257 2.08253 0.751001 0.0736671 0.0541567 -0.65394
-0.091271 -0.873346 2.08142 0.752997 0.0752693 0.0551763 -0.651372
-0.0900639 -0.87643 2.0803 0.754982 0.0768739 0.0561912 -0.648795
-0.0888457 -0.879508 2.07917 0.756955 0.078481 0.0572014 -0.64621
-0.0876166 -0.88258 2.07803 0.758918 0.0800904 0.058207 -0.643616
-0.0863764 -0.885647 2.07688 0.760869 0.0817023 0.0592079 -0.641013
-0.0851254 -0.888708 2.07572 0.762808 0.0833165 0.0602041 -0.638402
-0.0838634 -0.891763 2.07455 0.764736 0.084933 0.0611955 -0.635783
-0.0825905 -0.894813 2.07337 0.766653 0.0865519 0.0621823 -0.633155
-0.0813067 -0.897856 2.07218 0.768558 0.088173 0.0631643 -0.630519
-0.080012 -0.900894 2.07097 0.770452 0.0897965 0.0641416 -0.627874
-0.0787065 -0.903925 2.06976 0.772334 0.0914222 0.0651141 -0.625221
-0.0773902 -0.906951 2.06854 0.774205 0.0930502 0.0660818 -0.62256
-0.0760631 -0.90997 2.06731 0.776064 0.0946804 0.0670448 -0.619891
-0.0747252 -0.912983 2.06606 0.777912 0.0963128 0.068003 -0.617214
-0.0733766 -0.915989 2.06481 0.779747 0.0979474 0.0689563 -0.614529
-0.0720173 -0.918989 2.06354 0.781571 0.0995841 0.0699049 -0.611835
-0.0706473 -0.921983 2.06227 0.783384 0.101223 0.0708486 -0.609134
-0.0692666 -0.92497 2.06099 0.785184 0.102864 0.0717874 -0.606425
-0.0678752 -0.92795 2.05969 0.786973 0.104507 0.0727215 -0.603708
-0.0664733 -0.930924 2.05839 0.78875 0.106152 0.0736506 -0.600983
-0.0650608 -0.933891 2.05707 0.790515 0.1078 0.0745749 -0.598251
-0.0636377 -0.936851 2.05575 0.792268 0.109449 0.0754943 -0.595511
-0.0622041 -0.939804 2.05442 0.794009 0.1111 0.0764088 -0.592763
-0.06076 -0.94275 2.05307 0.795738 0.112754 0.0773184 -0.590008
-0.0593054 -0.945689 2.05172 0.797455 0.114409 0.0782231 -0.587245
-0.0578403 -0.948621 2.05035 0.799161 0.116067 0.0791228 -0.584474
-0.0563649 -0.951546 2.04898 0.800854 0.117726 0.0800176 -0.581697
-0.054879 -0.954463 2.0476 0.802535 0.119387 0.0809075 -0.578912
-0.0533828 -0.957374 2.0462 0.804204 0.12105 0.0817924 -0.576119
-0.0518763 -0.960276 2.0448 0.80586 0.122715 0.0826723 -0.57332
-0.0503594 -0.963171 2.04339 0.807505 0.124382 0.0835472 -0.570513
-0.0488323 -0.966059 2.04196 0.809137 0.126051 0.0844172 -0.567699
-0.047295 -0.968939 2.04053 0.810757 0.127721 0.0852821 -0.564878
-0.0457475 -0.971812 2.03909 0.812365 0.129394 0.0861421 -0.562049
-0.0441898 -0.974676 2.03764 0.813961 0.131068 0.086997 -0.559214
-0.0426219 -0.977533 2.03617 0.815544 0.132744 0.0878468 -0.556372
-0.041044 -0.980382 2.0347 0.817115 0.134422 0.0886917 -0.553523
-0.0394559 -0.983223 2.03322 0.818673 0.136101 0.0895314 -0.550668
-0.0378579 -0.986056 2.03173 0.820219 0.137782 0.0903661 -0.547805
-0.0362498 -0.988881 2.03023 0.821753 0.139465 0.0911958 -0.544936
-0.0346318 -0.991698 2.02872 0.823274 0.14115 0.0920203 -0.54206
-0.0330038 -0.994506 2.02721 0.824783 0.142836 0.0928398 -0.539178
-0.0313659 -0.997307 2.02568 0.826279 0.144523 0.0936541 -0.536289
-0.0297181 -1.0001 2.02414 0.827762 0.146213 0.0944633 -0.533393
-0.0280605 -1.00288 2.02259 0.829233 0.147904 0.0952674 -0.530491
-0.0263931 -1.00566 2.02104 0.830691 0.149596 0.0960664 -0.527583
-0.024716 -1.00842 2.01947 0.832137 0.15129 0.0968602 -0.524668
-0.0230291 -1.01118 2.0179 0.83357 0.152986 0.0976489 -0.521748
-0.0213325 -1.01393 2.01632 0.834991 0.154683 0.0984324 -0.51882
-0.0196263 -1.01667 2.01472 0.836398 0.156382 0.0992107 -0.515887
-0.0179105 -1.0194 2.01312 0.837793 0.158082 0.0999839 -0.512948
-0.016185 -1.02213 2.01151 0.839176 0.159783 0.100752 -0.510003
-0.0144501 -1.02484 2.00989 0.840545 0.161486 0.101515 -0.507051
-0.0127056 -1.02755 2.00826 0.841902 0.163191 0.102272 -0.504094
-0.0109517 -1.03024 2.00662 0.843245 0.164896 0.103025 -0.501131
-0.00918831 -1.03293 2.00498 0.844576 0.166603 0.103772 -0.498162
-0.00741557 -1.03561 2.00332 0.845894 0.168312 0.104513 -0.495187
-0.00563348 -1.03828 2.00165 0.8472 0.170022 0.10525 -0.492207
-0.00384208 -1.04094 1.99998 0.848492 0.171733 0.105981 -0.489221
-0.00204141 -1.04359 1.9983 0.849771 0.173445 0.106708 -0.486229
-0.000231509 -1.04623 1.99661 0.851038 0.175159 0.107428 -0.483232
0.00158758 -1.04886 1.99491 0.852291 0.176874 0.108144 -0.48023
0.00341581 -1.05148 1.9932 0.853531 0.17859 0.108854 -0.477222
0.00525315 -1.05409 1.99148 0.854759 0.180307 0.109559 -0.474209
0.00709956 -1.0567 1.98975 0.855973 0.182025 0.110259 -0.47119
0.00895499 -1.05929 1.98802 0.857174 0.183745 0.110953 -0.468166
0.0108194 -1.06187 1.98628 0.858362 0.185466 0.111642 -0.465137
0.0126927 -1.06445 1.98452 0.859537 0.187188 0.112326 -0.462103
0.014575 -1.06701 1.98276 0.860699 0.188911 0.113004 -0.459064
0.0164661 -1.06956 1.98099 0.861848 0.190635 0.113677 -0.45602
0.018366 -1.07211 1.97922 0.862984 0.19236 0.114345 -0.452971
0.0202747 -1.07464 1.97743 0.864106 0.194086 0.115007 -0.449917
0.0221921 -1.07717 1.97564 0.865215 0.195813 0.115664 -0.446858
0.0241182 -1.07968 1.97383 0.866311 0.197541 0.116315 -0.443794
0.0260529 -1.08218 1.97202 0.867394 0.19927 0.116961 -0.440726
0.0279963 -1.08468 1.9702 0.868463 0.201 0.117602 -0.437653
0.0299481 -1.08716 1.96838 0.869519 0.202731 0.118238 -0.434575
0.0319085 -1.08963 1.96654 0.870562 0.204463 0.118867 -0.431493
0.0338774 -1.0921 1.9647 0.871592 0.206196 0.119492 -0.428407
0.0358546 -1.09455 1.96285 0.872608 0.20793 0.120111 -0.425316
0.0378402 -1.09699 1.96099 0.873611 0.209664 0.120725 -0.422221
0.0398342 -1.09942 1.95912 0.8746 0.2114 0.121333 -0.419121
0.0418364 -1.10184 1.95724 0.875577 0.213136 0.121935 -0.416017
0.0438469 -1.10425 1.95536 0.876539 0.214873 0.122533 -0.412909
0.0458655 -1.10665 1.95347 0.877489 0.216611 0.123124 -0.409797
0.0478923 -1.10904 1.95157 0.878425 0.218349 0.123711 -0.406681
0.0499272 -1.11142 1.94966 0.879347 0.220088 0.124292 -0.403561
0.0519701 -1.11379 1.94774 0.880256 0.221828 0.124867 -0.400437
0.054021 -1.11614 1.94582 0.881152 0.223569 0.125437 -0.397309
0.0560799 -1.11849 1.94389 0.882034 0.22531 0.126001 -0.394178
0.0581466 -1.12082 1.94195 0.882902 0.227052 0.12656 -0.391042
0.0602213 -1.12315 1.94 0.883757 0.228794 0.127113 -0.387903
0.0623037 -1.12546 1.93805 0.884599 0.230537 0.127661 -0.38476
0.0643939 -1.12776 1.93609 0.885427 0.232281 0.128204 -0.381614
0.0664918 -1.13005 1.93412 0.886241 0.234025 0.12874 -0.378464
0.0685973 -1.13233 1.93214 0.887042 0.23577 0.129271 -0.375311
0.0707105 -1.1346 1.93016 0.887829 0.237515 0.129797 -0.372154
0.0728312 -1.13686 1.92817 0.888603 0.239261 0.130317 -0.368994
0.0749595 -1.1391 1.92617 0.889363 0.241007 0.130832 -0.36583
0.0770952 -1.14134 1.92416 0.89011 0.242754 0.131341 -0.362664
0.0792383 -1.14356 1.92215 0.890842 0.244501 0.131844 -0.359494
0.0813888 -1.14577 1.92013 0.891562 0.246248 0.132342 -0.356321
0.0835466 -1.14797 1.9181 0.892267 0.247996 0.132834 -0.353146
0.0857117 -1.15016 1.91607 0.892959 0.249745 0.133321 -0.349967
0.087884 -1.15233 1.91402 0.893638 0.251493 0.133802 -0.346785
0.0900634 -1.1545 1.91197 0.894302 0.253242 0.134277 -0.343601
0.09225 -1.15665 1.90992 0.894953 0.254991 0.134747 -0.340413
0.0944436 -1.1588 1.90785 0.89559 0.256741 0.135211 -0.337223
0.0966442 -1.16093 1.90578 0.896214 0.258491 0.13567 -0.334031
0.0988518 -1.16304 1.9037 0.896824 0.260241 0.136123 -0.330836
0.101066 -1.16515 1.90162 0.89742 0.261991 0.13657 -0.327638
0.103288 -1.16725 1.89953 0.898003 0.263741 0.137012 -0.324437
0.105516 -1.16933 1.89743 0.898571 0.265492 0.137448 -0.321235
0.107751 -1.1714 1.89533 0.899126 0.267243 0.137879 -0.31803
0.109992 -1.17346 1.89321 0.899667 0.268994 0.138303 -0.314822
0.112241 -1.17551 1.8911 0.900195 0.270745 0.138722 -0.311613
0.114495 -1.17754 1.88897 0.900709 0.272496 0.139136 -0.308401
0.116757 -1.17957 1.88684 0.901209 0.274247 0.139544 -0.305187
0.119025 -1.18158 1.8847 0.901695 0.275999 0.139946 -0.301971
0.121299 -1.18358 1.88255 0.902167 0.27775 0.140342 -0.298753
0.12358 -1.18556 1.8804 0.902626 0.279501 0.140733 -0.295533
0.125867 -1.18754 1.87825 0.903071 0.281252 0.141118 -0.292312
0.12816 -1.1895 1.87608 0.903502 0.283004 0.141497 -0.289088
0.13046 -1.19145 1.87391 0.903919 0.284755 0.141871 -0.285863
0.132765 -1.19339 1.87173 0.904323 0.286506 0.142239 -0.282636
0.135077 -1.19532 1.86955 0.904712 0.288257 0.142601 -0.279407
0.137395 -1.19723 1.86736 0.905088 0.290008 0.142958 -0.276177
0.139719 -1.19913 1.86516 0.90545 0.291759 0.143308 -0.272946
0.142049 -1.20102 1.86296 0.905799 0.29351 0.143654 -0.269713
0.144384 -1.2029 1.86075 0.906133 0.29526 0.143993 -0.266478
0.146726 -1.20476 1.85854 0.906454 0.29701 0.144327 -0.263242
0.149073 -1.20661 1.85632 0.90676 0.29876 0.144654 -0.260005
0.151427 -1.20845 1.85409 0.907054 0.30051 0.144977 -0.256767
0.153785 -1.21028 1.85186 0.907333 0.30226 0.145293 -0.253528
0.15615 -1.21209 1.84962 0.907598 0.304009 0.145604 -0.250287
0.15852 -1.21389 1.84738 0.90785 0.305758 0.145909 -0.247046
0.160895 -1.21568 1.84513 0.908087 0.307507 0.146208 -0.243804
0.163276 -1.21746 1.84287 0.908311 0.309255 0.146501 -0.24056
0.165663 -1.21922 1.84061 0.908521 0.311003 0.146789 -0.237316
0.168054 -1.22097 1.83834 0.908718 0.31275 0.147071 -0.234072
0.170451 -1.22271 1.83607 0.9089 0.314497 0.147347 -0.230826
0.172854 -1.22443 1.83379 0.909069 0.316244 0.147617 -0.22758
0.175261 -1.22615 1.8315 0.909224 0.31799 0.147882 -0.224333
0.177674 -1.22785 1.82921 0.909365 0.319736 0.14814 -0.221086
0.180091 -1.22953 1.82692 0.909492 0.321481 0.148393 -0.217838
0.182514 -1.23121 1.82462 0.909605 0.323226 0.148641 -0.21459
0.184942 -1.23287 1.82231 0.909705 0.32497 0.148882 -0.211342
0.187374 -1.23452 1.82 0.909791 0.326714 0.149118 -0.208093
0.189812 -1.23615 1.81768 0.909863 0.328457 0.149347 -0.204844
0.192254 -1.23777 1.81536 0.909921 0.3302 0.149571 -0.201595
0.194701 -1.23938 1.81303 0.909965 0.331942 0.14979 -0.198346
0.197152 -1.24098 1.8107 0.909996 0.333683 0.150002 -0.195097
0.199609 -1.24256 1.80836 0.910013 0.335423 0.150209 -0.191848
0.20207 -1.24413 1.80601 0.910016 0.337163 0.15041 -0.188599
0.204535 -1.24569 1.80367 0.910005 0.338902 0.150605 -0.18535
0.207005 -1.24724 1.80131 0.90998 0.340641 0.150794 -0.182101
0.209479 -1.24877 1.79895 0.909942 0.342379 0.150977 -0.178853
0.211957 -1.25029 1.79659 0.90989 0.344116 0.151155 -0.175605
0.21444 -1.25179 1.79422 0.909824 0.345852 0.151326 -0.172357
0.216927 -1.25328 1.79185 0.909745 0.347587 0.151492 -0.16911
0.219419 -1.25476 1.78947 0.909651 0.349322 0.151652 -0.165863
0.221914 -1.25623 1.78708 0.909544 0.351055 0.151807 -0.162617
0.224413 -1.25768 1.7847 0.909423 0.352788 0.151955 -0.159372
0.226917 -1.25912 1.7823 0.909289 0.35452 0.152097 -0.156127
0.229424 -1.26055 1.77991 0.909141 0.356251 0.152234 -0.152883
0.231935 -1.26196 1.7775 0.908979 0.357981 0.152365 -0.14964
0.234451 -1.26336 1.7751 0.908803 0.359711 0.15249 -0.146398
0.236969 -1.26475 1.77268 0.908614 0.361439 0.152609 -0.143157
0.239492 -1.26612 1.77027 0.908411 0.363166 0.152723 -0.139916
0.242018 -1.26748 1.76785 0.908194 0.364892 0.15283 -0.136677
0.244548 -1.26883 1.76542 0.907963 0.366617 0.152932 -0.133439
0.247082 -1.27016 1.76299 0.907719 0.368341 0.153028 -0.130202
0.249619 -1.27148 1.76056 0.907462 0.370064 0.153118 -0.126967
0.252159 -1.27279 1.75812 0.90719 0.371786 0.153202 -0.123732
0.254703 -1.27409 1.75568 0.906905 0.373507 0.15328 -0.120499
0.25725 -1.27537 1.75323 0.906607 0.375227 0.153353 -0.117268
0.2598 -1.27663 1.75078 0.906295 0.376945 0.153419 -0.114038
0.262354 -1.27789 1.74832 0.905969 0.378663 0.15348 -0.11081
0.26491 -1.27913 1.74586 0.90563 0.380379 0.153535 -0.107583
0.26747 -1.28036 1.7434 0.905277 0.382094 0.153584 -0.104358
0.270033 -1.28157 1.74093 0.90491 0.383807 0.153627 -0.101134
0.272599 -1.28277 1.73846 0.90453 0.38552 0.153664 -0.0979126
0.275168 -1.28396 1.73598 0.904137 0.387231 0.153696 -0.0946928
0.277739 -1.28513 1.7335 0.90373 0.388941 0.153721 -0.0914749
0.280314 -1.28629 1.73102 0.903309 0.390649 0.153741 -0.0882591
0.282891 -1.28744 1.72853 0.902875 0.392356 0.153755 -0.0850452
0.285471 -1.28857 1.72604 0.902428 0.394062 0.153763 -0.0818335
0.288053 -1.28969 1.72355 0.901967 0.395766 0.153765 -0.0786239
0.290639 -1.2908 1.72105 0.901492 0.397469 0.153761 -0.0754165
0.293226 -1.29189 1.71855 0.901004 0.399171 0.153751 -0.0722114
0.295816 -1.29297 1.71604 0.900503 0.400871 0.153736 -0.0690086
0.298409 -1.29404 1.71353 0.899988 0.40257 0.153715 -0.0658083
0.301004 -1.29509 1.71102 0.89946 0.404267 0.153687 -0.0626103
0.303601 -1.29613 1.7085 0.898919 0.405963 0.153654 -0.0594149
0.306201 -1.29716 1.70598 0.898364 0.407657 0.153615 -0.056222
0.308802 -1.29817 1.70345 0.897796 0.409349 0.153571 -0.0530318
0.311406 -1.29917 1.70093 0.897214 0.41104 0.15352 -0.0498442
0.314012 -1.30016 1.6984 0.896619 0.41273 0.153463 -0.0466594
0.31662 -1.30113 1.69586 0.896011 0.414418 0.153401 -0.0434774
0.31923 -1.30209 1.69332 0.89539 0.416104 0.153333 -0.0402983
0.321841 -1.30304 1.69078 0.894755 0.417788 0.153259 -0.0371221
0.324455 -1.30397 1.68824 0.894107 0.419471 0.153179 -0.0339488
0.327071 -1.30489 1.68569 0.893446 0.421152 0.153093 -0.0307786
0.329688 -1.30579 1.68314 0.892772 0.422832 0.153001 -0.0276115
0.332307 -1.30668 1.68059 0.892084 0.42451 0.152904 -0.0244476
0.334927 -1.30756 1.67803 0.891384 0.426186 0.1528 -0.0212868
0.337549 -1.30843 1.67547 0.89067 0.42786 0.152691 -0.0181293
0.340173 -1.30928 1.67291 0.889943 0.429532 0.152576 -0.0149752
0.342798 -1.31012 1.67034 0.889203 0.431203 0.152455 -0.0118244
0.345424 -1.31094 1.66777 0.88845 0.432872 0.152328 -0.00867707
0.348052 -1.31176 1.6652 0.887684 0.434539 0.152195 -0.00553324
0.350681 -1.31255 1.66263 0.886904 0.436204 0.152057 -0.00239297
0.353311 -1.31334 1.66005 0.886112 0.437867 0.151912 0.000743693
0.355943 -1.31411 1.65747 0.885307 0.439528 0.151762 0.00387668
0.358576 -1.31487 1.65489 0.884489 0.441188 0.151606 0.00700594
0.361209 -1.31561 1.6523 0.883657 0.442845 0.151444 0.0101314
0.363844 -1.31635 1.64971 0.882813 0.444501 0.151276 0.013253
0.36648 -1.31706 1.64712 0.881956 0.446154 0.151102 0.0163708
0.369117 -1.31777 1.64453 0.881086 0.447805 0.150923 0.0194846
0.371754 -1.31846 1.64193 0.880203 0.449455 0.150738 0.0225943
0.374392 -1.31914 1.63933 0.879308 0.451102 0.150547 0.0257
0.377031 -1.3198 1.63673 0.878399 0.452748 0.150349 0.0288016
0.379671 -1.32045 1.63413 0.877478 0.454391 0.150147 0.031899
0.382312 -1.32109 1.63152 0.876544 0.456032 0.149938 0.0349921
0.384953 -1.32172 1.62892 0.875597 0.457671 0.149723 0.038081
0.387594 -1.32233 1.62631 0.874637 0.459308 0.149503 0.0411655
0.390236 -1.32293 1.62369 0.873665 0.460942 0.149277 0.0442456
0.392878 -1.32351 1.62108 0.87268 0.462575 0.149045 0.0473213
0.395521 -1.32408 1.61846 0.871683 0.464205 0.148807 0.0503924
0.398164 -1.32464 1.61584 0.870673 0.465833 0.148564 0.0534589
0.400808 -1.32519 1.61322 0.86965 0.467459 0.148314 0.0565209
0.403451 -1.32572 1.61059 0.868614 0.469082 0.148059 0.0595781
0.406095 -1.32624 1.60797 0.867566 0.470704 0.147798 0.0626306
0.408739 -1.32674 1.60534 0.866506 0.472323 0.147531 0.0656784
0.411383 -1.32724 1.60271 0.865433 0.473939 0.147258 0.0687212
0.414026 -1.32772 1.60008 0.864347 0.475553 0.14698 0.0717592
0.41667 -1.32818 1.59744 0.86325 0.477165 0.146695 0.0747922
0.419314 -1.32864 1.59481 0.862139 0.478775 0.146405 0.0778203
0.421958 -1.32908 1.59217 0.861017 0.480382 0.146109 0.0808432
0.424601 -1.3295 1.58953 0.859882 0.481987 0.145808 0.083861
0.427244 -1.32992 1.58689 0.858734 0.483589 0.1455 0.0868737
0.429887 -1.33032 1.58424 0.857574 0.485189 0.145187 0.0898811
0.432529 -1.3307 1.5816 0.856403 0.486786 0.144868 0.0928833
0.435171 -1.33108 1.57895 0.855218 0.488381 0.144543 0.0958801
0.437812 -1.33144 1.5763 0.854022 0.489973 0.144212 0.0988716
0.440453 -1.33179 1.57365 0.852813 0.491563 0.143876 0.101858
0.443094 -1.33212 1.571 0.851593 0.49315 0.143534 0.104838
0.445733 -1.33245 1.56835 0.85036 0.494735 0.143186 0.107813
0.448373 -1.33276 1.56569 0.849115 0.496317 0.142832 0.110782
0.451011 -1.33305 1.56303 0.847858 0.497896 0.142473 0.113746
0.453648 -1.33334 1.56038 0.846588 0.499473 0.142108 0.116704
0.456285 -1.33361 1.55772 0.845307 0.501047 0.141737 0.119656
0.458921 -1.33386 1.55506 0.844014 0.502619 0.14136 0.122603
0.461556 -1.33411 1.55239 0.842709 0.504188 0.140978 0.125543
0.46419 -1.33434 1.54973 0.841392 0.505754 0.140589 0.128478
0.466823 -1.33456 1.54707 0.840063 0.507317 0.140195 0.131407
0.469454 -1.33477 1.5444 0.838723 0.508878 0.139796 0.13433
0.472085 -1.33496 1.54173 0.83737 0.510436 0.13939 0.137246
0.474714 -1.33514 1.53906 0.836006 0.511991 0.138979 0.140157
0.477343 -1.33531 1.53639 0.83463 0.513543 0.138563 0.143061
0.47997 -1.33547 1.53372 0.833242 0.515093 0.13814 0.145959
0.482595 -1.33561 1.53105 0.831843 0.516639 0.137712 0.148851
0.485219 -1.33574 1.52837 0.830432 0.518183 0.137278 0.151737
0.487842 -1.33586 1.5257 0.829009 0.519724 0.136838 0.154616
0.490464 -1.33596 1.52302 0.827575 0.521262 0.136393 0.157489
0.493083 -1.33605 1.52035 0.826129 0.522797 0.135942 0.160355
0.495702 -1.33613 1.51767 0.824672 0.524329 0.135485 0.163215
0.498318 -1.3362 1.51499 0.823203 0.525859 0.135023 0.166068
0.500933 -1.33625 1.51231 0.821723 0.527385 0.134555 0.168914
0.503546 -1.33629 1.50963 0.820231 0.528908 0.134081 0.171754
0.506158 -1.33632 1.50695 0.818728 0.530429 0.133601 0.174588
0.508767 -1.33634 1.50427 0.817214 0.531946 0.133116 0.177414
0.511375 -1.33635 1.50159 0.815688 0.53346 0.132626 0.180234
0.513981 -1.33634 1.4989 0.814151 0.534971 0.132129 0.183046
0.516585 -1.33632 1.49622 0.812603 0.536479 0.131627 0.185852
0.519186 -1.33628 1.49353 0.811043 0.537984 0.13112 0.188651
0.521786 -1.33624 1.49085 0.809473 0.539486 0.130606 0.191443
0.524384 -1.33618 1.48816 0.807891 0.540985 0.130087 0.194228
0.526979 -1.33611 1.48547 0.806298 0.542481 0.129563 0.197005
0.529573 -1.33603 1.48278 0.804695 0.543973 0.129033 0.199776
0.532164 -1.33593 1.4801 0.80308 0.545462 0.128497 0.202539
0.534753 -1.33583 1.47741 0.801454 0.546948 0.127956 0.205295
0.537339 -1.33571 1.47472 0.799817 0.548431 0.127409 0.208044
0.539923 -1.33558 1.47203 0.79817 0.549911 0.126856 0.210786
0.542505 -1.33544 1.46934 0.796511 0.551387 0.126298 0.21352
0.545084 -1.33528 1.46665 0.794842 0.55286 0.125734 0.216246
0.547661 -1.33511 1.46395 0.793162 0.55433 0.125165 0.218966
0.550235 -1.33493 1.46126 0.791471 0.555797 0.12459 0.221677
0.552807 -1.33474 1.45857 0.78977 0.55726 0.124009 0.224381
0.555376 -1.33454 1.45588 0.788057 0.55872 0.123423 0.227078
0.557942 -1.33432 1.45319 0.786335 0.560176 0.122832 0.229767
0.560505 -1.3341 1.45049 0.784601 0.561629 0.122235 0.232448
0.563066 -1.33386 1.4478 0.782857 0.563079 0.121632 0.235121
0.565624 -1.33361 1.44511 0.781103 0.564525 0.121024 0.237787
0.568179 -1.33334 1.44241 0.779338 0.565968 0.12041 0.240444
0.570731 -1.33307 1.43972 0.777563 0.567408 0.119791 0.243094
0.57328 -1.33278 1.43702 0.775777 0.568844 0.119166 0.245736
0.575827 -1.33248 1.43433 0.773981 0.570276 0.118536 0.24837
0.57837 -1.33217 1.43163 0.772175 0.571705 0.1179 0.250996
0.58091 -1.33185 1.42894 0.770358 0.57313 0.117259 0.253613
0.583447 -1.33152 1.42625 0.768532 0.574552 0.116612 0.256223
0.58598 -1.33117 1.42355 0.766695 0.575971 0.11596 0.258825
0.588511 -1.33082 1.42086 0.764848 0.577386 0.115302 0.261418
0.591038 -1.33045 1.41816 0.762991 0.578797 0.114639 0.264003
0.593562 -1.33007 1.41547 0.761123 0.580204 0.11397 0.26658
0.596083 -1.32968 1.41277 0.759246 0.581608 0.113296 0.269148
0.5986 -1.32927 1.41008 0.757359 0.583009 0.112617 0.271709
0.601114 -1.32886 1.40739 0.755462 0.584406 0.111932 0.27426
0.603625 -1.32843 1.40469 0.753555 0.585799 0.111241 0.276804
0.606132 -1.328 1.402 0.751638 0.587188 0.110546 0.279338
0.608635 -1.32755 1.3993 0.749712 0.588574 0.109844 0.281865
0.611135 -1.32709 1.39661 0.747775 0.589956 0.109138 0.284382
0.613631 -1.32662 1.39392 0.745829 0.591334 0.108426 0.286891
0.616124 -1.32614 1.39122 0.743874 0.592708 0.107708 0.289392
0.618613 -1.32564 1.38853 0.741908 0.594079 0.106986 0.291884
0.621098 -1.32514 1.38584 0.739934 0.595446 0.106258 0.294367
0.623579 -1.32462 1.38315 0.737949 0.596809 0.105524 0.296841
0.626057 -1.32409 1.38045 0.735955 0.598168 0.104785 0.299306
0.62853 -1.32356 1.37776 0.733952 0.599524 0.104041 0.301763
0.631 -1.32301 1.37507 0.73194 0.600875 0.103291 0.30421
0.633466 -1.32245 1.37238 0.729918 0.602223 0.102537 0.306649
0.635928 -1.32188 1.36969 0.727886 0.603567 0.101776 0.309079
0.638386 -1.32129 1.367 0.725846 0.604907 0.101011 0.3115
0.64084 -1.3207 1.36431 0.723796 0.606243 0.10024 0.313911
0.64329 -1.3201 1.36162 0.721737 0.607575 0.0994637 0.316314
0.645735 -1.31948 1.35893 0.719669 0.608903 0.0986823 0.318707
0.648177 -1.31886 1.35625 0.717592 0.610228 0.0978956 0.321092
0.650614 -1.31822 1.35356 0.715506 0.611548 0.0971036 0.323467
0.653047 -1.31757 1.35087 0.713411 0.612864 0.0963063 0.325833
0.655476 -1.31691 1.34819 0.711307 0.614176 0.0955038 0.328189
0.657901 -1.31625 1.3455 0.709195 0.615485 0.094696 0.330537
0.660321 -1.31557 1.34282 0.707073 0.616789 0.093883 0.332875
0.662736 -1.31488 1.34013 0.704943 0.618089 0.0930648 0.335203
0.665148 -1.31418 1.33745 0.702803 0.619385 0.0922413 0.337522
0.667555 -1.31347 1.33476 0.700656 0.620677 0.0914126 0.339832
0.669957 -1.31275 1.33208 0.698499 0.621965 0.0905787 0.342132
0.672355 -1.31201 1.3294 0.696334 0.623249 0.0897396 0.344423
0.674749 -1.31127 1.32672 0.69416 0.624528 0.0888954 0.346704
0.677137 -1.31052 1.32404 0.691978 0.625804 0.0880459 0.348975
0.679522 -1.30976 1.32136 0.689788 0.627075 0.0871913 0.351237
0.681901 -1.30898 1.31868 0.687589 0.628342 0.0863315 0.353489
0.684276 -1.3082 1.316 0.685382 0.629605 0.0854666 0.355731
0.686646 -1.30741 1.31333 0.683166 0.630864 0.0845965 0.357964
0.689011 -1.3066 1.31065 0.680942 0.632118 0.0837213 0.360187
0.691372 -1.30579 1.30797 0.67871 0.633368 0.082841 0.3624
0.693728 -1.30496 1.3053 0.67647 0.634614 0.0819556 0.364604
0.696079 -1.30413 1.30263 0.674222 0.635856 0.0810651 0.366797
0.698425 -1.30329 1.29995 0.671966 0.637094 0.0801694 0.36898
0.700766 -1.30243 1.29728 0.669701 0.638327 0.0792687 0.371154
0.703102 -1.30157 1.29461 0.667429 0.639556 0.0783629 0.373318
0.705433 -1.30069 1.29194 0.665149 0.64078 0.0774521 0.375471
0.707759 -1.29981 1.28927 0.662861 0.642 0.0765362 0.377615
0.71008 -1.29891 1.2866 0.660565 0.643216 0.0756153 0.379748
0.712396 -1.29801 1.28394 0.658262 0.644428 0.0746893 0.381871
0.714707 -1.2971 1.28127 0.655951 0.645635 0.0737583 0.383985
0.717013 -1.29617 1.27861 0.653632 0.646837 0.0728223 0.386088
0.719313 -1.29524 1.27594 0.651306 0.648035 0.0718813 0.388181
0.721608 -1.2943 1.27328 0.648972 0.649229 0.0709353 0.390263
0.723898 -1.29335 1.27062 0.64663 0.650419 0.0699843 0.392336
0.726183 -1.29238 1.26796 0.644281 0.651603 0.0690284 0.394398
0.728463 -1.29141 1.2653 0.641925 0.652784 0.0680674 0.39645
0.730737 -1.29043 1.26264 0.639561 0.65396 0.0671016 0.398491
0.733006 -1.28944 1.25998 0.63719 0.655131 0.0661308 0.400522
0.735269 -1.28844 1.25733 0.634812 0.656298 0.065155 0.402543
0.737527 -1.28743 1.25467 0.632427 0.657461 0.0641744 0.404553
0.73978 -1.28641 1.25202 0.630035 0.658618 0.0631888 0.406553
0.742027 -1.28539 1.24937 0.627635 0.659772 0.0621984 0.408542
0.744268 -1.28435 1.24671 0.625229 0.66092 0.061203 0.410521
0.746504 -1.2833 1.24406 0.622815 0.662065 0.0602028 0.412489
0.748735 -1.28225 1.24141 0.620395 0.663204 0.0591977 0.414447
0.750959 -1.28118 1.23877 0.617968 0.664339 0.0581878 0.416394
0.753179 -1.28011 1.23612 0.615534 0.665469 0.057173 0.418331
0.755392 -1.27902 1.23347 0.613093 0.666595 0.0561533 0.420256
0.7576 -1.27793 1.23083 0.610645 0.667716 0.0551289 0.422171
0.759802 -1.27683 1.22819 0.608191 0.668832 0.0540997 0.424076
0.761999 -1.27572 1.22555 0.60573 0.669944 0.0530656 0.42597
0.764189 -1.2746 1.22291 0.603263 0.671051 0.0520268 0.427852
0.766374 -1.27347 1.22027 0.600789 0.672153 0.0509832 0.429725
0.768553 -1.27234 1.21763 0.598309 0.673251 0.0499348 0.431586
0.770726 -1.27119 1.21499 0.595822 0.674343 0.0488816 0.433436
0.772894 -1.27004 1.21236 0.593329 0.675432 0.0478238 0.435276
0.775055 -1.26887 1.20972 0.59083 0.676515 0.0467612 0.437105
0.777211 -1.2677 1.20709 0.588325 0.677593 0.0456938 0.438923
0.77936 -1.26652 1.20446 0.585813 0.678667 0.0446218 0.44073
0.781504 -1.26533 1.20183 0.583296 0.679736 0.0435451 0.442526
0.783641 -1.26413 1.1992 0.580772 0.6808 0.0424637 0.444311
0.785773 -1.26293 1.19658 0.578242 0.68186 0.0413776 0.446085
0.787898 -1.26171 1.19395 0.575706 0.682914 0.0402868 0.447848
0.790018 -1.26049 1.19133 0.573165 0.683964 0.0391915 0.4496
0.792131 -1.25926 1.18871 0.570618 0.685008 0.0380914 0.45134
0.794238 -1.25802 1.18609 0.568064 0.686048 0.0369868 0.45307
0.796339 -1.25677 1.18347 0.565505 0.687083 0.0358775 0.454789
0.798434 -1.25551 1.18085 0.562941 0.688113 0.0347636 0.456496
0.800523 -1.25425 1.17823 0.560371 0.689139 0.0336452 0.458193
0.802605 -1.25298 1.17562 0.557795 0.690159 0.0325222 0.459878
0.804681 -1.25169 1.173 0.555214 0.691174 0.0313946 0.461552
0.806751 -1.2504 1.17039 0.552627 0.692185 0.0302624 0.463215
0.808815 -1.24911 1.16778 0.550035 0.69319 0.0291257 0.464866
0.810872 -1.2478 1.16517 0.547438 0.694191 0.0279845 0.466507
0.812923 -1.24649 1.16256 0.544835 0.695186 0.0268388 0.468136
0.814968 -1.24517 1.15996 0.542227 0.696177 0.0256885 0.469753
0.817006 -1.24384 1.15735 0.539614 0.697162 0.0245338 0.47136
0.819038 -1.2425 1.15475 0.536996 0.698142 0.0233746 0.472955
0.821063 -1.24115 1.15215 0.534372 0.699118 0.022211 0.474539
0.823082 -1.2398 1.14955 0.531744 0.700088 0.0210428 0.476111
0.825094 -1.23844 1.14695 0.529111 0.701054 0.0198703 0.477672
0.8271 -1.23707 1.14435 0.526473 0.702014 0.0186933 0.479222
0.8291 -1.23569 1.14176 0.52383 0.702969 0.0175119 0.48076
0.831092 -1.23431 1.13917 0.521182 0.703919 0.0163261 0.482286
0.833079 -1.23292 1.13657 0.51853 0.704864 0.0151359 0.483802
0.835058 -1.23152 1.13398 0.515873 0.705804 0.0139414 0.485306
0.837032 -1.23011 1.1314 0.513211 0.706739 0.0127424 0.486798
0.838998 -1.2287 1.12881 0.510545 0.707669 0.0115392 0.488279
0.840958 -1.22727 1.12622 0.507874 0.708593 0.0103316 0.489748
0.842911 -1.22585 1.12364 0.505199 0.709512 0.00911962 0.491206
0.844857 -1.22441 1.12106 0.50252 0.710427 0.00790338 0.492652
0.846797 -1.22296 1.11848 0.499836 0.711336 0.00668284 0.494086
0.84873 -1.22151 1.1159 0.497148 0.712239 0.00545801 0.495509
0.850656 -1.22005 1.11332 0.494455 0.713138 0.00422892 0.496921
0.852576 -1.21859 1.11074 0.491759 0.714031 0.00299556 0.498321
0.854489 -1.21711 1.10817 0.489058 0.71492 0.00175797 0.499709
0.856394 -1.21563 1.1056 0.486354 0.715802 0.000516141 0.501085
0.858293 -1.21415 1.10303 0.483645 0.71668 -0.000729902 0.50245
0.860186 -1.21265 1.10046 0.480933 0.717553 -0.00198015 0.503803
0.862071 -1.21115 1.09789 0.478217 0.71842 -0.00323459 0.505145
0.863949 -1.20964 1.09533 0.475496 0.719282 -0.0044932 0.506475
0.865821 -1.20813 1.09276 0.472773 0.720138 -0.00575597 0.507793
0.867686 -1.2066 1.0902 0.470045 0.72099 -0.0070229 0.509099
0.869543 -1.20507 1.08764 0.467314 0.721836 -0.00829396 0.510394
0.871394 -1.20354 1.08508 0.464579 0.722677 -0.00956914 0.511677
0.873238 -1.20199 1.08252 0.461841 0.723512 -0.0108484 0.512948
0.875074 -1.20044 1.07997 0.459099 0.724342 -0.0121318 0.514208
0.876904 -1.19889 1.07741 0.456354 0.725167 -0.0134193 0.515455
0.878727 -1.19732 1.07486 0.453605 0.725986 -0.0147108 0.516691
0.880542 -1.19575 1.07231 0.450854 0.7268 -0.0160064 0.517915
0.882351 -1.19418 1.06976 0.448099 0.727609 -0.017306 0.519128
0.884152 -1.19259 1.06722 0.445341 0.728412 -0.0186096 0.520328
0.885947 -1.191 1.06467 0.442579 0.72921 -0.0199173 0.521517
0.887734 -1.18941 1.06213 0.439815 0.730002 -0.0212289 0.522694
0.889514 -1.1878 1.05959 0.437048 0.730789 -0.0225446 0.523859
0.891287 -1.18619 1.05705 0.434277 0.731571 -0.0238642 0.525012
0.893053 -1.18458 1.05451 0.431504 0.732347 -0.0251877 0.526153
0.894811 -1.18295 1.05197 0.428728 0.733118 -0.0265152 0.527283
0.896563 -1.18133 1.04944 0.42595 0.733883 -0.0278466 0.5284
0.898307 -1.17969 1.04691 0.423168 0.734643 -0.029182 0.529506
0.900044 -1.17805 1.04437 0.420384 0.735397 -0.0305212 0.5306
0.901774 -1.1764 1.04184 0.417598 0.736146 -0.0318643 0.531682
0.903496 -1.17475 1.03932 0.414808 0.73689 -0.0332112 0.532752
0.905211 -1.17309 1.03679 0.412017 0.737628 -0.0345621 0.53381
0.906919 -1.17142 1.03427 0.409223 0.73836 -0.0359167 0.534856
0.908619 -1.16975 1.03174 0.406426 0.739087 -0.0372752 0.53589
0.910313 -1.16807 1.02922 0.403628 0.739809 -0.0386375 0.536913
0.911998 -1.16639 1.02671 0.400827 0.740524 -0.0400036 0.537923
0.913677 -1.1647 1.02419 0.398024 0.741235 -0.0413734 0.538922
0.915348 -1.163 1.02167 0.395218 0.74194 -0.0427471 0.539908
0.917012 -1.1613 1.01916 0.392411 0.742639 -0.0441244 0.540883
0.918668 -1.15959 1.01665 0.389602 0.743332 -0.0455055 0.541846
0.920317 -1.15788 1.01414 0.386791 0.744021 -0.0468904 0.542796
0.921958 -1.15616 1.01163 0.383977 0.744703 -0.0482789 0.543735
0.923592 -1.15443 1.00912 0.381162 0.74538 -0.0496711 0.544662
0.925219 -1.1527 1.00662 0.378346 0.746051 -0.051067 0.545577
0.926838 -1.15097 1.00412 0.375527 0.746717 -0.0524666 0.54648
0.928449 -1.14922 1.00161 0.372707 0.747377 -0.0538698 0.547371
0.930053 -1.14748 0.999116 0.369885 0.748032 -0.0552766 0.54825
0.930666 -1.14678 0.999015 0.369128 0.748021 -0.0554717 0.548755
0.931278 -1.14609 0.998915 0.368369 0.748011 -0.0556667 0.549258
0.931889 -1.14539 0.998815 0.36761 0.748001 -0.0558617 0.549761
0.9325 -1.1447 0.998715 0.36685 0.74799 -0.0560566 0.550263
0.933109 -1.144 0.998615 0.36609 0.747979 -0.0562515 0.550764
0.933718 -1.14331 0.998516 0.365329 0.747969 -0.0564464 0.551264
0.934327 -1.14261 0.998416 0.364567 0.747958 -0.0566412 0.551762
0.934935 -1.14192 0.998316 0.363805 0.747947 -0.0568359 0.55226
0.935541 -1.14122 0.998217 0.363042 0.747936 -0.0570307 0.552757
0.936148 -1.14052 0.998117 0.362278 0.747925 -0.0572254 0.553253
0.936753 -1.13983 0.998018 0.361514 0.747914 -0.05742 0.553747
0.937358 -1.13913 0.997918 0.360749 0.747902 -0.0576146 0.554241
0.937962 -1.13843 0.997819 0.359984 0.747891 -0.0578092 0.554733
0.938566 -1.13773 0.99772 0.359217 0.747879 -0.0580037 0.555225
0.939168 -1.13703 0.997621 0.358451 0.747868 -0.0581982 0.555716
0.93977 -1.13633 0.997521 0.357683 0.747856 -0.0583926 0.556205
0.940372 -1.13563 0.997422 0.356915 0.747845 -0.058587 0.556694
0.940972 -1.13494 0.997324 0.356146 0.747833 -0.0587814 0.557181
0.941572 -1.13424 0.997225 0.355377 0.747821 -0.0589757 0.557668
0.942171 -1.13354 0.997126 0.354607 0.747809 -0.05917 0.558153
0.94277 -1.13283 0.997027 0.353837 0.747797 -0.0593642 0.558637
0.943367 -1.13213 0.996929 0.353065 0.747785 -0.0595584 0.559121
0.943964 -1.13143 0.99683 0.352294 0.747772 -0.0597525 0.559603
0.944561 -1.13073 0.996732 0.351521 0.74776 -0.0599466 0.560084
0.945156 -1.13003 0.996633 0.350748 0.747748 -0.0601407 0.560564
0.945751 -1.12933 0.996535 0.349974 0.747735 -0.0603347 0.561044
0.946345 -1.12863 0.996436 0.3492 0.747722 -0.0605287 0.561522
0.946939 -1.12792 0.996338 0.348425 0.74771 -0.0607226 0.561999
0.947531 -1.12722 0.99624 0.34765 0.747697 -0.0609165 0.562475
0.948123 -1.12652 0.996142 0.346874 0.747684 -0.0611104 0.56295
0.948715 -1.12581 0.996044 0.346097 0.747671 -0.0613042 0.563424
0.949305 -1.12511 0.995946 0.345319 0.747658 -0.061498 0.563897
0.949895 -1.1244 0.995848 0.344542 0.747645 -0.0616917 0.564369
0.950484 -1.1237 0.99575 0.343763 0.747632 -0.0618854 0.56484
0.951073 -1.12299 0.995653 0.342984 0.747618 -0.062079 0.56531
0.951661 -1.12229 0.995555 0.342204 0.747605 -0.0622726 0.565779
0.952248 -1.12158 0.995457 0.341424 0.747592 -0.0624662 0.566246
0.952834 -1.12088 0.99536 0.340643 0.747578 -0.0626597 0.566713
0.95342 -1.12017 0.995262 0.339861 0.747564 -0.0628532 0.567179
0.954005 -1.11947 0.995165 0.339079 0.747551 -0.0630466 0.567643
0.954589 -1.11876 0.995068 0.338296 0.747537 -0.06324 0.568107
0.955172 -1.11805 0.99497 0.337513 0.747523 -0.0634333 0.568569
0.955755 -1.11734 0.994873 0.336729 0.747509 -0.0636266 0.569031
0.956337 -1.11664 0.994776 0.335944 0.747495 -0.0638198 0.569491
0.956937 -1.11591 0.994698 0.335137 0.747472 -0.0640213 0.569973
0.957539 -1.11518 0.994622 0.334326 0.747449 -0.0642237 0.570457
0.958145 -1.11444 0.99455 0.333508 0.747424 -0.0644282 0.570946
0.958757 -1.1137 0.994486 0.332682 0.747395 -0.0646356 0.571442
0.959378 -1.11295 0.994431 0.331844 0.747362 -0.0648471 0.571948
0.960006 -1.11219 0.994385 0.330995 0.747326 -0.0650623 0.572463
0.960642 -1.11142 0.994347 0.330134 0.747285 -0.065281 0.572987
0.961285 -1.11064 0.994317 0.329264 0.747242 -0.0655029 0.573519
0.961934 -1.10985 0.994294 0.328385 0.747195 -0.0657278 0.574058
0.962588 -1.10906 0.994277 0.327497 0.747145 -0.0659554 0.574604
0.963247 -1.10826 0.994267 0.326602 0.747093 -0.0661854 0.575155
0.963911 -1.10746 0.994261 0.325699 0.747038 -0.0664175 0.575711
0.964578 -1.10665 0.994261 0.32479 0.746981 -0.0666516 0.576271
0.96525 -1.10583 0.994265 0.323873 0.746922 -0.0668878 0.576837
0.965926 -1.10501 0.994276 0.322948 0.74686 -0.0671263 0.577407
0.966607 -1.10418 0.994293 0.322015 0.746795 -0.0673675 0.577984
0.967295 -1.10334 0.994317 0.321072 0.746726 -0.0676115 0.578568
0.967989 -1.10249 0.994349 0.320119 0.746655 -0.0678587 0.579159
0.96869 -1.10164 0.994389 0.319155 0.746579 -0.0681091 0.579759
0.969399 -1.10078 0.994438 0.318179 0.7465 -0.0683632 0.580367
0.970115 -1.0999 0.994496 0.317191 0.746416 -0.068621 0.580985
0.970839 -1.09902 0.994564 0.31619 0.746329 -0.0688825 0.581612
0.971571 -1.09812 0.99464 0.315178 0.746237 -0.0691475 0.582247
0.97231 -1.09722 0.994725 0.314154 0.746141 -0.0694159 0.582891
0.973055 -1.09631 0.994818 0.313119 0.746042 -0.0696875 0.583542
0.973807 -1.09539 0.994919 0.312073 0.745939 -0.0699622 0.584201
0.974565 -1.09446 0.995027 0.311016 0.745832 -0.0702398 0.584867
0.975329 -1.09352 0.995143 0.309949 0.745722 -0.0705202 0.585539
0.976099 -1.09258 0.995267 0.308873 0.745609 -0.0708033 0.586218
0.976873 -1.09162 0.995397 0.307786 0.745493 -0.0710888 0.586903
0.977652 -1.09066 0.995533 0.30669 0.745373 -0.0713768 0.587593
0.978436 -1.0897 0.995676 0.305586 0.745251 -0.071667 0.588288
0.979224 -1.08872 0.995824 0.304472 0.745126 -0.0719592 0.588988
0.980015 -1.08774 0.995979 0.30335 0.744998 -0.0722535 0.589692
0.980811 -1.08676 0.996138 0.302221 0.744867 -0.0725495 0.5904
0.981609 -1.08576 0.996303 0.301084 0.744734 -0.0728472 0.591111
0.982411 -1.08477 0.996472 0.299939 0.744599 -0.0731465 0.591826
0.983215 -1.08376 0.996646 0.298787 0.744462 -0.0734472 0.592544
0.984021 -1.08276 0.996824 0.297629 0.744322 -0.0737492 0.593264
0.98483 -1.08174 0.997006 0.296465 0.744181 -0.0740523 0.593986
0.98564 -1.08073 0.997191 0.295295 0.744038 -0.0743564 0.59471
0.986452 -1.07971 0.99738 0.294119 0.743893 -0.0746614 0.595435
0.987265 -1.07868 0.997572 0.292938 0.743746 -0.0749672 0.596161
0.988079 -1.07765 0.997766 0.291752 0.743599 -0.0752736 0.596888
0.988893 -1.07662 0.997963 0.290562 0.74345 -0.0755805 0.597615
0.989707 -1.07559 0.998162 0.289368 0.743299 -0.0758878 0.598343
0.990522 -1.07455 0.998363 0.288169 0.743148 -0.0761953 0.599069
0.991336 -1.07351 0.998565 0.286968 0.742996 -0.076503 0.599795
0.99215 -1.07247 0.998769 0.285764 0.742843 -0.0768107 0.60052
0.992963 -1.07143 0.998974 0.284556 0.742689 -0.0771182 0.601243
0.993775 -1.07039 0.999179 0.283347 0.742535 -0.0774255 0.601965
0.994585 -1.06934 0.999384 0.282136 0.74238 -0.0777324 0.602685
0.995394 -1.0683 0.99959 0.280923 0.742225 -0.0780389 0.603402
0.996202 -1.06725 0.999796 0.279708 0.74207 -0.0783451 0.604117
0.997009 -1.0662 1 0.27849 0.741914 -0.0786514 0.604832
0.997815 -1.06515 1.00021 0.277269 0.741756 -0.0789578 0.605545
0.998623 -1.0641 1.00042 0.276042 0.741598 -0.0792647 0.606259
0.999431 -1.06304 1.00064 0.274811 0.741438 -0.0795722 0.606974
1.00024 -1.06198 1.00086 0.273573 0.741276 -0.0798806 0.60769
1.00105 -1.06091 1.00108 0.272329 0.741112 -0.0801902 0.608408
1.00187 -1.05984 1.00131 0.271077 0.740945 -0.080501 0.609128
1.00268 -1.05876 1.00154 0.269816 0.740776 -0.0808134 0.609852
1.00351 -1.05768 1.00178 0.268547 0.740604 -0.0811276 0.610579
1.00433 -1.05658 1.00202 0.267267 0.740429 -0.0814437 0.611311
1.00516 -1.05548 1.00228 0.265976 0.74025 -0.081762 0.612047
1.00599 -1.05437 1.00254 0.264674 0.740068 -0.0820826 0.612789
1.00683 -1.05325 1.0028 0.263359 0.739881 -0.0824058 0.613536
1.00768 -1.05212 1.00308 0.262031 0.739691 -0.0827318 0.614291
1.00853 -1.05098 1.00337 0.260689 0.739495 -0.0830608 0.615052
1.00939 -1.04983 1.00366 0.259332 0.739295 -0.0833929 0.615821
1.01026 -1.04866 1.00397 0.257959 0.73909 -0.0837284 0.616598
1.01113 -1.04748 1.00429 0.256569 0.738879 -0.0840673 0.617383
1.01201 -1.04629 1.00462 0.255162 0.738663 -0.08441 0.618178
1.0129 -1.04509 1.00496 0.253737 0.738441 -0.0847566 0.618982
1.0138 -1.04387 1.00531 0.252292 0.738212 -0.0851073 0.619797
1.01471 -1.04263 1.00568 0.250828 0.737977 -0.0854622 0.620622
1.01563 -1.04138 1.00606 0.249342 0.737736 -0.0858215 0.621458
1.01656 -1.04011 1.00646 0.247835 0.737487 -0.0861853 0.622305
1.0175 -1.03883 1.00687 0.246304 0.73723 -0.0865539 0.623165
1.01845 -1.03752 1.0073 0.244751 0.736966 -0.0869274 0.624036
1.01941 -1.0362 1.00774 0.243172 0.736694 -0.0873059 0.624921
1.02038 -1.03486 1.00821 0.241568 0.736414 -0.0876895 0.625819
1.02137 -1.0335 1.00869 0.239938 0.736125 -0.0880785 0.626731
1.02237 -1.03211 1.00918 0.238281 0.735828 -0.088473 0.627656
1.02338 -1.03071 1.0097 0.236595 0.735521 -0.088873 0.628596
1.0244 -1.02928 1.01023 0.234882 0.735205 -0.0892783 0.62955
1.02543 -1.02783 1.01078 0.233142 0.734881 -0.0896886 0.630516
1.02648 -1.02637 1.01135 0.231375 0.734548 -0.0901035 0.631495
1.02754 -1.02488 1.01194 0.229584 0.734207 -0.0905229 0.632484
1.0286 -1.02338 1.01254 0.227767 0.733859 -0.0909464 0.633485
1.02968 -1.02185 1.01315 0.225926 0.733502 -0.0913737 0.634494
1.03076 -1.02031 1.01378 0.224061 0.733138 -0.0918045 0.635513
1.03185 -1.01876 1.01443 0.222174 0.732767 -0.0922386 0.63654
1.03294 -1.01718 1.01508 0.220265 0.732389 -0.0926757 0.637574
1.03405 -1.01559 1.01575 0.218334 0.732005 -0.0931155 0.638615
1.03516 -1.01399 1.01644 0.216383 0.731614 -0.0935577 0.639662
1.03627 -1.01237 1.01713 0.214411 0.731216 -0.094002 0.640714
1.03739 -1.01073 1.01784 0.212421 0.730813 -0.0944483 0.64177
1.03852 -1.00909 1.01855 0.210412 0.730405 -0.0948962 0.64283
1.03964 -1.00743 1.01928 0.208385 0.729991 -0.0953455 0.643893
1.04077 -1.00576 1.02001 0.206341 0.729572 -0.0957959 0.644959
1.04191 -1.00408 1.02075 0.204282 0.729148 -0.0962471 0.646026
1.04304 -1.00238 1.0215 0.202206 0.728719 -0.096699 0.647094
1.04418 -1.00068 1.02226 0.200116 0.728287 -0.0971513 0.648162
1.04531 -0.998965 1.02303 0.198013 0.72785 -0.0976037 0.64923
1.04645 -0.997243 1.0238 0.195896 0.727409 -0.098056 0.650297
1.04759 -0.995512 1.02458 0.193767 0.726965 -0.098508 0.651362
1.04872 -0.993774 1.02536 0.191626 0.726518 -0.0989595 0.652425
1.04986 -0.99203 1.02615 0.189475 0.726068 -0.0994102 0.653485
1.05099 -0.990278 1.02694 0.187314 0.725615 -0.0998599 0.654541
1.05212 -0.988521 1.02773 0.185144 0.72516 -0.100309 0.655593
1.05325 -0.98676 1.02853 0.182966 0.724703 -0.100756 0.656641
1.05437 -0.984993 1.02933 0.18078 0.724244 -0.101201 0.657684
1.05549 -0.983223 1.03013 0.178588 0.723783 -0.101645 0.65872
1.05661 -0.981451 1.03093 0.176391 0.723322 -0.102087 0.65975
1.05772 -0.979675 1.03173 0.174189 0.722859 -0.102527 0.660774
1.05883 -0.977899 1.03253 0.171983 0.722395 -0.102964 0.661789
1.05993 -0.97612 1.03333 0.169772 0.721931 -0.103399 0.662799
1.06103 -0.974339 1.03414 0.167557 0.721463 -0.103832 0.663803
1.06212 -0.972555 1.03495 0.165336 0.720992 -0.104263 0.664803
1.06322 -0.970769 1.03578 0.163109 0.720517 -0.104693 0.6658
1.0643 -0.968979 1.03661 0.160875 0.720037 -0.105121 0.666795
1.06539 -0.967186 1.03746 0.158633 0.719551 -0.105547 0.667789
1.06647 -0.965389 1.03832 0.156384 0.719058 -0.105972 0.668782
1.06754 -0.963588 1.0392 0.154125 0.718557 -0.106396 0.669777
1.06862 -0.961782 1.0401 0.151857 0.718047 -0.106818 0.670774
1.06969 -0.959971 1.04103 0.149579 0.717527 -0.10724 0.671774
1.07076 -0.958155 1.04197 0.14729 0.716997 -0.10766 0.672778
1.07183 -0.956333 1.04295 0.144989 0.716455 -0.108079 0.673787
1.0729 -0.954505 1.04395 0.142676 0.715901 -0.108497 0.674802
1.07396 -0.95267 1.04499 0.14035 0.715333 -0.108914 0.675824
1.07503 -0.950829 1.04606 0.13801 0.714751 -0.109329 0.676854
1.07609 -0.94898 1.04716 0.135656 0.714153 -0.109744 0.677893
1.07715 -0.947123 1.0483 0.133286 0.71354 -0.110157 0.678941
1.07821 -0.945259 1.04949 0.1309 0.712909 -0.11057 0.68
1.07927 -0.943385 1.05071 0.128496 0.71226 -0.110981 0.681071
1.08033 -0.941502 1.05198 0.126075 0.711592 -0.11139 0.682154
1.08139 -0.93961 1.0533 0.123636 0.710904 -0.111799 0.68325
1.08245 -0.937708 1.05467 0.121176 0.710195 -0.112205 0.68436
1.0835 -0.935795 1.05609 0.118697 0.709464 -0.11261 0.685486
1.08456 -0.933871 1.05756 0.116195 0.708711 -0.113013 0.686627
1.08561 -0.931935 1.05909 0.113672 0.707933 -0.113414 0.687784
1.08666 -0.929987 1.06067 0.111125 0.707131 -0.113812 0.688959
1.08771 -0.928027 1.06232 0.108555 0.706303 -0.114208 0.690151
1.08876 -0.926053 1.06403 0.105959 0.705448 -0.114601 0.691363
1.08981 -0.924065 1.0658 0.103337 0.704566 -0.114992 0.692593
1.09086 -0.922063 1.06764 0.100688 0.703655 -0.115378 0.693844
1.0919 -0.920046 1.06955 0.098011 0.702714 -0.115762 0.695116
1.09295 -0.918013 1.07153 0.0953048 0.701743 -0.116141 0.696409
1.09399 -0.915964 1.07358 0.0925699 0.700741 -0.116516 0.697722
1.09502 -0.9139 1.07569 0.0898066 0.699711 -0.116885 0.699054
1.09606 -0.91182 1.07787 0.0870154 0.698653 -0.11725 0.700403
1.09708 -0.909725 1.08011 0.0841967 0.697568 -0.117608 0.701768
1.09811 -0.907615 1.08241 0.0813508 0.696457 -0.117961 0.703147
1.09912 -0.90549 1.08477 0.0784784 0.69532 -0.118306 0.704539
1.10013 -0.90335 1.08718 0.0755798 0.694158 -0.118644 0.705943
1.10113 -0.901196 1.08964 0.0726555 0.692973 -0.118975 0.707357
1.10213 -0.899027 1.09215 0.0697061 0.691766 -0.119298 0.70878
1.10312 -0.896844 1.09471 0.066732 0.690536 -0.119613 0.710211
1.10409 -0.894648 1.09732 0.0637338 0.689286 -0.119919 0.711648
1.10506 -0.892437 1.09997 0.0607122 0.688015 -0.120216 0.71309
1.10602 -0.890213 1.10265 0.0576675 0.686726 -0.120503 0.714535
1.10697 -0.887976 1.10538 0.0546006 0.685418 -0.120781 0.715983
1.1079 -0.885725 1.10814 0.0515119 0.684094 -0.121049 0.717433
1.10883 -0.883462 1.11093 0.0484021 0.682753 -0.121307 0.718882
1.10974 -0.881187 1.11375 0.0452719 0.681396 -0.121555 0.720329
1.11064 -0.8789 1.1166 0.0421219 0.680025 -0.121792 0.721774
1.11153 -0.876601 1.11948 0.0389529 0.678641 -0.122019 0.723215
1.11241 -0.874291 1.12238 0.0357656 0.677244 -0.122234 0.724651
1.11327 -0.87197 1.12531 0.0325607 0.675836 -0.122438 0.726081
1.11412 -0.869638 1.12825 0.029339 0.674417 -0.122631 0.727504
1.11496 -0.867296 1.1312 0.0261012 0.672989 -0.122813 0.728918
1.11578 -0.864945 1.13418 0.0228482 0.671552 -0.122983 0.730323
1.11659 -0.862584 1.13716 0.0195808 0.670107 -0.123142 0.731716
1.11738 -0.860215 1.14015 0.0162997 0.668656 -0.123289 0.733099
1.11816 -0.857837 1.14315 0.013006 0.667199 -0.123424 0.734468
1.11892 -0.855451 1.14616 0.00970033 0.665737 -0.123548 0.735823
1.11967 -0.853058 1.14916 0.00638372 0.664272 -0.12366 0.737164
1.1204 -0.850659 1.15217 0.00305705 0.662804 -0.123761 0.738488
1.12112 -0.848253 1.15518 -0.000278741 0.661334 -0.123851 0.739796
1.12183 -0.845841 1.15818 -0.00362271 0.659863 -0.123929 0.741086
1.12252 -0.843424 1.16118 -0.00697549 0.658391 -0.123995 0.74236
1.12319 -0.841 1.16418 -0.0103377 0.656914 -0.12405 0.743619
1.12385 -0.838571 1.16719 -0.01371 0.655432 -0.124092 0.744864
1.12449 -0.836134 1.17021 -0.0170932 0.653943 -0.124122 0.746096
1.12511 -0.83369 1.17325 -0.0204878 0.652446 -0.124139 0.747318
1.12572 -0.831239 1.1763 -0.0238947 0.650938 -0.124142 0.74853
1.12631 -0.82878 1.17938 -0.0273146 0.649419 -0.124131 0.749734
1.12689 -0.826313 1.18248 -0.0307483 0.647887 -0.124106 0.75093
1.12744 -0.823838 1.18561 -0.0341966 0.646339 -0.124065 0.75212
1.12797 -0.821353 1.18878 -0.0376604 0.644775 -0.124009 0.753305
1.12849 -0.818859 1.19198 -0.0411404 0.643194 -0.123937 0.754486
1.12898 -0.816354 1.19522 -0.0446376 0.641592 -0.123847 0.755664
1.12945 -0.81384 1.19851 -0.0481528 0.63997 -0.12374 0.756841
1.1299 -0.811314 1.20184 -0.051687 0.638325 -0.123615 0.758017
1.13033 -0.808776 1.20523 -0.0552411 0.636655 -0.12347 0.759193
1.13074 -0.806226 1.20866 -0.058816 0.634959 -0.123306 0.76037
1.13111 -0.803663 1.21216 -0.0624128 0.633236 -0.12312 0.76155
1.13147 -0.801086 1.21572 -0.0660323 0.631484 -0.122913 0.762732
1.13179 -0.798495 1.21934 -0.0696757 0.629701 -0.122682 0.763918
1.13209 -0.795889 1.22304 -0.0733439 0.627886 -0.122428 0.765109
1.13236 -0.793267 1.2268 -0.0770381 0.626036 -0.122149 0.766305
1.13259 -0.790628 1.23064 -0.0807592 0.624151 -0.121845 0.767507
1.1328 -0.787971 1.23455 -0.0845084 0.622229 -0.121513 0.768715
1.13297 -0.785296 1.23855 -0.0882868 0.620269 -0.121152 0.769931
1.13311 -0.782602 1.24264 -0.0920955 0.618268 -0.120763 0.771155
1.13321 -0.779888 1.24681 -0.0959357 0.616225 -0.120342 0.772386
1.13327 -0.777152 1.25107 -0.0998084 0.614139 -0.119889 0.773627
1.13329 -0.774394 1.25543 -0.103715 0.612008 -0.119403 0.774876
1.13327 -0.771613 1.25988 -0.107657 0.60983 -0.118882 0.776135
1.13321 -0.768808 1.26443 -0.111634 0.607604 -0.118324 0.777403
1.1331 -0.765977 1.26909 -0.115649 0.605328 -0.117728 0.77868
1.13294 -0.763119 1.27385 -0.119703 0.603001 -0.117093 0.779968
1.13274 -0.760234 1.27872 -0.123795 0.600624 -0.116417 0.781263
1.13249 -0.757322 1.28368 -0.127924 0.5982 -0.115701 0.782564
1.13219 -0.754384 1.28873 -0.13209 0.595729 -0.114944 0.783867
1.13183 -0.751418 1.29387 -0.136293 0.593214 -0.114145 0.78517
1.13164 -0.749923 1.29649 -0.13841 0.591935 -0.113728 0.785825
1.13143 -0.748424 1.29909 -0.14053 0.590657 -0.113304 0.786472
1.13121 -0.746916 1.30175 -0.142665 0.589357 -0.112866 0.787125
1.13098 -0.745404 1.3044 -0.144802 0.588058 -0.112422 0.78777
1.13073 -0.743882 1.30709 -0.146954 0.586739 -0.111962 0.78842
1.13047 -0.742357 1.30977 -0.149108 0.58542 -0.111497 0.789062
1.13019 -0.740821 1.3125 -0.151276 0.584083 -0.111016 0.789708
1.12991 -0.739282 1.31522 -0.153447 0.582746 -0.110529 0.790345
1.12961 -0.737733 1.31797 -0.155631 0.58139 -0.110028 0.790986
1.12929 -0.73618 1.32072 -0.157817 0.580035 -0.109519 0.791618
1.12897 -0.734618 1.32351 -0.160017 0.578663 -0.108996 0.792252
1.12863 -0.733052 1.32629 -0.162219 0.577291 -0.108466 0.792878
1.12827 -0.731476 1.32911 -0.164434 0.575903 -0.107922 0.793505
1.12791 -0.729897 1.33192 -0.166651 0.574515 -0.107371 0.794123
1.12753 -0.728308 1.33476 -0.168881 0.573112 -0.106805 0.794742
1.12713 -0.726716 1.33759 -0.171112 0.571709 -0.106232 0.795351
1.12673 -0.725114 1.34045 -0.173356 0.570292 -0.105645 0.795961
1.12631 -0.723509 1.34331 -0.175602 0.568875 -0.10505 0.796561
1.12587 -0.721895 1.3462 -0.177859 0.567444 -0.104442 0.797161
1.12542 -0.720276 1.34908 -0.180118 0.566015 -0.103826 0.79775
1.12496 -0.718649 1.35198 -0.182388 0.564572 -0.103197 0.798338
1.12449 -0.717018 1.35488 -0.184661 0.56313 -0.102559 0.798916
1.124 -0.715379 1.3578 -0.186943 0.561675 -0.101909 0.799492
1.1235 -0.713736 1.36071 -0.189228 0.560222 -0.10125 0.800058
1.12298 -0.712084 1.36364 -0.191522 0.558757 -0.100578 0.800621
1.12245 -0.710429 1.36657 -0.193819 0.557293 -0.0998989 0.801173
1.12191 -0.708765 1.36952 -0.196124 0.555819 -0.0992062 0.801722
1.12136 -0.707098 1.37246 -0.198432 0.554346 -0.0985058 0.802261
1.12079 -0.705423 1.37542 -0.200749 0.552863 -0.0977923 0.802795
1.12021 -0.703744 1.37837 -0.203067 0.551381 -0.0970711 0.803318
1.11961 -0.702058 1.38133 -0.205393 0.549891 -0.0963372 0.803836
1.119 -0.700368 1.38429 -0.207722 0.548401 -0.0955955 0.804344
1.11838 -0.698671 1.38726 -0.210057 0.546904 -0.0948413 0.804846
1.11774 -0.69697 1.39022 -0.212395 0.545408 -0.0940793 0.805337
1.1171 -0.695262 1.3932 -0.21474 0.543906 -0.0933051 0.805821
1.11644 -0.693551 1.39616 -0.217086 0.542404 -0.092523 0.806295
1.11576 -0.691833 1.39914 -0.219438 0.540896 -0.0917291 0.806761
1.11508 -0.690111 1.40211 -0.221793 0.53939 -0.0909273 0.807217
1.11438 -0.688383 1.40508 -0.224153 0.537878 -0.090114 0.807664
1.11367 -0.686652 1.40805 -0.226514 0.536368 -0.0892928 0.808101
1.11294 -0.684915 1.41102 -0.228881 0.534854 -0.0884605 0.808529
1.11221 -0.683174 1.41399 -0.231249 0.533341 -0.0876203 0.808946
1.11146 -0.681428 1.41696 -0.233622 0.531824 -0.0867693 0.809355
1.1107 -0.679678 1.41992 -0.235996 0.530309 -0.0859104 0.809751
1.10992 -0.677924 1.42288 -0.238374 0.528792 -0.0850412 0.810139
1.10914 -0.676166 1.42584 -0.240753 0.527276 -0.0841641 0.810515
1.10834 -0.674404 1.42879 -0.243135 0.525758 -0.0832771 0.810881
1.10754 -0.672638 1.43174 -0.245519 0.524242 -0.0823821 0.811236
1.10672 -0.670868 1.43468 -0.247905 0.522726 -0.0814778 0.81158
1.10589 -0.669095 1.43761 -0.250293 0.521211 -0.0805655 0.811913
1.10504 -0.667318 1.44054 -0.252682 0.519695 -0.0796443 0.812235
1.10419 -0.665538 1.44347 -0.255072 0.518182 -0.0787152 0.812545
1.10333 -0.663754 1.44638 -0.257464 0.51667 -0.0777776 0.812844
1.10245 -0.661968 1.44929 -0.259856 0.515159 -0.0768322 0.813131
1.10157 -0.660179 1.45219 -0.262249 0.513651 -0.0758789 0.813407
1.10067 -0.658387 1.45509 -0.264643 0.512144 -0.0749178 0.813671
1.09977 -0.656592 1.45797 -0.267038 0.510638 -0.0739485 0.813923
1.09885 -0.654794 1.46085 -0.269433 0.509135 -0.0729714 0.814164
1.09792 -0.652993 1.46372 -0.27183 0.507632 -0.071986 0.814393
1.09699 -0.65119 1.46659 -0.274227 0.506132 -0.0709929 0.81461
1.09604 -0.649383 1.46944 -0.276625 0.504632 -0.0699911 0.814817
1.09508 -0.647573 1.47229 -0.279023 0.503135 -0.0689816 0.815011
1.09411 -0.64576 1.47514 -0.281423 0.501638 -0.0679633 0.815194
1.09313 -0.643945 1.47797 -0.283823 0.500142 -0.0669372 0.815366
1.09213 -0.642126 1.4808 -0.286224 0.498647 -0.0659021 0.815526
1.09113 -0.640304 1.48363 -0.288626 0.497155 -0.0648592 0.815675
1.09011 -0.638479 1.48645 -0.291029 0.495662 -0.0638071 0.815813
1.08909 -0.636652 1.48926 -0.293432 0.494171 -0.0627473 0.815939
1.08805 -0.63482 1.49206 -0.295837 0.492679 -0.0616778 0.816054
1.087 -0.632986 1.49486 -0.298242 0.49119 -0.0606007 0.816157
1.08594 -0.631148 1.49766 -0.300649 0.4897 -0.0595138 0.816249
1.08487 -0.629308 1.50045 -0.303055 0.488212 -0.0584191 0.816329
1.08378 -0.627464 1.50324 -0.305464 0.486723 -0.0573143 0.816399
1.08269 -0.625618 1.50602 -0.307873 0.485237 -0.0562019 0.816456
1.08158 -0.623767 1.50879 -0.310283 0.483749 -0.055079 0.816503
1.08046 -0.621914 1.51156 -0.312693 0.482263 -0.0539485 0.816538
1.07933 -0.620056 1.51433 -0.315106 0.480775 -0.0528073 0.816563
1.07818 -0.618197 1.51709 -0.317518 0.47929 -0.0516584 0.816575
1.07703 -0.616332 1.51985 -0.319932 0.477803 -0.0504984 0.816577
1.07586 -0.614466 1.5226 -0.322346 0.476318 -0.0493308 0.816566
1.07468 -0.612595 1.52535 -0.324763 0.474831 -0.0481519 0.816545
1.07348 -0.610722 1.52809 -0.327179 0.473347 -0.0469653 0.816512
1.07228 -0.608844 1.53084 -0.329597 0.471859 -0.045767 0.816468
1.07106 -0.606964 1.53357 -0.332015 0.470375 -0.0445611 0.816412
1.06982 -0.605078 1.53631 -0.334436 0.468887 -0.0433431 0.816345
1.06858 -0.603191 1.53903 -0.336855 0.467402 -0.0421176 0.816266
1.06732 -0.601298 1.54176 -0.339278 0.465914 -0.0408796 0.816176
1.06605 -0.599404 1.54448 -0.341699 0.464428 -0.039634 0.816074
1.06476 -0.597504 1.54721 -0.344124 0.462939 -0.0383757 0.815962
1.06347 -0.595602 1.54992 -0.346548 0.461452 -0.0371097 0.815837
1.06215 -0.593694 1.55264 -0.348975 0.459962 -0.0358307 0.815701
1.06083 -0.591785 1.55535 -0.3514 0.458474 -0.034544 0.815552
1.05949 -0.58987 1.55806 -0.353829 0.456983 -0.0332438 0.815393
1.05814 -0.587953 1.56076 -0.356257 0.455494 -0.031936 0.815222
1.05677 -0.58603 1.56347 -0.358688 0.454001 -0.0306144 0.815039
1.05539 -0.584105 1.56617 -0.361118 0.45251 -0.0292851 0.814844
1.05399 -0.582174 1.56887 -0.363551 0.451015 -0.0279416 0.814638
1.05258 -0.580241 1.57156 -0.365982 0.449523 -0.0265904 0.814419
1.05116 -0.578301 1.57426 -0.368418 0.448026 -0.0252246 0.814189
1.04972 -0.576361 1.57694 -0.370851 0.446532 -0.0238512 0.813947
1.04826 -0.574413 1.57964 -0.373289 0.445033 -0.0224627 0.813693
1.0468 -0.572464 1.58232 -0.375724 0.443537 -0.0210665 0.813426
1.04531 -0.570508 1.58501 -0.378164 0.442036 -0.0196549 0.813148
1.04381 -0.56855 1.58769 -0.380601 0.440538 -0.0182357 0.812857
1.04229 -0.566585 1.59037 -0.383043 0.439033 -0.0168005 0.812555
1.04077 -0.564619 1.59305 -0.385482 0.437533 -0.0153577 0.812239
1.03922 -0.562646 1.59573 -0.387926 0.436026 -0.0138986 0.811912
1.03766 -0.560671 1.5984 -0.390367 0.434523 -0.0124318 0.811572
1.03608 -0.558688 1.60108 -0.392813 0.433013 -0.0109482 0.81122
1.03449 -0.556705 1.60375 -0.395256 0.431507 -0.00945699 0.810854
1.03287 -0.554713 1.60642 -0.397704 0.429994 -0.0079486 0.810477
1.03125 -0.55272 1.60909 -0.400148 0.428485 -0.00643246 0.810087
1.0296 -0.550719 1.61176 -0.402598 0.426969 -0.00489874 0.809684
1.02794 -0.548717 1.61442 -0.405044 0.425457 -0.00335725 0.809268
1.02626 -0.546707 1.61709 -0.407495 0.423938 -0.00179774 0.808839
1.02457 -0.544695 1.61975 -0.409943 0.422423 -0.000230426 0.808397
1.02286 -0.542675 1.62242 -0.412396 0.4209 0.00135536 0.807942
1.02113 -0.540654 1.62508 -0.414846 0.419381 0.00294896 0.807473
1.01938 -0.538624 1.62774 -0.4173 0.417855 0.0045615 0.806992
1.01762 -0.536594 1.63039 -0.419751 0.416333 0.00618188 0.806497
1.01584 -0.534555 1.63305 -0.422207 0.414804 0.00782096 0.805989
1.01404 -0.532515 1.6357 -0.424658 0.413279 0.00946789 0.805466
1.01222 -0.530466 1.63836 -0.427114 0.411747 0.0111333 0.804931
1.01039 -0.528417 1.641 -0.429566 0.41022 0.0128065 0.804381
1.00854 -0.52636 1.64365 -0.432021 0.408687 0.014498 0.803817
1.00668 -0.524303 1.64629 -0.434473 0.407158 0.0161973 0.803239
1.00479 -0.522237 1.64893 -0.436927 0.405624 0.0179145 0.802648
1.00289 -0.520172 1.65156 -0.439377 0.404094 0.0196397 0.802041
1.00097 -0.518098 1.65419 -0.44183 0.402559 0.0213824 0.801421
0.999037 -0.516025 1.65681 -0.444278 0.401029 0.023133 0.800785
0.997083 -0.513944 1.65943 -0.446729 0.399494 0.024901 0.800136
0.995118 -0.511863 1.66204 -0.449174 0.397965 0.0266768 0.799472
0.993131 -0.509775 1.66465 -0.451622 0.396431 0.0284697 0.798793
0.991134 -0.507687 1.66725 -0.454064 0.394902 0.0302704 0.798099
0.989114 -0.505592 1.66984 -0.456508 0.39337 0.0320879 0.79739
0.987085 -0.503497 1.67243 -0.458947 0.391842 0.0339131 0.796666
0.985033 -0.501396 1.67501 -0.461386 0.390312 0.0357548 0.795928
0.982971 -0.499296 1.67758 -0.46382 0.388787 0.0376043 0.795174
0.980888 -0.497189 1.68015 -0.466254 0.387259 0.0394698 0.794405
0.978795 -0.495082 1.6827 -0.468683 0.385737 0.0413431 0.793621
0.976681 -0.49297 1.68526 -0.471112 0.384212 0.0432321 0.792821
0.974557 -0.490858 1.6878 -0.473535 0.382693 0.0451288 0.792006
0.972413 -0.488741 1.69033 -0.475957 0.381173 0.0470408 0.791176
0.970258 -0.486624 1.69285 -0.478374 0.379657 0.0489606 0.79033
0.968083 -0.484502 1.69537 -0.480789 0.378141 0.0508953 0.789469
0.965899 -0.482381 1.69787 -0.483198 0.376631 0.0528377 0.788592
0.963695 -0.480256 1.70037 -0.485605 0.37512 0.0547946 0.787699
0.961481 -0.47813 1.70285 -0.488007 0.373614 0.0567592 0.786791
0.959248 -0.476001 1.70533 -0.490406 0.372109 0.0587379 0.785867
0.957005 -0.473872 1.70779 -0.492798 0.370609 0.0607242 0.784928
0.954744 -0.47174 1.71025 -0.495188 0.36911 0.0627243 0.783972
0.952473 -0.469608 1.71269 -0.497571 0.367616 0.0647318 0.783001
0.950184 -0.467473 1.71512 -0.499952 0.366124 0.0667528 0.782014
0.947886 -0.465339 1.71754 0.502325 -0.364637 -0.0687811 -0.781011
0.94557 -0.463202 1.71995 0.504695 -0.363152 -0.0708224 -0.779992
0.943244 -0.461066 1.72234 0.507057 -0.361673 -0.072871 -0.778958
0.940902 -0.458927 1.72473 0.509416 -0.360196 -0.0749321 -0.777907
0.93855 -0.456789 1.7271 0.511767 -0.358725 -0.0770005 -0.776841
0.936182 -0.454649 1.72946 0.514114 -0.357256 -0.079081 -0.775758
0.933805 -0.45251 1.7318 0.516454 -0.355793 -0.0811686 -0.77466
0.931412 -0.450369 1.73414 0.518788 -0.354333 -0.0832679 -0.773546
0.92901 -0.44823 1.73646 0.521115 -0.35288 -0.0853742 -0.772416
0.926593 -0.446089 1.73877 0.523436 -0.35143 -0.0874917 -0.77127
0.924166 -0.443949 1.74106 0.52575 -0.349986 -0.0896163 -0.770108
0.921725 -0.441808 1.74334 0.528057 -0.348546 -0.0917515 -0.76893
0.919275 -0.439669 1.7456 0.530357 -0.347112 -0.0938936 -0.767736
0.916812 -0.437529 1.74785 0.53265 -0.345682 -0.0960459 -0.766526
0.914339 -0.435391 1.75009 0.534935 -0.344259 -0.098205 -0.765301
0.911853 -0.433252 1.75231 0.537213 -0.342841 -0.100374 -0.76406
0.909359 -0.431115 1.75451 0.539483 -0.341429 -0.102549 -0.762803
0.904336 -0.426843 1.75888 0.544 -0.338622 -0.106926 -0.760241
0.901808 -0.424709 1.76104 0.546246 -0.337227 -0.109126 -0.758936
0.899272 -0.422576 1.76318 0.548484 -0.335839 -0.111332 -0.757616
0.89417 -0.418314 1.76743 0.552934 -0.333081 -0.115768 -0.754929
0.891604 -0.416186 1.76952 0.555146 -0.331712 -0.117997 -0.753562
0.889029 -0.414059 1.77161 0.557349 -0.33035 -0.120232 -0.75218
0.883853 -0.409812 1.77572 0.561728 -0.327646 -0.124723 -0.749369
0.881252 -0.407691 1.77775 0.563903 -0.326304 -0.126978 -0.747941
0.878643 -0.405573 1.77976 0.566069 -0.324969 -0.129239 -0.746497
0.876025 -0.403457 1.78176 0.568226 -0.323642 -0.131506 -0.745038
0.8734 -0.401344 1.78374 0.570372 -0.322322 -0.133779 -0.743564
0.868125 -0.397125 1.78765 0.574636 -0.319704 -0.138342 -0.74057
0.865476 -0.395019 1.78958 0.576753 -0.318406 -0.140633 -0.739051
0.86282 -0.392916 1.7915 0.57886 -0.317115 -0.142929 -0.737517
0.857484 -0.388718 1.79527 0.583043 -0.314555 -0.147538 -0.734403
0.854804 -0.386623 1.79713 0.585119 -0.313287 -0.149851 -0.732824
0.852117 -0.384532 1.79898 0.587185 -0.312026 -0.15217 -0.731231
0.846722 -0.380357 1.80262 0.591285 -0.309526 -0.156823 -0.727999
0.844014 -0.378274 1.80441 0.593319 -0.308288 -0.159157 -0.726361
0.841298 -0.376194 1.80619 0.595343 -0.307057 -0.161497 -0.724708
0.835846 -0.372044 1.80969 0.599357 -0.304618 -0.166191 -0.72136
0.83311 -0.369974 1.81141 0.601348 -0.30341 -0.168546 -0.719663
0.830367 -0.367907 1.81312 0.603327 -0.30221 -0.170906 -0.717953
0.824861 -0.363783 1.81649 0.607253 -0.299833 -0.17564 -0.714489
0.822098 -0.361726 1.81815 0.609199 -0.298656 -0.178015 -0.712735
0.819329 -0.359673 1.81979 0.611134 -0.297486 -0.180394 -0.710968
0.813771 -0.355577 1.82302 0.614969 -0.295171 -0.185166 -0.70739
0.810983 -0.353534 1.8246 0.61687 -0.294026 -0.187558 -0.70558
0.808189 -0.351495 1.82618 0.618758 -0.292888 -0.189955 -0.703756
0.802582 -0.347428 1.82927 0.6225 -0.290636 -0.194763 -0.700066
0.79977 -0.345401 1.83079 0.624353 -0.289522 -0.197173 -0.6982
0.796952 -0.343377 1.83229 0.626194 -0.288416 -0.199587 -0.69632
0.791299 -0.339341 1.83525 0.62984 -0.286228 -0.204428 -0.69252
0.788464 -0.337329 1.8367 0.631645 -0.285146 -0.206855 -0.6906
0.785623 -0.335321 1.83814 0.633437 -0.284072 -0.209285 -0.688666
0.779926 -0.331317 1.84096 0.636985 -0.281948 -0.214158 -0.684757
0.77707 -0.329322 1.84234 0.63874 -0.280899 -0.2166 -0.682783
0.774208 -0.32733 1.84371 0.640482 -0.279857 -0.219045 -0.680795
0.76847 -0.32336 1.8464 0.643929 -0.277799 -0.223947 -0.67678
0.765593 -0.321382 1.84771 0.645634 -0.276782 -0.226403 -0.674752
0.762712 -0.319408 1.84901 0.647325 -0.275773 -0.228863 -0.672712
0.756934 -0.315473 1.85156 0.650669 -0.273781 -0.233792 -0.668592
0.754039 -0.313512 1.85281 0.652322 -0.272797 -0.236261 -0.666512
0.751138 -0.311556 1.85404 0.653961 -0.271821 -0.238734 -0.66442
0.745325 -0.307657 1.85645 0.6572 -0.269895 -0.243688 -0.660198
0.742411 -0.305715 1.85763 0.6588 -0.268944 -0.246169 -0.658067
0.739494 -0.303777 1.8588 0.660386 -0.268002 -0.248654 -0.655924
0.733646 -0.299916 1.86108 0.663517 -0.266143 -0.253631 -0.651601
0.730716 -0.297993 1.86219 0.665063 -0.265226 -0.256123 -0.649421
0.727782 -0.296075 1.86328 0.666595 -0.264317 -0.258619 -0.647228
0.721903 -0.292253 1.86543 0.669617 -0.262525 -0.263617 -0.642807
0.718958 -0.290349 1.86647 0.671107 -0.261642 -0.266119 -0.640577
0.716009 -0.288451 1.8675 0.672583 -0.260767 -0.268624 -0.638336
0.710101 -0.284669 1.86951 0.675494 -0.259044 -0.273641 -0.633818
0.70418 -0.280907 1.87145 0.678347 -0.257354 -0.278666 -0.629253
0.698246 -0.277167 1.87332 0.681144 -0.255699 -0.2837 -0.62464
