0.553194 0.481737 1.13814 -0.499777 -0.531727 0.683525 -0.0168246
0.55323 0.481721 1.13818 -0.499757 -0.531711 0.68355 -0.0169019
0.553266 0.481705 1.13823 -0.499737 -0.531695 0.683575 -0.0169792
0.553302 0.481689 1.13827 -0.499717 -0.53168 0.6836 -0.0170565
0.553339 0.481673 1.13831 -0.499697 -0.531664 0.683625 -0.0171338
0.553375 0.481657 1.13836 -0.499677 -0.531648 0.68365 -0.017211
0.553411 0.481641 1.1384 -0.499657 -0.531632 0.683675 -0.0172883
0.553447 0.481625 1.13844 -0.499637 -0.531616 0.6837 -0.0173656
0.553483 0.481609 1.13849 -0.499617 -0.5316 0.683725 -0.0174429
0.553519 0.481593 1.13853 -0.499597 -0.531584 0.68375 -0.0175202
0.553555 0.481577 1.13857 -0.499577 -0.531568 0.683775 -0.0175974
0.553591 0.481561 1.13861 -0.499557 -0.531553 0.6838 -0.0176747
0.553628 0.481545 1.13866 -0.499537 -0.531537 0.683825 -0.017752
0.553664 0.481529 1.1387 -0.499517 -0.531521 0.68385 -0.0178293
0.5537 0.481513 1.13874 -0.499497 -0.531505 0.683875 -0.0179066
0.553736 0.481497 1.13879 -0.499477 -0.531489 0.6839 -0.0179839
0.553772 0.481481 1.13883 -0.499457 -0.531473 0.683925 -0.0180611
0.553808 0.481465 1.13887 -0.499437 -0.531457 0.68395 -0.0181384
0.553844 0.481449 1.13892 -0.499417 -0.531441 0.683974 -0.0182157
0.55388 0.481433 1.13896 -0.499397 -0.531425 0.683999 -0.018293
0.553917 0.481417 1.139 -0.499377 -0.531409 0.684024 -0.0183703
0.553953 0.481401 1.13904 -0.499357 -0.531393 0.684049 -0.0184475
0.553989 0.481385 1.13909 -0.499337 -0.531377 0.684074 -0.0185248
0.554025 0.481369 1.13913 -0.499317 -0.531361 0.684099 -0.0186021
0.554061 0.481353 1.13917 -0.499297 -0.531345 0.684124 -0.0186794
0.554097 0.481337 1.13922 -0.499277 -0.531329 0.684149 -0.0187566
0.554133 0.481321 1.13926 -0.499257 -0.531313 0.684174 -0.0188339
0.554169 0.481305 1.1393 -0.499236 -0.531297 0.684199 -0.0189112
0.554205 0.481289 1.13935 -0.499216 -0.531281 0.684224 -0.0189885
0.554241 0.481273 1.13939 -0.499196 -0.531265 0.684249 -0.0190658
0.554278 0.481257 1.13943 -0.499176 -0.531249 0.684274 -0.019143
0.554314 0.481241 1.13948 -0.499156 -0.531233 0.684299 -0.0192203
0.55435 0.481225 1.13952 -0.499136 -0.531217 0.684324 -0.0192976
0.554386 0.481209 1.13956 -0.499116 -0.531201 0.684349 -0.0193749
0.554422 0.481193 1.1396 -0.499095 -0.531185 0.684374 -0.0194525
0.554459 0.481177 1.13965 -0.499075 -0.531169 0.684399 -0.0195307
0.554495 0.48116 1.13969 -0.499054 -0.531152 0.684425 -0.0196098
0.554533 0.481143 1.13974 -0.499033 -0.531135 0.684451 -0.0196901
0.554571 0.481126 1.13978 -0.499012 -0.531118 0.684478 -0.019772
0.55461 0.481109 1.13983 -0.49899 -0.531101 0.684505 -0.0198558
0.55465 0.48109 1.13988 -0.498968 -0.531082 0.684533 -0.0199417
0.554691 0.481072 1.13993 -0.498945 -0.531064 0.684561 -0.0200301
0.554733 0.481052 1.13998 -0.498921 -0.531044 0.684591 -0.0201212
0.554777 0.481032 1.14003 -0.498897 -0.531024 0.684622 -0.0202155
0.554822 0.48101 1.14008 -0.498872 -0.531003 0.684654 -0.0203131
0.554869 0.480988 1.14014 -0.498845 -0.530981 0.684687 -0.0204144
0.554918 0.480965 1.1402 -0.498818 -0.530958 0.684721 -0.0205197
0.554969 0.480941 1.14026 -0.49879 -0.530934 0.684757 -0.0206294
0.555022 0.480915 1.14032 -0.498761 -0.530908 0.684795 -0.0207436
0.555077 0.480889 1.14039 -0.49873 -0.530882 0.684834 -0.0208628
0.555134 0.480861 1.14046 -0.498698 -0.530854 0.684875 -0.0209873
0.555194 0.480831 1.14053 -0.498665 -0.530825 0.684918 -0.0211173
0.555256 0.4808 1.1406 -0.49863 -0.530795 0.684963 -0.0212531
0.555322 0.480768 1.14068 -0.498593 -0.530762 0.68501 -0.0213951
0.55539 0.480734 1.14076 -0.498555 -0.530729 0.685059 -0.0215436
0.555461 0.480698 1.14085 -0.498516 -0.530693 0.68511 -0.0216988
0.555535 0.48066 1.14094 -0.498474 -0.530656 0.685164 -0.0218612
0.555613 0.48062 1.14103 -0.498431 -0.530617 0.68522 -0.0220309
0.555694 0.480579 1.14113 -0.498385 -0.530576 0.685279 -0.0222084
0.555779 0.480535 1.14123 -0.498338 -0.530533 0.685341 -0.0223939
0.555868 0.480489 1.14134 -0.498288 -0.530488 0.685406 -0.0225876
0.55596 0.480441 1.14145 -0.498237 -0.530441 0.685473 -0.0227901
0.556057 0.480391 1.14157 -0.498183 -0.530391 0.685543 -0.0230014
0.556157 0.480339 1.14169 -0.498126 -0.53034 0.685617 -0.023222
0.556262 0.480284 1.14182 -0.498068 -0.530285 0.685694 -0.0234522
0.556372 0.480226 1.14195 -0.498006 -0.530229 0.685774 -0.0236922
0.556485 0.480166 1.14209 -0.497942 -0.530169 0.685858 -0.0239417
0.556603 0.480104 1.14223 -0.497876 -0.530108 0.685944 -0.0242005
0.556725 0.480039 1.14238 -0.497807 -0.530044 0.686034 -0.0244683
0.556851 0.479972 1.14253 -0.497737 -0.529978 0.686126 -0.0247446
0.55698 0.479903 1.14269 -0.497664 -0.52991 0.686222 -0.0250293
0.557113 0.479832 1.14285 -0.497588 -0.529839 0.68632 -0.025322
0.557249 0.47976 1.14301 -0.497511 -0.529767 0.68642 -0.0256224
0.557389 0.479685 1.14318 -0.497432 -0.529693 0.686524 -0.0259302
0.557532 0.479608 1.14336 -0.497351 -0.529617 0.686629 -0.0262451
0.557678 0.47953 1.14354 -0.497268 -0.529539 0.686737 -0.0265667
0.557827 0.47945 1.14372 -0.497183 -0.529459 0.686847 -0.0268948
0.557978 0.479368 1.1439 -0.497096 -0.529378 0.686959 -0.0272291
0.558132 0.479285 1.14409 -0.497008 -0.529295 0.687074 -0.0275692
0.558289 0.479201 1.14428 -0.496918 -0.52921 0.68719 -0.0279149
0.558448 0.479115 1.14447 -0.496827 -0.529124 0.687307 -0.0282658
0.558609 0.479028 1.14467 -0.496734 -0.529037 0.687427 -0.0286216
0.558772 0.47894 1.14487 -0.49664 -0.528948 0.687548 -0.028982
0.558937 0.478851 1.14507 -0.496545 -0.528859 0.68767 -0.0293467
0.559104 0.47876 1.14527 -0.496448 -0.528768 0.687794 -0.0297154
0.559272 0.478669 1.14548 -0.496351 -0.528676 0.687919 -0.0300879
0.559442 0.478577 1.14569 -0.496252 -0.528582 0.688046 -0.0304637
0.559614 0.478484 1.1459 -0.496152 -0.528488 0.688173 -0.0308425
0.559786 0.478391 1.14611 -0.496051 -0.528393 0.688301 -0.0312242
0.559959 0.478297 1.14632 -0.49595 -0.528298 0.68843 -0.0316082
0.560134 0.478202 1.14654 -0.495848 -0.528201 0.68856 -0.0319945
0.560309 0.478107 1.14675 -0.495745 -0.528104 0.68869 -0.0323826
0.560485 0.478011 1.14697 -0.495641 -0.528007 0.688821 -0.0327722
0.560661 0.477915 1.14719 -0.495537 -0.527909 0.688953 -0.033163
0.560838 0.477819 1.1474 -0.495433 -0.52781 0.689084 -0.0335547
0.561015 0.477723 1.14762 -0.495328 -0.527711 0.689216 -0.0339471
0.561192 0.477627 1.14784 -0.495222 -0.527612 0.689348 -0.0343397
0.561369 0.47753 1.14806 -0.495117 -0.527513 0.68948 -0.0347323
0.561546 0.477434 1.14828 -0.495011 -0.527414 0.689612 -0.0351256
0.561724 0.477337 1.1485 -0.494905 -0.527314 0.689745 -0.03552
0.561902 0.47724 1.14872 -0.494798 -0.527213 0.689878 -0.0359163
0.562081 0.477142 1.14894 -0.49469 -0.527112 0.690012 -0.036315
0.562262 0.477044 1.14916 -0.494581 -0.527009 0.690147 -0.0367168
0.562445 0.476944 1.14939 -0.494471 -0.526906 0.690283 -0.0371223
0.562629 0.476844 1.14962 -0.49436 -0.526801 0.690421 -0.0375321
0.562816 0.476742 1.14985 -0.494247 -0.526694 0.69056 -0.0379468
0.563004 0.476639 1.15008 -0.494132 -0.526586 0.690701 -0.0383671
0.563196 0.476534 1.15032 -0.494015 -0.526476 0.690845 -0.0387934
0.56339 0.476427 1.15056 -0.493897 -0.526365 0.69099 -0.0392266
0.563588 0.476319 1.15081 -0.493776 -0.526251 0.691138 -0.0396671
0.563789 0.476209 1.15106 -0.493652 -0.526134 0.691289 -0.0401156
0.563995 0.476096 1.15131 -0.493526 -0.526016 0.691443 -0.0405727
0.564204 0.475981 1.15157 -0.493397 -0.525894 0.6916 -0.041039
0.564417 0.475864 1.15184 -0.493265 -0.52577 0.69176 -0.0415151
0.564635 0.475744 1.15211 -0.49313 -0.525642 0.691924 -0.0420017
0.564858 0.475621 1.15239 -0.492992 -0.525512 0.692091 -0.0424994
0.565086 0.475495 1.15268 -0.49285 -0.525378 0.692262 -0.0430087
0.565319 0.475366 1.15297 -0.492704 -0.52524 0.692438 -0.0435303
0.565558 0.475234 1.15327 -0.492555 -0.525099 0.692618 -0.0440648
0.565803 0.475098 1.15357 -0.492401 -0.524953 0.692802 -0.0446128
0.566054 0.474959 1.15389 -0.492243 -0.524804 0.692992 -0.045175
0.566312 0.474816 1.15421 -0.49208 -0.52465 0.693186 -0.0457519
0.566576 0.474669 1.15455 -0.491912 -0.524492 0.693385 -0.0463441
0.566848 0.474519 1.15489 -0.49174 -0.524328 0.69359 -0.0469523
0.567126 0.474364 1.15524 -0.491562 -0.52416 0.6938 -0.0475771
0.567412 0.474204 1.1556 -0.491379 -0.523987 0.694017 -0.0482191
0.567706 0.47404 1.15597 -0.49119 -0.523809 0.694239 -0.0488788
0.568008 0.473872 1.15635 -0.490996 -0.523624 0.694467 -0.049557
0.568318 0.473698 1.15675 -0.490795 -0.523435 0.694702 -0.0502542
0.568637 0.47352 1.15715 -0.490588 -0.523239 0.694944 -0.050971
0.568964 0.473337 1.15757 -0.490375 -0.523037 0.695191 -0.0517069
0.569299 0.473149 1.15799 -0.490156 -0.522829 0.695445 -0.0524611
0.569641 0.472957 1.15843 -0.489931 -0.522616 0.695706 -0.0532331
0.569991 0.47276 1.15887 -0.4897 -0.522398 0.695971 -0.0540222
0.570348 0.472559 1.15933 -0.489463 -0.522174 0.696243 -0.0548279
0.570712 0.472355 1.15979 -0.489221 -0.521945 0.696519 -0.0556495
0.571083 0.472146 1.16027 -0.488974 -0.521711 0.696801 -0.0564863
0.57146 0.471934 1.16075 -0.488721 -0.521472 0.697088 -0.0573378
0.571842 0.471718 1.16124 -0.488463 -0.521228 0.697379 -0.0582034
0.572231 0.471499 1.16174 -0.4882 -0.520979 0.697675 -0.0590824
0.572625 0.471276 1.16225 -0.487932 -0.520726 0.697976 -0.0599742
0.573023 0.471051 1.16276 -0.487659 -0.520469 0.69828 -0.0608781
0.573427 0.470822 1.16329 -0.487382 -0.520207 0.698588 -0.0617937
0.573835 0.470591 1.16381 -0.4871 -0.519941 0.6989 -0.0627202
0.574248 0.470357 1.16435 -0.486814 -0.519671 0.699215 -0.0636569
0.574664 0.470121 1.16489 -0.486524 -0.519398 0.699534 -0.0646034
0.575085 0.469883 1.16544 -0.486229 -0.51912 0.699855 -0.065559
0.575508 0.469642 1.16599 -0.485931 -0.51884 0.700179 -0.0665231
0.575935 0.4694 1.16655 -0.485629 -0.518556 0.700506 -0.0674949
0.576365 0.469155 1.16711 -0.485324 -0.518268 0.700835 -0.068474
0.576797 0.468909 1.16767 -0.485015 -0.517978 0.701166 -0.0694597
0.577231 0.468662 1.16824 -0.484703 -0.517685 0.7015 -0.0704514
0.577668 0.468413 1.16882 -0.484388 -0.517389 0.701835 -0.0714485
0.578106 0.468163 1.16939 -0.484071 -0.51709 0.702171 -0.0724503
0.578546 0.467912 1.16997 -0.48375 -0.516789 0.702509 -0.0734563
0.578987 0.46766 1.17056 -0.483427 -0.516486 0.702848 -0.0744657
0.579429 0.467408 1.17114 -0.483101 -0.516181 0.703188 -0.0754781
0.579871 0.467155 1.17173 -0.482774 -0.515874 0.703528 -0.0764927
0.580314 0.466901 1.17232 -0.482444 -0.515565 0.703869 -0.077509
0.580757 0.466648 1.17291 -0.482113 -0.515255 0.704211 -0.0785264
0.5812 0.466394 1.1735 -0.48178 -0.514944 0.704552 -0.0795441
0.581643 0.46614 1.17409 -0.481446 -0.514631 0.704893 -0.0805617
0.582085 0.465886 1.17468 -0.48111 -0.514317 0.705234 -0.0815798
0.582528 0.465632 1.17527 -0.480773 -0.514002 0.705576 -0.0825988
0.58297 0.465378 1.17587 -0.480433 -0.513685 0.705917 -0.0836195
0.583414 0.465122 1.17647 -0.480092 -0.513366 0.70626 -0.0846425
0.583858 0.464866 1.17706 -0.479748 -0.513044 0.706604 -0.0856683
0.584303 0.464609 1.17767 -0.479401 -0.512721 0.706948 -0.0866975
0.58475 0.464351 1.17827 -0.479052 -0.512394 0.707294 -0.0877309
0.585198 0.464091 1.17888 -0.478699 -0.512065 0.707641 -0.0887689
0.585648 0.46383 1.17949 -0.478344 -0.511733 0.707991 -0.0898122
0.586101 0.463567 1.18011 -0.477985 -0.511397 0.708342 -0.0908614
0.586555 0.463303 1.18073 -0.477622 -0.511058 0.708695 -0.0919171
0.587012 0.463036 1.18135 -0.477256 -0.510715 0.70905 -0.0929798
0.587472 0.462767 1.18198 -0.476885 -0.510368 0.709408 -0.0940503
0.587935 0.462495 1.18262 -0.47651 -0.510016 0.709769 -0.095129
0.588401 0.462221 1.18326 -0.47613 -0.509661 0.710133 -0.0962167
0.588871 0.461944 1.18391 -0.475745 -0.5093 0.7105 -0.0973138
0.589345 0.461665 1.18456 -0.475356 -0.508934 0.71087 -0.098421
0.589822 0.461382 1.18522 -0.474961 -0.508563 0.711244 -0.099539
0.590304 0.461095 1.18589 -0.47456 -0.508187 0.711621 -0.100668
0.59079 0.460806 1.18657 -0.474154 -0.507805 0.712003 -0.101809
0.591281 0.460512 1.18725 -0.473741 -0.507416 0.712388 -0.102963
0.591777 0.460215 1.18794 -0.473322 -0.507021 0.712778 -0.10413
0.592278 0.459914 1.18864 -0.472896 -0.50662 0.713173 -0.10531
0.592785 0.459608 1.18935 -0.472463 -0.506212 0.713572 -0.106504
0.593297 0.459299 1.19007 -0.472023 -0.505796 0.713976 -0.107714
0.593815 0.458984 1.1908 -0.471576 -0.505373 0.714385 -0.108939
0.594339 0.458665 1.19155 -0.471121 -0.504943 0.7148 -0.11018
0.594869 0.458341 1.1923 -0.470657 -0.504504 0.71522 -0.111437
0.595406 0.458012 1.19306 -0.470185 -0.504057 0.715645 -0.112712
0.595949 0.457678 1.19383 -0.469705 -0.503601 0.716077 -0.114005
0.596499 0.457339 1.19462 -0.469215 -0.503137 0.716514 -0.115316
0.597057 0.456994 1.19542 -0.468716 -0.502663 0.716958 -0.116646
0.597621 0.456643 1.19623 -0.468208 -0.50218 0.717408 -0.117994
0.598192 0.456287 1.19705 -0.467691 -0.501688 0.717864 -0.11936
0.598769 0.455927 1.19788 -0.467165 -0.501187 0.718325 -0.120743
0.599352 0.455561 1.19872 -0.466629 -0.500677 0.718791 -0.122142
0.59994 0.455191 1.19958 -0.466086 -0.500159 0.719262 -0.123557
0.600535 0.454816 1.20044 -0.465533 -0.499633 0.719739 -0.124988
0.601134 0.454437 1.20132 -0.464972 -0.499099 0.72022 -0.126433
0.601738 0.454054 1.2022 -0.464403 -0.498556 0.720705 -0.127892
0.602346 0.453667 1.2031 -0.463826 -0.498006 0.721194 -0.129364
0.602959 0.453276 1.204 -0.463241 -0.497448 0.721687 -0.130849
0.603576 0.452882 1.20491 -0.462647 -0.496882 0.722184 -0.132345
0.604197 0.452484 1.20583 -0.462047 -0.49631 0.722684 -0.133854
0.604821 0.452083 1.20676 -0.461438 -0.49573 0.723188 -0.135372
0.605448 0.451679 1.20769 -0.460823 -0.495143 0.723694 -0.136902
0.606078 0.451273 1.20864 -0.4602 -0.49455 0.724204 -0.13844
0.606711 0.450863 1.20959 -0.45957 -0.49395 0.724715 -0.139988
0.607346 0.450451 1.21054 -0.458934 -0.493343 0.725229 -0.141544
0.607983 0.450037 1.2115 -0.458291 -0.492731 0.725746 -0.143107
0.608622 0.449621 1.21247 -0.457641 -0.492112 0.726263 -0.144677
0.609263 0.449203 1.21345 -0.456985 -0.491488 0.726783 -0.146254
0.609905 0.448783 1.21442 -0.456323 -0.490859 0.727304 -0.147837
0.610548 0.448361 1.21541 -0.455656 -0.490224 0.727826 -0.149425
0.611192 0.447938 1.2164 -0.454983 -0.489584 0.728349 -0.151017
0.611836 0.447514 1.21739 -0.454304 -0.488939 0.728873 -0.152613
0.612481 0.447089 1.21838 -0.45362 -0.488289 0.729397 -0.154213
0.613125 0.446663 1.21938 -0.452932 -0.487636 0.729922 -0.155815
0.61377 0.446236 1.22039 -0.452239 -0.486978 0.730447 -0.157419
0.614414 0.445809 1.22139 -0.451541 -0.486316 0.730971 -0.159025
0.615057 0.445381 1.2224 -0.450839 -0.485651 0.731495 -0.160631
0.615699 0.444953 1.22341 -0.450133 -0.484982 0.732019 -0.162238
0.61634 0.444525 1.22442 -0.449424 -0.48431 0.732542 -0.163845
0.61698 0.444098 1.22543 -0.448711 -0.483635 0.733064 -0.16545
0.617618 0.44367 1.22644 -0.447994 -0.482957 0.733585 -0.167055
0.618255 0.443242 1.22746 -0.447273 -0.482276 0.734105 -0.16866
0.618892 0.442814 1.22848 -0.446549 -0.481591 0.734625 -0.170266
0.619528 0.442385 1.2295 -0.445819 -0.480902 0.735145 -0.171874
0.620163 0.441956 1.23052 -0.445085 -0.480208 0.735665 -0.173483
0.620798 0.441525 1.23155 -0.444346 -0.47951 0.736185 -0.175095
0.621434 0.441093 1.23258 -0.443602 -0.478807 0.736705 -0.17671
0.622069 0.44066 1.23361 -0.442852 -0.478099 0.737226 -0.178329
0.622705 0.440225 1.23465 -0.442097 -0.477386 0.737747 -0.179951
0.623342 0.439789 1.23569 -0.441335 -0.476666 0.73827 -0.181579
0.62398 0.43935 1.23674 -0.440566 -0.475941 0.738793 -0.183212
0.624618 0.438909 1.23779 -0.439791 -0.475209 0.739318 -0.184851
0.625258 0.438466 1.23885 -0.439009 -0.47447 0.739844 -0.186496
0.625899 0.43802 1.23992 -0.43822 -0.473724 0.740371 -0.188149
0.626541 0.437572 1.24099 -0.437422 -0.47297 0.7409 -0.189809
0.627186 0.43712 1.24207 -0.436617 -0.472209 0.741432 -0.191478
0.627832 0.436665 1.24316 -0.435803 -0.471439 0.741965 -0.193155
0.628481 0.436207 1.24426 -0.434981 -0.470661 0.7425 -0.194841
0.629131 0.435746 1.24536 -0.43415 -0.469874 0.743038 -0.196537
0.629784 0.43528 1.24647 -0.433309 -0.469078 0.743578 -0.198244
0.63044 0.434811 1.2476 -0.432458 -0.468272 0.744121 -0.199962
0.631099 0.434338 1.24873 -0.431598 -0.467457 0.744667 -0.201691
0.63176 0.43386 1.24987 -0.430726 -0.466631 0.745215 -0.203432
0.632425 0.433378 1.25102 -0.429844 -0.465794 0.745767 -0.205186
0.633093 0.432891 1.25218 -0.428951 -0.464946 0.746322 -0.206953
0.633764 0.432399 1.25335 -0.428046 -0.464087 0.74688 -0.208733
0.634439 0.431902 1.25453 -0.427129 -0.463216 0.747442 -0.210528
0.635117 0.431399 1.25573 -0.4262 -0.462332 0.748007 -0.212338
0.635799 0.430892 1.25694 -0.425258 -0.461436 0.748577 -0.214162
0.636486 0.430378 1.25816 -0.424303 -0.460527 0.74915 -0.216003
0.637176 0.429859 1.25939 -0.423334 -0.459604 0.749727 -0.217859
0.637871 0.429334 1.26063 -0.422351 -0.458667 0.750308 -0.219733
0.638569 0.428803 1.26189 -0.421354 -0.457717 0.750893 -0.221623
0.639272 0.428266 1.26317 -0.420343 -0.456753 0.751481 -0.223528
0.639977 0.427724 1.26445 -0.419319 -0.455776 0.752073 -0.225448
0.640686 0.427176 1.26575 -0.418282 -0.454785 0.752667 -0.227382
0.641397 0.426624 1.26705 -0.417231 -0.453782 0.753265 -0.229329
0.642112 0.426067 1.26837 -0.416167 -0.452766 0.753865 -0.23129
0.642828 0.425505 1.2697 -0.415091 -0.451738 0.754467 -0.233263
0.643546 0.424939 1.27104 -0.414002 -0.450698 0.755071 -0.235247
0.644267 0.424368 1.27239 -0.4129 -0.449645 0.755677 -0.237243
0.644988 0.423794 1.27375 -0.411786 -0.448581 0.756285 -0.239248
0.645711 0.423215 1.27512 -0.41066 -0.447506 0.756894 -0.241264
0.646435 0.422634 1.2765 -0.409523 -0.44642 0.757503 -0.243288
0.64716 0.422048 1.27789 -0.408374 -0.445322 0.758114 -0.245321
0.647885 0.42146 1.27929 -0.407214 -0.444214 0.758725 -0.247362
0.648611 0.420869 1.28069 -0.406042 -0.443095 0.759336 -0.24941
0.649336 0.420275 1.2821 -0.40486 -0.441967 0.759947 -0.251464
0.650061 0.419678 1.28352 -0.403667 -0.440828 0.760558 -0.253524
0.650786 0.419079 1.28495 -0.402464 -0.43968 0.761169 -0.25559
0.651509 0.418478 1.28638 -0.401251 -0.438523 0.761778 -0.25766
0.652232 0.417874 1.28782 -0.400029 -0.437357 0.762387 -0.259734
0.652954 0.417269 1.28926 -0.398796 -0.436182 0.762995 -0.261812
0.653674 0.416663 1.29071 -0.397555 -0.434999 0.763601 -0.263892
0.654393 0.416055 1.29216 -0.396305 -0.433808 0.764206 -0.265975
0.655109 0.415445 1.29362 -0.395046 -0.432609 0.764809 -0.268059
0.655824 0.414835 1.29509 -0.393779 -0.431403 0.76541 -0.270144
0.656536 0.414224 1.29655 -0.392504 -0.430189 0.766008 -0.27223
0.657246 0.413612 1.29802 -0.391221 -0.428969 0.766605 -0.274315
0.657953 0.413 1.2995 -0.389931 -0.427743 0.767198 -0.2764
0.658657 0.412388 1.30097 -0.388634 -0.42651 0.767789 -0.278483
0.659359 0.411776 1.30245 -0.38733 -0.425272 0.768377 -0.280564
0.660056 0.411164 1.30393 -0.386021 -0.424028 0.768961 -0.282643
0.660751 0.410552 1.30541 -0.384705 -0.42278 0.769542 -0.284718
0.661441 0.40994 1.3069 -0.383383 -0.421526 0.77012 -0.286791
0.662129 0.409329 1.30838 -0.382055 -0.420267 0.770694 -0.28886
0.662813 0.408718 1.30987 -0.38072 -0.419003 0.771265 -0.290928
0.663494 0.408106 1.31136 -0.379379 -0.417733 0.771833 -0.292993
0.664172 0.407495 1.31285 -0.378031 -0.416457 0.772398 -0.295057
0.664847 0.406883 1.31434 -0.376676 -0.415175 0.772959 -0.297118
0.665519 0.406272 1.31584 -0.375314 -0.413887 0.773518 -0.299179
0.666188 0.405659 1.31734 -0.373944 -0.412592 0.774073 -0.301238
0.666854 0.405046 1.31884 -0.372568 -0.411291 0.774625 -0.303296
0.667517 0.404433 1.32035 -0.371183 -0.409983 0.775175 -0.305354
0.668177 0.403819 1.32186 -0.369791 -0.408668 0.775721 -0.307411
0.668835 0.403204 1.32337 -0.36839 -0.407346 0.776265 -0.309468
0.66949 0.402588 1.32489 -0.366981 -0.406017 0.776806 -0.311525
0.670143 0.401971 1.32641 -0.365564 -0.40468 0.777343 -0.313582
0.670793 0.401353 1.32794 -0.364139 -0.403336 0.777878 -0.31564
0.67144 0.400734 1.32946 -0.362704 -0.401983 0.778411 -0.317698
0.672086 0.400114 1.331 -0.36126 -0.400622 0.77894 -0.319758
0.672728 0.399492 1.33254 -0.359807 -0.399253 0.779467 -0.321818
0.673369 0.398869 1.33408 -0.358345 -0.397876 0.779991 -0.32388
0.674007 0.398244 1.33563 -0.356872 -0.396489 0.780512 -0.325944
0.674643 0.397618 1.33719 -0.35539 -0.395094 0.78103 -0.328009
0.675276 0.39699 1.33874 -0.353898 -0.393689 0.781546 -0.330077
0.675908 0.39636 1.34031 -0.352395 -0.392275 0.782059 -0.332146
0.676537 0.395728 1.34188 -0.350882 -0.390852 0.782569 -0.334219
0.677164 0.395095 1.34346 -0.349358 -0.389418 0.783077 -0.336293
0.677789 0.394459 1.34504 -0.347822 -0.387975 0.783582 -0.338371
0.678412 0.393821 1.34663 -0.346276 -0.386521 0.784084 -0.340452
0.679033 0.39318 1.34823 -0.344718 -0.385056 0.784583 -0.342536
0.679652 0.392537 1.34983 -0.343148 -0.383581 0.78508 -0.344623
0.680269 0.391892 1.35144 -0.341566 -0.382094 0.785573 -0.346714
0.680884 0.391244 1.35306 -0.339972 -0.380597 0.786064 -0.348809
0.681496 0.390594 1.35469 -0.338365 -0.379088 0.786552 -0.350909
0.682107 0.389941 1.35632 -0.336746 -0.377567 0.787038 -0.353011
0.682716 0.389286 1.35796 -0.335114 -0.376036 0.78752 -0.355117
0.683322 0.388628 1.35961 -0.333471 -0.374493 0.787998 -0.357226
0.683925 0.387968 1.36126 -0.331815 -0.37294 0.788474 -0.359338
0.684527 0.387306 1.36292 -0.330148 -0.371375 0.788945 -0.361452
0.685125 0.386642 1.36459 -0.328469 -0.369801 0.789413 -0.363568
0.68572 0.385975 1.36626 -0.326779 -0.368216 0.789878 -0.365686
0.686313 0.385307 1.36793 -0.325077 -0.366621 0.790338 -0.367805
0.686902 0.384638 1.36962 -0.323364 -0.365015 0.790794 -0.369926
0.687488 0.383966 1.3713 -0.32164 -0.3634 0.791245 -0.372047
0.688071 0.383293 1.373 -0.319905 -0.361776 0.791693 -0.374168
0.68865 0.382619 1.3747 -0.31816 -0.360142 0.792136 -0.376289
0.689226 0.381943 1.3764 -0.316404 -0.358498 0.792574 -0.37841
0.689798 0.381266 1.37811 -0.314638 -0.356846 0.793007 -0.380531
0.690367 0.380587 1.37982 -0.312862 -0.355185 0.793435 -0.38265
0.690931 0.379908 1.38153 -0.311076 -0.353515 0.793859 -0.384769
0.691492 0.379228 1.38325 -0.309281 -0.351836 0.794277 -0.386886
0.692049 0.378546 1.38498 -0.307476 -0.35015 0.79469 -0.389001
0.692601 0.377864 1.3867 -0.305661 -0.348455 0.795098 -0.391113
0.69315 0.377182 1.38843 -0.303838 -0.346753 0.7955 -0.393224
0.693694 0.376498 1.39016 -0.302006 -0.345042 0.795896 -0.395332
0.694233 0.375814 1.3919 -0.300165 -0.343325 0.796287 -0.397436
0.694768 0.37513 1.39364 -0.298316 -0.3416 0.796672 -0.399537
0.695299 0.374446 1.39538 -0.296458 -0.339868 0.797052 -0.401635
0.695825 0.373761 1.39712 -0.294593 -0.33813 0.797425 -0.403729
0.696346 0.373076 1.39886 -0.29272 -0.336385 0.797792 -0.405818
0.696863 0.372391 1.40061 -0.290839 -0.334634 0.798153 -0.407903
0.697374 0.371706 1.40236 -0.288951 -0.332876 0.798507 -0.409984
0.697881 0.371021 1.40411 -0.287056 -0.331113 0.798856 -0.412059
0.698383 0.370336 1.40585 -0.285154 -0.329345 0.799197 -0.414129
0.698879 0.369652 1.4076 -0.283246 -0.327571 0.799533 -0.416193
0.699371 0.368968 1.40936 -0.281331 -0.325791 0.799862 -0.418251
0.699857 0.368285 1.41111 -0.279411 -0.324008 0.800184 -0.420303
0.700338 0.367602 1.41286 -0.277485 -0.322219 0.800499 -0.422349
0.700814 0.366919 1.41461 -0.275554 -0.320426 0.800808 -0.424387
0.701283 0.366237 1.41635 -0.273619 -0.31863 0.801109 -0.426417
0.701747 0.365554 1.4181 -0.27168 -0.31683 0.801404 -0.42844
0.702205 0.364872 1.41984 -0.269737 -0.315027 0.801692 -0.430454
0.702657 0.364191 1.42158 -0.267792 -0.31322 0.801972 -0.432459
0.703103 0.363509 1.42332 -0.265844 -0.311412 0.802246 -0.434455
0.703542 0.362828 1.42506 -0.263894 -0.309601 0.802512 -0.436442
0.703975 0.362146 1.42679 -0.261943 -0.307788 0.802772 -0.438418
0.704402 0.361465 1.42851 -0.25999 -0.305973 0.803024 -0.440384
0.704821 0.360784 1.43023 -0.258038 -0.304158 0.803268 -0.44234
0.705235 0.360103 1.43195 -0.256085 -0.302342 0.803506 -0.444284
0.705641 0.359422 1.43365 -0.254133 -0.300525 0.803736 -0.446217
0.706041 0.358741 1.43536 -0.252183 -0.298708 0.803959 -0.448138
0.706433 0.35806 1.43705 -0.250234 -0.296892 0.804175 -0.450046
0.706819 0.357378 1.43874 -0.248287 -0.295076 0.804383 -0.451943
0.707197 0.356697 1.44042 -0.246343 -0.293261 0.804584 -0.453826
0.707568 0.356016 1.44209 -0.244402 -0.291448 0.804777 -0.455696
0.707932 0.355334 1.44375 -0.242465 -0.289637 0.804964 -0.457553
0.708289 0.354652 1.4454 -0.240533 -0.287828 0.805143 -0.459396
0.708638 0.35397 1.44704 -0.238605 -0.286021 0.805315 -0.461224
0.70898 0.353288 1.44868 -0.236683 -0.284218 0.805479 -0.463038
0.709315 0.352606 1.4503 -0.234767 -0.282418 0.805637 -0.464838
0.709642 0.351923 1.4519 -0.232858 -0.280622 0.805787 -0.466622
0.709961 0.35124 1.4535 -0.230956 -0.27883 0.80593 -0.46839
0.710273 0.350557 1.45509 -0.229062 -0.277043 0.806066 -0.470143
0.710577 0.349873 1.45666 -0.227176 -0.275262 0.806195 -0.47188
0.710874 0.349189 1.45822 -0.225299 -0.273486 0.806318 -0.473601
0.711163 0.348505 1.45976 -0.223431 -0.271715 0.806433 -0.475305
0.711444 0.34782 1.46129 -0.221574 -0.269952 0.806541 -0.476993
0.711718 0.347135 1.46281 -0.219727 -0.268195 0.806643 -0.478663
0.711984 0.34645 1.46431 -0.217891 -0.266445 0.806738 -0.480316
0.712243 0.345764 1.4658 -0.216064 -0.264701 0.806827 -0.481954
0.712495 0.345077 1.46727 -0.214247 -0.262964 0.806909 -0.483576
0.71274 0.344391 1.46873 -0.212439 -0.261232 0.806985 -0.485182
0.712978 0.343704 1.47018 -0.21064 -0.259507 0.807055 -0.486774
0.71321 0.343017 1.47161 -0.20885 -0.257787 0.807119 -0.488351
0.713435 0.342329 1.47304 -0.207067 -0.256073 0.807176 -0.489914
0.713654 0.341642 1.47445 -0.205292 -0.254364 0.807228 -0.491464
0.713868 0.340954 1.47585 -0.203524 -0.25266 0.807274 -0.493001
0.714075 0.340267 1.47724 -0.201763 -0.250961 0.807314 -0.494525
0.714277 0.339579 1.47862 -0.200008 -0.249267 0.807348 -0.496037
0.714474 0.338891 1.47999 -0.198259 -0.247576 0.807376 -0.497537
0.714665 0.338203 1.48135 -0.196516 -0.24589 0.807399 -0.499026
0.714851 0.337515 1.48271 -0.194778 -0.244207 0.807416 -0.500504
0.715032 0.336827 1.48405 -0.193044 -0.242529 0.807428 -0.501971
0.715209 0.336139 1.48539 -0.191315 -0.240853 0.807434 -0.503428
0.71538 0.335451 1.48672 -0.18959 -0.23918 0.807434 -0.504875
0.715547 0.334764 1.48804 -0.187868 -0.237511 0.807429 -0.506312
0.71571 0.334076 1.48935 -0.186149 -0.235843 0.807419 -0.507741
0.715868 0.333389 1.49066 -0.184432 -0.234178 0.807403 -0.509161
0.716022 0.332702 1.49197 -0.182718 -0.232515 0.807382 -0.510573
0.716172 0.332015 1.49327 -0.181005 -0.230853 0.807356 -0.511977
0.716319 0.331328 1.49456 -0.179293 -0.229193 0.807324 -0.513373
0.716461 0.330642 1.49585 -0.177582 -0.227534 0.807287 -0.514762
0.7166 0.329955 1.49714 -0.175871 -0.225876 0.807245 -0.516144
0.716735 0.32927 1.49842 -0.17416 -0.224218 0.807197 -0.51752
0.716867 0.328584 1.4997 -0.172449 -0.222561 0.807144 -0.51889
0.716995 0.327899 1.50097 -0.170736 -0.220903 0.807086 -0.520254
0.71712 0.327215 1.50225 -0.169021 -0.219245 0.807022 -0.521612
0.717242 0.32653 1.50352 -0.167304 -0.217586 0.806953 -0.522965
0.717361 0.325847 1.50479 -0.165585 -0.215926 0.806878 -0.524314
0.717477 0.325163 1.50606 -0.163863 -0.214265 0.806798 -0.525658
0.71759 0.324481 1.50733 -0.162138 -0.212602 0.806713 -0.526997
0.7177 0.323799 1.5086 -0.16041 -0.21094 0.806622 -0.528331
0.717807 0.323118 1.50987 -0.158681 -0.209277 0.806526 -0.52966
0.717911 0.322438 1.51113 -0.15695 -0.207614 0.806425 -0.530983
0.718012 0.32176 1.51239 -0.155219 -0.205952 0.806318 -0.5323
0.71811 0.321083 1.51365 -0.153486 -0.204291 0.806205 -0.53361
0.718205 0.320407 1.51491 -0.151754 -0.202631 0.806088 -0.534915
0.718297 0.319733 1.51616 -0.150021 -0.200973 0.805965 -0.536212
0.718386 0.319061 1.51741 -0.148289 -0.199317 0.805838 -0.537503
0.718472 0.318391 1.51866 -0.146558 -0.197664 0.805705 -0.538785
0.718554 0.317723 1.5199 -0.144829 -0.196014 0.805567 -0.540061
0.718634 0.317057 1.52114 -0.143102 -0.194367 0.805424 -0.541328
0.718711 0.316394 1.52238 -0.141376 -0.192724 0.805276 -0.542588
0.718784 0.315733 1.52361 -0.139654 -0.191085 0.805123 -0.543839
0.718855 0.315075 1.52483 -0.137934 -0.18945 0.804965 -0.545081
0.718923 0.31442 1.52605 -0.136219 -0.187821 0.804803 -0.546314
0.718987 0.313768 1.52726 -0.134507 -0.186197 0.804637 -0.547539
0.719049 0.313119 1.52847 -0.1328 -0.184579 0.804465 -0.548753
0.719108 0.312473 1.52967 -0.131097 -0.182967 0.80429 -0.549959
0.719164 0.31183 1.53087 -0.129401 -0.181362 0.80411 -0.551154
0.719217 0.311192 1.53205 -0.127709 -0.179764 0.803926 -0.55234
0.719268 0.310556 1.53324 -0.126025 -0.178173 0.803737 -0.553515
0.719315 0.309925 1.53441 -0.124346 -0.17659 0.803545 -0.554679
0.71936 0.309298 1.53558 -0.122675 -0.175015 0.803349 -0.555833
0.719402 0.308675 1.53673 -0.121012 -0.173449 0.80315 -0.556976
0.719441 0.308056 1.53788 -0.119357 -0.171891 0.802946 -0.558108
0.719478 0.307441 1.53903 -0.11771 -0.170344 0.80274 -0.559229
0.719512 0.306831 1.54016 -0.116072 -0.168806 0.80253 -0.560338
0.719544 0.306226 1.54129 -0.114443 -0.167278 0.802317 -0.561435
0.719573 0.305625 1.5424 -0.112825 -0.165761 0.8021 -0.56252
0.7196 0.30503 1.54351 -0.111217 -0.164255 0.801881 -0.563593
0.719624 0.30444 1.5446 -0.109619 -0.16276 0.80166 -0.564654
0.719646 0.303854 1.54569 -0.108032 -0.161277 0.801435 -0.565703
0.719666 0.303273 1.54677 -0.106455 -0.159804 0.801208 -0.566741
0.719683 0.302697 1.54784 -0.104888 -0.158342 0.800979 -0.567767
0.719698 0.302126 1.5489 -0.103331 -0.15689 0.800747 -0.568782
0.719711 0.301559 1.54995 -0.101782 -0.155447 0.800512 -0.569787
0.719722 0.300996 1.551 -0.100242 -0.154014 0.800275 -0.570781
0.719731 0.300436 1.55203 -0.0987106 -0.15259 0.800035 -0.571766
0.719738 0.299881 1.55306 -0.0971871 -0.151175 0.799793 -0.572741
0.719743 0.29933 1.55409 -0.0956712 -0.149768 0.799549 -0.573706
0.719747 0.298782 1.5551 -0.0941625 -0.148368 0.799301 -0.574663
0.719748 0.298237 1.55611 -0.0926607 -0.146977 0.799052 -0.575611
0.719747 0.297696 1.55711 -0.0911654 -0.145592 0.7988 -0.57655
0.719745 0.297158 1.55811 -0.0896763 -0.144214 0.798545 -0.577482
0.719741 0.296623 1.5591 -0.0881929 -0.142843 0.798289 -0.578406
0.719735 0.29609 1.56009 -0.086715 -0.141478 0.798029 -0.579322
0.719728 0.29556 1.56107 -0.085242 -0.140119 0.797767 -0.580231
0.719719 0.295033 1.56205 -0.0837736 -0.138765 0.797502 -0.581134
0.719708 0.294508 1.56302 -0.0823095 -0.137416 0.797235 -0.582029
0.719695 0.293985 1.56399 -0.0808493 -0.136072 0.796965 -0.582919
0.719681 0.293465 1.56495 -0.0793925 -0.134732 0.796693 -0.583802
0.719665 0.292946 1.56591 -0.0779388 -0.133397 0.796417 -0.58468
0.719648 0.292429 1.56687 -0.0764878 -0.132064 0.796139 -0.585552
0.719629 0.291913 1.56782 -0.075039 -0.130735 0.795858 -0.586419
0.719608 0.291399 1.56877 -0.0735922 -0.129409 0.795575 -0.587281
0.719586 0.290886 1.56972 -0.0721469 -0.128085 0.795288 -0.588138
0.719563 0.290375 1.57066 -0.0707027 -0.126764 0.794998 -0.588991
0.719537 0.289864 1.57161 -0.0692592 -0.125444 0.794705 -0.589839
0.71951 0.289354 1.57255 -0.0678159 -0.124125 0.794409 -0.590684
0.719482 0.288845 1.57349 -0.0663726 -0.122808 0.79411 -0.591525
0.719452 0.288337 1.57443 -0.0649288 -0.121491 0.793808 -0.592363
0.719421 0.287829 1.57537 -0.0634841 -0.120174 0.793502 -0.593197
0.719388 0.287321 1.5763 -0.062038 -0.118858 0.793192 -0.594029
0.719353 0.286814 1.57724 -0.0605915 -0.117542 0.79288 -0.594857
0.719317 0.286308 1.57817 -0.0591454 -0.116227 0.792564 -0.595681
0.719279 0.285803 1.5791 -0.0577004 -0.114915 0.792245 -0.596501
0.71924 0.285299 1.58003 -0.0562575 -0.113606 0.791924 -0.597316
0.7192 0.284797 1.58096 -0.0548176 -0.1123 0.7916 -0.598125
0.719158 0.284297 1.58188 -0.0533814 -0.110999 0.791273 -0.598929
0.719115 0.283799 1.5828 -0.0519498 -0.109703 0.790945 -0.599727
0.71907 0.283304 1.58371 -0.0505237 -0.108413 0.790615 -0.600518
0.719025 0.282812 1.58462 -0.049104 -0.10713 0.790283 -0.601302
0.718978 0.282322 1.58552 -0.0476914 -0.105855 0.78995 -0.602079
0.71893 0.281837 1.58641 -0.046287 -0.104588 0.789616 -0.602848
0.718881 0.281355 1.5873 -0.0448915 -0.10333 0.789281 -0.603609
0.718831 0.280877 1.58818 -0.0435059 -0.102082 0.788945 -0.604361
0.71878 0.280403 1.58905 -0.0421309 -0.100845 0.788609 -0.605104
0.718728 0.279934 1.58991 -0.0407675 -0.0996187 0.788274 -0.605837
0.718675 0.279469 1.59076 -0.0394166 -0.0984049 0.787938 -0.606561
0.718622 0.27901 1.59161 -0.0380791 -0.097204 0.787603 -0.607275
0.718568 0.278556 1.59244 -0.0367557 -0.0960168 0.787269 -0.607978
0.718513 0.278108 1.59326 -0.0354475 -0.0948441 0.786937 -0.60867
0.718458 0.277666 1.59408 -0.0341552 -0.0936866 0.786606 -0.60935
0.718403 0.27723 1.59488 -0.0328798 -0.0925451 0.786276 -0.61002
0.718347 0.2768 1.59566 -0.0316222 -0.0914203 0.785949 -0.610677
0.718291 0.276378 1.59644 -0.0303832 -0.090313 0.785625 -0.611322
0.718235 0.275962 1.5972 -0.0291638 -0.0892239 0.785303 -0.611954
0.718179 0.275554 1.59795 -0.0279649 -0.0881539 0.784985 -0.612573
0.718123 0.275153 1.59868 -0.0267872 -0.0871036 0.78467 -0.613179
0.718067 0.27476 1.5994 -0.0256318 -0.0860739 0.784359 -0.613771
0.718012 0.274376 1.6001 -0.0244996 -0.0850654 0.784053 -0.614349
0.717956 0.274 1.60079 -0.0233913 -0.084079 0.783751 -0.614913
0.717901 0.273632 1.60146 -0.022308 -0.0831153 0.783454 -0.615463
0.717847 0.273274 1.60211 -0.0212504 -0.0821752 0.783162 -0.615997
0.717793 0.272925 1.60275 -0.0202196 -0.0812593 0.782877 -0.616516
0.71774 0.272585 1.60337 -0.0192147 -0.080367 0.782596 -0.617021
0.717688 0.272253 1.60398 -0.0182349 -0.0794975 0.782322 -0.617511
0.717637 0.27193 1.60456 -0.0172794 -0.07865 0.782053 -0.617988
0.717586 0.271615 1.60514 -0.0163473 -0.0778237 0.781789 -0.618451
0.717535 0.271308 1.6057 -0.0154378 -0.0770179 0.78153 -0.618902
0.717486 0.271008 1.60624 -0.0145502 -0.0762318 0.781277 -0.619341
0.717437 0.270715 1.60677 -0.0136836 -0.0754647 0.781028 -0.619768
0.717389 0.27043 1.60729 -0.0128371 -0.0747158 0.780784 -0.620185
0.717341 0.270151 1.6078 -0.01201 -0.0739844 0.780545 -0.62059
0.717294 0.269878 1.60829 -0.0112014 -0.0732696 0.78031 -0.620986
0.717248 0.269612 1.60878 -0.0104104 -0.0725708 0.780079 -0.621371
0.717202 0.269351 1.60925 -0.00963634 -0.0718871 0.779852 -0.621748
0.717157 0.269096 1.60971 -0.00887824 -0.0712179 0.779629 -0.622116
0.717112 0.268846 1.61016 -0.00813529 -0.0705624 0.779409 -0.622475
0.717068 0.2686 1.61061 -0.00740667 -0.0699197 0.779193 -0.622827
0.717024 0.26836 1.61104 -0.00669153 -0.0692892 0.778981 -0.623172
0.716981 0.268123 1.61147 -0.00598902 -0.06867 0.778771 -0.62351
0.716938 0.267891 1.61189 -0.0052983 -0.0680615 0.778564 -0.623841
0.716896 0.267663 1.6123 -0.00461852 -0.0674629 0.77836 -0.624166
0.716854 0.267438 1.61271 -0.00394884 -0.0668734 0.778158 -0.624486
0.716812 0.267216 1.61311 -0.00328841 -0.0662922 0.777958 -0.6248
0.71677 0.266997 1.6135 -0.00263637 -0.0657187 0.77776 -0.62511
0.716729 0.26678 1.61389 -0.00199187 -0.065152 0.777564 -0.625416
0.716688 0.266566 1.61428 -0.00135407 -0.0645914 0.777369 -0.625718
0.716647 0.266354 1.61466 -0.000722105 -0.0640361 0.777176 -0.626017
0.716606 0.266144 1.61504 -9.51244e-05 -0.0634854 0.776983 -0.626312
0.716565 0.265935 1.61541 0.000527729 -0.0629386 0.776791 -0.626605
0.716524 0.265728 1.61579 0.00114731 -0.0623948 0.7766 -0.626896
0.716483 0.265521 1.61616 0.00176448 -0.0618534 0.776408 -0.627185
0.716442 0.265315 1.61653 0.0023801 -0.0613135 0.776217 -0.627473
0.7164 0.265109 1.6169 0.00299502 -0.0607745 0.776025 -0.62776
0.716359 0.264903 1.61727 0.00361011 -0.0602355 0.775833 -0.628046
0.716317 0.264697 1.61764 0.00422537 -0.0596966 0.77564 -0.628332
0.716275 0.264492 1.61801 0.00484081 -0.0591577 0.775447 -0.628617
0.716232 0.264286 1.61838 0.00545643 -0.0586188 0.775253 -0.628902
0.71619 0.26408 1.61874 0.00607224 -0.0580799 0.775058 -0.629186
0.716147 0.263874 1.61911 0.00668825 -0.057541 0.774862 -0.62947
0.716104 0.263668 1.61948 0.00730446 -0.057002 0.774666 -0.629753
0.71606 0.263461 1.61985 0.00792087 -0.056463 0.77447 -0.630036
0.716016 0.263255 1.62022 0.00853751 -0.0559239 0.774272 -0.630319
0.715972 0.263048 1.62059 0.00915436 -0.0553847 0.774074 -0.630601
0.715928 0.262841 1.62095 0.00977144 -0.0548454 0.773876 -0.630883
0.715883 0.262633 1.62132 0.0103887 -0.054306 0.773676 -0.631164
0.715838 0.262425 1.62169 0.0110063 -0.0537664 0.773476 -0.631445
0.715793 0.262217 1.62205 0.0116241 -0.0532266 0.773276 -0.631725
0.715747 0.262009 1.62242 0.0122421 -0.0526867 0.773074 -0.632005
0.715701 0.2618 1.62279 0.0128604 -0.0521465 0.772872 -0.632284
0.715654 0.26159 1.62315 0.013479 -0.0516062 0.77267 -0.632564
0.715608 0.26138 1.62352 0.0140979 -0.0510656 0.772466 -0.632842
0.71556 0.261169 1.62388 0.014717 -0.0505247 0.772262 -0.633121
0.715513 0.260958 1.62425 0.0153364 -0.0499836 0.772057 -0.633399
0.715465 0.260746 1.62461 0.0159561 -0.0494422 0.771851 -0.633677
0.715417 0.260534 1.62497 0.0165761 -0.0489004 0.771645 -0.633954
0.715368 0.260321 1.62534 0.0171964 -0.0483584 0.771438 -0.634231
0.715319 0.260107 1.6257 0.017817 -0.047816 0.77123 -0.634508
0.715269 0.259892 1.62606 0.0184379 -0.0472733 0.771021 -0.634785
0.715219 0.259677 1.62642 0.0190591 -0.0467302 0.770812 -0.635061
0.715168 0.259461 1.62678 0.0196807 -0.0461867 0.770602 -0.635337
0.715117 0.259244 1.62714 0.0203026 -0.0456428 0.770391 -0.635612
0.715066 0.259026 1.6275 0.0209249 -0.0450985 0.770179 -0.635887
0.715014 0.258807 1.62786 0.0215475 -0.0445537 0.769966 -0.636162
0.714962 0.258587 1.62822 0.0221704 -0.0440085 0.769753 -0.636437
0.714909 0.258367 1.62858 0.0227938 -0.0434628 0.769539 -0.636712
0.714856 0.258145 1.62894 0.0234175 -0.0429167 0.769324 -0.636986
0.714802 0.257922 1.62929 0.0240416 -0.0423701 0.769108 -0.63726
0.714748 0.257699 1.62965 0.024666 -0.041823 0.768891 -0.637533
0.714693 0.257474 1.63001 0.0252908 -0.0412756 0.768674 -0.637807
0.714638 0.257249 1.63036 0.0259159 -0.0407277 0.768455 -0.63808
0.714582 0.257022 1.63072 0.0265414 -0.0401795 0.768236 -0.638353
0.714526 0.256795 1.63107 0.0271672 -0.0396309 0.768016 -0.638625
0.71447 0.256568 1.63142 0.0277933 -0.039082 0.767796 -0.638897
0.714413 0.256339 1.63178 0.0284198 -0.0385328 0.767574 -0.639169
0.714356 0.25611 1.63213 0.0290465 -0.0379832 0.767352 -0.639441
0.714298 0.25588 1.63248 0.0296736 -0.0374335 0.767129 -0.639712
0.71424 0.255649 1.63283 0.030301 -0.0368834 0.766905 -0.639983
0.714181 0.255418 1.63318 0.0309287 -0.0363332 0.766681 -0.640253
0.714123 0.255186 1.63353 0.0315566 -0.0357827 0.766455 -0.640523
0.714063 0.254954 1.63388 0.0321849 -0.0352321 0.766229 -0.640793
0.714004 0.254721 1.63423 0.0328134 -0.0346813 0.766003 -0.641062
0.713944 0.254488 1.63458 0.0334422 -0.0341303 0.765775 -0.641331
0.713884 0.254255 1.63493 0.0340712 -0.0335793 0.765547 -0.641599
0.713823 0.254021 1.63528 0.0347005 -0.0330281 0.765318 -0.641867
0.713762 0.253786 1.63563 0.03533 -0.0324768 0.765088 -0.642135
0.713701 0.253551 1.63597 0.0359598 -0.0319255 0.764858 -0.642402
0.713639 0.253316 1.63632 0.0365898 -0.0313742 0.764627 -0.642669
0.713578 0.253081 1.63667 0.0372201 -0.0308228 0.764395 -0.642935
0.713515 0.252845 1.63702 0.0378505 -0.0302714 0.764162 -0.643201
0.713453 0.25261 1.63736 0.0384812 -0.02972 0.763929 -0.643466
0.71339 0.252374 1.63771 0.039112 -0.0291687 0.763695 -0.643731
0.713327 0.252138 1.63806 0.0397431 -0.0286174 0.763461 -0.643995
0.713264 0.251902 1.6384 0.0403744 -0.0280662 0.763225 -0.644259
0.713201 0.251665 1.63875 0.0410058 -0.0275151 0.762989 -0.644522
0.713137 0.251429 1.63909 0.0416374 -0.0269641 0.762753 -0.644785
0.713073 0.251193 1.63944 0.0422692 -0.0264133 0.762516 -0.645047
0.713009 0.250957 1.63978 0.0429011 -0.0258626 0.762278 -0.645309
0.712944 0.250721 1.64013 0.0435332 -0.025312 0.762039 -0.64557
0.71288 0.250484 1.64047 0.0441663 -0.0247609 0.7618 -0.645831
0.712814 0.250247 1.64082 0.0448014 -0.0242083 0.761559 -0.646092
0.712749 0.250009 1.64117 0.0454392 -0.0236536 0.761317 -0.646353
0.712682 0.24977 1.64151 0.0460808 -0.023096 0.761072 -0.646616
0.712616 0.249529 1.64187 0.046727 -0.0225347 0.760826 -0.64688
0.712548 0.249286 1.64222 0.0473787 -0.0219688 0.760576 -0.647145
0.712479 0.249041 1.64258 0.0480368 -0.0213978 0.760323 -0.647412
0.712409 0.248793 1.64294 0.0487022 -0.0208206 0.760067 -0.647682
0.712339 0.248542 1.6433 0.0493757 -0.0202367 0.759808 -0.647955
0.712267 0.248287 1.64367 0.0500584 -0.0196453 0.759543 -0.64823
0.712193 0.248029 1.64405 0.050751 -0.0190455 0.759275 -0.648509
0.712119 0.247767 1.64443 0.0514545 -0.0184366 0.759001 -0.648791
0.712042 0.247501 1.64481 0.0521698 -0.0178178 0.758722 -0.649077
0.711965 0.247229 1.6452 0.0528977 -0.0171885 0.758438 -0.649368
0.711885 0.246953 1.6456 0.0536393 -0.0165477 0.758147 -0.649663
0.711803 0.246671 1.64601 0.0543953 -0.0158948 0.75785 -0.649963
0.71172 0.246384 1.64642 0.0551667 -0.015229 0.757546 -0.650269
0.711634 0.246091 1.64685 0.0559544 -0.0145495 0.757234 -0.65058
0.711546 0.245791 1.64728 0.0567593 -0.0138557 0.756915 -0.650896
0.711456 0.245484 1.64772 0.0575824 -0.0131466 0.756588 -0.651219
0.711363 0.24517 1.64817 0.0584244 -0.0124217 0.756252 -0.651549
0.711268 0.244849 1.64863 0.0592864 -0.0116801 0.755907 -0.651885
0.71117 0.244521 1.6491 0.0601692 -0.0109211 0.755552 -0.652228
0.711069 0.244184 1.64958 0.0610737 -0.0101439 0.755188 -0.652578
0.710965 0.243838 1.65007 0.0620009 -0.00934788 0.754813 -0.652936
0.710858 0.243484 1.65058 0.0629517 -0.00853222 0.754427 -0.653302
0.710748 0.243121 1.6511 0.063927 -0.0076962 0.75403 -0.653676
0.710634 0.242749 1.65163 0.0649277 -0.00683909 0.753622 -0.654058
0.710517 0.242367 1.65217 0.0659547 -0.00596016 0.753201 -0.654449
0.710396 0.241974 1.65273 0.067009 -0.00505869 0.752767 -0.654848
0.710272 0.241572 1.6533 0.0680915 -0.00413395 0.75232 -0.655257
0.710143 0.241158 1.65389 0.069203 -0.00318524 0.751859 -0.655674
0.71001 0.240735 1.65449 0.0703428 -0.00221337 0.751385 -0.6561
0.709874 0.240301 1.6551 0.07151 -0.00121916 0.750897 -0.656535
0.709733 0.239858 1.65572 0.0727036 -0.000203433 0.750396 -0.656977
0.709589 0.239405 1.65636 0.0739229 0.000832984 0.749883 -0.657427
0.709442 0.238943 1.65701 0.0751669 0.00188927 0.749356 -0.657884
0.70929 0.238473 1.65768 0.0764347 0.00296462 0.748818 -0.658347
0.709136 0.237995 1.65835 0.0777256 0.0040582 0.748267 -0.658816
0.708977 0.237509 1.65903 0.0790386 0.00516919 0.747705 -0.659291
0.708816 0.237015 1.65973 0.0803728 0.00629679 0.74713 -0.65977
0.70865 0.236514 1.66043 0.0817273 0.00744017 0.746545 -0.660255
0.708482 0.236006 1.66114 0.0831013 0.00859852 0.745948 -0.660743
0.708311 0.235492 1.66186 0.0844939 0.00977103 0.745341 -0.661236
0.708136 0.234972 1.66259 0.0859042 0.0109569 0.744723 -0.661731
0.707958 0.234446 1.66333 0.0873312 0.0121553 0.744095 -0.66223
0.707778 0.233914 1.66407 0.0887742 0.0133654 0.743456 -0.662731
0.707595 0.233378 1.66482 0.0902323 0.0145864 0.742809 -0.663235
0.707408 0.232837 1.66558 0.0917044 0.0158176 0.742152 -0.66374
0.70722 0.232291 1.66634 0.0931898 0.0170581 0.741486 -0.664247
0.707028 0.231741 1.6671 0.0946876 0.0183071 0.740811 -0.664754
0.706834 0.231188 1.66787 0.0961968 0.0195638 0.740128 -0.665262
0.706638 0.230631 1.66865 0.0977165 0.0208275 0.739437 -0.665771
0.70644 0.230072 1.66943 0.0992459 0.0220973 0.738738 -0.666279
0.706239 0.229509 1.67021 0.100784 0.0233725 0.738032 -0.666787
0.706036 0.228945 1.67099 0.10233 0.0246522 0.737319 -0.667294
0.705832 0.228378 1.67178 0.103883 0.0259357 0.7366 -0.667799
0.705625 0.22781 1.67257 0.105442 0.0272222 0.735874 -0.668304
0.705417 0.22724 1.67336 0.107006 0.028511 0.735143 -0.668806
0.705207 0.22667 1.67415 0.108574 0.0298012 0.734406 -0.669306
0.704996 0.226099 1.67494 0.110145 0.0310921 0.733665 -0.669804
0.704783 0.225527 1.67573 0.111719 0.0323829 0.732918 -0.670299
0.704569 0.224956 1.67652 0.113295 0.0336729 0.732168 -0.670791
0.704354 0.224385 1.67731 0.114871 0.0349613 0.731414 -0.67128
0.704138 0.223815 1.6781 0.116447 0.0362481 0.730656 -0.671765
0.70392 0.223244 1.67889 0.118024 0.0375334 0.729895 -0.672247
0.703702 0.222674 1.67968 0.119602 0.0388172 0.729129 -0.672725
0.703482 0.222104 1.68046 0.12118 0.0400995 0.72836 -0.6732
0.703261 0.221535 1.68125 0.12276 0.0413804 0.727587 -0.673672
0.703039 0.220965 1.68203 0.12434 0.0426599 0.72681 -0.674141
0.702816 0.220395 1.68281 0.12592 0.043938 0.72603 -0.674607
0.702592 0.219826 1.6836 0.127502 0.0452147 0.725245 -0.675069
0.702366 0.219256 1.68438 0.129084 0.0464902 0.724457 -0.675528
0.702139 0.218687 1.68516 0.130668 0.0477644 0.723665 -0.675984
0.701911 0.218117 1.68594 0.132252 0.0490373 0.722868 -0.676436
0.701682 0.217547 1.68671 0.133838 0.050309 0.722068 -0.676886
0.701452 0.216977 1.68749 0.135424 0.0515795 0.721263 -0.677332
0.70122 0.216407 1.68827 0.137012 0.0528489 0.720455 -0.677775
0.700987 0.215836 1.68904 0.1386 0.0541171 0.719642 -0.678215
0.700753 0.215265 1.68982 0.14019 0.0553841 0.718826 -0.678652
0.700517 0.214694 1.69059 0.141781 0.0566501 0.718005 -0.679086
0.700281 0.214123 1.69136 0.143373 0.0579151 0.71718 -0.679517
0.700042 0.21355 1.69214 0.144967 0.059179 0.716351 -0.679944
0.699803 0.212978 1.69291 0.146562 0.0604418 0.715517 -0.680369
0.699562 0.212405 1.69368 0.148158 0.0617037 0.714679 -0.68079
0.69932 0.211831 1.69444 0.149756 0.0629647 0.713837 -0.681209
0.699077 0.211256 1.69521 0.151355 0.0642246 0.712991 -0.681624
0.698832 0.210681 1.69598 0.152955 0.0654837 0.71214 -0.682036
0.698586 0.210105 1.69675 0.154557 0.0667419 0.711285 -0.682445
0.698338 0.209529 1.69751 0.156161 0.0679991 0.710425 -0.682851
0.698089 0.208952 1.69827 0.157766 0.0692556 0.709561 -0.683254
0.697839 0.208373 1.69904 0.159373 0.0705112 0.708692 -0.683655
0.697587 0.207794 1.6998 0.160981 0.071766 0.707819 -0.684052
0.697334 0.207214 1.70056 0.162591 0.0730199 0.706942 -0.684446
0.697079 0.206633 1.70132 0.164203 0.0742731 0.706059 -0.684837
0.696823 0.206051 1.70208 0.165817 0.0755256 0.705172 -0.685225
0.696566 0.205468 1.70284 0.167432 0.0767772 0.70428 -0.68561
0.696307 0.204885 1.7036 0.16905 0.0780279 0.703384 -0.685992
0.696047 0.2043 1.70435 0.170668 0.0792777 0.702483 -0.686371
0.695785 0.203714 1.70511 0.172289 0.0805265 0.701578 -0.686746
0.695522 0.203128 1.70586 0.173911 0.0817741 0.700668 -0.687119
0.695257 0.202541 1.70662 0.175534 0.0830207 0.699754 -0.687488
0.694992 0.201953 1.70737 0.177159 0.084266 0.698835 -0.687855
0.694725 0.201365 1.70812 0.178785 0.08551 0.697911 -0.688218
0.694456 0.200776 1.70887 0.180413 0.0867527 0.696984 -0.688578
0.694187 0.200187 1.70962 0.182041 0.087994 0.696051 -0.688934
0.693916 0.199597 1.71037 0.183671 0.0892339 0.695115 -0.689288
0.693644 0.199006 1.71112 0.185303 0.0904722 0.694174 -0.689638
0.69337 0.198416 1.71186 0.186935 0.091709 0.693229 -0.689984
0.693096 0.197824 1.71261 0.188568 0.0929441 0.69228 -0.690328
0.69282 0.197233 1.71335 0.190202 0.0941775 0.691326 -0.690668
0.692543 0.196641 1.7141 -0.191838 -0.0954092 -0.690368 0.691004
0.692265 0.196049 1.71484 -0.193474 -0.096639 -0.689406 0.691338
0.691985 0.195457 1.71558 -0.195111 -0.097867 -0.68844 0.691668
0.691705 0.194865 1.71632 -0.196748 -0.099093 -0.68747 0.691994
0.691424 0.194273 1.71706 -0.198387 -0.100317 -0.686496 0.692317
0.691141 0.19368 1.7178 -0.200026 -0.101539 -0.685517 0.692637
0.690857 0.193088 1.71854 -0.201665 -0.102759 -0.684535 0.692953
0.690572 0.192496 1.71927 -0.203306 -0.103977 -0.683549 0.693265
0.690287 0.191903 1.72001 -0.204946 -0.105192 -0.682559 0.693574
0.69 0.191311 1.72075 -0.206588 -0.106406 -0.681565 0.69388
0.689712 0.190719 1.72148 -0.208229 -0.107616 -0.680567 0.694182
0.689423 0.190128 1.72221 -0.209871 -0.108825 -0.679565 0.69448
0.689133 0.189536 1.72294 -0.211513 -0.110031 -0.67856 0.694775
0.688843 0.188945 1.72368 -0.213155 -0.111235 -0.67755 0.695066
0.688551 0.188355 1.72441 -0.214798 -0.112436 -0.676538 0.695354
0.688258 0.187764 1.72513 -0.216441 -0.113635 -0.675521 0.695638
0.687965 0.187174 1.72586 -0.218083 -0.114831 -0.674501 0.695918
0.68767 0.186585 1.72659 -0.219725 -0.116023 -0.673478 0.696195
0.687376 0.185997 1.72731 -0.221365 -0.117212 -0.672452 0.696468
0.68708 0.18541 1.72804 -0.223003 -0.118397 -0.671424 0.696736
0.686784 0.184824 1.72876 -0.224638 -0.119576 -0.670395 0.697001
0.686489 0.18424 1.72947 -0.226268 -0.12075 -0.669364 0.697262
0.686193 0.183658 1.73019 -0.227893 -0.121918 -0.668333 0.697518
0.685897 0.183077 1.7309 -0.229513 -0.123079 -0.667303 0.69777
0.685601 0.182499 1.7316 -0.231126 -0.124232 -0.666273 0.698017
0.685306 0.181924 1.7323 -0.232732 -0.125378 -0.665244 0.69826
0.685011 0.181351 1.733 -0.234329 -0.126515 -0.664217 0.698498
0.684717 0.180781 1.73369 -0.235917 -0.127644 -0.663192 0.698732
0.684424 0.180215 1.73437 -0.237495 -0.128762 -0.662171 0.698961
0.684132 0.179652 1.73505 -0.239063 -0.129871 -0.661153 0.699185
0.683842 0.179092 1.73572 -0.240619 -0.130969 -0.660139 0.699404
0.683552 0.178537 1.73639 -0.242162 -0.132056 -0.65913 0.699619
0.683264 0.177985 1.73705 -0.243692 -0.133131 -0.658126 0.699829
0.682978 0.177438 1.7377 -0.245209 -0.134194 -0.657128 0.700033
0.682693 0.176895 1.73834 -0.24671 -0.135244 -0.656137 0.700233
0.682411 0.176357 1.73897 -0.248195 -0.136281 -0.655154 0.700429
0.682131 0.175824 1.7396 -0.249664 -0.137305 -0.654178 0.700619
0.681853 0.175296 1.74021 -0.251116 -0.138314 -0.653211 0.700804
0.681578 0.174774 1.74081 -0.252549 -0.139308 -0.652252 0.700984
0.681305 0.174257 1.74141 -0.253963 -0.140287 -0.651304 0.70116
0.681035 0.173746 1.74199 -0.255358 -0.14125 -0.650366 0.701331
0.680768 0.173241 1.74257 -0.256731 -0.142197 -0.64944 0.701497
0.680505 0.172742 1.74313 -0.258083 -0.143127 -0.648525 0.701658
0.680244 0.17225 1.74368 -0.259413 -0.14404 -0.647622 0.701814
0.679988 0.171764 1.74422 -0.26072 -0.144935 -0.646733 0.701965
0.679735 0.171286 1.74475 -0.262003 -0.145812 -0.645857 0.702112
0.679486 0.170814 1.74526 -0.263261 -0.146671 -0.644996 0.702254
0.679241 0.17035 1.74576 -0.264493 -0.14751 -0.64415 0.702392
0.679 0.169894 1.74625 -0.265699 -0.14833 -0.64332 0.702525
0.678764 0.169444 1.74672 -0.26688 -0.149131 -0.642505 0.702654
0.678531 0.169002 1.74719 -0.268036 -0.149913 -0.641706 0.702778
0.678303 0.168567 1.74764 -0.269167 -0.150678 -0.64092 0.702898
0.678078 0.168138 1.74807 -0.270276 -0.151426 -0.640149 0.703015
0.677857 0.167716 1.7485 -0.271362 -0.152158 -0.639391 0.703128
0.677639 0.167299 1.74892 -0.272427 -0.152874 -0.638647 0.703238
0.677425 0.166889 1.74932 -0.273472 -0.153574 -0.637915 0.703344
0.677214 0.166484 1.74972 -0.274496 -0.154261 -0.637195 0.703447
0.677006 0.166085 1.7501 -0.275502 -0.154933 -0.636487 0.703547
0.676801 0.165691 1.75048 -0.276489 -0.155592 -0.63579 0.703645
0.676599 0.165302 1.75085 -0.27746 -0.156238 -0.635104 0.703739
0.6764 0.164917 1.75121 -0.278413 -0.156872 -0.634428 0.703831
0.676203 0.164537 1.75156 -0.279351 -0.157495 -0.633762 0.703921
0.676009 0.164161 1.7519 -0.280274 -0.158107 -0.633105 0.704008
0.675817 0.16379 1.75224 -0.281183 -0.158708 -0.632456 0.704093
0.675628 0.163422 1.75257 -0.282079 -0.1593 -0.631816 0.704176
0.67544 0.163057 1.75289 -0.282963 -0.159883 -0.631183 0.704257
0.675255 0.162696 1.75321 -0.283835 -0.160457 -0.630557 0.704336
0.675071 0.162338 1.75352 -0.284696 -0.161023 -0.629938 0.704413
0.674888 0.161983 1.75383 -0.285548 -0.161581 -0.629325 0.704488
0.674708 0.161631 1.75413 -0.28639 -0.162133 -0.628718 0.704562
0.674528 0.161281 1.75443 -0.287224 -0.162678 -0.628115 0.704635
0.67435 0.160933 1.75473 -0.288051 -0.163217 -0.627517 0.704705
0.674173 0.160587 1.75502 -0.288871 -0.163751 -0.626922 0.704775
0.673997 0.160243 1.75531 -0.289685 -0.164281 -0.626331 0.704843
0.673821 0.1599 1.75559 -0.290495 -0.164806 -0.625742 0.70491
0.673646 0.159559 1.75587 -0.2913 -0.165328 -0.625156 0.704976
0.673472 0.159219 1.75616 -0.292102 -0.165847 -0.624571 0.705041
0.673297 0.158879 1.75644 -0.292901 -0.166363 -0.623987 0.705105
0.673123 0.15854 1.75672 -0.293699 -0.166878 -0.623403 0.705167
0.672949 0.158202 1.757 -0.294495 -0.16739 -0.62282 0.705229
0.672775 0.157863 1.75727 -0.295292 -0.167902 -0.622235 0.70529
0.672601 0.157525 1.75755 -0.296089 -0.168414 -0.62165 0.70535
0.672426 0.157186 1.75783 -0.296886 -0.168924 -0.621064 0.70541
0.672251 0.156847 1.75811 -0.297684 -0.169434 -0.620477 0.705468
0.672075 0.156507 1.75838 -0.298482 -0.169943 -0.619888 0.705526
0.671899 0.156166 1.75866 -0.299281 -0.170452 -0.619297 0.705583
0.671723 0.155823 1.75894 -0.300081 -0.170961 -0.618705 0.705639
0.671545 0.155479 1.75921 -0.300882 -0.17147 -0.618112 0.705695
0.671367 0.155134 1.75948 -0.301685 -0.171978 -0.617516 0.70575
0.671188 0.154786 1.75976 -0.302489 -0.172487 -0.616918 0.705805
0.671009 0.154437 1.76003 -0.303295 -0.172995 -0.616318 0.705859
0.670828 0.154085 1.7603 -0.304103 -0.173504 -0.615716 0.705912
0.670646 0.15373 1.76057 -0.304912 -0.174013 -0.615111 0.705965
0.670464 0.153372 1.76084 -0.305724 -0.174523 -0.614503 0.706017
0.67028 0.153011 1.7611 -0.306538 -0.175033 -0.613893 0.706069
0.670095 0.152647 1.76137 -0.307355 -0.175543 -0.613279 0.70612
0.669908 0.152279 1.76163 -0.308175 -0.176054 -0.612662 0.706171
0.66972 0.151908 1.76189 -0.308997 -0.176566 -0.612042 0.706222
0.669531 0.151532 1.76215 -0.309823 -0.177079 -0.611418 0.706272
0.66934 0.151152 1.76241 -0.310652 -0.177592 -0.610791 0.706322
0.669147 0.150768 1.76267 -0.311484 -0.178107 -0.61016 0.706371
0.668953 0.150379 1.76292 -0.31232 -0.178622 -0.609525 0.70642
0.668757 0.149985 1.76318 -0.31316 -0.179139 -0.608886 0.706469
0.66856 0.149586 1.76343 -0.314004 -0.179657 -0.608242 0.706517
0.66836 0.149181 1.76367 -0.314852 -0.180176 -0.607594 0.706565
0.668158 0.148771 1.76392 -0.315704 -0.180696 -0.606942 0.706613
0.667955 0.148355 1.76416 -0.316561 -0.181218 -0.606285 0.70666
0.667749 0.147933 1.7644 -0.317422 -0.181741 -0.605622 0.706707
0.667541 0.147504 1.76464 -0.318288 -0.182265 -0.604955 0.706754
0.66733 0.147069 1.76488 -0.31916 -0.182791 -0.604283 0.7068
0.667118 0.146627 1.76511 -0.320036 -0.183319 -0.603605 0.706847
0.666902 0.146178 1.76534 -0.320918 -0.183848 -0.602921 0.706893
0.666685 0.145722 1.76557 -0.321806 -0.184379 -0.602232 0.706938
0.666465 0.145259 1.76579 -0.322699 -0.184912 -0.601537 0.706984
0.666242 0.14479 1.76601 -0.323597 -0.185446 -0.600837 0.707029
0.666017 0.144314 1.76623 -0.3245 -0.185981 -0.600132 0.707073
0.66579 0.143831 1.76644 -0.325408 -0.186518 -0.599421 0.707117
0.665561 0.143343 1.76666 -0.326321 -0.187055 -0.598706 0.707161
0.665329 0.142849 1.76687 -0.327238 -0.187594 -0.597986 0.707204
0.665096 0.142349 1.76707 -0.328159 -0.188133 -0.597261 0.707246
0.664861 0.141844 1.76728 -0.329085 -0.188673 -0.596531 0.707288
0.664623 0.141334 1.76748 -0.330015 -0.189213 -0.595797 0.707329
0.664384 0.14082 1.76768 -0.330949 -0.189753 -0.595059 0.707369
0.664143 0.140301 1.76788 -0.331886 -0.190294 -0.594317 0.707409
0.663901 0.139777 1.76808 -0.332826 -0.190835 -0.593571 0.707447
0.663657 0.13925 1.76827 -0.33377 -0.191376 -0.592822 0.707485
0.663411 0.138718 1.76847 -0.334718 -0.191917 -0.592069 0.707522
0.663164 0.138184 1.76866 -0.335668 -0.192457 -0.591312 0.707558
0.662915 0.137645 1.76885 -0.33662 -0.192997 -0.590552 0.707592
0.662665 0.137104 1.76904 -0.337576 -0.193537 -0.589789 0.707626
0.662414 0.13656 1.76922 -0.338534 -0.194076 -0.589023 0.707659
0.662162 0.136013 1.76941 -0.339494 -0.194614 -0.588254 0.707691
0.661908 0.135464 1.76959 -0.340456 -0.195152 -0.587483 0.707721
0.661654 0.134913 1.76977 -0.34142 -0.195689 -0.586709 0.707751
0.661398 0.134359 1.76995 -0.342385 -0.196224 -0.585933 0.707779
0.661142 0.133804 1.77013 -0.343353 -0.196759 -0.585154 0.707806
0.660884 0.133248 1.77031 -0.344321 -0.197292 -0.584374 0.707832
0.660626 0.132691 1.77049 -0.345291 -0.197824 -0.583592 0.707856
0.660368 0.132132 1.77067 -0.346262 -0.198354 -0.582808 0.707879
0.660108 0.131573 1.77084 -0.347233 -0.198883 -0.582023 0.707901
0.659848 0.131013 1.77102 -0.348205 -0.199411 -0.581236 0.707922
0.659588 0.130453 1.77119 -0.349178 -0.199936 -0.580448 0.707941
0.659327 0.129893 1.77137 -0.350151 -0.20046 -0.579659 0.707959
0.659066 0.129333 1.77154 -0.351124 -0.200982 -0.578869 0.707975
0.658805 0.128773 1.77172 -0.352097 -0.201502 -0.578078 0.70799
0.658544 0.128214 1.77189 -0.353071 -0.202021 -0.577286 0.708004
0.658281 0.127653 1.77206 -0.354047 -0.202539 -0.576491 0.708016
0.658017 0.127091 1.77224 -0.355026 -0.203057 -0.575693 0.708027
0.657752 0.126526 1.77241 -0.356011 -0.203575 -0.57489 0.708036
0.657485 0.125959 1.77259 -0.357 -0.204095 -0.574081 0.708044
0.657216 0.125388 1.77276 -0.357997 -0.204616 -0.573266 0.708051
0.656944 0.124813 1.77294 -0.359002 -0.205139 -0.572444 0.708056
0.65667 0.124232 1.77312 -0.360016 -0.205665 -0.571613 0.708059
0.656392 0.123647 1.7733 -0.361041 -0.206194 -0.570773 0.708062
0.656112 0.123055 1.77348 -0.362077 -0.206727 -0.569923 0.708062
0.655827 0.122456 1.77367 -0.363125 -0.207265 -0.569062 0.708061
0.655538 0.12185 1.77385 -0.364188 -0.207807 -0.568188 0.708058
0.655246 0.121236 1.77404 -0.365265 -0.208354 -0.5673 0.708053
0.654948 0.120613 1.77423 -0.366359 -0.208908 -0.566399 0.708047
0.654645 0.11998 1.77442 -0.36747 -0.209467 -0.565482 0.708039
0.654337 0.119338 1.77462 -0.3686 -0.210034 -0.56455 0.708028
0.654023 0.118684 1.77482 -0.369749 -0.210607 -0.5636 0.708016
0.653704 0.11802 1.77502 -0.370919 -0.211188 -0.562631 0.708001
0.653378 0.117343 1.77522 -0.37211 -0.211777 -0.561644 0.707984
0.653045 0.116654 1.77543 -0.373325 -0.212375 -0.560636 0.707964
0.652705 0.115952 1.77565 -0.374564 -0.212981 -0.559607 0.707941
0.652358 0.115236 1.77586 -0.375829 -0.213597 -0.558555 0.707916
0.652003 0.114506 1.77608 -0.37712 -0.214222 -0.557481 0.707888
0.65164 0.11376 1.77631 -0.378438 -0.214857 -0.556382 0.707856
0.651269 0.112999 1.77654 -0.379785 -0.215502 -0.555257 0.707821
0.650889 0.112222 1.77677 -0.381163 -0.216158 -0.554107 0.707783
0.650499 0.111428 1.77701 -0.382571 -0.216825 -0.552928 0.707741
0.650101 0.110616 1.77725 -0.384012 -0.217502 -0.551722 0.707694
0.649693 0.109787 1.7775 -0.385485 -0.218191 -0.550486 0.707643
0.649274 0.108939 1.77775 -0.386994 -0.218891 -0.549219 0.707588
0.648845 0.108072 1.77801 -0.388538 -0.219604 -0.547921 0.707528
0.648406 0.107185 1.77827 -0.390118 -0.220328 -0.54659 0.707463
0.647955 0.106279 1.77854 -0.391734 -0.221062 -0.545227 0.707392
0.647495 0.105355 1.77882 -0.393385 -0.221808 -0.543833 0.707316
0.647025 0.104413 1.77909 -0.395068 -0.222562 -0.542409 0.707234
0.646545 0.103454 1.77938 -0.396784 -0.223324 -0.540957 0.707146
0.646055 0.10248 1.77967 -0.39853 -0.224094 -0.539476 0.707051
0.645557 0.10149 1.77996 -0.400305 -0.224871 -0.537968 0.706951
0.645049 0.100485 1.78025 -0.402109 -0.225653 -0.536433 0.706844
0.644534 0.0994666 1.78055 -0.40394 -0.22644 -0.534873 0.70673
0.64401 0.098435 1.78085 -0.405797 -0.227232 -0.533289 0.70661
0.643478 0.0973908 1.78116 -0.407679 -0.228026 -0.531682 0.706482
0.642939 0.0963349 1.78147 -0.409584 -0.228823 -0.530051 0.706348
0.642392 0.095268 1.78178 -0.411511 -0.229622 -0.528399 0.706206
0.641839 0.0941907 1.78209 -0.41346 -0.230421 -0.526727 0.706057
0.641279 0.0931037 1.78241 -0.415428 -0.231221 -0.525035 0.7059
0.640713 0.0920079 1.78272 -0.417415 -0.23202 -0.523324 0.705736
0.64014 0.0909038 1.78304 -0.41942 -0.232818 -0.521596 0.705564
0.639562 0.0897922 1.78336 -0.42144 -0.233614 -0.51985 0.705385
0.638979 0.0886737 1.78369 -0.423476 -0.234408 -0.518089 0.705198
0.638391 0.087549 1.78401 -0.425526 -0.235198 -0.516314 0.705003
0.637798 0.0864189 1.78433 -0.427589 -0.235984 -0.514525 0.704801
0.6372 0.085284 1.78466 -0.429663 -0.236765 -0.512722 0.70459
0.636599 0.0841449 1.78499 -0.431747 -0.237541 -0.510909 0.704372
0.635994 0.0830024 1.78531 -0.433841 -0.238312 -0.509084 0.704147
0.635385 0.081857 1.78564 -0.435942 -0.239076 -0.50725 0.703913
0.634773 0.0807096 1.78597 -0.438051 -0.239833 -0.505408 0.703672
0.634159 0.0795606 1.78629 -0.440164 -0.240583 -0.503557 0.703424
0.633542 0.0784108 1.78662 -0.442283 -0.241326 -0.501701 0.703168
0.632923 0.0772609 1.78695 -0.444404 -0.242059 -0.499838 0.702904
0.632302 0.0761114 1.78727 -0.446528 -0.242784 -0.497971 0.702633
0.63168 0.074963 1.7876 -0.448652 -0.2435 -0.496101 0.702355
0.631057 0.0738163 1.78792 -0.450776 -0.244206 -0.494229 0.70207
0.630434 0.072672 1.78824 -0.452899 -0.244902 -0.492355 0.701778
0.629809 0.0715297 1.78856 -0.455021 -0.245588 -0.490479 0.701479
0.629183 0.0703892 1.78889 -0.457142 -0.246264 -0.488602 0.701173
0.628556 0.0692502 1.78921 -0.459263 -0.246931 -0.486721 0.70086
0.627928 0.0681124 1.78952 -0.461386 -0.247588 -0.484838 0.70054
0.627298 0.0669754 1.78984 -0.463509 -0.248236 -0.482951 0.700212
0.626667 0.0658391 1.79016 -0.465635 -0.248875 -0.481059 0.699877
0.626034 0.064703 1.79048 -0.467762 -0.249505 -0.479164 0.699534
0.625399 0.063567 1.7908 -0.469893 -0.250126 -0.477263 0.699184
0.624761 0.0624308 1.79111 -0.472027 -0.250738 -0.475357 0.698825
0.624121 0.0612941 1.79143 -0.474165 -0.251342 -0.473445 0.698459
0.623479 0.0601566 1.79175 -0.476307 -0.251936 -0.471527 0.698085
0.622834 0.059018 1.79206 -0.478454 -0.252523 -0.469602 0.697702
0.622187 0.0578782 1.79238 -0.480607 -0.2531 -0.467669 0.697311
0.621536 0.0567367 1.7927 -0.482766 -0.253669 -0.465729 0.696911
0.620882 0.0555935 1.79301 -0.484932 -0.25423 -0.463781 0.696503
0.620225 0.0544481 1.79333 -0.487104 -0.254782 -0.461824 0.696085
0.619564 0.0533004 1.79365 -0.489284 -0.255326 -0.459858 0.695658
0.618899 0.0521501 1.79397 -0.491473 -0.255861 -0.457882 0.695222
0.618231 0.050997 1.79428 -0.493669 -0.256388 -0.455896 0.694776
0.617559 0.0498408 1.7946 -0.495875 -0.256906 -0.4539 0.694321
0.616882 0.0486813 1.79492 -0.498091 -0.257416 -0.451893 0.693855
0.616201 0.0475182 1.79524 0.500317 0.257917 0.449875 -0.693379
0.615516 0.0463514 1.79556 0.502553 0.258409 0.447844 -0.692893
0.614825 0.0451805 1.79589 0.5048 0.258893 0.445802 -0.692396
0.61413 0.0440054 1.79621 0.507059 0.259368 0.443747 -0.691887
0.61343 0.0428259 1.79653 0.50933 0.259834 0.441678 -0.691368
0.612725 0.0416417 1.79686 0.511614 0.260291 0.439596 -0.690837
0.612014 0.0404526 1.79719 0.513911 0.260738 0.4375 -0.690294
0.611297 0.0392585 1.79751 0.516221 0.261176 0.435389 -0.689739
0.610575 0.038059 1.79784 0.518545 0.261605 0.433264 -0.689171
0.609847 0.036854 1.79817 0.520883 0.262024 0.431123 -0.688591
0.609113 0.0356434 1.7985 0.523237 0.262434 0.428966 -0.687997
0.608372 0.0344275 1.79884 0.525604 0.262833 0.426794 -0.687391
0.607626 0.0332066 1.79917 0.527986 0.263221 0.424608 -0.686771
0.606875 0.0319812 1.79951 0.53038 0.263599 0.422407 -0.686138
0.606118 0.0307516 1.79984 0.532786 0.263965 0.420193 -0.685492
0.605356 0.0295182 1.80018 0.535205 0.264319 0.417966 -0.684832
0.604588 0.0282814 1.80052 0.537634 0.264662 0.415728 -0.68416
0.603816 0.0270415 1.80086 0.540073 0.264992 0.413477 -0.683474
0.603039 0.0257989 1.8012 0.542523 0.26531 0.411216 -0.682775
0.602257 0.0245539 1.80154 0.544981 0.265615 0.408944 -0.682062
0.601471 0.0233069 1.80188 0.547448 0.265907 0.406662 -0.681337
0.600681 0.0220583 1.80222 0.549922 0.266186 0.404372 -0.680598
0.599887 0.0208084 1.80256 0.552404 0.266451 0.402072 -0.679847
0.599089 0.0195576 1.80291 0.554892 0.266702 0.399765 -0.679082
0.598288 0.0183062 1.80325 0.557387 0.266939 0.397451 -0.678304
0.597483 0.0170546 1.80359 0.559886 0.267161 0.39513 -0.677514
0.596674 0.015803 1.80393 0.56239 0.267369 0.392803 -0.67671
0.595863 0.0145519 1.80428 0.564898 0.267563 0.39047 -0.675894
0.595048 0.0133016 1.80462 0.56741 0.267742 0.388133 -0.675066
0.594231 0.0120524 1.80496 0.569924 0.267905 0.385791 -0.674224
0.593412 0.0108046 1.8053 0.57244 0.268054 0.383446 -0.673371
0.59259 0.00955852 1.80565 0.574958 0.268187 0.381098 -0.672505
0.591766 0.00831456 1.80599 0.577477 0.268305 0.378747 -0.671627
0.590939 0.00707299 1.80633 0.579997 0.268408 0.376395 -0.670737
0.590111 0.00583412 1.80667 0.582516 0.268495 0.374042 -0.669835
0.589282 0.00459828 1.80701 0.585034 0.268567 0.371688 -0.668921
0.588451 0.00336576 1.80735 0.587551 0.268622 0.369334 -0.667996
0.587619 0.00213687 1.80769 0.590065 0.268663 0.366981 -0.667059
0.586785 0.000911899 1.80802 0.592577 0.268687 0.364629 -0.666112
0.585951 -0.000308847 1.80836 0.595086 0.268696 0.362279 -0.665153
0.585116 -0.00152508 1.8087 0.597591 0.268689 0.359932 -0.664184
0.584281 -0.00273652 1.80903 0.600092 0.268666 0.357588 -0.663204
0.583446 -0.00394288 1.80937 0.602587 0.268627 0.355247 -0.662214
0.58261 -0.00514414 1.8097 0.605078 0.268573 0.35291 -0.661213
0.581774 -0.00634026 1.81003 0.607564 0.268504 0.350577 -0.660203
0.580937 -0.00753124 1.81036 0.610044 0.268418 0.348248 -0.659182
0.580101 -0.00871703 1.81069 0.61252 0.268318 0.345924 -0.658151
0.579264 -0.00989762 1.81102 0.61499 0.268201 0.343603 -0.657109
0.578427 -0.011073 1.81135 0.617455 0.268069 0.341287 -0.656058
0.57759 -0.0122431 1.81168 0.619915 0.267922 0.338975 -0.654996
0.576753 -0.0134079 1.812 0.622369 0.267759 0.336667 -0.653924
0.575915 -0.0145674 1.81233 0.624819 0.267581 0.334364 -0.652842
0.575078 -0.0157216 1.81265 0.627262 0.267387 0.332066 -0.65175
0.57424 -0.0168704 1.81297 0.629701 0.267178 0.329772 -0.650648
0.573402 -0.0180139 1.81329 0.632134 0.266954 0.327484 -0.649536
0.572564 -0.0191519 1.81361 0.634561 0.266715 0.3252 -0.648414
0.571726 -0.0202845 1.81393 0.636983 0.26646 0.322921 -0.647281
0.570888 -0.0214117 1.81425 0.6394 0.26619 0.320647 -0.646139
0.57005 -0.0225333 1.81457 0.64181 0.265906 0.318379 -0.644987
0.569212 -0.0236495 1.81488 0.644215 0.265606 0.316116 -0.643825
0.568373 -0.0247601 1.8152 0.646615 0.26529 0.313859 -0.642653
0.567535 -0.0258652 1.81551 0.649008 0.26496 0.311606 -0.641472
0.566697 -0.0269647 1.81583 0.651396 0.264615 0.30936 -0.64028
0.565859 -0.0280586 1.81614 0.653778 0.264255 0.307119 -0.639079
0.565021 -0.0291468 1.81645 0.656154 0.26388 0.304884 -0.637867
0.564182 -0.0302294 1.81676 0.658524 0.263491 0.302655 -0.636646
0.563344 -0.0313063 1.81707 0.660888 0.263086 0.300432 -0.635415
0.562506 -0.0323774 1.81738 0.663247 0.262667 0.298215 -0.634175
0.561669 -0.0334429 1.81768 0.665599 0.262233 0.296004 -0.632925
0.560831 -0.0345026 1.81799 0.667945 0.261784 0.293799 -0.631665
0.559993 -0.0355565 1.81829 0.670285 0.261321 0.291601 -0.630395
0.559156 -0.0366045 1.8186 0.672619 0.260843 0.289409 -0.629116
0.558318 -0.0376468 1.8189 0.674947 0.26035 0.287224 -0.627828
0.557481 -0.0386832 1.8192 0.677268 0.259843 0.285045 -0.626529
