0.637864 -0.206236 1.83348 0.64234 0.240908 0.663278 0.29904
0.637884 -0.206104 1.83351 0.642312 0.241139 0.663199 0.299089
0.637904 -0.205971 1.83355 0.642284 0.24137 0.663121 0.299137
0.637924 -0.205839 1.83359 0.642256 0.2416 0.663042 0.299186
0.637943 -0.205706 1.83362 0.642228 0.241831 0.662963 0.299234
0.637963 -0.205574 1.83366 0.642201 0.242061 0.662883 0.299283
0.637983 -0.205442 1.8337 0.642173 0.242292 0.662804 0.299331
0.638002 -0.205309 1.83373 0.642146 0.242522 0.662724 0.29938
0.638022 -0.205177 1.83377 0.642118 0.242753 0.662645 0.299428
0.638042 -0.205045 1.83381 0.642091 0.242983 0.662565 0.299477
0.638061 -0.204912 1.83384 0.642063 0.243214 0.662485 0.299526
0.638081 -0.20478 1.83388 0.642036 0.243444 0.662405 0.299574
0.6381 -0.204647 1.83392 0.642009 0.243674 0.662325 0.299623
0.638119 -0.204515 1.83396 0.641982 0.243904 0.662244 0.299672
0.638139 -0.204383 1.83399 0.641954 0.244134 0.662163 0.299721
0.638158 -0.20425 1.83403 0.641927 0.244364 0.662083 0.299769
0.638177 -0.204118 1.83407 0.641901 0.244594 0.662002 0.299818
0.638196 -0.203985 1.8341 0.641874 0.244824 0.661921 0.299867
0.638215 -0.203853 1.83414 0.641847 0.245054 0.661839 0.299916
0.638234 -0.203721 1.83418 0.64182 0.245284 0.661758 0.299965
0.638253 -0.203588 1.83422 0.641794 0.245514 0.661677 0.300013
0.638272 -0.203456 1.83425 0.641767 0.245744 0.661595 0.300062
0.638291 -0.203323 1.83429 0.641741 0.245973 0.661513 0.300111
0.63831 -0.203191 1.83433 0.641714 0.246203 0.661431 0.30016
0.638329 -0.203059 1.83437 0.641688 0.246432 0.661349 0.300209
0.638348 -0.202926 1.8344 0.641662 0.246662 0.661267 0.300258
0.638367 -0.202794 1.83444 0.641635 0.246891 0.661184 0.300307
0.638385 -0.202661 1.83448 0.641609 0.247121 0.661102 0.300356
0.638404 -0.202529 1.83452 0.641583 0.24735 0.661019 0.300405
0.638423 -0.202397 1.83456 0.641557 0.247579 0.660936 0.300454
0.638441 -0.202264 1.83459 0.641531 0.247809 0.660853 0.300503
0.63846 -0.202132 1.83463 0.641505 0.248038 0.66077 0.300552
0.638478 -0.201999 1.83467 0.64148 0.248267 0.660686 0.300601
0.638497 -0.201867 1.83471 0.641454 0.248496 0.660603 0.300651
0.638515 -0.201735 1.83475 0.641428 0.248725 0.660519 0.3007
0.638534 -0.201602 1.83478 0.641403 0.248954 0.660435 0.300749
0.638552 -0.20147 1.83482 0.641377 0.249183 0.660351 0.300798
0.63857 -0.201337 1.83486 0.641352 0.249412 0.660267 0.300847
0.638588 -0.201205 1.8349 0.641327 0.24964 0.660183 0.300897
0.638606 -0.201073 1.83494 0.641301 0.249869 0.660098 0.300946
0.638625 -0.20094 1.83498 0.641276 0.250098 0.660014 0.300995
0.638643 -0.200808 1.83501 0.641251 0.250327 0.659929 0.301045
0.638661 -0.200675 1.83505 0.641226 0.250555 0.659844 0.301094
0.638679 -0.200543 1.83509 0.641201 0.250784 0.659759 0.301143
0.638697 -0.200411 1.83513 0.641176 0.251012 0.659674 0.301193
0.638715 -0.200278 1.83517 0.641151 0.25124 0.659588 0.301242
0.638732 -0.200146 1.83521 0.641126 0.251469 0.659503 0.301291
0.63875 -0.200013 1.83525 0.641102 0.251697 0.659417 0.301341
0.638768 -0.199881 1.83529 0.641077 0.251925 0.659331 0.30139
0.638786 -0.199749 1.83532 0.641053 0.252154 0.659245 0.30144
0.638803 -0.199616 1.83536 0.641028 0.252382 0.659159 0.301489
0.638821 -0.199484 1.8354 0.641004 0.25261 0.659073 0.301539
0.638839 -0.199352 1.83544 0.640979 0.252838 0.658986 0.301589
0.638856 -0.199219 1.83548 0.640955 0.253066 0.6589 0.301638
0.638874 -0.199087 1.83552 0.640931 0.253294 0.658813 0.301688
0.638891 -0.198954 1.83556 0.640907 0.253522 0.658726 0.301737
0.638908 -0.198822 1.8356 0.640883 0.253749 0.658639 0.301787
0.638926 -0.19869 1.83564 0.640859 0.253977 0.658552 0.301837
0.638943 -0.198557 1.83568 0.640835 0.254205 0.658464 0.301887
0.63896 -0.198425 1.83572 0.640811 0.254432 0.658377 0.301936
0.638977 -0.198292 1.83576 0.640787 0.25466 0.658289 0.301986
0.638995 -0.19816 1.8358 0.640764 0.254887 0.658201 0.302036
0.639012 -0.198028 1.83584 0.64074 0.255115 0.658113 0.302086
0.639029 -0.197895 1.83588 0.640716 0.255342 0.658025 0.302136
0.639046 -0.197763 1.83591 0.640693 0.25557 0.657937 0.302185
0.639063 -0.19763 1.83595 0.64067 0.255797 0.657848 0.302235
0.63908 -0.197498 1.83599 0.640646 0.256024 0.65776 0.302285
0.639097 -0.197366 1.83603 0.640623 0.256251 0.657671 0.302335
0.639114 -0.197233 1.83607 0.6406 0.256478 0.657582 0.302385
0.63913 -0.197101 1.83611 0.640577 0.256705 0.657493 0.302435
0.639147 -0.196968 1.83615 0.640554 0.256932 0.657404 0.302485
0.639164 -0.196836 1.83619 0.640531 0.257159 0.657314 0.302535
0.63918 -0.196704 1.83623 0.640508 0.257386 0.657225 0.302585
0.639197 -0.196571 1.83627 0.640485 0.257613 0.657135 0.302635
0.639214 -0.196439 1.83632 0.640462 0.25784 0.657045 0.302686
0.63923 -0.196306 1.83636 0.640439 0.258067 0.656955 0.302736
0.639247 -0.196174 1.8364 0.640417 0.258293 0.656865 0.302786
0.639263 -0.196042 1.83644 0.640394 0.25852 0.656775 0.302836
0.63928 -0.195909 1.83648 0.640372 0.258746 0.656684 0.302886
0.639296 -0.195777 1.83652 0.640349 0.258973 0.656594 0.302937
0.639312 -0.195645 1.83656 0.640327 0.259199 0.656503 0.302987
0.639328 -0.195512 1.8366 0.640305 0.259426 0.656412 0.303037
0.639345 -0.19538 1.83664 0.640282 0.259652 0.656321 0.303087
0.639361 -0.195247 1.83668 0.64026 0.259878 0.65623 0.303138
0.639377 -0.195115 1.83672 0.640238 0.260104 0.656138 0.303188
0.639393 -0.194983 1.83676 0.640216 0.260331 0.656047 0.303239
0.639409 -0.19485 1.8368 0.640194 0.260557 0.655955 0.303289
0.639425 -0.194718 1.83684 0.640172 0.260783 0.655863 0.30334
0.639441 -0.194585 1.83688 0.640151 0.261009 0.655771 0.30339
0.639457 -0.194453 1.83693 0.640129 0.261234 0.655679 0.303441
0.639473 -0.194321 1.83697 0.640107 0.26146 0.655587 0.303491
0.639489 -0.194188 1.83701 0.640086 0.261686 0.655495 0.303542
0.639504 -0.194056 1.83705 0.640064 0.261912 0.655402 0.303592
0.63952 -0.193924 1.83709 0.640043 0.262137 0.655309 0.303643
0.639536 -0.193791 1.83713 0.640021 0.262363 0.655216 0.303694
0.639551 -0.193659 1.83717 0.64 0.262589 0.655123 0.303744
0.639567 -0.193526 1.83721 0.639979 0.262814 0.65503 0.303795
0.639583 -0.193394 1.83726 0.639958 0.26304 0.654937 0.303846
0.639598 -0.193262 1.8373 0.639937 0.263265 0.654843 0.303897
0.639613 -0.193129 1.83734 0.639916 0.26349 0.654749 0.303948
0.639629 -0.192997 1.83738 0.639895 0.263716 0.654656 0.303998
0.639644 -0.192864 1.83742 0.639874 0.263941 0.654562 0.304049
0.63966 -0.192732 1.83746 0.639853 0.264166 0.654467 0.3041
0.639675 -0.192599 1.83751 0.639832 0.264392 0.654373 0.304151
0.63969 -0.192467 1.83755 0.639811 0.264617 0.654278 0.304202
0.639705 -0.192334 1.83759 0.639791 0.264842 0.654184 0.304253
0.63972 -0.192202 1.83763 0.63977 0.265068 0.654089 0.304304
0.639736 -0.192069 1.83767 0.63975 0.265293 0.653994 0.304356
0.639751 -0.191936 1.83772 0.639729 0.265519 0.653898 0.304407
0.639766 -0.191803 1.83776 0.639709 0.265744 0.653803 0.304458
0.639781 -0.19167 1.8378 0.639688 0.26597 0.653707 0.30451
0.639796 -0.191537 1.83784 0.639668 0.266196 0.653611 0.304561
0.639811 -0.191404 1.83788 0.639648 0.266422 0.653515 0.304613
0.639826 -0.191271 1.83793 0.639628 0.266648 0.653418 0.304664
0.639841 -0.191137 1.83797 0.639607 0.266874 0.653322 0.304716
0.639855 -0.191004 1.83801 0.639587 0.2671 0.653225 0.304768
0.63987 -0.19087 1.83806 0.639567 0.267326 0.653128 0.304819
0.639885 -0.190736 1.8381 0.639547 0.267553 0.65303 0.304871
0.6399 -0.190603 1.83814 0.639527 0.26778 0.652932 0.304923
0.639914 -0.190469 1.83818 0.639507 0.268007 0.652835 0.304975
0.639929 -0.190334 1.83823 0.639487 0.268234 0.652736 0.305028
0.639944 -0.1902 1.83827 0.639468 0.268461 0.652638 0.30508
0.639959 -0.190065 1.83831 0.639448 0.268689 0.652539 0.305132
0.639973 -0.189931 1.83836 0.639428 0.268916 0.65244 0.305185
0.639988 -0.189796 1.8384 0.639408 0.269144 0.652341 0.305237
0.640002 -0.189661 1.83845 0.639389 0.269373 0.652241 0.30529
0.640017 -0.189525 1.83849 0.639369 0.269601 0.652141 0.305343
0.640031 -0.18939 1.83853 0.639349 0.26983 0.652041 0.305396
0.640046 -0.189254 1.83858 0.63933 0.270059 0.651941 0.305449
0.64006 -0.189118 1.83862 0.63931 0.270288 0.65184 0.305502
0.640075 -0.188982 1.83867 0.639291 0.270518 0.651739 0.305555
0.640089 -0.188846 1.83871 0.639271 0.270748 0.651637 0.305609
0.640103 -0.18871 1.83875 0.639252 0.270978 0.651535 0.305662
0.640118 -0.188573 1.8388 0.639233 0.271208 0.651433 0.305716
0.640132 -0.188436 1.83884 0.639213 0.271439 0.651331 0.30577
0.640146 -0.188299 1.83889 0.639194 0.27167 0.651228 0.305823
0.640161 -0.188162 1.83893 0.639175 0.271901 0.651125 0.305877
0.640175 -0.188024 1.83898 0.639156 0.272132 0.651022 0.305931
0.640189 -0.187887 1.83902 0.639137 0.272364 0.650919 0.305986
0.640203 -0.187749 1.83907 0.639118 0.272595 0.650815 0.30604
0.640217 -0.187611 1.83911 0.639099 0.272827 0.650711 0.306094
0.640231 -0.187473 1.83916 0.63908 0.273059 0.650607 0.306149
0.640245 -0.187335 1.83921 0.639061 0.273291 0.650502 0.306203
0.640259 -0.187197 1.83925 0.639042 0.273523 0.650397 0.306258
0.640273 -0.187059 1.8393 0.639023 0.273756 0.650292 0.306312
0.640287 -0.186921 1.83934 0.639004 0.273988 0.650187 0.306367
0.640301 -0.186782 1.83939 0.638986 0.274221 0.650081 0.306422
0.640315 -0.186643 1.83944 0.638967 0.274453 0.649976 0.306477
0.640329 -0.186505 1.83948 0.638948 0.274686 0.64987 0.306532
0.640343 -0.186366 1.83953 0.63893 0.274919 0.649764 0.306587
0.640356 -0.186227 1.83957 0.638911 0.275152 0.649657 0.306642
0.64037 -0.186088 1.83962 0.638893 0.275385 0.64955 0.306697
0.640384 -0.185949 1.83967 0.638875 0.275618 0.649444 0.306752
0.640397 -0.18581 1.83971 0.638857 0.275851 0.649336 0.306808
0.640411 -0.185671 1.83976 0.638838 0.276084 0.649229 0.306863
0.640424 -0.185532 1.83981 0.63882 0.276316 0.649122 0.306918
0.640438 -0.185393 1.83985 0.638802 0.276549 0.649014 0.306974
0.640451 -0.185254 1.8399 0.638784 0.276782 0.648906 0.307029
0.640465 -0.185115 1.83995 0.638766 0.277015 0.648798 0.307085
0.640478 -0.184976 1.83999 0.638748 0.277248 0.64869 0.307141
0.640491 -0.184836 1.84004 0.638731 0.277481 0.648582 0.307196
0.640505 -0.184697 1.84009 0.638713 0.277713 0.648473 0.307252
0.640518 -0.184558 1.84013 0.638695 0.277946 0.648364 0.307308
0.640531 -0.184419 1.84018 0.638678 0.278179 0.648255 0.307363
0.640544 -0.184279 1.84023 0.63866 0.278412 0.648146 0.307419
0.640557 -0.184139 1.84028 0.638643 0.278645 0.648036 0.307476
0.64057 -0.183999 1.84032 0.638625 0.278879 0.647926 0.307532
0.640583 -0.183859 1.84037 0.638608 0.279114 0.647816 0.307588
0.640596 -0.183718 1.84042 0.63859 0.279349 0.647704 0.307645
0.640609 -0.183576 1.84047 0.638573 0.279584 0.647593 0.307702
0.640622 -0.183434 1.84052 0.638556 0.279821 0.647481 0.307759
0.640635 -0.183292 1.84056 0.638538 0.280059 0.647368 0.307817
0.640648 -0.183149 1.84061 0.638521 0.280297 0.647254 0.307875
0.640661 -0.183004 1.84066 0.638503 0.280537 0.64714 0.307933
0.640674 -0.18286 1.84071 0.638486 0.280778 0.647025 0.307991
0.640688 -0.182714 1.84076 0.638468 0.28102 0.646909 0.308051
0.640701 -0.182567 1.84081 0.63845 0.281264 0.646792 0.30811
0.640714 -0.182419 1.84086 0.638433 0.281509 0.646674 0.30817
0.640727 -0.182271 1.84091 0.638415 0.281756 0.646556 0.30823
0.64074 -0.182121 1.84097 0.638397 0.282005 0.646436 0.308291
0.640753 -0.18197 1.84102 0.638379 0.282255 0.646315 0.308353
0.640767 -0.181817 1.84107 0.638361 0.282507 0.646193 0.308415
0.64078 -0.181664 1.84112 0.638343 0.282762 0.646069 0.308478
0.640793 -0.181508 1.84117 0.638324 0.283018 0.645945 0.308541
0.640807 -0.181352 1.84123 0.638306 0.283277 0.645819 0.308605
0.64082 -0.181194 1.84128 0.638287 0.283538 0.645692 0.30867
0.640834 -0.181034 1.84134 0.638269 0.283802 0.645563 0.308736
0.640847 -0.180873 1.84139 0.63825 0.284068 0.645433 0.308802
0.640861 -0.18071 1.84145 0.638231 0.284336 0.645301 0.308869
0.640875 -0.180546 1.84151 0.638212 0.284608 0.645168 0.308937
0.640889 -0.180379 1.84156 0.638193 0.284882 0.645033 0.309005
0.640902 -0.180211 1.84162 0.638174 0.285159 0.644896 0.309075
0.640916 -0.18004 1.84168 0.638154 0.285439 0.644758 0.309145
0.64093 -0.179868 1.84174 0.638134 0.285722 0.644618 0.309217
0.640944 -0.179694 1.8418 0.638115 0.286009 0.644476 0.309289
0.640959 -0.179517 1.84186 0.638095 0.286298 0.644332 0.309362
0.640973 -0.179339 1.84192 0.638075 0.28659 0.644187 0.309436
0.640987 -0.17916 1.84198 0.638054 0.286884 0.64404 0.309511
0.641001 -0.178978 1.84204 0.638034 0.287181 0.643891 0.309587
0.641016 -0.178795 1.84211 0.638014 0.287481 0.643741 0.309663
0.64103 -0.17861 1.84217 0.637993 0.287783 0.643589 0.30974
0.641045 -0.178424 1.84223 0.637972 0.288087 0.643436 0.309818
0.641059 -0.178237 1.8423 0.637952 0.288394 0.643281 0.309897
0.641073 -0.178048 1.84236 0.637931 0.288702 0.643125 0.309976
0.641088 -0.177857 1.84243 0.63791 0.289013 0.642968 0.310056
0.641102 -0.177666 1.8425 0.63789 0.289325 0.642809 0.310137
0.641117 -0.177473 1.84256 0.637869 0.289639 0.642649 0.310218
0.641131 -0.177279 1.84263 0.637848 0.289955 0.642488 0.310299
0.641145 -0.177084 1.8427 0.637827 0.290272 0.642325 0.310382
0.64116 -0.176888 1.84277 0.637806 0.290591 0.642162 0.310465
0.641174 -0.176691 1.84283 0.637786 0.290911 0.641997 0.310548
0.641188 -0.176494 1.8429 0.637765 0.291232 0.641832 0.310632
0.641203 -0.176295 1.84297 0.637744 0.291555 0.641665 0.310716
0.641217 -0.176096 1.84304 0.637723 0.291878 0.641497 0.310801
0.641231 -0.175896 1.84311 0.637703 0.292203 0.641329 0.310886
0.641245 -0.175695 1.84318 0.637682 0.292528 0.64116 0.310971
0.641259 -0.175494 1.84325 0.637662 0.292854 0.64099 0.311057
0.641273 -0.175292 1.84332 0.637641 0.293181 0.640819 0.311143
0.641287 -0.17509 1.8434 0.637621 0.293508 0.640647 0.311229
0.641301 -0.174888 1.84347 0.637601 0.293836 0.640475 0.311316
0.641314 -0.174685 1.84354 0.637581 0.294164 0.640302 0.311403
0.641328 -0.174482 1.84361 0.637561 0.294492 0.640129 0.31149
0.641342 -0.174278 1.84368 0.637541 0.294821 0.639955 0.311577
0.641355 -0.174075 1.84375 0.637521 0.295149 0.639781 0.311664
0.641368 -0.173872 1.84383 0.637501 0.295477 0.639606 0.311752
0.641382 -0.173668 1.8439 0.637482 0.295806 0.639431 0.311839
0.641395 -0.173465 1.84397 0.637463 0.296134 0.639256 0.311927
0.641408 -0.173261 1.84404 0.637443 0.296462 0.639079 0.312015
0.641421 -0.173057 1.84412 0.637424 0.296791 0.638903 0.312103
0.641434 -0.172852 1.84419 0.637405 0.297121 0.638725 0.312192
0.641447 -0.172647 1.84426 0.637386 0.297451 0.638547 0.312281
0.641459 -0.172441 1.84434 0.637367 0.297783 0.638368 0.31237
0.641472 -0.172234 1.84441 0.637348 0.298115 0.638187 0.31246
0.641485 -0.172027 1.84449 0.63733 0.29845 0.638006 0.31255
0.641497 -0.171818 1.84456 0.637311 0.298785 0.637823 0.312641
0.64151 -0.171607 1.84464 0.637292 0.299123 0.637638 0.312733
0.641523 -0.171396 1.84471 0.637273 0.299462 0.637452 0.312826
0.641535 -0.171183 1.84479 0.637254 0.299804 0.637265 0.312919
0.641548 -0.170968 1.84487 0.637235 0.300148 0.637076 0.313013
0.64156 -0.170751 1.84495 0.637217 0.300494 0.636884 0.313108
0.641573 -0.170533 1.84503 0.637198 0.300844 0.636691 0.313204
0.641585 -0.170313 1.84511 0.637179 0.301196 0.636496 0.313301
0.641598 -0.17009 1.84519 0.63716 0.301552 0.636298 0.313399
0.64161 -0.169866 1.84527 0.637141 0.30191 0.636098 0.313498
0.641622 -0.169639 1.84535 0.637121 0.302273 0.635896 0.313598
0.641635 -0.169409 1.84544 0.637102 0.302639 0.635691 0.3137
0.641647 -0.169177 1.84552 0.637083 0.303009 0.635483 0.313803
0.64166 -0.168942 1.84561 0.637064 0.303383 0.635273 0.313907
0.641672 -0.168704 1.84569 0.637044 0.303761 0.635059 0.314013
0.641685 -0.168463 1.84578 0.637024 0.304144 0.634842 0.314121
0.641697 -0.168219 1.84587 0.637005 0.304531 0.634622 0.314229
0.64171 -0.167972 1.84596 0.636985 0.304923 0.634399 0.31434
0.641722 -0.167721 1.84605 0.636965 0.305321 0.634173 0.314452
0.641734 -0.167467 1.84615 0.636945 0.305723 0.633942 0.314566
0.641747 -0.167209 1.84624 0.636925 0.306131 0.633708 0.314682
0.641759 -0.166948 1.84634 0.636904 0.306544 0.63347 0.3148
0.641772 -0.166682 1.84644 0.636884 0.306964 0.633228 0.31492
0.641784 -0.166413 1.84654 0.636863 0.307389 0.632982 0.315042
0.641797 -0.16614 1.84664 0.636842 0.30782 0.632732 0.315166
0.641809 -0.165863 1.84674 0.636821 0.308256 0.632478 0.315291
0.641822 -0.165582 1.84684 0.636801 0.308698 0.63222 0.315419
0.641834 -0.165298 1.84695 0.63678 0.309144 0.631958 0.315548
0.641846 -0.165011 1.84706 0.636759 0.309596 0.631692 0.31568
0.641858 -0.16472 1.84716 0.636737 0.310053 0.631423 0.315813
0.64187 -0.164426 1.84727 0.636716 0.310514 0.63115 0.315947
0.641882 -0.164129 1.84739 0.636695 0.310979 0.630874 0.316083
0.641894 -0.163829 1.8475 0.636674 0.311448 0.630595 0.316221
0.641906 -0.163527 1.84761 0.636654 0.311921 0.630312 0.316361
0.641918 -0.163222 1.84773 0.636633 0.312398 0.630026 0.316502
0.641929 -0.162914 1.84784 0.636612 0.312878 0.629737 0.316644
0.641941 -0.162605 1.84796 0.636591 0.313362 0.629445 0.316788
0.641952 -0.162292 1.84808 0.636571 0.313849 0.629151 0.316933
0.641963 -0.161978 1.8482 0.63655 0.314338 0.628853 0.317079
0.641974 -0.161662 1.84831 0.63653 0.314831 0.628553 0.317227
0.641984 -0.161344 1.84844 0.63651 0.315325 0.62825 0.317375
0.641995 -0.161024 1.84856 0.63649 0.315822 0.627945 0.317525
0.642005 -0.160703 1.84868 0.63647 0.316321 0.627637 0.317676
0.642015 -0.16038 1.8488 0.636451 0.316822 0.627328 0.317828
0.642025 -0.160056 1.84893 0.636431 0.317325 0.627016 0.317981
0.642035 -0.15973 1.84905 0.636412 0.317829 0.626702 0.318134
0.642044 -0.159404 1.84918 0.636393 0.318334 0.626386 0.318289
0.642053 -0.159076 1.84931 0.636375 0.318841 0.626068 0.318444
0.642062 -0.158748 1.84943 0.636356 0.319348 0.625749 0.3186
0.642071 -0.158419 1.84956 0.636338 0.319856 0.625428 0.318757
0.642079 -0.158089 1.84969 0.63632 0.320365 0.625105 0.318914
0.642087 -0.157759 1.84982 0.636303 0.320874 0.624782 0.319072
0.642095 -0.157429 1.84995 0.636286 0.321382 0.624457 0.31923
0.642103 -0.157098 1.85008 0.636269 0.321891 0.62413 0.319389
0.64211 -0.156768 1.85021 0.636252 0.3224 0.623803 0.319548
0.642117 -0.156437 1.85034 0.636236 0.322908 0.623475 0.319708
0.642124 -0.156106 1.85047 0.63622 0.323416 0.623146 0.319868
0.642131 -0.155775 1.8506 0.636204 0.323924 0.622816 0.320028
0.642137 -0.155443 1.85073 0.636189 0.324432 0.622484 0.320189
0.642143 -0.155111 1.85086 0.636173 0.324941 0.622151 0.32035
0.642149 -0.154778 1.85099 0.636158 0.32545 0.621817 0.320513
0.642155 -0.154445 1.85113 0.636144 0.325961 0.62148 0.320676
0.64216 -0.15411 1.85126 0.636129 0.326472 0.621142 0.32084
0.642165 -0.153773 1.8514 0.636115 0.326985 0.620801 0.321005
0.64217 -0.153436 1.85153 0.636101 0.3275 0.620459 0.321171
0.642174 -0.153097 1.85167 0.636087 0.328016 0.620113 0.321338
0.642179 -0.152756 1.85181 0.636073 0.328534 0.619766 0.321507
0.642182 -0.152413 1.85194 0.63606 0.329055 0.619415 0.321677
0.642186 -0.152068 1.85208 0.636046 0.329578 0.619061 0.321848
0.64219 -0.151721 1.85222 0.636033 0.330104 0.618705 0.322021
0.642193 -0.151371 1.85237 0.63602 0.330633 0.618345 0.322195
0.642195 -0.151019 1.85251 0.636007 0.331165 0.617981 0.322372
0.642198 -0.150665 1.85265 0.635994 0.331701 0.617614 0.32255
0.6422 -0.150307 1.8528 0.635982 0.33224 0.617244 0.32273
0.642202 -0.149947 1.85294 0.635969 0.332783 0.616869 0.322912
0.642203 -0.149583 1.85309 0.635957 0.33333 0.61649 0.323096
0.642205 -0.149216 1.85324 0.635944 0.333881 0.616107 0.323282
0.642205 -0.148845 1.85339 0.635932 0.334437 0.615719 0.32347
0.642206 -0.148471 1.85355 0.63592 0.334997 0.615326 0.323661
0.642206 -0.148093 1.8537 0.635908 0.335562 0.614929 0.323855
0.642206 -0.147711 1.85386 0.635896 0.336133 0.614526 0.32405
0.642205 -0.147325 1.85402 0.635884 0.336709 0.614118 0.324249
0.642204 -0.146934 1.85418 0.635873 0.33729 0.613705 0.324451
0.642203 -0.146539 1.85434 0.635861 0.337877 0.613286 0.324655
0.642201 -0.14614 1.85451 0.635849 0.33847 0.612861 0.324862
0.642198 -0.145736 1.85467 0.635838 0.339069 0.61243 0.325073
0.642195 -0.145327 1.85484 0.635827 0.339675 0.611992 0.325286
0.642192 -0.144912 1.85501 0.635816 0.340287 0.611548 0.325503
0.642188 -0.144493 1.85519 0.635805 0.340905 0.611098 0.325723
0.642184 -0.144069 1.85536 0.635794 0.341529 0.610642 0.325947
0.642179 -0.143641 1.85554 0.635783 0.342159 0.610179 0.326173
0.642174 -0.143208 1.85572 0.635772 0.342795 0.60971 0.326403
0.642168 -0.142771 1.8559 0.635762 0.343436 0.609236 0.326635
0.642162 -0.142329 1.85609 0.635752 0.344082 0.608755 0.32687
0.642155 -0.141884 1.85627 0.635742 0.344733 0.608269 0.327109
0.642147 -0.141435 1.85646 0.635733 0.345388 0.607778 0.32735
0.642139 -0.140983 1.85665 0.635723 0.346047 0.607281 0.327593
0.64213 -0.140527 1.85684 0.635714 0.346711 0.606778 0.32784
0.642121 -0.140067 1.85704 0.635706 0.347378 0.606271 0.328088
0.642111 -0.139605 1.85723 0.635697 0.348049 0.605759 0.32834
0.6421 -0.13914 1.85743 0.635689 0.348723 0.605242 0.328594
0.642089 -0.138672 1.85763 0.635682 0.3494 0.60472 0.32885
0.642078 -0.138201 1.85783 0.635674 0.35008 0.604193 0.329108
0.642065 -0.137728 1.85803 0.635668 0.350763 0.603663 0.329369
0.642052 -0.137252 1.85824 0.635661 0.351448 0.603127 0.329631
0.642039 -0.136775 1.85844 0.635655 0.352135 0.602588 0.329896
0.642024 -0.136295 1.85865 0.635649 0.352823 0.602045 0.330163
0.64201 -0.135814 1.85886 0.635644 0.353514 0.601498 0.330431
0.641994 -0.135331 1.85907 0.635639 0.354206 0.600947 0.330702
0.641978 -0.134846 1.85928 0.635635 0.354898 0.600393 0.330974
0.641961 -0.13436 1.85949 0.635631 0.355592 0.599835 0.331247
0.641944 -0.133873 1.8597 0.635628 0.356287 0.599275 0.331523
0.641926 -0.133385 1.85992 0.635625 0.356981 0.598711 0.331799
0.641907 -0.132897 1.86013 0.635622 0.357677 0.598144 0.332077
0.641888 -0.132407 1.86035 0.63562 0.358372 0.597575 0.332357
0.641868 -0.131917 1.86057 0.635619 0.359066 0.597003 0.332637
0.641848 -0.131427 1.86078 0.635618 0.359761 0.596429 0.332919
0.641827 -0.130936 1.861 0.635617 0.360454 0.595852 0.333202
0.641805 -0.130446 1.86122 0.635617 0.361147 0.595274 0.333486
0.641783 -0.129955 1.86144 0.635617 0.361839 0.594694 0.33377
0.64176 -0.129465 1.86166 0.635618 0.362529 0.594112 0.334056
0.641737 -0.128974 1.86189 0.635619 0.363219 0.593527 0.334343
0.641713 -0.128483 1.86211 0.635621 0.363909 0.592941 0.334631
0.641688 -0.127991 1.86233 0.635623 0.364599 0.592351 0.33492
0.641663 -0.127499 1.86256 0.635626 0.365288 0.591759 0.335211
0.641637 -0.127005 1.86278 0.635629 0.365978 0.591163 0.335503
0.64161 -0.12651 1.86301 0.635632 0.366669 0.590564 0.335797
0.641583 -0.126014 1.86324 0.635636 0.367361 0.589962 0.336093
0.641555 -0.125516 1.86347 0.63564 0.368053 0.589355 0.336391
0.641526 -0.125016 1.8637 0.635645 0.368747 0.588745 0.336691
0.641496 -0.124515 1.86393 0.635649 0.369443 0.58813 0.336993
0.641466 -0.124011 1.86416 0.635655 0.37014 0.587511 0.337298
0.641435 -0.123504 1.8644 0.63566 0.37084 0.586887 0.337605
0.641403 -0.122996 1.86464 0.635666 0.371542 0.586258 0.337915
0.64137 -0.122484 1.86488 0.635673 0.372246 0.585624 0.338228
0.641336 -0.12197 1.86512 0.635679 0.372953 0.584984 0.338543
0.641302 -0.121452 1.86536 0.635686 0.373663 0.584339 0.338862
0.641266 -0.120931 1.86561 0.635694 0.374376 0.583687 0.339184
0.64123 -0.120406 1.86586 0.635701 0.375093 0.583029 0.33951
0.641192 -0.119878 1.86611 0.635709 0.375813 0.582364 0.339838
0.641154 -0.119346 1.86636 0.635717 0.376537 0.581693 0.340171
0.641114 -0.11881 1.86661 0.635726 0.377265 0.581015 0.340507
0.641074 -0.118269 1.86687 0.635735 0.377998 0.580329 0.340848
0.641032 -0.117724 1.86713 0.635744 0.378735 0.579635 0.341192
0.640989 -0.117175 1.86739 0.635754 0.379476 0.578934 0.341541
0.640945 -0.11662 1.86766 0.635764 0.380223 0.578224 0.341894
0.6409 -0.116061 1.86793 0.635774 0.380975 0.577506 0.342252
0.640853 -0.115496 1.8682 0.635785 0.381732 0.576779 0.342615
0.640805 -0.114926 1.86847 0.635795 0.382494 0.576043 0.342982
0.640756 -0.11435 1.86875 0.635807 0.383263 0.575297 0.343355
0.640705 -0.113769 1.86903 0.635818 0.384037 0.574542 0.343733
0.640653 -0.113181 1.86932 0.63583 0.384817 0.573777 0.344117
0.6406 -0.112588 1.86961 0.635842 0.385603 0.573002 0.344505
0.640545 -0.11199 1.8699 0.635855 0.386394 0.572217 0.344899
0.640489 -0.111386 1.8702 0.635867 0.387191 0.571423 0.345299
0.640431 -0.110776 1.87049 0.635881 0.387993 0.57062 0.345703
0.640372 -0.110162 1.8708 0.635894 0.388799 0.569807 0.346112
0.640311 -0.109544 1.8711 0.635908 0.389609 0.568985 0.346527
0.640249 -0.10892 1.87141 0.635923 0.390424 0.568155 0.346946
0.640185 -0.108292 1.87172 0.635937 0.391242 0.567316 0.34737
0.64012 -0.107661 1.87204 0.635952 0.392064 0.566469 0.347798
0.640053 -0.107025 1.87235 0.635968 0.392889 0.565613 0.348231
0.639985 -0.106385 1.87267 0.635984 0.393717 0.564749 0.348669
0.639915 -0.105742 1.873 0.636 0.394547 0.563878 0.349111
0.639844 -0.105096 1.87332 0.636017 0.395379 0.562999 0.349557
0.639772 -0.104447 1.87365 0.636034 0.396214 0.562112 0.350007
0.639698 -0.103794 1.87398 0.636051 0.397051 0.561219 0.350461
0.639622 -0.103139 1.87431 0.636069 0.397888 0.560318 0.35092
0.639545 -0.102481 1.87465 0.636087 0.398728 0.55941 0.351382
0.639467 -0.101821 1.87499 0.636106 0.399568 0.558496 0.351847
0.639387 -0.101159 1.87533 0.636125 0.400408 0.557576 0.352317
0.639306 -0.100495 1.87567 0.636144 0.40125 0.556649 0.35279
0.639223 -0.0998296 1.87602 0.636164 0.402091 0.555717 0.353266
0.639139 -0.0991624 1.87636 0.636184 0.402932 0.554779 0.353746
0.639054 -0.0984937 1.87671 0.636205 0.403773 0.553835 0.354228
0.638967 -0.097824 1.87706 0.636225 0.404613 0.552886 0.354714
0.638879 -0.0971533 1.87742 0.636246 0.405452 0.551933 0.355203
0.638789 -0.0964818 1.87777 0.636268 0.406291 0.550974 0.355694
0.638699 -0.0958098 1.87813 0.63629 0.407128 0.550011 0.356189
0.638607 -0.0951375 1.87849 0.636312 0.407963 0.549044 0.356685
0.638513 -0.094465 1.87885 0.636334 0.408796 0.548073 0.357184
0.638419 -0.0937925 1.87921 0.636357 0.409628 0.547098 0.357686
0.638323 -0.0931202 1.87957 0.636379 0.410457 0.54612 0.358189
0.638226 -0.0924484 1.87993 0.636403 0.411283 0.545139 0.358694
0.638127 -0.0917769 1.8803 0.636426 0.412107 0.544154 0.359202
0.638028 -0.0911056 1.88066 0.636449 0.412929 0.543166 0.359712
0.637927 -0.0904344 1.88103 0.636473 0.413748 0.542174 0.360223
0.637825 -0.0897634 1.8814 0.636497 0.414566 0.541179 0.360738
0.637721 -0.0890922 1.88177 0.636522 0.415381 0.54018 0.361254
0.637617 -0.088421 1.88214 0.636546 0.416194 0.539177 0.361773
0.637511 -0.0877495 1.88252 0.636571 0.417006 0.53817 0.362295
0.637403 -0.0870777 1.88289 0.636595 0.417816 0.537158 0.362819
0.637295 -0.0864055 1.88327 0.63662 0.418624 0.536142 0.363346
0.637185 -0.0857328 1.88365 0.636645 0.41943 0.535122 0.363876
0.637073 -0.0850596 1.88403 0.63667 0.420235 0.534097 0.364408
0.63696 -0.0843856 1.88441 0.636695 0.421039 0.533067 0.364944
0.636845 -0.0837109 1.88479 0.636721 0.421841 0.532033 0.365483
0.636729 -0.0830354 1.88518 0.636746 0.422643 0.530993 0.366025
0.636612 -0.0823589 1.88557 0.636771 0.423443 0.529948 0.36657
0.636493 -0.0816813 1.88596 0.636797 0.424242 0.528898 0.367118
0.636372 -0.0810027 1.88635 0.636822 0.42504 0.527842 0.36767
0.63625 -0.0803229 1.88674 0.636848 0.425837 0.52678 0.368226
0.636126 -0.0796417 1.88714 0.636873 0.426633 0.525713 0.368785
0.636001 -0.0789592 1.88754 0.636899 0.427429 0.524639 0.369348
0.635873 -0.0782753 1.88794 0.636924 0.428224 0.523559 0.369915
0.635744 -0.0775898 1.88834 0.63695 0.429019 0.522473 0.370485
0.635679 -0.0772461 1.88855 0.636963 0.429416 0.521928 0.370772
0.635614 -0.0769026 1.88875 0.636975 0.429813 0.521381 0.37106
0.635548 -0.0765581 1.88895 0.636988 0.43021 0.520832 0.371349
0.635481 -0.0762137 1.88916 0.637001 0.430606 0.520282 0.371639
0.635414 -0.0758683 1.88936 0.637013 0.431003 0.519729 0.37193
0.635347 -0.0755231 1.88957 0.637026 0.431399 0.519176 0.372222
0.635279 -0.0751767 1.88978 0.637038 0.431796 0.51862 0.372515
0.635211 -0.0748305 1.88998 0.637051 0.432192 0.518063 0.372809
0.635142 -0.0744831 1.89019 0.637063 0.432589 0.517503 0.373105
0.635073 -0.0741359 1.8904 0.637076 0.432985 0.516943 0.373401
0.635003 -0.0737876 1.89061 0.637088 0.433381 0.51638 0.373699
0.634933 -0.0734393 1.89082 0.637101 0.433777 0.515815 0.373998
0.634862 -0.0730899 1.89103 0.637113 0.434174 0.515248 0.374298
0.634791 -0.0727406 1.89124 0.637125 0.43457 0.514681 0.374599
0.634719 -0.07239 1.89145 0.637138 0.434966 0.51411 0.374902
0.634647 -0.0720396 1.89167 0.63715 0.435362 0.513538 0.375205
0.634574 -0.0716879 1.89188 0.637162 0.435759 0.512963 0.37551
0.634501 -0.0713363 1.89209 0.637174 0.436154 0.512388 0.375816
0.634427 -0.0709834 1.89231 0.637186 0.436551 0.511809 0.376123
0.634353 -0.0706307 1.89253 0.637198 0.436947 0.511229 0.376431
0.634278 -0.0702766 1.89274 0.63721 0.437343 0.510646 0.376741
0.634202 -0.0699227 1.89296 0.637222 0.437739 0.510063 0.377052
0.634126 -0.0695675 1.89318 0.637234 0.438136 0.509476 0.377365
0.63405 -0.0692126 1.8934 0.637246 0.438531 0.508889 0.377678
0.633973 -0.0688564 1.89362 0.637257 0.438928 0.508298 0.377993
0.633896 -0.0685003 1.89384 0.637269 0.439323 0.507707 0.378308
0.633818 -0.0681431 1.89406 0.637281 0.439719 0.507112 0.378626
0.633739 -0.0677861 1.89428 0.637292 0.440114 0.506517 0.378944
0.63366 -0.067428 1.8945 0.637303 0.44051 0.505919 0.379263
0.633581 -0.06707 1.89472 0.637315 0.440905 0.50532 0.379584
0.6335 -0.066711 1.89495 0.637326 0.4413 0.504719 0.379906
0.63342 -0.0663522 1.89517 0.637337 0.441695 0.504116 0.380228
0.633339 -0.0659924 1.8954 0.637348 0.44209 0.503511 0.380553
0.633257 -0.0656327 1.89562 0.637359 0.442484 0.502905 0.380878
0.633175 -0.0652721 1.89585 0.63737 0.442878 0.502296 0.381204
0.633092 -0.0649116 1.89608 0.637381 0.443272 0.501686 0.381532
0.633009 -0.0645502 1.89631 0.637392 0.443666 0.501074 0.381861
0.632925 -0.064189 1.89653 0.637402 0.444058 0.500461 0.38219
0.632841 -0.063827 1.89676 0.637413 0.444452 0.499845 0.382521
0.632756 -0.0634651 1.89699 0.637423 0.444844 0.499229 0.382853
0.632671 -0.0631025 1.89722 0.637433 0.445236 0.49861 0.383187
0.632585 -0.06274 1.89746 0.637443 0.445628 0.49799 0.383521
0.632499 -0.0623767 1.89769 0.637453 0.446019 0.497367 0.383856
0.632412 -0.0620136 1.89792 0.637463 0.44641 0.496744 0.384192
0.632325 -0.0616499 1.89815 0.637473 0.446801 0.496119 0.38453
0.632237 -0.0612862 1.89839 0.637483 0.447191 0.495492 0.384868
0.632149 -0.060922 1.89862 0.637492 0.44758 0.494864 0.385208
0.63206 -0.0605579 1.89886 0.637502 0.447969 0.494234 0.385548
0.631971 -0.0601932 1.89909 0.637511 0.448358 0.493602 0.38589
0.631881 -0.0598287 1.89933 0.63752 0.448746 0.49297 0.386233
0.63179 -0.0594636 1.89956 0.637529 0.449134 0.492335 0.386577
0.631699 -0.0590987 1.8998 0.637538 0.449521 0.491699 0.386921
0.631608 -0.0587333 1.90004 0.637547 0.449908 0.491061 0.387267
0.631516 -0.0583681 1.90028 0.637555 0.450293 0.490423 0.387614
0.631424 -0.0580024 1.90052 0.637564 0.450679 0.489782 0.387961
0.631331 -0.0576369 1.90076 0.637572 0.451064 0.489141 0.38831
0.631237 -0.057271 1.901 0.63758 0.451448 0.488497 0.38866
0.631143 -0.0569053 1.90124 0.637588 0.451831 0.487853 0.38901
0.631049 -0.0565392 1.90148 0.637596 0.452214 0.487207 0.389362
0.630954 -0.0561733 1.90172 0.637604 0.452597 0.48656 0.389714
0.630859 -0.0558071 1.90196 0.637611 0.452978 0.485911 0.390068
0.630763 -0.0554411 1.90221 0.637619 0.453359 0.485262 0.390422
0.630666 -0.0550748 1.90245 0.637626 0.453739 0.48461 0.390777
0.63057 -0.0547087 1.90269 0.637633 0.454119 0.483958 0.391133
0.630472 -0.0543423 1.90294 0.637639 0.454498 0.483304 0.391491
0.630374 -0.0539762 1.90318 0.637646 0.454876 0.48265 0.391848
0.630276 -0.0536099 1.90343 0.637653 0.455253 0.481993 0.392207
0.630177 -0.0532437 1.90367 0.637659 0.455629 0.481336 0.392567
0.630078 -0.0528775 1.90392 0.637665 0.456005 0.480677 0.392927
0.629978 -0.0525114 1.90417 0.637671 0.45638 0.480018 0.393289
0.629878 -0.0521453 1.90441 0.637677 0.456754 0.479357 0.393651
0.629777 -0.0517793 1.90466 0.637682 0.457127 0.478695 0.394014
0.629676 -0.0514134 1.90491 0.637687 0.4575 0.478032 0.394378
0.629574 -0.0510476 1.90516 0.637692 0.457872 0.477368 0.394742
0.629472 -0.0506818 1.90541 0.637697 0.458242 0.476703 0.395108
0.629369 -0.0503162 1.90566 0.637702 0.458612 0.476037 0.395474
0.629266 -0.0499507 1.90591 0.637707 0.458981 0.47537 0.395841
0.629163 -0.0495854 1.90616 0.637711 0.459349 0.474702 0.396209
0.629059 -0.0492202 1.90641 0.637715 0.459717 0.474033 0.396577
0.628954 -0.0488552 1.90666 0.637719 0.460083 0.473363 0.396946
0.628849 -0.0484904 1.90691 0.637723 0.460448 0.472692 0.397316
0.628744 -0.0481257 1.90716 0.637726 0.460813 0.47202 0.397687
0.628638 -0.0477613 1.90742 0.637729 0.461176 0.471347 0.398058
0.628532 -0.047397 1.90767 0.637732 0.461538 0.470673 0.39843
0.628425 -0.0470329 1.90792 0.637735 0.4619 0.469999 0.398803
0.628318 -0.0466689 1.90818 0.637737 0.462261 0.469323 0.399176
0.62821 -0.0463049 1.90843 0.63774 0.46262 0.468647 0.399551
0.628102 -0.0459411 1.90868 0.637742 0.462979 0.467969 0.399926
0.627993 -0.0455772 1.90894 0.637743 0.463337 0.467291 0.400302
0.627884 -0.0452134 1.90919 0.637744 0.463694 0.466611 0.400679
0.627775 -0.0448494 1.90945 0.637745 0.464051 0.465931 0.401057
0.627664 -0.0444857 1.9097 0.637746 0.464406 0.465249 0.401436
0.627554 -0.0441215 1.90996 0.637746 0.46476 0.464567 0.401816
0.627442 -0.0437575 1.91022 0.637745 0.465114 0.463883 0.402196
0.62733 -0.0433931 1.91047 0.637744 0.465467 0.463199 0.402578
0.627218 -0.0430288 1.91073 0.637743 0.465819 0.462513 0.402961
0.627105 -0.042664 1.91099 0.637741 0.466171 0.461826 0.403345
0.626991 -0.0422993 1.91124 0.637739 0.466521 0.461138 0.40373
0.626877 -0.0419339 1.9115 0.637737 0.466871 0.460449 0.404117
0.626763 -0.0415688 1.91176 0.637733 0.46722 0.459759 0.404504
0.626647 -0.0412028 1.91202 0.63773 0.467569 0.459067 0.404892
0.626531 -0.040837 1.91228 0.637725 0.467916 0.458375 0.405282
0.626415 -0.0404703 1.91254 0.63772 0.468263 0.457681 0.405673
0.626298 -0.0401038 1.91279 0.637715 0.468609 0.456986 0.406065
0.62618 -0.0397362 1.91305 0.637709 0.468955 0.45629 0.406459
0.626061 -0.0393688 1.91331 0.637702 0.469299 0.455592 0.406853
0.625942 -0.0390003 1.91357 0.637695 0.469644 0.454893 0.40725
0.625822 -0.038632 1.91383 0.637687 0.469987 0.454193 0.407647
0.625701 -0.0382624 1.91409 0.637678 0.47033 0.453492 0.408047
0.62558 -0.037893 1.91435 0.637668 0.470672 0.452789 0.408447
0.625458 -0.0375223 1.91461 0.637658 0.471014 0.452085 0.408849
0.625336 -0.0371517 1.91487 0.637647 0.471355 0.45138 0.409252
0.625212 -0.0367797 1.91514 0.637635 0.471695 0.450673 0.409657
0.625088 -0.0364078 1.9154 0.637623 0.472035 0.449965 0.410063
0.624963 -0.0360344 1.91566 0.637609 0.472374 0.449255 0.410471
0.624838 -0.0356612 1.91592 0.637595 0.472712 0.448545 0.410881
0.624712 -0.0352862 1.91618 0.63758 0.473051 0.447832 0.411292
0.624585 -0.0349115 1.91644 0.637565 0.473388 0.447118 0.411705
0.624457 -0.034535 1.9167 0.637548 0.473725 0.446403 0.41212
0.624328 -0.0341586 1.91697 0.63753 0.474061 0.445686 0.412535
0.624198 -0.0337804 1.91723 0.637511 0.474397 0.444967 0.412954
0.624068 -0.0334024 1.91749 0.637492 0.474732 0.444248 0.413373
0.623937 -0.0330223 1.91775 0.637471 0.475067 0.443526 0.413795
0.623805 -0.0326424 1.91802 0.63745 0.475401 0.442803 0.414218
0.623672 -0.0322604 1.91828 0.637427 0.475735 0.442078 0.414644
0.623539 -0.0318787 1.91854 0.637404 0.476068 0.441353 0.41507
0.623404 -0.0314947 1.91881 0.637379 0.476401 0.440624 0.4155
0.623269 -0.0311109 1.91907 0.637354 0.476732 0.439895 0.41593
0.623132 -0.0307247 1.91933 0.637327 0.477064 0.439164 0.416364
0.622995 -0.0303388 1.9196 0.6373 0.477395 0.438431 0.416798
0.622857 -0.0299504 1.91986 0.63727 0.477726 0.437696 0.417236
0.622718 -0.0295623 1.92012 0.637241 0.478057 0.43696 0.417674
0.622577 -0.0291716 1.92039 0.637209 0.478387 0.436222 0.418116
0.622437 -0.0287811 1.92065 0.637177 0.478716 0.435483 0.418558
0.622294 -0.0283879 1.92091 0.637143 0.479045 0.434741 0.419004
0.622152 -0.0279951 1.92118 0.637109 0.479373 0.433998 0.419451
0.622008 -0.0275993 1.92144 0.637072 0.479702 0.433252 0.419902
0.621863 -0.0272039 1.92171 0.637035 0.480029 0.432506 0.420353
0.621717 -0.0268056 1.92197 0.636996 0.480357 0.431757 0.420808
0.62157 -0.0264075 1.92223 0.636957 0.480683 0.431006 0.421263
0.621422 -0.0260064 1.9225 0.636915 0.48101 0.430253 0.421723
0.621273 -0.0256057 1.92276 0.636873 0.481336 0.429499 0.422183
0.621123 -0.0252017 1.92303 0.636829 0.481662 0.428742 0.422648
0.620972 -0.0247981 1.92329 0.636784 0.481987 0.427984 0.423113
0.620819 -0.0243913 1.92356 0.636736 0.482312 0.427224 0.423582
0.620666 -0.0239847 1.92382 0.636689 0.482637 0.426462 0.424052
0.620511 -0.0235748 1.92408 0.636638 0.482961 0.425697 0.424526
0.620356 -0.0231653 1.92435 0.636588 0.483285 0.424931 0.425001
0.620199 -0.0227525 1.92461 0.636535 0.483608 0.424162 0.42548
0.620041 -0.02234 1.92488 0.636481 0.483931 0.423392 0.42596
0.619882 -0.0219245 1.92514 0.636425 0.484254 0.422619 0.426443
0.619722 -0.0215093 1.92541 0.636369 0.484576 0.421846 0.426928
0.619561 -0.0210911 1.92567 0.63631 0.484897 0.421069 0.427416
0.619399 -0.0206732 1.92594 0.636251 0.485218 0.420292 0.427906
0.619235 -0.0202525 1.9262 0.636189 0.485539 0.419511 0.428399
0.619071 -0.0198321 1.92647 0.636127 0.485859 0.41873 0.428893
0.618905 -0.0194091 1.92673 0.636063 0.486178 0.417946 0.42939
0.618739 -0.0189863 1.927 0.635998 0.486497 0.417161 0.429889
0.618571 -0.018561 1.92727 0.635931 0.486815 0.416373 0.43039
0.618403 -0.018136 1.92753 0.635864 0.487133 0.415584 0.430893
0.618233 -0.0177086 1.9278 0.635794 0.48745 0.414793 0.431399
0.618062 -0.0172815 1.92806 0.635724 0.487766 0.414 0.431906
0.61789 -0.0168521 1.92833 0.635652 0.488082 0.413205 0.432417
0.617717 -0.016423 1.9286 0.635579 0.488396 0.412409 0.432928
0.617543 -0.0159917 1.92886 0.635505 0.488711 0.411611 0.433442
0.617369 -0.0155607 1.92913 0.635429 0.489024 0.410812 0.433957
0.617192 -0.0151277 1.9294 0.635352 0.489337 0.41001 0.434476
0.617016 -0.014695 1.92966 0.635274 0.489649 0.409207 0.434995
0.616837 -0.0142604 1.92993 0.635194 0.48996 0.408402 0.435517
0.616659 -0.0138261 1.9302 0.635114 0.49027 0.407596 0.43604
0.616478 -0.0133899 1.93047 0.635032 0.49058 0.406788 0.436566
0.616298 -0.0129542 1.93073 0.634949 0.490888 0.405978 0.437093
0.616115 -0.0125167 1.931 0.634864 0.491196 0.405167 0.437623
0.615933 -0.0120796 1.93127 0.634779 0.491503 0.404354 0.438153
0.615748 -0.0116408 1.93154 0.634692 0.491809 0.403539 0.438686
0.615564 -0.0112025 1.93181 0.634605 0.492114 0.402724 0.43922
0.615378 -0.0107627 1.93208 0.634515 0.492419 0.401906 0.439757
0.615191 -0.0103232 1.93235 0.634425 0.492722 0.401087 0.440294
0.615003 -0.00988238 1.93262 0.634334 0.493024 0.400267 0.440834
0.614814 -0.00944196 1.93289 0.634241 0.493326 0.399445 0.441375
0.614624 -0.00900026 1.93316 0.634148 0.493626 0.398621 0.441918
0.614434 -0.00855898 1.93343 0.634053 0.493925 0.397797 0.442461
0.614242 -0.00811654 1.9337 0.633957 0.494224 0.39697 0.443008
0.61405 -0.00767452 1.93397 0.63386 0.494521 0.396143 0.443555
0.613856 -0.00723147 1.93424 0.633762 0.494818 0.395313 0.444104
0.613662 -0.00678883 1.93451 0.633663 0.495113 0.394483 0.444654
0.613466 -0.00634528 1.93479 0.633563 0.495407 0.393651 0.445206
0.61327 -0.00590215 1.93506 0.633462 0.4957 0.392818 0.445759
0.613073 -0.00545822 1.93533 0.63336 0.495992 0.391984 0.446314
0.612875 -0.00501472 1.9356 0.633257 0.496283 0.391148 0.446869
0.612676 -0.00457053 1.93588 0.633153 0.496573 0.390311 0.447427
0.612477 -0.00412678 1.93615 0.633048 0.496861 0.389473 0.447985
0.612276 -0.00368246 1.93643 0.632941 0.497149 0.388634 0.448545
0.612075 -0.00323857 1.9367 0.632834 0.497435 0.387793 0.449106
0.611873 -0.00279423 1.93697 0.632726 0.49772 0.386951 0.449668
0.61167 -0.00235033 1.93725 0.632617 0.498004 0.386108 0.450231
0.611466 -0.00190609 1.93753 0.632507 0.498287 0.385264 0.450796
0.611261 -0.00146229 1.9378 0.632396 0.498568 0.384419 0.451362
0.611055 -0.00101826 1.93808 0.632284 0.498848 0.383572 0.451929
0.610849 -0.000574684 1.93836 0.632171 0.499127 0.382725 0.452496
0.610642 -0.000130996 1.93863 0.632058 0.499405 0.381876 0.453065
0.610434 0.000312248 1.93891 0.631943 0.499681 0.381027 0.453635
0.610225 0.000755485 1.93919 0.631828 0.499956 0.380176 0.454206
0.610016 0.00119828 1.93947 0.631712 0.50023 0.379324 0.454778
0.609805 0.00164095 1.93975 0.631595 0.500503 0.378472 0.455351
0.609594 0.00208317 1.94002 0.631477 0.500774 0.377618 0.455925
0.60917 0.00296671 1.94058 0.631239 0.501312 0.375908 0.457075
0.608743 0.00384865 1.94115 0.630997 0.501845 0.374194 0.458228
0.608313 0.00472877 1.94171 0.630753 0.502372 0.372477 0.459384
0.60788 0.00560698 1.94227 0.630505 0.502894 0.370757 0.460543
0.607444 0.00648315 1.94284 0.630255 0.50341 0.369033 0.461705
0.607006 0.00735719 1.94341 0.630001 0.50392 0.367307 0.46287
0.606565 0.00822899 1.94398 0.629745 0.504425 0.365578 0.464036
0.606121 0.00909845 1.94455 0.629485 0.504924 0.363847 0.465205
0.605675 0.00996546 1.94512 0.629222 0.505416 0.362114 0.466377
0.605226 0.0108299 1.9457 0.628956 0.505903 0.360379 0.46755
0.604775 0.0116917 1.94627 0.628688 0.506384 0.358643 0.468724
0.604321 0.0125508 1.94685 0.628416 0.506858 0.356905 0.469901
0.603865 0.013407 1.94742 0.628141 0.507327 0.355167 0.471079
0.603407 0.0142603 1.948 0.627863 0.507789 0.353427 0.472258
0.602947 0.0151105 1.94858 0.627582 0.508246 0.351687 0.473438
0.602484 0.0159576 1.94916 0.627297 0.508695 0.349947 0.47462
0.602019 0.0168015 1.94973 0.62701 0.509139 0.348207 0.475802
0.601553 0.017642 1.95031 0.62672 0.509577 0.346467 0.476985
0.601084 0.0184791 1.95089 0.626427 0.510008 0.344727 0.478168
0.600613 0.0193127 1.95147 0.626131 0.510432 0.342988 0.479351
0.600141 0.0201427 1.95205 0.625832 0.510851 0.34125 0.480535
0.599667 0.020969 1.95263 0.625531 0.511262 0.339514 0.481718
0.599191 0.0217915 1.95321 0.625226 0.511668 0.337779 0.482902
0.598713 0.0226101 1.95379 0.624918 0.512067 0.336046 0.484085
0.598234 0.0234248 1.95437 0.624608 0.51246 0.334315 0.485267
0.597754 0.0242354 1.95495 0.624295 0.512846 0.332586 0.486448
0.597272 0.0250418 1.95553 0.623979 0.513225 0.33086 0.487629
0.596788 0.0258441 1.95611 0.62366 0.513599 0.329137 0.488808
0.596304 0.026642 1.95668 0.623339 0.513965 0.327416 0.489986
0.595818 0.0274356 1.95726 0.623015 0.514326 0.3257 0.491163
0.595331 0.0282247 1.95783 0.622689 0.514679 0.323987 0.492337
0.594844 0.0290092 1.95841 0.62236 0.515027 0.322278 0.49351
0.594355 0.0297891 1.95898 0.622028 0.515368 0.320573 0.494681
0.593866 0.0305644 1.95955 0.621695 0.515702 0.318873 0.49585
0.593376 0.0313348 1.96012 0.621358 0.51603 0.317178 0.497016
0.592885 0.0321005 1.96069 0.62102 0.516352 0.315487 0.498179
0.592393 0.0328617 1.96126 0.620679 0.516668 0.313801 0.499341
0.591901 0.0336184 1.96183 0.620335 0.516977 0.312119 0.5005
0.591407 0.0343707 1.96239 0.619989 0.517281 0.310441 0.501657
0.590913 0.0351188 1.96296 0.619641 0.517578 0.308767 0.502813
0.590418 0.0358627 1.96352 0.61929 0.51787 0.307097 0.503966
0.589922 0.0366025 1.96408 0.618937 0.518156 0.30543 0.505118
0.589425 0.0373384 1.96464 0.618581 0.518436 0.303766 0.506268
0.588927 0.0380705 1.9652 0.618223 0.51871 0.302106 0.507417
0.588427 0.0387987 1.96576 0.617862 0.51898 0.300448 0.508565
0.587927 0.0395234 1.96632 0.617498 0.519243 0.298793 0.509711
0.587425 0.0402444 1.96688 0.617132 0.519501 0.297141 0.510856
0.586922 0.040962 1.96744 0.616763 0.519754 0.295491 0.512
0.586417 0.0416762 1.968 0.616392 0.520002 0.293843 0.513143
0.585912 0.0423871 1.96856 0.616017 0.520244 0.292197 0.514286
0.585405 0.0430949 1.96911 0.61564 0.520482 0.290552 0.515427
0.584896 0.0437995 1.96967 0.61526 0.520714 0.288909 0.516569
0.584386 0.0445012 1.97023 0.614878 0.520941 0.287268 0.51771
0.583874 0.0451999 1.97078 0.614492 0.521163 0.285627 0.51885
0.58336 0.0458958 1.97134 0.614104 0.521381 0.283987 0.519991
0.582845 0.046589 1.9719 0.613712 0.521593 0.282348 0.521131
0.582328 0.0472796 1.97245 0.613318 0.521801 0.280709 0.522272
0.581809 0.0479676 1.97301 0.61292 0.522003 0.27907 0.523413
0.581289 0.0486531 1.97357 0.612519 0.522202 0.277431 0.524555
0.580766 0.0493362 1.97413 0.612116 0.522395 0.275792 0.525696
0.580241 0.0500171 1.97469 0.611708 0.522584 0.274153 0.526839
0.579714 0.0506957 1.97524 0.611298 0.522768 0.272513 0.527982
0.579185 0.0513722 1.9758 0.610885 0.522947 0.270872 0.529127
0.578654 0.0520466 1.97636 0.610467 0.523122 0.269229 0.530272
0.57812 0.0527191 1.97693 0.610047 0.523292 0.267586 0.531419
0.577584 0.0533897 1.97749 0.609623 0.523458 0.26594 0.532567
0.577045 0.0540585 1.97805 0.609195 0.523619 0.264293 0.533716
0.576504 0.0547252 1.97862 0.608764 0.523776 0.262645 0.534867
0.575961 0.0553899 1.97918 0.60833 0.523928 0.260995 0.536018
0.575416 0.0560522 1.97974 0.607892 0.524076 0.259346 0.53717
0.574868 0.056712 1.98031 0.607451 0.524218 0.257696 0.538322
0.574319 0.0573691 1.98088 0.607007 0.524356 0.256048 0.539474
0.573769 0.0580234 1.98144 0.60656 0.52449 0.2544 0.540626
0.573217 0.0586747 1.98201 0.60611 0.524619 0.252754 0.541777
0.572664 0.0593229 1.98257 0.605657 0.524743 0.25111 0.542926
0.572109 0.0599677 1.98313 0.605201 0.524862 0.249469 0.544074
0.571554 0.0606091 1.9837 0.604743 0.524976 0.247831 0.54522
0.570998 0.0612469 1.98426 0.604283 0.525086 0.246197 0.546364
0.570442 0.0618809 1.98482 0.60382 0.525191 0.244567 0.547506
0.569885 0.0625109 1.98537 0.603355 0.525292 0.242942 0.548644
0.569327 0.0631369 1.98593 0.602888 0.525387 0.241322 0.54978
0.56877 0.0637587 1.98649 0.60242 0.525479 0.239707 0.550911
0.568213 0.0643761 1.98704 0.601949 0.525565 0.2381 0.552039
0.567656 0.064989 1.98759 0.601477 0.525647 0.236498 0.553163
0.5671 0.0655973 1.98814 0.601004 0.525725 0.234905 0.554282
0.566544 0.0662007 1.98868 0.600529 0.525798 0.233319 0.555396
0.56599 0.0667993 1.98922 0.600053 0.525866 0.231741 0.556504
0.565436 0.0673928 1.98976 0.599576 0.52593 0.230173 0.557607
0.564884 0.0679811 1.9903 0.599099 0.52599 0.228614 0.558704
0.564334 0.0685641 1.99083 0.598621 0.526046 0.227065 0.559795
0.563785 0.0691417 1.99135 0.598143 0.526098 0.225526 0.560878
0.563238 0.0697137 1.99188 0.597664 0.526145 0.223999 0.561955
0.562693 0.07028 1.9924 0.597186 0.526188 0.222483 0.563024
0.562151 0.0708404 1.99291 0.596707 0.526228 0.220979 0.564086
0.561611 0.071395 1.99342 0.59623 0.526264 0.219488 0.565139
0.561074 0.0719435 1.99393 0.595752 0.526296 0.21801 0.566184
0.56054 0.0724858 1.99443 0.595276 0.526324 0.216545 0.567219
0.56001 0.0730218 1.99492 0.594801 0.526348 0.215095 0.568246
0.559482 0.0735514 1.99541 0.594326 0.52637 0.21366 0.569263
0.558959 0.0740748 1.9959 0.593853 0.526388 0.212239 0.570271
0.558438 0.0745922 1.99637 0.593382 0.526402 0.210832 0.571269
0.557921 0.0751038 1.99685 0.592911 0.526414 0.209439 0.572259
0.557406 0.0756097 1.99732 0.592441 0.526422 0.208058 0.573241
0.556895 0.0761102 1.99778 0.591972 0.526428 0.20669 0.574214
0.556386 0.0766054 1.99824 0.591505 0.52643 0.205334 0.575179
0.55588 0.0770955 1.9987 0.591038 0.52643 0.20399 0.576137
0.555377 0.0775806 1.99915 0.590571 0.526427 0.202657 0.577088
0.554876 0.0780611 1.9996 0.590106 0.526422 0.201334 0.578031
0.554377 0.078537 2.00004 0.589641 0.526413 0.200021 0.578968
0.55388 0.0790085 2.00048 0.589176 0.526402 0.198719 0.579899
0.553385 0.0794758 2.00092 0.588712 0.526389 0.197425 0.580824
0.552892 0.079939 2.00135 0.588248 0.526373 0.19614 0.581743
0.552401 0.0803984 2.00178 0.587784 0.526355 0.194864 0.582656
0.551911 0.0808541 2.00221 0.587321 0.526335 0.193595 0.583564
0.551423 0.0813062 2.00263 0.586857 0.526312 0.192333 0.584468
0.550936 0.081755 2.00305 0.586394 0.526286 0.191079 0.585367
0.55045 0.0822005 2.00347 0.58593 0.526259 0.18983 0.586262
0.549965 0.082643 2.00389 0.585465 0.526229 0.188588 0.587152
0.54948 0.0830825 2.00431 0.585001 0.526197 0.18735 0.58804
0.548996 0.0835193 2.00472 0.584535 0.526163 0.186118 0.588924
0.548513 0.0839536 2.00513 0.584069 0.526126 0.18489 0.589805
0.54803 0.0843854 2.00554 0.583602 0.526088 0.183666 0.590683
0.547547 0.0848149 2.00595 0.583135 0.526047 0.182446 0.591559
0.547064 0.0852423 2.00636 0.582665 0.526004 0.181228 0.592434
0.54658 0.0856677 2.00677 0.582195 0.525958 0.180013 0.593306
0.546097 0.0860912 2.00717 0.581723 0.525911 0.1788 0.594177
0.545612 0.086513 2.00758 0.58125 0.525861 0.177588 0.595047
0.545127 0.0869333 2.00799 0.580775 0.525809 0.176377 0.595917
0.544641 0.0873522 2.00839 0.580298 0.525754 0.175166 0.596785
0.544153 0.0877698 2.0088 0.579819 0.525698 0.173956 0.597654
0.543665 0.0881863 2.0092 0.579338 0.525639 0.172744 0.598523
0.543175 0.0886016 2.00961 0.578855 0.525578 0.171533 0.599392
0.542684 0.0890156 2.01002 0.57837 0.525514 0.170322 0.600261
0.542191 0.0894282 2.01042 0.577883 0.525448 0.16911 0.60113
0.541698 0.0898395 2.01083 0.577394 0.52538 0.167899 0.601998
0.541204 0.0902492 2.01124 0.576903 0.52531 0.166689 0.602866
0.540709 0.0906574 2.01164 0.57641 0.525237 0.16548 0.603733
0.540214 0.091064 2.01205 0.575916 0.525163 0.164272 0.604599
0.539718 0.0914689 2.01245 0.57542 0.525086 0.163066 0.605463
0.539221 0.091872 2.01286 0.574923 0.525007 0.161861 0.606327
0.538724 0.0922733 2.01326 0.574425 0.524926 0.160659 0.607189
0.538227 0.0926728 2.01366 0.573925 0.524843 0.159458 0.608049
0.53773 0.0930703 2.01406 0.573424 0.524757 0.158261 0.608907
0.537233 0.0934658 2.01446 0.572922 0.52467 0.157066 0.609764
0.536735 0.0938592 2.01486 0.572419 0.524581 0.155874 0.610618
0.536238 0.0942505 2.01526 0.571915 0.52449 0.154685 0.61147
0.535742 0.0946397 2.01566 0.571411 0.524397 0.153501 0.612319
0.535245 0.0950266 2.01605 0.570906 0.524303 0.152319 0.613166
0.534749 0.0954112 2.01645 0.5704 0.524206 0.151143 0.614009
0.534254 0.0957935 2.01684 0.569894 0.524108 0.14997 0.61485
0.533759 0.0961733 2.01723 0.569387 0.524008 0.148802 0.615687
0.533265 0.0965507 2.01762 0.568881 0.523907 0.147639 0.616521
0.532773 0.0969256 2.018 0.568374 0.523804 0.146481 0.617352
0.532281 0.0972979 2.01839 0.567867 0.523699 0.145329 0.618179
0.53179 0.0976676 2.01877 0.567361 0.523593 0.144182 0.619002
0.531301 0.0980346 2.01915 0.566855 0.523486 0.143042 0.61982
0.530813 0.098399 2.01953 0.566349 0.523377 0.141907 0.620635
0.530327 0.0987605 2.0199 0.565843 0.523267 0.14078 0.621445
0.529842 0.0991192 2.02028 0.565338 0.523156 0.139658 0.62225
0.52936 0.0994751 2.02065 0.564834 0.523044 0.138544 0.623051
0.528879 0.099828 2.02101 0.564331 0.52293 0.137438 0.623847
0.5284 0.100178 2.02138 0.563829 0.522816 0.136338 0.624638
0.527923 0.100525 2.02174 0.563328 0.5227 0.135247 0.625423
0.527449 0.100869 2.0221 0.562828 0.522584 0.134163 0.626203
0.526976 0.10121 2.02245 0.562329 0.522467 0.133087 0.626978
0.526505 0.101549 2.0228 0.561831 0.522349 0.132018 0.627749
0.526037 0.101885 2.02315 0.561334 0.52223 0.130955 0.628515
0.525569 0.102218 2.0235 0.560838 0.52211 0.129899 0.629276
0.525104 0.102548 2.02384 0.560343 0.521989 0.12885 0.630033
0.52464 0.102876 2.02419 0.559848 0.521867 0.127806 0.630786
0.524178 0.103202 2.02453 0.559354 0.521744 0.126769 0.631535
0.523717 0.103526 2.02487 0.558861 0.52162 0.125737 0.632279
0.523257 0.103847 2.0252 0.558368 0.521496 0.124711 0.633021
0.522799 0.104166 2.02554 0.557875 0.52137 0.123689 0.633758
0.522342 0.104483 2.02587 0.557383 0.521244 0.122673 0.634493
0.521886 0.104798 2.0262 0.556891 0.521116 0.121661 0.635224
0.521431 0.105111 2.02653 0.556399 0.520988 0.120653 0.635952
0.520976 0.105422 2.02685 0.555907 0.520858 0.11965 0.636677
0.520523 0.105731 2.02718 0.555415 0.520728 0.11865 0.6374
0.52007 0.106039 2.0275 0.554924 0.520597 0.117654 0.638119
0.519618 0.106345 2.02783 0.554432 0.520464 0.116662 0.638837
0.519166 0.106649 2.02815 0.553939 0.520331 0.115672 0.639552
0.518714 0.106952 2.02847 0.553447 0.520196 0.114686 0.640265
0.518263 0.107253 2.02879 0.552954 0.52006 0.113702 0.640977
0.517812 0.107553 2.02911 0.552461 0.519924 0.11272 0.641686
0.517361 0.107851 2.02942 0.551967 0.519786 0.111741 0.642394
0.516911 0.108148 2.02974 0.551472 0.519646 0.110763 0.6431
0.51646 0.108444 2.03006 0.550976 0.519506 0.109787 0.643805
0.516008 0.108739 2.03037 0.55048 0.519364 0.108812 0.644509
0.515557 0.109033 2.03069 0.549982 0.519222 0.107839 0.645212
0.515105 0.109325 2.031 0.549484 0.519077 0.106866 0.645915
0.514652 0.109617 2.03132 0.548984 0.518932 0.105894 0.646616
0.514199 0.109907 2.03163 0.548483 0.518785 0.104922 0.647318
0.513745 0.110197 2.03195 0.547981 0.518636 0.10395 0.648018
0.51329 0.110486 2.03226 0.547477 0.518487 0.102978 0.648719
0.512835 0.110774 2.03257 0.546971 0.518335 0.102007 0.649419
0.512379 0.111061 2.03289 0.546465 0.518183 0.101036 0.650119
0.511923 0.111347 2.0332 0.545957 0.518029 0.100067 0.650818
0.511466 0.111633 2.03351 0.545447 0.517875 0.0990997 0.651515
0.51101 0.111918 2.03382 0.544937 0.517719 0.0981353 0.652212
0.510554 0.112201 2.03413 0.544426 0.517563 0.0971742 0.652906
0.510098 0.112484 2.03444 0.543913 0.517406 0.0962168 0.653599
0.509642 0.112766 2.03474 0.5434 0.517248 0.0952638 0.65429
0.509188 0.113047 2.03504 0.542886 0.51709 0.0943157 0.654979
0.508734 0.113328 2.03534 0.542372 0.516932 0.0933732 0.655665
0.508282 0.113607 2.03563 0.541857 0.516773 0.0924367 0.656348
0.507831 0.113886 2.03592 0.541341 0.516615 0.0915069 0.657028
0.507381 0.114164 2.03621 0.540825 0.516456 0.0905842 0.657705
0.506934 0.114441 2.03649 0.540309 0.516298 0.0896694 0.658378
0.506488 0.114717 2.03677 0.539793 0.516141 0.088763 0.659048
0.506044 0.114992 2.03705 0.539277 0.515983 0.0878655 0.659713
0.505603 0.115267 2.03731 0.538761 0.515827 0.0869775 0.660375
0.505164 0.115541 2.03758 0.538245 0.515671 0.0860996 0.661031
0.504727 0.115814 2.03783 0.537729 0.515517 0.0852324 0.661684
0.504294 0.116086 2.03808 0.537214 0.515364 0.0843764 0.662331
0.503864 0.116357 2.03833 0.536699 0.515211 0.0835322 0.662973
0.503437 0.116628 2.03857 0.536186 0.515061 0.0827004 0.66361
0.503014 0.116898 2.0388 0.535673 0.514912 0.0818816 0.664241
0.502594 0.117168 2.03902 0.535161 0.514765 0.0810763 0.664866
0.502179 0.117436 2.03923 0.53465 0.51462 0.0802851 0.665485
0.501767 0.117704 2.03944 0.53414 0.514477 0.0795086 0.666098
0.50136 0.117972 2.03964 0.533632 0.514336 0.0787473 0.666704
0.500958 0.118238 2.03983 0.533125 0.514198 0.0780019 0.667303
0.50056 0.118505 2.04002 0.53262 0.514063 0.0772729 0.667895
0.500167 0.11877 2.04019 0.532117 0.51393 0.0765608 0.66848
0.49978 0.119035 2.04035 0.531616 0.5138 0.0758663 0.669058
0.499398 0.1193 2.04051 0.531117 0.513674 0.07519 0.669627
0.499021 0.119564 2.04065 0.53062 0.513551 0.0745312 0.670189
0.49865 0.119827 2.04079 0.530125 0.51343 0.0738894 0.670744
0.498283 0.12009 2.04091 0.529631 0.513313 0.0732641 0.671292
0.497921 0.120353 2.04103 0.52914 0.513199 0.0726546 0.671833
0.497564 0.120615 2.04114 0.528651 0.513087 0.0720604 0.672367
0.497211 0.120877 2.04124 0.528163 0.512978 0.071481 0.672895
0.496862 0.121138 2.04134 0.527677 0.512872 0.0709158 0.673417
0.496518 0.121399 2.04142 0.527193 0.512768 0.0703642 0.673933
0.496177 0.12166 2.0415 0.52671 0.512667 0.0698257 0.674443
0.495841 0.12192 2.04158 0.526229 0.512568 0.0692997 0.674948
0.495508 0.12218 2.04164 0.525749 0.512471 0.0687856 0.675448
0.495178 0.122439 2.0417 0.52527 0.512377 0.0682828 0.675943
0.494851 0.122698 2.04176 0.524793 0.512284 0.0677908 0.676433
0.494528 0.122957 2.04181 0.524317 0.512193 0.0673091 0.676919
0.494208 0.123215 2.04185 0.523843 0.512104 0.0668371 0.6774
0.49389 0.123473 2.04189 0.523369 0.512017 0.0663741 0.677877
0.493575 0.123731 2.04193 0.522896 0.511932 0.0659196 0.678351
0.493262 0.123989 2.04196 0.522424 0.511847 0.0654732 0.678821
0.492951 0.124246 2.04199 0.521953 0.511765 0.0650341 0.679288
0.492642 0.124502 2.04201 0.521483 0.511683 0.0646018 0.679752
0.492335 0.124759 2.04203 0.521013 0.511602 0.0641758 0.680213
0.49203 0.125015 2.04205 0.520544 0.511523 0.0637555 0.680672
0.491726 0.125271 2.04206 0.520075 0.511444 0.0633403 0.681128
0.491424 0.125526 2.04207 0.519606 0.511366 0.0629297 0.681582
0.491122 0.125781 2.04208 0.519138 0.511289 0.0625231 0.682034
0.490822 0.126036 2.04209 0.51867 0.511212 0.0621198 0.682484
0.490522 0.12629 2.04209 0.518202 0.511135 0.0617195 0.682933
0.490222 0.126544 2.0421 0.517734 0.511059 0.0613214 0.683381
0.489923 0.126798 2.0421 0.517266 0.510983 0.060925 0.683828
0.489624 0.127051 2.04211 0.516797 0.510906 0.0605298 0.684275
0.489325 0.127304 2.04211 0.516328 0.51083 0.0601352 0.68472
0.489025 0.127556 2.04211 0.515859 0.510753 0.0597405 0.685166
0.488726 0.127808 2.04212 0.515389 0.510676 0.0593459 0.685611
0.488426 0.12806 2.04212 0.514919 0.510598 0.0589513 0.686056
0.488126 0.128312 2.04212 0.514448 0.51052 0.0585567 0.686501
0.487826 0.128563 2.04213 0.513977 0.510442 0.0581621 0.686946
0.487525 0.128813 2.04213 0.513505 0.510363 0.0577675 0.68739
0.487224 0.129063 2.04213 0.513033 0.510285 0.0573729 0.687834
0.486923 0.129313 2.04214 0.51256 0.510205 0.0569784 0.688278
0.486621 0.129562 2.04214 0.512087 0.510126 0.0565838 0.688721
0.48632 0.129812 2.04214 0.511613 0.510046 0.0561893 0.689165
0.486018 0.13006 2.04215 0.511139 0.509966 0.0557947 0.689608
0.485716 0.130308 2.04215 0.510665 0.509885 0.0554002 0.690051
0.485413 0.130556 2.04215 0.51019 0.509804 0.0550057 0.690493
0.485111 0.130804 2.04216 0.509714 0.509723 0.0546112 0.690936
0.484808 0.131051 2.04216 0.509238 0.509641 0.0542167 0.691378
0.484504 0.131298 2.04216 0.508762 0.509559 0.0538223 0.69182
0.484201 0.131544 2.04217 0.508285 0.509477 0.0534278 0.692261
0.483897 0.13179 2.04217 0.507807 0.509394 0.0530334 0.692703
0.483593 0.132035 2.04217 0.507329 0.509311 0.052639 0.693144
0.483289 0.13228 2.04218 0.506851 0.509228 0.0522446 0.693585
0.482985 0.132525 2.04218 0.506372 0.509144 0.0518502 0.694025
0.48268 0.13277 2.04218 0.505893 0.50906 0.0514558 0.694465
0.482375 0.133014 2.04219 0.505413 0.508976 0.0510614 0.694906
0.48207 0.133257 2.04219 0.504933 0.508891 0.0506671 0.695345
0.481764 0.1335 2.04219 0.504452 0.508807 0.0502727 0.695785
0.481459 0.133743 2.0422 0.503971 0.508721 0.0498784 0.696224
0.481153 0.133985 2.0422 0.503489 0.508636 0.0494841 0.696663
0.480846 0.134227 2.0422 0.503007 0.50855 0.0490898 0.697102
0.48054 0.134469 2.04221 0.502524 0.508463 0.0486955 0.697541
0.480233 0.13471 2.04221 0.502041 0.508377 0.0483013 0.697979
0.479926 0.134951 2.04221 0.501557 0.50829 0.047907 0.698417
0.479619 0.135192 2.04222 0.501073 0.508202 0.0475128 0.698855
0.479312 0.135432 2.04222 0.500589 0.508115 0.0471186 0.699293
0.479004 0.135671 2.04222 0.500104 0.508027 0.0467244 0.69973
0.478696 0.135911 2.04223 0.499618 0.507938 0.0463302 0.700167
0.478388 0.136149 2.04223 0.499132 0.50785 0.0459361 0.700604
0.478079 0.136388 2.04223 0.498646 0.507761 0.0455419 0.70104
0.477771 0.136626 2.04224 0.498159 0.507671 0.0451478 0.701476
0.477462 0.136864 2.04224 0.497672 0.507582 0.0447537 0.701912
0.477152 0.137101 2.04224 0.497184 0.507492 0.0443596 0.702348
0.476843 0.137338 2.04225 0.496695 0.507401 0.0439656 0.702784
0.476533 0.137574 2.04225 0.496207 0.507311 0.0435715 0.703219
0.476223 0.13781 2.04225 0.495717 0.50722 0.0431775 0.703654
0.475913 0.138046 2.04226 0.495228 0.507128 0.0427835 0.704088
0.475603 0.138282 2.04226 0.494737 0.507036 0.0423895 0.704523
0.475292 0.138516 2.04226 0.494247 0.506944 0.0419956 0.704957
0.474981 0.138751 2.04227 0.493755 0.506852 0.0416016 0.705391
0.47467 0.138985 2.04227 0.493264 0.506759 0.0412077 0.705824
0.474358 0.139219 2.04227 0.492771 0.506666 0.0408138 0.706258
0.474047 0.139452 2.04227 0.492279 0.506573 0.0404199 0.706691
0.473735 0.139685 2.04228 0.491786 0.506479 0.040026 0.707123
0.473423 0.139918 2.04228 0.491292 0.506385 0.0396322 0.707556
0.47311 0.14015 2.04228 0.490798 0.506291 0.0392384 0.707988
0.472798 0.140382 2.04229 0.490304 0.506196 0.0388446 0.70842
0.472485 0.140613 2.04229 0.489809 0.506101 0.0384508 0.708852
0.472172 0.140844 2.04229 0.489313 0.506006 0.0380571 0.709283
0.471858 0.141074 2.0423 0.488817 0.50591 0.0376633 0.709714
0.471545 0.141305 2.0423 0.488321 0.505814 0.0372696 0.710145
0.471231 0.141534 2.0423 0.487824 0.505718 0.0368759 0.710576
0.470917 0.141764 2.04231 0.487326 0.505621 0.0364823 0.711006
0.470602 0.141993 2.04231 0.486828 0.505524 0.0360887 0.711436
0.470288 0.142221 2.04231 0.48633 0.505426 0.035695 0.711866
0.469973 0.142449 2.04232 0.485831 0.505329 0.0353015 0.712295
0.469658 0.142677 2.04232 0.485332 0.505231 0.0349079 0.712725
0.469343 0.142905 2.04232 0.484832 0.505132 0.0345144 0.713154
0.469027 0.143132 2.04233 0.484332 0.505033 0.0341208 0.713582
0.468711 0.143358 2.04233 0.483831 0.504934 0.0337274 0.714011
0.468395 0.143584 2.04233 0.48333 0.504835 0.0333339 0.714439
0.468079 0.14381 2.04234 0.482828 0.504735 0.0329404 0.714866
0.467762 0.144035 2.04234 0.482326 0.504635 0.032547 0.715294
0.467446 0.14426 2.04234 0.481823 0.504535 0.0321537 0.715721
0.467129 0.144485 2.04234 0.48132 0.504434 0.0317603 0.716148
0.466811 0.144709 2.04235 0.480817 0.504333 0.031367 0.716575
0.466494 0.144933 2.04235 0.480313 0.504232 0.0309736 0.717001
0.466176 0.145156 2.04235 0.479808 0.50413 0.0305804 0.717427
0.465858 0.145379 2.04236 0.479303 0.504028 0.0301871 0.717853
0.46554 0.145602 2.04236 0.478798 0.503925 0.0297939 0.718279
0.465222 0.145824 2.04236 0.478292 0.503823 0.0294007 0.718704
0.464903 0.146046 2.04237 0.477785 0.50372 0.0290075 0.719129
0.464584 0.146267 2.04237 0.477278 0.503616 0.0286144 0.719554
0.464265 0.146488 2.04237 0.476771 0.503512 0.0282213 0.719978
0.463946 0.146708 2.04237 0.476263 0.503408 0.0278282 0.720402
0.463626 0.146929 2.04238 0.475755 0.503304 0.0274351 0.720826
0.463306 0.147148 2.04238 0.475246 0.503199 0.0270421 0.721249
0.462986 0.147368 2.04238 0.474736 0.503094 0.0266491 0.721673
0.462666 0.147587 2.04239 0.474227 0.502989 0.0262561 0.722096
0.462345 0.147805 2.04239 0.473716 0.502883 0.0258632 0.722518
0.462025 0.148023 2.04239 0.473206 0.502777 0.0254703 0.722941
0.461704 0.148241 2.04239 0.472694 0.50267 0.0250774 0.723363
0.461382 0.148458 2.0424 0.472183 0.502564 0.0246845 0.723784
0.461061 0.148675 2.0424 0.471671 0.502457 0.0242917 0.724206
0.460739 0.148892 2.0424 0.471158 0.502349 0.0238989 0.724627
0.460417 0.149108 2.04241 0.470645 0.502241 0.0235062 0.725048
0.460095 0.149323 2.04241 0.470131 0.502133 0.0231134 0.725469
0.459773 0.149539 2.04241 0.469617 0.502025 0.0227208 0.725889
0.45945 0.149754 2.04241 0.469102 0.501916 0.0223281 0.726309
