-1.1829 -0.245312 1.45016
0.179182 -0.063832 2.20312
-1.1829 -0.245312 1.45016
-0.198559 0.0346221 2.39993
-1.1829 -0.245312 1.45016
-0.789026 0.101448 2.07786
-1.1829 -0.245312 1.45016
-0.0384609 0.0169168 2.03637
-1.1829 -0.245312 1.45016
-0.198177 0.129753 1.53378
-1.1829 -0.245312 1.45016
-0.473387 -0.0139178 2.30301
-1.1829 -0.245312 1.45016
-0.858454 -0.120474 1.78232
-1.1829 -0.245312 1.45016
-0.173445 0.0654718 2.24212
-1.1829 -0.245312 1.45016
-0.456262 0.310952 1.84065
-1.1829 -0.245312 1.45016
0.0957005 -0.235837 2.07784
-1.1829 -0.245312 1.45016
-0.250317 -0.135846 1.75511
-1.1829 -0.245312 1.45016
-0.524523 0.28671 2.2015
-1.1829 -0.245312 1.45016
-0.997546 0.42124 1.93709
-1.1829 -0.245312 1.45016
-0.816548 0.122414 2.17449
-1.1829 -0.245312 1.45016
-1.00123 -0.00198692 1.86855
-1.1829 -0.245312 1.45016
-0.608852 0.0172519 1.45565
-1.1829 -0.245312 1.45016
-0.631073 -0.34737 1.76675
-1.1829 -0.245312 1.45016
0.127155 -0.0346611 2.23787
-1.1829 -0.245312 1.45016
-0.535414 0.0457443 2.04533
-1.1829 -0.245312 1.45016
0.0100246 -0.192925 1.85415
-1.1829 -0.245312 1.45016
-0.190663 0.0951001 2.1943
-1.1829 -0.245312 1.45016
-0.414511 -0.118407 1.45826
-1.1829 -0.245312 1.45016
-0.396911 -0.000512947 2.05517
-1.1829 -0.245312 1.45016
-0.0115447 -0.00490282 2.03315
-1.1829 -0.245312 1.45016
-0.383848 0.373562 1.6854
-1.1829 -0.245312 1.45016
-0.929705 0.0214364 2.16416
-1.1829 -0.245312 1.45016
-0.531224 0.0585195 2.44097
-1.1829 -0.245312 1.45016
-0.975674 -0.239091 1.97645
-1.1829 -0.245312 1.45016
-0.447297 0.145304 2.26019
-1.1829 -0.245312 1.45016
-0.39404 0.18144 2.40345
-1.1829 -0.245312 1.45016
-0.386903 -0.06126 2.47146
-1.1829 -0.245312 1.45016
-0.619736 0.0939325 2.4147
-1.1829 -0.245312 1.45016
-0.506158 0.420566 2.39321
-1.1829 -0.245312 1.45016
-0.769361 0.323142 1.91836
-1.1829 -0.245312 1.45016
-0.366415 -0.0644445 2.34196
-1.1829 -0.245312 1.45016
-0.807507 -0.0234127 2.10806
-1.1829 -0.245312 1.45016
-0.497323 0.184572 1.94233
-1.1829 -0.245312 1.45016
0.13214 -0.0402352 1.80527
-1.1829 -0.245312 1.45016
-0.241424 0.203315 2.44696
-1.1829 -0.245312 1.45016
-0.701113 -0.0824186 2.32821
-1.1829 -0.245312 1.45016
-0.61955 0.0016182 2.41058
-1.1829 -0.245312 1.45016
-0.79521 -0.178484 2.1105
-1.1829 -0.245312 1.45016
-0.252404 0.146403 2.23158
-1.1829 -0.245312 1.45016
-0.445328 0.228259 2.46312
-1.1829 -0.245312 1.45016
-0.0622683 -0.0177643 2.26062
-1.1829 -0.245312 1.45016
-0.196218 -0.418578 1.59117
-1.1829 -0.245312 1.45016
0.00825085 -0.208598 2.18499
-1.1829 -0.245312 1.45016
-0.124357 -0.0123724 1.92335
-1.1829 -0.245312 1.45016
-0.0282796 0.040318 2.16838
0.179182 -0.063832 2.20312
-0.186781 -0.183289 2.36913
-0.535414 0.0457443 2.04533
-0.347221 -0.0151119 1.77877
-0.535414 0.0457443 2.04533
-0.822675 0.00864879 1.58338
-0.535414 0.0457443 2.04533
-0.113823 -0.357313 1.94754
-0.535414 0.0457443 2.04533
-0.315071 0.170651 2.32567
-0.535414 0.0457443 2.04533
-0.693906 0.110773 1.74039
-0.535414 0.0457443 2.04533
-0.160354 -0.178588 2.4325
-0.535414 0.0457443 2.04533
0.218368 -0.14469 1.92063
-0.535414 0.0457443 2.04533
-0.717091 -0.136914 1.68372
-0.535414 0.0457443 2.04533
-0.118166 -0.020351 2.47885
-0.535414 0.0457443 2.04533
-0.564384 0.267377 2.38179
-0.535414 0.0457443 2.04533
0.027418 -0.0177555 2.34428
-0.535414 0.0457443 2.04533
-0.427885 0.507755 2.0316
-0.535414 0.0457443 2.04533
-0.273378 0.605609 1.71623
-0.535414 0.0457443 2.04533
0.0650222 0.0143494 1.76021
-0.535414 0.0457443 2.04533
-0.348964 -0.217645 1.70698
-0.535414 0.0457443 2.04533
-0.296256 -0.407689 1.7952
-0.535414 0.0457443 2.04533
-0.0899228 -0.100525 2.45418
-0.535414 0.0457443 2.04533
-0.253178 0.0787819 1.99883
-0.535414 0.0457443 2.04533
0.0222227 -0.0108697 2.04168
-0.535414 0.0457443 2.04533
-0.0180717 0.38918 2.1029
-0.535414 0.0457443 2.04533
-0.710151 0.100359 2.16178
-0.198559 0.0346221 2.39993
-0.0416506 -0.0291336 2.10815
-0.198559 0.0346221 2.39993
-0.241367 0.122286 2.54485
-0.198559 0.0346221 2.39993
-0.130393 0.117242 2.18428
-0.198559 0.0346221 2.39993
-0.212533 -0.412283 2.49442
-0.198559 0.0346221 2.39993
-0.719416 0.282847 2.27536
-0.113823 -0.357313 1.94754
-0.461915 0.480046 2.15389
-0.113823 -0.357313 1.94754
-0.361522 0.313606 2.09718
-0.113823 -0.357313 1.94754
0.105962 -0.0344039 2.18477
-0.113823 -0.357313 1.94754
-0.399689 0.755511 2.15815
0.127155 -0.0346611 2.23787
0.17281 0.0113937 2.36656
0.127155 -0.0346611 2.23787
-0.264644 -0.475629 2.27845
0.127155 -0.0346611 2.23787
-0.0491263 -0.227422 2.2357
0.127155 -0.0346611 2.23787
0.013234 0.00148108 2.01691
-0.160354 -0.178588 2.4325
-0.473383 -0.75679 1.87723
-0.160354 -0.178588 2.4325
-0.302841 -0.764196 2.13584
-0.160354 -0.178588 2.4325
0.0656946 0.178702 2.56974
-0.160354 -0.178588 2.4325
-0.749339 0.220229 2.04277
-0.160354 -0.178588 2.4325
-0.837926 0.314081 2.16738
-0.701113 -0.0824186 2.32821
-0.140848 0.0486742 2.01138
-0.701113 -0.0824186 2.32821
-0.182581 -0.303398 2.49532
-0.701113 -0.0824186 2.32821
-1.12596 -0.330141 1.63495
-0.701113 -0.0824186 2.32821
-0.408605 -0.620039 2.29622
-0.701113 -0.0824186 2.32821
-0.118372 0.117806 1.78268
-0.701113 -0.0824186 2.32821
-0.0101663 0.0450789 2.31686
-0.701113 -0.0824186 2.32821
0.0103841 -0.00491964 2.37636
-0.701113 -0.0824186 2.32821
-0.182295 -0.471829 2.12674
-0.701113 -0.0824186 2.32821
-0.0751859 -0.456055 2.3267
-0.701113 -0.0824186 2.32821
-0.0203964 0.0313835 2.42978
-0.701113 -0.0824186 2.32821
-0.234796 -0.697984 2.31423
-0.701113 -0.0824186 2.32821
-0.317401 -0.398085 2.33033
-0.701113 -0.0824186 2.32821
-0.318539 -0.221293 2.34515
-0.701113 -0.0824186 2.32821
-0.490537 -0.35623 2.31893
-0.701113 -0.0824186 2.32821
-0.659157 -0.42632 2.27514
-0.701113 -0.0824186 2.32821
-0.411467 -0.504394 2.12994
-0.701113 -0.0824186 2.32821
-0.287961 0.328101 1.47716
-0.701113 -0.0824186 2.32821
-0.427357 -0.082091 2.35877
-0.701113 -0.0824186 2.32821
-0.386038 -0.053829 2.41807
-0.701113 -0.0824186 2.32821
-0.0473672 0.0191922 2.53942
-0.79521 -0.178484 2.1105
-0.147857 0.283151 2.54159
-0.79521 -0.178484 2.1105
-0.162926 0.34038 1.65811
-0.79521 -0.178484 2.1105
-0.229141 0.309685 2.423
-0.79521 -0.178484 2.1105
-0.482242 -0.0643198 1.68352
-0.79521 -0.178484 2.1105
-0.120801 0.0706671 1.83401
-0.79521 -0.178484 2.1105
-0.788787 -0.0995273 1.71483
-0.79521 -0.178484 2.1105
-1.00004 0.120168 2.00328
-0.79521 -0.178484 2.1105
-0.342571 0.139664 1.78851
-0.79521 -0.178484 2.1105
-0.804331 0.416194 1.9178
-0.241367 0.122286 2.54485
-0.208745 0.269043 2.34687
-0.348964 -0.217645 1.70698
-0.38561 0.223146 1.69255
-0.509923 0.132677 2.34895
-1.00609 0.382645 1.95379
-0.182581 -0.303398 2.49532
-0.710349 -0.56246 2.1694
-0.717091 -0.136914 1.68372
-0.592538 0.0954477 1.65707
-0.0101663 0.0450789 2.31686
-0.625352 0.470626 2.21094
-0.0101663 0.0450789 2.31686
-0.370891 0.154594 2.47172
-0.0101663 0.0450789 2.31686
-0.23935 0.243243 2.36006
-0.067397 0.291612 1.64693
-0.535666 0.492887 1.81681
-0.067397 0.291612 1.64693
-0.382223 0.15803 1.71141
-0.626827 0.329853 1.59595
-0.337525 0.473002 2.00617
-0.626827 0.329853 1.59595
-0.37382 0.369132 1.40442
-0.411467 -0.504394 2.12994
-0.271801 -0.724128 2.01018
-0.411467 -0.504394 2.12994
-0.178729 -0.783723 1.93725
-0.145631 0.0142029 2.4772
-0.876505 0.0646585 2.23598
-0.145631 0.0142029 2.4772
-0.0265286 0.0132727 1.86624
-0.145631 0.0142029 2.4772
-0.0275025 0.0117746 1.93538
-0.789026 0.101448 2.07786
-0.418446 0.151862 1.66517
-0.789026 0.101448 2.07786
-0.35694 0.184786 2.26798
-0.789026 0.101448 2.07786
-0.292621 0.108303 2.16653
-0.789026 0.101448 2.07786
-0.376586 0.00295708 2.53015
-0.789026 0.101448 2.07786
-1.05351 -0.229234 1.81166
-0.789026 0.101448 2.07786
-0.684378 0.249735 2.33936
-0.789026 0.101448 2.07786
-0.491826 0.170644 2.47058
-0.789026 0.101448 2.07786
-0.115836 -0.0772903 2.41896
-0.789026 0.101448 2.07786
-0.388679 0.485662 2.13979
0.00825085 -0.208598 2.18499
-0.0874262 -0.37352 1.99088
0.00825085 -0.208598 2.18499
-0.632027 -0.135897 2.43714
0.00825085 -0.208598 2.18499
0.0444032 0.0135076 1.85024
0.00825085 -0.208598 2.18499
-0.343812 -0.286379 2.51747
0.00825085 -0.208598 2.18499
-0.399897 -0.320426 1.58937
0.00825085 -0.208598 2.18499
-0.0744068 -0.00147648 2.59706
0.00825085 -0.208598 2.18499
-0.0101116 0.00551849 1.61374
0.00825085 -0.208598 2.18499
-0.18815 -0.0936602 1.99237
0.00825085 -0.208598 2.18499
-0.148609 -0.0899135 2.22397
0.00825085 -0.208598 2.18499
-0.302476 -0.587333 2.45122
0.00825085 -0.208598 2.18499
-0.111565 -0.328957 2.45411
-0.241424 0.203315 2.44696
-0.757049 -0.0417569 2.13107
-0.241424 0.203315 2.44696
-0.00551564 -0.0416068 1.88187
-0.241424 0.203315 2.44696
-0.461294 -0.181242 2.28994
-0.241424 0.203315 2.44696
-1.12338 0.278261 1.77479
-0.241424 0.203315 2.44696
-0.0882886 0.0271592 2.26416
-0.61955 0.0016182 2.41058
-0.884029 0.0370462 1.40412
-0.61955 0.0016182 2.41058
-0.462816 0.0568004 1.6264
-0.61955 0.0016182 2.41058
-0.791843 0.12198 1.63029
-0.61955 0.0016182 2.41058
-0.145631 0.0142029 2.4772
-0.61955 0.0016182 2.41058
-0.846429 0.0291228 1.71827
-0.61955 0.0016182 2.41058
0.00910531 0.124818 2.2963
-0.376586 0.00295708 2.53015
-0.361493 -0.393747 2.45378
-0.784212 -0.48042 2.02422
-0.579157 -0.485759 2.35663
-0.784212 -0.48042 2.02422
-0.253245 -0.0510076 2.4622
-0.784212 -0.48042 2.02422
-0.320326 -0.0458845 2.47278
-0.784212 -0.48042 2.02422
-0.711523 -0.480458 2.32508
-0.388981 -0.147593 1.65075
-0.646139 -0.0100661 2.1356
-0.388981 -0.147593 1.65075
-0.233947 -0.419451 1.66669
-0.451524 -0.140842 1.6055
-0.31612 -0.190256 1.91737
-0.451524 -0.140842 1.6055
-0.236021 -0.147091 2.21198
-0.451524 -0.140842 1.6055
-0.354538 0.0105686 1.78654
-0.451524 -0.140842 1.6055
-0.121055 -0.139641 1.59044
-0.451524 -0.140842 1.6055
-0.0307171 -0.00600042 1.78702
-0.31091 -0.099098 1.93124
-0.464276 -0.537276 2.29014
-0.31091 -0.099098 1.93124
-0.496372 -0.0633479 2.37854
-0.31091 -0.099098 1.93124
-0.890033 -0.633815 1.89172
-0.0659531 -0.468128 2.15883
-0.211551 -0.0493622 1.64261
-0.0384609 0.0169168 2.03637
0.119823 -0.136455 1.84373
-0.0384609 0.0169168 2.03637
-0.155501 -0.0607367 2.14114
-0.0384609 0.0169168 2.03637
-0.201627 0.286367 2.3312
-0.0384609 0.0169168 2.03637
-0.0400457 -0.610168 1.82899
-0.0384609 0.0169168 2.03637
-0.475839 -0.434474 2.14699
-0.0384609 0.0169168 2.03637
-0.291147 -0.495781 2.22056
-0.0384609 0.0169168 2.03637
-0.314491 -0.731118 2.09909
-0.0384609 0.0169168 2.03637
0.168551 0.0483825 1.66221
-0.0384609 0.0169168 2.03637
-0.102948 -0.577932 2.02267
-0.0384609 0.0169168 2.03637
-0.00150703 -0.0488501 2.13145
-0.0384609 0.0169168 2.03637
-0.32799 -0.0787675 1.50029
0.0317727 0.218306 2.36507
-0.177347 0.267279 1.7626
0.0317727 0.218306 2.36507
-0.436739 0.485532 1.87311
0.0317727 0.218306 2.36507
-0.976099 0.109146 1.76287
0.0317727 0.218306 2.36507
-0.509923 0.132677 2.34895
0.0317727 0.218306 2.36507
-0.59727 0.127823 1.61119
0.0317727 0.218306 2.36507
-0.599701 0.0590516 2.02968
0.0317727 0.218306 2.36507
-0.224568 0.186557 2.48822
0.0317727 0.218306 2.36507
-0.148183 0.236512 2.24454
0.0317727 0.218306 2.36507
-0.1057 0.0318718 2.48813
0.0317727 0.218306 2.36507
-0.610924 0.281414 1.48956
0.0317727 0.218306 2.36507
-0.280553 0.267411 1.59122
0.0317727 0.218306 2.36507
-0.396861 0.597955 2.28634
0.0317727 0.218306 2.36507
-0.645439 0.469574 1.72011
0.0317727 0.218306 2.36507
-0.626827 0.329853 1.59595
-0.645439 0.469574 1.72011
-0.437357 0.36034 1.51201
-1.00004 0.120168 2.00328
-0.0397796 -0.01766 2.38938
-0.336836 0.0732591 2.36404
-0.503152 -0.142309 2.45481
-0.336836 0.0732591 2.36404
-0.203816 -0.0289855 2.15888
-0.336836 0.0732591 2.36404
-0.456811 0.223893 2.40197
-0.336836 0.0732591 2.36404
-0.713273 0.287432 1.94549
-0.336836 0.0732591 2.36404
-0.976281 0.114271 1.86903
-0.336836 0.0732591 2.36404
-0.844552 -0.0828555 1.43408
-0.336836 0.0732591 2.36404
-0.650688 -0.109045 2.05426
-0.336836 0.0732591 2.36404
-0.458661 -0.0303173 2.26418
-0.336836 0.0732591 2.36404
-0.337616 -0.722835 2.27139
-0.336836 0.0732591 2.36404
-0.601732 -0.14083 2.27397
-0.336836 0.0732591 2.36404
-1.05778 0.122532 1.55171
-0.336836 0.0732591 2.36404
-0.119928 0.164667 2.26342
-0.336836 0.0732591 2.36404
-1.12948 0.146714 1.61865
-0.724992 0.186969 1.53057
-0.237846 0.0656426 2.19161
-0.724992 0.186969 1.53057
-0.205586 -0.106863 1.80552
-0.724992 0.186969 1.53057
-0.0048281 -0.0102108 1.77621
-0.724992 0.186969 1.53057
-0.773716 0.128341 1.77736
-0.724992 0.186969 1.53057
-0.59969 0.254897 1.75547
-0.386903 -0.06126 2.47146
-0.212907 -0.512641 2.14044
-0.386903 -0.06126 2.47146
-0.506035 -0.541916 2.33572
-0.386903 -0.06126 2.47146
0.0228364 -0.00932616 2.1296
-0.386903 -0.06126 2.47146
-0.545065 -0.343403 2.3056
-0.386903 -0.06126 2.47146
0.00579734 -0.0278948 1.74868
-0.386903 -0.06126 2.47146
-0.284102 0.0221964 1.96441
-0.386903 -0.06126 2.47146
-0.238994 0.254794 2.32753
-0.386903 -0.06126 2.47146
-0.375392 -0.345712 2.28347
-0.386903 -0.06126 2.47146
-0.925302 -0.00107586 2.09761
-0.386903 -0.06126 2.47146
-0.214265 0.138452 2.52223
-0.386903 -0.06126 2.47146
-0.669396 0.342884 2.09696
-0.386903 -0.06126 2.47146
-0.405286 0.234423 1.82408
-0.386903 -0.06126 2.47146
-0.0115383 0.0206071 1.8843
-0.386903 -0.06126 2.47146
-0.724992 0.186969 1.53057
-0.386903 -0.06126 2.47146
0.0406721 0.0183353 2.48281
-0.386903 -0.06126 2.47146
-0.00179847 0.0355354 2.32642
-0.386903 -0.06126 2.47146
0.10265 -0.330988 2.53976
-0.386903 -0.06126 2.47146
-0.0905942 -0.181659 2.01171
-0.386903 -0.06126 2.47146
-0.374373 -0.0921323 2.00889
-0.386903 -0.06126 2.47146
0.0512385 -0.0979465 2.01656
-0.386903 -0.06126 2.47146
-0.158061 -0.138473 2.23504
-0.386903 -0.06126 2.47146
-0.0317612 0.0145806 2.04406
-0.386903 -0.06126 2.47146
-0.0383126 -0.0711998 2.50061
-0.386903 -0.06126 2.47146
-0.605675 -0.0360201 1.90708
-0.386903 -0.06126 2.47146
0.00127651 -0.0196192 2.5458
-0.386903 -0.06126 2.47146
-0.0262771 -0.354241 2.02806
-0.386903 -0.06126 2.47146
0.0352581 0.140133 2.14311
-0.386903 -0.06126 2.47146
-0.385891 -0.121299 2.44144
-0.386903 -0.06126 2.47146
-0.594313 -0.0491851 2.43103
-0.386903 -0.06126 2.47146
-0.267686 -0.39093 2.42386
-0.386903 -0.06126 2.47146
0.0446105 -0.324922 2.38729
-0.386903 -0.06126 2.47146
-0.355428 0.197193 2.51954
-0.386903 -0.06126 2.47146
-0.720649 0.0861725 1.97357
-0.386903 -0.06126 2.47146
-0.135129 0.00105853 1.98265
-0.386903 -0.06126 2.47146
-1.06241 0.0537308 1.77286
0.0352581 0.140133 2.14311
-0.613275 0.100766 2.34859
0.0352581 0.140133 2.14311
0.0150549 0.0197457 2.15588
0.0352581 0.140133 2.14311
0.0376298 -0.0248463 1.7996
-0.506035 -0.541916 2.33572
-0.5682 0.219986 1.76338
-0.837951 0.242504 2.02881
-0.581579 -0.417772 2.35645
-0.837951 0.242504 2.02881
-0.900178 0.114616 1.50256
-0.837951 0.242504 2.02881
-0.932349 0.178569 1.97781
-0.837951 0.242504 2.02881
-0.937553 -0.116898 1.47582
-0.837951 0.242504 2.02881
-0.576996 -0.133076 2.20205
-0.196218 -0.418578 1.59117
-0.895452 -0.472889 2.17682
-0.196218 -0.418578 1.59117
-0.380972 -0.394673 1.71208
-0.196218 -0.418578 1.59117
-0.654986 -0.531481 2.2661
-0.196218 -0.418578 1.59117
-0.345779 -0.19002 1.41932
-0.196218 -0.418578 1.59117
-0.49007 -0.16123 2.20818
-0.196218 -0.418578 1.59117
-0.641194 -0.869691 2.00381
-0.196218 -0.418578 1.59117
-0.409344 -0.168686 2.28519
-0.196218 -0.418578 1.59117
-0.286757 0.00966781 1.59445
0.0228364 -0.00932616 2.1296
-0.163103 -0.238635 2.23012
0.0228364 -0.00932616 2.1296
-0.364632 -0.063016 1.50596
0.0228364 -0.00932616 2.1296
0.0594227 -0.176302 1.75226
-0.0988551 0.0663737 2.18964
0.174392 -0.454587 1.75739
-0.0988551 0.0663737 2.18964
0.0155958 0.0240631 1.88238
-0.0988551 0.0663737 2.18964
-0.415114 -0.0408683 2.50166
-0.0988551 0.0663737 2.18964
-0.0388113 0.14062 2.44275
-0.0988551 0.0663737 2.18964
-0.0218114 -0.0634652 1.86292
-0.0988551 0.0663737 2.18964
-0.180139 -0.471383 2.29906
-0.0988551 0.0663737 2.18964
-0.414979 0.0655397 1.7819
-0.0988551 0.0663737 2.18964
-0.617776 -0.335955 2.07792
-0.0988551 0.0663737 2.18964
0.0836029 -0.132225 1.73069
-0.0988551 0.0663737 2.18964
0.115712 -0.0878614 1.75026
-0.0262771 -0.354241 2.02806
-0.358086 0.305222 2.1941
-0.0262771 -0.354241 2.02806
-0.0794217 0.383781 1.60677
-0.0262771 -0.354241 2.02806
-0.195628 0.224234 2.48593
-0.0262771 -0.354241 2.02806
-0.103447 0.158263 2.32378
-0.0262771 -0.354241 2.02806
-0.397698 0.383795 2.12014
-0.0262771 -0.354241 2.02806
-0.14443 0.122707 2.01014
0.0406721 0.0183353 2.48281
-0.188954 -0.495774 2.12322
0.0406721 0.0183353 2.48281
-0.0434885 -0.444039 2.38081
0.0406721 0.0183353 2.48281
0.0458979 0.204878 2.01117
0.0406721 0.0183353 2.48281
-0.132423 -0.229371 2.09867
0.0512385 -0.0979465 2.01656
-0.0119069 -0.172166 1.98818
0.0512385 -0.0979465 2.01656
0.000644946 0.0215354 2.01846
0.0512385 -0.0979465 2.01656
-0.00479085 -0.200585 2.12693
0.0512385 -0.0979465 2.01656
0.0842429 0.193998 2.03352
0.0512385 -0.0979465 2.01656
0.0371048 -0.0460426 2.31059
0.0512385 -0.0979465 2.01656
-0.17144 0.451784 1.90367
-0.447297 0.145304 2.26019
-0.275277 0.0770667 2.46697
-0.447297 0.145304 2.26019
-0.336836 0.0732591 2.36404
-0.447297 0.145304 2.26019
-0.372806 -0.683079 2.15917
-0.447297 0.145304 2.26019
-0.434469 0.373503 1.79479
-0.447297 0.145304 2.26019
-0.25335 0.134851 1.86762
-0.447297 0.145304 2.26019
-0.494863 0.20939 1.69505
-0.447297 0.145304 2.26019
-0.759942 0.0384249 2.31597
-0.447297 0.145304 2.26019
0.119085 0.0313505 1.71786
-0.447297 0.145304 2.26019
-0.336789 0.119443 1.84218
-0.447297 0.145304 2.26019
-0.220371 -0.0662959 2.0418
-0.447297 0.145304 2.26019
-0.195306 -0.235755 1.58526
-0.447297 0.145304 2.26019
-0.536554 -0.23313 2.37761
-0.447297 0.145304 2.26019
0.0641089 -0.1857 1.75493
-0.447297 0.145304 2.26019
-0.236113 0.21749 1.5934
-0.576996 -0.133076 2.20205
-0.515934 -0.175299 2.00174
-0.713273 0.287432 1.94549
-0.128937 0.233604 2.28106
-0.713273 0.287432 1.94549
-0.131356 -0.565739 1.8573
-0.713273 0.287432 1.94549
-0.677189 0.010848 1.49989
-0.713273 0.287432 1.94549
-0.178159 0.0767911 1.61976
-0.713273 0.287432 1.94549
-0.0129423 -0.00959417 1.654
-0.713273 0.287432 1.94549
-0.306515 -0.115124 2.17842
-0.385891 -0.121299 2.44144
-0.643865 -0.118987 2.29039
-0.385891 -0.121299 2.44144
-0.934398 -0.0651843 1.98761
-0.385891 -0.121299 2.44144
-0.145181 -0.38957 2.50476
0.000644946 0.0215354 2.01846
-0.335274 0.241685 2.49096
0.000644946 0.0215354 2.01846
-0.64669 0.178822 2.37271
0.000644946 0.0215354 2.01846
-0.442054 0.576919 2.12575
-0.932349 0.178569 1.97781
-0.6845 -0.188394 2.27348
-0.932349 0.178569 1.97781
-0.247044 0.17608 2.54028
-0.932349 0.178569 1.97781
-0.415952 -0.00744442 2.28929
-0.506158 0.420566 2.39321
-0.193094 -0.182628 2.49326
-0.506158 0.420566 2.39321
-0.0688533 -0.807036 2.12907
-0.506158 0.420566 2.39321
-0.3543 -0.0516875 2.53273
-0.506158 0.420566 2.39321
-0.731768 0.139305 2.14678
-0.506158 0.420566 2.39321
-0.527977 0.108529 2.44659
-0.506158 0.420566 2.39321
0.0698697 -0.136668 2.54252
-0.506158 0.420566 2.39321
-0.0842111 -0.0912311 2.3155
-0.506158 0.420566 2.39321
-0.0271045 -0.290449 2.51608
-0.506158 0.420566 2.39321
-0.104661 -0.279592 2.53635
-0.506158 0.420566 2.39321
-0.423436 -0.0981621 2.50896
-0.506158 0.420566 2.39321
-0.213806 0.0351769 2.41044
-0.506158 0.420566 2.39321
-0.14831 -0.0386919 2.58374
-0.506158 0.420566 2.39321
-0.167445 0.0712556 2.38637
-0.506158 0.420566 2.39321
0.0199753 -0.00345833 2.50586
-0.506158 0.420566 2.39321
-0.263357 0.344006 1.84734
-0.506158 0.420566 2.39321
-0.222446 -0.244877 1.82609
-0.506158 0.420566 2.39321
-0.314708 -0.362809 2.24513
-0.506158 0.420566 2.39321
-0.0693893 -0.30687 2.45177
-0.372806 -0.683079 2.15917
-0.0699918 -0.871779 1.89233
-0.372806 -0.683079 2.15917
-0.611336 0.500955 2.06656
-0.372806 -0.683079 2.15917
-0.198137 0.534048 1.89602
-0.372806 -0.683079 2.15917
-0.1289 0.103252 2.02223
-0.372806 -0.683079 2.15917
-0.573176 0.347086 2.38518
-0.372806 -0.683079 2.15917
-0.615647 0.609233 2.31919
-0.372806 -0.683079 2.15917
-0.625477 0.408086 2.39817
-0.545736 -0.239391 2.34534
-0.281294 -0.326774 2.46257
-0.545736 -0.239391 2.34534
-0.628909 0.249257 2.32301
-0.545736 -0.239391 2.34534
-0.150787 -0.134968 2.16533
-0.545736 -0.239391 2.34534
-0.509059 0.082497 1.90576
0.178652 0.0268871 1.98107
-0.00732788 -0.00818561 1.74602
-0.937553 -0.116898 1.47582
-0.233909 0.0819274 1.98408
-0.131795 -0.122774 2.36206
-0.0375204 -0.0157443 2.03291
-0.131795 -0.122774 2.36206
0.0053226 -0.479875 1.93117
-0.131795 -0.122774 2.36206
0.122388 0.384404 2.30933
-0.131795 -0.122774 2.36206
0.0213194 -0.0359964 1.81514
-0.0383126 -0.0711998 2.50061
-0.102354 -0.41931 2.35251
-0.0383126 -0.0711998 2.50061
-0.233525 -0.159971 1.85924
-0.0383126 -0.0711998 2.50061
-0.796046 0.483329 1.97652
-0.0383126 -0.0711998 2.50061
-0.324247 0.370737 1.97408
-0.0383126 -0.0711998 2.50061
-0.117647 -0.661758 2.089
-0.0383126 -0.0711998 2.50061
-0.352396 -0.193172 1.79732
-0.0383126 -0.0711998 2.50061
0.00542658 0.00974336 1.97486
-0.0383126 -0.0711998 2.50061
0.125298 -0.0757514 2.27827
-0.0383126 -0.0711998 2.50061
-0.397446 0.411364 2.31656
-0.0383126 -0.0711998 2.50061
0.229972 -0.0949341 1.96385
-0.0048281 -0.0102108 1.77621
-0.258857 -0.327278 1.8338
-0.0486041 0.000209867 1.94932
0.15979 0.0258808 1.96455
-0.0486041 0.000209867 1.94932
-0.579762 -0.0311224 2.27224
-0.0486041 0.000209867 1.94932
-0.918642 -0.0759431 2.27006
-0.380972 -0.394673 1.71208
-0.522586 -0.416092 2.20004
-0.345779 -0.19002 1.41932
-0.342704 -0.0840667 2.34579
-0.654986 -0.531481 2.2661
-0.271914 -0.018509 2.5812
-0.456811 0.223893 2.40197
-0.568375 -0.528538 2.05898
-0.0431273 0.0173737 2.14861
-0.317214 -0.00625029 2.12829
-0.25335 0.134851 1.86762
0.00739566 -0.0273251 1.80003
-0.25335 0.134851 1.86762
-0.202187 -0.0203372 1.99845
-0.25335 0.134851 1.86762
-0.0975403 0.184666 1.53527
-0.25335 0.134851 1.86762
-0.129294 0.0700121 1.90802
-0.25335 0.134851 1.86762
-0.651276 0.237428 1.59233
-0.25335 0.134851 1.86762
-0.532679 0.162286 1.69077
-0.25335 0.134851 1.86762
0.037352 -0.172394 1.82918
-0.25335 0.134851 1.86762
0.0514185 -0.134389 1.86663
-0.844552 -0.0828555 1.43408
-0.537236 -0.116118 1.76728
-0.759942 0.0384249 2.31597
-0.473267 0.0229051 2.41793
-0.759942 0.0384249 2.31597
-0.218527 -0.122471 2.56432
-0.532679 0.162286 1.69077
0.014433 -0.199473 1.86416
-0.532679 0.162286 1.69077
0.0222269 -0.341346 1.58751
0.037352 -0.172394 1.82918
-0.923114 -0.544033 1.87372
0.037352 -0.172394 1.82918
-0.206468 -0.403236 2.21184
0.037352 -0.172394 1.82918
-0.0543591 0.0725422 2.08891
0.037352 -0.172394 1.82918
-0.306181 -0.631262 2.11819
0.037352 -0.172394 1.82918
-0.0964266 -0.175635 2.16451
0.037352 -0.172394 1.82918
-0.174749 -0.679174 1.69542
0.037352 -0.172394 1.82918
-0.483445 -0.0296669 1.75849
0.0514185 -0.134389 1.86663
-0.175152 -0.204934 1.52078
0.0514185 -0.134389 1.86663
-0.029248 -0.0789796 2.12533
0.0514185 -0.134389 1.86663
-0.0206561 -0.0335865 2.13471
0.0514185 -0.134389 1.86663
0.0254201 -0.26432 1.67587
-0.414808 -0.215974 1.80585
-0.221084 0.00473225 2.39767
-0.414808 -0.215974 1.80585
-0.365781 -0.125177 1.50027
-0.460035 -0.506236 2.31221
-0.674563 -0.45188 2.35534
-0.460035 -0.506236 2.31221
-0.90753 -0.607671 2.07759
-0.460035 -0.506236 2.31221
-0.704967 -0.0204287 2.3477
-0.460035 -0.506236 2.31221
-0.496831 -0.641473 2.24019
-0.460035 -0.506236 2.31221
-0.433952 -0.406272 2.48189
-0.460035 -0.506236 2.31221
-0.744752 -0.198326 2.35515
-0.206468 -0.403236 2.21184
-0.693565 -0.471651 2.27602
-0.0206561 -0.0335865 2.13471
-0.574127 -0.0747734 2.17505
-0.261983 0.289934 2.20006
-0.519299 -0.272213 2.48381
-0.427729 -0.151706 2.48
-0.964753 0.179368 2.05227
-0.427729 -0.151706 2.48
-0.0391091 -0.358162 2.49073
-0.0842111 -0.0912311 2.3155
-0.269654 0.121439 1.54444
-0.0842111 -0.0912311 2.3155
-0.384494 0.23169 2.17607
-0.0842111 -0.0912311 2.3155
0.0226296 0.267772 1.77388
-0.0842111 -0.0912311 2.3155
-0.239399 0.308102 1.67296
-0.0423101 -0.214598 2.4482
-0.0568413 0.0381433 2.47342
-0.119928 0.164667 2.26342
-0.395708 0.228093 2.38967
-0.119928 0.164667 2.26342
-0.777761 0.311017 1.90481
-0.119928 0.164667 2.26342
-0.134674 0.193833 1.87688
-0.119928 0.164667 2.26342
-0.287122 0.236372 1.92534
-0.119928 0.164667 2.26342
0.0775471 -0.0395713 2.05019
-0.119928 0.164667 2.26342
0.134822 -0.0443619 1.89399
-0.119928 0.164667 2.26342
-0.144062 0.0394519 1.68341
-0.119928 0.164667 2.26342
0.108857 -0.196554 1.59433
-0.119928 0.164667 2.26342
-0.14806 0.270331 2.02677
-0.119928 0.164667 2.26342
0.0824323 -0.129037 1.59495
-0.477355 -0.267491 2.33697
-0.172324 0.463448 1.76948
-0.172324 0.463448 1.76948
-0.0591216 0.0876207 2.01826
-0.172324 0.463448 1.76948
-0.155305 0.0446917 1.83055
-0.172324 0.463448 1.76948
-0.668405 0.0261277 1.16205
-0.172324 0.463448 1.76948
0.00248607 0.0106189 1.81345
-0.625477 0.408086 2.39817
-0.43134 0.308414 2.50538
-0.43134 0.308414 2.50538
-0.446592 0.106532 2.43734
-0.387574 0.40377 1.80121
-0.917793 0.378336 1.55472
-0.387574 0.40377 1.80121
-0.483923 0.133501 2.00873
-0.387574 0.40377 1.80121
-0.905432 0.260652 1.72355
-0.387574 0.40377 1.80121
0.115775 -0.0606596 1.77174
-0.387574 0.40377 1.80121
-0.779952 0.365307 1.72407
-0.387574 0.40377 1.80121
-0.86306 0.151124 1.68784
-0.387574 0.40377 1.80121
-0.0545569 0.0366577 2.00136
-0.155305 0.0446917 1.83055
0.0962442 -0.21643 1.71757
-0.134674 0.193833 1.87688
0.112256 -0.148255 2.08892
-0.0581648 0.383441 2.18752
-0.578776 0.339818 1.25895
-0.0581648 0.383441 2.18752
-0.613872 0.161744 2.09223
-0.0581648 0.383441 2.18752
-0.634981 0.554862 2.08127
-0.0581648 0.383441 2.18752
-0.739703 0.161735 1.93309
-0.0581648 0.383441 2.18752
-0.302882 0.150647 2.51909
-0.0581648 0.383441 2.18752
-0.956372 0.481998 1.89203
-0.14831 -0.0386919 2.58374
-0.579301 -0.669128 2.20633
-0.0271045 -0.290449 2.51608
-0.0159937 0.0513169 2.48527
-0.0271045 -0.290449 2.51608
-0.813491 0.4533 1.78919
-0.0465759 -0.354892 2.45767
0.0668868 -0.543137 2.45249
-0.423436 -0.0981621 2.50896
-0.00250489 0.0550775 2.59374
0.0734302 0.0508369 2.31276
-0.362694 0.0207112 2.1753
0.0734302 0.0508369 2.31276
-0.331892 0.115867 1.5405
0.0734302 0.0508369 2.31276
-0.5431 0.219282 1.82731
0.0734302 0.0508369 2.31276
-0.429758 0.285257 1.86475
0.0734302 0.0508369 2.31276
-0.344193 0.134391 1.8773
0.0734302 0.0508369 2.31276
-0.09048 0.16932 2.07696
0.0734302 0.0508369 2.31276
-0.733569 0.1805 1.86527
0.0734302 0.0508369 2.31276
-0.275931 0.100094 2.41672
0.0734302 0.0508369 2.31276
-0.387574 0.40377 1.80121
0.0734302 0.0508369 2.31276
-0.206447 0.0187345 1.89524
0.0875513 -0.0112316 2.40208
-0.475498 0.232588 2.12554
0.0875513 -0.0112316 2.40208
-0.802452 0.389609 2.12374
-0.343231 -0.237052 2.4446
0.0875513 -0.0112316 2.40208
-0.430625 -0.0814314 2.29587
-0.569105 -0.0879948 1.68979
-0.430625 -0.0814314 2.29587
-0.699924 0.25344 2.31335
-0.430625 -0.0814314 2.29587
-0.16365 -0.011147 2.08978
-0.430625 -0.0814314 2.29587
-0.0208445 0.00429309 2.23789
-0.545065 -0.343403 2.3056
-0.0581648 0.383441 2.18752
-0.150787 -0.134968 2.16533
0.0313601 0.0588761 2.22422
-0.150787 -0.134968 2.16533
0.0786938 0.25385 1.83212
0.191015 0.325313 2.14262
0.0604008 0.333494 1.88373
-0.509059 0.082497 1.90576
-0.0988602 -0.0678754 2.22828
-0.509059 0.082497 1.90576
-0.267714 0.20427 1.86956
-0.509059 0.082497 1.90576
-0.184761 0.178215 1.86777
-0.509059 0.082497 1.90576
-0.119073 -0.0072651 1.9542
-0.509059 0.082497 1.90576
-0.416039 -0.096466 1.84484
0.0898133 -0.152754 1.79988
-0.0065606 -0.00909613 1.81753
-0.0117741 -0.0308008 1.99082
-0.0635951 -0.0621858 1.78168
-0.0117741 -0.0308008 1.99082
0.191015 0.325313 2.14262
-0.573176 0.347086 2.38518
-0.604493 0.0339144 2.34937
0.00355064 -0.0105241 2.24467
-0.03861 -0.00818501 2.12775
0.00355064 -0.0105241 2.24467
-0.131795 -0.122774 2.36206
0.00355064 -0.0105241 2.24467
-0.490004 -0.146609 1.56354
0.00355064 -0.0105241 2.24467
-0.0117741 -0.0308008 1.99082
-0.644841 -0.301035 2.30506
-0.138419 -0.0976844 2.39387
-0.644841 -0.301035 2.30506
-0.0482403 -0.205617 2.33292
-0.644841 -0.301035 2.30506
-0.0862907 -0.27381 2.01332
-0.644841 -0.301035 2.30506
-0.613491 -0.360131 2.1886
-0.138419 -0.0976844 2.39387
-0.0916091 -0.166832 2.4567
-0.305473 -0.0820249 2.24233
-0.416613 -0.420193 1.95433
-0.305473 -0.0820249 2.24233
-0.0706524 0.13262 2.36228
-0.305473 -0.0820249 2.24233
-0.095633 -0.452706 2.01811
-0.305473 -0.0820249 2.24233
0.0251264 -0.304186 1.93664
-0.305473 -0.0820249 2.24233
0.116916 0.253774 2.12116
-0.416613 -0.420193 1.95433
-0.122333 -0.558067 1.96287
-0.416613 -0.420193 1.95433
0.0111738 0.0718233 2.30913
-0.473126 0.177955 2.1829
-0.094517 -0.0712247 2.30179
-0.473126 0.177955 2.1829
-0.292055 -0.311786 2.49111
-0.473126 0.177955 2.1829
-0.308605 0.394059 2.23018
-0.473126 0.177955 2.1829
-0.982125 -0.077233 1.33664
-0.473126 0.177955 2.1829
-0.297376 0.0253009 1.76851
-0.473126 0.177955 2.1829
-0.261983 0.289934 2.20006
-0.473126 0.177955 2.1829
-0.681397 0.114044 2.32353
-0.473126 0.177955 2.1829
-0.41451 0.117725 2.1096
-0.094517 -0.0712247 2.30179
0.123097 -0.0189001 2.11806
-1.0602 0.153955 2.09831
-0.877897 0.035645 1.82044
-0.858454 -0.120474 1.78232
-0.489039 0.105245 1.95535
-0.858454 -0.120474 1.78232
-0.873337 0.349709 1.3587
-0.324112 0.215188 2.32489
-0.1159 0.0466333 1.74067
-0.324112 0.215188 2.32489
-0.291524 0.378806 1.9101
-0.324112 0.215188 2.32489
0.164759 -0.18137 1.73572
-0.324112 0.215188 2.32489
-0.704534 0.131516 1.85223
-0.324112 0.215188 2.32489
-0.350382 0.15094 1.8085
-0.324112 0.215188 2.32489
0.0707832 -0.145455 1.78222
-0.473387 -0.0139178 2.30301
-0.521003 -0.251741 2.42631
-0.473387 -0.0139178 2.30301
-0.149118 -0.323738 2.46846
-0.473387 -0.0139178 2.30301
-0.0651457 0.420958 2.16568
-0.473387 -0.0139178 2.30301
-0.722185 0.42613 1.98207
-0.473387 -0.0139178 2.30301
-0.0433699 -0.0673449 1.92219
-0.473387 -0.0139178 2.30301
-0.0108119 0.00310808 1.70324
-0.473387 -0.0139178 2.30301
-0.252936 0.0609488 2.05015
-0.0651457 0.420958 2.16568
-0.190549 0.207205 1.70719
-0.0651457 0.420958 2.16568
-0.029799 0.0163442 1.88643
-0.190549 0.207205 1.70719
-0.479554 0.0722421 1.41903
-0.029799 0.0163442 1.88643
0.048477 -0.0179025 1.7794
-0.997546 0.42124 1.93709
-0.163854 -0.169629 2.3502
-0.997546 0.42124 1.93709
-1.03378 -0.476829 1.84699
-0.997546 0.42124 1.93709
-0.427729 -0.151706 2.48
-0.807507 -0.0234127 2.10806
-0.0342439 -0.0494281 2.44666
-0.807507 -0.0234127 2.10806
-0.108613 -0.0116191 1.59407
-0.807507 -0.0234127 2.10806
-0.570623 0.325827 1.95635
-0.807507 -0.0234127 2.10806
-1.05617 -0.354205 1.72925
-0.807507 -0.0234127 2.10806
-0.615281 -0.0963696 2.15793
-0.807507 -0.0234127 2.10806
-0.235305 0.0799683 2.11558
-0.807507 -0.0234127 2.10806
-0.420988 0.0361157 1.74199
-0.807507 -0.0234127 2.10806
-0.11974 -0.116271 2.57557
-0.807507 -0.0234127 2.10806
0.0370023 -0.0104452 2.52601
-0.0342439 -0.0494281 2.44666
-0.14038 -0.483027 2.44231
-0.366415 -0.0644445 2.34196
-0.350786 -0.100961 1.89505
-0.366415 -0.0644445 2.34196
-0.544734 -0.665989 2.21843
-0.366415 -0.0644445 2.34196
-0.512605 -0.386465 2.40493
-0.366415 -0.0644445 2.34196
0.0115709 0.0787184 2.59331
-0.366415 -0.0644445 2.34196
-0.0335885 -0.0041208 1.64084
-0.366415 -0.0644445 2.34196
-0.187298 -0.0351389 1.71331
-0.366415 -0.0644445 2.34196
-0.449301 0.190893 1.55726
-0.366415 -0.0644445 2.34196
-0.546792 0.152035 1.6249
-0.366415 -0.0644445 2.34196
-0.581954 -0.0673471 1.68317
-0.366415 -0.0644445 2.34196
-0.506633 0.0981858 2.26113
0.164759 -0.18137 1.73572
0.019485 -0.0463776 1.71183
-0.224568 0.186557 2.48822
-0.0641107 0.118595 1.75148
-0.224568 0.186557 2.48822
-0.482983 0.0433153 1.77247
-0.224568 0.186557 2.48822
-0.450231 0.166351 1.46663
-0.224568 0.186557 2.48822
-0.987117 0.357065 2.13783
-0.224568 0.186557 2.48822
0.070477 -0.17727 1.63329
-0.224568 0.186557 2.48822
-0.702902 0.20992 1.57033
-0.59727 0.127823 1.61119
0.0868301 -0.0891525 1.95661
-0.59727 0.127823 1.61119
-0.475843 0.0694175 1.41279
-0.59727 0.127823 1.61119
-0.769279 0.0592705 1.31492
-0.39404 0.18144 2.40345
-0.425059 -0.0813663 1.67682
-0.39404 0.18144 2.40345
0.00594185 -0.0883844 1.96241
-0.39404 0.18144 2.40345
-0.714319 -0.0308282 2.01109
-0.39404 0.18144 2.40345
-0.430968 -0.16651 2.22277
-0.39404 0.18144 2.40345
-0.477355 -0.267491 2.33697
-0.39404 0.18144 2.40345
0.157561 -0.222105 1.80061
-0.39404 0.18144 2.40345
-0.0431273 0.0173737 2.14861
-0.39404 0.18144 2.40345
-0.377557 0.113037 2.08166
-0.0899228 -0.100525 2.45418
-0.270185 0.472803 2.22067
-0.0899228 -0.100525 2.45418
-0.324162 0.252061 2.37574
0.00910531 0.124818 2.2963
-0.658863 0.63149 1.73531
0.00910531 0.124818 2.2963
-0.324112 0.215188 2.32489
0.00910531 0.124818 2.2963
-0.504117 0.0371245 2.48581
0.00910531 0.124818 2.2963
-0.527167 0.41053 2.19454
0.00910531 0.124818 2.2963
-0.0624204 0.0221705 1.78382
0.00910531 0.124818 2.2963
-0.148075 0.0304398 1.85466
-0.150745 -0.557609 2.4147
-1.0602 0.153955 2.09831
-0.396861 0.597955 2.28634
-0.600417 0.550526 2.00752
-0.396861 0.597955 2.28634
-0.818234 0.388524 2.18432
-0.396861 0.597955 2.28634
-0.893722 0.246264 2.19698
-0.324162 0.252061 2.37574
-0.911546 0.146041 2.20131
-0.324162 0.252061 2.37574
-0.298185 0.103625 2.46984
-0.396911 -0.000512947 2.05517
-0.150745 -0.557609 2.4147
-0.396911 -0.000512947 2.05517
-0.119446 -0.0686038 1.76421
-0.396911 -0.000512947 2.05517
0.0217344 -0.334585 2.25417
-0.396911 -0.000512947 2.05517
-0.0092513 -0.0307722 1.86775
-0.396911 -0.000512947 2.05517
-0.222331 -0.115458 1.665
-0.396911 -0.000512947 2.05517
-0.243177 -0.0513902 2.16932
-0.396911 -0.000512947 2.05517
-0.451835 -0.0728114 1.74697
-0.396911 -0.000512947 2.05517
-0.474359 0.120332 2.08166
-0.396911 -0.000512947 2.05517
-0.734157 0.141225 1.78768
-0.396911 -0.000512947 2.05517
-0.0408265 -0.00115722 1.91589
-0.396911 -0.000512947 2.05517
-0.569377 -0.340602 1.9618
-0.0751746 -0.148463 1.94605
-0.394064 0.577309 2.08072
-0.0751746 -0.148463 1.94605
0.0892076 0.222728 2.02135
-0.103447 0.158263 2.32378
-0.614785 0.255817 2.4457
0.113322 -0.501178 2.44373
-0.821933 0.43764 2.14017
0.113322 -0.501178 2.44373
-0.471339 0.515677 1.99217
0.113322 -0.501178 2.44373
-0.722263 0.21873 2.06593
-0.524523 0.28671 2.2015
-0.015616 0.31673 2.35853
-0.524523 0.28671 2.2015
0.148324 0.00813212 2.2128
-0.524523 0.28671 2.2015
-0.437326 -0.152689 1.61208
-0.524523 0.28671 2.2015
-0.206117 -0.119912 1.80798
-0.524523 0.28671 2.2015
-0.0189358 -0.0212895 2.4992
-0.524523 0.28671 2.2015
-0.625584 0.3997 1.99816
-0.524523 0.28671 2.2015
-0.0660614 0.00479912 2.49724
-0.524523 0.28671 2.2015
-0.182118 -0.19208 2.32265
-0.015616 0.31673 2.35853
-1.15687 0.397969 1.85634
-0.554998 -0.367526 2.33055
-0.425282 0.269337 2.18945
-0.554998 -0.367526 2.33055
0.0625928 0.0402867 2.08987
-0.0278217 0.0475448 1.90398
-0.687012 0.359677 2.33563
-0.631073 -0.34737 1.76675
-0.629298 0.304485 2.31913
-0.631073 -0.34737 1.76675
-0.473285 -0.140863 2.07005
-0.631073 -0.34737 1.76675
-0.199497 -0.431175 1.82344
0.0849764 -0.364033 2.47161
-0.977535 0.102195 2.21487
0.0849764 -0.364033 2.47161
0.210038 -0.167592 2.33317
-0.977535 0.102195 2.21487
-1.08425 0.281493 1.61823
-0.610924 0.281414 1.48956
-0.781275 0.361734 1.85009
-0.610924 0.281414 1.48956
-0.495012 0.147323 1.36599
-0.610924 0.281414 1.48956
-0.00731672 0.016661 2.12343
-0.531224 0.0585195 2.44097
-0.120315 -0.32205 2.47743
-0.531224 0.0585195 2.44097
-0.0718762 -0.065961 1.94649
-0.531224 0.0585195 2.44097
-0.488115 0.0571734 2.47794
-0.531224 0.0585195 2.44097
-0.49751 0.0359599 2.46954
-0.608367 0.221257 2.1982
-0.645517 -0.498287 2.26004
-0.173445 0.0654718 2.24212
-0.254249 0.310759 1.81336
-0.173445 0.0654718 2.24212
-0.832831 -0.277785 1.43799
-0.173445 0.0654718 2.24212
-0.0932791 -0.052525 2.38665
-0.173445 0.0654718 2.24212
0.0758211 -0.0184056 2.2034
-0.173445 0.0654718 2.24212
-0.312451 -0.369915 1.46974
-0.173445 0.0654718 2.24212
0.00956992 -0.23946 2.02305
-0.173445 0.0654718 2.24212
0.147621 0.254189 1.93314
-0.173445 0.0654718 2.24212
-0.169614 0.30807 1.88912
-0.173445 0.0654718 2.24212
-0.964083 -0.0678942 1.7658
-0.173445 0.0654718 2.24212
-0.943186 -0.0534383 2.14949
-0.173445 0.0654718 2.24212
-0.378637 0.181739 1.71896
-0.173445 0.0654718 2.24212
-1.05065 0.00281697 1.95421
-0.173445 0.0654718 2.24212
0.0789937 0.0674946 2.24682
-0.173445 0.0654718 2.24212
0.000342188 -0.010768 2.2101
-0.173445 0.0654718 2.24212
0.10456 0.181744 1.9297
-0.173445 0.0654718 2.24212
-0.804113 0.280178 1.54491
-0.173445 0.0654718 2.24212
-0.205427 0.162816 1.97927
-0.173445 0.0654718 2.24212
0.0117103 0.349834 2.15933
-0.173445 0.0654718 2.24212
-0.459733 0.201735 2.09949
-0.375392 -0.345712 2.28347
-0.168104 -0.254719 2.54663
-0.375392 -0.345712 2.28347
-0.221089 -0.214401 1.61052
-0.375392 -0.345712 2.28347
-0.577171 -0.39379 2.24639
-0.375392 -0.345712 2.28347
-0.126594 -0.218406 2.19716
-0.375392 -0.345712 2.28347
0.0262112 0.100083 1.97027
-0.375392 -0.345712 2.28347
-0.164689 -0.645957 2.32138
-0.375392 -0.345712 2.28347
-0.230367 -0.30488 2.52136
-0.456262 0.310952 1.84065
-0.49027 -0.00479423 1.91335
-0.456262 0.310952 1.84065
-0.148401 0.114389 2.19004
-0.456262 0.310952 1.84065
-0.452366 0.0573019 1.34004
-0.456262 0.310952 1.84065
-0.862539 0.449062 1.71322
-0.456262 0.310952 1.84065
-0.0411783 -0.0978931 2.07656
-0.456262 0.310952 1.84065
-0.0277413 0.00767841 2.29988
-0.497323 0.184572 1.94233
0.0850456 -0.165193 1.92827
-0.497323 0.184572 1.94233
-0.196907 -0.0540006 1.86179
-0.497323 0.184572 1.94233
0.0809479 0.241479 2.10314
-0.497323 0.184572 1.94233
0.016482 0.0228086 2.00543
-0.497323 0.184572 1.94233
-0.101397 -0.129265 2.21649
-0.497323 0.184572 1.94233
-0.0580948 -0.33963 2.20771
-0.497323 0.184572 1.94233
-0.570283 -0.157438 1.69958
-0.497323 0.184572 1.94233
-0.26683 -0.148191 2.35564
-0.497323 0.184572 1.94233
-0.179672 -0.0508983 1.96714
-0.497323 0.184572 1.94233
-0.866469 -0.257205 1.67251
-0.497323 0.184572 1.94233
-1.07066 -0.319875 1.62505
-0.497323 0.184572 1.94233
-1.02128 -0.107621 1.70832
-0.497323 0.184572 1.94233
-0.567936 0.359183 1.53963
-0.497323 0.184572 1.94233
-0.0641889 -0.351076 1.69645
-0.497323 0.184572 1.94233
-0.156979 -0.281745 2.43002
0.0850456 -0.165193 1.92827
-0.376236 -0.37881 1.42669
0.0850456 -0.165193 1.92827
-0.199742 -0.200683 1.77067
0.0850456 -0.165193 1.92827
0.0302278 -0.131015 1.95674
0.0850456 -0.165193 1.92827
-0.0227586 0.220626 1.69669
0.0850456 -0.165193 1.92827
-0.10009 -0.131209 2.59361
-0.597791 0.141081 2.40476
-0.722765 -0.131174 1.98452
-0.597791 0.141081 2.40476
-1.18087 0.13487 1.5967
-0.597791 0.141081 2.40476
-0.0974631 -0.141492 2.57654
-0.214265 0.138452 2.52223
-0.102289 0.0934955 2.40164
-0.214265 0.138452 2.52223
-0.31454 0.100294 2.09725
-1.06241 0.0537308 1.77286
-0.572267 0.0404055 1.79549
-1.06241 0.0537308 1.77286
-1.08785 -0.173679 1.92571
-1.06241 0.0537308 1.77286
-0.462332 0.0530489 2.44992
-1.06241 0.0537308 1.77286
-0.92498 -0.106407 2.08686
-0.689711 -0.0206868 2.22969
-0.640397 0.371043 2.30977
-0.605675 -0.0360201 1.90708
-0.3416 0.154547 1.93363
-0.605675 -0.0360201 1.90708
-0.106189 0.0339967 1.79728
-0.605675 -0.0360201 1.90708
-0.290162 0.166711 2.1567
-0.605675 -0.0360201 1.90708
-0.309626 -0.0193647 1.75194
-0.605675 -0.0360201 1.90708
-0.573816 -0.217216 1.90684
-0.179087 0.0420332 2.5796
-0.656933 0.0612578 2.34304
-0.656933 0.0612578 2.34304
-1.08192 0.0263931 1.6761
-0.656933 0.0612578 2.34304
-0.376412 -0.663545 2.32047
-0.961105 0.293375 2.04862
-0.87807 0.0115982 2.21648
-0.961105 0.293375 2.04862
-0.930065 0.61719 1.84238
-0.961105 0.293375 2.04862
-0.931642 -0.0783355 1.30911
-0.87807 0.0115982 2.21648
-0.486265 -0.0238336 2.44459
-0.87807 0.0115982 2.21648
-0.782373 0.10575 2.00847
-0.577171 -0.39379 2.24639
-0.385694 -0.296046 2.44493
-0.577171 -0.39379 2.24639
-0.675684 -0.12162 2.30196
-0.577171 -0.39379 2.24639
-0.0621521 -0.252126 2.42104
-0.577171 -0.39379 2.24639
2.02709e-06 -0.0294338 2.47548
-0.158061 -0.138473 2.23504
-0.436275 -0.220189 1.55311
-0.158061 -0.138473 2.23504
0.0534367 0.0429611 2.05928
-0.158061 -0.138473 2.23504
-0.854205 0.15728 2.26569
-0.158061 -0.138473 2.23504
0.0210797 0.229647 1.81295
-0.158061 -0.138473 2.23504
0.0181629 0.0413783 2.02578
-0.452953 0.272308 1.93803
-0.426517 0.120047 2.19976
-0.452953 0.272308 1.93803
0.0287711 -0.0973362 2.32048
-0.452953 0.272308 1.93803
-0.0585313 0.0773209 1.96851
-0.717532 -0.44657 2.19531
-0.328187 -0.0225281 2.42238
-0.717532 -0.44657 2.19531
-0.713978 -0.410435 2.34445
-0.496831 -0.641473 2.24019
-0.713308 -0.213505 2.40206
-0.713308 -0.213505 2.40206
-0.486745 -0.548529 2.37986
-0.462332 0.0530489 2.44992
-0.276343 -0.235402 2.52539
-0.462332 0.0530489 2.44992
-0.150021 -0.142821 2.38484
-0.462332 0.0530489 2.44992
-0.316162 -0.0792021 2.39996
-0.462332 0.0530489 2.44992
-0.597741 0.533902 1.65825
-0.10009 -0.131209 2.59361
-0.784611 -0.0532397 2.36284
0.0287711 -0.0973362 2.32048
-0.815161 -0.0549049 2.12982
-0.632027 -0.135897 2.43714
-0.776205 -0.607731 2.21308
-0.776205 -0.607731 2.21308
-0.470971 -0.112824 2.48826
-0.194854 -0.250864 2.06637
-0.110274 -0.0494164 2.49288
-0.194854 -0.250864 2.06637
-0.168382 -0.0140934 2.43278
-0.118372 0.117806 1.78268
-0.387927 -0.426802 1.38645
-0.337007 -0.191534 2.03853
-0.338362 -0.907466 1.8563
-0.337007 -0.191534 2.03853
-0.390308 -0.0427939 1.85562
-0.337007 -0.191534 2.03853
-0.0252015 0.00983039 2.31315
0.0444032 0.0135076 1.85024
-0.162606 -0.0261087 2.4384
0.0444032 0.0135076 1.85024
-0.365984 -0.214339 2.16484
0.0444032 0.0135076 1.85024
-0.581257 -0.200817 2.11157
-0.09048 0.16932 2.07696
-0.106274 0.0688547 2.01666
-0.09048 0.16932 2.07696
-0.370732 0.0530405 2.34402
-0.468731 -0.0142948 1.94467
-0.951459 -0.0744298 1.92111
-0.468731 -0.0142948 1.94467
-0.0356188 -0.0107367 1.8584
-0.735237 -0.0884114 2.2649
0.0088399 -0.0099448 2.21822
-0.735237 -0.0884114 2.2649
-0.667699 0.0494739 1.61901
-0.735237 -0.0884114 2.2649
-0.103307 -0.0571678 2.19414
-0.735237 -0.0884114 2.2649
-0.750611 0.084427 1.69106
-0.735237 -0.0884114 2.2649
-0.276997 -0.0488152 2.38668
-0.735237 -0.0884114 2.2649
-0.0988551 0.0663737 2.18964
-0.735237 -0.0884114 2.2649
-0.265766 0.106604 1.60857
-0.735237 -0.0884114 2.2649
-0.273238 0.133645 1.58267
-0.735237 -0.0884114 2.2649
-0.13174 -0.0209514 1.91434
-0.735237 -0.0884114 2.2649
-0.163362 -0.0300518 1.73531
-0.735237 -0.0884114 2.2649
-0.2596 0.164742 2.01027
-0.115836 -0.0772903 2.41896
-0.448393 -0.803027 2.15657
-0.669396 0.342884 2.09696
0.0114296 -0.0804545 2.48249
-0.669396 0.342884 2.09696
0.075438 0.345702 1.71721
-0.16365 -0.011147 2.08978
-0.906447 -0.178407 1.37996
-0.16365 -0.011147 2.08978
-0.207531 0.109309 1.50757
-0.16365 -0.011147 2.08978
0.072856 -0.0751636 1.75019
-0.16365 -0.011147 2.08978
0.159051 -0.0983175 2.05302
-0.16365 -0.011147 2.08978
-0.811227 0.245454 1.61906
-0.16365 -0.011147 2.08978
-0.0155353 -0.252729 1.75032
-0.16365 -0.011147 2.08978
-0.0585331 0.161824 1.79831
-0.722448 0.256794 2.19743
-0.468731 -0.0142948 1.94467
-0.722448 0.256794 2.19743
-0.298257 0.00655482 2.20599
-0.722448 0.256794 2.19743
-0.452953 0.272308 1.93803
-0.722448 0.256794 2.19743
-0.981351 -0.0434093 1.45739
-0.722448 0.256794 2.19743
-0.689711 -0.0206868 2.22969
-0.298257 0.00655482 2.20599
-0.0174434 -0.0145677 1.73769
-0.298257 0.00655482 2.20599
-0.580008 -0.413183 1.95177
-0.826372 -0.118005 2.12616
-0.396189 -0.418166 2.46841
-0.426051 -0.0869165 1.90283
-0.329855 -0.172306 2.42378
-0.426051 -0.0869165 1.90283
-0.362172 -0.329662 2.33012
-0.0585313 0.0773209 1.96851
-0.0711317 -0.142854 1.69889
-0.0585313 0.0773209 1.96851
-0.090372 -0.130881 1.67172
-0.0585313 0.0773209 1.96851
-0.145429 -0.0967062 1.82063
-0.0585313 0.0773209 1.96851
-0.211123 -0.219656 1.53823
-0.0585313 0.0773209 1.96851
-0.0280181 -0.0124307 1.6072
-0.0585313 0.0773209 1.96851
-0.0668557 -0.192081 1.92089
-0.744752 -0.198326 2.35515
-0.755018 -0.412887 2.31953
-0.434469 0.373503 1.79479
-0.260337 -0.129055 1.78308
-0.434469 0.373503 1.79479
-0.194854 -0.250864 2.06637
-0.434469 0.373503 1.79479
-0.00692185 0.0106098 1.72763
-0.434469 0.373503 1.79479
-0.107618 -0.398316 2.48667
-0.434469 0.373503 1.79479
-0.332346 -0.605175 2.1438
-0.318997 -0.605902 1.93516
-0.826372 -0.118005 2.12616
-0.318997 -0.605902 1.93516
-0.108796 -0.00510281 2.24992
-0.713978 -0.410435 2.34445
-0.78598 -0.298314 2.33818
-0.35215 -0.191563 1.62702
0.0374384 0.0442393 1.80116
-0.324669 -0.295866 1.58347
-0.402156 -0.0847956 1.83332
-0.0115383 0.0206071 1.8843
-0.28974 0.476073 2.01376
-0.126594 -0.218406 2.19716
0.0212153 -0.437497 2.05804
-0.126594 -0.218406 2.19716
-0.321027 0.37733 2.19606
-0.126594 -0.218406 2.19716
-0.204277 0.311758 2.20185
-0.204277 0.311758 2.20185
-0.462175 0.476406 2.06892
-0.267686 -0.39093 2.42386
-0.22796 -0.512382 2.10447
-0.267686 -0.39093 2.42386
-0.0465759 -0.354892 2.45767
-0.931642 -0.0783355 1.30911
0.183945 0.107184 2.0377
-0.355428 0.197193 2.51954
-0.594972 0.0537472 2.15385
-0.355428 0.197193 2.51954
-0.369651 0.380644 2.44131
-0.355428 0.197193 2.51954
-0.148516 -0.173415 2.4075
0.0103841 -0.00491964 2.37636
-0.246275 0.0122862 2.32431
0.0103841 -0.00491964 2.37636
0.117568 0.211675 1.73937
0.0103841 -0.00491964 2.37636
0.0222761 -0.0246864 2.21821
0.0103841 -0.00491964 2.37636
-0.284851 0.38029 2.09246
0.0103841 -0.00491964 2.37636
-0.084287 -0.589899 2.26958
0.0103841 -0.00491964 2.37636
0.0414563 0.143477 2.07145
0.0650222 0.0143494 1.76021
-0.0409831 -0.13915 1.77086
-0.153426 -0.148011 2.1237
-0.283183 0.0199935 2.45871
-0.153426 -0.148011 2.1237
0.101523 0.135377 1.74114
0.0414563 0.143477 2.07145
0.00700049 0.00874255 1.77116
-0.0580948 -0.33963 2.20771
0.113237 -0.186666 2.34476
-0.0473672 0.0191922 2.53942
-0.324462 -0.217579 2.2851
-0.0473672 0.0191922 2.53942
-0.196418 -0.0519112 2.29169
-0.0473672 0.0191922 2.53942
0.0111884 -0.0514907 1.81098
-0.0473672 0.0191922 2.53942
-0.242475 -0.142161 2.57529
0.016482 0.0228086 2.00543
-0.136443 0.277095 1.92309
-0.386038 -0.053829 2.41807
0.114364 -0.0917719 1.87309
-0.386038 -0.053829 2.41807
-0.138619 -0.0013058 1.95105
-0.386038 -0.053829 2.41807
-0.226234 -0.413194 2.10379
-0.101397 -0.129265 2.21649
0.00836417 -0.00733199 2.38776
-0.101397 -0.129265 2.21649
-0.112934 0.353941 2.16346
0.0222761 -0.0246864 2.21821
-0.130719 0.144896 2.1444
-0.142826 -0.0194567 1.71401
0.0457477 0.00249126 2.0146
-0.377123 -0.330074 1.80152
-0.228269 -0.180092 2.24051
-0.377123 -0.330074 1.80152
-0.338424 -0.723794 1.9188
-0.451835 -0.0728114 1.74697
-0.152676 -0.395805 1.75888
-0.414511 -0.118407 1.45826
0.136347 -0.0101773 1.77888
-0.414511 -0.118407 1.45826
-0.153426 -0.148011 2.1237
-0.414511 -0.118407 1.45826
-0.142826 -0.0194567 1.71401
-0.414511 -0.118407 1.45826
-0.377123 -0.330074 1.80152
-0.414511 -0.118407 1.45826
-0.0306486 0.0874623 2.17032
-0.414511 -0.118407 1.45826
-0.188101 -0.19959 1.69182
-0.414511 -0.118407 1.45826
-0.0278217 0.0475448 1.90398
-0.414511 -0.118407 1.45826
-0.444127 0.169073 1.84482
-0.414511 -0.118407 1.45826
-0.0751746 -0.148463 1.94605
-0.414511 -0.118407 1.45826
0.0108031 -0.00412492 1.80069
-0.414511 -0.118407 1.45826
-0.546384 -0.158232 1.77017
-0.183565 -0.275602 2.4866
-0.448059 0.211105 2.45084
-0.183565 -0.275602 2.4866
-0.0546272 -0.519008 2.47091
-0.183565 -0.275602 2.4866
0.113322 -0.501178 2.44373
-0.183565 -0.275602 2.4866
-0.555886 0.285877 2.44334
-0.183565 -0.275602 2.4866
0.0120108 -0.0160828 2.20758
-0.183565 -0.275602 2.4866
-0.155718 -0.458262 2.38766
-0.183565 -0.275602 2.4866
0.0554136 -0.191581 2.54695
-0.183565 -0.275602 2.4866
-0.066627 -0.55322 2.2817
-0.183565 -0.275602 2.4866
0.0849764 -0.364033 2.47161
-0.448059 0.211105 2.45084
-0.529132 0.0218302 2.51092
-0.429758 0.285257 1.86475
-0.277322 0.0986298 1.81216
-0.429758 0.285257 1.86475
-0.395465 0.137288 1.44656
0.10265 -0.330988 2.53976
-1.05348 0.525427 1.80901
-0.5431 0.219282 1.82731
-0.876643 0.155696 1.50121
-0.5431 0.219282 1.82731
-0.341182 0.182931 2.06486
0.125298 -0.0757514 2.27827
-0.844072 0.210916 2.23293
-0.397446 0.411364 2.31656
-1.05528 0.0539827 2.13586
-0.733569 0.1805 1.86527
-0.15143 0.0911491 2.23778
-0.0905942 -0.181659 2.01171
-0.383377 0.0272023 2.43192
-0.284851 0.38029 2.09246
-0.110578 0.0271319 2.52387
-0.445328 0.228259 2.46312
-0.022105 -0.0212846 2.58346
-0.445328 0.228259 2.46312
-0.597791 0.141081 2.40476
-0.445328 0.228259 2.46312
-0.010209 -0.0453442 2.49058
-0.445328 0.228259 2.46312
-0.739653 0.41743 2.23654
-0.445328 0.228259 2.46312
-0.494899 0.470504 2.01933
-0.445328 0.228259 2.46312
-0.071598 0.119539 2.35707
-0.445328 0.228259 2.46312
-0.0659531 -0.468128 2.15883
-0.445328 0.228259 2.46312
-0.735237 -0.0884114 2.2649
-0.445328 0.228259 2.46312
-0.179087 0.0420332 2.5796
-0.445328 0.228259 2.46312
-1.0737 0.170132 1.78584
-0.445328 0.228259 2.46312
-0.704157 0.427331 2.16059
-0.445328 0.228259 2.46312
-0.508367 0.478417 2.2605
-0.445328 0.228259 2.46312
-0.343231 -0.237052 2.4446
-0.0306486 0.0874623 2.17032
-0.0122947 0.0158348 1.97705
-0.317401 -0.398085 2.33033
-0.28879 0.263664 1.44474
-0.317401 -0.398085 2.33033
-0.547662 0.137288 1.81659
-0.317401 -0.398085 2.33033
-0.0570957 0.210014 2.35762
-0.317401 -0.398085 2.33033
-0.454754 0.206498 1.64959
-0.317401 -0.398085 2.33033
-0.067397 0.291612 1.64693
-0.317401 -0.398085 2.33033
0.0422391 0.0489876 2.12432
-0.317401 -0.398085 2.33033
0.0109763 0.142207 2.14627
0.115775 -0.0606596 1.77174
0.0143678 -0.0752705 1.91538
-0.454754 0.206498 1.64959
-0.138692 0.0781603 1.68019
-0.454754 0.206498 1.64959
-0.569676 0.0327055 1.40416
-0.454754 0.206498 1.64959
0.0830361 0.00956921 1.65297
0.0109763 0.142207 2.14627
-0.469595 0.0590107 2.48565
0.0957005 -0.235837 2.07784
-0.0521837 -0.341652 1.65177
-0.190663 0.0951001 2.1943
0.0254138 0.0143453 2.33166
-0.190663 0.0951001 2.1943
-0.245311 0.066543 2.4093
-0.190663 0.0951001 2.1943
-0.285739 -0.153624 1.76867
-0.190663 0.0951001 2.1943
0.222657 -0.218092 2.27464
-0.190663 0.0951001 2.1943
-0.0312176 0.0632325 2.22762
-0.190663 0.0951001 2.1943
0.0297938 -0.0714595 2.31261
-0.190663 0.0951001 2.1943
-0.710279 -0.789222 2.11074
-0.190663 0.0951001 2.1943
-0.600264 -0.0647976 2.47946
-0.190663 0.0951001 2.1943
-0.113158 0.294203 1.7371
-0.190663 0.0951001 2.1943
-0.132634 -0.521028 2.05204
-0.190663 0.0951001 2.1943
-0.241935 -0.591272 2.13974
-0.190663 0.0951001 2.1943
-0.319405 -0.169779 2.40662
-0.250317 -0.135846 1.75511
0.00888176 0.0415652 2.15655
-0.250317 -0.135846 1.75511
0.133694 0.128138 1.85229
-0.250317 -0.135846 1.75511
0.194347 -0.0711339 2.10069
-0.250317 -0.135846 1.75511
0.00306629 0.17081 1.81783
-1.00123 -0.00198692 1.86855
-1.1829 -0.245312 1.45016
-1.00123 -0.00198692 1.86855
-0.00295294 -0.0104347 1.81129
-1.00123 -0.00198692 1.86855
-0.534809 0.204446 1.8812
-1.00123 -0.00198692 1.86855
-0.465729 0.0299153 2.21896
-1.00123 -0.00198692 1.86855
-0.509036 0.111131 2.46439
-1.00123 -0.00198692 1.86855
-0.602729 0.133496 2.25225
-1.00123 -0.00198692 1.86855
-1.05573 0.287536 1.85395
-1.00123 -0.00198692 1.86855
-0.786538 -0.279235 1.53743
-1.00123 -0.00198692 1.86855
-0.639839 0.133616 2.25733
-1.00123 -0.00198692 1.86855
-0.592353 0.307168 1.89074
-1.00123 -0.00198692 1.86855
-0.608367 0.221257 2.1982
-1.00123 -0.00198692 1.86855
-0.657025 0.0603983 2.23458
-1.00123 -0.00198692 1.86855
-1.07391 -0.0436061 1.95399
-1.00123 -0.00198692 1.86855
-0.185044 0.091332 2.26349
-1.00123 -0.00198692 1.86855
-0.701971 -0.281451 1.68679
-1.00123 -0.00198692 1.86855
-0.921249 -0.112945 2.0675
-1.00123 -0.00198692 1.86855
-0.917388 -0.234403 1.49145
-1.00123 -0.00198692 1.86855
-0.51267 0.124398 2.31223
-1.00123 -0.00198692 1.86855
-0.569611 0.297999 2.0332
-0.383848 0.373562 1.6854
-0.107318 -0.365644 1.83642
-0.383848 0.373562 1.6854
-0.0990744 -0.492896 1.72369
-0.383848 0.373562 1.6854
0.102536 -0.339031 2.08936
-0.383848 0.373562 1.6854
-0.07954 0.0210127 1.8578
-0.383848 0.373562 1.6854
-0.195199 -0.270091 1.79186
-0.608852 0.0172519 1.45565
-0.275637 -0.330383 2.21594
-0.608852 0.0172519 1.45565
-0.188262 0.0600685 1.8079
-0.608852 0.0172519 1.45565
-0.1271 -0.181593 2.06901
-0.608852 0.0172519 1.45565
-0.238101 -0.165381 1.8503
-0.608852 0.0172519 1.45565
0.00863736 -0.0332747 2.3754
-0.608852 0.0172519 1.45565
0.0623563 -0.180537 1.86533
-0.00295294 -0.0104347 1.81129
-0.00593733 -0.0570183 1.78958
-0.185044 0.091332 2.26349
-0.0316012 -0.0271399 2.13743
-0.657025 0.0603983 2.23458
-0.0883489 -0.0385748 2.52781
-0.569611 0.297999 2.0332
-0.0116058 -0.265486 2.02211
-0.569611 0.297999 2.0332
0.0194913 -0.121836 2.15416
0.0100246 -0.192925 1.85415
-0.123635 -0.314329 1.68449
0.0100246 -0.192925 1.85415
-0.340325 -0.234313 1.60456
0.0100246 -0.192925 1.85415
0.00576609 -0.0985125 1.80573
0.00863736 -0.0332747 2.3754
-0.498185 -0.817183 2.23555
-0.0282796 0.040318 2.16838
-0.349386 -0.000549905 2.24699
-0.0282796 0.040318 2.16838
-0.225438 -0.246374 2.50169
-0.0282796 0.040318 2.16838
-0.460035 -0.506236 2.31221
-0.0282796 0.040318 2.16838
-0.239975 -0.56695 1.83048
-0.0282796 0.040318 2.16838
-0.324669 -0.295866 1.58347
-0.0282796 0.040318 2.16838
-0.0936057 -0.34152 1.62748
-0.0282796 0.040318 2.16838
-0.31091 -0.099098 1.93124
-0.0282796 0.040318 2.16838
-0.156062 -0.107131 1.78359
-0.0282796 0.040318 2.16838
-0.388981 -0.147593 1.65075
-0.0282796 0.040318 2.16838
-0.124059 -0.0458821 1.80972
-0.349386 -0.000549905 2.24699
-0.869097 -0.487109 2.19118
-0.225438 -0.246374 2.50169
-0.0133073 0.00303801 2.57518
-0.225438 -0.246374 2.50169
-0.28847 -0.0511435 2.3232
-0.195306 -0.235755 1.58526
-0.565474 -0.0604497 2.37048
-0.195306 -0.235755 1.58526
-0.652115 -0.717985 2.17197
-0.195306 -0.235755 1.58526
-0.262318 -0.0825109 2.23534
-0.195306 -0.235755 1.58526
-0.794386 -0.0172572 2.24513
-0.195306 -0.235755 1.58526
-0.343423 -0.0299562 1.77423
-0.195306 -0.235755 1.58526
-0.387783 -0.702867 1.90779
-0.195306 -0.235755 1.58526
-0.550404 -0.103446 1.71222
-0.195306 -0.235755 1.58526
-0.445672 -0.022154 1.95484
-0.195306 -0.235755 1.58526
-0.352732 -0.18527 1.68456
-0.195306 -0.235755 1.58526
-0.20584 -0.279198 1.45273
0.00594185 -0.0883844 1.96241
-0.342283 -0.284674 2.31051
0.00594185 -0.0883844 1.96241
-0.304231 -0.0850517 1.54365
0.00594185 -0.0883844 1.96241
-0.0870223 -0.0485207 2.19554
0.00594185 -0.0883844 1.96241
-0.694589 -0.090844 2.09669
0.157561 -0.222105 1.80061
-0.410315 -0.0158906 2.02384
-0.0115447 -0.00490282 2.03315
-0.119617 -0.0931396 1.7123
-0.0115447 -0.00490282 2.03315
-0.0836733 0.0152898 1.83943
-0.0115447 -0.00490282 2.03315
0.143195 -0.145841 1.88817
-0.0115447 -0.00490282 2.03315
0.178652 0.0268871 1.98107
-0.119617 -0.0931396 1.7123
0.0759553 0.0384548 1.76595
-0.119617 -0.0931396 1.7123
-0.0588728 0.066944 1.80433
-0.119617 -0.0931396 1.7123
0.0323046 -0.0113385 1.92032
-0.769361 0.323142 1.91836
-0.305459 0.286264 1.84561
-0.769361 0.323142 1.91836
-0.198687 -0.028032 1.82916
-0.769361 0.323142 1.91836
-0.586034 -0.286575 2.39632
-0.769361 0.323142 1.91836
-0.545736 -0.239391 2.34534
-0.769361 0.323142 1.91836
-0.305473 -0.0820249 2.24233
-0.769361 0.323142 1.91836
-0.31887 -0.535644 2.40895
-0.769361 0.323142 1.91836
-0.342086 0.179159 1.62455
-0.769361 0.323142 1.91836
0.00355064 -0.0105241 2.24467
-0.769361 0.323142 1.91836
-0.473126 0.177955 2.1829
-0.769361 0.323142 1.91836
-0.644841 -0.301035 2.30506
-0.769361 0.323142 1.91836
-0.691724 -0.230678 1.79581
-0.769361 0.323142 1.91836
-0.342851 0.165809 2.30978
-0.769361 0.323142 1.91836
-0.148295 -0.0859139 1.81409
-0.769361 0.323142 1.91836
-0.541176 -0.108393 1.47302
-0.305459 0.286264 1.84561
0.0898133 -0.152754 1.79988
-0.198687 -0.028032 1.82916
-0.167574 -0.177543 2.24187
-0.198687 -0.028032 1.82916
-0.113135 0.139731 2.03927
-0.198687 -0.028032 1.82916
0.0485446 0.126172 1.86565
-0.198687 -0.028032 1.82916
-0.0483053 0.168062 1.98045
-0.117424 -0.237713 2.34286
0.017444 -0.175081 1.84393
-0.195199 -0.270091 1.79186
-0.152645 -0.414238 1.801
-0.195199 -0.270091 1.79186
-0.356138 0.571868 1.97666
-0.0706524 0.13262 2.36228
-0.865939 0.29066 2.28
-0.917388 -0.234403 1.49145
-0.628109 -0.0366421 1.63481
-0.51267 0.124398 2.31223
-0.54566 -0.248133 2.41403
-0.51267 0.124398 2.31223
-0.0423101 -0.214598 2.4482
-0.606509 0.142209 2.34477
-0.554998 -0.367526 2.33055
-0.606509 0.142209 2.34477
-0.0241067 -0.0524994 2.30636
-0.606509 0.142209 2.34477
-0.782335 0.200082 1.98503
-0.606509 0.142209 2.34477
-1.19067 -0.023323 1.43775
-0.1057 0.0318718 2.48813
-0.473655 0.167249 1.95734
-0.148183 0.236512 2.24454
0.034288 -0.0310258 1.80357
0.034288 -0.0310258 1.80357
-0.0745027 -0.156669 1.8641
0.034288 -0.0310258 1.80357
0.0209288 -0.169334 1.7033
-0.929705 0.0214364 2.16416
-0.243997 -0.203179 2.47918
-0.929705 0.0214364 2.16416
0.0317727 0.218306 2.36507
-0.929705 0.0214364 2.16416
-0.606509 0.142209 2.34477
-0.929705 0.0214364 2.16416
-0.244215 -0.036693 2.56614
-0.929705 0.0214364 2.16416
-0.614232 -0.118365 2.35325
-0.929705 0.0214364 2.16416
-0.18046 0.0960046 2.44601
-0.929705 0.0214364 2.16416
-0.0863669 0.0369925 2.52782
-0.929705 0.0214364 2.16416
-0.0836156 -0.114284 2.36908
-0.929705 0.0214364 2.16416
-0.152656 -0.0364525 2.42244
-0.929705 0.0214364 2.16416
-0.882849 0.0997441 1.9533
-0.280553 0.267411 1.59122
-0.0777801 0.0795525 2.02935
-0.243997 -0.203179 2.47918
-0.089159 -0.0878607 2.36181
-0.555886 0.285877 2.44334
-0.645183 0.290908 2.30688
-0.555886 0.285877 2.44334
-0.819775 0.257335 1.31489
-0.0241067 -0.0524994 2.30636
-0.134313 0.0273865 2.07473
-0.619736 0.0939325 2.4147
-0.117424 -0.237713 2.34286
-0.619736 0.0939325 2.4147
-0.197528 -0.560938 2.31348
-0.619736 0.0939325 2.4147
-0.430625 -0.0814314 2.29587
-0.619736 0.0939325 2.4147
-0.837951 0.242504 2.02881
-0.619736 0.0939325 2.4147
-0.874946 -0.377696 1.60346
-0.619736 0.0939325 2.4147
-0.961105 0.293375 2.04862
-0.619736 0.0939325 2.4147
-0.176485 -0.499807 2.24321
-0.619736 0.0939325 2.4147
-0.483243 -0.47728 2.35714
-0.619736 0.0939325 2.4147
-0.183565 -0.275602 2.4866
-0.619736 0.0939325 2.4147
-0.865605 0.0822839 1.6606
-0.619736 0.0939325 2.4147
-0.326312 -0.125324 2.39735
-0.619736 0.0939325 2.4147
-0.722448 0.256794 2.19743
-0.619736 0.0939325 2.4147
-1.00269 0.288232 1.64082
-0.586034 -0.286575 2.39632
-0.154556 -0.410683 2.34892
-0.31887 -0.535644 2.40895
-0.678983 -0.532812 2.20271
0.0115709 0.0787184 2.59331
-0.782925 0.189552 2.34939
-0.0836156 -0.114284 2.36908
0.0372134 -0.0470803 2.45028
-0.0836156 -0.114284 2.36908
0.206739 -0.475534 2.22432
-0.0836156 -0.114284 2.36908
0.00329693 0.0119306 2.34996
-0.0836156 -0.114284 2.36908
-0.19187 -0.627731 2.00049
-0.336789 0.119443 1.84218
-0.695361 0.0599526 1.66287
-0.220371 -0.0662959 2.0418
-1.13841 0.354644 1.61383
-0.129294 0.0700121 1.90802
-0.330305 -0.083915 1.8129
-0.387783 -0.702867 1.90779
-0.441002 -0.0953191 2.53187
-0.387783 -0.702867 1.90779
-0.506375 -0.65142 2.32288
-0.342086 0.179159 1.62455
-0.000601115 -0.222011 2.37063
-0.342086 0.179159 1.62455
-0.0773717 0.412361 2.31573
-1.19067 -0.023323 1.43775
0.193924 -0.271239 2.07659
-0.49751 0.0359599 2.46954
-1.21308 -0.263909 1.436
-0.247935 -0.307302 2.29149
-0.227197 -0.010486 2.56873
-0.247935 -0.307302 2.29149
-0.583131 -0.202902 2.35017
-0.247935 -0.307302 2.29149
-0.410994 -0.476457 1.80777
-0.247935 -0.307302 2.29149
-0.0669729 -0.35169 2.54729
-0.247935 -0.307302 2.29149
-0.0878868 -0.845289 2.29155
-0.247935 -0.307302 2.29149
-0.0615585 -0.0142058 2.57959
-0.247935 -0.307302 2.29149
-0.270019 -0.198119 1.93455
0.0641089 -0.1857 1.75493
-0.337007 -0.191534 2.03853
0.0641089 -0.1857 1.75493
-0.414808 -0.215974 1.80585
0.0641089 -0.1857 1.75493
-0.247935 -0.307302 2.29149
0.0641089 -0.1857 1.75493
-0.0486041 0.000209867 1.94932
0.0641089 -0.1857 1.75493
-0.0375336 -0.0146536 1.82691
0.0641089 -0.1857 1.75493
-0.717532 -0.44657 2.19531
0.0641089 -0.1857 1.75493
-0.318997 -0.605902 1.93516
-0.0375336 -0.0146536 1.82691
-0.263437 -0.0448736 1.74296
-0.0375336 -0.0146536 1.82691
-0.0642669 -0.288704 1.72348
-0.691724 -0.230678 1.79581
-0.0441424 0.331565 1.98159
-0.614232 -0.118365 2.35325
-0.123899 -0.399508 2.51508
-0.0936057 -0.34152 1.62748
-0.395393 -0.458081 2.24212
-0.152656 -0.0364525 2.42244
0.0562412 0.100543 2.3026
-0.252404 0.146403 2.23158
-0.451524 -0.140842 1.6055
-0.252404 0.146403 2.23158
-0.221681 0.361906 1.62327
-0.252404 0.146403 2.23158
-0.142205 -0.288444 2.43435
-0.252404 0.146403 2.23158
-0.113971 0.0318175 1.5726
-0.252404 0.146403 2.23158
-0.0164106 -0.0035165 1.80325
-0.252404 0.146403 2.23158
-0.707726 0.18889 1.90858
-0.252404 0.146403 2.23158
0.154666 -0.280664 2.06302
-0.252404 0.146403 2.23158
-0.0399239 0.146014 1.71505
-0.252404 0.146403 2.23158
-0.464931 0.108779 1.67458
-0.252404 0.146403 2.23158
-0.622881 0.311379 1.77167
-0.252404 0.146403 2.23158
-0.108154 0.155727 1.78564
-0.252404 0.146403 2.23158
-0.397653 0.0398636 1.82962
-0.252404 0.146403 2.23158
-0.229494 0.00864183 1.99941
-0.252404 0.146403 2.23158
-0.671233 0.0251606 2.05
-0.156062 -0.107131 1.78359
-0.199741 -0.0404432 2.00477
-0.156062 -0.107131 1.78359
-0.35215 -0.191563 1.62702
-0.010209 -0.0453442 2.49058
-0.578703 -0.815369 2.17851
-0.071598 0.119539 2.35707
-0.243573 -0.163255 2.34735
-0.071598 0.119539 2.35707
-0.784212 -0.48042 2.02422
-0.071598 0.119539 2.35707
-0.426051 -0.0869165 1.90283
-0.071598 0.119539 2.35707
-0.449311 -0.223012 1.76691
-0.243573 -0.163255 2.34735
-0.752487 0.00863941 1.95937
-0.0203964 0.0313835 2.42978
-0.353211 -0.385767 2.4774
-0.622881 0.311379 1.77167
-0.662864 -0.254245 1.54851
-0.622881 0.311379 1.77167
-0.588753 0.0629478 1.81031
-0.527167 0.41053 2.19454
-0.326806 0.316793 1.66031
-0.659157 -0.42632 2.27514
-0.16689 0.0232256 1.66973
-0.659157 -0.42632 2.27514
-0.798159 -0.607634 2.03486
-0.0624204 0.0221705 1.78382
0.0115395 -0.0147288 1.88791
-0.0624204 0.0221705 1.78382
0.0139479 -0.0882124 1.81427
-0.16689 0.0232256 1.66973
-0.0350861 -0.352393 1.818
-0.16689 0.0232256 1.66973
0.0111941 0.00028402 1.8563
-0.846429 0.0291228 1.71827
-0.507205 -0.153463 1.58611
-0.0622683 -0.0177643 2.26062
0.0734302 0.0508369 2.31276
-0.0622683 -0.0177643 2.26062
-0.076917 -0.00263918 1.57927
-0.0622683 -0.0177643 2.26062
-0.346728 0.0869367 1.9537
-0.229494 0.00864183 1.99941
-0.331369 0.169689 1.8695
-0.229494 0.00864183 1.99941
-0.854766 -0.119659 1.43996
-0.981351 -0.0434093 1.45739
-0.639366 0.24271 1.49424
