0.73051 0.751178 1.7167 0.0243164 1.7207 -0.597963
0.730477 0.749979 1.71725 0.0221979 1.72084 -0.595099
0.730444 0.748779 1.71779 0.0200795 1.72099 -0.592236
0.73041 0.74758 1.71834 0.017961 1.72113 -0.589372
0.730377 0.74638 1.71888 0.0158425 1.72127 -0.586509
0.730344 0.745181 1.71943 0.0137241 1.72141 -0.583645
0.73031 0.743981 1.71997 0.0116056 1.72155 -0.580782
0.730277 0.742782 1.72052 0.00948716 1.72169 -0.577918
0.730243 0.741583 1.72106 0.0073687 1.72184 -0.575055
0.73021 0.740383 1.72161 0.00525024 1.72198 -0.572191
0.730177 0.739184 1.72215 0.00313178 1.72212 -0.569328
0.730143 0.737984 1.7227 0.00101332 1.72226 -0.566464
0.73011 0.736785 1.72325 -0.00110514 1.7224 -0.563601
0.730077 0.735585 1.72379 -0.0032236 1.72255 -0.560738
0.730043 0.734386 1.72434 -0.00534206 1.72269 -0.557874
0.73001 0.733186 1.72488 -0.00746052 1.72283 -0.555011
0.729977 0.731987 1.72543 -0.00957898 1.72297 -0.552147
0.729943 0.730788 1.72597 -0.0116974 1.72311 -0.549284
0.72991 0.729588 1.72652 -0.0138159 1.72326 -0.54642
0.729877 0.728389 1.72706 -0.0159344 1.7234 -0.543557
0.729843 0.727189 1.72761 -0.0180528 1.72354 -0.540693
0.72981 0.72599 1.72816 -0.0201713 1.72368 -0.53783
0.729777 0.72479 1.7287 -0.0222897 1.72382 -0.534966
0.729743 0.723591 1.72925 -0.0244082 1.72396 -0.532103
0.72971 0.722392 1.72979 -0.0265267 1.72411 -0.529239
0.729677 0.721192 1.73034 -0.0286451 1.72425 -0.526376
0.729643 0.719993 1.73088 -0.0307636 1.72439 -0.523512
0.72961 0.718793 1.73143 -0.032882 1.72453 -0.520649
0.729577 0.717594 1.73197 -0.0350005 1.72467 -0.517785
0.729543 0.716394 1.73252 -0.037119 1.72482 -0.514922
0.72951 0.715195 1.73306 -0.0392374 1.72496 -0.512058
0.729477 0.713995 1.73361 -0.0413559 1.7251 -0.509195
0.729443 0.712796 1.73416 -0.0434743 1.72524 -0.506331
0.72941 0.711597 1.7347 -0.0455928 1.72538 -0.503468
0.729377 0.710397 1.73525 -0.0477112 1.72553 -0.500604
0.729343 0.709198 1.73579 -0.0498297 1.72567 -0.497741
0.72931 0.707998 1.73634 -0.0519482 1.72581 -0.494877
0.729277 0.706799 1.73688 -0.0540666 1.72595 -0.492014
0.729243 0.705599 1.73743 -0.0561851 1.72609 -0.48915
0.72921 0.7044 1.73797 -0.0583035 1.72623 -0.486287
0.729176 0.703201 1.73852 -0.060422 1.72638 -0.483424
0.729143 0.702001 1.73907 -0.0625405 1.72652 -0.48056
0.72911 0.700802 1.73961 -0.0646589 1.72666 -0.477697
0.729076 0.699602 1.74016 -0.0667774 1.7268 -0.474833
0.729043 0.698403 1.7407 -0.0688958 1.72694 -0.47197
0.72901 0.697203 1.74125 -0.0710143 1.72709 -0.469106
0.728976 0.696004 1.74179 -0.0731328 1.72723 -0.466243
0.728943 0.694805 1.74234 -0.0752512 1.72737 -0.463379
0.72891 0.693605 1.74288 -0.0773697 1.72751 -0.460516
0.728876 0.692406 1.74343 -0.0794881 1.72765 -0.457652
0.728843 0.691206 1.74397 -0.0816066 1.7278 -0.454789
0.72881 0.690007 1.74452 -0.0837251 1.72794 -0.451925
0.728776 0.688807 1.74507 -0.0858435 1.72808 -0.449062
0.728743 0.687608 1.74561 -0.087962 1.72822 -0.446198
0.72871 0.686408 1.74616 -0.0900804 1.72836 -0.443335
0.728676 0.685209 1.7467 -0.0921989 1.72851 -0.440471
0.728643 0.68401 1.74725 -0.0943174 1.72865 -0.437608
0.72861 0.68281 1.74779 -0.0964358 1.72879 -0.434744
0.728576 0.681611 1.74834 -0.0985543 1.72893 -0.431881
0.728543 0.680411 1.74888 -0.100673 1.72907 -0.429017
0.72851 0.679212 1.74943 -0.102791 1.72921 -0.426154
0.728476 0.678012 1.74998 -0.10491 1.72936 -0.42329
0.728443 0.676813 1.75052 -0.107028 1.7295 -0.420427
0.72841 0.675614 1.75107 -0.109147 1.72964 -0.417563
0.728376 0.674414 1.75161 -0.111265 1.72978 -0.4147
0.728343 0.673215 1.75216 -0.113383 1.72992 -0.411837
0.72831 0.672015 1.7527 -0.115502 1.73007 -0.408973
0.728276 0.670816 1.75325 -0.11762 1.73021 -0.40611
0.728243 0.669616 1.75379 -0.119739 1.73035 -0.403246
0.728209 0.668417 1.75434 -0.121857 1.73049 -0.400383
0.728176 0.667218 1.75488 -0.123976 1.73063 -0.397519
0.728143 0.666018 1.75543 -0.126094 1.73078 -0.394656
0.728109 0.664819 1.75598 -0.128213 1.73092 -0.391792
0.728076 0.663619 1.75652 -0.130331 1.73106 -0.388929
0.728043 0.66242 1.75707 -0.13245 1.7312 -0.386065
0.728009 0.66122 1.75761 -0.134568 1.73134 -0.383202
0.727976 0.660021 1.75816 -0.136687 1.73148 -0.380338
0.727943 0.658821 1.7587 -0.138805 1.73163 -0.377475
0.727909 0.657622 1.75925 -0.140923 1.73177 -0.374611
0.727876 0.656423 1.75979 -0.143042 1.73191 -0.371748
0.727843 0.655223 1.76034 -0.14516 1.73205 -0.368884
0.727809 0.654024 1.76089 -0.147279 1.73219 -0.366021
0.727776 0.652824 1.76143 -0.149397 1.73234 -0.363157
0.727743 0.651625 1.76198 -0.151516 1.73248 -0.360294
0.727709 0.650425 1.76252 -0.153634 1.73262 -0.35743
0.727676 0.649226 1.76307 -0.155753 1.73276 -0.354567
0.727643 0.648027 1.76361 -0.157871 1.7329 -0.351703
0.727609 0.646827 1.76416 -0.15999 1.73305 -0.34884
0.727576 0.645628 1.7647 -0.162108 1.73319 -0.345976
0.727543 0.644428 1.76525 -0.164227 1.73333 -0.343113
0.727509 0.643229 1.76579 -0.166345 1.73347 -0.340249
0.727476 0.642029 1.76634 -0.168463 1.73361 -0.337386
0.727443 0.64083 1.76689 -0.170582 1.73375 -0.334523
0.727409 0.639631 1.76743 -0.1727 1.7339 -0.331659
0.727376 0.638431 1.76798 -0.174819 1.73404 -0.328796
0.727343 0.637232 1.76852 -0.176937 1.73418 -0.325932
0.727309 0.636032 1.76907 -0.179056 1.73432 -0.323069
0.727276 0.634833 1.76961 -0.181174 1.73446 -0.320205
0.727243 0.633633 1.77016 -0.183293 1.73461 -0.317342
0.727209 0.632434 1.7707 -0.185411 1.73475 -0.314478
0.727176 0.631234 1.77125 -0.18753 1.73489 -0.311615
0.727142 0.630035 1.77179 -0.189648 1.73503 -0.308751
0.727109 0.628836 1.77234 -0.191767 1.73517 -0.305888
0.727076 0.627636 1.77289 -0.193885 1.73532 -0.303024
0.727042 0.626437 1.77343 -0.196003 1.73546 -0.300161
0.727009 0.625237 1.77398 -0.198122 1.7356 -0.297297
0.726976 0.624038 1.77452 -0.20024 1.73574 -0.294434
0.726942 0.622838 1.77507 -0.202359 1.73588 -0.29157
0.726909 0.621639 1.77561 -0.204477 1.73602 -0.288707
0.726876 0.62044 1.77616 -0.206596 1.73617 -0.285843
0.726842 0.61924 1.7767 -0.208714 1.73631 -0.28298
0.726809 0.618041 1.77725 -0.210833 1.73645 -0.280116
0.726776 0.616841 1.7778 -0.212951 1.73659 -0.277253
0.726742 0.615642 1.77834 -0.21507 1.73673 -0.274389
0.726709 0.614442 1.77889 -0.217188 1.73688 -0.271526
0.726676 0.613243 1.77943 -0.219306 1.73702 -0.268662
0.726642 0.612044 1.77998 -0.221425 1.73716 -0.265799
0.726609 0.610844 1.78052 -0.223543 1.7373 -0.262935
0.726576 0.609645 1.78107 -0.225662 1.73744 -0.260072
0.726542 0.608445 1.78161 -0.22778 1.73759 -0.257209
0.726509 0.607246 1.78216 -0.229899 1.73773 -0.254345
0.726476 0.606046 1.7827 -0.232017 1.73787 -0.251482
0.726442 0.604847 1.78325 -0.234136 1.73801 -0.248618
0.726409 0.603647 1.7838 -0.236254 1.73815 -0.245755
0.726376 0.602448 1.78434 -0.238373 1.73829 -0.242891
0.726342 0.601249 1.78489 -0.240491 1.73844 -0.240028
0.726309 0.600049 1.78543 -0.24261 1.73858 -0.237164
0.726276 0.59885 1.78598 -0.244728 1.73872 -0.234301
0.726242 0.59765 1.78652 -0.246846 1.73886 -0.231437
0.726209 0.596451 1.78707 -0.248965 1.739 -0.228574
0.726175 0.595251 1.78761 -0.251083 1.73915 -0.22571
0.726142 0.594052 1.78816 -0.253202 1.73929 -0.222847
0.726109 0.592853 1.78871 -0.25532 1.73943 -0.219983
0.726075 0.591653 1.78925 -0.257439 1.73957 -0.21712
0.726042 0.590454 1.7898 -0.259557 1.73971 -0.214256
0.726009 0.589254 1.79034 -0.261676 1.73986 -0.211393
0.725975 0.588055 1.79089 -0.263794 1.74 -0.208529
0.725942 0.586855 1.79143 -0.265913 1.74014 -0.205666
0.725909 0.585656 1.79198 -0.268031 1.74028 -0.202802
0.725875 0.584456 1.79252 -0.27015 1.74042 -0.199939
0.725842 0.583257 1.79307 -0.272268 1.74056 -0.197075
0.725809 0.582058 1.79361 -0.274386 1.74071 -0.194212
0.725775 0.580858 1.79416 -0.276505 1.74085 -0.191348
0.725742 0.579659 1.79471 -0.278623 1.74099 -0.188485
0.725709 0.578459 1.79525 -0.280742 1.74113 -0.185622
0.725675 0.57726 1.7958 -0.28286 1.74127 -0.182758
0.725642 0.57606 1.79634 -0.284979 1.74142 -0.179895
0.725609 0.574861 1.79689 -0.287097 1.74156 -0.177031
0.725575 0.573662 1.79743 -0.289216 1.7417 -0.174168
0.725542 0.572462 1.79798 -0.291334 1.74184 -0.171304
0.725509 0.571263 1.79852 -0.293453 1.74198 -0.168441
0.725475 0.570063 1.79907 -0.295571 1.74213 -0.165577
0.725442 0.568864 1.79962 -0.297689 1.74227 -0.162714
0.725409 0.567664 1.80016 -0.299808 1.74241 -0.15985
0.725375 0.566465 1.80071 -0.301926 1.74255 -0.156987
0.725342 0.565266 1.80125 -0.304045 1.74269 -0.154123
0.725309 0.564066 1.8018 -0.306163 1.74283 -0.15126
0.725275 0.562867 1.80234 -0.308282 1.74298 -0.148396
0.725242 0.561667 1.80289 -0.3104 1.74312 -0.145533
0.725208 0.560468 1.80343 -0.312519 1.74326 -0.142669
0.725175 0.559268 1.80398 -0.314637 1.7434 -0.139806
0.725142 0.558069 1.80452 -0.316756 1.74354 -0.136942
0.725108 0.556869 1.80507 -0.318874 1.74369 -0.134079
0.725075 0.55567 1.80562 -0.320993 1.74383 -0.131215
0.725042 0.554471 1.80616 -0.323111 1.74397 -0.128352
0.725008 0.553271 1.80671 -0.325229 1.74411 -0.125488
0.724975 0.552072 1.80725 -0.327348 1.74425 -0.122625
0.724942 0.550872 1.8078 -0.329466 1.7444 -0.119761
0.724908 0.549673 1.80834 -0.331585 1.74454 -0.116898
0.724875 0.548473 1.80889 -0.333703 1.74468 -0.114034
0.724842 0.547274 1.80943 -0.335822 1.74482 -0.111171
0.724808 0.546075 1.80998 -0.33794 1.74496 -0.108308
0.724775 0.544875 1.81053 -0.340059 1.7451 -0.105444
0.724742 0.543676 1.81107 -0.342177 1.74525 -0.102581
0.724708 0.542476 1.81162 -0.344296 1.74539 -0.0997171
0.724675 0.541277 1.81216 -0.346414 1.74553 -0.0968536
0.724642 0.540077 1.81271 -0.348533 1.74567 -0.0939901
0.724608 0.538878 1.81325 -0.350651 1.74581 -0.0911266
0.724575 0.537679 1.8138 -0.352769 1.74596 -0.0882632
0.724542 0.536479 1.81434 -0.354888 1.7461 -0.0853997
0.724508 0.53528 1.81489 -0.357006 1.74624 -0.0825362
0.724475 0.53408 1.81543 -0.359125 1.74638 -0.0796727
0.724442 0.532881 1.81598 -0.361243 1.74652 -0.0768092
0.724408 0.531681 1.81653 -0.363362 1.74667 -0.0739457
0.724375 0.530482 1.81707 -0.36548 1.74681 -0.0710823
0.724342 0.529282 1.81762 -0.367599 1.74695 -0.0682188
0.724308 0.528083 1.81816 -0.369717 1.74709 -0.0653553
0.724275 0.526884 1.81871 -0.371836 1.74723 -0.0624918
0.724242 0.525684 1.81925 -0.373954 1.74737 -0.0596283
0.724208 0.524485 1.8198 -0.376072 1.74752 -0.0567649
0.724175 0.523285 1.82034 -0.378191 1.74766 -0.0539014
0.724141 0.522086 1.82089 -0.380309 1.7478 -0.0510379
0.724108 0.520886 1.82144 -0.382428 1.74794 -0.0481744
0.724075 0.519687 1.82198 -0.384546 1.74808 -0.0453109
0.724041 0.518488 1.82253 -0.386665 1.74823 -0.0424475
0.724008 0.517288 1.82307 -0.388783 1.74837 -0.039584
0.723975 0.516089 1.82362 -0.390902 1.74851 -0.0367205
0.723941 0.514889 1.82416 -0.39302 1.74865 -0.033857
0.723908 0.51369 1.82471 -0.395139 1.74879 -0.0309935
0.723875 0.51249 1.82525 -0.397257 1.74894 -0.0281301
0.723841 0.511291 1.8258 -0.399376 1.74908 -0.0252666
0.723808 0.510092 1.82634 -0.401494 1.74922 -0.0224031
0.723775 0.508892 1.82689 -0.403612 1.74936 -0.0195396
0.723741 0.507693 1.82744 -0.405731 1.7495 -0.0166761
0.723708 0.506493 1.82798 -0.407849 1.74965 -0.0138126
0.723675 0.505294 1.82853 -0.409968 1.74979 -0.0109492
0.723641 0.504094 1.82907 -0.412086 1.74993 -0.00808568
0.723608 0.502895 1.82962 -0.414205 1.75007 -0.0052222
0.723575 0.501695 1.83016 -0.416323 1.75021 -0.00235872
0.723541 0.500496 1.83071 -0.418442 1.75035 0.000504759
0.723508 0.499297 1.83125 -0.42056 1.7505 0.00336824
0.723475 0.498097 1.8318 -0.422679 1.75064 0.00623172
0.723441 0.496898 1.83234 -0.424797 1.75078 0.0090952
0.723408 0.495698 1.83289 -0.426916 1.75092 0.0119587
0.723375 0.494499 1.83344 -0.429034 1.75106 0.0148222
0.723341 0.493299 1.83398 -0.431152 1.75121 0.0176856
0.723308 0.4921 1.83453 -0.433271 1.75135 0.0205491
0.723275 0.490901 1.83507 -0.435389 1.75149 0.0234126
0.723241 0.489701 1.83562 -0.437508 1.75163 0.0262761
0.723208 0.488502 1.83616 -0.439626 1.75177 0.0291396
0.723174 0.487302 1.83671 -0.441745 1.75192 0.0320031
0.723141 0.486103 1.83725 -0.443863 1.75206 0.0348665
0.723108 0.484903 1.8378 -0.445982 1.7522 0.03773
0.723074 0.483704 1.83835 -0.4481 1.75234 0.0405935
0.723041 0.482505 1.83889 -0.450219 1.75248 0.043457
0.723008 0.481305 1.83944 -0.452337 1.75262 0.0463205
0.722974 0.480106 1.83998 -0.454455 1.75277 0.0491839
0.722941 0.478906 1.84053 -0.456574 1.75291 0.0520474
0.722908 0.477707 1.84107 -0.458692 1.75305 0.0549109
0.722874 0.476507 1.84162 -0.460811 1.75319 0.0577744
0.722841 0.475308 1.84216 -0.462929 1.75333 0.0606379
0.722808 0.474108 1.84271 -0.465048 1.75348 0.0635013
0.722774 0.472909 1.84325 -0.467166 1.75362 0.0663648
0.722741 0.47171 1.8438 -0.469285 1.75376 0.0692283
0.722708 0.47051 1.84435 -0.471403 1.7539 0.0720918
0.722674 0.469311 1.84489 -0.473522 1.75404 0.0749553
0.722641 0.468111 1.84544 -0.47564 1.75419 0.0778187
0.722608 0.466912 1.84598 -0.477759 1.75433 0.0806822
0.722574 0.465712 1.84653 -0.479877 1.75447 0.0835457
0.722541 0.464513 1.84707 -0.481995 1.75461 0.0864092
0.722508 0.463314 1.84762 -0.484114 1.75475 0.0892727
0.722474 0.462114 1.84816 -0.486232 1.75489 0.0921362
0.722441 0.460915 1.84871 -0.488351 1.75504 0.0949996
0.722408 0.459715 1.84926 -0.490469 1.75518 0.0978631
0.722374 0.458516 1.8498 -0.492588 1.75532 0.100727
0.722341 0.457316 1.85035 -0.494706 1.75546 0.10359
0.722308 0.456117 1.85089 -0.496825 1.7556 0.106454
0.722274 0.454918 1.85144 -0.498943 1.75575 0.109317
0.722241 0.453718 1.85198 -0.501062 1.75589 0.112181
0.722208 0.452519 1.85253 -0.50318 1.75603 0.115044
0.722174 0.451319 1.85307 -0.505299 1.75617 0.117907
0.722141 0.45012 1.85362 -0.507417 1.75631 0.120771
0.722107 0.44892 1.85416 -0.509535 1.75646 0.123634
0.722074 0.447721 1.85471 -0.511654 1.7566 0.126498
0.722041 0.446521 1.85526 -0.513772 1.75674 0.129361
0.722007 0.445322 1.8558 -0.515891 1.75688 0.132225
0.721974 0.444123 1.85635 -0.518009 1.75702 0.135088
0.721941 0.442923 1.85689 -0.520128 1.75716 0.137952
0.721907 0.441724 1.85744 -0.522246 1.75731 0.140815
0.721874 0.440524 1.85798 -0.524365 1.75745 0.143679
0.721841 0.439325 1.85853 -0.526483 1.75759 0.146542
0.721807 0.438125 1.85907 -0.528602 1.75773 0.149406
0.721774 0.436926 1.85962 -0.53072 1.75787 0.152269
0.721741 0.435727 1.86017 -0.532839 1.75802 0.155133
0.721707 0.434527 1.86071 -0.534957 1.75816 0.157996
0.721674 0.433328 1.86126 -0.537075 1.7583 0.16086
0.721641 0.432128 1.8618 -0.539194 1.75844 0.163723
0.721607 0.430929 1.86235 -0.541312 1.75858 0.166587
0.721574 0.429729 1.86289 -0.543431 1.75873 0.16945
0.721541 0.42853 1.86344 -0.545549 1.75887 0.172314
0.721507 0.42733 1.86398 -0.547668 1.75901 0.175177
0.721474 0.426131 1.86453 -0.549786 1.75915 0.178041
0.721441 0.424932 1.86507 -0.551905 1.75929 0.180904
0.721407 0.423732 1.86562 -0.554023 1.75943 0.183768
0.721374 0.422533 1.86617 -0.556142 1.75958 0.186631
0.721341 0.421333 1.86671 -0.55826 1.75972 0.189495
0.721307 0.420134 1.86726 -0.560378 1.75986 0.192358
0.721274 0.418934 1.8678 -0.562497 1.76 0.195221
0.721241 0.417735 1.86835 -0.564615 1.76014 0.198085
0.721207 0.416536 1.86889 -0.566734 1.76029 0.200948
0.721174 0.415336 1.86944 -0.568852 1.76043 0.203812
0.72114 0.414137 1.86998 -0.570971 1.76057 0.206675
0.721107 0.412937 1.87053 -0.573089 1.76071 0.209539
0.721074 0.411738 1.87108 -0.575208 1.76085 0.212402
0.72104 0.410538 1.87162 -0.577326 1.761 0.215266
0.721007 0.409339 1.87217 -0.579445 1.76114 0.218129
0.720974 0.40814 1.87271 -0.581563 1.76128 0.220993
0.72094 0.40694 1.87326 -0.583682 1.76142 0.223856
0.720907 0.405741 1.8738 -0.5858 1.76156 0.22672
0.720874 0.404541 1.87435 -0.587918 1.7617 0.229583
0.72084 0.403342 1.87489 -0.590037 1.76185 0.232447
0.720807 0.402142 1.87544 -0.592155 1.76199 0.23531
0.720774 0.400943 1.87598 -0.594274 1.76213 0.238174
0.72074 0.399743 1.87653 -0.596392 1.76227 0.241037
0.720707 0.398544 1.87708 -0.598511 1.76241 0.243901
0.720674 0.397345 1.87762 -0.600629 1.76256 0.246764
0.72064 0.396145 1.87817 -0.602748 1.7627 0.249628
0.720607 0.394946 1.87871 -0.604866 1.76284 0.252491
0.720574 0.393746 1.87926 -0.606985 1.76298 0.255355
0.72054 0.392547 1.8798 -0.609103 1.76312 0.258218
0.720507 0.391347 1.88035 -0.611222 1.76327 0.261082
0.720474 0.390148 1.88089 -0.61334 1.76341 0.263945
0.72044 0.388949 1.88144 -0.615458 1.76355 0.266808
0.720407 0.387749 1.88199 -0.617577 1.76369 0.269672
0.720374 0.38655 1.88253 -0.619695 1.76383 0.272535
0.72034 0.38535 1.88308 -0.621814 1.76397 0.275399
0.720307 0.384151 1.88362 -0.623932 1.76412 0.278262
0.720274 0.382951 1.88417 -0.626051 1.76426 0.281126
0.72024 0.381752 1.88471 -0.628169 1.7644 0.283989
0.720207 0.380553 1.88526 -0.630288 1.76454 0.286853
0.720174 0.379353 1.8858 -0.632406 1.76468 0.289716
0.72014 0.378154 1.88635 -0.634525 1.76483 0.29258
0.720107 0.376954 1.88689 -0.636643 1.76497 0.295443
0.720073 0.375755 1.88744 -0.638761 1.76511 0.298307
0.72004 0.374555 1.88799 -0.64088 1.76525 0.30117
0.720007 0.373356 1.88853 -0.642998 1.76539 0.304034
0.719973 0.372156 1.88908 -0.645117 1.76554 0.306897
0.71994 0.370957 1.88962 -0.647235 1.76568 0.309761
0.719907 0.369758 1.89017 -0.649354 1.76582 0.312624
0.719873 0.368558 1.89071 -0.651472 1.76596 0.315488
0.71984 0.367359 1.89126 -0.653591 1.7661 0.318351
0.719807 0.366159 1.8918 -0.655709 1.76624 0.321215
0.719773 0.36496 1.89235 -0.657828 1.76639 0.324078
0.71974 0.36376 1.89289 -0.659946 1.76653 0.326942
0.719707 0.362561 1.89344 -0.662065 1.76667 0.329805
0.719673 0.361362 1.89399 -0.664183 1.76681 0.332669
0.71964 0.360162 1.89453 -0.666301 1.76695 0.335532
0.719607 0.358963 1.89508 -0.66842 1.7671 0.338396
0.719573 0.357763 1.89562 -0.670538 1.76724 0.341259
0.71954 0.356564 1.89617 -0.672657 1.76738 0.344122
0.719507 0.355364 1.89671 -0.674775 1.76752 0.346986
0.719473 0.354166 1.89726 -0.676892 1.76766 0.349848
0.719439 0.352967 1.8978 -0.679009 1.7678 0.352709
0.719405 0.351769 1.89835 -0.681126 1.76795 0.355571
0.719371 0.35057 1.89889 -0.683244 1.76809 0.358432
0.719337 0.349372 1.89944 -0.685361 1.76823 0.361294
0.719303 0.348173 1.89998 -0.687478 1.76837 0.364155
0.719269 0.346975 1.90053 -0.689595 1.76851 0.367017
0.719235 0.345776 1.90107 -0.691712 1.76865 0.369878
0.719201 0.344578 1.90162 -0.693829 1.7688 0.37274
0.719168 0.343379 1.90216 -0.695946 1.76894 0.375602
0.719132 0.342182 1.90271 -0.69806 1.76908 0.378459
0.719097 0.340986 1.90325 -0.700174 1.76922 0.381317
0.719062 0.339789 1.9038 -0.702289 1.76936 0.384175
0.719027 0.338592 1.90434 -0.704403 1.7695 0.387032
0.718992 0.337396 1.90489 -0.706517 1.76964 0.38989
0.718957 0.336199 1.90543 -0.708631 1.76978 0.392748
0.718922 0.335002 1.90598 -0.710746 1.76992 0.395605
0.718887 0.333805 1.90652 -0.71286 1.77006 0.398463
0.718852 0.332609 1.90706 -0.714974 1.7702 0.401321
0.718817 0.331412 1.90761 -0.717089 1.77034 0.404179
0.71878 0.330218 1.90815 -0.719199 1.77048 0.407031
0.718744 0.329024 1.9087 -0.721309 1.77062 0.409882
0.718707 0.32783 1.90924 -0.723419 1.77076 0.412734
0.71867 0.326636 1.90978 -0.725529 1.7709 0.415586
0.718633 0.325442 1.91033 -0.727639 1.77104 0.418438
0.718597 0.324248 1.91087 -0.729749 1.77118 0.42129
0.71856 0.323054 1.91141 -0.731859 1.77132 0.424142
0.718523 0.32186 1.91196 -0.733969 1.77146 0.426994
0.718486 0.320666 1.9125 -0.736079 1.7716 0.429846
0.71845 0.319472 1.91304 -0.738189 1.77174 0.432698
0.718411 0.318282 1.91358 -0.740294 1.77188 0.435542
0.718372 0.317091 1.91413 -0.742398 1.77202 0.438386
0.718333 0.315901 1.91467 -0.744503 1.77216 0.441231
0.718294 0.31471 1.91521 -0.746607 1.77229 0.444075
0.718255 0.31352 1.91575 -0.748712 1.77243 0.446919
0.718216 0.31233 1.91629 -0.750816 1.77257 0.449763
0.718177 0.311139 1.91684 -0.75292 1.77271 0.452608
0.718138 0.309949 1.91738 -0.755025 1.77285 0.455452
0.718099 0.308759 1.91792 -0.757129 1.77299 0.458296
0.71806 0.307568 1.91846 -0.759234 1.77312 0.46114
0.718018 0.306382 1.919 -0.761331 1.77326 0.463975
0.717976 0.305197 1.91954 -0.763429 1.7734 0.46681
0.717934 0.304011 1.92008 -0.765526 1.77353 0.469644
0.717892 0.302825 1.92062 -0.767624 1.77367 0.472479
0.717851 0.301639 1.92116 -0.769721 1.77381 0.475313
0.717809 0.300453 1.9217 -0.771819 1.77394 0.478148
0.717767 0.299267 1.92224 -0.773916 1.77408 0.480983
0.717725 0.298082 1.92278 -0.776014 1.77421 0.483817
0.717683 0.296896 1.92332 -0.778111 1.77435 0.486652
0.717641 0.29571 1.92386 -0.780209 1.77449 0.489486
0.717596 0.294529 1.9244 -0.782298 1.77462 0.49231
0.717551 0.293349 1.92494 -0.784387 1.77476 0.495133
0.717506 0.292169 1.92548 -0.786476 1.77489 0.497956
0.717461 0.290988 1.92601 -0.788565 1.77502 0.500779
0.717415 0.289808 1.92655 -0.790654 1.77516 0.503602
0.71737 0.288627 1.92709 -0.792743 1.77529 0.506425
0.717325 0.287447 1.92763 -0.794832 1.77543 0.509248
0.71728 0.286267 1.92817 -0.796921 1.77556 0.512071
0.717235 0.285086 1.9287 -0.79901 1.7757 0.514894
0.717189 0.283906 1.92924 -0.801099 1.77583 0.517717
0.71714 0.282732 1.92978 -0.803179 1.77596 0.520527
0.717091 0.281558 1.93031 -0.805258 1.77609 0.523336
0.717042 0.280384 1.93085 -0.807337 1.77622 0.526146
0.716993 0.27921 1.93138 -0.809417 1.77636 0.528956
0.716943 0.278036 1.93192 -0.811496 1.77649 0.531765
0.716894 0.276862 1.93245 -0.813575 1.77662 0.534575
0.716845 0.275687 1.93299 -0.815654 1.77675 0.537384
0.716796 0.274513 1.93352 -0.817734 1.77688 0.540194
0.716747 0.273339 1.93406 -0.819813 1.77701 0.543004
0.716698 0.272165 1.9346 -0.821892 1.77715 0.545813
0.716638 0.270869 1.93519 -0.82419 1.77729 0.548918
0.716578 0.269572 1.93578 -0.826488 1.77743 0.552022
0.716518 0.268276 1.93637 -0.828786 1.77757 0.555127
0.716459 0.26698 1.93696 -0.831084 1.77772 0.558232
0.716399 0.265683 1.93755 -0.833382 1.77786 0.561336
0.716339 0.264387 1.93815 -0.83568 1.778 0.564441
0.71628 0.26309 1.93874 -0.837977 1.77815 0.567546
0.71622 0.261794 1.93933 -0.840275 1.77829 0.57065
0.71616 0.260497 1.93992 -0.842573 1.77843 0.573755
0.716095 0.25921 1.94051 -0.844857 1.77857 0.576841
0.71603 0.257922 1.9411 -0.847141 1.77871 0.579926
0.715965 0.256635 1.94168 -0.849425 1.77885 0.583011
0.715899 0.255348 1.94227 -0.851709 1.77899 0.586097
0.715834 0.25406 1.94286 -0.853993 1.77913 0.589182
0.715769 0.252773 1.94345 -0.856276 1.77927 0.592268
0.715703 0.251486 1.94404 -0.85856 1.77941 0.595353
0.715638 0.250198 1.94463 -0.860844 1.77955 0.598439
0.715573 0.248911 1.94521 -0.863128 1.77969 0.601524
0.715501 0.247633 1.9458 -0.865397 1.77982 0.604588
0.715429 0.246356 1.94638 -0.867665 1.77996 0.607652
0.715358 0.245079 1.94697 -0.869933 1.78009 0.610716
0.715286 0.243802 1.94755 -0.872202 1.78023 0.61378
0.715215 0.242524 1.94813 -0.87447 1.78036 0.616844
0.715143 0.241247 1.94872 -0.876738 1.7805 0.619908
0.715071 0.23997 1.9493 -0.879007 1.78063 0.622972
0.715 0.238692 1.94989 -0.881275 1.78077 0.626036
0.714928 0.237415 1.95047 -0.883543 1.7809 0.6291
0.71485 0.236149 1.95105 -0.885795 1.78104 0.632141
0.714771 0.234882 1.95163 -0.888046 1.78117 0.635181
0.714693 0.233616 1.95221 -0.890297 1.7813 0.638222
0.714614 0.23235 1.95279 -0.892548 1.78143 0.641262
0.714536 0.231084 1.95337 -0.894799 1.78156 0.644303
0.714457 0.229818 1.95395 -0.897051 1.78169 0.647343
0.714378 0.228551 1.95453 -0.899302 1.78182 0.650384
0.7143 0.227285 1.95511 -0.901553 1.78195 0.653425
0.714221 0.226019 1.95569 -0.903804 1.78208 0.656465
0.714135 0.224765 1.95626 -0.906037 1.78221 0.65948
0.714049 0.223511 1.95684 -0.90827 1.78233 0.662495
0.713963 0.222256 1.95741 -0.910502 1.78246 0.66551
0.713877 0.221002 1.95799 -0.912735 1.78259 0.668525
0.713791 0.219748 1.95856 -0.914967 1.78271 0.671539
0.713705 0.218494 1.95914 -0.9172 1.78284 0.674554
0.713619 0.21724 1.95971 -0.919433 1.78296 0.677569
0.713533 0.215986 1.96029 -0.921665 1.78309 0.680584
0.713447 0.214731 1.96086 -0.923898 1.78321 0.683599
0.713353 0.21349 1.96143 -0.92611 1.78334 0.686586
0.713258 0.212249 1.962 -0.928323 1.78346 0.689573
0.713164 0.211008 1.96257 -0.930535 1.78358 0.69256
0.71307 0.209767 1.96314 -0.932747 1.7837 0.695547
0.712976 0.208526 1.96371 -0.93496 1.78382 0.698534
0.712882 0.207285 1.96428 -0.937172 1.78394 0.701521
0.712787 0.206044 1.96485 -0.939384 1.78406 0.704508
0.712693 0.204803 1.96542 -0.941597 1.78418 0.707495
0.712599 0.203562 1.96599 -0.943809 1.7843 0.710482
0.712496 0.202335 1.96655 -0.946 1.78442 0.71344
0.712393 0.201108 1.96712 -0.94819 1.78453 0.716397
0.71229 0.199881 1.96768 -0.950381 1.78465 0.719354
0.712187 0.198654 1.96824 -0.952572 1.78476 0.722311
0.712084 0.197427 1.96881 -0.954762 1.78487 0.725268
0.711981 0.1962 1.96937 -0.956953 1.78499 0.728225
0.711878 0.194973 1.96994 -0.959144 1.7851 0.731182
0.711775 0.193746 1.9705 -0.961334 1.78522 0.734139
0.711672 0.192519 1.97106 -0.963525 1.78533 0.737097
0.711559 0.191307 1.97162 -0.965692 1.78544 0.740022
0.711447 0.190096 1.97218 -0.967859 1.78555 0.742947
0.711334 0.188884 1.97274 -0.970027 1.78566 0.745872
0.711222 0.187672 1.9733 -0.972194 1.78577 0.748797
0.711109 0.18646 1.97385 -0.974361 1.78588 0.751722
0.710997 0.185248 1.97441 -0.976529 1.78599 0.754647
0.710885 0.184036 1.97497 -0.978696 1.7861 0.757572
0.710772 0.182825 1.97553 -0.980863 1.78621 0.760497
0.71066 0.181613 1.97609 -0.98303 1.78631 0.763422
0.710537 0.180417 1.97664 -0.985173 1.78642 0.766313
0.710415 0.179221 1.97719 -0.987315 1.78652 0.769204
0.710292 0.178025 1.97774 -0.989458 1.78662 0.772095
0.71017 0.17683 1.97829 -0.9916 1.78672 0.774985
0.710047 0.175634 1.97884 -0.993743 1.78683 0.777876
0.709925 0.174438 1.9794 -0.995885 1.78693 0.780767
0.709802 0.173243 1.97995 -0.998027 1.78703 0.783658
0.70968 0.172047 1.9805 -1.00017 1.78713 0.786549
0.709557 0.170851 1.98105 -1.00231 1.78723 0.78944
0.709424 0.169672 1.9816 -1.00443 1.78733 0.792294
0.709291 0.168494 1.98214 -1.00654 1.78743 0.795149
0.709158 0.167315 1.98269 -1.00866 1.78752 0.798003
0.709024 0.166137 1.98323 -1.01078 1.78762 0.800858
0.708891 0.164958 1.98377 -1.01289 1.78771 0.803712
0.708758 0.163779 1.98432 -1.01501 1.78781 0.806567
0.708625 0.162601 1.98486 -1.01712 1.7879 0.809421
0.708492 0.161422 1.98541 -1.01924 1.788 0.812276
0.708358 0.160243 1.98595 -1.02136 1.78809 0.81513
0.708214 0.159083 1.98649 -1.02344 1.78818 0.817946
0.708069 0.157923 1.98703 -1.02553 1.78827 0.820762
0.707925 0.156762 1.98757 -1.02762 1.78836 0.823578
0.707781 0.155602 1.9881 -1.02971 1.78845 0.826394
0.707636 0.154441 1.98864 -1.0318 1.78853 0.82921
0.707492 0.153281 1.98918 -1.03388 1.78862 0.832026
0.707347 0.15212 1.98972 -1.03597 1.78871 0.834842
0.707203 0.15096 1.99026 -1.03806 1.7888 0.837658
0.707058 0.149799 1.99079 -1.04015 1.78889 0.840474
0.706882 0.148515 1.99139 -1.04246 1.78898 0.843597
0.706706 0.147231 1.99199 -1.04478 1.78907 0.846719
0.70653 0.145947 1.99258 -1.0471 1.78916 0.849841
0.706354 0.144663 1.99318 -1.04941 1.78925 0.852963
0.706178 0.143379 1.99377 -1.05173 1.78934 0.856086
0.706002 0.142095 1.99437 -1.05404 1.78943 0.859208
0.705826 0.140811 1.99497 -1.05636 1.78952 0.86233
0.70565 0.139527 1.99556 -1.05867 1.78961 0.865453
0.70546 0.138266 1.99615 -1.06096 1.78969 0.868527
0.70527 0.137004 1.99674 -1.06324 1.78977 0.871601
0.70508 0.135743 1.99732 -1.06552 1.78985 0.874675
0.70489 0.134481 1.99791 -1.0678 1.78993 0.877749
0.7047 0.13322 1.9985 -1.07008 1.79002 0.880824
0.704509 0.131959 1.99909 -1.07236 1.7901 0.883898
0.704319 0.130697 1.99967 -1.07464 1.79018 0.886972
0.704129 0.129436 2.00026 -1.07692 1.79026 0.890046
0.703924 0.128198 2.00084 -1.07917 1.79033 0.89307
0.703719 0.126961 2.00142 -1.08141 1.7904 0.896094
0.703514 0.125723 2.00199 -1.08365 1.79047 0.899117
0.703309 0.124486 2.00257 -1.0859 1.79055 0.902141
0.703104 0.123248 2.00315 -1.08814 1.79062 0.905165
0.702899 0.122011 2.00373 -1.09039 1.79069 0.908188
0.702694 0.120773 2.0043 -1.09263 1.79076 0.911212
0.702489 0.119535 2.00488 -1.09487 1.79083 0.914236
0.702269 0.118323 2.00545 -1.09708 1.79089 0.917206
0.702048 0.11711 2.00602 -1.09929 1.79096 0.920177
0.701828 0.115898 2.00659 -1.10149 1.79102 0.923148
0.701607 0.114685 2.00715 -1.1037 1.79108 0.926119
0.701387 0.113472 2.00772 -1.1059 1.79114 0.929089
0.701166 0.11226 2.00829 -1.10811 1.7912 0.93206
0.700946 0.111047 2.00886 -1.11031 1.79126 0.935031
0.700725 0.109834 2.00943 -1.11252 1.79132 0.938002
0.700489 0.108648 2.00998 -1.11468 1.79138 0.940917
0.700252 0.107461 2.01054 -1.11685 1.79143 0.943833
0.700015 0.106275 2.0111 -1.11902 1.79148 0.946748
0.699778 0.105088 2.01166 -1.12118 1.79153 0.949663
0.699541 0.103901 2.01221 -1.12335 1.79158 0.952579
0.699305 0.102715 2.01277 -1.12551 1.79163 0.955494
0.699068 0.101528 2.01333 -1.12768 1.79168 0.95841
0.698831 0.100342 2.01389 -1.12984 1.79173 0.961325
0.698577 0.0991822 2.01443 -1.13197 1.79177 0.964183
0.698324 0.0980228 2.01498 -1.13409 1.79181 0.96704
0.69807 0.0968635 2.01553 -1.13621 1.79185 0.969898
0.697816 0.0957041 2.01607 -1.13834 1.79189 0.972756
0.697562 0.0945447 2.01662 -1.14046 1.79193 0.975614
0.697309 0.0933853 2.01717 -1.14258 1.79197 0.978471
0.697055 0.0922259 2.01771 -1.14471 1.79201 0.981329
0.696801 0.0910665 2.01826 -1.14683 1.79205 0.984187
0.69653 0.0899354 2.01879 -1.14891 1.79208 0.986984
0.696258 0.0888044 2.01933 -1.15099 1.79211 0.989782
0.695987 0.0876733 2.01987 -1.15307 1.79214 0.992579
0.695716 0.0865422 2.0204 -1.15515 1.79217 0.995377
0.695444 0.0854112 2.02094 -1.15723 1.7922 0.998174
0.695173 0.0842801 2.02147 -1.15931 1.79223 1.00097
0.694901 0.083149 2.02201 -1.16139 1.79225 1.00377
0.69463 0.082018 2.02254 -1.16347 1.79228 1.00657
0.694299 0.080759 2.02314 -1.16579 1.7923 1.00969
0.693968 0.0795 2.02374 -1.16812 1.79232 1.01282
0.693636 0.078241 2.02434 -1.17044 1.79234 1.01594
0.693305 0.076982 2.02494 -1.17277 1.79236 1.01907
0.692974 0.0757231 2.02553 -1.17509 1.79238 1.0222
0.692643 0.0744641 2.02613 -1.17742 1.7924 1.02532
0.692312 0.0732051 2.02673 -1.17974 1.79242 1.02845
0.691959 0.0719811 2.02732 -1.18201 1.79242 1.0315
0.691606 0.0707571 2.0279 -1.18428 1.79243 1.03455
0.691253 0.069533 2.02849 -1.18655 1.79243 1.0376
0.6909 0.068309 2.02907 -1.18882 1.79244 1.04065
0.690547 0.067085 2.02965 -1.19109 1.79244 1.0437
0.690194 0.065861 2.03024 -1.19337 1.79245 1.04676
0.689841 0.064637 2.03082 -1.19564 1.79245 1.04981
0.689465 0.0634492 2.03139 -1.19785 1.79244 1.05278
0.689089 0.0622614 2.03196 -1.20007 1.79243 1.05576
0.688714 0.0610737 2.03253 -1.20228 1.79242 1.05873
0.688338 0.0598859 2.0331 -1.2045 1.79241 1.06171
0.687963 0.0586981 2.03367 -1.20671 1.7924 1.06468
0.687587 0.0575104 2.03425 -1.20893 1.79239 1.06765
0.687211 0.0563226 2.03482 -1.21114 1.79238 1.07063
0.686812 0.0551724 2.03537 -1.2133 1.79236 1.07352
0.686413 0.0540222 2.03593 -1.21545 1.79233 1.07642
0.686014 0.052872 2.03648 -1.21761 1.79231 1.07931
0.685615 0.0517218 2.03704 -1.21977 1.79228 1.08221
0.685216 0.0505716 2.03759 -1.22193 1.79226 1.0851
0.684817 0.0494213 2.03815 -1.22408 1.79223 1.088
0.684418 0.0482711 2.0387 -1.22624 1.79221 1.09089
0.683995 0.0471598 2.03924 -1.22834 1.79217 1.09371
0.683571 0.0460484 2.03978 -1.23043 1.79213 1.09652
0.683148 0.044937 2.04032 -1.23253 1.79209 1.09933
0.682725 0.0438257 2.04086 -1.23463 1.79205 1.10214
0.682302 0.0427143 2.0414 -1.23672 1.79201 1.10495
0.681878 0.0416029 2.04194 -1.23882 1.79197 1.10777
0.681455 0.0404916 2.04248 -1.24092 1.79193 1.11058
0.681007 0.0394203 2.043 -1.24295 1.79187 1.11331
0.680558 0.0383491 2.04353 -1.24499 1.79181 1.11603
0.68011 0.0372779 2.04405 -1.24702 1.79176 1.11876
0.679662 0.0362067 2.04458 -1.24906 1.7917 1.12149
0.679213 0.0351354 2.0451 -1.25109 1.79164 1.12421
0.678765 0.0340642 2.04562 -1.25313 1.79158 1.12694
0.678317 0.032993 2.04615 -1.25516 1.79153 1.12967
0.677763 0.0317916 2.04674 -1.25746 1.79144 1.13275
0.67721 0.0305901 2.04733 -1.25976 1.79136 1.13583
0.676657 0.0293887 2.04792 -1.26206 1.79127 1.13891
0.676104 0.0281873 2.04851 -1.26436 1.79119 1.14198
0.675551 0.0269859 2.04911 -1.26666 1.7911 1.14506
0.674997 0.0257845 2.0497 -1.26896 1.79101 1.14814
0.674415 0.0246299 2.05027 -1.27119 1.79091 1.15112
0.673833 0.0234753 2.05085 -1.27342 1.7908 1.1541
0.67325 0.0223207 2.05142 -1.27564 1.7907 1.15708
0.672668 0.0211661 2.05199 -1.27787 1.7906 1.16006
0.672085 0.0200115 2.05257 -1.2801 1.79049 1.16304
0.671503 0.0188569 2.05314 -1.28232 1.79039 1.16602
0.670892 0.0177477 2.05369 -1.28448 1.79026 1.1689
0.670282 0.0166384 2.05425 -1.28664 1.79014 1.17179
0.669671 0.0155291 2.0548 -1.2888 1.79002 1.17467
0.66906 0.0144198 2.05536 -1.29095 1.78989 1.17755
0.668449 0.0133106 2.05591 -1.29311 1.78977 1.18044
0.667839 0.0122013 2.05647 -1.29527 1.78965 1.18332
0.667201 0.0111358 2.05701 -1.29736 1.78951 1.18611
0.666563 0.0100704 2.05755 -1.29945 1.78937 1.1889
0.665925 0.00900492 2.05808 -1.30154 1.78923 1.19169
0.665287 0.00793946 2.05862 -1.30363 1.78909 1.19448
0.664649 0.006874 2.05916 -1.30572 1.78894 1.19727
0.664011 0.00580854 2.0597 -1.30781 1.7888 1.20006
0.663346 0.00478538 2.06022 -1.30983 1.78865 1.20276
0.662682 0.00376222 2.06074 -1.31186 1.78849 1.20546
0.662017 0.00273905 2.06126 -1.31388 1.78833 1.20816
0.661353 0.00171589 2.06178 -1.3159 1.78817 1.21086
0.660688 0.000692731 2.0623 -1.31793 1.78802 1.21356
0.660024 -0.000330431 2.06282 -1.31995 1.78786 1.21627
0.659196 -0.00150928 2.06343 -1.32231 1.78765 1.2194
0.658368 -0.00268813 2.06403 -1.32466 1.78744 1.22254
0.657541 -0.00386697 2.06464 -1.32701 1.78723 1.22568
0.656713 -0.00504582 2.06525 -1.32937 1.78702 1.22881
0.655885 -0.00622467 2.06585 -1.33172 1.78681 1.23195
0.655028 -0.00735638 2.06644 -1.334 1.78658 1.23499
0.65417 -0.0084881 2.06703 -1.33628 1.78636 1.23802
0.653313 -0.00961981 2.06761 -1.33856 1.78613 1.24106
0.652456 -0.0107515 2.0682 -1.34085 1.7859 1.2441
0.651599 -0.0118832 2.06879 -1.34313 1.78567 1.24713
0.650713 -0.0129696 2.06936 -1.34534 1.78543 1.25007
0.649828 -0.014056 2.06992 -1.34755 1.78518 1.25301
0.648942 -0.0151424 2.07049 -1.34976 1.78493 1.25595
0.648057 -0.0162288 2.07106 -1.35197 1.78469 1.25889
0.647171 -0.0173152 2.07163 -1.35418 1.78444 1.26183
0.646258 -0.0183581 2.07218 -1.35633 1.78418 1.26468
0.645346 -0.019401 2.07273 -1.35847 1.78391 1.26753
0.644433 -0.0204439 2.07329 -1.36061 1.78365 1.27038
0.64352 -0.0214868 2.07384 -1.36276 1.78338 1.27323
0.642608 -0.0225297 2.07439 -1.3649 1.78312 1.27607
0.641669 -0.0235308 2.07492 -1.36698 1.78284 1.27883
0.64073 -0.024532 2.07546 -1.36906 1.78256 1.28159
0.639792 -0.0255332 2.07599 -1.37114 1.78228 1.28435
0.638853 -0.0265344 2.07653 -1.37322 1.782 1.28711
0.637914 -0.0275356 2.07707 -1.3753 1.78172 1.28987
0.636951 -0.0284969 2.07758 -1.37732 1.78142 1.29255
0.635987 -0.0294582 2.0781 -1.37934 1.78112 1.29522
0.635024 -0.0304195 2.07862 -1.38135 1.78083 1.2979
0.63406 -0.0313809 2.07914 -1.38337 1.78053 1.30057
0.633097 -0.0323422 2.07966 -1.38539 1.78023 1.30325
0.632109 -0.0332654 2.08017 -1.38735 1.77992 1.30584
0.631122 -0.0341886 2.08067 -1.38931 1.77961 1.30843
0.630135 -0.0351119 2.08117 -1.39127 1.77929 1.31103
0.629147 -0.0360351 2.08168 -1.39323 1.77898 1.31362
0.62816 -0.0369584 2.08218 -1.39518 1.77867 1.31622
0.626898 -0.0380671 2.08279 -1.39756 1.77826 1.31936
0.625635 -0.0391758 2.08341 -1.39994 1.77785 1.32251
0.624373 -0.0402846 2.08402 -1.40232 1.77744 1.32565
0.62311 -0.0413933 2.08463 -1.4047 1.77704 1.3288
0.621821 -0.042459 2.08522 -1.40701 1.77661 1.33186
0.620532 -0.0435247 2.08582 -1.40933 1.77618 1.33491
0.619243 -0.0445903 2.08641 -1.41164 1.77576 1.33797
0.617953 -0.045656 2.08701 -1.41395 1.77533 1.34102
0.616639 -0.0466809 2.08759 -1.4162 1.77489 1.34399
0.615324 -0.0477058 2.08817 -1.41845 1.77445 1.34696
0.614009 -0.0487307 2.08875 -1.4207 1.774 1.34993
0.612694 -0.0497556 2.08932 -1.42295 1.77356 1.35289
0.611356 -0.0507419 2.08989 -1.42514 1.7731 1.35578
0.610017 -0.0517283 2.09045 -1.42733 1.77264 1.35867
0.608678 -0.0527147 2.09101 -1.42952 1.77219 1.36155
0.607339 -0.053701 2.09158 -1.43171 1.77173 1.36444
0.605978 -0.0546511 2.09213 -1.43384 1.77126 1.36725
0.604617 -0.0556012 2.09268 -1.43598 1.77078 1.37006
0.603255 -0.0565514 2.09322 -1.43811 1.77031 1.37287
0.601894 -0.0575015 2.09377 -1.44025 1.76984 1.37568
0.600511 -0.0584176 2.09431 -1.44233 1.76935 1.37842
0.599129 -0.0593337 2.09484 -1.44441 1.76886 1.38115
0.597746 -0.0602498 2.09538 -1.44649 1.76838 1.38389
0.596364 -0.0611659 2.09592 -1.44857 1.76789 1.38663
0.594961 -0.0620503 2.09644 -1.45061 1.76739 1.3893
0.593559 -0.0629347 2.09696 -1.45264 1.76689 1.39197
0.592157 -0.0638191 2.09748 -1.45467 1.76639 1.39464
0.590754 -0.0647035 2.09801 -1.45671 1.76589 1.39731
0.589333 -0.0655585 2.09852 -1.45869 1.76538 1.39992
0.587913 -0.0664134 2.09903 -1.46068 1.76487 1.40252
0.586492 -0.0672683 2.09954 -1.46267 1.76436 1.40513
0.585071 -0.0681233 2.10005 -1.46465 1.76385 1.40774
0.583633 -0.068951 2.10055 -1.4666 1.76333 1.41029
0.582196 -0.0697788 2.10105 -1.46855 1.7628 1.41284
0.580758 -0.0706065 2.10155 -1.47049 1.76228 1.41539
0.57932 -0.0714343 2.10205 -1.47244 1.76176 1.41794
0.577867 -0.0722371 2.10254 -1.47434 1.76123 1.42043
0.576414 -0.0730399 2.10303 -1.47625 1.7607 1.42293
0.574961 -0.0738427 2.10352 -1.47816 1.76016 1.42543
0.573507 -0.0746455 2.10401 -1.48006 1.75963 1.42792
0.57204 -0.0754257 2.1045 -1.48194 1.75909 1.43037
0.570572 -0.0762059 2.10498 -1.48381 1.75855 1.43282
0.569105 -0.076986 2.10546 -1.48568 1.75801 1.43527
0.567638 -0.0777662 2.10594 -1.48755 1.75747 1.43772
0.566158 -0.0785259 2.10641 -1.48939 1.75692 1.44012
0.564677 -0.0792857 2.10689 -1.49123 1.75637 1.44253
0.563197 -0.0800455 2.10736 -1.49307 1.75582 1.44493
0.561717 -0.0808052 2.10783 -1.49491 1.75527 1.44734
0.560226 -0.0815469 2.1083 -1.49673 1.75471 1.44971
0.558734 -0.0822885 2.10877 -1.49854 1.75415 1.45207
0.557243 -0.0830302 2.10923 -1.50035 1.7536 1.45444
0.555751 -0.0837718 2.1097 -1.50216 1.75304 1.45681
0.55425 -0.0844976 2.11016 -1.50395 1.75248 1.45914
0.552749 -0.0852233 2.11062 -1.50574 1.75191 1.46147
0.551247 -0.0859491 2.11108 -1.50753 1.75135 1.46381
0.549746 -0.0866749 2.11154 -1.50931 1.75079 1.46614
0.547733 -0.0876245 2.11214 -1.51167 1.75003 1.46921
0.54572 -0.088574 2.11275 -1.51403 1.74927 1.47229
0.543707 -0.0895236 2.11335 -1.51638 1.74851 1.47536
0.541684 -0.0904581 2.11395 -1.51871 1.74775 1.4784
0.539662 -0.0913925 2.11455 -1.52105 1.74698 1.48144
0.537639 -0.092327 2.11515 -1.52338 1.74622 1.48448
0.535609 -0.0932494 2.11575 -1.52569 1.74545 1.48749
0.533579 -0.0941718 2.11634 -1.52801 1.74468 1.49051
0.531549 -0.0950941 2.11694 -1.53032 1.74391 1.49352
0.529514 -0.0960075 2.11753 -1.53262 1.74313 1.49652
0.527478 -0.0969208 2.11812 -1.53492 1.74236 1.49951
0.525442 -0.0978341 2.11871 -1.53722 1.74159 1.50251
0.523403 -0.0987414 2.1193 -1.53951 1.74081 1.50549
0.521363 -0.0996486 2.11989 -1.5418 1.74004 1.50848
0.519324 -0.100556 2.12048 -1.54409 1.73926 1.51146
0.517282 -0.10146 2.12107 -1.54638 1.73848 1.51443
0.515241 -0.102364 2.12165 -1.54867 1.73771 1.51741
0.5132 -0.103269 2.12224 -1.55095 1.73693 1.52039
0.511158 -0.104173 2.12283 -1.55324 1.73615 1.52336
0.509117 -0.105077 2.12342 -1.55552 1.73538 1.52634
0.507076 -0.105981 2.12401 -1.55781 1.7346 1.52932
0.505034 -0.106886 2.12459 -1.5601 1.73382 1.53229
0.502993 -0.10779 2.12518 -1.56238 1.73305 1.53527
0.500951 -0.108694 2.12577 -1.56467 1.73227 1.53824
0.49891 -0.109598 2.12636 -1.56695 1.73149 1.54122
0.496869 -0.110503 2.12694 -1.56924 1.73072 1.5442
0.494827 -0.111407 2.12753 -1.57153 1.72994 1.54717
0.492786 -0.112311 2.12812 -1.57381 1.72916 1.55015
0.490745 -0.113215 2.12871 -1.5761 1.72839 1.55313
0.488703 -0.11412 2.1293 -1.57838 1.72761 1.5561
0.486662 -0.115024 2.12988 -1.58067 1.72683 1.55908
0.484621 -0.115928 2.13047 -1.58296 1.72606 1.56205
0.482579 -0.116832 2.13106 -1.58524 1.72528 1.56503
0.480538 -0.117737 2.13165 -1.58753 1.7245 1.56801
0.478497 -0.118641 2.13223 -1.58981 1.72373 1.57098
0.476455 -0.119545 2.13282 -1.5921 1.72295 1.57396
0.474414 -0.120449 2.13341 -1.59438 1.72217 1.57694
0.472372 -0.121354 2.134 -1.59667 1.72139 1.57991
0.470331 -0.122258 2.13459 -1.59896 1.72062 1.58289
0.46829 -0.123162 2.13517 -1.60124 1.71984 1.58586
0.466248 -0.124066 2.13576 -1.60353 1.71906 1.58884
0.464207 -0.124971 2.13635 -1.60581 1.71829 1.59182
0.462676 -0.125649 2.13679 -1.60753 1.7177 1.59405
0.461145 -0.126327 2.13723 -1.60924 1.71712 1.59628
0.459614 -0.127005 2.13767 -1.61096 1.71654 1.59851
0.458083 -0.127683 2.13811 -1.61267 1.71596 1.60075
0.456042 -0.128588 2.1387 -1.61496 1.71518 1.60372
0.454 -0.129492 2.13929 -1.61724 1.7144 1.6067
0.451959 -0.130396 2.13987 -1.61953 1.71363 1.60968
0.450428 -0.131074 2.14032 -1.62125 1.71304 1.61191
0.448897 -0.131753 2.14076 -1.62296 1.71246 1.61414
0.447366 -0.132431 2.1412 -1.62467 1.71188 1.61637
0.445835 -0.133109 2.14164 -1.62639 1.7113 1.6186
0.443793 -0.134013 2.14223 -1.62867 1.71052 1.62158
0.441752 -0.134917 2.14281 -1.63096 1.70974 1.62456
0.439711 -0.135822 2.1434 -1.63325 1.70897 1.62753
0.43818 -0.1365 2.14384 -1.63496 1.70838 1.62976
0.436649 -0.137178 2.14428 -1.63668 1.7078 1.632
0.435118 -0.137856 2.14472 -1.63839 1.70722 1.63423
0.433587 -0.138534 2.14516 -1.6401 1.70664 1.63646
0.431545 -0.139439 2.14575 -1.64239 1.70586 1.63944
0.429504 -0.140343 2.14634 -1.64468 1.70508 1.64241
0.427463 -0.141247 2.14693 -1.64696 1.70431 1.64539
0.425932 -0.141925 2.14737 -1.64868 1.70372 1.64762
0.424401 -0.142604 2.14781 -1.65039 1.70314 1.64985
0.42287 -0.143282 2.14825 -1.65211 1.70256 1.65209
0.421339 -0.14396 2.14869 -1.65382 1.70197 1.65432
0.419297 -0.144864 2.14928 -1.65611 1.7012 1.6573
0.417256 -0.145768 2.14987 -1.65839 1.70042 1.66027
0.415214 -0.146673 2.15045 -1.66068 1.69964 1.66325
0.413431 -0.147195 2.15065 -1.66311 1.69929 1.66547
0.411648 -0.147717 2.15085 -1.66553 1.69894 1.6677
0.409865 -0.14824 2.15105 -1.66796 1.69859 1.66992
0.408082 -0.148762 2.15124 -1.67039 1.69824 1.67214
0.406299 -0.149285 2.15144 -1.67282 1.69789 1.67437
0.404516 -0.149807 2.15164 -1.67525 1.69754 1.67659
0.402732 -0.150329 2.15184 -1.67768 1.69719 1.67881
0.400949 -0.150852 2.15203 -1.6801 1.69684 1.68104
0.399166 -0.151374 2.15223 -1.68253 1.69649 1.68326
0.397383 -0.151896 2.15243 -1.68496 1.69614 1.68549
0.3956 -0.152419 2.15262 -1.68739 1.69579 1.68771
0.393817 -0.152941 2.15282 -1.68982 1.69544 1.68993
0.392034 -0.153464 2.15302 -1.69224 1.69509 1.69216
0.39025 -0.153986 2.15322 -1.69467 1.69474 1.69438
0.388467 -0.154508 2.15341 -1.6971 1.69439 1.6966
0.386684 -0.155031 2.15361 -1.69953 1.69404 1.69883
0.384901 -0.155553 2.15381 -1.70196 1.69369 1.70105
0.383118 -0.156076 2.15401 -1.70439 1.69334 1.70328
0.381367 -0.15655 2.15415 -1.70683 1.69305 1.70541
0.379616 -0.157025 2.1543 -1.70928 1.69275 1.70754
0.377865 -0.157499 2.15445 -1.71172 1.69245 1.70966
0.376131 -0.15795 2.15457 -1.71418 1.69218 1.71175
0.374396 -0.158401 2.1547 -1.71663 1.69191 1.71383
0.372661 -0.158852 2.15482 -1.71909 1.69164 1.71591
0.370959 -0.159255 2.1549 -1.72156 1.69143 1.7179
0.369256 -0.159658 2.15497 -1.72403 1.69121 1.71989
0.367554 -0.160061 2.15505 -1.72651 1.69099 1.72188
0.36588 -0.160422 2.15508 -1.72899 1.69082 1.72378
0.364205 -0.160783 2.15511 -1.73148 1.69065 1.72569
0.362531 -0.161145 2.15515 -1.73397 1.69048 1.7276
0.360881 -0.16147 2.15514 -1.73647 1.69035 1.72943
0.359231 -0.161796 2.15514 -1.73897 1.69022 1.73127
0.357581 -0.162121 2.15513 -1.74148 1.69009 1.7331
0.355951 -0.162417 2.1551 -1.74399 1.68999 1.73488
0.354321 -0.162712 2.15506 -1.7465 1.6899 1.73666
0.352692 -0.163008 2.15503 -1.74901 1.6898 1.73844
0.351078 -0.16328 2.15497 -1.75153 1.68973 1.74017
0.349464 -0.163552 2.15491 -1.75406 1.68966 1.7419
0.347851 -0.163823 2.15485 -1.75658 1.68959 1.74363
0.346257 -0.164065 2.15476 -1.75911 1.68955 1.7453
0.344664 -0.164307 2.15467 -1.76164 1.68952 1.74697
0.34307 -0.164549 2.15458 -1.76418 1.68948 1.74864
0.341501 -0.164755 2.15446 -1.76672 1.68948 1.75024
0.339931 -0.164961 2.15433 -1.76927 1.68949 1.75184
0.338362 -0.165168 2.15421 -1.77181 1.68949 1.75344
0.336821 -0.165332 2.15404 -1.77437 1.68954 1.75496
0.33528 -0.165496 2.15387 -1.77694 1.68959 1.75648
0.333739 -0.165661 2.1537 -1.7795 1.68964 1.758
0.33223 -0.165777 2.15348 -1.78208 1.68974 1.75942
0.330721 -0.165894 2.15326 -1.78466 1.68985 1.76084
0.329212 -0.166011 2.15305 -1.78724 1.68995 1.76227
0.327735 -0.166081 2.15278 -1.78983 1.69011 1.7636
0.326257 -0.166151 2.15252 -1.79243 1.69026 1.76493
0.32478 -0.166222 2.15225 -1.79503 1.69042 1.76627
0.322609 -0.16626 2.15179 -1.79894 1.69072 1.76813
0.320438 -0.166299 2.15132 -1.80286 1.69103 1.77
0.318311 -0.166272 2.15079 -1.80681 1.69141 1.77174
0.316184 -0.166246 2.15026 -1.81075 1.69179 1.77348
0.314099 -0.166157 2.14966 -1.81472 1.69224 1.7751
0.312015 -0.166068 2.14906 -1.81869 1.69269 1.77671
0.309971 -0.165918 2.1484 -1.82268 1.69321 1.77821
0.307927 -0.165769 2.14775 -1.82667 1.69372 1.77971
0.305923 -0.165561 2.14703 -1.83068 1.69431 1.78109
0.303918 -0.165353 2.14631 -1.83469 1.69489 1.78247
0.301952 -0.16509 2.14554 -1.83872 1.69553 1.78374
0.299985 -0.164826 2.14476 -1.84275 1.69618 1.78502
0.298055 -0.164509 2.14393 -1.84681 1.69688 1.78618
0.296124 -0.164192 2.1431 -1.85086 1.69759 1.78735
0.294229 -0.163823 2.14222 -1.85493 1.69835 1.78841
0.292333 -0.163454 2.14134 -1.859 1.69911 1.78948
0.291092 -0.163175 2.14071 -1.86173 1.69966 1.79012
0.28985 -0.162897 2.14009 -1.86445 1.7002 1.79077
0.288609 -0.162618 2.13947 -1.86718 1.70075 1.79141
0.287388 -0.162308 2.13882 -1.86992 1.70133 1.792
0.286168 -0.161998 2.13816 -1.87266 1.70191 1.79258
0.284948 -0.161688 2.13751 -1.8754 1.70249 1.79316
0.283748 -0.161348 2.13682 -1.87814 1.7031 1.79369
0.282547 -0.161008 2.13614 -1.88089 1.70372 1.79421
0.281347 -0.160669 2.13546 -1.88364 1.70433 1.79474
0.279576 -0.160116 2.13439 -1.88778 1.7053 1.79544
0.277804 -0.159564 2.13332 -1.89192 1.70627 1.79615
0.276642 -0.159169 2.13257 -1.89469 1.70694 1.79656
0.275479 -0.158774 2.13183 -1.89746 1.70762 1.79698
0.274316 -0.158379 2.13109 -1.90023 1.70829 1.79739
0.27317 -0.157959 2.13033 -1.90301 1.70899 1.79776
0.272024 -0.157538 2.12956 -1.90579 1.7097 1.79813
0.270879 -0.157118 2.12879 -1.90857 1.7104 1.79849
0.269749 -0.156674 2.128 -1.91136 1.71113 1.79881
0.26862 -0.156229 2.12721 -1.91415 1.71186 1.79913
0.26749 -0.155785 2.12642 -1.91693 1.71259 1.79945
0.266376 -0.155318 2.1256 -1.91973 1.71335 1.79972
0.265261 -0.154852 2.12479 -1.92253 1.7141 1.8
0.264147 -0.154385 2.12398 -1.92532 1.71486 1.80027
0.263047 -0.153898 2.12314 -1.92813 1.71563 1.80051
0.261946 -0.15341 2.12231 -1.93093 1.71641 1.80074
0.260846 -0.152923 2.12147 -1.93374 1.71719 1.80097
0.259759 -0.152416 2.12061 -1.93655 1.71799 1.80117
0.258672 -0.151909 2.11976 -1.93936 1.71879 1.80137
0.257585 -0.151402 2.1189 -1.94217 1.71959 1.80156
0.256509 -0.150877 2.11803 -1.94499 1.72041 1.80172
0.255434 -0.150352 2.11716 -1.94781 1.72123 1.80188
0.254359 -0.149828 2.11628 -1.95063 1.72205 1.80204
0.253295 -0.149286 2.11539 -1.95345 1.72289 1.80217
0.252231 -0.148745 2.1145 -1.95627 1.72373 1.8023
0.251167 -0.148204 2.11361 -1.9591 1.72457 1.80243
0.250113 -0.147648 2.11271 -1.96193 1.72542 1.80252
0.24906 -0.147092 2.1118 -1.96476 1.72628 1.80262
0.248006 -0.146536 2.1109 -1.96759 1.72713 1.80272
0.246961 -0.145966 2.10998 -1.97042 1.728 1.80279
0.245916 -0.145397 2.10906 -1.97326 1.72887 1.80286
0.244871 -0.144827 2.10814 -1.97609 1.72974 1.80294
0.243316 -0.143955 2.10674 -1.98035 1.73107 1.80301
0.241761 -0.143083 2.10534 -1.98461 1.73239 1.80308
0.240731 -0.142491 2.1044 -1.98745 1.73329 1.80311
0.239702 -0.141899 2.10346 -1.9903 1.73418 1.80314
0.238672 -0.141307 2.10252 -1.99314 1.73508 1.80317
0.237648 -0.140706 2.10157 -1.99599 1.73598 1.80318
0.236625 -0.140105 2.10061 -1.99883 1.73689 1.80319
0.235601 -0.139504 2.09966 -2.00168 1.73779 1.8032
0.234582 -0.138896 2.0987 -2.00453 1.7387 1.80319
0.233564 -0.138288 2.09774 -2.00738 1.73962 1.80319
0.232545 -0.137679 2.09679 -2.01023 1.74053 1.80318
0.231023 -0.136758 2.09534 -2.0145 1.74191 1.80316
0.229502 -0.135836 2.09389 -2.01878 1.74329 1.80314
0.22849 -0.135218 2.09292 -2.02164 1.74422 1.80311
0.227479 -0.134599 2.09195 -2.02449 1.74514 1.80309
0.226467 -0.13398 2.09098 -2.02734 1.74607 1.80306
0.224953 -0.133047 2.08952 -2.03162 1.74746 1.80301
0.223438 -0.132115 2.08806 -2.0359 1.74885 1.80297
0.22243 -0.131492 2.08709 -2.03876 1.74978 1.80293
0.221421 -0.130868 2.08611 -2.04161 1.75071 1.8029
0.220413 -0.130245 2.08514 -2.04447 1.75164 1.80287
0.2189 -0.12931 2.08368 -2.04875 1.75304 1.80282
0.217387 -0.128375 2.08222 -2.05303 1.75443 1.80277
0.216379 -0.127752 2.08124 -2.05589 1.75536 1.80273
0.21537 -0.127129 2.08027 -2.05874 1.75629 1.8027
0.214362 -0.126506 2.0793 -2.0616 1.75722 1.80266
0.212849 -0.125571 2.07783 -2.06588 1.75862 1.80261
0.211336 -0.124636 2.07637 -2.07016 1.76001 1.80256
0.210328 -0.124013 2.0754 -2.07302 1.76094 1.80253
0.209319 -0.123389 2.07442 -2.07587 1.76187 1.8025
0.208311 -0.122766 2.07345 -2.07873 1.7628 1.80246
0.207302 -0.122143 2.07248 -2.08158 1.76373 1.80243
0.206294 -0.12152 2.0715 -2.08444 1.76466 1.80239
0.205285 -0.120896 2.07053 -2.08729 1.76559 1.80236
0.203773 -0.119961 2.06907 -2.09157 1.76699 1.80231
0.20226 -0.119027 2.0676 -2.09586 1.76838 1.80226
0.200747 -0.118092 2.06614 -2.10014 1.76978 1.80221
0.199234 -0.117157 2.06468 -2.10442 1.77117 1.80216
0.198226 -0.116534 2.06371 -2.10728 1.7721 1.80212
0.197217 -0.11591 2.06273 -2.11013 1.77303 1.80209
0.196209 -0.115287 2.06176 -2.11298 1.77396 1.80206
0.194696 -0.114352 2.0603 -2.11727 1.77536 1.80201
0.193183 -0.113417 2.05884 -2.12155 1.77675 1.80196
0.192175 -0.112794 2.05786 -2.1244 1.77768 1.80192
0.191166 -0.112171 2.05689 -2.12726 1.77861 1.80189
0.190158 -0.111548 2.05591 -2.13011 1.77954 1.80185
0.188645 -0.110613 2.05445 -2.1344 1.78094 1.8018
0.187132 -0.109678 2.05299 -2.13868 1.78233 1.80175
0.186124 -0.109055 2.05202 -2.14153 1.78326 1.80172
0.185115 -0.108431 2.05104 -2.14439 1.78419 1.80169
0.184107 -0.107808 2.05007 -2.14724 1.78512 1.80165
0.182594 -0.106873 2.04861 -2.15153 1.78652 1.8016
0.181081 -0.105938 2.04715 -2.15581 1.78791 1.80155
0.180073 -0.105315 2.04617 -2.15866 1.78884 1.80152
0.179064 -0.104692 2.0452 -2.16152 1.78977 1.80148
0.178056 -0.104069 2.04422 -2.16437 1.7907 1.80145
0.176543 -0.103134 2.04276 -2.16865 1.7921 1.8014
0.17503 -0.102199 2.0413 -2.17294 1.79349 1.80135
0.174022 -0.101576 2.04033 -2.17579 1.79442 1.80131
0.173013 -0.100952 2.03935 -2.17865 1.79535 1.80128
0.172005 -0.100329 2.03838 -2.1815 1.79628 1.80125
0.170492 -0.0993943 2.03692 -2.18578 1.79768 1.8012
0.168979 -0.0984594 2.03545 -2.19007 1.79907 1.80114
0.167971 -0.0978362 2.03448 -2.19292 1.8 1.80111
0.166962 -0.0972129 2.03351 -2.19577 1.80093 1.80108
0.165954 -0.0965897 2.03253 -2.19863 1.80186 1.80104
0.164441 -0.0956548 2.03107 -2.20291 1.80326 1.80099
0.162928 -0.0947199 2.02961 -2.20719 1.80465 1.80094
0.16192 -0.0940967 2.02864 -2.21005 1.80558 1.80091
0.160911 -0.0934734 2.02766 -2.2129 1.80651 1.80087
0.159903 -0.0928502 2.02669 -2.21576 1.80745 1.80084
0.15839 -0.0919153 2.02523 -2.22004 1.80884 1.80079
0.156877 -0.0909804 2.02376 -2.22432 1.81024 1.80074
0.155869 -0.0903572 2.02279 -2.22718 1.81117 1.80071
0.15486 -0.0897339 2.02182 -2.23003 1.8121 1.80067
0.153852 -0.0891107 2.02084 -2.23289 1.81303 1.80064
0.152339 -0.0881758 2.01938 -2.23717 1.81442 1.80059
0.150826 -0.0872409 2.01792 -2.24145 1.81582 1.80054
0.149818 -0.0866177 2.01694 -2.24431 1.81675 1.8005
0.148809 -0.0859944 2.01597 -2.24716 1.81768 1.80047
0.147801 -0.0853712 2.015 -2.25002 1.81861 1.80044
0.146288 -0.0844363 2.01353 -2.2543 1.82 1.80039
0.144775 -0.0835015 2.01207 -2.25858 1.8214 1.80033
0.143767 -0.0828782 2.0111 -2.26144 1.82233 1.8003
0.142758 -0.082255 2.01012 -2.26429 1.82326 1.80027
0.14175 -0.0816317 2.00915 -2.26715 1.82419 1.80023
0.140237 -0.0806968 2.00769 -2.27143 1.82558 1.80018
0.138724 -0.079762 2.00623 -2.27571 1.82698 1.80013
0.137716 -0.0791387 2.00525 -2.27857 1.82791 1.8001
0.136707 -0.0785155 2.00428 -2.28142 1.82884 1.80006
0.135699 -0.0778922 2.00331 -2.28427 1.82977 1.80003
0.134186 -0.0769574 2.00184 -2.28856 1.83116 1.79998
0.132673 -0.0760225 2.00038 -2.29284 1.83256 1.79993
0.131665 -0.0753992 1.99941 -2.29569 1.83349 1.7999
0.130656 -0.074776 1.99843 -2.29855 1.83442 1.79986
0.129648 -0.0741527 1.99746 -2.3014 1.83535 1.79983
0.128135 -0.0732179 1.996 -2.30569 1.83674 1.79978
0.126622 -0.072283 1.99454 -2.30997 1.83814 1.79973
0.125109 -0.0713481 1.99308 -2.31425 1.83953 1.79968
0.123597 -0.0704133 1.99161 -2.31853 1.84093 1.79963
