0.428115 -0.587353 1.94776 1.07283 -0.936396 1.0811
0.434221 -0.592353 1.94252 1.0679 -0.931397 1.07947
0.440328 -0.597354 1.93727 1.06297 -0.926399 1.07783
0.446434 -0.602354 1.93203 1.05805 -0.9214 1.0762
0.452541 -0.607355 1.92678 1.05312 -0.916402 1.07456
0.458647 -0.612355 1.92153 1.04819 -0.911403 1.07293
0.464754 -0.617355 1.91629 1.04327 -0.906405 1.07129
0.47086 -0.622356 1.91104 1.03834 -0.901406 1.06966
0.476966 -0.627356 1.9058 1.03341 -0.896408 1.06802
0.483073 -0.632356 1.90055 1.02848 -0.891409 1.06639
0.489179 -0.637357 1.89531 1.02356 -0.886411 1.06475
0.495286 -0.642357 1.89006 1.01863 -0.881412 1.06312
0.501392 -0.647358 1.88482 1.0137 -0.876414 1.06148
0.507499 -0.652358 1.87957 1.00878 -0.871416 1.05985
0.513605 -0.657358 1.87433 1.00385 -0.866417 1.05821
0.519712 -0.662359 1.86908 0.998922 -0.861419 1.05658
0.525818 -0.667359 1.86384 0.993995 -0.85642 1.05494
0.531924 -0.67236 1.85859 0.989068 -0.851422 1.05331
0.538031 -0.67736 1.85335 0.984141 -0.846423 1.05167
0.544137 -0.68236 1.8481 0.979214 -0.841425 1.05004
0.550244 -0.687361 1.84286 0.974287 -0.836426 1.0484
0.55635 -0.692361 1.83761 0.969359 -0.831428 1.04677
0.562457 -0.697362 1.83237 0.964432 -0.826429 1.04513
0.568563 -0.702362 1.82712 0.959505 -0.821431 1.0435
0.57467 -0.707362 1.82187 0.954578 -0.816432 1.04186
0.580776 -0.712363 1.81663 0.949651 -0.811434 1.04023
0.586883 -0.717363 1.81138 0.944724 -0.806435 1.03859
0.592989 -0.722364 1.80614 0.939797 -0.801437 1.03696
0.599095 -0.727364 1.80089 0.93487 -0.796439 1.03532
0.605202 -0.732364 1.79565 0.929942 -0.79144 1.03369
0.611308 -0.737365 1.7904 0.925015 -0.786442 1.03205
0.617415 -0.742365 1.78516 0.920088 -0.781443 1.03042
0.623521 -0.747366 1.77991 0.915161 -0.776445 1.02878
0.629628 -0.752366 1.77467 0.910234 -0.771446 1.02715
0.635734 -0.757366 1.76942 0.905307 -0.766448 1.02551
0.641841 -0.762367 1.76418 0.90038 -0.761449 1.02388
0.647947 -0.767367 1.75893 0.895453 -0.756451 1.02224
0.654053 -0.772368 1.75369 0.890525 -0.751452 1.02061
0.66016 -0.777368 1.74844 0.885598 -0.746454 1.01897
0.666266 -0.782368 1.7432 0.880671 -0.741455 1.01734
0.672373 -0.787369 1.73795 0.875744 -0.736457 1.0157
0.678479 -0.792369 1.73271 0.870817 -0.731458 1.01407
0.684586 -0.79737 1.72746 0.86589 -0.72646 1.01243
0.690692 -0.80237 1.72221 0.860963 -0.721462 1.0108
0.696799 -0.80737 1.71697 0.856036 -0.716463 1.00916
0.702905 -0.812371 1.71172 0.851108 -0.711465 1.00753
0.709012 -0.817371 1.70648 0.846181 -0.706466 1.00589
0.715118 -0.822372 1.70123 0.841254 -0.701468 1.00426
0.721224 -0.827372 1.69599 0.836327 -0.696469 1.00262
0.727331 -0.832372 1.69074 0.8314 -0.691471 1.00099
0.733437 -0.837373 1.6855 0.826473 -0.686472 0.999351
0.739544 -0.842373 1.68025 0.821546 -0.681474 0.997716
0.74565 -0.847374 1.67501 0.816619 -0.676475 0.996081
0.751757 -0.852374 1.66976 0.811691 -0.671477 0.994446
0.757863 -0.857374 1.66452 0.806764 -0.666478 0.992811
0.76397 -0.862375 1.65927 0.801837 -0.66148 0.991176
0.770076 -0.867375 1.65403 0.79691 -0.656482 0.989541
0.776182 -0.872375 1.64878 0.791983 -0.651483 0.987906
0.782289 -0.877376 1.64354 0.787056 -0.646485 0.986271
0.788395 -0.882376 1.63829 0.782129 -0.641486 0.984636
0.794502 -0.887377 1.63304 0.777202 -0.636488 0.983001
0.800608 -0.892377 1.6278 0.772274 -0.631489 0.981365
0.806715 -0.897377 1.62255 0.767347 -0.626491 0.97973
0.812821 -0.902378 1.61731 0.76242 -0.621492 0.978095
0.818928 -0.907378 1.61206 0.757493 -0.616494 0.97646
0.825034 -0.912379 1.60682 0.752566 -0.611495 0.974825
0.831141 -0.917379 1.60157 0.747639 -0.606497 0.97319
0.837247 -0.922379 1.59633 0.742712 -0.601498 0.971555
0.843353 -0.92738 1.59108 0.737785 -0.5965 0.96992
0.84946 -0.93238 1.58584 0.732857 -0.591501 0.968285
0.855566 -0.937381 1.58059 0.72793 -0.586503 0.96665
0.861673 -0.942381 1.57535 0.723003 -0.581505 0.965015
0.867779 -0.947381 1.5701 0.718076 -0.576506 0.96338
0.873886 -0.952382 1.56486 0.713149 -0.571508 0.961745
0.879992 -0.957382 1.55961 0.708222 -0.566509 0.96011
0.886099 -0.962383 1.55437 0.703295 -0.561511 0.958475
0.892205 -0.967383 1.54912 0.698368 -0.556512 0.95684
0.898311 -0.972383 1.54388 0.69344 -0.551514 0.955205
0.904418 -0.977384 1.53863 0.688513 -0.546515 0.953569
0.910524 -0.982384 1.53338 0.683586 -0.541517 0.951934
0.916631 -0.987385 1.52814 0.678659 -0.536518 0.950299
0.922737 -0.992385 1.52289 0.673732 -0.53152 0.948664
0.928844 -0.997385 1.51765 0.668805 -0.526521 0.947029
0.93495 -1.00239 1.5124 0.663878 -0.521523 0.945394
0.941057 -1.00739 1.50716 0.658951 -0.516524 0.943759
0.947163 -1.01239 1.50191 0.654024 -0.511526 0.942124
0.95327 -1.01739 1.49667 0.649096 -0.506528 0.940489
0.959376 -1.02239 1.49142 0.644169 -0.501529 0.938854
0.965482 -1.02739 1.48618 0.639242 -0.496531 0.937219
0.971589 -1.03239 1.48093 0.634315 -0.491532 0.935584
0.977695 -1.03739 1.47569 0.629388 -0.486534 0.933949
0.983802 -1.04239 1.47044 0.624461 -0.481535 0.932314
0.989908 -1.04739 1.4652 0.619534 -0.476537 0.930679
0.996015 -1.05239 1.45995 0.614607 -0.471538 0.929044
1.00212 -1.05739 1.45471 0.609679 -0.46654 0.927408
1.00823 -1.06239 1.44946 0.604752 -0.461541 0.925773
1.01433 -1.06739 1.44422 0.599825 -0.456543 0.924138
1.02044 -1.07239 1.43897 0.594898 -0.451544 0.922503
1.02655 -1.07739 1.43373 0.589972 -0.446547 0.920869
1.03265 -1.08239 1.42848 0.585048 -0.441551 0.919235
1.03875 -1.08738 1.42325 0.580127 -0.436558 0.917602
1.04484 -1.09237 1.41801 0.575209 -0.431569 0.915971
1.05093 -1.09736 1.41278 0.570297 -0.426584 0.914341
1.05701 -1.10233 1.40756 0.56539 -0.421605 0.912714
1.06308 -1.10731 1.40235 0.560491 -0.416633 0.91109
1.06915 -1.11227 1.39715 0.555599 -0.411667 0.909469
1.0752 -1.11722 1.39195 0.550716 -0.40671 0.907851
1.08124 -1.12216 1.38677 0.545843 -0.401763 0.906237
1.08727 -1.12709 1.38161 0.540981 -0.396825 0.904627
1.09328 -1.13201 1.37645 0.536131 -0.391899 0.903022
1.09928 -1.13691 1.37131 0.531293 -0.386984 0.901421
1.10526 -1.1418 1.36619 0.526469 -0.382083 0.899827
1.11122 -1.14668 1.36108 0.52166 -0.377195 0.898237
1.11716 -1.15153 1.356 0.516867 -0.372322 0.896654
1.12308 -1.15637 1.35093 0.512091 -0.367465 0.895078
1.12898 -1.16119 1.34588 0.507332 -0.362624 0.893508
1.13486 -1.16599 1.34086 0.502592 -0.357801 0.891946
1.14072 -1.17077 1.33586 0.497871 -0.352996 0.890391
1.14654 -1.17552 1.33089 0.493171 -0.348211 0.888844
1.15235 -1.18026 1.32594 0.488493 -0.343446 0.887306
1.15812 -1.18496 1.32101 0.483838 -0.338702 0.885776
1.16387 -1.18965 1.31612 0.479206 -0.33398 0.884256
1.16958 -1.1943 1.31125 0.474598 -0.329282 0.882745
1.17527 -1.19893 1.30641 0.470017 -0.324607 0.881244
1.18092 -1.20353 1.30161 0.465462 -0.319957 0.879754
1.18654 -1.2081 1.29684 0.460934 -0.315334 0.878274
1.19212 -1.21264 1.2921 0.456435 -0.310736 0.876805
1.19767 -1.21715 1.2874 0.451965 -0.306167 0.875348
1.20318 -1.22163 1.28273 0.447526 -0.301626 0.873902
1.20865 -1.22607 1.2781 0.443119 -0.297115 0.872469
1.21408 -1.23048 1.27351 0.438742 -0.292632 0.871048
1.21948 -1.23485 1.26895 0.434394 -0.288177 0.869638
1.22484 -1.2392 1.26443 0.430075 -0.283749 0.868239
1.23017 -1.24351 1.25993 0.425784 -0.279347 0.866851
1.23547 -1.2478 1.25547 0.421519 -0.274969 0.865474
1.24073 -1.25206 1.25104 0.41728 -0.270616 0.864106
1.24597 -1.2563 1.24664 0.413065 -0.266285 0.862747
1.25117 -1.2605 1.24227 0.408874 -0.261977 0.861398
1.25635 -1.26469 1.23793 0.404706 -0.25769 0.860058
1.2615 -1.26885 1.23361 0.400559 -0.253423 0.858726
1.26663 -1.27299 1.22931 0.396433 -0.249176 0.857402
1.27173 -1.2771 1.22504 0.392327 -0.244947 0.856086
1.27681 -1.2812 1.22079 0.388239 -0.240735 0.854777
1.28187 -1.28528 1.21656 0.384169 -0.236541 0.853475
1.28691 -1.28934 1.21235 0.380116 -0.232361 0.85218
1.29193 -1.29338 1.20816 0.376078 -0.228197 0.85089
1.29693 -1.29741 1.20398 0.372055 -0.224047 0.849607
1.30191 -1.30142 1.19983 0.368046 -0.219909 0.848328
1.30688 -1.30542 1.19569 0.36405 -0.215783 0.847055
1.31184 -1.30941 1.19156 0.360066 -0.211669 0.845786
1.31678 -1.31338 1.18744 0.356092 -0.207565 0.844522
1.3217 -1.31735 1.18334 0.352129 -0.203469 0.843261
1.32662 -1.3213 1.17925 0.348174 -0.199383 0.842004
1.33153 -1.32524 1.17516 0.344227 -0.195303 0.840749
1.33643 -1.32918 1.17109 0.340287 -0.19123 0.839498
1.34132 -1.33312 1.16702 0.336352 -0.187163 0.838248
1.34621 -1.33704 1.16296 0.332423 -0.1831 0.837001
1.35109 -1.34096 1.1589 0.328498 -0.179041 0.835755
1.35597 -1.34488 1.15485 0.324575 -0.174984 0.834511
1.36084 -1.3488 1.15079 0.320655 -0.17093 0.833267
1.36572 -1.35272 1.14674 0.316736 -0.166876 0.832023
1.37059 -1.35663 1.14269 0.312816 -0.162823 0.83078
1.37547 -1.36055 1.13864 0.308897 -0.158769 0.829536
1.38034 -1.36446 1.13459 0.304979 -0.154717 0.828293
1.38521 -1.36838 1.13055 0.301063 -0.150666 0.827051
1.39008 -1.37229 1.1265 0.297148 -0.146617 0.825809
1.39494 -1.37619 1.12246 0.293236 -0.142571 0.824568
1.3998 -1.3801 1.11842 0.289327 -0.138527 0.823329
1.40466 -1.384 1.11439 0.285422 -0.134486 0.822091
1.40951 -1.3879 1.11036 0.28152 -0.130449 0.820854
1.41436 -1.39179 1.10633 0.277623 -0.126416 0.819619
1.4192 -1.39568 1.10231 0.27373 -0.122388 0.818386
1.42404 -1.39956 1.0983 0.269843 -0.118365 0.817155
1.42886 -1.40343 1.0943 0.265962 -0.114347 0.815927
1.43368 -1.4073 1.0903 0.262088 -0.110335 0.8147
1.43849 -1.41116 1.08631 0.25822 -0.10633 0.813477
1.4433 -1.41501 1.08233 0.254359 -0.102332 0.812256
1.44809 -1.41886 1.07836 0.250507 -0.0983411 0.811039
1.45287 -1.42269 1.0744 0.246663 -0.094358 0.809825
1.45764 -1.42652 1.07045 0.242827 -0.0903833 0.808614
1.4624 -1.43033 1.06651 0.239002 -0.0864174 0.807406
1.46715 -1.43414 1.06258 0.235185 -0.0824606 0.806203
1.47189 -1.43793 1.05866 0.23138 -0.0785136 0.805004
1.47661 -1.44171 1.05476 0.227585 -0.0745767 0.803809
1.48132 -1.44548 1.05087 0.223801 -0.0706504 0.802618
1.48601 -1.44924 1.04699 0.220029 -0.0667352 0.801432
1.49069 -1.45298 1.04313 0.21627 -0.0628315 0.80025
1.49535 -1.45671 1.03929 0.212523 -0.0589398 0.799074
1.5 -1.46043 1.03545 0.20879 -0.0550606 0.797902
1.50463 -1.46413 1.03164 0.20507 -0.0511943 0.796736
1.50924 -1.46782 1.02784 0.201365 -0.0473413 0.795576
1.51384 -1.47149 1.02406 0.197674 -0.0435023 0.794421
1.51841 -1.47514 1.0203 0.193999 -0.0396775 0.793273
1.52297 -1.47878 1.01656 0.190339 -0.0358674 0.79213
1.52751 -1.4824 1.01284 0.186695 -0.0320717 0.790993
1.53203 -1.486 1.00913 0.183065 -0.0282898 0.789863
1.53653 -1.48959 1.00544 0.17945 -0.0245213 0.788737
1.54101 -1.49316 1.00176 0.175848 -0.0207657 0.787617
1.54548 -1.49672 0.998106 0.17226 -0.0170226 0.786502
1.54994 -1.50027 0.994463 0.168684 -0.0132915 0.785392
1.55438 -1.5038 0.990835 0.165121 -0.00957188 0.784287
1.5588 -1.50732 0.98722 0.16157 -0.00586335 0.783187
1.56321 -1.51083 0.983619 0.15803 -0.00216543 0.78209
1.56761 -1.51433 0.980031 0.1545 0.00152234 0.780998
1.57199 -1.51781 0.976455 0.150982 0.00520042 0.779911
1.57637 -1.52129 0.972891 0.147472 0.00886927 0.778826
1.58073 -1.52475 0.969338 0.143973 0.0125294 0.777746
1.58508 -1.5282 0.965795 0.140482 0.0161811 0.776669
1.58942 -1.53165 0.962262 0.136999 0.0198251 0.775595
1.59375 -1.53509 0.958739 0.133525 0.0234616 0.774524
1.59807 -1.53852 0.955224 0.130058 0.0270913 0.773457
1.60238 -1.54194 0.951718 0.126597 0.0307144 0.772391
1.60669 -1.54535 0.948219 0.123143 0.0343316 0.771329
1.61098 -1.54876 0.944727 0.119695 0.0379433 0.770268
1.61528 -1.55217 0.941242 0.116253 0.0415498 0.76921
1.61956 -1.55556 0.937762 0.112815 0.0451518 0.768154
1.62384 -1.55896 0.934287 0.109382 0.0487496 0.767099
1.62812 -1.56235 0.930818 0.105952 0.0523437 0.766046
1.63239 -1.56573 0.927352 0.102526 0.0559346 0.764994
1.63665 -1.56911 0.92389 0.0991033 0.0595227 0.763943
1.64092 -1.57249 0.92043 0.0956828 0.0631085 0.762894
1.64518 -1.57587 0.916974 0.0922643 0.0666925 0.761845
1.64944 -1.57924 0.913518 0.0888472 0.0702751 0.760796
1.6537 -1.58262 0.910064 0.0854312 0.0738567 0.759748
1.65796 -1.58599 0.906611 0.0820156 0.0774379 0.758701
1.66222 -1.58937 0.903157 0.0786 0.0810191 0.757653
1.66647 -1.59274 0.899705 0.0751854 0.0845994 0.756605
1.67073 -1.59611 0.896255 0.0717728 0.0881778 0.755559
1.67498 -1.59948 0.892809 0.0683631 0.0917535 0.754513
1.67922 -1.60284 0.889367 0.0649574 0.0953254 0.753469
1.68346 -1.6062 0.885931 0.0615566 0.0988928 0.752427
1.6877 -1.60955 0.882502 0.0581617 0.102455 0.751388
1.69192 -1.61289 0.879081 0.0547736 0.10601 0.750351
1.69614 -1.61623 0.87567 0.0513935 0.109558 0.749316
1.70034 -1.61956 0.872269 0.0480222 0.113098 0.748286
1.70453 -1.62287 0.86888 0.0446608 0.116628 0.747259
1.70871 -1.62617 0.865503 0.0413101 0.120148 0.746237
1.71288 -1.62947 0.862141 0.0379713 0.123658 0.745219
1.71702 -1.63274 0.858794 0.0346453 0.127155 0.744206
1.72116 -1.63601 0.855463 0.031333 0.130639 0.743198
1.72527 -1.63925 0.852149 0.0280355 0.13411 0.742196
1.72936 -1.64248 0.848854 0.0247538 0.137565 0.7412
1.73344 -1.64569 0.84558 0.0214888 0.141005 0.740211
1.73749 -1.64889 0.842326 0.0182415 0.144429 0.739229
1.74152 -1.65206 0.839094 0.0150129 0.147835 0.738254
1.74553 -1.65521 0.835885 0.011804 0.151222 0.737286
1.74951 -1.65834 0.832701 0.00861572 0.15459 0.736327
1.75346 -1.66145 0.829543 0.00544912 0.157938 0.735376
1.75739 -1.66453 0.826412 0.00230515 0.161264 0.734433
1.76128 -1.66758 0.823308 -0.000815201 0.164569 0.7335
1.76515 -1.67061 0.820234 -0.00391095 0.16785 0.732577
1.76899 -1.67362 0.81719 -0.00698112 0.171107 0.731663
1.77279 -1.67659 0.814177 -0.0100247 0.17434 0.73076
1.77656 -1.67953 0.811198 -0.0130407 0.177546 0.729867
1.78029 -1.68245 0.808252 -0.0160283 0.180726 0.728986
1.78399 -1.68533 0.805341 -0.0189862 0.183878 0.728116
1.78765 -1.68818 0.802466 -0.0219137 0.187002 0.727258
1.79128 -1.69099 0.799628 -0.0248097 0.190096 0.726412
1.79486 -1.69377 0.796827 -0.0276752 0.193161 0.725578
1.79841 -1.69652 0.794061 -0.0305111 0.196199 0.724755
1.80193 -1.69924 0.791328 -0.0333185 0.19921 0.723944
1.80541 -1.70193 0.788628 -0.0360984 0.202195 0.723143
1.80886 -1.70459 0.78596 -0.0388517 0.205155 0.722352
1.81227 -1.70723 0.783322 -0.0415794 0.208092 0.721572
1.81566 -1.70983 0.780713 -0.0442825 0.211005 0.720801
1.81902 -1.71242 0.778132 -0.046962 0.213896 0.720039
1.82235 -1.71497 0.775578 -0.0496188 0.216766 0.719286
1.82565 -1.71751 0.77305 -0.052254 0.219615 0.718542
1.82893 -1.72002 0.770546 -0.0548686 0.222445 0.717805
1.83219 -1.72251 0.768066 -0.0574634 0.225257 0.717076
1.83542 -1.72498 0.765607 -0.0600396 0.228051 0.716354
1.83863 -1.72743 0.76317 -0.062598 0.230828 0.71564
1.84182 -1.72987 0.760752 -0.0651397 0.23359 0.714931
1.84499 -1.73228 0.758353 -0.0676657 0.236337 0.714229
1.84814 -1.73468 0.755972 -0.0701769 0.239071 0.713533
1.85128 -1.73707 0.753607 -0.0726743 0.241791 0.712842
1.8544 -1.73944 0.751257 -0.075159 0.244499 0.712156
1.8575 -1.7418 0.748921 -0.0776318 0.247196 0.711474
1.86059 -1.74415 0.746598 -0.0800938 0.249884 0.710797
1.86367 -1.74649 0.744287 -0.0825459 0.252561 0.710123
1.86674 -1.74881 0.741986 -0.0849893 0.255231 0.709453
1.8698 -1.75113 0.739695 -0.0874247 0.257893 0.708786
1.87285 -1.75344 0.737411 -0.0898532 0.260549 0.708122
1.8759 -1.75575 0.735135 -0.0922759 0.263199 0.70746
1.87894 -1.75805 0.732864 -0.0946936 0.265845 0.7068
1.88197 -1.76034 0.730598 -0.0971074 0.268487 0.706141
1.885 -1.76264 0.728336 -0.0995182 0.271126 0.705484
1.88803 -1.76493 0.726076 -0.101927 0.273763 0.704827
1.89105 -1.76722 0.723817 -0.104335 0.276399 0.704171
1.89408 -1.76951 0.721558 -0.106743 0.279036 0.703515
1.8971 -1.7718 0.7193 -0.10915 0.281672 0.702859
1.90013 -1.77408 0.717043 -0.111557 0.284307 0.702203
1.90315 -1.77637 0.714787 -0.113962 0.28694 0.701548
1.90617 -1.77865 0.712534 -0.116364 0.289572 0.700894
1.90919 -1.78094 0.710284 -0.118765 0.292201 0.70024
1.9122 -1.78321 0.708038 -0.121163 0.294828 0.699588
1.91521 -1.78549 0.705795 -0.123557 0.297451 0.698937
1.91821 -1.78776 0.703557 -0.125947 0.300071 0.698288
1.92121 -1.79002 0.701325 -0.128333 0.302687 0.69764
1.92421 -1.79228 0.699098 -0.130713 0.305298 0.696994
1.92719 -1.79454 0.696877 -0.133089 0.307904 0.696351
1.93017 -1.79679 0.694664 -0.135458 0.310504 0.695709
1.93314 -1.79903 0.692458 -0.137821 0.313098 0.69507
1.93611 -1.80126 0.690261 -0.140178 0.315686 0.694434
1.93906 -1.80349 0.688072 -0.142526 0.318267 0.693801
1.942 -1.80571 0.685892 -0.144867 0.320841 0.693171
1.94494 -1.80791 0.683723 -0.1472 0.323407 0.692544
1.94786 -1.81011 0.681563 -0.149524 0.325964 0.69192
1.95077 -1.8123 0.679415 -0.151838 0.328513 0.6913
1.95367 -1.81448 0.677279 -0.154143 0.331052 0.690684
1.95656 -1.81665 0.675155 -0.156437 0.333582 0.690072
1.95943 -1.8188 0.673044 -0.15872 0.336102 0.689464
1.96229 -1.82095 0.670946 -0.160992 0.338611 0.688861
1.96514 -1.82308 0.668862 -0.163253 0.341109 0.688262
1.96797 -1.82519 0.666792 -0.165501 0.343595 0.687667
1.97078 -1.8273 0.664738 -0.167736 0.346069 0.687078
1.97358 -1.82939 0.6627 -0.169958 0.348531 0.686494
1.97636 -1.83146 0.660678 -0.172166 0.35098 0.685916
1.97913 -1.83352 0.658673 -0.17436 0.353416 0.685343
1.98188 -1.83556 0.656685 -0.176539 0.355838 0.684775
1.9846 -1.83759 0.654715 -0.178702 0.358245 0.684214
1.98731 -1.8396 0.652765 -0.180851 0.360638 0.683658
1.99 -1.84159 0.650832 -0.182983 0.363017 0.683109
1.99267 -1.84357 0.648916 -0.185101 0.365381 0.682565
1.99533 -1.84553 0.647018 -0.187205 0.367732 0.682027
1.99796 -1.84748 0.645136 -0.189295 0.370071 0.681494
2.00059 -1.84942 0.64327 -0.191372 0.372397 0.680967
2.00319 -1.85133 0.641418 -0.193436 0.37471 0.680444
2.00578 -1.85324 0.639582 -0.195488 0.377013 0.679926
2.00836 -1.85513 0.637759 -0.197527 0.379304 0.679413
2.01092 -1.85702 0.63595 -0.199556 0.381585 0.678904
2.01347 -1.85888 0.634154 -0.201574 0.383855 0.6784
2.016 -1.86074 0.63237 -0.203581 0.386116 0.677899
2.01853 -1.86259 0.630597 -0.205578 0.388368 0.677402
2.02104 -1.86443 0.628836 -0.207567 0.39061 0.676909
2.02354 -1.86626 0.627085 -0.209546 0.392845 0.676419
2.02604 -1.86808 0.625344 -0.211517 0.395072 0.675933
2.02852 -1.86989 0.623613 -0.21348 0.397291 0.675449
2.03099 -1.87169 0.62189 -0.215436 0.399503 0.674969
2.03346 -1.87349 0.620175 -0.217384 0.401709 0.674491
2.03591 -1.87527 0.618468 -0.219327 0.403909 0.674015
2.03836 -1.87706 0.616768 -0.221263 0.406103 0.673542
2.0408 -1.87883 0.615074 -0.223194 0.408293 0.673071
2.04324 -1.8806 0.613386 -0.225121 0.410477 0.672602
2.04567 -1.88237 0.611704 -0.227042 0.412658 0.672135
2.0481 -1.88413 0.610026 -0.22896 0.414835 0.671669
2.05052 -1.88589 0.608352 -0.230875 0.417008 0.671204
2.05294 -1.88765 0.606682 -0.232786 0.419179 0.670741
2.05536 -1.8894 0.605014 -0.234695 0.421348 0.670279
2.05777 -1.89115 0.603349 -0.236602 0.423514 0.669817
2.06018 -1.8929 0.601686 -0.238507 0.42568 0.669356
2.06259 -1.89465 0.600024 -0.240412 0.427844 0.668895
2.065 -1.89639 0.598362 -0.242316 0.430008 0.668435
2.06741 -1.89814 0.5967 -0.24422 0.432172 0.667974
2.06982 -1.89989 0.59504 -0.246123 0.434335 0.667514
2.07223 -1.90163 0.593382 -0.248024 0.436496 0.667055
2.07463 -1.90337 0.591727 -0.249922 0.438655 0.666596
2.07703 -1.90511 0.590077 -0.251816 0.440809 0.66614
2.07942 -1.90684 0.588433 -0.253706 0.442959 0.665685
2.08181 -1.90856 0.586796 -0.255589 0.445104 0.665232
2.08418 -1.91028 0.585167 -0.257466 0.447242 0.664783
2.08655 -1.91199 0.583548 -0.259334 0.449373 0.664336
2.0889 -1.91369 0.581939 -0.261194 0.451495 0.663893
2.09125 -1.91538 0.580341 -0.263044 0.453608 0.663453
2.09358 -1.91706 0.578757 -0.264883 0.455711 0.663018
2.09589 -1.91872 0.577186 -0.26671 0.457803 0.662587
2.0982 -1.92037 0.57563 -0.268525 0.459883 0.662161
2.10048 -1.92201 0.574091 -0.270325 0.46195 0.661741
2.10274 -1.92363 0.57257 -0.272111 0.464003 0.661327
2.10499 -1.92523 0.571067 -0.273881 0.466042 0.660918
2.10722 -1.92682 0.569584 -0.275635 0.468065 0.660516
2.10942 -1.92838 0.568122 -0.277371 0.470071 0.660121
2.1116 -1.92993 0.566682 -0.279088 0.472059 0.659733
2.11376 -1.93146 0.565265 -0.280785 0.47403 0.659353
2.11589 -1.93296 0.563873 -0.282462 0.47598 0.658981
2.118 -1.93444 0.562506 -0.284117 0.477911 0.658617
2.12007 -1.93589 0.561167 -0.285749 0.47982 0.658262
2.12212 -1.93732 0.559855 -0.287358 0.481707 0.657916
2.12414 -1.93872 0.558573 -0.288942 0.483571 0.65758
2.12613 -1.9401 0.557321 -0.290501 0.485411 0.657254
2.12809 -1.94145 0.5561 -0.292033 0.487226 0.656938
2.13001 -1.94276 0.554912 -0.293537 0.489016 0.656632
2.13189 -1.94405 0.553758 -0.295013 0.490778 0.656338
2.13374 -1.94531 0.552639 -0.29646 0.492513 0.656055
2.13556 -1.94653 0.551556 -0.297876 0.494219 0.655785
2.13733 -1.94772 0.55051 -0.29926 0.495896 0.655526
2.13907 -1.94887 0.549501 -0.300614 0.497544 0.655279
2.14077 -1.95 0.548526 -0.301939 0.499165 0.655044
2.14244 -1.95109 0.547585 -0.303234 0.500758 0.65482
2.14407 -1.95215 0.546677 -0.304503 0.502326 0.654606
2.14567 -1.95319 0.545801 -0.305744 0.503869 0.654403
2.14724 -1.95419 0.544955 -0.306961 0.505388 0.65421
2.14878 -1.95517 0.544138 -0.308152 0.506884 0.654026
2.15029 -1.95613 0.543349 -0.30932 0.508358 0.653851
2.15177 -1.95706 0.542587 -0.310465 0.50981 0.653686
2.15322 -1.95797 0.54185 -0.311589 0.511243 0.653528
2.15465 -1.95885 0.541138 -0.312692 0.512655 0.653379
2.15606 -1.95972 0.540449 -0.313775 0.51405 0.653237
2.15744 -1.96056 0.539783 -0.31484 0.515427 0.653103
2.15881 -1.96139 0.539137 -0.315887 0.516787 0.652976
2.16015 -1.96219 0.538512 -0.316917 0.518131 0.652855
2.16147 -1.96298 0.537905 -0.317931 0.519461 0.65274
2.16277 -1.96376 0.537315 -0.318931 0.520777 0.652631
2.16406 -1.96452 0.536742 -0.319917 0.52208 0.652527
2.16533 -1.96526 0.536184 -0.32089 0.523371 0.652428
2.16659 -1.96599 0.53564 -0.321851 0.524651 0.652334
2.16783 -1.96672 0.535109 -0.322802 0.525921 0.652244
2.16907 -1.96743 0.534589 -0.323742 0.527182 0.652158
2.17029 -1.96813 0.53408 -0.324674 0.528434 0.652075
2.1715 -1.96882 0.53358 -0.325598 0.529679 0.651995
2.1727 -1.9695 0.533089 -0.326515 0.530917 0.651918
2.1739 -1.97018 0.532604 -0.327426 0.53215 0.651843
2.17509 -1.97086 0.532126 -0.328332 0.533379 0.651771
2.17627 -1.97153 0.531652 -0.329235 0.534603 0.651699
2.17745 -1.97219 0.531181 -0.330134 0.535825 0.651629
2.17863 -1.97286 0.530713 -0.331031 0.537045 0.65156
2.17981 -1.97352 0.530246 -0.331928 0.538264 0.651491
2.18099 -1.97418 0.529779 -0.332824 0.539483 0.651422
2.18217 -1.97484 0.529312 -0.33372 0.540702 0.651353
2.18334 -1.97551 0.528845 -0.334617 0.541921 0.651284
2.18452 -1.97617 0.528378 -0.335513 0.54314 0.651215
2.1857 -1.97683 0.527911 -0.336409 0.54436 0.651146
2.18688 -1.9775 0.527444 -0.337305 0.545579 0.651077
2.18806 -1.97816 0.526977 -0.338202 0.546798 0.651008
2.18923 -1.97882 0.52651 -0.339098 0.548017 0.650939
2.19041 -1.97948 0.526043 -0.339994 0.549236 0.65087
2.19159 -1.98015 0.525575 -0.340891 0.550455 0.650801
2.19277 -1.98081 0.525108 -0.341787 0.551674 0.650732
2.19394 -1.98147 0.524641 -0.342683 0.552893 0.650663
2.19512 -1.98214 0.524174 -0.34358 0.554112 0.650594
2.1963 -1.9828 0.523707 -0.344476 0.555331 0.650525
2.19748 -1.98346 0.52324 -0.345372 0.55655 0.650456
2.19866 -1.98413 0.522773 -0.346269 0.557769 0.650387
2.19983 -1.98479 0.522306 -0.347165 0.558988 0.650318
2.20101 -1.98545 0.521839 -0.348061 0.560208 0.650249
2.20219 -1.98611 0.521372 -0.348958 0.561427 0.65018
2.20337 -1.98678 0.520905 -0.349854 0.562646 0.650111
2.20454 -1.98744 0.520438 -0.35075 0.563865 0.650042
2.20572 -1.9881 0.519971 -0.351647 0.565084 0.649973
2.2069 -1.98877 0.519504 -0.352543 0.566303 0.649904
2.20808 -1.98943 0.519037 -0.353439 0.567522 0.649835
2.20926 -1.99009 0.51857 -0.354336 0.568741 0.649766
2.21043 -1.99075 0.518103 -0.355232 0.56996 0.649697
2.21161 -1.99142 0.517636 -0.356128 0.571179 0.649628
2.21279 -1.99208 0.517169 -0.357025 0.572398 0.649559
2.21397 -1.99274 0.516702 -0.357921 0.573617 0.64949
2.21514 -1.99341 0.516235 -0.358817 0.574836 0.649421
2.21632 -1.99407 0.515768 -0.359714 0.576056 0.649352
2.2175 -1.99473 0.515301 -0.36061 0.577275 0.649283
2.21868 -1.99539 0.514834 -0.361506 0.578494 0.649214
2.21986 -1.99606 0.514367 -0.362403 0.579713 0.649145
2.22103 -1.99672 0.5139 -0.363299 0.580932 0.649076
2.22221 -1.99738 0.513433 -0.364195 0.582151 0.649007
2.22339 -1.99805 0.512966 -0.365092 0.58337 0.648938
2.22457 -1.99871 0.512498 -0.365988 0.584589 0.648869
2.22574 -1.99937 0.512031 -0.366884 0.585808 0.6488
2.22692 -2.00003 0.511564 -0.367781 0.587027 0.648731
2.2281 -2.0007 0.511097 -0.368677 0.588246 0.648662
2.22928 -2.00136 0.51063 -0.369573 0.589465 0.648594
2.23046 -2.00202 0.510163 -0.37047 0.590684 0.648525
2.23163 -2.00269 0.509696 -0.371366 0.591904 0.648456
2.23281 -2.00335 0.509229 -0.372262 0.593123 0.648387
2.23399 -2.00401 0.508762 -0.373159 0.594342 0.648318
2.23517 -2.00468 0.508295 -0.374055 0.595561 0.648249
2.23634 -2.00534 0.507828 -0.374951 0.59678 0.64818
2.23752 -2.006 0.507361 -0.375848 0.597999 0.648111
2.2387 -2.00666 0.506894 -0.376744 0.599218 0.648042
2.23988 -2.00733 0.506427 -0.37764 0.600437 0.647973
2.24106 -2.00799 0.50596 -0.378537 0.601656 0.647904
2.24223 -2.00865 0.505493 -0.379433 0.602875 0.647835
2.24341 -2.00932 0.505026 -0.380329 0.604094 0.647766
2.24459 -2.00998 0.504559 -0.381226 0.605313 0.647697
2.24577 -2.01064 0.504092 -0.382122 0.606532 0.647628
2.24694 -2.0113 0.503625 -0.383018 0.607752 0.647559
2.24812 -2.01197 0.503158 -0.383915 0.608971 0.64749
2.2493 -2.01263 0.502691 -0.384811 0.61019 0.647421
2.25048 -2.01329 0.502224 -0.385707 0.611409 0.647352
2.25166 -2.01396 0.501757 -0.386604 0.612628 0.647283
2.25283 -2.01462 0.50129 -0.3875 0.613847 0.647214
2.25401 -2.01528 0.500823 -0.388396 0.615066 0.647145
2.25519 -2.01594 0.500356 -0.389293 0.616285 0.647076
2.25637 -2.01661 0.499889 -0.390189 0.617504 0.647007
2.25754 -2.01727 0.499422 -0.391085 0.618723 0.646938
2.25872 -2.01793 0.498957 -0.391979 0.619939 0.64687
2.25989 -2.01859 0.498494 -0.392872 0.621154 0.646802
2.26106 -2.01925 0.498033 -0.393762 0.622366 0.646734
2.26223 -2.0199 0.497575 -0.394649 0.623575 0.646668
2.26339 -2.02055 0.497121 -0.395533 0.624779 0.646602
2.26454 -2.02119 0.496671 -0.396412 0.625978 0.646538
2.26569 -2.02183 0.496226 -0.397287 0.627171 0.646475
2.26683 -2.02247 0.495787 -0.398156 0.628358 0.646414
2.26796 -2.02309 0.495354 -0.399019 0.629537 0.646354
2.26908 -2.02371 0.494928 -0.399875 0.630709 0.646296
2.27019 -2.02432 0.494509 -0.400724 0.631872 0.64624
2.27129 -2.02493 0.494099 -0.401565 0.633026 0.646187
2.27238 -2.02552 0.493697 -0.402398 0.63417 0.646135
2.27346 -2.02611 0.493304 -0.403221 0.635303 0.646087
2.27452 -2.02668 0.492921 -0.404035 0.636425 0.646041
2.27557 -2.02724 0.492549 -0.404839 0.637535 0.645997
2.27661 -2.02779 0.492188 -0.405631 0.638631 0.645957
2.27763 -2.02833 0.491838 -0.406412 0.639714 0.64592
2.27863 -2.02886 0.491501 -0.407181 0.640783 0.645887
2.27961 -2.02937 0.491177 -0.407938 0.641837 0.645857
2.28058 -2.02987 0.490867 -0.40868 0.642875 0.64583
2.28152 -2.03035 0.49057 -0.409409 0.643896 0.645808
2.28245 -2.03082 0.490289 -0.410124 0.6449 0.645789
2.28335 -2.03127 0.490023 -0.410823 0.645887 0.645775
2.28423 -2.0317 0.489773 -0.411506 0.646854 0.645765
2.28509 -2.03211 0.48954 -0.412173 0.647803 0.64576
2.28593 -2.03251 0.489325 -0.412823 0.648731 0.645759
2.28674 -2.03289 0.489127 -0.413456 0.649639 0.645764
2.28753 -2.03325 0.488948 -0.41407 0.650525 0.645773
2.28829 -2.03359 0.488788 -0.414665 0.651389 0.645788
2.28902 -2.0339 0.488647 -0.415241 0.65223 0.645808
2.28973 -2.0342 0.488526 -0.415798 0.653049 0.645833
2.29041 -2.03448 0.488424 -0.416337 0.653846 0.645863
2.29107 -2.03474 0.488339 -0.416859 0.654623 0.645898
2.29171 -2.03498 0.488272 -0.417363 0.655379 0.645938
2.29232 -2.0352 0.488222 -0.417851 0.656116 0.645983
2.29291 -2.0354 0.488187 -0.418324 0.656835 0.646031
2.29348 -2.03559 0.488169 -0.418781 0.657536 0.646084
2.29403 -2.03577 0.488165 -0.419223 0.658219 0.646142
2.29455 -2.03592 0.488175 -0.419652 0.658886 0.646202
2.29507 -2.03607 0.488199 -0.420067 0.659537 0.646267
2.29556 -2.0362 0.488235 -0.420469 0.660174 0.646335
2.29604 -2.03631 0.488285 -0.42086 0.660795 0.646407
2.2965 -2.03642 0.488346 -0.421239 0.661404 0.646482
2.29694 -2.03651 0.488418 -0.421607 0.661999 0.646559
2.29737 -2.03659 0.4885 -0.421964 0.662582 0.64664
2.29779 -2.03666 0.488593 -0.422312 0.663154 0.646723
2.29819 -2.03673 0.488695 -0.422651 0.663715 0.646809
2.29859 -2.03678 0.488805 -0.422981 0.664266 0.646897
2.29897 -2.03682 0.488924 -0.423304 0.664808 0.646988
2.29934 -2.03686 0.48905 -0.423619 0.665341 0.64708
2.29971 -2.03689 0.489182 -0.423927 0.665866 0.647175
2.30006 -2.03691 0.489321 -0.42423 0.666384 0.647271
2.30041 -2.03692 0.489466 -0.424526 0.666896 0.647368
2.30075 -2.03693 0.489615 -0.424819 0.667402 0.647467
2.30108 -2.03694 0.489769 -0.425106 0.667903 0.647567
2.30141 -2.03694 0.489927 -0.425391 0.668399 0.647668
2.30174 -2.03694 0.490087 -0.425672 0.668892 0.64777
2.30206 -2.03694 0.49025 -0.42595 0.669383 0.647873
2.30238 -2.03693 0.490415 -0.426227 0.669871 0.647976
2.30269 -2.03693 0.490581 -0.426503 0.670357 0.648079
2.30301 -2.03692 0.490748 -0.426778 0.670843 0.648183
2.30333 -2.03691 0.490915 -0.427053 0.671329 0.648286
2.30364 -2.0369 0.491082 -0.427328 0.671815 0.64839
2.30396 -2.0369 0.491249 -0.427603 0.672301 0.648493
2.30428 -2.03689 0.491416 -0.427878 0.672786 0.648597
2.30459 -2.03688 0.491582 -0.428154 0.673272 0.6487
2.30491 -2.03688 0.491749 -0.428429 0.673758 0.648804
2.30523 -2.03687 0.491916 -0.428704 0.674244 0.648908
2.30554 -2.03686 0.492083 -0.428979 0.67473 0.649011
2.30586 -2.03685 0.49225 -0.429254 0.675216 0.649115
2.30618 -2.03685 0.492416 -0.429529 0.675702 0.649218
2.30649 -2.03684 0.492583 -0.429804 0.676187 0.649322
2.30681 -2.03683 0.49275 -0.430079 0.676673 0.649425
2.30713 -2.03682 0.492917 -0.430354 0.677159 0.649529
2.30744 -2.03682 0.493084 -0.430629 0.677645 0.649633
2.30776 -2.03681 0.49325 -0.430904 0.678131 0.649736
2.30808 -2.0368 0.493417 -0.43118 0.678617 0.64984
2.30839 -2.03679 0.493584 -0.431455 0.679103 0.649943
2.30871 -2.03679 0.493751 -0.43173 0.679588 0.650047
2.30903 -2.03678 0.493918 -0.432005 0.680074 0.65015
2.30934 -2.03677 0.494085 -0.43228 0.68056 0.650254
2.30966 -2.03676 0.494251 -0.432555 0.681046 0.650358
2.30998 -2.03676 0.494418 -0.43283 0.681532 0.650461
2.31029 -2.03675 0.494585 -0.433105 0.682018 0.650565
2.31061 -2.03674 0.494752 -0.43338 0.682504 0.650668
2.31093 -2.03673 0.494919 -0.433655 0.682989 0.650772
2.31124 -2.03673 0.495085 -0.43393 0.683475 0.650875
2.31156 -2.03672 0.495252 -0.434206 0.683961 0.650979
2.31188 -2.03671 0.495419 -0.434481 0.684447 0.651083
2.31219 -2.0367 0.495586 -0.434756 0.684933 0.651186
2.31251 -2.0367 0.495753 -0.435031 0.685419 0.65129
2.31283 -2.03669 0.495919 -0.435306 0.685905 0.651393
2.31314 -2.03668 0.496086 -0.435581 0.68639 0.651497
2.31346 -2.03667 0.496253 -0.435856 0.686876 0.6516
2.31378 -2.03667 0.49642 -0.436131 0.687362 0.651704
2.31409 -2.03666 0.496587 -0.436406 0.687848 0.651808
2.31441 -2.03665 0.496753 -0.436681 0.688334 0.651911
2.31473 -2.03664 0.49692 -0.436956 0.68882 0.652015
2.31504 -2.03664 0.497087 -0.437231 0.689305 0.652118
2.31536 -2.03663 0.497254 -0.437507 0.689791 0.652222
2.31568 -2.03662 0.497421 -0.437782 0.690277 0.652325
2.31599 -2.03661 0.497588 -0.438057 0.690763 0.652429
2.31631 -2.03661 0.497754 -0.438332 0.691249 0.652533
2.31663 -2.0366 0.497921 -0.438607 0.691735 0.652636
2.31694 -2.03659 0.498088 -0.438882 0.692221 0.65274
2.31726 -2.03659 0.498255 -0.439157 0.692706 0.652843
2.31758 -2.03658 0.498422 -0.439432 0.693192 0.652947
2.31789 -2.03657 0.498588 -0.439707 0.693678 0.65305
2.31821 -2.03656 0.498755 -0.439982 0.694164 0.653154
2.31853 -2.03656 0.498922 -0.440257 0.69465 0.653258
2.31884 -2.03655 0.499089 -0.440533 0.695136 0.653361
2.31916 -2.03654 0.499256 -0.440808 0.695622 0.653465
2.31948 -2.03653 0.499422 -0.441083 0.696107 0.653568
2.31979 -2.03653 0.499589 -0.441358 0.696593 0.653672
2.32011 -2.03652 0.499756 -0.441633 0.697079 0.653776
2.32043 -2.03651 0.499923 -0.441908 0.697565 0.653879
2.32074 -2.0365 0.50009 -0.442183 0.698051 0.653983
2.32106 -2.0365 0.500256 -0.442458 0.698537 0.654086
2.32138 -2.03649 0.500423 -0.442733 0.699023 0.65419
2.32169 -2.03648 0.50059 -0.443008 0.699508 0.654293
2.32201 -2.03647 0.500757 -0.443283 0.699994 0.654397
2.32233 -2.03647 0.500924 -0.443559 0.70048 0.654501
2.32264 -2.03646 0.501091 -0.443834 0.700966 0.654604
2.32296 -2.03645 0.501257 -0.444109 0.701452 0.654708
2.32328 -2.03644 0.501424 -0.444384 0.701938 0.654811
2.32359 -2.03644 0.501591 -0.444659 0.702424 0.654915
2.32391 -2.03643 0.501758 -0.444934 0.702909 0.655018
2.32423 -2.03642 0.501925 -0.445209 0.703395 0.655122
2.32454 -2.03641 0.502091 -0.445484 0.703881 0.655226
2.32486 -2.03641 0.502258 -0.445759 0.704367 0.655329
2.32518 -2.0364 0.502425 -0.446034 0.704853 0.655433
2.32549 -2.03639 0.502592 -0.446309 0.705339 0.655536
2.32581 -2.03638 0.502759 -0.446585 0.705825 0.65564
2.32613 -2.03638 0.502925 -0.44686 0.70631 0.655743
2.32644 -2.03637 0.503092 -0.447135 0.706796 0.655847
2.32676 -2.03636 0.503259 -0.44741 0.707282 0.655951
2.32708 -2.03635 0.503426 -0.447685 0.707768 0.656054
2.32739 -2.03635 0.503593 -0.44796 0.708254 0.656158
2.32771 -2.03634 0.503759 -0.448235 0.70874 0.656261
2.32803 -2.03633 0.503926 -0.44851 0.709226 0.656365
2.32834 -2.03632 0.504093 -0.448785 0.709711 0.656468
2.32866 -2.03632 0.50426 -0.44906 0.710197 0.656572
2.32898 -2.03631 0.504427 -0.449335 0.710683 0.656676
2.32929 -2.0363 0.504594 -0.44961 0.711169 0.656779
2.32961 -2.0363 0.50476 -0.449886 0.711655 0.656883
2.32993 -2.03629 0.504927 -0.450161 0.712141 0.656986
2.33024 -2.03628 0.505094 -0.450436 0.712627 0.65709
2.33056 -2.03627 0.505261 -0.450711 0.713112 0.657193
2.33088 -2.03627 0.505428 -0.450986 0.713598 0.657297
2.33119 -2.03626 0.505594 -0.451261 0.714084 0.657401
2.33151 -2.03625 0.505761 -0.451536 0.71457 0.657504
2.33183 -2.03624 0.505928 -0.451811 0.715056 0.657608
2.33214 -2.03624 0.506095 -0.452086 0.715542 0.657711
2.33246 -2.03623 0.506262 -0.452361 0.716028 0.657815
2.33278 -2.03622 0.506428 -0.452636 0.716513 0.657918
2.33309 -2.03621 0.506595 -0.452912 0.716999 0.658022
2.33341 -2.03621 0.506762 -0.453187 0.717485 0.658126
2.33373 -2.0362 0.506929 -0.453462 0.717971 0.658229
2.33404 -2.03619 0.507096 -0.453737 0.718457 0.658333
2.33436 -2.03618 0.507262 -0.454012 0.718943 0.658436
2.33468 -2.03618 0.507429 -0.454287 0.719429 0.65854
2.33499 -2.03617 0.507596 -0.454562 0.719914 0.658643
2.33531 -2.03616 0.507763 -0.454837 0.7204 0.658747
2.33563 -2.03615 0.50793 -0.455112 0.720886 0.658851
2.33594 -2.03615 0.508097 -0.455387 0.721372 0.658954
2.33626 -2.03614 0.508263 -0.455662 0.721858 0.659058
2.33658 -2.03613 0.50843 -0.455938 0.722344 0.659161
2.33689 -2.03612 0.508597 -0.456213 0.72283 0.659265
2.33721 -2.03612 0.508764 -0.456488 0.723315 0.659368
2.33753 -2.03611 0.508931 -0.456763 0.723801 0.659472
2.33784 -2.0361 0.509097 -0.457038 0.724287 0.659576
2.33816 -2.03609 0.509264 -0.457313 0.724773 0.659679
2.33848 -2.03609 0.509431 -0.457588 0.725259 0.659783
2.33879 -2.03608 0.509598 -0.457863 0.725745 0.659886
2.33911 -2.03607 0.509765 -0.458138 0.726231 0.65999
2.33943 -2.03606 0.509931 -0.458413 0.726716 0.660093
2.33974 -2.03606 0.510098 -0.458688 0.727202 0.660197
2.34006 -2.03605 0.510265 -0.458963 0.727688 0.660301
2.34038 -2.03604 0.510432 -0.459239 0.728174 0.660404
2.34069 -2.03603 0.510599 -0.459514 0.72866 0.660508
2.34101 -2.03603 0.510765 -0.459789 0.729146 0.660611
2.34133 -2.03602 0.510932 -0.460064 0.729632 0.660715
2.34164 -2.03601 0.511099 -0.460339 0.730117 0.660818
2.34196 -2.03601 0.511266 -0.460614 0.730603 0.660922
2.34228 -2.036 0.511433 -0.460889 0.731089 0.661026
2.34259 -2.03599 0.5116 -0.461164 0.731575 0.661129
2.34291 -2.03598 0.511766 -0.461439 0.732061 0.661233
2.34323 -2.03598 0.511933 -0.461714 0.732547 0.661336
2.34354 -2.03597 0.5121 -0.461989 0.733032 0.66144
2.34386 -2.03596 0.512267 -0.462265 0.733518 0.661543
2.34418 -2.03595 0.512434 -0.46254 0.734005 0.661647
2.3445 -2.03594 0.512602 -0.462818 0.734493 0.661751
2.34482 -2.03594 0.512772 -0.463097 0.734984 0.661856
2.34514 -2.03593 0.512943 -0.463379 0.735479 0.661961
2.34546 -2.03591 0.513116 -0.463665 0.735977 0.662067
2.34578 -2.0359 0.513292 -0.463955 0.736481 0.662174
2.34611 -2.03589 0.513471 -0.46425 0.736991 0.662283
2.34644 -2.03587 0.513653 -0.464551 0.737508 0.662392
2.34678 -2.03585 0.513839 -0.464858 0.738032 0.662504
2.34712 -2.03583 0.514029 -0.465172 0.738565 0.662616
2.34746 -2.0358 0.514225 -0.465494 0.739107 0.662731
2.34781 -2.03577 0.514425 -0.465825 0.739659 0.662848
2.34816 -2.03574 0.514631 -0.466165 0.740223 0.662967
2.34852 -2.0357 0.514843 -0.466515 0.740798 0.663088
2.34889 -2.03566 0.515061 -0.466876 0.741386 0.663212
2.34926 -2.03562 0.515287 -0.467248 0.741988 0.663339
2.34964 -2.03557 0.515519 -0.467632 0.742605 0.663468
2.35003 -2.03552 0.51576 -0.468029 0.743236 0.663601
2.35042 -2.03546 0.516008 -0.468439 0.743884 0.663737
2.35082 -2.03539 0.516265 -0.468864 0.744549 0.663876
2.35123 -2.03532 0.516531 -0.469304 0.745232 0.664018
2.35165 -2.03525 0.516807 -0.469759 0.745934 0.664165
2.35208 -2.03516 0.517092 -0.470231 0.746655 0.664315
2.35252 -2.03507 0.517388 -0.47072 0.747397 0.66447
2.35297 -2.03498 0.517695 -0.471227 0.74816 0.664628
2.35343 -2.03487 0.518013 -0.471752 0.748945 0.664791
2.3539 -2.03476 0.518342 -0.472297 0.749754 0.664959
2.35438 -2.03465 0.518683 -0.472862 0.750586 0.665131
2.35487 -2.03452 0.519037 -0.473447 0.751443 0.665308
2.35538 -2.03439 0.519404 -0.474053 0.752326 0.665491
2.3559 -2.03424 0.519784 -0.474682 0.753235 0.665678
2.35643 -2.03409 0.520178 -0.475334 0.754171 0.665871
2.35697 -2.03393 0.520585 -0.476007 0.755134 0.66607
2.35753 -2.03376 0.521005 -0.476702 0.756122 0.666273
2.3581 -2.03359 0.521438 -0.477418 0.757135 0.666481
2.35868 -2.0334 0.521882 -0.478154 0.758172 0.666694
2.35927 -2.03321 0.522339 -0.478908 0.759232 0.666912
2.35987 -2.03301 0.522806 -0.479682 0.760314 0.667134
2.36048 -2.03281 0.523284 -0.480473 0.761418 0.66736
2.3611 -2.0326 0.523773 -0.481282 0.762542 0.66759
2.36173 -2.03238 0.524271 -0.482106 0.763685 0.667824
2.36237 -2.03216 0.524779 -0.482947 0.764848 0.668062
2.36302 -2.03193 0.525296 -0.483802 0.766028 0.668304
2.36367 -2.03169 0.525821 -0.484672 0.767225 0.668549
2.36434 -2.03145 0.526355 -0.485555 0.768439 0.668797
2.36501 -2.03121 0.526896 -0.486451 0.769668 0.669048
2.36569 -2.03096 0.527445 -0.487359 0.770911 0.669302
2.36637 -2.0307 0.528 -0.488279 0.772169 0.669559
2.36706 -2.03045 0.528562 -0.489209 0.773438 0.669818
2.36776 -2.03018 0.52913 -0.490149 0.77472 0.670079
2.36846 -2.02992 0.529704 -0.491099 0.776013 0.670343
2.36917 -2.02965 0.530283 -0.492057 0.777316 0.670609
2.36988 -2.02938 0.530866 -0.493023 0.778629 0.670877
2.37059 -2.0291 0.531454 -0.493996 0.77995 0.671146
2.37131 -2.02883 0.532046 -0.494976 0.781279 0.671417
2.37203 -2.02855 0.532641 -0.495961 0.782614 0.671689
2.37276 -2.02827 0.533239 -0.496951 0.783956 0.671963
2.37348 -2.02799 0.53384 -0.497945 0.785302 0.672237
2.37421 -2.0277 0.534443 -0.498943 0.786653 0.672513
2.37494 -2.02742 0.535047 -0.499944 0.788008 0.672789
2.37568 -2.02713 0.535653 -0.500947 0.789365 0.673065
2.37641 -2.02684 0.53626 -0.501952 0.790723 0.673342
2.37714 -2.02656 0.536867 -0.502957 0.792083 0.673619
2.37788 -2.02627 0.537474 -0.503962 0.793442 0.673896
2.37861 -2.02598 0.538082 -0.504968 0.794803 0.674173
2.37935 -2.0257 0.538692 -0.505978 0.796168 0.674452
2.38008 -2.02541 0.539304 -0.506992 0.797538 0.674731
2.38082 -2.02511 0.53992 -0.508011 0.798914 0.675011
2.38157 -2.02482 0.54054 -0.509037 0.800299 0.675293
2.38232 -2.02452 0.541165 -0.510073 0.801695 0.675577
2.38308 -2.02422 0.541796 -0.511118 0.803102 0.675864
2.38384 -2.02391 0.542434 -0.512174 0.804523 0.676153
2.38461 -2.0236 0.54308 -0.513243 0.805959 0.676445
2.38539 -2.02328 0.543735 -0.514327 0.807412 0.676741
2.38617 -2.02296 0.544399 -0.515426 0.808884 0.67704
2.38697 -2.02263 0.545073 -0.516543 0.810377 0.677344
2.38778 -2.0223 0.545758 -0.517677 0.811892 0.677652
2.3886 -2.02195 0.546456 -0.518832 0.81343 0.677964
2.38943 -2.0216 0.547166 -0.520009 0.814994 0.678282
2.39027 -2.02124 0.54789 -0.521208 0.816586 0.678605
2.39113 -2.02087 0.548629 -0.522431 0.818206 0.678934
2.392 -2.02049 0.549383 -0.52368 0.819858 0.679269
2.39289 -2.0201 0.550154 -0.524956 0.821541 0.67961
2.39379 -2.0197 0.550942 -0.526261 0.823259 0.679958
2.39471 -2.01929 0.551747 -0.527595 0.825013 0.680314
2.39565 -2.01886 0.552572 -0.528961 0.826804 0.680676
2.39661 -2.01842 0.553417 -0.53036 0.828634 0.681047
2.39759 -2.01797 0.554282 -0.531793 0.830506 0.681426
2.39859 -2.01751 0.555169 -0.533261 0.83242 0.681813
2.39961 -2.01703 0.556078 -0.534767 0.834378 0.682209
2.40065 -2.01654 0.55701 -0.536311 0.836382 0.682614
2.40171 -2.01603 0.557966 -0.537895 0.838435 0.683028
2.4028 -2.01551 0.558947 -0.53952 0.840536 0.683453
2.40391 -2.01497 0.559955 -0.541188 0.842689 0.683887
2.40505 -2.01441 0.560988 -0.542901 0.844895 0.684332
2.40621 -2.01383 0.56205 -0.544659 0.847155 0.684788
2.4074 -2.01324 0.563137 -0.546461 0.849469 0.685255
2.40861 -2.01264 0.564251 -0.548306 0.851833 0.685731
2.40984 -2.01201 0.56539 -0.550192 0.854247 0.686218
2.4111 -2.01137 0.566553 -0.552119 0.856709 0.686714
2.41238 -2.01072 0.567739 -0.554083 0.859217 0.687219
2.41369 -2.01005 0.568947 -0.556085 0.861769 0.687732
2.41501 -2.00937 0.570177 -0.558123 0.864364 0.688255
2.41635 -2.00868 0.571427 -0.560194 0.866999 0.688785
2.41771 -2.00797 0.572698 -0.562299 0.869674 0.689323
2.41909 -2.00725 0.573987 -0.564435 0.872387 0.689869
2.42048 -2.00652 0.575294 -0.5666 0.875135 0.690422
2.4219 -2.00578 0.576618 -0.568795 0.877918 0.690981
2.42332 -2.00503 0.577959 -0.571016 0.880733 0.691547
2.42477 -2.00426 0.579315 -0.573263 0.883578 0.69212
2.42622 -2.00349 0.580686 -0.575535 0.886453 0.692697
2.42769 -2.00271 0.582071 -0.577829 0.889355 0.693281
2.42917 -2.00193 0.583468 -0.580144 0.892282 0.693869
2.43066 -2.00113 0.584878 -0.58248 0.895234 0.694462
2.43217 -2.00033 0.586299 -0.584834 0.898207 0.69506
2.43368 -1.99952 0.58773 -0.587205 0.901201 0.695661
2.4352 -1.9987 0.58917 -0.589592 0.904214 0.696267
2.43673 -1.99788 0.59062 -0.591993 0.907244 0.696875
2.43827 -1.99706 0.592076 -0.594407 0.910289 0.697487
2.43981 -1.99623 0.59354 -0.596832 0.913348 0.698102
2.44136 -1.99539 0.59501 -0.599267 0.916419 0.698718
2.44292 -1.99456 0.596485 -0.601711 0.9195 0.699337
2.44447 -1.99372 0.597964 -0.604162 0.92259 0.699958
2.44603 -1.99288 0.599447 -0.606619 0.925686 0.70058
2.4476 -1.99203 0.600932 -0.60908 0.928788 0.701203
2.44916 -1.99119 0.602419 -0.611544 0.931893 0.701826
2.45073 -1.99034 0.603907 -0.614009 0.934999 0.70245
2.4523 -1.9895 0.605395 -0.616474 0.938106 0.703074
2.45386 -1.98865 0.606883 -0.61894 0.941214 0.703698
2.45543 -1.98781 0.608372 -0.621407 0.944323 0.704323
2.457 -1.98696 0.609863 -0.623877 0.947435 0.704948
2.45857 -1.98611 0.611355 -0.626349 0.95055 0.705573
2.46014 -1.98526 0.612849 -0.628825 0.953669 0.7062
2.46172 -1.98441 0.614346 -0.631305 0.956794 0.706827
2.4633 -1.98356 0.615846 -0.633791 0.959925 0.707456
2.46488 -1.9827 0.617349 -0.636282 0.963062 0.708086
2.46646 -1.98185 0.618856 -0.638779 0.966207 0.708718
2.46805 -1.98099 0.620368 -0.641283 0.969361 0.709351
2.46964 -1.98012 0.621884 -0.643796 0.972524 0.709986
2.47124 -1.97926 0.623406 -0.646317 0.975697 0.710623
2.47285 -1.97839 0.624933 -0.648847 0.978881 0.711262
2.47445 -1.97751 0.626466 -0.651387 0.982077 0.711904
2.47607 -1.97664 0.628005 -0.653938 0.985287 0.712548
2.47769 -1.97575 0.629551 -0.6565 0.988509 0.713195
2.47932 -1.97487 0.631105 -0.659074 0.991746 0.713845
2.48096 -1.97398 0.632666 -0.661661 0.994999 0.714498
2.4826 -1.97308 0.634236 -0.664262 0.998268 0.715154
2.48425 -1.97218 0.635814 -0.666877 1.00155 0.715814
2.48591 -1.97127 0.637401 -0.669507 1.00486 0.716477
2.48758 -1.97035 0.638998 -0.672152 1.00818 0.717144
2.48926 -1.96943 0.640604 -0.674814 1.01152 0.717814
2.49095 -1.96851 0.642221 -0.677494 1.01488 0.718489
2.49265 -1.96757 0.643849 -0.68019 1.01827 0.719168
2.49436 -1.96663 0.645488 -0.682906 1.02167 0.719852
2.49608 -1.96568 0.647138 -0.685641 1.0251 0.720539
2.49781 -1.96473 0.648801 -0.688395 1.02856 0.721232
2.49955 -1.96376 0.650475 -0.691171 1.03203 0.72193
2.50131 -1.96279 0.652163 -0.693968 1.03554 0.722633
2.50308 -1.96181 0.653864 -0.696786 1.03907 0.72334
2.50486 -1.96082 0.655579 -0.699628 1.04263 0.724054
2.50665 -1.95983 0.657308 -0.702492 1.04621 0.724773
2.50846 -1.95882 0.659049 -0.705377 1.04982 0.725496
2.51027 -1.95781 0.660802 -0.708283 1.05345 0.726225
2.5121 -1.95679 0.662568 -0.711209 1.05711 0.726958
2.51394 -1.95576 0.664345 -0.714154 1.06079 0.727696
2.51579 -1.95472 0.666134 -0.717117 1.06449 0.728439
2.51766 -1.95368 0.667933 -0.720099 1.06822 0.729185
2.51953 -1.95263 0.669742 -0.723097 1.07196 0.729936
2.52141 -1.95157 0.671562 -0.726112 1.07573 0.73069
2.52329 -1.95051 0.673391 -0.729143 1.07951 0.731449
2.52519 -1.94945 0.675228 -0.732188 1.08331 0.73221
2.5271 -1.94837 0.677075 -0.735248 1.08713 0.732976
2.52901 -1.9473 0.67893 -0.738322 1.09096 0.733744
2.53093 -1.94621 0.680792 -0.741408 1.09481 0.734515
2.53286 -1.94513 0.682662 -0.744506 1.09868 0.73529
2.53479 -1.94403 0.684538 -0.747616 1.10256 0.736067
2.53673 -1.94294 0.686421 -0.750736 1.10645 0.736847
2.53868 -1.94184 0.68831 -0.753867 1.11035 0.737629
2.54063 -1.94074 0.690205 -0.757006 1.11426 0.738413
2.54259 -1.93963 0.692105 -0.760155 1.11819 0.739199
2.54455 -1.93852 0.694009 -0.763311 1.12212 0.739987
2.54651 -1.93741 0.695918 -0.766474 1.12606 0.740777
2.54848 -1.93629 0.697831 -0.769643 1.13001 0.741568
2.55045 -1.93518 0.699747 -0.772819 1.13397 0.742361
2.55243 -1.93406 0.701666 -0.775999 1.13793 0.743155
2.5544 -1.93294 0.703588 -0.779184 1.1419 0.743949
2.55638 -1.93182 0.705512 -0.782372 1.14587 0.744745
2.55836 -1.93069 0.707438 -0.785563 1.14985 0.745542
2.56035 -1.92957 0.709364 -0.788756 1.15382 0.746338
2.56233 -1.92845 0.711292 -0.791951 1.1578 0.747136
2.56431 -1.92732 0.71322 -0.795146 1.16178 0.747933
2.56629 -1.9262 0.715149 -0.798341 1.16576 0.74873
2.56828 -1.92507 0.717077 -0.801536 1.16974 0.749528
2.57026 -1.92395 0.719005 -0.804732 1.17372 0.750325
2.57224 -1.92283 0.720933 -0.807927 1.1777 0.751123
2.57423 -1.9217 0.722861 -0.811122 1.18168 0.75192
2.57621 -1.92058 0.72479 -0.814318 1.18566 0.752717
2.57819 -1.91945 0.726718 -0.817513 1.18964 0.753515
2.58017 -1.91833 0.728646 -0.820708 1.19363 0.754312
2.58216 -1.9172 0.730574 -0.823904 1.19761 0.75511
2.58414 -1.91608 0.732502 -0.827099 1.20159 0.755907
2.58612 -1.91496 0.734431 -0.830294 1.20557 0.756704
2.58811 -1.91383 0.736359 -0.833489 1.20955 0.757502
2.59009 -1.91271 0.738287 -0.836685 1.21353 0.758299
2.59207 -1.91158 0.740215 -0.83988 1.21751 0.759097
2.59406 -1.91046 0.742143 -0.843075 1.22149 0.759894
2.59604 -1.90933 0.744071 -0.846271 1.22547 0.760691
2.59802 -1.90821 0.746 -0.849466 1.22945 0.761489
2.6 -1.90709 0.747928 -0.852661 1.23343 0.762286
2.60199 -1.90596 0.749856 -0.855856 1.23741 0.763084
2.60397 -1.90484 0.751784 -0.859052 1.24139 0.763881
2.60595 -1.90371 0.753712 -0.862247 1.24537 0.764678
2.60794 -1.90259 0.755641 -0.865442 1.24935 0.765476
2.60992 -1.90146 0.757569 -0.868638 1.25333 0.766273
2.6119 -1.90034 0.759497 -0.871833 1.25731 0.767071
2.61389 -1.89922 0.761425 -0.875028 1.26129 0.767868
2.61587 -1.89809 0.763353 -0.878223 1.26527 0.768665
2.61785 -1.89697 0.765282 -0.881419 1.26925 0.769463
2.61983 -1.89584 0.76721 -0.884614 1.27323 0.77026
2.62182 -1.89472 0.769138 -0.887809 1.27721 0.771058
2.6238 -1.89359 0.771066 -0.891005 1.28119 0.771855
2.62578 -1.89247 0.772994 -0.8942 1.28517 0.772652
2.62777 -1.89135 0.774923 -0.897395 1.28915 0.77345
2.62975 -1.89022 0.776851 -0.900591 1.29313 0.774247
2.63173 -1.8891 0.778779 -0.903786 1.29711 0.775045
2.63371 -1.88797 0.780707 -0.906981 1.30109 0.775842
2.6357 -1.88685 0.782635 -0.910176 1.30507 0.776639
2.63768 -1.88572 0.784564 -0.913372 1.30905 0.777437
2.63966 -1.8846 0.786492 -0.916567 1.31303 0.778234
2.64165 -1.88348 0.78842 -0.919762 1.31701 0.779032
2.64363 -1.88235 0.790348 -0.922958 1.32099 0.779829
2.64561 -1.88123 0.792276 -0.926153 1.32497 0.780626
2.6476 -1.8801 0.794205 -0.929348 1.32895 0.781424
2.64958 -1.87898 0.796133 -0.932543 1.33294 0.782221
2.65156 -1.87785 0.798061 -0.935739 1.33692 0.783019
2.65354 -1.87673 0.799989 -0.938934 1.3409 0.783816
2.65553 -1.87561 0.801917 -0.942129 1.34488 0.784613
2.65751 -1.87448 0.803845 -0.945325 1.34886 0.785411
2.65949 -1.87336 0.805774 -0.94852 1.35284 0.786208
2.66148 -1.87223 0.807702 -0.951715 1.35682 0.787006
2.66346 -1.87111 0.80963 -0.95491 1.3608 0.787803
2.66544 -1.86998 0.811558 -0.958106 1.36478 0.7886
2.66743 -1.86886 0.813486 -0.961301 1.36876 0.789398
2.66941 -1.86774 0.815415 -0.964496 1.37274 0.790195
2.67139 -1.86661 0.817343 -0.967692 1.37672 0.790993
2.67337 -1.86549 0.819271 -0.970887 1.3807 0.79179
2.67536 -1.86436 0.821199 -0.974082 1.38468 0.792587
2.67734 -1.86324 0.823127 -0.977278 1.38866 0.793385
2.67932 -1.86211 0.825056 -0.980473 1.39264 0.794182
2.68131 -1.86099 0.826984 -0.983668 1.39662 0.79498
2.68329 -1.85987 0.828912 -0.986863 1.4006 0.795777
2.68527 -1.85874 0.83084 -0.990059 1.40458 0.796574
2.68726 -1.85762 0.832768 -0.993254 1.40856 0.797372
2.68924 -1.85649 0.834697 -0.996449 1.41254 0.798169
2.69122 -1.85537 0.836625 -0.999645 1.41652 0.798967
2.6932 -1.85424 0.838553 -1.00284 1.4205 0.799764
2.69519 -1.85312 0.840481 -1.00604 1.42448 0.800561
2.69717 -1.852 0.842409 -1.00923 1.42846 0.801359
2.69915 -1.85087 0.844338 -1.01243 1.43244 0.802156
2.70114 -1.84975 0.846266 -1.01562 1.43642 0.802954
2.70312 -1.84862 0.848194 -1.01882 1.4404 0.803751
2.7051 -1.8475 0.850122 -1.02201 1.44438 0.804548
2.70709 -1.84637 0.85205 -1.02521 1.44836 0.805346
2.70907 -1.84525 0.853979 -1.0284 1.45234 0.806143
2.71105 -1.84413 0.855907 -1.0316 1.45632 0.806941
2.71303 -1.843 0.857835 -1.03479 1.4603 0.807738
2.71502 -1.84188 0.859763 -1.03799 1.46428 0.808535
2.717 -1.84075 0.861691 -1.04118 1.46827 0.809333
2.71898 -1.83963 0.86362 -1.04438 1.47225 0.81013
2.72097 -1.8385 0.865548 -1.04757 1.47623 0.810928
2.72295 -1.83738 0.867476 -1.05077 1.48021 0.811725
2.72493 -1.83626 0.869404 -1.05396 1.48419 0.812522
2.72691 -1.83513 0.871332 -1.05716 1.48817 0.81332
2.7289 -1.83401 0.87326 -1.06036 1.49215 0.814117
2.73088 -1.83288 0.875189 -1.06355 1.49613 0.814914
2.73286 -1.83176 0.877117 -1.06675 1.50011 0.815712
2.73485 -1.83063 0.879045 -1.06994 1.50409 0.816509
2.73683 -1.82951 0.880973 -1.07314 1.50807 0.817307
2.73881 -1.82839 0.882901 -1.07633 1.51205 0.818104
2.7408 -1.82726 0.88483 -1.07953 1.51603 0.818901
2.74278 -1.82614 0.886758 -1.08272 1.52001 0.819699
2.74476 -1.82501 0.888686 -1.08592 1.52399 0.820496
2.74674 -1.82389 0.890614 -1.08911 1.52797 0.821294
2.74873 -1.82276 0.892542 -1.09231 1.53195 0.822091
2.75071 -1.82164 0.894471 -1.0955 1.53593 0.822888
2.75269 -1.82052 0.896399 -1.0987 1.53991 0.823686
2.75468 -1.81939 0.898327 -1.10189 1.54389 0.824483
2.75666 -1.81827 0.900255 -1.10509 1.54787 0.825281
2.75864 -1.81714 0.902183 -1.10828 1.55185 0.826078
2.76063 -1.81602 0.904112 -1.11148 1.55583 0.826875
2.76261 -1.81489 0.90604 -1.11468 1.55981 0.827673
2.76459 -1.81377 0.907968 -1.11787 1.56379 0.82847
2.76657 -1.81265 0.909896 -1.12107 1.56777 0.829268
2.76856 -1.81152 0.911824 -1.12426 1.57175 0.830065
2.77054 -1.8104 0.913753 -1.12746 1.57573 0.830862
2.77252 -1.80927 0.915681 -1.13065 1.57971 0.83166
2.77451 -1.80815 0.917609 -1.13385 1.58369 0.832457
2.77649 -1.80702 0.919537 -1.13704 1.58767 0.833255
2.77847 -1.8059 0.921465 -1.14024 1.59165 0.834052
2.78046 -1.80478 0.923394 -1.14343 1.59563 0.834849
2.78244 -1.80365 0.925322 -1.14663 1.59961 0.835647
2.78442 -1.80253 0.92725 -1.14982 1.6036 0.836444
2.7864 -1.8014 0.929178 -1.15302 1.60758 0.837242
2.78839 -1.80028 0.931106 -1.15621 1.61156 0.838039
2.79037 -1.79915 0.933035 -1.15941 1.61554 0.838836
2.79235 -1.79803 0.934963 -1.1626 1.61952 0.839634
2.79434 -1.79691 0.936891 -1.1658 1.6235 0.840431
2.79632 -1.79578 0.938819 -1.16899 1.62748 0.841229
2.7983 -1.79466 0.940747 -1.17219 1.63146 0.842026
2.80029 -1.79353 0.942675 -1.17539 1.63544 0.842823
2.80227 -1.79241 0.944604 -1.17858 1.63942 0.843621
2.80425 -1.79128 0.946532 -1.18178 1.6434 0.844418
2.80623 -1.79016 0.94846 -1.18497 1.64738 0.845216
2.80822 -1.78904 0.950388 -1.18817 1.65136 0.846013
2.8102 -1.78791 0.952316 -1.19136 1.65534 0.84681
2.81218 -1.78679 0.954245 -1.19456 1.65932 0.847608
2.81417 -1.78566 0.956173 -1.19775 1.6633 0.848405
2.81615 -1.78454 0.958101 -1.20095 1.66728 0.849203
2.81813 -1.78341 0.960029 -1.20414 1.67126 0.85
2.82011 -1.78229 0.961957 -1.20734 1.67524 0.850797
2.8221 -1.78117 0.963886 -1.21053 1.67922 0.851595
2.82408 -1.78004 0.965814 -1.21373 1.6832 0.852392
2.82606 -1.77892 0.967742 -1.21692 1.68718 0.85319
2.82805 -1.77779 0.96967 -1.22012 1.69116 0.853987
2.83003 -1.77667 0.971598 -1.22331 1.69514 0.854784
2.83201 -1.77554 0.973527 -1.22651 1.69912 0.855582
2.834 -1.77442 0.975455 -1.22971 1.7031 0.856379
2.83598 -1.7733 0.977383 -1.2329 1.70708 0.857177
2.83796 -1.77217 0.979311 -1.2361 1.71106 0.857974
2.83994 -1.77105 0.981239 -1.23929 1.71504 0.858771
2.84193 -1.76992 0.983168 -1.24249 1.71902 0.859569
2.84391 -1.7688 0.985096 -1.24568 1.723 0.860366
2.84589 -1.76767 0.987024 -1.24888 1.72698 0.861164
2.84788 -1.76655 0.988952 -1.25207 1.73096 0.861961
2.84986 -1.76543 0.99088 -1.25527 1.73494 0.862758
2.85184 -1.7643 0.992809 -1.25846 1.73893 0.863556
2.85383 -1.76318 0.994737 -1.26166 1.74291 0.864353
2.85581 -1.76205 0.996665 -1.26485 1.74689 0.865151
2.85779 -1.76093 0.998593 -1.26805 1.75087 0.865948
2.85977 -1.7598 1.00052 -1.27124 1.75485 0.866745
2.86176 -1.75868 1.00245 -1.27444 1.75883 0.867543
2.86374 -1.75756 1.00438 -1.27763 1.76281 0.86834
2.86572 -1.75643 1.00631 -1.28083 1.76679 0.869138
2.86771 -1.75531 1.00823 -1.28403 1.77077 0.869935
2.86969 -1.75418 1.01016 -1.28722 1.77475 0.870732
2.87167 -1.75306 1.01209 -1.29042 1.77873 0.87153
2.87366 -1.75193 1.01402 -1.29361 1.78271 0.872327
2.87564 -1.75081 1.01595 -1.29681 1.78669 0.873125
2.87762 -1.74969 1.01788 -1.3 1.79067 0.873922
2.8796 -1.74856 1.0198 -1.3032 1.79465 0.874719
2.88159 -1.74744 1.02173 -1.30639 1.79863 0.875517
